9671 1 3
1.110621
1.331290
1.282019
1.086079
1.417781
0.985676
1.117846
1.343999
1.177524
1.217552
1.341712
1.454455
1.500476
1.385825
1.599274
1.611909
1.515062
1.118676
1.390127
1.406018
1.117846
1.318882
1.351354
1.283724
1.255008
1.566821
1.437512
1.468805
1.487700
1.494244
1.796968
1.583735
1.560857
1.572399
1.890005
1.859683
1.810225
1.150952
1.161514
1.298875
1.273008
1.271144
1.371206
1.150952
1.210490
1.235112
1.450956
1.382315
1.371206
1.454648
1.482543
1.546005
1.653157
1.514898
1.584786
1.879202
1.560857
1.919082
1.679733
2.030951
1.963216
1.963216
1.885231
1.961263
2.044626
1.976107
1.161514
1.103802
1.359386
1.248614
1.131417
1.390127
1.579118
1.876139
1.486528
1.796968
1.767554
1.655118
1.587822
2.124467
2.034252
2.098478
2.098478
2.067180
1.957961
2.005391
1.545568
1.150737
1.248614
1.362358
1.327868
1.615352
1.443467
1.699183
1.628143
1.516294
1.395966
1.497225
1.699183
1.823514
1.870247
1.433679
1.606412
1.918572
2.021258
1.918572
1.612070
2.011761
1.713133
1.630674
1.963785
1.957961
2.161305
2.389495
2.012291
2.205839
2.049998
2.139313
1.394835
1.345287
1.406425
1.223499
1.535540
1.554710
1.799616
2.010003
1.471133
2.087264
2.218828
1.603441
1.935988
2.030951
1.667704
1.861333
1.765423
2.337817
2.277770
2.261491
2.355546
2.355546
2.328637
2.119627
2.140803
2.400241
2.183723
2.096635
2.054188
1.067495
1.176429
1.069291
1.421155
1.256175
1.103368
1.310137
1.362358
1.597055
1.780411
1.177743
1.799149
1.907602
1.723196
2.095106
2.123374
2.128752
2.128752
1.663014
2.179485
2.179485
2.366921
2.408364
1.765423
2.398094
2.096635
2.036101
1.978385
1.978385
2.173518
2.126664
1.187483
1.146477
1.050239
1.205641
1.508443
1.628143
1.208204
1.246587
1.912453
1.714817
1.955442
2.041134
1.595782
1.521786
1.603441
1.762833
2.261491
2.293800
2.198808
2.271501
2.348152
2.523562
2.337817
2.523562
2.355546
1.663759
1.631504
2.370143
2.389495
2.417538
1.940049
2.407305
1.940134
2.068586
1.178341
1.091379
1.149116
1.099297
1.152322
1.118068
1.141922
1.694811
1.463780
1.110538
1.463780
1.660554
1.587012
1.753074
1.699183
1.799149
1.163297
1.208639
1.292086
2.076342
1.531413
1.613859
1.698530
2.123374
2.429995
2.010003
2.509775
2.218828
1.607370
1.744635
1.767920
2.552367
1.645244
1.770301
2.703954
2.669879
2.400241
1.565058
2.563839
2.603981
1.758340
1.750487
1.637731
2.360874
2.505709
2.554558
2.027604
2.079786
1.875855
2.099059
1.940134
1.000210
1.355022
1.566918
1.384607
1.546221
1.730017
1.104027
1.138926
1.916858
1.295167
1.955442
1.699183
1.370057
1.436486
1.971471
1.436486
1.719631
2.562827
2.562827
2.403540
2.282973
2.310448
1.770301
2.523562
2.582543
2.365938
2.622185
2.656312
2.609011
2.622185
2.686134
2.370143
2.476663
2.154117
2.432363
2.554204
2.428701
2.027604
1.981943
2.366067
2.186270
1.976726
1.934509
1.203391
1.320399
1.080511
1.546221
1.046744
1.008103
1.753074
1.170258
2.210173
1.869979
1.285740
1.285740
2.207009
1.462398
1.530541
1.498488
1.613859
2.212631
2.261478
1.767920
2.509775
2.448582
2.911565
2.154117
2.523562
1.701560
2.461067
2.626366
2.518607
2.491726
1.588909
1.880299
2.440350
1.512878
1.854102
2.130791
2.845567
2.523165
1.725299
2.423540
2.424522
2.429997
2.551690
2.645432
2.304802
2.297876
2.431021
2.082603
1.915003
1.871599
1.061047
1.245733
1.254191
1.254191
1.010735
1.008103
1.914829
1.730017
1.630628
1.663288
1.882863
2.076580
2.076580
1.902950
1.142442
1.192291
2.082206
2.348218
1.462398
2.677877
1.869856
2.867345
2.656217
2.894559
1.828561
2.469701
2.309562
1.701560
2.640362
2.808368
2.335307
2.948329
2.686134
1.567941
2.027241
1.754288
2.476663
2.276038
2.497177
1.957881
2.730834
1.492989
1.718338
1.691404
1.843540
2.502838
2.294881
2.446824
1.958233
2.061993
1.899946
1.899946
1.112479
1.063242
1.184227
1.711930
1.566918
1.850769
1.850769
1.878274
2.103717
2.287709
1.867863
2.074343
1.837987
1.108319
1.179337
1.179337
2.475039
2.475039
2.304319
2.137306
2.076342
2.455413
1.314214
1.432329
1.463872
2.413481
1.809181
1.869856
2.586875
1.767920
1.894973
2.808368
2.676716
2.201095
2.542685
2.639771
2.815077
1.992067
2.551027
1.601287
1.503026
2.569157
1.550248
1.768030
2.483261
2.297876
2.497504
2.149228
0.991621
1.176651
1.196850
1.020262
1.041796
1.112479
1.265216
1.832099
1.642043
1.899180
2.075318
1.711930
1.776095
2.074343
1.776095
1.075426
2.475039
2.287109
2.287709
1.377084
1.266800
2.192881
1.377084
2.294259
2.294259
2.303740
1.612261
1.530541
1.708486
2.413494
1.715938
2.880857
2.900867
2.276038
1.615850
1.538745
2.542685
2.607683
1.500704
3.037357
2.690233
2.349613
2.760015
1.441872
2.641579
2.637323
1.957881
1.992067
1.574041
1.768030
2.633029
1.709680
2.502838
2.013090
2.252243
2.353596
2.396827
2.252243
2.353596
1.839045
2.374347
1.897884
2.040733
1.990117
1.892258
0.920684
1.063242
1.236684
1.236684
1.427593
1.316057
1.051267
1.749537
1.799064
1.437301
1.711967
1.758238
1.039379
1.012548
2.287109
2.103717
1.137934
2.281770
2.281770
1.348271
2.156649
2.552294
2.455413
2.475039
1.440861
2.321597
2.294259
2.472153
1.884188
2.954386
2.422118
1.831529
2.377611
2.796523
2.677230
1.499388
3.102232
2.731244
2.859567
3.051637
2.452419
2.197315
2.499763
1.750170
1.709680
2.461575
2.699916
2.511223
1.939219
2.416648
2.679202
2.374347
2.412474
2.075750
2.353596
2.208839
1.402011
1.244946
1.247494
1.254191
1.005054
1.707655
1.805425
1.107638
2.167223
2.358238
2.254556
2.169652
1.079739
2.424129
2.137306
2.552294
1.391904
1.348271
2.601342
1.477241
2.827533
2.677877
2.769194
1.550014
1.587322
1.832056
2.448405
2.448405
1.587322
2.964751
2.837663
2.898282
2.377611
2.365376
2.667924
2.758996
1.663424
2.445440
2.317113
1.470493
2.140499
2.005093
2.005093
2.714098
1.493191
2.739646
2.938282
2.917519
1.592528
1.732662
1.795447
2.687657
2.472167
2.473957
2.221313
1.995677
2.472167
1.233361
1.728440
1.988742
1.944678
1.920115
2.167223
1.079739
1.153106
2.358238
1.205215
1.360805
2.455413
2.142720
2.220492
1.538147
3.145474
1.976406
1.970691
1.962911
2.472153
2.501352
1.831529
1.929648
1.801612
1.994879
2.511816
2.167742
1.587916
3.068455
1.546251
2.484555
3.079385
2.334375
2.863675
2.625364
2.551027
1.537409
2.807558
2.935140
2.857066
3.004121
1.583233
2.719311
2.807558
2.697754
2.697754
2.618897
1.853778
1.853778
2.111546
2.288855
2.473957
2.428354
1.961999
2.053026
2.053026
1.069382
1.254261
1.320456
1.265216
1.324812
1.695031
1.685286
0.917733
0.982100
2.144770
2.312395
1.213295
2.488841
2.312395
2.519408
2.552294
2.259098
1.599971
1.448221
1.482907
1.520291
2.951347
2.843498
3.075248
2.032779
2.220492
2.222360
2.501352
1.508122
2.511816
2.511816
1.610539
2.028783
2.028783
3.055181
2.901919
3.055181
1.515615
1.745496
2.222360
2.495582
2.552189
1.588292
2.484555
2.024058
3.076887
1.992067
2.813155
2.708737
1.544215
1.570523
1.904761
1.840396
2.902132
3.026552
1.587900
1.689991
1.818167
1.765312
3.124068
2.799528
2.569774
1.823018
2.376004
2.319508
1.823018
1.965799
2.111546
1.015434
1.018492
1.135308
1.357890
1.569157
0.939175
2.004218
2.168302
1.924489
1.987938
2.358238
2.168302
1.045003
1.233616
1.233616
2.638219
1.261025
1.233616
2.567820
2.255984
2.109450
1.448354
1.333873
1.955134
1.556043
1.412730
2.055383
2.006433
1.520262
3.066865
3.154448
3.209238
1.656756
1.656756
1.538147
3.065243
2.679502
1.650165
2.361927
1.489828
1.595454
2.481594
2.430454
1.343808
1.497239
2.404576
1.458153
2.386157
2.350490
2.261409
1.578682
3.079385
1.470482
3.016167
2.798936
3.084719
1.570523
1.597307
2.706598
2.942867
1.491495
2.050431
2.121055
2.690484
1.549882
2.733534
2.895893
2.690484
1.761682
1.767547
1.853778
2.507566
2.688534
2.738119
1.951645
2.319508
1.823018
2.556020
1.018135
1.018135
1.024286
1.998974
1.924489
1.924489
2.377379
2.285734
2.567820
2.165394
1.448354
3.023858
3.018815
2.007562
3.108313
1.659054
2.880698
1.662110
1.681978
1.989308
1.907497
1.776342
1.908445
2.024494
1.954074
2.503284
2.469701
3.194353
3.238824
3.057105
2.234705
1.574970
2.552189
2.350490
1.573947
2.503284
2.863675
2.613508
1.456166
1.511953
3.105812
2.654486
2.951077
1.570523
3.088340
2.800689
2.105173
2.652143
2.876613
2.579316
1.633672
1.761682
2.642848
1.911642
2.418058
2.912358
2.412474
2.512781
2.330086
1.899324
2.574984
2.255596
2.181024
2.461861
2.461861
0.988853
0.951998
1.064557
1.029777
1.031840
1.250821
1.250772
1.250821
1.520671
1.827262
1.728440
0.983064
2.123919
2.454247
1.062983
1.062983
2.377379
2.176305
2.054806
2.166488
1.504297
2.007562
2.567820
1.541546
3.048648
3.286411
3.301113
2.504203
2.055383
1.908445
1.908445
3.230773
3.234897
2.091656
2.282263
1.626272
3.269587
2.234705
2.910557
2.980855
3.103160
1.604157
2.548665
2.200671
2.733035
3.203814
1.698606
1.597307
2.032632
2.824881
3.413257
2.657087
2.938435
1.603138
1.899776
2.915970
2.420057
1.889196
1.662505
2.915970
2.504224
2.576396
2.090636
1.839546
1.899324
2.348632
2.181024
2.310454
2.267989
2.556020
2.192142
0.972720
1.088180
1.202961
1.269249
0.956111
2.110686
1.999161
1.564327
1.589220
1.695031
1.811066
2.102878
2.189372
1.695031
1.139661
1.927667
1.927667
2.107449
2.280091
1.192708
1.895483
2.014376
3.199615
2.638219
1.608498
2.991107
3.138698
1.556043
2.991107
1.662110
1.908445
3.286411
1.989308
1.543185
1.730690
3.194353
3.238824
3.271638
1.688446
2.941911
2.837323
3.204565
2.562979
2.503284
1.688446
2.901840
1.491014
3.403429
2.481594
3.287583
3.084719
3.268566
3.403429
1.578682
1.642720
2.200671
2.217662
2.461159
3.399562
1.692852
2.259401
2.490635
1.603138
1.633672
3.205104
2.611096
1.662505
1.794598
3.022150
2.646244
2.799528
2.745210
2.432727
2.488359
2.418058
2.262868
2.026622
2.062801
2.432727
2.302765
1.924093
2.548527
2.524390
1.064536
1.172793
1.209319
1.686249
1.455250
1.343684
1.970825
1.754944
1.783736
1.916566
2.069430
2.123919
2.280091
2.457438
2.259098
1.368835
2.457438
2.290202
2.999198
1.617542
3.028279
3.278276
1.718733
2.214037
2.545516
3.252151
1.457834
3.252151
2.334375
2.278086
1.550681
2.276291
3.032602
2.259401
2.220772
1.570523
2.657087
3.124068
1.889196
1.791400
1.791400
1.863492
1.971260
2.952764
2.733883
2.512781
2.488359
2.085480
2.610616
1.755068
2.302765
2.580515
2.610616
2.470784
2.350309
1.064896
1.446066
1.833736
1.126928
1.168042
1.334027
1.211460
1.331688
1.350373
1.328341
1.341533
1.754944
1.870955
1.783736
1.632339
1.783736
2.309553
2.446952
1.670454
2.457438
1.456902
1.299701
1.401757
1.456902
2.360093
2.457438
2.222089
2.972516
3.138698
3.023858
2.662124
1.608498
1.706687
1.715680
2.014376
3.028279
2.826412
2.083507
2.296674
3.263309
3.190135
1.554698
3.522280
2.405937
1.562292
2.423273
2.545516
2.263838
1.583873
3.268566
2.374338
2.540674
2.864856
1.698606
1.698606
2.357231
2.384076
2.192519
3.193029
2.307258
2.144530
1.721938
1.700162
2.604871
3.169274
2.735397
2.667931
2.474803
2.645263
2.603543
2.439725
2.557216
2.460454
2.649168
2.698220
2.205217
2.084410
2.084410
2.455967
2.493165
2.330632
2.322872
1.064896
1.497997
2.137224
1.186690
1.334027
1.334027
2.201921
1.641051
1.083368
0.950077
2.218163
1.350373
2.235474
1.082648
1.218215
1.870955
1.753664
1.754944
1.919281
1.994647
2.186182
2.069430
1.139661
2.222089
2.457438
1.826108
2.686235
2.384631
1.929394
1.299701
3.101050
1.456902
1.608498
3.199615
3.138698
1.706687
1.648763
3.436946
3.301113
3.108313
2.907795
2.969392
2.115759
2.298581
3.175968
3.254195
1.715680
1.677163
3.237726
3.062759
1.662169
3.184892
3.177495
3.214834
1.600614
3.012804
2.837323
2.517624
3.363092
3.038867
2.303556
1.550681
3.148098
3.115556
2.691204
1.818776
2.895893
3.365121
2.471798
2.711375
2.020939
2.091560
2.307258
2.258275
2.140602
1.762553
2.159832
2.815323
2.735397
1.845484
2.023267
1.916062
1.845484
2.454334
2.231887
2.496428
2.299682
0.954442
1.041809
1.028639
1.061951
1.621605
1.013411
0.977104
1.045800
1.985085
0.933449
1.138176
1.125304
2.312797
1.334027
1.373791
1.580661
1.375646
2.110919
1.372015
1.449564
1.354020
1.384237
1.388585
1.680961
1.680961
2.284181
1.491150
1.527457
1.615703
1.538723
1.487084
1.388585
1.753664
2.026879
1.806899
1.967714
2.058337
1.856823
1.992975
1.962400
2.594769
1.355099
1.485597
2.418746
3.108614
1.848035
2.019580
2.844960
2.719628
1.485597
1.553882
3.132845
3.080868
3.172499
2.115759
2.768178
2.907795
3.141733
3.134561
2.907795
2.969392
3.522297
3.330297
2.521160
2.846584
3.075253
1.628603
1.659098
1.562292
2.524387
1.796830
1.687661
2.259401
1.692852
1.692852
3.096950
3.189416
3.094461
2.463240
2.086066
2.038764
3.501144
3.533345
3.044150
2.991681
2.597414
1.798741
1.683706
3.022150
1.821662
2.778018
2.989481
2.645263
2.159832
2.578679
2.506193
2.454334
2.480291
2.403915
2.327841
2.322872
2.330632
2.588403
2.223494
2.312535
2.251849
2.351900
0.929148
1.121121
0.920426
1.125304
1.138176
1.257077
1.241010
1.487084
1.384237
1.291798
2.515000
2.235474
1.414332
1.447923
1.373791
1.497418
1.478791
1.856823
1.938029
2.326966
2.614846
2.326966
2.996236
3.072713
3.134561
2.457438
3.108614
2.765118
1.671641
1.709418
3.466548
3.052322
3.261698
3.520157
2.019580
3.298402
3.283623
2.982751
2.880698
1.804128
1.804128
1.802918
3.522280
3.414026
3.414026
3.139840
3.166769
3.069336
3.078526
3.522297
2.941911
1.817665
2.429278
3.272498
1.710365
1.631889
2.504587
3.176163
1.652701
3.503865
3.271532
2.282191
2.507447
2.565595
2.558342
3.538983
3.399562
2.523359
1.798741
2.836639
3.128491
2.844824
1.672422
3.365121
2.258275
1.728297
2.903363
2.603753
2.989481
2.463246
2.812105
1.854615
2.989481
2.740434
2.176859
2.481281
2.403915
2.547431
1.411918
1.116046
1.530855
2.192981
2.117797
1.416713
1.384237
1.018211
1.125304
1.373791
1.218626
1.460399
1.497418
1.497418
1.487084
1.527457
1.372015
1.764265
1.702860
1.999729
1.910062
1.589149
1.450839
1.460399
2.186182
1.630150
1.810876
1.702860
1.901992
1.721113
2.058337
1.580228
1.754964
1.962727
3.307167
1.671641
3.187773
3.217572
3.239001
1.802918
3.520157
3.223542
2.907795
3.563022
3.181948
1.804128
3.391080
1.631889
3.396746
2.517624
3.279920
3.699121
3.503865
3.363468
3.193795
3.520283
3.633147
1.799861
3.193795
2.922632
3.045425
3.208276
3.189416
2.267993
1.873542
1.818776
2.287663
3.351652
2.258275
2.102907
2.443425
1.762553
2.815323
2.910968
2.502341
2.523946
2.523946
2.989481
2.464189
3.074846
1.862252
2.023267
2.163548
2.627844
2.645401
2.621645
2.394757
2.223494
2.350550
2.223494
2.625109
0.977160
0.977160
0.978806
1.385602
1.288181
1.750012
2.192981
1.116046
1.102681
1.275428
1.256717
1.101794
1.079341
1.206977
1.018211
1.102681
1.177696
1.106231
1.173573
1.354020
1.241010
1.343607
1.380873
1.265774
1.484774
1.373772
1.636258
1.527457
1.856823
1.355099
1.218215
2.058337
1.589149
1.764265
2.026879
1.974494
1.873467
1.938233
1.871405
1.545195
3.101050
2.326966
3.355463
3.259543
3.108614
1.860644
3.307167
1.822809
3.134561
1.851854
2.679240
3.024958
3.323482
2.982751
3.104826
3.117078
3.475712
3.307822
3.522297
3.279172
2.957095
3.130445
3.837710
3.351979
1.774344
1.917671
3.296567
2.952501
3.522280
3.557719
3.644592
1.759769
1.631889
3.051121
3.503865
3.131603
3.189277
3.127808
3.288098
3.299105
3.074040
1.833590
3.223578
2.046365
3.296212
2.034920
3.223889
3.165677
2.603753
2.473830
2.483801
2.740434
2.407327
1.938288
2.409852
2.361601
2.351900
2.389534
2.312535
2.521129
2.430918
2.216655
2.575027
2.000538
1.101794
2.287882
1.148073
1.100165
2.096666
1.161743
1.171131
1.947896
2.096666
1.800597
1.209056
1.243711
1.148073
1.297583
1.210138
1.278494
1.183922
1.183922
1.321396
1.230619
1.268509
1.365266
1.434860
1.515759
1.482181
1.764265
1.693366
2.635006
1.676322
2.124021
2.252877
2.033605
2.942871
1.601737
3.308342
3.307167
3.278050
1.822809
3.454119
3.469423
3.258455
3.744632
2.140261
3.125253
1.903491
2.266878
1.828740
3.818022
3.837710
2.957095
3.088168
2.296974
3.650720
1.733775
1.679535
1.834228
3.065689
1.668760
1.652701
2.392368
1.707574
3.633147
3.461850
3.526428
3.597308
2.303556
1.837043
3.487080
3.104925
3.264814
2.711375
2.523359
1.852766
2.241976
2.020645
3.451709
3.040385
3.441377
3.503346
3.118886
2.442503
2.340143
3.118886
1.761236
2.259279
2.281281
1.833550
2.197152
2.488374
2.353648
2.177637
2.535280
2.812105
2.391092
1.758635
2.281133
2.184604
2.713225
2.625109
2.575027
2.395739
0.901724
0.923613
1.079925
0.954890
1.096127
1.210138
1.079341
1.095046
2.448908
2.834437
2.511292
1.937385
1.345831
1.297583
1.322095
1.223167
1.265774
1.223167
1.151273
2.393264
1.450839
1.294764
1.482148
1.243711
1.634842
1.545195
1.871405
1.222151
1.222151
1.693366
1.380873
1.873467
1.546788
2.677978
1.938233
1.635444
1.557961
1.873467
1.938233
1.941441
3.307714
1.941441
2.252877
3.432810
3.655323
3.091282
1.907370
2.266878
3.329009
1.741083
3.655323
3.800501
1.890837
1.897786
3.274226
2.512352
2.979529
3.279172
2.566034
1.834072
3.279172
3.174695
3.189909
2.494364
2.296974
3.375213
1.866437
3.818022
3.160386
2.691466
2.705866
3.818022
3.684396
3.644592
1.733775
1.759769
1.759769
3.597308
1.978119
1.852426
2.564128
1.628603
1.803430
1.778458
3.800526
3.650720
1.894068
3.142070
1.884559
3.064157
3.526428
3.530174
3.757495
2.587899
1.805720
2.473298
3.001183
1.794859
1.794163
2.038500
2.038764
2.535889
2.440228
3.373748
1.784589
2.020645
3.053094
3.118886
3.251690
2.046365
1.746285
1.910289
2.020387
2.910968
2.259279
1.833550
3.170702
1.761236
2.688936
2.793911
2.910968
1.885838
2.485640
2.661662
2.661662
2.391092
2.244341
2.389534
2.556623
2.760802
2.184576
0.980657
0.994240
0.994240
0.976334
1.972540
1.956149
1.084148
1.708673
2.241921
1.050755
2.265763
2.287882
1.071312
1.040173
1.947537
1.947732
1.341175
1.250682
1.177696
1.804596
1.382367
1.223167
1.533689
1.570614
1.261334
1.482181
1.514894
1.394713
1.382481
1.482181
1.846743
1.871405
2.118711
1.916730
1.531453
1.457278
1.394488
1.666026
2.124021
2.124021
1.860644
1.515759
1.417055
1.551764
3.048275
3.038997
1.448506
1.676322
3.208169
3.351712
3.170513
3.214620
1.635444
3.048858
1.672210
3.223542
3.239001
3.562366
1.635444
1.897786
3.858780
3.503075
4.078102
3.503075
3.503075
1.729344
1.809170
1.815742
1.833746
1.833746
1.793061
3.061951
3.504185
3.423471
3.537010
3.699121
3.578583
3.650720
3.294079
3.265798
1.826076
3.896513
3.498825
2.341050
3.142829
2.327142
1.835708
3.652061
3.213219
2.936374
3.148901
2.936208
1.794163
3.053094
3.466907
1.895526
1.894060
1.862460
2.621139
2.411945
2.872690
2.699887
3.219021
3.219021
2.096080
2.449634
2.818223
2.780474
2.601583
2.780474
1.758635
2.624471
2.529507
1.938288
2.854951
2.705973
2.479994
2.805980
2.178119
2.115305
2.184735
0.915165
0.980657
2.265213
2.205936
2.181079
1.742829
1.663534
2.208937
2.393264
1.206434
1.157062
1.000757
1.399714
1.383863
1.196381
1.222534
1.394713
1.217752
1.291789
1.383863
1.401158
1.244886
1.304223
1.490632
1.244886
1.383593
1.691823
3.167147
2.854516
1.860644
2.051926
1.394488
1.469433
1.834890
3.144398
3.038997
2.656610
2.338478
2.041483
1.846743
3.422386
3.048858
1.448506
1.666026
3.042572
1.546788
1.596946
3.257689
3.454119
3.571145
2.832680
3.782732
3.891150
4.017876
4.019977
3.984262
1.897786
3.158319
3.608412
4.082883
1.912022
3.004649
1.855326
1.795374
3.039146
3.954814
2.507520
1.795374
3.504185
3.498825
3.003556
2.967302
3.734684
3.557719
3.000143
1.978119
1.978119
3.633147
2.564128
1.749623
1.694955
1.900232
1.944760
1.949222
3.682416
1.887027
2.620578
3.064157
3.064157
3.872951
3.890867
3.872874
3.410864
3.563250
1.799293
1.813294
3.530174
3.684695
3.707337
3.575927
2.936374
2.337452
2.184190
2.699796
1.847722
2.256527
1.795581
1.834105
3.219021
3.219021
1.957095
1.833550
1.897070
3.219021
2.010522
2.096080
2.860301
2.661662
2.624471
1.990706
2.185808
2.560572
2.463037
2.774781
2.335681
2.408071
2.410458
0.953328
1.276861
1.348202
0.837720
1.308100
1.276861
1.035881
1.196381
1.063218
2.096003
1.855425
2.365571
1.458913
1.514894
1.394713
1.244886
1.244886
1.222151
1.244886
2.677978
1.916730
1.222151
1.448506
1.469433
1.666026
1.596946
1.691823
1.858419
3.048275
1.616709
1.672210
1.672210
1.790853
1.766674
2.698015
1.531284
2.813040
3.500837
3.403500
1.607702
1.874338
1.698370
3.791837
3.111647
1.778901
3.782732
1.831120
3.050530
2.497129
2.512352
1.809728
1.736947
3.061951
1.774772
2.858056
4.078102
4.024874
3.341219
3.890867
1.826076
1.949222
3.795041
3.954814
3.684396
2.896685
3.754532
2.473364
2.585817
2.473364
2.585817
2.332893
3.676098
2.981327
2.946864
3.695206
2.693620
2.442503
2.850914
2.957454
2.449634
3.251690
3.620728
3.164781
3.265909
2.818223
2.377262
2.010522
3.135985
2.206342
2.875734
2.861575
3.033781
2.465694
2.601583
1.913448
2.960511
3.069326
2.485640
1.913448
2.467943
2.420357
2.304493
2.529507
2.393394
2.625456
2.707657
2.157535
2.397209
2.325235
2.222798
2.355863
2.335681
1.018019
1.186901
1.923083
1.879760
1.241285
1.742829
2.164516
2.308956
1.596587
1.100751
2.456727
1.095639
1.237525
2.640615
1.399714
1.134694
1.569798
1.355303
1.570614
1.394488
1.417055
1.294764
1.417055
1.448506
1.858419
2.636965
2.041483
1.973846
1.305614
1.546788
1.790853
1.766674
3.829882
1.730728
1.858419
1.903963
1.886529
3.847662
3.587902
3.791837
2.726031
4.200849
4.024683
3.847662
3.791837
2.727351
4.202719
3.984262
3.503075
3.504185
2.820127
3.341219
2.820127
1.978119
3.524156
2.967302
2.820127
3.674943
3.870594
3.722542
3.022661
3.064157
3.868109
3.800526
2.861237
2.902719
3.754532
3.652061
3.652061
3.535750
3.676098
3.851748
3.790243
3.022661
2.898576
2.515803
1.799293
1.843462
2.463240
2.359511
3.813659
3.451032
3.300670
3.695206
1.873793
1.780413
2.218051
3.025881
3.351652
2.611282
3.100487
2.586707
1.959157
1.847722
2.887716
1.845714
1.858653
3.135985
3.135985
3.219021
2.528270
3.135985
2.741476
3.170722
1.990706
2.884257
2.933765
3.126883
2.323215
2.230515
2.094974
2.108256
2.355863
2.077840
1.184865
1.108749
1.128936
0.989890
0.994240
2.192657
2.192657
1.742829
1.663534
1.189102
1.072827
1.927985
1.229002
1.789820
2.948450
1.399714
3.025782
3.479952
1.889466
3.048275
1.493587
3.649734
3.042572
2.636965
2.174995
2.190780
3.897573
1.619870
3.788343
2.913418
2.913418
1.896660
1.745696
2.550732
2.951397
2.687978
4.202719
2.743898
1.951896
1.774772
3.893993
1.855451
3.681404
1.937781
3.922516
4.062047
4.031567
4.062047
1.874447
3.524156
2.548918
2.532486
3.755882
3.912791
3.013847
3.808267
2.489033
2.265694
3.693783
3.262180
3.286535
3.228073
3.023858
3.068584
1.845714
1.795581
2.421782
1.908276
2.939490
2.725412
1.924365
1.892236
1.862460
3.251690
2.902216
3.390861
2.528270
2.263837
3.035892
3.235347
3.056947
3.201561
3.056947
2.113527
2.810870
2.641019
2.274542
2.321309
2.542585
2.405942
2.044692
2.118108
2.351937
2.044012
2.230515
2.009786
2.192194
2.329948
2.289002
1.039998
1.527176
1.108749
2.301204
1.855425
2.045434
1.686447
1.037862
2.649100
1.655180
3.025782
1.973846
2.656610
2.031061
3.025782
2.698015
3.562366
3.549328
3.734757
1.744393
1.655967
1.720061
3.734757
2.698015
3.002484
3.972315
3.816526
3.788343
2.726031
3.070050
3.847662
3.788343
4.024683
2.727351
2.940480
2.687978
4.206254
1.845485
2.622163
2.622163
1.927870
3.681404
3.696538
1.864736
1.871393
4.069313
3.780238
3.513874
1.937781
4.069313
3.941895
3.624255
2.643237
4.047405
3.912791
3.800526
3.757495
3.740875
3.912791
3.808267
2.532605
2.669965
2.532605
1.748255
3.798815
1.848246
3.620728
3.559880
3.267775
2.744875
1.970770
3.068584
2.053422
1.964969
3.300834
3.390861
1.892236
1.964969
3.204984
3.273107
2.161652
3.201561
2.707657
3.066028
2.056598
2.056598
2.451728
2.451728
2.245997
2.542585
2.602695
2.147776
2.192194
2.349458
2.349458
0.964698
0.997420
0.999049
1.162056
0.940587
0.966972
1.013777
1.028124
1.745568
1.883326
2.223696
2.359724
1.229002
2.538617
2.538617
2.829289
1.927985
1.454257
3.090913
2.595706
2.119738
2.472228
3.230826
3.090913
1.493587
2.813040
2.656610
2.264246
2.636965
3.638441
3.146882
3.536735
3.795804
2.921146
2.726031
3.294540
4.130505
3.262041
3.847662
3.876802
3.736182
3.994358
1.774212
3.994358
2.403536
1.915063
2.512456
2.403536
2.721598
2.010602
1.927870
1.911180
1.917550
4.062047
3.696538
1.857548
3.740875
4.045374
3.779776
1.904267
3.779776
3.912791
3.865349
2.197037
2.458207
2.579855
2.532933
1.865215
1.876378
2.970036
1.964969
3.181575
3.267775
1.911502
2.760254
2.939490
3.312418
2.823577
2.760254
3.176091
2.823577
2.263837
2.263837
2.568144
2.056598
2.807628
2.289002
2.192194
2.289002
0.879154
0.772496
0.834560
1.964836
1.009339
2.275141
1.943965
1.969377
1.686447
2.223696
1.574544
2.009196
1.155765
1.241222
1.274616
1.605562
1.655180
1.655180
1.573538
1.392642
2.813040
2.089358
1.612139
3.224115
3.077792
2.789956
2.656610
2.726031
4.287856
4.147379
3.988090
2.129573
1.788018
2.910340
2.687978
4.058164
2.262537
1.988730
4.011403
4.020098
4.206254
4.206254
1.988730
2.097930
4.072914
1.962687
1.849769
1.917550
1.917550
3.587451
3.346112
3.513874
3.989446
4.072437
2.715433
1.925312
3.743625
1.890200
1.890200
2.579552
2.519665
4.053489
4.045374
3.779776
3.853025
3.230526
3.471714
2.332923
1.954385
1.848246
1.879053
3.813659
3.343516
1.824013
3.235347
2.647048
2.464588
2.850040
3.073821
3.466907
1.845714
2.272115
3.265595
1.943111
3.286535
2.448521
2.871547
1.846616
1.858653
1.801409
1.779520
3.254665
3.201561
3.318407
3.232143
3.268244
1.988431
2.118108
2.318859
2.220435
2.527690
2.495045
2.746523
2.902879
2.241810
2.189127
2.064447
0.692114
0.785432
2.061256
1.041783
1.164737
1.107646
1.241222
1.939931
2.179556
2.408616
2.400356
2.176277
1.123248
2.409011
2.741085
1.365234
1.241222
1.500823
2.951095
1.456336
2.607565
2.951095
2.230728
1.627978
2.153491
3.045469
3.025782
3.224115
3.377393
3.736182
3.224115
3.865029
2.277987
2.161013
1.812384
1.783520
1.904418
3.876802
1.901554
1.955006
3.910583
1.845485
1.914556
4.086242
2.379908
2.026680
1.914556
4.072914
4.147155
2.885243
2.734623
3.696538
1.914163
3.587451
3.628262
4.147155
4.045374
3.896394
3.825189
3.380301
3.851748
3.896394
3.647675
3.851748
3.825189
3.451032
2.519665
2.458207
3.787193
3.471714
3.371134
3.259352
2.670309
3.009027
1.901994
1.901994
2.893901
2.729366
2.023314
2.023314
3.397085
2.072668
1.913730
3.184381
1.901916
3.120551
3.217789
3.071244
2.131091
3.125160
3.232143
2.959500
2.162068
2.121666
2.575265
2.405596
2.318859
2.366858
2.399064
2.399064
2.083105
2.297783
2.188073
1.021017
0.624410
1.056071
0.648745
0.913835
0.857430
0.752838
1.745568
1.547582
1.931618
1.889214
2.285134
2.177454
2.324863
2.607565
1.500823
1.234642
1.147906
2.789956
3.653472
3.578977
3.593915
2.571431
1.666339
1.666339
3.262041
3.262041
3.736182
4.247149
4.238515
1.703760
2.337074
4.411175
4.336417
3.752912
4.262836
1.955006
2.127443
2.026680
1.905752
1.894412
1.914680
3.608766
3.780238
3.780238
1.968745
3.346112
1.875963
1.886849
3.759896
3.948934
2.693227
2.537852
1.818090
3.323128
3.481604
3.795952
3.876382
3.950752
3.803690
3.566738
3.566738
3.837821
3.853025
2.574796
2.519665
2.458207
2.550150
2.858177
1.954385
1.975394
1.901994
3.089656
2.195254
2.332923
3.745099
2.662226
3.450079
3.318407
2.926946
2.926946
3.394776
1.960880
2.063900
3.279637
3.312418
1.947512
1.841458
1.816830
2.315493
2.131091
2.315493
1.911502
3.125006
2.131091
3.254665
1.883587
2.323921
2.083105
2.459816
2.189127
0.716452
1.053284
0.655816
1.368901
1.586953
1.456833
1.128264
1.060186
1.164737
1.207664
1.068139
1.943965
2.009196
1.556748
1.474772
1.500823
3.371052
1.499414
1.637423
3.089857
3.338276
3.840534
2.161085
3.798273
3.405029
1.881783
2.921146
4.083175
3.986598
1.960089
3.689548
3.993745
3.876802
3.876802
3.882951
3.377393
3.377393
4.407423
3.587041
3.671859
1.912012
1.783520
1.910002
1.955006
3.859676
1.909372
1.980614
3.404199
1.818090
3.560154
1.831608
2.441384
3.471714
1.879053
3.259352
3.798815
3.835477
3.835477
3.072053
3.504148
3.241554
3.017344
2.893901
2.291596
1.816830
3.349963
3.077223
1.841458
2.742815
1.947512
3.082381
3.077286
2.742815
1.846616
2.479482
3.433156
2.845963
3.041880
2.162068
2.056598
3.379256
2.022975
1.806459
2.327167
3.041511
2.121666
2.281730
2.366858
2.261142
1.065284
1.048016
1.053284
0.631281
0.664170
2.368476
2.415445
0.857430
1.998899
2.176277
2.262648
2.533553
1.222845
1.382514
1.258715
2.986377
1.567426
1.456336
2.132162
2.091983
1.499414
1.273990
1.627978
2.947741
1.289822
2.153491
3.798273
1.897125
3.977231
3.873626
1.573538
3.377393
1.674465
4.149029
3.481500
3.707654
3.492793
3.707654
1.912012
2.017281
1.927649
2.148786
1.944305
2.137531
4.029645
4.072914
4.029645
1.935058
1.979781
2.278507
1.914680
2.060402
3.346112
3.346112
1.955595
3.560154
1.940509
1.865809
2.589734
3.803690
3.837821
3.837821
3.311103
2.698498
3.865349
2.929750
3.259352
3.315601
2.487307
2.789369
2.002657
3.378565
3.162011
2.651844
2.002657
1.865215
3.464701
1.937138
2.801729
1.932972
2.227524
2.760259
2.466850
3.270332
1.984026
2.276029
2.200915
1.982102
3.232542
2.750643
1.850565
3.125006
2.284676
2.403043
2.063613
2.706829
2.222853
2.188073
2.007844
0.627232
0.593456
1.052603
0.663484
0.711100
0.631281
0.659731
1.851912
1.107411
1.009699
1.780194
2.285134
1.832513
1.889214
1.342921
1.382514
2.375885
1.405866
2.499889
1.405866
1.499414
1.704379
2.818533
3.723378
2.947741
3.113647
3.720058
3.806674
2.396837
3.618503
2.006691
1.624017
4.149029
2.775752
4.072967
4.118628
3.977231
3.899844
1.831753
1.831753
3.988090
3.882951
3.707654
1.961782
1.910002
3.770492
1.910002
1.993817
2.528821
1.968745
2.068747
1.902291
1.906766
1.933575
3.161957
3.729557
3.795952
3.868850
3.803690
1.916834
3.303140
2.630928
3.378565
3.303140
3.346912
3.272950
2.698498
3.415631
3.419455
3.512851
2.475193
3.551131
3.542980
2.908405
3.083329
2.708799
1.764228
2.475809
1.836396
3.242631
1.850565
3.367870
3.169948
3.159280
3.159280
2.976587
3.222564
3.041511
2.391550
2.836136
2.746523
2.355451
2.355451
2.210471
2.655798
2.416796
2.600718
2.575324
2.163371
2.301948
1.069520
0.578602
0.697010
0.942617
0.760164
0.960381
1.154471
1.365223
1.265311
1.473936
2.496046
1.193399
2.463430
1.285054
1.595216
1.229455
1.213635
1.222845
1.970142
1.397252
1.766821
1.585235
1.481000
1.556748
1.768884
1.556748
2.481663
3.621422
2.428398
2.825133
3.032200
1.624017
1.780647
3.899844
3.871124
3.817923
1.808434
4.411175
3.032200
3.253967
3.334834
3.724856
3.376061
2.348173
2.623466
2.087665
2.058373
1.933757
2.060402
2.435333
2.171752
1.987518
3.729557
2.760119
2.760119
2.501034
1.955595
3.784190
3.761616
3.367468
1.871925
3.803690
3.303140
3.258263
3.787193
2.415106
3.378565
1.897138
3.670446
3.311103
2.767922
2.878628
3.512851
3.367690
3.631298
3.745099
3.268341
1.913880
2.122923
2.653501
3.386327
3.386327
2.911607
1.859031
1.924410
2.688884
3.464701
3.379256
2.072501
1.836396
3.328512
2.448343
2.976587
2.228903
2.228903
2.022975
2.188582
2.022975
2.281730
2.323921
2.600718
2.355451
2.238863
2.170007
2.267388
2.510331
2.427748
2.301948
0.766774
2.191393
1.969347
2.155378
1.886742
1.244169
1.457580
1.703377
1.917901
2.672709
1.842744
1.457580
1.567426
1.842744
1.345060
2.685300
2.481663
3.873626
3.845338
4.056489
3.578977
4.108047
4.209615
4.015224
3.157593
4.209615
1.803813
4.407423
3.587041
1.923816
3.592814
3.752912
3.592814
4.029645
2.011917
2.148786
2.220647
2.173250
2.077150
1.909372
2.286531
2.132204
2.173098
2.087058
2.104498
2.137531
1.966032
2.064335
1.980150
3.404199
3.541696
3.784190
3.380557
3.380557
1.974179
2.037212
2.567022
3.692841
1.865809
3.690372
3.075757
3.075757
1.960355
2.516391
2.525508
2.431290
3.787193
3.599671
3.686771
3.381951
2.789369
3.599671
2.887960
1.948909
2.026334
3.551594
2.866713
2.842398
1.962706
3.531107
2.663480
1.969142
2.809835
1.962706
2.519130
3.219183
3.178233
2.530290
2.188582
2.473257
3.355067
1.928649
2.281730
3.146146
2.644440
2.826170
2.198672
2.378019
2.522610
2.283596
2.240041
1.161237
1.208124
1.119664
1.640492
2.464724
2.449314
2.039315
1.252060
1.244169
2.069826
2.069826
2.100917
1.452608
1.610545
1.861618
1.970142
1.861618
1.861618
2.697023
1.610545
1.861618
2.291382
1.578383
3.116384
2.428398
4.003171
2.952403
3.865029
4.344352
4.287856
4.238515
1.803813
3.865029
2.077150
1.962348
3.671859
2.035290
3.770492
2.148786
2.170870
2.318830
2.337850
2.623466
2.265723
2.346161
2.286531
1.933757
1.996491
2.225015
2.132204
2.509682
2.033278
3.161957
2.146728
3.565019
2.301859
2.567022
3.258263
3.727232
1.962981
1.998338
3.692841
1.962981
3.258263
3.790454
3.466481
3.584643
3.408608
2.787521
2.908029
2.911607
3.657174
2.911607
2.911607
2.911607
2.012404
3.459974
3.144633
3.479861
1.896114
2.881304
2.842398
3.446706
1.786700
1.850454
3.389774
1.699348
3.300973
2.955647
2.228903
3.115655
1.928649
2.259067
3.146146
2.976587
2.383424
2.378107
2.485085
1.082107
2.464724
1.485888
1.832513
2.151575
1.678712
1.678712
3.288652
1.345060
1.666420
1.881898
1.555666
1.578383
3.320741
3.602211
3.871124
1.745679
3.796587
3.381866
2.062894
4.318522
4.258358
4.064730
3.038092
2.825133
1.772372
3.980148
4.118067
2.066579
3.770492
3.587041
2.044101
2.049042
1.889010
1.962348
2.380041
2.312084
2.466778
2.346161
3.417558
2.277210
2.049453
2.173371
1.987518
3.093137
3.075757
2.740648
3.367468
2.030174
2.145510
2.037572
3.795952
3.811810
2.029660
3.341390
3.644370
3.533497
3.644370
3.690372
2.217221
2.434175
3.466481
2.072912
2.123769
3.639482
3.526460
3.100275
3.517461
2.842398
2.881304
1.896114
2.881304
3.531107
3.614351
3.523521
2.840954
2.213409
2.641369
2.519130
2.213409
2.957751
3.403134
2.199976
2.897495
3.284140
1.964764
2.088871
2.323921
2.283596
2.283596
2.073395
2.485085
2.372705
2.189341
0.636056
0.766774
0.667043
1.098874
1.119664
1.199383
1.113437
2.367936
2.057270
2.288196
1.969347
2.260386
1.666420
1.444432
2.434782
2.380900
2.191393
2.143082
1.773873
2.571862
2.994765
1.113437
3.130073
3.610533
3.886226
4.064730
2.210020
2.050265
3.487249
1.760109
2.471121
3.789314
2.056973
2.381691
2.382636
2.210020
2.093949
2.400139
2.388164
3.809475
3.487249
2.346161
2.508217
2.361345
2.318830
2.111336
3.809475
4.056356
2.380282
1.980043
1.949385
3.804643
3.923058
2.033278
2.335535
2.224683
3.662329
2.343102
2.424217
2.142494
2.115910
2.639173
3.380557
3.490584
3.194673
3.258263
3.380557
3.692841
3.692841
2.208804
3.239038
2.039472
1.962981
2.156132
2.330774
1.962981
2.945500
3.609167
3.481266
3.542980
3.387151
3.448383
2.901926
1.987607
2.887960
1.786700
2.778088
2.963358
2.840954
2.097613
1.884209
3.543374
2.074306
2.034325
3.089662
3.035731
2.435211
2.316513
2.866553
2.402396
2.313266
3.062553
2.062771
2.110616
0.726559
0.636056
1.010755
1.054401
2.350662
2.423999
1.755144
2.666014
2.434299
2.380900
2.647967
2.434782
2.653991
2.921990
1.948637
2.132162
2.093773
2.428398
2.881383
2.617531
1.708409
3.334834
3.005511
2.952403
1.914922
2.468078
2.471121
1.803813
2.401136
2.441149
2.544372
2.094592
2.438072
1.976560
1.936911
1.936911
3.726257
2.313939
4.095111
1.958809
1.976560
1.907900
1.976560
2.292523
2.173371
2.138218
2.132469
2.064335
2.955804
2.158594
2.251550
2.695064
2.945500
3.148517
2.122689
3.533497
3.505251
2.514197
3.649912
3.662329
3.649912
1.997672
2.835090
3.569314
1.949228
3.436446
1.974712
3.141860
3.569314
3.615595
2.026334
3.349714
3.347980
3.589348
2.029795
3.588664
3.531107
3.666804
3.569211
1.896114
3.654981
3.364900
3.653689
1.888051
2.698159
2.826652
1.788149
2.712033
2.840954
3.348899
2.399458
3.337667
3.161113
2.879227
2.303565
3.001139
2.522610
2.938788
2.265932
2.518913
2.478832
2.420717
1.972451
2.161016
0.798501
0.815339
1.245919
1.385260
1.424587
1.353910
1.444430
1.306036
2.447514
2.295602
2.140400
2.380900
2.380900
2.318293
1.918317
1.918317
2.699215
1.283999
1.507902
2.884626
1.745316
1.619483
2.921990
2.837298
2.661138
2.143082
2.912039
2.447521
1.731850
2.114470
1.935913
2.567881
2.468078
4.064730
4.224570
2.401136
2.382636
2.466778
2.445849
1.900701
2.033720
3.405115
3.426029
1.976560
3.726257
2.022110
2.022110
1.981716
2.058110
2.092291
1.981716
2.318513
2.243897
2.167872
2.955804
2.955804
2.955804
2.251550
2.158594
2.251550
2.442989
2.251550
3.148517
1.964181
2.091783
2.396838
2.424217
2.170218
2.481280
3.148517
2.835090
2.933626
3.194673
3.350919
3.649912
3.408608
3.173865
3.649912
1.985478
1.949228
1.974712
3.359712
2.505572
1.974712
3.436446
3.569314
3.566267
3.448383
3.588664
3.609167
3.619535
3.474684
3.449015
3.527871
3.649579
3.615595
2.901926
2.736103
3.621696
3.332956
2.901926
3.060981
3.657526
3.487725
1.921641
2.268248
1.888051
2.074306
2.016985
2.388449
2.813765
3.211477
3.348899
2.259764
1.806545
3.058937
2.958906
2.135310
2.135310
2.237064
3.021575
2.665588
2.432713
2.432713
2.180227
2.116808
2.665588
0.936347
1.199383
1.311709
1.113437
1.946036
1.880255
2.772026
2.256162
2.633082
2.724393
2.654058
1.629771
1.438518
2.707081
3.114120
2.784599
3.288652
1.867104
3.313628
3.602211
2.723154
2.924004
3.886226
3.540822
3.610533
2.988291
3.005511
2.441149
2.441149
3.099031
3.085121
2.381691
3.822146
2.159988
3.672286
2.079279
2.013259
3.804643
4.005781
2.079279
2.181828
2.058110
2.233497
2.158594
2.088986
2.112345
2.927879
2.839063
1.985478
2.415050
2.257780
2.533906
3.061388
2.160684
3.436446
3.239038
3.564784
2.421287
3.455749
2.078207
1.974712
3.408608
3.190133
2.729845
3.334039
3.576907
2.196796
3.492194
3.489427
2.241066
3.144437
3.583099
3.016904
2.029795
3.649579
3.327109
2.851748
1.895041
1.771909
1.771909
2.960386
3.229244
3.392691
2.491474
3.487725
3.134023
3.420005
3.544229
2.165187
3.219834
3.001139
2.265932
2.626372
3.116962
3.063999
2.317043
2.190145
2.361735
0.870031
0.903802
1.408090
1.314924
1.705553
1.444430
1.917488
1.629771
1.880255
2.121001
3.038942
2.143082
2.121001
2.675382
2.571862
2.675382
1.384990
1.250696
2.448310
2.839622
2.420659
1.773873
1.438518
1.619483
2.654058
3.032998
3.008257
2.691129
3.130073
4.064730
3.733104
3.796587
2.452798
2.092076
1.983341
2.092076
3.704995
1.859920
4.005781
3.827629
2.284291
1.980532
2.142494
2.233497
2.073220
2.089097
2.293378
2.636072
3.061388
2.192883
2.257780
2.729845
2.494170
2.012005
2.448275
3.141860
3.445688
3.263442
1.989236
3.569905
3.529359
3.529359
3.431550
3.391379
3.578672
3.621612
1.962762
3.549400
3.549400
3.635239
3.633726
3.614351
3.494757
1.891456
2.225526
2.847243
2.213514
3.116554
3.070633
2.027062
3.582516
2.864441
3.494068
2.524533
3.569969
2.443076
2.215155
2.284586
2.165187
3.140121
2.657060
3.348865
3.162514
2.357946
2.259764
3.021575
2.371513
2.077487
2.087266
2.265932
2.727750
2.410111
2.358087
2.248497
2.124298
1.189726
1.489947
1.384990
1.880255
2.784599
3.038942
3.209589
1.121858
1.354355
1.745316
3.361811
3.159582
3.313628
1.619483
3.361811
3.505103
3.186339
1.941275
2.066639
1.825140
3.105492
3.264617
2.939145
3.264617
2.988291
2.567881
2.567881
1.925548
2.360479
2.335909
2.452798
2.056973
2.146742
1.983341
2.007825
1.980532
3.674159
1.831711
3.851192
1.980532
2.065797
2.232210
2.257780
2.185117
2.334583
2.298637
2.927879
2.257780
2.637733
3.263442
2.079735
3.211285
3.425297
3.445688
3.391379
3.434737
3.602033
3.681178
1.972800
1.972800
2.960386
3.464869
3.416320
2.960386
3.574050
2.980610
2.053745
2.976721
3.262597
2.165187
3.599924
2.818278
3.388625
3.149705
2.282269
2.167006
2.282269
1.953763
2.065235
1.964764
2.816631
2.799287
2.986585
2.986585
2.286008
2.578943
2.264998
1.090060
1.647661
2.097586
1.917488
1.965588
2.115605
1.965588
1.861408
3.355127
2.978914
3.209589
3.012217
1.492295
1.993394
2.204426
1.664744
2.993160
3.070321
1.867104
2.022481
2.066639
2.755791
2.126874
1.821758
3.755441
1.944283
2.253670
1.944283
2.031511
1.921425
1.921425
2.127819
2.122389
1.903635
3.579543
2.131732
2.233497
2.511922
2.161332
2.549783
2.131912
2.220042
2.232210
3.211285
2.107975
2.551049
3.211631
3.211285
3.007430
2.927879
2.012005
1.989236
2.123200
3.464451
3.070298
3.532368
3.337387
2.061292
3.453763
3.578672
3.602033
3.190133
3.517793
3.021440
3.376738
3.294222
2.712033
2.960386
3.494068
2.301129
3.414472
2.259764
3.453446
2.884950
2.812564
2.776037
2.286008
2.776037
2.432297
2.499740
2.489639
1.280070
0.937703
0.982853
1.154652
1.111042
1.023198
1.167638
1.944179
1.953797
1.861408
1.941256
2.241427
1.168986
1.187919
3.209589
2.993160
1.829563
2.164082
2.755791
1.893113
2.132601
2.275257
3.963970
3.929801
2.031511
3.851192
3.855824
2.272055
2.284291
3.855824
3.776041
2.232210
2.257780
2.268712
2.044375
2.637272
2.220042
2.521862
2.377563
2.636043
2.973985
3.213922
2.112895
3.320424
3.318004
1.976536
2.119738
3.499908
3.425297
2.637273
3.246254
3.399788
3.500659
3.445496
3.383155
3.429968
3.391379
3.677080
3.621612
3.254335
3.385329
3.204295
3.707405
3.136778
2.190709
2.864441
2.807684
2.714870
2.524091
3.082377
2.367494
2.940726
2.812564
2.082344
2.900792
2.485766
2.846322
2.592648
2.148899
2.405413
2.143296
0.903802
0.978922
2.533344
2.199073
1.728896
1.526182
1.291668
1.526182
2.504736
2.054813
2.095290
2.241427
2.446815
3.044999
1.851350
2.661138
3.308104
2.301253
1.967203
1.829563
2.596363
2.596363
1.973348
3.085121
2.058522
1.976484
1.976484
3.753195
3.924446
3.924446
4.082569
2.462088
2.439412
3.291362
3.631936
1.944283
1.967252
4.011341
3.452037
3.747563
3.837150
2.031511
2.243897
2.221140
2.187987
2.122389
2.018338
2.131912
2.131308
2.636043
2.116550
2.934367
2.252184
2.973985
2.934367
2.521862
2.453316
2.453316
2.643516
2.973985
2.479096
2.643516
3.320424
2.973985
2.016899
2.903626
2.934367
2.505572
3.246254
3.213922
2.460115
1.887211
3.318004
3.499908
3.204295
3.301883
2.491833
2.460115
2.132739
2.061292
1.898461
3.301883
3.093938
2.003026
3.388594
2.320994
3.010197
3.233445
3.155141
2.381691
2.111498
2.847994
2.976721
3.494068
2.976721
3.446734
2.274380
2.688932
2.282269
1.952651
2.688932
2.520807
2.212543
3.026796
3.076835
2.311680
2.438494
2.592648
2.937340
2.367494
2.195640
2.846322
2.706459
2.518507
1.061119
1.279036
1.280070
1.264658
0.852069
1.154927
1.050019
1.728896
1.526182
2.491188
1.904642
1.787466
2.851907
2.056911
2.054813
2.241427
2.471561
2.115605
3.207945
3.394305
3.122844
3.394305
1.598645
1.829563
2.805668
2.195742
2.164082
2.102599
2.060500
3.061700
2.112555
2.072507
2.922485
2.922485
3.317417
3.829824
4.134881
3.663143
2.014114
3.048846
3.924446
3.155169
3.526102
3.631936
2.673695
2.376745
2.487623
3.747563
3.925049
2.556474
2.228415
1.970907
2.384138
2.018338
2.141229
2.197676
2.503734
2.727462
2.610631
2.973985
2.521862
2.221872
2.727462
3.053568
3.145212
2.169576
2.311936
3.353980
3.143309
2.005049
3.367620
3.286862
2.581711
3.289845
3.399788
2.064808
2.213514
2.982905
2.976721
3.603032
2.270185
3.569750
3.184738
2.191231
2.778075
3.217408
2.274380
2.025852
3.184738
2.585404
3.244670
2.884950
2.884950
2.649462
2.963380
2.846322
2.554554
2.195640
2.301525
1.087062
1.309696
1.505790
1.089573
1.059353
1.167638
1.554008
2.528155
2.152350
2.013989
2.023835
1.944179
1.891580
2.766785
1.965588
2.013989
1.357905
2.652374
2.763386
2.077537
2.388049
1.524847
2.587288
1.666240
1.664744
2.047057
2.127640
3.437655
3.630987
3.437655
4.134881
4.124867
4.113809
4.154390
4.113809
4.041371
3.048846
1.792408
2.078677
3.747563
4.135914
3.987249
4.062396
2.294820
2.341677
3.442048
3.337904
3.526102
3.872330
2.186752
2.298738
2.109991
4.106880
2.407993
2.382072
2.394044
1.901967
2.517006
2.448725
2.311998
2.022589
1.956268
2.521862
2.513305
2.107975
2.755279
2.610631
3.000710
2.755279
2.453316
2.052993
2.636043
2.453316
3.078091
3.078091
2.479096
1.910785
3.246254
3.449032
3.379358
2.637273
2.731853
3.078091
3.627899
1.990795
1.875490
1.875490
3.230498
2.244478
2.372581
3.425433
2.873215
2.826308
2.407139
2.873215
3.244670
2.198613
2.585404
1.961742
2.492834
2.405066
2.811491
2.277093
2.168236
2.218497
2.489849
1.144404
1.537778
1.139019
2.039413
1.264754
1.050019
1.505790
1.470495
3.174934
1.828640
2.647737
2.596363
1.786533
1.867920
2.079861
3.780772
4.134425
3.176618
3.103991
2.021320
3.867914
3.953504
2.967159
3.940665
4.041371
2.673695
2.463621
3.048846
3.977851
3.968168
4.109935
3.181067
2.894118
3.181067
3.984365
3.862558
3.978418
2.551908
3.181067
3.635444
4.036518
3.811975
3.766526
2.407993
3.736558
3.874446
1.989124
2.277434
2.448725
2.727462
2.715513
3.078091
2.883186
2.463705
2.311936
2.817385
3.000710
2.744583
2.862303
2.896563
2.896563
3.597248
3.094641
2.005049
3.200937
3.379358
3.534828
2.027862
2.574728
3.595283
3.595283
1.898461
3.538162
3.671003
3.669504
3.457165
3.375116
3.449032
3.080698
2.213514
3.644091
3.476189
3.390283
1.957783
2.545438
2.716703
2.198613
2.442485
2.438494
2.324139
2.605345
2.969958
2.872150
2.583924
2.126112
1.444443
0.979739
1.787466
2.405414
2.295292
2.463338
1.828640
1.589216
1.336067
2.013989
2.411076
2.023835
2.056911
1.828640
2.030375
2.180534
2.180534
2.435033
3.156905
2.766870
3.632287
1.939485
2.247739
2.107841
3.595036
3.980367
2.816206
3.511456
3.043883
3.448954
3.617146
2.154214
2.165494
2.782295
4.134425
4.109935
3.282296
2.753348
3.282792
3.753347
2.706697
2.753348
3.184526
2.753348
2.636414
2.673695
3.429567
4.113809
2.402026
3.962943
2.673695
2.661964
3.811975
3.661735
4.036518
4.000568
2.917480
3.332227
3.635444
4.000568
1.816398
4.024735
3.981143
3.451987
3.596897
2.431587
2.431587
2.357041
2.431587
3.736558
1.901967
2.448725
2.549783
2.273371
2.084540
1.956268
2.759385
2.448725
2.896563
3.094641
2.084540
2.967980
3.067810
3.046409
3.027072
2.808431
2.953509
3.424720
3.143309
2.105025
3.679409
2.574728
2.205223
3.230498
3.652191
2.054001
3.010197
2.992984
2.381691
2.801064
2.345975
2.380390
3.671003
3.314882
3.590495
3.263927
2.811109
1.897886
2.407139
2.184685
2.872150
2.677672
2.897409
2.239708
2.161302
2.271357
2.257951
0.813808
0.937703
1.150567
1.533625
1.059353
0.907417
1.787466
1.820015
2.084448
2.094441
2.013989
1.290303
2.748068
2.463338
2.370294
2.640550
1.168175
2.294250
3.044999
2.714133
2.973416
1.694608
1.472417
2.652374
1.666240
3.000449
2.502417
3.389910
2.107841
3.630987
3.809825
4.041578
3.384296
3.980367
4.124867
2.761577
2.491395
3.940665
2.894118
3.646993
2.014114
3.176618
3.155169
2.673695
3.048846
2.751355
3.646993
2.602920
2.585224
3.017724
2.881153
2.529099
3.181067
2.917480
2.402026
3.751335
3.635444
3.285095
3.442048
2.222623
2.479217
2.256123
3.893537
2.422972
1.954787
1.954787
2.808431
2.744583
2.744583
3.171827
2.938374
2.862303
3.420393
3.016927
2.185697
2.852165
2.896563
2.744583
3.250436
2.862303
3.094641
2.843984
3.442208
2.800231
3.646215
3.595006
3.705511
2.054001
3.533116
2.513634
3.362441
2.396395
3.461943
2.279514
2.317039
2.550932
2.906967
1.957418
2.103466
2.645722
2.117137
2.124065
2.583924
1.999571
2.168236
0.778177
0.937703
1.283956
1.560466
1.545467
0.721875
0.979739
0.804645
1.336067
1.304986
2.094441
2.084448
2.084448
1.589216
2.678048
2.936046
2.294250
2.294250
2.333998
1.994068
2.647737
2.820683
1.694608
3.127407
3.297493
2.822892
3.345733
3.306822
3.617146
3.155142
2.107841
2.107841
2.111795
2.751631
2.085948
3.103991
2.447753
3.306012
2.789335
2.661124
2.779821
2.491395
2.021320
1.839462
2.626378
2.634465
2.894118
1.967252
1.997720
2.778102
3.817343
3.867977
3.922757
3.922757
3.762331
3.630462
2.399098
2.489788
3.811975
3.332227
2.577839
2.568789
3.751335
3.591261
3.721462
3.535483
3.838786
1.870930
1.900380
3.838786
1.902945
4.011089
2.494864
2.712805
2.764362
1.755694
1.953105
2.458192
2.470580
2.852165
2.785175
3.005610
2.953509
1.867162
2.852165
3.088980
3.078091
2.772170
2.353082
2.993372
3.016241
2.997200
3.326184
2.667553
3.379358
3.500374
1.950363
3.448176
2.924479
3.688053
2.544289
1.979914
2.168750
3.688053
3.155141
3.418998
2.866139
2.718147
3.149885
2.124065
2.124065
2.969958
2.568927
2.739217
2.605345
2.624878
2.624878
2.168236
0.706033
1.137699
1.084436
1.012939
1.114455
1.137699
0.721875
0.721875
1.491552
1.560466
1.826137
1.789339
2.617507
1.589216
2.916784
2.689224
2.333998
2.788807
2.936046
2.866031
2.916784
2.656975
2.164991
2.477217
1.803950
2.047990
2.056166
2.315524
2.695946
2.556217
2.562174
3.143389
3.259300
1.960652
3.291542
1.980758
2.111795
2.751631
2.447753
2.447753
2.239396
2.789335
2.565239
3.011973
2.789335
3.103991
3.467884
2.778102
2.497247
2.706697
2.518174
2.259469
2.166856
3.454781
2.263426
2.070413
1.982787
3.679889
3.377730
2.917480
3.867977
3.867977
3.923358
3.535483
3.867893
3.721462
2.660597
1.787830
2.772170
2.925980
2.686718
2.901708
2.983646
3.011074
3.185728
3.003340
3.117345
3.007842
2.925980
3.185728
2.667553
2.041572
3.228679
3.580373
3.271501
3.396992
2.005049
2.924479
3.503355
3.609475
3.609475
3.670133
3.457165
2.127299
3.489564
3.705511
3.503797
3.550850
2.054001
2.417133
2.266624
2.294272
2.461340
3.302166
2.619398
3.064225
2.992984
2.917865
2.852851
2.394284
2.279514
3.093481
2.259707
3.308136
1.897423
2.259707
2.562490
2.235460
2.259707
3.267122
3.474995
2.630554
2.254349
0.975756
0.721875
1.234065
1.989286
1.464645
0.888057
0.804645
0.892092
1.086415
0.979739
1.033014
2.094441
1.826137
1.394264
1.412177
2.024312
2.283237
2.807981
1.434485
2.283237
2.036157
2.945055
2.381715
2.325359
2.948412
3.045278
2.584688
1.720891
1.763789
2.942130
2.651375
1.921438
2.933758
2.851691
2.751631
2.621990
3.011973
3.433013
2.142631
2.366106
2.326788
3.668153
2.773008
3.564122
2.788382
1.823592
2.070413
3.856142
3.723745
3.309680
3.285095
3.150840
3.392421
3.922757
3.626189
3.893537
2.383840
2.583091
2.686718
1.910535
2.938374
3.271501
2.925980
2.785175
1.954787
2.901708
3.053874
2.821270
3.003340
2.542806
3.046409
3.323705
3.003340
2.192011
2.993372
2.934203
3.517640
2.155860
1.823661
3.693739
2.638677
2.646641
2.698503
3.693739
3.487850
2.392362
2.280354
2.718393
2.968908
2.543146
2.739185
2.562490
3.155103
2.576809
2.355481
2.944581
2.526276
3.308136
2.989728
2.354857
3.179572
2.275949
2.645722
2.551296
2.199299
1.999571
2.569339
2.191980
0.721875
1.197687
1.618819
1.064283
2.139739
1.185781
2.141881
2.214216
1.904125
2.214216
1.930544
2.283237
3.000449
1.412177
2.666584
2.054642
2.054642
2.667922
1.981970
1.981970
2.604716
2.822549
3.152706
2.525642
2.694519
2.600166
2.511817
2.736210
3.166813
2.563823
2.410053
2.563823
2.699917
3.225912
2.491395
2.325123
2.430603
3.320241
2.439832
2.142631
3.560996
3.741816
2.634465
2.958109
3.626189
3.591261
3.459446
3.728765
2.646070
2.285837
2.310190
2.648480
2.698836
1.926774
2.592529
2.389402
2.485583
2.153898
2.454103
2.838222
2.934139
2.426216
2.485583
2.792475
3.011074
1.867197
1.883337
2.852659
3.013409
2.224196
3.301613
3.287170
3.392639
3.581021
3.016241
3.287170
2.646641
2.431258
3.581651
2.619398
2.200480
2.554929
2.718393
2.843886
2.773212
2.637905
2.992984
2.013465
3.296813
3.381045
3.641742
2.842745
3.546580
3.489564
3.705511
3.641742
3.106558
2.572481
1.960878
0.955236
0.804645
1.624328
1.357509
1.357509
1.989286
2.141881
1.292470
1.523793
1.896855
1.680337
1.680337
1.680337
2.976288
2.409812
2.677442
2.959071
2.552027
2.945720
2.959071
3.118604
3.057072
1.745053
1.694608
2.425797
2.604716
1.981970
2.056152
3.215306
1.751717
3.218036
2.868706
3.218036
2.193235
2.385730
1.933313
3.589815
2.193472
2.056152
2.315881
2.714239
2.469029
2.722715
2.469029
2.437196
2.511817
1.991347
2.146382
3.166813
3.166813
3.303998
3.320241
3.485714
2.958109
2.853647
2.659990
3.566953
3.069915
3.584595
3.626189
3.711972
3.731254
3.695131
3.739656
1.779411
2.576356
2.698836
2.915782
2.852659
2.921421
3.016303
3.084858
3.228679
3.287170
3.417234
3.484129
2.740266
2.921421
3.228679
3.323705
3.605498
1.680571
3.013409
3.013409
3.053874
1.834738
1.990482
3.641742
3.655922
3.431960
2.441650
2.411716
2.551315
3.499714
3.510413
2.312351
2.151698
3.445579
3.136523
2.514688
2.514688
2.637905
3.316416
3.179572
3.546580
2.718147
2.811109
2.394284
3.404473
2.378084
2.882250
2.615594
2.589442
2.118301
0.975756
0.814505
1.343060
1.090085
1.009244
1.618819
1.618819
1.896855
0.981168
2.001507
1.165579
1.182786
2.568207
1.292470
1.292470
1.790259
1.453280
1.904125
2.568207
1.798179
1.931148
1.931148
3.199051
2.226733
2.483002
1.547533
2.609338
2.460663
2.945720
2.945720
2.820683
2.525642
2.520310
2.525642
3.044654
1.973895
1.752513
2.249863
2.458652
2.532130
3.064691
3.011973
2.902775
2.377343
2.563823
2.381858
2.343090
2.882896
2.694910
2.908112
3.058450
3.242262
3.166813
2.391564
2.166856
2.518174
2.603822
2.780217
2.659990
2.917801
3.728765
3.728765
2.786601
2.698836
2.317918
2.027325
2.636416
2.852659
2.884043
3.228679
3.016303
3.053874
3.204621
3.597196
3.502478
3.160493
3.554590
1.859531
2.161581
3.508318
3.301613
3.538205
2.081883
2.081883
3.509524
3.581651
3.465297
2.286588
2.392362
2.200480
2.205031
2.435216
3.492098
2.858353
3.136523
1.885864
3.456849
2.481766
2.481766
2.340072
2.669342
3.456849
2.234338
2.238651
2.046672
2.637474
2.282722
2.590469
2.155545
2.291291
1.477643
1.491361
1.646783
0.781065
1.566590
1.541828
1.090085
1.164926
1.067001
1.183608
2.217148
1.434485
1.418377
1.966161
2.232494
1.954740
1.908865
2.190447
1.715043
2.782082
2.667922
2.380842
2.380842
2.460024
2.888619
2.025115
1.981970
2.702685
2.079228
1.842701
2.225496
1.844096
2.933758
1.837587
2.470861
2.380842
2.933758
2.417894
1.933313
2.283826
2.251468
2.417340
2.247135
2.125365
2.600166
2.919073
3.242262
3.242262
3.242262
2.603822
1.805068
1.913249
2.917801
3.315641
1.725942
1.678342
3.459446
2.582738
2.790334
2.872941
3.011074
2.852659
3.011074
3.332547
3.187413
1.704221
3.009205
3.424157
3.459998
2.942093
3.431960
3.323705
3.150804
3.160493
3.284568
3.417234
2.279460
2.379393
2.161581
2.254213
3.147161
3.147161
3.443779
3.412901
2.226493
3.535049
3.590149
3.619108
3.188703
3.136523
3.136523
3.117101
2.514688
3.105422
2.348624
3.211241
2.970175
2.453735
3.456849
2.229780
2.920743
2.966233
2.590469
2.172666
2.239708
2.162516
2.472915
2.669267
2.119012
2.080144
1.384964
1.384964
1.008765
0.963986
1.864572
1.719066
1.790259
1.453280
1.453280
1.178738
1.834425
2.990396
2.976288
2.232494
2.400988
1.927119
2.702685
2.324590
2.482636
2.602627
2.888619
2.888619
2.888619
2.550838
1.745053
2.980279
1.977450
2.111940
2.275254
3.219313
3.369353
3.016479
3.255365
2.144973
2.251468
2.350747
2.547137
2.547137
3.116051
2.368427
2.421873
2.603822
2.253311
2.780217
2.603822
2.917801
2.115102
2.786601
2.660597
2.892704
1.857171
2.522413
2.838222
2.798290
1.910535
3.204621
3.409662
2.144772
3.226991
3.200368
3.200368
1.715210
1.817213
3.037366
3.053874
3.268779
3.312609
3.412282
3.146225
3.401186
3.401186
2.441650
2.454237
3.424157
3.505088
3.454134
2.053632
3.361969
3.601724
3.507969
2.161581
3.304723
3.459998
3.450621
3.525935
3.582981
3.507969
3.519951
3.228862
2.332671
3.491884
2.348624
2.868384
3.105422
2.865680
3.174515
2.659256
2.491260
2.071365
2.095922
1.950771
2.844215
2.006512
2.101746
1.080925
1.006723
1.858065
1.268174
1.168175
2.504991
1.360104
1.360104
1.643886
1.454947
1.596888
1.741348
1.684904
2.871049
2.790696
1.497860
1.865392
1.944461
1.865392
2.331565
2.460663
3.050465
2.691757
2.624320
2.624320
2.333009
2.354572
2.482636
2.380842
2.109075
1.784407
2.696778
2.888619
2.128444
2.333009
1.977450
1.837587
2.244557
2.047650
1.884976
2.350747
2.010549
2.181929
2.052079
2.251468
2.251468
2.684821
2.591942
1.681163
1.799447
2.329062
2.780217
2.917801
3.041641
2.479508
1.725942
2.227696
2.766221
1.689578
2.956253
2.590938
2.956253
2.872941
2.678464
3.226991
2.926089
3.503355
3.169969
3.477416
3.554590
3.362542
3.475952
2.441650
2.186688
3.246811
3.417930
3.205336
2.408895
3.233896
3.493762
3.047552
3.473619
3.206465
3.188703
2.059987
3.327032
3.518278
3.484819
2.303172
2.059116
2.186044
3.460684
3.456310
3.505443
2.008022
2.801825
2.063468
2.300794
3.410846
3.310879
2.830454
3.467248
1.934574
2.150198
2.071345
2.071345
2.275966
2.912422
3.344426
3.352925
2.036518
3.117101
2.568927
2.882942
3.211797
2.371890
2.389715
2.526031
1.012944
0.975756
1.266675
2.488731
1.741348
1.447569
1.454947
1.178738
1.268174
3.050465
1.454947
1.629062
2.977120
1.498294
2.240926
2.281541
2.696778
1.221215
2.076112
1.263542
2.126553
1.687827
1.360307
2.470861
2.126553
1.837587
2.015670
2.377343
2.324590
1.460773
1.860151
1.917871
2.157282
3.241291
3.364197
3.364197
3.298810
3.520274
2.227470
2.381858
2.543811
2.917257
2.782650
1.738117
1.903562
2.866502
2.866502
1.918396
1.838518
3.226991
3.081677
2.329931
3.081677
3.336826
3.361969
3.188138
3.361969
3.424157
3.491030
3.290180
1.859531
3.361969
3.417930
1.930594
3.363171
3.517964
3.575305
3.565893
3.338710
2.180013
3.481129
3.512229
2.186044
3.233896
2.306193
3.326800
3.417916
2.186044
3.349651
3.462087
2.206056
3.410846
3.352925
2.403899
1.916722
1.773214
2.392362
2.693165
2.389319
3.287487
3.327032
2.482849
2.665915
2.472279
2.916692
2.637524
2.597121
2.234389
2.585882
1.216508
1.135252
1.023647
1.858065
1.790259
1.872628
1.234854
1.234854
1.518672
1.253528
2.105046
1.253528
3.190493
3.006764
1.221215
1.221215
1.468356
1.695522
1.828851
2.290468
2.240926
2.240926
2.056595
3.101172
1.652174
2.913952
3.053355
1.917871
2.878907
1.783896
2.565316
2.371058
2.157353
1.860151
1.652174
1.944654
1.945554
1.945554
2.660903
2.684821
1.977450
1.759359
3.298810
2.607762
2.412045
2.101234
1.681163
2.381858
2.461516
2.603822
2.108392
2.780217
1.666341
1.808224
1.841138
1.819347
1.753384
1.753384
1.903562
1.959331
1.857171
3.006108
2.892704
3.343794
2.925014
1.874157
3.368857
3.133605
3.223748
1.934599
3.191800
3.444702
3.324279
3.456310
3.145388
2.851556
2.156481
3.509524
3.091445
3.403433
3.467248
3.009689
1.934574
2.491728
3.332438
3.488990
3.132233
3.358967
2.320618
3.110445
2.320618
2.806278
3.183209
2.885927
2.865680
2.580354
3.088910
2.740508
2.278167
2.232514
0.992765
1.126290
1.456283
1.453765
1.030992
0.992765
0.565768
0.769542
0.873668
1.063636
1.115316
1.178736
1.872628
1.977638
1.974962
2.034618
2.034618
1.440106
1.416371
1.597476
1.518672
1.806195
1.586437
1.621739
2.105046
1.597476
1.480871
2.033967
1.729403
2.290468
2.838100
3.006764
1.998026
1.882941
1.263542
2.864604
1.882941
2.268594
2.259462
2.062352
1.562084
2.688193
2.543811
2.329062
1.919808
2.170505
1.796814
2.796531
3.006108
2.839043
2.847082
2.978546
2.956253
3.133605
2.022695
1.975815
2.915782
2.955123
3.341480
2.966058
1.701492
3.230196
3.463772
1.713463
3.122337
3.274678
3.343794
2.413533
2.430194
2.549570
3.447178
3.468865
3.407985
3.254724
3.254724
2.982081
2.861062
2.869184
3.363171
3.005676
3.005676
3.462087
2.861062
3.360070
3.517964
2.107509
3.091445
2.968304
2.053961
2.206056
3.349651
2.920189
3.088910
3.456098
2.323362
1.937224
1.874305
2.882942
2.656605
0.521453
1.434077
1.184467
0.932853
1.178736
1.741515
1.466823
2.067666
1.722740
1.444822
2.001939
1.682593
1.170390
1.170390
1.263542
2.157353
1.757708
2.371058
1.952499
3.313201
3.354416
2.621980
1.798428
1.909363
1.666341
1.876484
2.610456
1.919808
2.836612
2.782650
2.892704
2.777593
2.616880
2.766221
2.816056
2.677382
2.944360
2.825492
3.092973
3.081677
2.944360
3.329032
3.409662
3.254724
2.982081
3.092973
3.255422
3.363171
3.231517
3.011322
3.092973
1.713220
3.363171
3.351735
3.367115
3.407090
3.370732
2.445912
2.622226
3.166160
3.360070
3.458708
3.521996
3.521457
3.166160
3.005676
3.412576
3.481129
3.528244
3.411902
3.241399
2.593819
2.053961
2.271808
3.456098
3.456310
3.411902
2.227465
3.287487
2.910869
2.920189
1.828127
2.819587
2.084280
2.597121
0.453421
0.547847
1.672910
1.806784
1.178736
1.761169
1.585330
1.638432
1.391309
1.838665
1.465531
1.694299
1.334057
1.454947
1.550675
1.225439
1.221215
1.465377
2.892393
3.006764
1.460773
1.549567
1.929352
2.109962
3.241291
2.149026
2.929840
2.578632
3.101172
2.415542
2.298918
1.840409
1.914014
3.123085
1.703375
1.658197
2.621980
2.499424
3.354416
3.150640
3.171696
2.221358
2.411708
2.029959
1.925338
2.965124
2.872941
2.812066
1.845133
2.944360
2.557981
3.193939
3.400819
3.487200
2.697275
3.363171
3.433224
3.362542
3.011322
3.216179
2.600058
2.558003
3.091445
2.960115
3.403185
3.136189
2.689855
2.747847
2.968304
3.485136
2.275966
3.417962
3.254579
3.106195
3.254579
2.852798
3.123952
2.257085
2.453863
1.899120
2.545475
3.132233
3.081541
2.334188
2.507350
2.507350
2.216980
1.261983
0.624242
0.565768
1.210217
1.838665
1.714437
1.996829
2.199678
1.961551
1.778395
1.872432
1.761169
2.067666
1.961551
1.789934
1.838665
1.917380
1.178151
2.759094
1.722740
1.917380
1.652939
1.967455
1.249176
1.263542
1.881566
2.298918
2.671923
1.730268
1.840409
2.647722
3.077281
2.490605
2.572499
3.171696
3.171696
2.543811
1.994012
2.248491
2.384557
2.666376
2.747978
1.915750
1.797125
1.874299
2.836612
2.361758
2.677382
3.068134
3.016138
2.364483
2.677382
3.170526
2.965124
2.978546
3.274678
3.374840
2.936746
2.848438
3.351735
2.135808
3.324171
3.011322
1.938050
3.412576
3.390975
3.345002
3.462087
3.537591
3.462087
2.654057
3.068568
2.902813
2.593819
1.953017
1.916974
2.747847
2.507264
3.313541
3.288881
3.288881
2.369288
2.401606
3.466044
2.810893
3.417962
3.026781
2.761144
2.942129
2.815264
2.665915
2.485528
2.234338
2.044220
0.453421
0.453421
0.957696
1.312957
1.011789
0.837045
0.878040
1.142443
1.913125
1.803527
1.592178
2.208342
2.461734
1.715560
2.199678
1.729997
1.599942
2.067666
1.307907
1.624691
1.722740
2.693615
1.736527
1.446849
1.249176
2.962332
2.627309
3.018013
2.548070
2.481273
2.632126
3.313201
3.122170
1.640374
1.583925
2.499424
2.666376
3.171696
1.728768
2.666376
3.117539
2.094743
2.108392
2.512110
2.512110
2.361758
2.610456
1.868434
2.830290
3.006108
2.513141
2.847082
3.133605
3.459523
2.899674
3.158930
2.996641
3.128185
3.329032
3.374840
3.272221
2.135808
3.250593
3.385332
2.713287
3.424201
3.526485
2.273581
2.445912
3.466993
2.477214
2.477214
3.466561
2.765873
3.285974
3.485136
2.747847
2.747847
2.254199
2.507264
3.156343
3.342890
3.395085
2.380877
2.197901
2.359266
2.485528
1.893670
1.838455
2.403899
3.106195
3.099021
2.916692
3.081541
2.485528
2.660784
2.449651
2.472189
2.216980
1.005978
0.604606
0.707214
0.547847
1.415844
1.803527
2.065625
2.104997
1.623311
1.638770
1.951735
1.638770
2.067666
1.686981
1.843970
1.570307
1.712081
1.841346
1.579576
1.467910
1.757708
2.849688
1.343785
2.030354
3.002409
2.030354
1.267779
2.573778
2.854743
2.505579
2.440176
2.369094
2.548752
1.703375
3.056812
2.396646
2.511859
3.042063
2.505579
2.294568
2.590055
2.465395
2.461636
1.728946
2.818455
2.642570
2.512110
2.836612
2.836612
2.812624
2.897366
2.798976
1.671890
3.272221
3.272221
2.848438
2.214263
2.579353
2.548726
3.329032
3.400621
3.390975
3.489309
3.317360
3.342422
2.271962
2.117460
3.223547
3.321018
2.290183
3.364352
2.810893
2.834091
2.902813
2.080166
2.689855
2.440239
3.254579
2.661561
3.186366
3.223547
3.064944
2.603593
3.306537
2.661561
1.939738
1.836545
2.208612
2.571163
2.660007
2.893510
2.236704
0.569054
0.569054
1.242495
1.371946
1.094435
0.955242
1.740591
2.032514
1.913125
1.520717
1.920155
1.729997
1.729997
1.961551
2.213773
1.715560
1.256597
2.135675
2.146339
2.070809
1.204054
2.142970
1.204054
1.774828
1.626231
2.376857
2.376857
2.087631
2.506822
2.476846
1.746193
1.851454
2.052984
1.810679
1.703375
2.501480
2.087631
2.126964
2.394261
2.505579
2.126964
2.322706
2.503770
2.573778
2.511906
2.584533
2.396646
2.566226
2.505579
1.877732
2.611435
2.554491
2.747978
2.055945
2.509822
2.361705
2.961937
2.836612
2.847082
2.546809
3.047349
2.846716
2.965124
2.490297
1.612502
1.646809
1.868649
1.713220
2.083854
2.352309
2.392294
2.199058
3.397421
3.493287
3.482449
2.025160
2.309966
2.404262
2.440239
3.338139
1.803553
3.026781
2.956105
2.752530
3.018864
1.830671
2.104445
2.571163
2.529725
3.100508
2.589244
1.434077
1.354722
1.378247
0.885638
1.073941
1.415844
1.520717
1.195044
1.335235
1.831256
1.550675
1.520717
1.729997
1.951735
1.461388
1.367772
1.729997
2.177935
2.065625
2.032514
2.146339
2.180054
1.808390
1.712081
2.240646
1.378375
1.560390
1.560390
1.730268
2.602793
2.236013
1.859899
2.846071
2.765929
2.476846
2.410062
2.179015
2.181542
1.640374
2.322706
2.713588
2.425206
2.874375
1.877732
2.053306
2.206195
2.431419
2.520464
2.520464
2.521540
2.520464
2.520464
2.118774
1.618979
2.812624
1.824383
1.697452
2.918326
2.694202
3.047349
2.996641
1.619672
2.490297
3.206076
3.206076
2.357892
3.385609
3.170372
2.656698
2.490297
3.393655
3.410527
3.199752
2.451999
1.982895
1.839902
3.371849
3.351735
2.084942
3.351735
2.208380
3.383795
2.327779
1.953017
1.647083
2.392568
2.206582
2.098062
3.374081
2.576029
2.231539
2.290183
3.217145
3.102915
2.061864
3.064944
2.419595
2.753678
2.404262
1.837706
3.018864
2.208612
2.441566
2.843840
2.819587
2.752530
2.468793
2.329061
2.507350
0.453421
1.056884
1.375407
1.243026
1.340123
1.089404
0.995394
0.837045
0.799431
1.312957
1.312957
1.126693
1.079889
1.179547
1.292605
1.905209
1.246488
2.065625
1.661518
1.518218
1.928277
1.748095
2.007574
1.843970
1.764264
1.864024
1.964298
1.467910
1.611540
1.456534
1.670592
1.375145
2.109084
1.267779
2.506822
1.267779
1.774828
2.476846
2.264761
2.087631
2.505579
1.979058
1.529400
2.249150
2.505579
2.982962
1.923663
2.461636
1.784218
1.970734
2.521540
2.453663
2.511859
2.521540
2.642570
1.881165
1.907079
2.961937
2.822723
2.119870
2.798976
2.846716
2.033118
1.711792
1.568901
2.864410
3.308139
3.170526
3.334538
3.250593
2.947859
2.947859
3.204437
2.711652
2.711652
3.204437
2.369360
3.371858
3.471023
2.256801
3.342124
3.406291
3.400621
3.478224
3.521732
3.405517
3.162563
1.656305
2.042594
2.098062
3.262683
2.116030
3.343447
3.278660
1.916974
2.042594
2.290183
3.217145
3.342890
2.960727
2.487151
2.972787
2.854833
1.899120
2.624789
2.789276
2.665515
2.580011
2.150226
2.179652
0.718656
1.179903
1.232119
0.879849
0.935079
1.387302
0.739706
0.633629
1.050485
1.415844
1.652933
1.740591
1.740591
1.740591
1.430969
1.812891
1.341453
1.518218
1.929283
2.062119
1.864024
2.065625
1.179547
1.631982
2.030513
2.135778
1.582714
2.068110
2.259585
1.618750
1.713448
2.052984
2.765929
2.100502
1.856666
1.856666
1.986160
1.757666
1.660540
1.667926
1.600229
2.698988
2.061796
2.016776
2.133608
2.403545
1.663076
2.244490
2.467059
2.588821
2.467059
2.511906
2.273517
2.264924
1.820593
1.671177
3.119533
2.864410
3.047349
2.936550
1.706447
2.864410
3.258536
2.622924
3.334538
3.334538
3.034584
3.385609
2.341721
3.364352
2.088354
2.061406
3.236514
1.974741
3.128695
2.122654
2.440239
2.406445
2.252072
2.420240
2.380877
2.792939
1.903440
2.686660
2.303750
2.754048
2.960727
2.146338
2.263093
1.981617
1.840940
2.854833
2.766975
2.096322
2.799545
3.022259
2.578748
2.250262
2.413292
2.168205
1.252128
0.604463
1.163954
1.386064
1.089404
1.065387
0.997202
0.701818
1.218275
1.218275
1.740591
1.341453
1.246488
1.812891
1.353085
1.367772
1.936633
1.246488
1.813695
1.341453
1.613847
1.729034
1.030739
1.138502
1.424528
2.051399
1.764264
1.983689
1.831843
1.220787
1.171586
1.256745
2.135778
1.856259
1.698222
1.941820
1.916110
1.343785
1.698222
1.941820
1.447613
1.553004
1.933948
1.670592
1.611540
1.375145
1.786723
2.510361
2.472701
1.747353
2.344017
2.052984
2.354263
2.569218
2.440721
2.366123
2.366123
2.267000
2.034318
2.444643
2.444643
2.721520
2.386096
2.336509
2.614575
2.313301
2.160705
2.298990
2.119870
2.667607
2.948245
3.020490
2.918326
2.745067
2.481500
2.656698
2.302513
3.226498
2.448852
2.677154
2.938558
2.199058
3.508506
3.470148
1.839902
2.029652
2.157794
3.410527
3.319656
3.069310
3.069310
2.029652
3.321018
1.786349
1.630112
3.153751
3.405783
2.088354
3.128695
2.327779
1.782303
3.132340
2.025783
2.976162
1.852880
2.714440
2.956105
2.030686
2.087170
2.236704
0.642809
0.570840
1.073941
0.981298
1.248831
0.744229
0.896830
0.845423
1.144431
0.932809
1.281853
1.268427
1.328673
1.257806
0.771148
1.013121
0.932913
0.932913
1.165563
1.246488
1.341453
1.276977
1.862264
1.862264
1.420145
0.701818
1.453345
1.093924
1.030739
1.983689
1.929283
1.865377
1.764264
2.051759
1.728486
1.318327
1.334303
1.705495
1.667020
1.491821
1.714374
1.651700
1.660540
2.013851
1.789278
2.314269
2.239225
2.435458
1.827239
1.827239
1.918597
1.979058
1.996695
1.757666
2.440721
2.433875
2.109033
2.594033
2.793285
2.361705
1.463615
2.470506
2.635667
2.313301
2.470506
2.477339
2.594789
2.867700
2.298870
2.796531
2.168334
2.948245
3.025818
2.864410
3.165811
1.774189
3.167931
3.153890
3.268164
3.242914
3.323022
3.308139
2.338276
2.416961
2.622924
2.569437
1.953588
3.034584
2.448852
2.460126
1.679624
3.069310
3.403641
2.413136
2.044063
1.858961
3.029330
1.933589
1.925544
3.148662
2.543507
3.052374
1.690011
2.960727
2.833634
2.212359
2.780597
2.665515
2.934909
2.786283
1.281853
1.032929
0.957187
0.808800
0.612487
1.008787
0.847337
1.330812
1.518218
1.909832
1.616778
1.595212
1.376115
1.508677
1.872745
1.505177
1.356176
1.719098
1.832208
1.398002
1.896883
2.302812
1.521595
1.554906
2.195354
2.109033
2.776407
2.698988
2.399603
2.331208
2.105182
2.588821
2.510640
2.219479
2.225029
2.463254
2.482158
1.525445
1.882689
2.264924
2.240405
3.022576
2.867700
2.099878
2.861191
2.298870
2.906850
2.088734
2.995122
2.075482
1.817885
3.062908
2.872207
3.234656
3.242914
3.341817
3.315130
3.385609
3.498706
3.170033
3.308139
2.885325
3.410527
3.498706
3.461213
2.243062
2.111455
3.017347
1.531897
2.061406
3.267126
3.317188
1.775098
2.098541
1.824180
3.199046
2.003408
3.104996
2.867251
1.775098
2.548191
2.645561
2.102946
1.977740
2.806377
2.843840
2.688647
2.232754
2.291174
2.187410
2.151133
0.852206
1.268427
0.766425
0.633629
0.861496
0.957966
1.093689
1.545114
1.740591
1.330812
1.330812
1.547203
1.491647
1.467286
1.318327
1.420228
1.508677
1.375145
1.595212
1.479507
1.356176
1.479507
1.479507
1.763126
1.793241
1.712481
1.945293
2.293209
1.793241
2.276068
2.130358
2.477657
2.366529
2.663025
2.554376
2.389844
2.389844
2.615598
2.559626
2.479892
2.405567
2.163768
1.882689
2.092647
2.319341
3.234656
3.234656
2.182132
3.153890
2.936550
2.667607
2.667607
3.242914
1.767843
2.995122
3.026671
3.234656
2.885325
3.026671
1.767843
2.862832
2.872207
2.692103
2.102867
1.726441
3.380682
2.953617
1.986053
2.202306
2.276503
2.329794
1.839902
3.343175
3.395657
3.352311
1.887462
3.148662
3.377723
1.765658
1.952801
3.286370
3.132340
3.267126
3.002643
1.657926
2.166544
2.093808
2.057208
1.738952
1.627151
3.068177
2.407084
2.824520
2.824520
2.280938
2.061864
2.875591
2.407084
2.280938
2.195495
2.978218
2.786283
2.578748
2.526960
0.749007
0.705523
0.836096
0.999224
0.752386
0.782270
0.642809
0.830947
0.910318
1.545114
1.095792
1.051380
0.999224
1.420228
1.330378
1.545114
1.691349
1.314326
1.330812
1.328764
1.793634
1.051380
1.624855
1.252378
1.508677
1.777507
1.725478
1.547203
1.673355
1.491647
1.367566
1.505177
1.329980
1.604031
1.667020
2.021054
1.717005
2.082153
2.225029
1.853573
2.012424
2.105182
1.836267
2.012424
2.124536
2.276068
2.482158
2.319752
2.405567
1.444917
2.615598
2.555042
2.628900
3.059660
3.076456
1.935532
1.628918
1.619599
2.374455
2.995122
2.431899
2.385905
2.125184
3.062908
3.170256
3.026671
2.469460
3.390196
2.460126
2.460126
1.574861
1.619599
2.002953
2.079913
1.876946
1.701488
3.051623
1.596277
1.701488
3.050652
3.276747
2.955807
2.967088
2.323074
2.399723
2.407084
2.754064
3.171161
1.855374
2.267714
2.907932
2.645561
2.405143
0.943231
0.830428
1.065510
0.744229
0.757515
0.808468
0.808992
0.931099
1.057016
0.872257
1.698706
1.635076
1.719993
1.057016
1.336411
1.449387
1.336411
1.354038
1.107431
1.193635
1.097604
1.623995
1.440770
1.705495
1.306563
1.318327
1.412402
1.420228
2.083575
1.884395
1.651991
1.410443
1.891759
1.836267
1.610407
2.003185
1.491728
1.384867
1.641455
1.700514
2.293025
1.975229
1.433416
2.274513
2.234003
2.105549
2.463254
1.506302
1.525445
2.226139
2.043051
2.222081
3.285980
3.149842
2.160231
1.677296
3.288003
2.007931
3.012839
3.372065
2.950186
2.936550
2.307789
1.682456
1.637069
2.302513
1.685063
1.685063
1.787316
1.599683
3.457691
2.035694
1.726441
1.876946
3.017347
1.979364
1.737397
3.106750
3.176157
2.983750
1.888487
3.164352
1.738952
2.950435
1.775616
1.898775
2.776883
2.814322
2.190552
1.906853
2.569709
2.366374
0.772637
0.852206
0.688433
1.047854
0.642809
1.072159
1.191507
0.834741
0.719797
0.834346
0.923749
1.109331
1.057016
0.872257
1.084022
1.037947
1.354038
1.379636
1.483935
1.249066
1.196437
1.210807
1.115522
1.493456
1.351804
1.830332
1.754775
2.049006
1.522857
1.487457
1.479507
1.763126
2.141057
2.018206
1.484718
2.311095
2.255886
1.958958
2.407120
1.959303
2.039457
2.218450
2.177830
2.035008
2.099878
2.213167
2.479892
3.076456
2.153287
2.084599
1.526469
2.163701
2.153287
2.007585
2.182132
2.235734
2.289711
2.163701
1.580997
2.129419
2.226139
1.894705
2.027626
1.506059
3.003044
3.097124
3.288003
2.847013
1.842224
2.954408
2.950186
2.097934
2.075043
2.075043
2.276503
3.318039
2.307789
2.056541
1.762589
2.862832
3.323022
3.358993
2.035694
3.017516
3.017516
2.900719
1.847032
1.890779
1.764244
1.583439
3.398777
1.887462
3.235101
3.398777
1.584291
3.036104
3.022080
3.120345
2.953617
2.893985
3.089697
2.836969
1.897056
1.638563
2.020808
1.985064
2.864737
3.007821
2.399267
2.181088
1.687161
2.407084
2.284532
2.190552
2.407084
2.208504
2.267714
2.247262
2.893963
2.232754
0.777056
0.703854
0.776426
0.768769
0.688433
0.839443
0.819159
0.784443
0.784443
0.846611
1.502184
1.536908
1.515312
1.493384
1.050947
1.166968
1.316898
1.493456
1.024388
1.338027
1.351804
1.317299
1.351804
1.516244
1.149126
1.535627
1.360285
1.572644
1.565718
1.787836
1.795241
1.857220
3.003044
2.250283
2.188708
2.305985
2.160231
2.104131
2.205229
2.253965
2.231134
1.888883
2.222081
1.894705
3.318039
2.950186
2.928646
1.949536
2.954408
2.077033
2.872207
3.268164
3.272202
3.022080
2.818991
2.862832
2.002953
1.774024
3.039039
1.803374
1.765658
1.897056
3.109534
1.765658
1.743937
1.740463
2.814322
2.864737
3.138618
2.984862
2.059668
2.213698
3.080748
2.175484
1.930577
2.151664
2.247262
2.284532
1.906853
1.916091
2.175484
2.208504
2.054498
2.301702
2.869152
1.939875
2.804113
2.645561
2.453895
0.836793
0.865613
0.830261
0.832782
1.296550
0.872257
0.770428
1.515312
1.190166
1.314326
1.213297
0.981129
1.629272
1.084022
1.582649
1.877520
1.300853
1.418270
1.427060
2.065815
1.771223
1.751595
1.893270
2.098977
2.837498
1.947752
2.941282
1.737015
1.810348
2.928646
1.947099
1.847032
1.815169
2.990137
1.796331
2.954408
2.448852
2.181058
2.112647
2.925651
2.371783
2.258410
2.265311
2.107477
2.183446
1.734558
2.818991
2.895368
2.371783
3.367950
2.914823
3.336524
3.256690
3.037090
1.807144
2.056541
2.914823
3.109534
2.930980
3.377723
1.945066
2.908128
1.807691
2.983750
3.106750
3.128108
3.087214
1.792528
1.797628
3.082336
3.099689
2.747277
2.689415
2.623802
2.847208
3.024857
2.998615
2.499893
0.871656
0.820024
0.810823
0.683112
0.959135
0.830947
0.954443
1.109331
0.959135
1.059990
1.282095
1.256912
1.420228
1.059990
1.088295
0.915309
1.166968
1.166968
1.363182
1.363182
1.513288
1.629272
1.062950
1.714540
1.411795
1.604021
1.627358
1.516244
1.745032
2.368196
1.882593
2.941282
3.190591
3.281582
3.116419
2.226195
2.864413
1.876079
1.876079
2.864413
2.853423
2.006052
2.736094
3.241819
3.040534
2.177920
2.335078
2.371783
2.010439
1.885270
3.256690
3.128620
3.226100
3.371302
3.342232
1.734558
2.937137
2.924333
1.818947
1.774024
2.914823
2.895368
2.806806
1.887380
1.776846
2.666653
2.628684
2.019608
2.287546
2.387232
0.720221
0.705675
0.945429
0.752618
0.795838
0.860957
0.811384
0.850138
0.925895
0.877775
0.834741
0.858749
0.954443
0.850138
0.952369
0.944335
0.941184
0.828253
1.286340
1.279305
0.921475
0.984328
1.076580
1.088295
1.208244
1.131462
1.213297
1.137125
1.261418
1.594379
1.289842
1.317299
1.190468
1.732271
1.411795
1.547406
1.547406
1.460021
1.627358
2.367529
2.262269
2.262269
2.262269
2.005669
1.958179
3.152498
3.342232
2.915145
1.745929
2.963425
1.917759
2.181177
3.271895
3.023758
3.077999
2.010439
1.971577
1.971577
3.374604
3.371302
2.937137
1.617460
3.343175
1.793680
3.060657
2.978477
1.898546
2.530445
3.067045
3.164352
1.741056
3.067045
2.154402
2.906843
2.059668
2.704030
2.906843
2.734396
3.180567
0.996716
0.757225
0.767293
0.750869
0.889355
0.834308
0.954461
0.931310
1.197565
1.282095
1.094427
1.172207
1.120634
1.229409
1.322238
1.629370
1.349380
1.732271
1.899998
1.886337
1.572644
1.604021
1.754053
1.654899
1.672308
1.754053
2.941282
2.852306
1.876536
1.893270
3.057060
2.928722
2.177920
1.933166
2.915145
3.235242
2.056366
2.963425
2.999663
2.075022
2.075022
3.374604
1.888275
2.682018
1.779256
1.808352
1.840085
3.128620
3.374604
3.060657
2.924333
1.904267
2.060755
2.785080
2.151664
2.454777
2.704030
2.429794
0.811609
0.771690
0.801293
0.801293
0.783685
0.815018
0.750293
0.846695
0.900226
0.877775
1.009833
0.659812
1.000619
0.961536
0.944335
1.020794
0.847181
0.983921
0.941335
1.007538
1.047782
1.111203
1.117305
1.084855
1.117305
1.117305
1.044502
0.952369
1.208244
1.019011
1.131462
1.168209
1.261418
1.362624
1.172207
1.513288
1.289842
1.158899
1.506263
1.376847
1.661571
1.646344
1.218513
1.800325
1.661571
1.308967
2.053408
1.388480
1.427060
1.604217
2.080844
1.755848
2.188864
1.672308
1.648638
2.427731
2.023725
3.150676
3.215374
3.150676
2.070957
2.266144
2.070957
3.066204
2.902893
2.963425
3.102094
2.803266
2.902893
2.034721
2.034721
3.077999
1.808352
2.726939
2.806806
1.650211
2.956385
1.751173
1.798532
2.586370
2.503943
1.986870
2.732023
3.044854
1.862208
2.859250
2.633119
2.578647
2.767582
2.499893
0.851380
0.795200
0.942285
0.809913
0.947187
0.787788
0.705675
0.807481
0.714077
1.013174
1.116186
1.116186
1.059990
1.229822
1.337311
1.300396
1.517340
1.318434
1.654093
1.630934
1.841441
1.841441
1.313661
1.388480
1.981802
1.649448
1.583289
1.555021
1.654899
2.939098
2.592379
1.933782
3.150676
3.057060
2.915145
3.066204
2.975385
2.935164
1.778804
2.048706
2.145466
2.853829
2.958583
3.273202
1.774024
2.946970
2.946970
1.808352
3.026911
3.034400
2.927184
2.613407
2.567103
2.564827
2.513066
3.052960
2.151664
1.886308
1.905689
2.187671
2.293101
0.748364
0.789483
0.900027
0.899656
0.751785
0.957649
0.999385
0.931811
0.922473
0.843931
0.988149
0.988149
1.125049
1.089103
1.152453
1.043618
1.135282
1.124052
1.135282
1.212684
1.263480
1.220101
1.329303
1.370262
1.494873
1.488266
1.465224
1.828202
1.319815
2.053408
1.769923
1.686609
1.540954
1.496137
1.406589
2.099566
1.583289
2.440309
2.388994
2.521891
2.388994
2.746830
2.592379
2.852306
2.566400
2.243213
2.417380
1.730618
3.039796
2.861097
3.171079
2.056366
1.716813
2.638313
2.966800
2.982531
3.235242
3.171079
1.968782
2.861097
3.102094
3.132486
3.066204
2.008074
3.026911
2.958583
2.576749
1.952027
1.916191
1.863980
1.824283
1.710537
2.978477
1.981798
1.890794
1.939614
3.052960
3.067045
1.815414
2.415416
3.185844
2.586370
3.052960
3.101176
2.028774
2.059668
2.466274
1.978871
1.922181
2.387232
2.271782
0.799041
0.900027
0.812290
0.883696
0.787657
0.909361
0.902840
0.715726
0.791623
0.789075
0.828551
0.901189
1.078485
0.966081
1.249068
1.227108
1.292459
1.227108
1.215279
1.197046
1.300396
1.300396
1.495599
1.375435
1.782155
1.348016
1.313204
1.307779
1.604217
2.083040
2.169510
2.028076
1.477460
2.386050
2.696797
2.723897
1.669625
2.964147
2.603378
2.603378
2.114604
2.828747
2.957139
2.091888
1.983156
2.199555
2.565595
2.630038
3.193023
2.845993
2.097980
3.102094
2.979840
2.861097
2.887409
2.958583
2.081110
2.006322
2.565595
2.450784
2.992404
2.997841
1.962687
2.001961
1.860852
3.116869
2.293928
3.015411
1.846935
3.074022
2.429575
1.809742
0.909361
0.920087
0.974672
0.828551
0.784109
0.787543
0.911239
0.966081
0.982774
0.808895
0.879651
1.067349
1.076223
1.138688
0.982774
1.152453
0.920087
1.043618
1.143692
1.171234
1.275938
1.156850
1.278893
1.300396
1.298998
1.313204
1.604217
1.388480
1.458152
2.272412
2.169510
2.409548
2.223546
1.521175
1.583289
2.489285
2.625893
2.601259
1.704198
1.629620
2.505488
2.723897
2.949615
2.688422
1.629620
3.068238
2.372884
2.638313
3.103068
3.044586
3.044586
2.222316
2.114604
2.788716
2.630038
3.103068
2.091888
1.904879
2.954150
2.845993
2.012738
2.450784
2.009149
3.074022
2.339031
2.870616
1.935249
2.513066
2.643017
2.838339
2.705289
2.609129
1.738867
1.027448
1.032218
1.167027
1.064506
1.345931
1.407273
1.289842
1.457473
1.394745
1.411551
1.517930
2.178433
1.357226
2.601259
2.489285
2.393096
1.363339
2.234585
2.169510
2.518575
1.521175
1.530622
2.723897
1.578711
2.795978
2.949615
2.949615
2.921184
2.603378
2.910961
2.203253
3.010755
2.638313
3.011323
2.497492
3.093406
3.093406
2.012738
2.954150
1.871318
2.988262
3.168652
2.057167
2.017387
2.942766
3.116869
2.088214
2.406977
2.925878
2.705289
2.532003
1.814820
0.951721
1.363831
1.363831
1.388659
1.436490
1.364675
2.409548
1.559618
2.591172
2.460275
2.518575
2.696797
1.475910
1.494890
2.949615
2.949615
2.497492
2.091888
3.103394
3.103394
1.924802
2.091888
2.942597
2.199555
2.382380
2.466715
3.078405
2.070758
3.167189
1.880764
3.070882
2.868150
2.088214
2.728641
2.928738
1.989267
2.400830
1.781514
2.539358
2.596412
2.463108
1.897335
1.815609
1.384091
1.610917
1.331169
1.436490
1.390766
1.390766
1.452175
2.625893
2.588866
2.599272
1.559618
2.382380
3.010192
2.630038
2.160506
2.273104
2.088886
2.450784
2.503943
2.743508
2.916849
2.473067
2.338724
2.683290
2.494199
1.630222
1.749234
1.258905
1.310563
1.383981
1.509653
1.777050
1.361921
1.374253
1.347647
1.423970
1.347647
1.416577
1.482318
2.607856
2.534080
1.544560
3.010755
3.010192
2.342273
3.022183
3.070882
2.273104
2.342273
3.040380
3.013814
2.531513
3.013814
1.946144
2.916849
3.041520
1.946144
2.237810
1.781514
1.706542
1.776811
2.150294
1.882008
1.295963
1.294451
1.310563
1.869095
1.354695
2.444822
1.393430
1.390766
2.504790
1.343108
1.406431
1.442038
2.351441
1.645784
3.070229
2.891332
2.891332
1.594324
3.029972
2.988150
2.869608
2.056325
1.791815
2.699846
1.835003
2.473067
2.238138
1.859478
1.869003
1.724309
1.393430
2.349599
2.441337
1.410205
1.362767
3.091508
3.101619
3.101619
3.158556
2.118390
2.006723
1.924802
3.098166
1.967141
2.018026
2.747766
2.861026
2.869608
1.946144
2.406977
2.405503
2.706648
1.835003
2.607767
1.666633
1.374253
1.457447
2.157491
2.031258
1.423970
1.403339
1.406431
1.452192
2.534080
3.155843
3.091508
3.029972
3.029972
2.108041
2.124855
2.998887
2.391127
1.898789
2.926927
2.861026
2.306056
2.071057
1.965517
1.392085
1.381316
1.383981
1.331169
1.846828
2.082758
1.439122
1.374060
1.354954
2.349599
2.312613
2.279027
1.321874
2.531718
1.337561
3.101619
3.096797
2.261126
2.304807
2.926927
2.987724
2.919296
2.926927
1.967141
2.066999
1.895490
1.898789
2.335953
2.335953
1.745230
2.372031
2.762716
2.341510
2.573198
1.743511
1.692877
1.823564
1.464533
1.408430
1.337565
1.350379
1.337565
2.305405
1.406431
1.410205
1.484977
3.087887
2.251951
2.251951
1.862481
1.597224
2.013966
2.124855
2.260995
2.066999
2.676384
2.239631
2.277584
2.239631
2.676384
2.559986
2.573198
2.071057
1.442097
1.328594
1.294451
1.418618
1.408430
1.441372
2.470215
1.337561
1.392888
3.096797
2.909634
3.010524
3.029050
2.926834
2.833185
2.251951
2.796510
2.108041
2.840257
2.277965
2.778690
2.665353
2.869608
1.828789
1.859128
1.771193
2.035640
1.919820
1.449196
1.374060
1.469811
1.374060
1.374060
1.242740
1.363265
2.166060
3.128011
2.147568
2.282887
2.840257
2.985638
2.251951
2.796510
2.796510
2.108041
1.735258
2.776461
2.191318
2.124949
2.213890
2.776461
2.559986
1.949182
1.689257
2.486529
1.618304
1.569373
1.983341
1.981023
1.394763
1.405550
2.089815
1.469811
1.400695
1.422377
1.359788
1.320918
3.096797
3.128011
3.034236
1.515469
1.983260
2.738962
2.614699
2.926834
2.778690
2.567735
2.247386
2.218555
2.342316
1.711102
2.370502
2.222995
1.818964
1.455908
1.487535
1.415320
1.361921
1.371028
1.408430
1.326598
1.326598
3.034236
2.783048
1.507885
2.844616
2.992795
2.022311
1.553688
2.674926
1.971273
2.147951
2.618689
1.983260
2.021876
1.901244
2.434494
1.865654
1.447890
1.392085
1.268456
1.637305
1.638719
1.326598
2.659834
2.112660
1.529504
2.892988
2.686431
2.674926
2.738962
2.149115
2.309609
2.147951
2.054792
2.561198
2.504980
2.324106
2.480096
1.994880
2.079361
2.106725
2.092608
2.212570
1.353541
1.394763
1.374792
1.375480
1.326598
2.659834
2.494486
2.604416
2.801208
2.577025
2.812446
2.707014
2.812446
2.251951
2.054792
2.442805
2.428134
2.064423
2.108783
2.246002
2.080729
1.800001
2.331687
2.061062
1.782990
1.884096
1.884096
2.338197
2.058617
2.279045
1.415921
1.444142
1.424523
1.399290
1.391105
1.339602
1.348405
1.481338
1.431346
1.405550
1.420275
1.420275
1.378573
2.494486
2.643847
1.400810
1.846987
1.986089
2.166239
1.811465
1.952316
2.143708
2.143708
1.957426
2.618689
2.366370
2.158700
2.089712
2.553481
2.047689
1.988267
2.070428
1.289129
1.271069
1.373258
2.196022
2.086774
1.319529
1.319529
1.319529
2.056777
2.494486
2.522948
1.309031
2.032983
2.405085
1.349031
2.221154
1.937051
1.846987
2.039420
1.934254
2.101956
2.463405
2.080729
2.276781
1.318054
1.415921
1.447890
1.356864
1.399290
1.373258
1.622654
1.300895
1.796029
1.393705
1.912408
1.883361
1.431346
2.034064
1.420275
1.990866
1.307587
1.368115
1.413120
1.375480
1.268766
2.729205
2.716788
2.357859
2.547094
2.547094
1.541445
1.937051
2.442805
2.302054
2.135950
1.637305
1.414131
1.270079
1.361233
1.414131
1.702354
1.420217
2.034064
1.466543
1.843101
1.347553
2.084292
2.077538
1.519461
2.643847
2.349316
1.846987
1.856200
1.872235
2.258778
2.367034
2.428134
2.366370
1.986858
1.500817
1.554033
1.510118
1.420217
1.796029
1.702354
1.352268
1.352268
1.420217
1.466543
1.848297
1.967468
1.819974
1.900704
1.973877
1.910730
1.978830
2.101132
1.462492
1.278211
1.368906
2.248785
2.435559
2.454424
2.729205
2.431422
2.716788
1.502468
1.372042
2.283032
2.329321
1.643938
1.845089
2.219011
2.143708
2.059627
1.929943
1.961146
2.243987
2.090212
1.996061
1.500817
1.420217
1.661242
1.843101
1.466543
1.422335
1.627030
1.978830
1.912588
2.084292
2.084292
1.984389
1.854156
2.101132
1.413716
1.306634
1.541430
2.144461
2.435559
2.435559
2.335362
2.463113
1.778865
2.018531
1.321106
2.366732
2.547094
1.732085
1.701381
1.446768
2.019056
1.903707
1.866747
1.809112
1.804262
2.060507
2.200512
2.162473
2.000170
1.661242
1.425085
1.533863
1.719412
1.912588
1.757057
1.678632
1.707686
1.402292
1.422335
1.745677
1.745677
1.618190
1.499724
1.378412
2.144461
2.136725
1.368906
1.467818
1.368906
1.270045
1.320653
2.116786
2.218330
2.463113
2.221154
1.777346
2.019056
1.996061
1.425085
1.402292
1.707686
1.656109
1.704925
1.372485
1.776107
1.618190
1.543944
1.557864
1.344024
2.066757
2.335362
1.237404
2.231182
1.537584
1.673955
2.167392
1.713698
2.089272
1.927492
1.706953
1.437801
1.489562
1.398823
2.136725
1.377515
1.191781
2.231182
2.066757
1.917843
1.430061
2.070922
1.391481
1.945725
1.837185
2.271884
1.876721
1.979788
2.115714
1.426188
1.363590
1.436752
1.593301
1.398823
2.144461
2.144461
2.222125
1.977680
2.259219
1.841396
1.392733
1.506399
2.072616
2.175285
2.129266
1.876721
2.202941
2.156005
1.396945
1.511168
1.678632
1.542012
1.398823
2.136725
1.349114
1.220106
1.917843
1.392733
1.677681
2.202092
1.647655
1.799006
1.702102
2.017318
2.209727
2.019407
1.296031
1.469932
1.608763
1.562366
1.437801
1.479025
1.586543
1.577188
1.328654
1.502920
1.351622
1.917843
1.577157
1.782894
1.723469
1.662997
1.884952
1.961854
2.054461
2.019375
1.199301
1.308624
1.528629
1.438735
1.500026
1.971231
1.437801
1.971231
1.500026
1.471632
1.658020
1.658020
2.252503
1.489271
1.339256
1.310086
1.465169
1.765213
1.662997
1.396945
1.401973
1.321916
1.436752
1.454412
1.411429
1.916658
1.916658
1.282900
1.971231
1.977680
1.675116
1.755360
1.772989
1.888311
2.054461
2.038962
1.845001
1.811290
1.195608
1.216048
1.264393
1.264393
1.411429
1.380938
1.412842
1.282900
1.325424
1.470543
2.031402
1.645690
1.744346
1.191263
1.562585
1.457835
1.178014
1.199273
1.296031
1.398622
1.166862
1.181797
1.308624
1.123082
1.436383
1.918253
1.695291
1.742999
1.598254
1.645690
1.832572
1.811124
1.216048
1.238128
1.137887
1.207019
1.217301
1.332515
1.541674
1.712884
1.712884
1.540319
1.175805
1.213959
1.096359
1.175805
1.231901
1.218978
1.264045
1.162931
1.742999
1.658774
1.455020
1.433399
1.342432
1.394067
1.797467
1.191263
1.191263
1.507909
1.175805
1.197062
1.309061
1.225495
1.285434
1.301464
1.564579
1.385929
1.163455
1.166862
1.096859
1.543230
1.225523
1.143974
1.182616
1.182616
1.110305
1.110305
1.325529
1.240053
1.490130
1.371567
1.321017
1.241213
1.332361
1.266014
1.294779
1.330598
1.330598
1.454257
3.825189
4.209615
4.072074
4.011341
1.729997
2.144461
1.375435
1.293820
1.229409
1.463607
1.218513
1.224161
1.298000
1.604217
1.469259
1.396875
1.224161
1.375435
3.759896
3.567302
3.825189
4.444332
4.083175
4.093974
3.845338
1.840800
1.840800
1.500045
1.389836
3.578744
3.837150
3.753195
