9671 1 3
1.488073
1.582609
1.590667
1.473989
1.654201
1.374328
1.453735
1.629176
1.494324
1.569167
1.603992
1.751595
1.850427
1.753011
1.773797
1.803689
1.840516
1.431221
1.710018
1.667792
1.453735
1.666474
1.714845
1.682584
1.459764
1.702787
1.608943
1.680221
1.726944
1.706688
1.917983
1.841870
1.743860
1.916479
1.923751
1.902846
2.051960
1.398027
1.490320
1.420520
1.370867
1.443459
1.506686
1.398027
1.548062
1.472445
1.808761
1.467860
1.506686
1.585061
1.557704
1.889781
1.955371
1.659370
1.697889
1.975046
1.743860
2.047649
1.972177
1.993631
1.970988
1.970988
2.110980
2.120423
2.192117
2.136765
1.490320
1.484325
1.415440
1.252577
1.260437
1.710018
1.741704
1.896674
1.633978
1.917983
2.012567
1.917982
1.758883
2.190716
2.113275
2.214971
2.214971
2.202799
2.064245
2.040980
1.845447
1.137503
1.252577
1.649967
1.606529
1.925226
1.812693
1.809084
1.887479
1.868067
1.452886
1.603978
1.809084
1.980442
1.873200
1.650022
1.737031
1.990265
2.088742
1.990265
1.668991
2.027566
1.856221
1.736246
2.189742
2.064245
2.074191
2.405839
2.108485
2.384776
2.109806
2.222264
1.792191
1.269057
1.329448
1.233693
1.530792
1.542045
1.837664
2.118395
1.558890
2.007910
2.192600
1.685203
1.929845
1.993631
1.823104
1.913046
1.903926
2.305935
2.233883
2.312906
2.346025
2.346025
2.357775
2.040527
2.114704
2.419236
2.155463
2.168713
2.351958
1.402191
1.323395
1.088129
1.657523
1.188678
1.091693
1.292920
1.649967
1.744175
1.948078
1.226625
1.829150
2.041198
1.820796
2.028322
2.097167
2.221587
2.221587
1.773802
2.245996
2.245996
2.274459
2.426832
1.903926
2.431582
2.168713
2.275136
2.362636
2.362636
2.462854
2.416887
1.173575
1.282258
1.452526
1.174709
1.828119
1.887479
1.266307
1.289521
1.874771
1.904867
1.917601
1.961340
1.630240
1.457366
1.685203
1.839167
2.312906
2.345645
2.130676
2.155082
2.236729
2.515668
2.305935
2.515668
2.346025
1.854912
1.798640
2.462435
2.405839
2.464234
2.273748
2.654715
2.341462
2.433669
1.114943
1.102399
1.461560
1.347942
1.486919
1.150572
1.196122
1.958298
1.821099
1.153921
1.821099
1.973912
1.868250
1.948453
1.809084
1.829150
1.243071
1.311308
1.350900
1.980852
1.487292
1.580886
1.649457
2.097167
2.332879
2.118395
2.429237
2.192600
1.698776
1.728803
1.790943
2.519411
1.735067
1.867872
2.663553
2.597683
2.419236
1.834018
2.582196
2.618289
1.947463
1.998592
1.878662
2.409636
2.646347
2.522806
2.366309
2.415849
2.289991
2.492404
2.341462
1.041958
1.653862
1.789994
1.709452
1.809682
1.952056
1.166891
1.217099
2.051804
1.408524
1.917601
1.809084
1.459215
1.448692
2.060814
1.448692
1.749653
2.473504
2.473504
2.368257
2.186158
2.226377
1.867872
2.515668
2.578750
2.431137
2.532209
2.589364
2.643464
2.532209
2.645635
2.462435
2.667850
2.314484
2.674733
2.860498
2.710131
2.366309
2.354827
2.667643
2.648591
2.453697
2.415859
1.388979
1.603639
1.106836
1.809682
1.078481
1.041589
1.948453
1.277854
2.233594
1.989183
1.397589
1.397589
2.078434
1.524188
1.578303
1.516482
1.580886
2.114995
2.114978
1.790943
2.429237
2.371620
2.796252
2.314484
2.515668
1.892465
2.486126
2.625503
2.676450
2.488439
1.971295
2.039292
2.515659
1.910428
2.117431
2.363386
2.929282
2.700246
2.016626
2.718337
2.595097
2.642660
2.810768
2.832725
2.699069
2.674118
2.687584
2.555236
2.363505
2.326065
1.056942
1.407082
1.356316
1.356316
1.039587
1.041589
2.022350
1.952056
1.881402
1.956966
2.072520
2.185958
2.185958
2.077392
1.207762
1.306408
2.143717
2.252012
1.524188
2.564992
1.866113
2.733875
2.587223
2.812075
2.001352
2.432581
2.310919
1.892465
2.661036
2.742226
2.470514
2.856226
2.645635
1.889462
2.175976
2.024182
2.667850
2.392103
2.576721
2.321686
2.815302
1.898831
2.081867
2.118000
2.237037
2.795909
2.658063
2.778005
2.511134
2.496940
2.378310
2.378310
1.081896
1.067633
1.520182
1.882613
1.789994
2.002690
2.002690
2.050654
2.139588
2.267355
2.086123
2.163157
2.048840
1.162900
1.231525
1.231525
2.373788
2.373788
2.290923
2.166699
1.980852
2.371751
1.397843
1.498299
1.557562
2.341785
1.807839
1.866113
2.510194
1.790943
1.895728
2.742226
2.679573
2.189810
2.682816
2.864808
2.828215
2.474706
2.671928
1.995555
1.935380
2.883985
2.013691
2.190552
2.850731
2.674118
2.829797
2.536827
1.020794
1.082247
1.105664
1.032946
1.058289
1.081896
1.479462
2.020656
1.907823
2.003238
2.130526
1.882613
1.957854
2.163157
1.957854
1.137214
2.373788
2.273665
2.267355
1.457193
1.303105
2.081925
1.457193
2.131815
2.131815
2.190633
1.620427
1.578303
1.702008
2.335808
1.979297
2.910653
2.866405
2.392103
1.871332
1.934773
2.682816
2.735202
1.888329
3.108880
2.906701
2.648928
2.939781
1.848957
2.729354
2.896781
2.321686
2.474706
2.009830
2.190552
2.854223
2.089808
2.795909
2.515787
2.570965
2.753495
2.660739
2.570965
2.753495
2.275163
2.764853
2.392959
2.502289
2.439854
2.438541
0.973736
1.067633
1.308257
1.308257
1.688792
1.601305
1.095752
1.867722
1.915408
1.645580
1.831498
1.964326
1.115277
1.087205
2.273665
2.139588
1.189410
2.246718
2.246718
1.379060
2.013192
2.454148
2.371751
2.373788
1.535562
2.309165
2.131815
2.393104
1.960790
2.906282
2.466292
1.961458
2.388702
2.866450
2.701006
1.803953
3.135492
2.787159
3.050292
3.069026
2.620701
2.613871
2.674348
2.146338
2.089808
2.826896
2.989412
2.814399
2.360665
2.738877
2.951082
2.764853
2.656642
2.471979
2.753495
2.592067
1.614317
1.483659
1.329046
1.356316
1.072564
1.837815
2.013038
1.160911
2.182041
2.316338
2.341677
2.243204
1.145903
2.343567
2.166699
2.454148
1.511059
1.379060
2.525965
1.555744
2.774067
2.564992
2.624488
1.615853
1.681443
1.820044
2.346887
2.346887
1.681443
2.851643
2.682594
2.857950
2.388702
2.317174
2.898729
2.862843
1.922170
2.520444
2.587358
1.883057
2.522900
2.454784
2.454784
2.960529
1.916865
3.034625
3.231434
2.992198
2.071970
2.194724
2.257047
2.923208
2.845035
2.844763
2.681751
2.506466
2.845035
1.138235
1.883175
2.119475
2.001988
2.029755
2.182041
1.145903
1.203676
2.316338
1.244821
1.314976
2.371751
2.267245
2.427387
1.629003
3.049488
1.976518
2.016716
1.995725
2.393104
2.464644
1.961458
1.978385
1.949569
2.067046
2.503027
2.463225
1.851393
3.047121
1.880301
2.804811
3.098732
2.627728
3.111356
2.885384
2.671928
1.948732
2.926140
3.025507
2.966410
3.059466
2.098289
2.947005
2.926140
2.925686
2.925686
2.908609
2.242244
2.242244
2.529368
2.620923
2.844763
2.748209
2.412941
2.480931
2.480931
1.107415
1.347489
1.554146
1.479462
1.549063
1.859273
1.911606
1.029262
1.080046
2.133996
2.266982
1.215353
2.401093
2.266982
2.528551
2.454148
2.334180
1.487568
1.399055
1.487996
1.592312
2.859164
2.813788
3.072701
2.273684
2.427387
2.467303
2.464644
1.664121
2.503027
2.503027
1.747878
2.065895
2.065895
3.028274
2.887453
3.028274
1.734896
1.879598
2.467303
2.625113
2.743607
1.937501
2.804811
2.386591
3.110180
2.474706
3.050621
2.869895
2.009574
2.077705
2.345980
2.322250
2.968400
3.105081
2.008432
2.122706
2.320128
2.189184
3.195719
2.924913
2.815748
2.279016
2.771410
2.765065
2.279016
2.380852
2.529368
1.052521
1.084534
1.122880
1.596082
1.913227
1.040389
2.057200
2.274989
2.013071
2.042455
2.316338
2.274989
1.121097
1.272109
1.272109
2.644640
1.267899
1.272109
2.518953
2.361301
2.215721
1.339973
1.286049
2.151367
1.424419
1.339197
2.231052
2.211639
1.598434
2.962508
3.105419
3.256116
1.734618
1.734618
1.629003
2.955202
2.739310
1.697589
2.583989
1.686217
1.732908
2.730231
2.642795
1.667769
1.761340
2.611013
1.792138
2.746100
2.639832
2.588890
1.937565
3.098732
1.897160
3.119180
2.989554
3.280569
2.077705
2.008927
2.903867
3.196922
1.926674
2.563118
2.576072
2.825223
1.961951
2.898423
3.083582
2.825223
2.268613
2.121007
2.242244
2.844073
2.884242
2.829870
2.305185
2.765065
2.279016
2.770932
1.051544
1.051544
1.036236
2.079759
2.013071
2.013071
2.369814
2.324439
2.518953
2.298194
1.339973
2.977644
2.955171
2.172523
3.090309
1.571596
2.880793
1.635302
1.743144
1.995223
1.910096
1.841692
1.916623
2.049124
2.001668
2.642808
2.432581
3.223341
3.281714
3.092586
2.501900
1.690284
2.743607
2.639832
1.823769
2.642808
3.111356
2.808396
1.781647
1.857591
3.260182
2.915510
3.259730
2.077705
3.146399
3.016172
2.558273
2.870844
3.144507
2.769412
2.133319
2.268613
2.854055
2.289257
2.684208
3.026673
2.656642
2.652885
2.753840
2.199939
2.932562
2.586854
2.482767
2.835792
2.835792
1.080292
1.052783
1.106601
1.073645
1.098579
1.452599
1.505473
1.452599
1.683311
2.025015
1.883175
1.084809
2.169365
2.496539
1.171677
1.171677
2.369814
2.205312
2.222768
2.258054
1.367872
2.172523
2.518953
1.397559
3.013618
3.323511
3.299852
2.548785
2.231052
1.916623
1.916623
3.346922
3.206846
2.270957
2.484438
1.657687
3.382400
2.501900
2.902915
3.104012
3.140772
1.803110
2.891026
2.621219
2.933462
3.254986
2.063565
2.008927
2.536580
3.177363
3.584475
2.928340
3.097120
2.065974
2.333729
3.017222
2.790025
2.346773
2.199170
3.017222
2.918693
2.850561
2.444382
2.193290
2.199939
2.835715
2.482767
2.638224
2.698183
2.770932
2.719205
1.088753
1.141220
1.344160
1.230324
1.067282
2.284253
2.111097
1.822695
1.770906
1.859273
1.991184
2.239801
2.324292
1.859273
1.229810
1.993689
1.993689
2.245452
2.420639
1.234722
2.087674
2.148832
3.184152
2.644640
1.447644
3.002309
3.174856
1.424419
3.002309
1.635302
1.916623
3.323511
1.995223
1.644818
1.695029
3.223341
3.281714
3.434851
1.716894
3.095512
3.098725
3.319909
2.876455
2.642808
1.716894
3.126333
1.860624
3.634070
2.730231
3.505820
3.280569
3.369671
3.634070
1.937565
1.969590
2.621219
2.702235
2.888737
3.500247
2.209391
2.815123
2.938863
2.065974
2.133319
3.265323
2.825294
2.199170
2.231113
3.197569
2.754561
2.924913
3.011749
2.798833
2.786846
2.684208
2.550480
2.388965
2.387693
2.798833
2.581895
2.268179
2.701364
2.850075
1.115930
1.157980
1.242330
1.943292
1.650238
1.585722
2.119591
1.884623
1.989619
2.076654
2.197577
2.169365
2.420639
2.598993
2.334180
1.311918
2.598993
2.351367
3.060333
1.494571
3.077229
3.387662
1.640733
2.493982
2.755884
3.376497
1.706437
3.376497
2.627728
2.655573
1.898325
2.746588
3.295619
2.815123
2.712605
2.077705
2.928340
3.195719
2.346773
2.326912
2.326912
2.371997
2.390834
3.086249
2.922344
2.652885
2.786846
2.361790
2.698900
2.088364
2.581895
2.767337
2.698900
2.870201
2.720135
1.127179
1.852015
1.974912
1.132128
1.238232
1.320101
1.176910
1.435106
1.371716
1.488133
1.544333
1.884623
2.048132
1.989619
1.794656
1.989619
2.365729
2.499656
1.890454
2.598993
1.371352
1.286724
1.349588
1.371352
2.533133
2.598993
2.369871
3.005423
3.174856
2.977644
2.637345
1.447644
1.522400
1.588827
2.148832
3.077229
2.807070
2.277618
2.485735
3.649755
3.239219
1.692318
3.559742
2.670513
1.813778
2.731165
2.755884
2.644021
1.893556
3.369671
2.770797
2.848004
3.150439
2.063565
2.063565
2.890232
2.854656
2.684816
3.260512
2.809537
2.672294
2.304374
2.260409
2.830698
3.276506
2.956170
3.124760
2.857478
2.914121
2.835987
2.801354
2.910018
2.693072
2.761292
2.869478
2.495277
2.315549
2.315549
2.852308
2.662173
2.708370
2.725011
1.127179
1.962885
2.272072
1.270608
1.320101
1.320101
2.417012
1.900394
1.207520
1.106367
2.369244
1.371716
2.347227
1.202746
1.273676
2.048132
2.019367
1.884623
2.056590
2.147079
2.460171
2.197577
1.229810
2.369871
2.598993
1.993837
2.706359
2.420485
2.081230
1.286724
3.182217
1.371352
1.447644
3.184152
3.174856
1.522400
1.483034
3.413809
3.299852
3.090309
2.802278
2.996920
2.247443
2.398924
3.273958
3.348549
1.588827
1.542983
3.455798
3.180914
1.683691
3.620432
3.561349
3.468593
1.740104
3.269480
3.098725
2.865437
3.604882
3.321456
2.756754
1.898325
3.418561
3.480148
3.068166
2.342874
3.083582
3.463784
2.933800
3.147244
2.468880
2.679098
2.809537
2.858654
2.587258
2.313967
2.460513
2.966699
2.956170
2.201734
2.285101
2.185795
2.201734
2.813293
2.672722
2.734421
2.711157
1.096870
1.096411
1.119916
1.135765
2.092264
1.156258
1.073202
1.118171
2.192254
1.111503
1.260238
1.256000
2.517334
1.320101
1.489406
1.823364
1.686660
2.310395
1.640828
1.622710
1.449877
1.603472
1.551695
1.922768
1.922768
2.363636
1.673898
1.783811
1.847514
1.719227
1.721254
1.551695
2.019367
2.305763
1.981092
2.123396
2.401754
2.109167
2.145125
2.084852
2.593148
1.332240
1.431917
2.729030
3.188301
2.050800
2.165685
2.821133
2.708051
1.431917
1.422855
3.139082
2.983212
3.066725
2.247443
2.701962
2.802278
3.238452
3.287307
2.802278
2.996920
3.509028
3.311990
2.630543
2.939022
3.333370
1.920270
1.912356
1.813778
2.884643
2.152782
2.118221
2.815123
2.209391
2.209391
3.309254
3.367202
3.389219
2.914927
2.721555
2.706462
3.628872
3.735685
3.173032
3.043815
2.952397
2.266198
2.230864
3.197569
2.386994
2.867166
3.218606
2.914121
2.460513
2.776058
2.849405
2.813293
2.749187
2.701111
2.610371
2.725011
2.708370
2.878781
2.644308
2.714757
2.693272
2.703668
1.042200
1.235240
1.078371
1.256000
1.260238
1.495195
1.369233
1.721254
1.603472
1.414210
2.553632
2.347227
1.561253
1.587333
1.489406
1.755940
1.743937
2.109167
2.182347
2.656809
2.590630
2.656809
3.145988
3.152307
3.287307
2.598993
3.188301
2.728224
1.490188
1.542099
3.428539
2.933139
3.433986
3.505062
2.165685
3.555039
3.399637
2.867816
2.880793
1.666397
1.666397
1.612102
3.559742
3.427367
3.427367
3.213042
3.235038
3.096857
3.649890
3.509028
3.095512
1.777821
2.645264
3.659588
1.811928
1.823461
2.818893
3.579296
1.871733
3.845805
3.805421
2.723175
2.954688
2.973839
3.090712
3.744752
3.500247
3.021216
2.266198
3.130982
3.187390
3.262591
2.114003
3.463784
2.858654
2.235245
3.050273
2.833622
3.218606
2.715843
3.078604
2.245894
3.218606
3.015342
2.385694
2.837112
2.701111
2.785573
1.893646
1.202448
1.844925
2.391169
2.270092
1.702876
1.603472
1.168305
1.256000
1.489406
1.360490
1.667554
1.755940
1.755940
1.721254
1.783811
1.640828
2.133084
1.910572
2.274568
2.220217
1.831266
1.787479
1.667554
2.460171
1.889205
2.019597
1.910572
2.091307
1.940110
2.401754
1.503682
1.963767
2.104106
3.348501
1.490188
3.335324
3.299588
3.393496
1.612102
3.505062
3.502718
2.802278
3.598606
3.701159
1.666397
3.478199
1.823461
3.593301
2.865437
3.599395
3.772910
3.845805
3.577462
3.472522
3.810611
4.007362
2.335506
3.472522
3.285593
3.244934
3.491125
3.367202
2.846400
2.296909
2.342874
2.773216
3.464219
2.858654
2.722389
2.991586
2.313967
2.966699
3.073339
3.091217
2.992604
2.992604
3.218606
2.922601
3.378542
2.212975
2.285101
2.419842
2.841511
2.959286
2.924058
2.672709
2.644308
2.728942
2.644308
2.862899
1.111683
1.111683
1.137751
1.757092
1.686897
2.005570
2.391169
1.202448
1.219135
1.438254
1.328418
1.266016
1.204826
1.371291
1.168305
1.219135
1.404746
1.237329
1.381653
1.449877
1.369233
1.610066
1.372883
1.574889
1.869168
1.667332
1.982582
1.783811
2.109167
1.332240
1.273676
2.401754
1.831266
2.133084
2.305763
2.482102
2.214814
2.462732
2.377115
1.920167
3.182217
2.656809
3.478124
3.343296
3.188301
1.978986
3.348501
1.625364
3.287307
1.662432
2.611246
2.810679
3.678985
2.867816
3.003637
3.074407
3.202328
2.984561
3.509028
3.045042
2.900865
3.526056
3.710599
3.403859
1.696248
1.802050
3.371166
3.122653
3.559742
3.550879
3.681659
1.935594
1.823461
3.625721
3.845805
3.406760
3.512161
3.575408
3.563046
3.610776
3.388838
2.175570
3.306081
2.749970
3.343478
2.487348
3.367969
3.307988
2.833622
2.718221
2.891838
3.015342
2.843141
2.322663
2.643116
2.594486
2.703668
2.697014
2.714757
2.848336
2.791599
2.608534
2.879159
2.310627
1.266016
2.572102
1.394421
1.283492
2.215182
1.388613
1.433528
2.129142
2.215182
1.967128
1.317805
1.501931
1.394421
1.508917
1.368314
1.328725
1.265636
1.265636
1.645493
1.538353
1.317992
1.697042
1.739450
1.480244
1.841369
2.133084
2.062209
2.582524
2.068403
2.672891
2.755899
2.569008
2.842663
1.477886
3.359454
3.348501
3.232479
1.625364
3.465453
3.461807
3.503852
3.575109
2.198048
3.565767
1.702143
2.302761
1.638751
3.779925
3.710599
2.900865
3.112602
2.424444
3.801697
1.865448
1.737865
1.853258
3.268344
1.931291
1.871733
2.881396
2.010300
4.007362
3.722317
3.989804
3.743886
2.756754
2.338889
3.680534
3.271037
3.685947
3.147244
3.021216
2.241049
2.909113
2.743643
3.622062
3.479465
3.651705
3.625019
3.259155
3.034175
2.693782
3.259155
2.310518
2.881695
2.901900
2.389554
2.515827
3.044787
2.873559
2.459024
3.006193
3.078604
2.826417
2.263247
2.572396
2.644351
2.987404
2.862899
2.879159
2.743590
1.078792
1.100474
1.196846
1.118237
1.258881
1.368314
1.204826
1.234081
2.444486
2.745006
2.609064
2.021805
1.452539
1.508917
1.490865
1.522763
1.574889
1.522763
1.521208
2.504072
1.787479
1.364398
1.595124
1.501931
1.876791
1.920167
2.377115
1.699971
1.699971
2.062209
1.372883
2.214814
2.108174
2.569765
2.462732
1.560768
2.000518
2.214814
2.462732
2.339059
2.934225
2.339059
2.755899
3.493095
3.607383
3.336204
2.059527
2.302761
3.266505
1.599216
3.607383
3.494589
1.722962
1.706903
3.749781
2.454936
3.512755
3.045042
2.505547
1.657707
3.045042
3.763995
3.761991
2.544800
2.424444
3.237503
1.736736
3.779925
3.691234
2.695398
2.787307
3.779925
3.844050
3.681659
1.865448
1.935594
1.935594
3.743886
2.433144
2.272274
2.777289
1.920270
2.170897
2.087060
3.953868
3.801697
2.426183
3.468492
2.369649
3.624579
3.989804
3.823499
4.154027
3.032475
2.170925
2.984977
3.324866
2.159163
2.060368
2.721985
2.706462
2.866516
2.885488
3.431486
2.124947
2.743643
3.249543
3.259155
3.495887
2.749970
2.225760
2.432966
2.476219
3.073339
2.881695
2.389554
3.161652
2.310518
2.917288
2.944486
3.073339
2.319341
2.959385
3.055944
3.055944
2.826417
2.479366
2.697014
2.785023
3.001223
2.689895
1.168164
1.177834
1.177834
1.368815
2.355075
2.264092
1.263432
2.166330
2.576905
1.238684
2.657748
2.572102
1.239005
1.273033
2.078351
2.135792
1.472465
1.515653
1.404746
1.949102
1.407584
1.522763
1.608527
1.574027
1.740778
1.841369
1.631040
1.642083
1.620775
1.841369
2.631174
2.377115
2.118949
2.041767
1.496498
1.439732
1.911911
2.280833
2.672891
2.672891
1.978986
1.480244
1.971489
1.952128
3.368125
3.279152
2.033553
2.068403
3.169032
3.565616
3.331905
3.421820
1.560768
2.829871
1.553472
3.502718
3.393496
3.611476
1.560768
1.706903
3.741482
3.229728
3.959475
3.229728
3.229728
1.637484
1.679503
1.768532
1.818222
1.818222
1.912797
3.796315
3.406069
3.966672
4.015194
3.772910
3.690820
3.801697
3.427014
3.274940
1.985397
3.966289
3.594478
2.761319
3.426041
2.867612
2.272896
3.907798
3.611666
3.346385
3.457913
3.356696
2.060368
3.249543
3.613355
2.293748
2.423206
2.382009
2.796328
2.691599
3.148713
2.925350
3.586973
3.586973
2.722763
3.045062
3.007559
2.936290
3.253186
2.936290
2.263247
2.987759
2.966808
2.322663
3.124320
2.853848
2.843687
3.000996
2.597191
2.657979
2.624511
1.127291
1.168164
2.646905
2.721136
2.408563
2.314140
2.228598
2.413005
2.504072
1.282268
1.251815
1.152883
1.417490
1.428420
1.327761
1.310713
1.642083
1.301762
1.504485
1.428420
1.435691
1.659397
1.785268
1.490827
1.659397
1.849422
2.398329
3.103582
2.823099
1.978986
2.117943
1.911911
2.052348
2.238716
3.307789
3.279152
2.418658
2.248639
2.045638
2.631174
3.168419
2.829871
2.033553
2.280833
3.432142
2.108174
2.187511
3.515490
3.465453
3.190468
3.376871
3.712164
3.611984
3.673529
3.597438
3.844770
1.706903
3.755196
3.552484
3.875691
1.744163
3.566563
1.736085
1.747041
3.550489
4.024481
2.488045
1.747041
3.406069
3.594478
3.574508
3.719651
3.728059
3.550879
3.778317
2.433144
2.433144
4.007362
2.777289
2.052119
1.976775
2.262483
2.457951
2.343864
4.196600
2.282485
2.889850
3.624579
3.624579
4.171504
4.009709
4.039473
3.698763
3.743568
2.063940
2.180713
3.823499
3.832278
3.973839
3.592569
3.346385
2.738221
2.611636
3.222133
2.135337
2.647445
2.095481
2.268090
3.586973
3.586973
2.489950
2.389554
2.433656
3.586973
2.670349
2.722763
3.089285
3.055944
2.987759
2.379771
2.493359
2.772993
2.714375
3.013878
2.760915
2.743445
2.716570
1.142014
1.783018
1.832296
1.134242
1.858266
1.783018
1.238836
1.327761
1.203536
2.175523
2.017426
2.387210
1.649979
1.631040
1.642083
1.659397
1.659397
1.699971
1.659397
2.569765
2.041767
1.699971
2.033553
2.052348
2.280833
2.187511
2.398329
2.611147
3.368125
1.526105
1.553472
1.553472
2.480220
2.518868
3.462014
1.508822
3.364443
3.605618
3.268014
1.564345
1.677557
1.604435
3.768478
3.469772
1.643811
3.712164
1.704485
3.777610
2.404868
2.454936
1.702680
1.669163
3.796315
1.717253
3.911758
3.959475
3.958990
3.259099
4.009709
1.985397
2.343864
4.053217
4.024481
3.844050
3.624851
3.991738
3.022307
3.160923
3.022307
3.160923
2.836386
3.994726
3.387306
3.397841
3.761850
3.227017
3.034175
3.194709
3.562244
3.045062
3.495887
3.794938
3.571359
3.804730
3.007559
3.008635
2.670349
3.454710
2.819211
3.005635
2.926831
3.286424
3.047195
3.253186
2.390614
3.233352
3.299731
2.959385
2.390614
2.620494
2.898550
2.793019
2.966808
2.568751
2.807110
2.819165
2.451733
2.809100
2.777677
2.558468
2.682057
2.760915
1.251815
1.678751
2.421829
2.312210
1.887100
2.314140
2.662867
2.660736
2.144980
1.225918
2.499593
1.261175
1.344219
2.520900
1.417490
1.243376
1.538931
1.408295
1.574027
1.911911
1.971489
1.364398
1.971489
2.033553
2.611147
3.289778
2.045638
1.960924
1.370321
2.108174
2.480220
2.518868
3.467513
2.362439
2.611147
2.745578
1.963741
3.840431
3.675790
3.768478
3.621192
3.857916
3.509075
3.840431
3.768478
3.730489
4.036667
3.844770
3.229728
3.406069
3.679765
3.259099
3.679765
2.433144
4.180013
3.719651
3.679765
4.209243
4.020030
3.860212
3.498253
3.624579
4.017291
3.953868
3.398710
3.502411
3.991738
3.907798
3.907798
3.810302
3.994726
4.336215
4.191925
3.498253
3.503239
3.050777
2.063940
2.156910
2.914927
2.772966
3.994321
3.899053
3.710635
3.761850
2.161640
2.006181
2.918980
3.226992
3.464219
3.013690
3.168408
3.192021
2.727187
2.135337
3.422622
2.133996
2.328838
3.454710
3.454710
3.586973
3.165016
3.454710
2.906587
3.405696
2.379771
3.147958
3.144466
3.275095
2.736411
2.528914
2.540926
2.625306
2.682057
2.650630
1.765235
1.319256
1.340910
1.188757
1.177834
2.740387
2.740387
2.314140
2.228598
1.371519
1.306759
1.947816
1.411795
1.901904
2.648402
1.417490
3.476948
2.998601
1.868513
3.368125
1.493477
3.443883
3.432142
3.289778
2.166781
2.255157
3.784994
1.596110
3.398098
3.633142
3.633142
1.768634
1.650200
3.652030
3.676901
3.800420
4.036667
2.581113
1.811400
1.717253
4.006796
1.812152
3.556633
2.373816
3.875406
4.250839
4.229009
4.250839
2.232914
4.180013
2.828473
2.697758
3.890592
4.167257
3.445904
4.003929
3.113585
2.924497
3.804967
3.648866
3.888124
3.720299
3.495382
3.156435
2.133996
2.095481
2.687371
2.724746
3.091440
3.301414
2.675023
2.402765
2.382009
3.495887
3.204168
3.642652
3.165016
2.913043
3.289983
3.554503
3.308881
3.429520
3.308881
2.745839
3.157247
2.963904
2.519405
2.749954
2.927321
2.810559
2.409506
2.465345
2.609208
2.439764
2.528914
2.407052
2.514909
2.720756
2.642633
1.240860
2.171036
1.319256
2.492211
2.017426
2.083816
2.350102
1.170423
2.549547
1.597706
3.476948
1.960924
2.418658
2.042956
3.476948
3.462014
3.611476
3.704922
3.849153
1.672132
1.611458
1.641127
3.849153
3.462014
3.590533
3.829861
3.641559
3.398098
3.621192
3.702568
3.840431
3.398098
3.509075
3.730489
3.698924
3.800420
4.142232
1.768271
2.604629
2.604629
1.876411
3.556633
3.737039
2.192259
2.044707
4.243242
3.876337
3.578592
2.373816
4.243242
4.179892
3.904194
2.964830
4.188613
4.167257
3.953868
4.154027
4.389299
4.167257
4.003929
3.041342
3.003654
3.041342
1.985972
3.970341
2.131836
3.794938
3.654901
3.704392
3.380233
2.716849
3.156435
2.505956
2.449267
3.714917
3.642652
2.402765
2.449267
3.515463
3.594058
2.508164
3.429520
2.819165
3.274422
2.437450
2.437450
2.853989
2.853989
2.553163
2.927321
2.896525
2.474879
2.514909
2.695933
2.695933
1.167552
1.242494
1.313283
1.843129
1.495632
1.124958
1.317803
1.648771
2.463061
2.396420
2.732820
2.453444
1.411795
2.451121
2.451121
2.579953
1.947816
1.491185
2.711920
2.362234
2.081819
2.317691
2.767568
2.711920
1.493477
3.364443
2.418658
2.181765
3.289778
3.258415
3.035879
3.728404
3.290070
2.579060
3.621192
3.688906
3.754815
3.755685
3.840431
4.067468
3.904617
3.988461
1.702641
3.988461
2.378590
1.783569
2.468628
2.378590
3.789179
1.913332
1.876411
2.258659
2.315426
4.250839
3.737039
2.171531
4.389299
4.195498
4.088401
2.266558
4.088401
4.167257
4.168925
2.931520
3.054816
2.876089
2.932546
2.260355
2.285344
3.547191
2.449267
3.412491
3.704392
2.598669
2.944657
3.091440
3.459224
3.010962
2.944657
3.414705
3.010962
2.913043
2.913043
3.194624
2.437450
3.110723
2.642633
2.514909
2.642633
1.144426
1.236129
1.348087
2.593771
1.330554
2.698299
1.982625
2.062220
2.350102
2.732820
2.270642
2.003008
1.251629
1.505603
1.417039
1.677132
1.597706
1.597706
1.519065
1.455924
3.364443
2.025361
1.569344
2.722380
2.663513
2.453150
2.418658
3.621192
3.674602
3.680481
4.071136
2.102072
1.688607
3.878005
3.800420
4.212820
2.271804
1.847309
4.216515
4.117344
4.142232
4.142232
1.847309
1.901124
4.417614
2.068489
1.959490
2.315426
2.315426
4.358225
4.427403
3.578592
4.306185
4.307798
2.843243
2.408144
4.549802
2.328703
2.328703
3.161423
3.153986
4.389281
4.195498
4.088401
4.369765
3.837496
4.010102
3.107884
2.223419
2.131836
2.263779
3.994321
3.931454
2.055843
3.554503
2.872676
2.731546
3.491606
3.737626
3.613355
2.133996
2.642730
3.660223
2.317053
3.888124
2.690188
3.104608
2.623676
2.328838
2.236235
2.347280
3.251945
3.429520
3.635266
3.391056
3.399870
2.632971
2.465345
2.706238
2.620813
2.848289
2.866630
2.981575
3.005745
2.744119
2.514192
2.503593
1.119102
1.429678
2.708952
1.306137
1.437317
1.415523
1.505603
2.508314
2.785544
2.543113
2.615598
2.131591
1.256627
2.450817
2.607501
1.559518
1.505603
1.622646
2.703451
1.710989
2.488461
2.703451
2.127250
1.692021
2.090451
3.527038
3.476948
2.722380
2.823248
3.904617
2.722380
3.997744
2.233358
2.114413
1.720627
1.731820
1.779308
4.067468
2.350661
2.337752
4.247273
1.768271
2.399442
4.339879
2.494636
1.972881
2.399442
4.417614
4.463770
2.962239
2.696107
3.737039
2.234499
4.358225
4.650775
4.463770
4.195498
4.341369
4.279046
3.736945
4.336215
4.341369
4.440159
4.336215
4.279046
3.899053
3.153986
3.054816
4.326592
4.010102
3.789092
3.984113
3.023534
3.687079
2.196623
2.196623
3.609924
3.426231
2.911792
2.911792
3.559827
2.840791
2.330134
3.358846
2.503302
3.229000
3.363252
3.201317
2.732767
3.241892
3.391056
3.085767
2.497640
2.468521
2.903410
2.767671
2.706238
2.707761
2.792976
2.792976
2.458429
2.569338
2.668288
1.184048
0.995407
1.323631
1.037649
1.570777
1.529483
1.389576
2.463061
2.260344
2.712337
2.600792
2.771923
2.217067
2.345280
2.488461
1.622646
1.366802
1.292513
2.453150
3.068175
2.936742
3.147125
2.337353
1.566382
1.566382
3.755685
3.755685
3.904617
3.539537
3.610358
1.616031
2.285815
3.796177
3.722632
4.307493
4.164163
2.337752
2.076431
1.972881
2.304465
2.353543
2.379023
3.725762
3.876337
3.876337
2.067049
4.427403
2.139039
2.051609
4.174599
4.196646
3.134283
2.999000
2.189345
4.003054
3.906728
4.617393
4.468904
4.355091
4.505645
4.122220
4.122220
4.519099
4.369765
3.052118
3.153986
3.054816
2.924039
3.454457
2.223419
2.252147
2.196623
3.809458
3.103485
3.107884
4.183587
2.800546
3.815429
3.635266
3.573434
3.573434
3.664998
2.382467
2.490158
3.327487
3.459224
2.437453
2.368585
2.282942
2.883804
2.732767
2.883804
2.598669
3.171074
2.732767
3.251945
2.348576
2.649898
2.458429
2.843153
2.514192
1.190085
1.359411
1.029382
2.088911
2.341173
2.271010
1.296062
1.201133
1.437317
1.436855
1.480851
1.982625
2.003008
1.721286
1.601201
1.622646
2.921918
1.725859
1.703677
2.744713
2.983366
3.360672
2.056915
3.259843
3.041326
1.920544
2.579060
3.604081
3.378619
1.967522
3.749064
3.534543
4.067468
4.067468
4.126904
2.823248
2.823248
3.661877
2.962225
3.062929
1.785947
1.731820
2.452384
2.337752
4.469636
2.503604
2.525878
4.588214
2.189345
4.464730
2.097839
3.059982
4.010102
2.263779
3.984113
3.970341
4.147510
4.147510
3.854752
4.033637
3.983949
3.769168
3.609924
2.608489
2.282942
3.622941
3.356462
2.368585
3.292047
2.437453
3.296544
3.480042
3.292047
2.623676
2.948830
3.379215
3.125697
3.429693
2.497640
2.437450
3.346643
2.615306
2.547845
2.624064
3.117399
2.468521
2.578930
2.707761
2.649861
1.391618
1.377936
1.359411
0.990129
1.082356
2.679400
2.726323
1.529483
2.782091
2.131591
2.231937
2.407094
1.513846
1.623454
1.597062
2.652881
1.714740
1.710989
2.014096
2.012952
1.725859
1.375444
1.692021
2.629376
1.361152
2.090451
3.259843
1.883659
3.252817
3.674381
1.519065
2.823248
1.534454
3.388803
2.861429
4.122262
2.918603
4.122262
1.785947
1.847824
2.388204
1.918309
2.454932
2.138965
4.472954
4.417614
4.472954
2.150953
2.406493
2.577172
2.379023
2.176440
4.427403
4.427403
2.132271
4.464730
2.206789
2.235040
3.075847
4.505645
4.519099
4.519099
4.024631
3.047148
4.168925
3.696904
3.984113
3.779208
2.759289
2.994225
2.353161
3.900331
3.912922
3.311102
2.353161
2.260355
3.445683
2.844792
3.468265
2.374746
2.551442
2.935454
2.704045
3.615669
2.454565
2.609508
2.541269
2.461751
3.450916
3.031214
2.525114
3.171074
2.532779
2.761446
2.464344
2.891979
2.705203
2.668288
2.457366
1.151528
1.019959
1.256759
1.072974
1.139482
0.990129
1.001699
2.499740
1.812967
1.712776
2.477638
2.771923
2.682771
2.600792
1.635225
1.623454
2.364572
1.627245
2.362797
1.627245
1.725859
1.806351
2.534862
3.104540
2.629376
2.673891
3.396220
3.436663
2.240998
3.510738
1.999268
1.489184
3.388803
2.460531
3.410270
3.518108
3.252817
3.912956
1.702049
1.702049
4.071136
4.126904
4.122262
2.408026
2.452384
3.088928
2.452384
2.253043
2.714144
2.067049
2.066224
2.424932
2.337685
2.032928
4.670105
4.041245
4.617393
4.358735
4.505645
2.371442
4.054131
3.152314
3.900331
4.054131
4.038956
4.173326
3.047148
3.799370
3.675170
3.691076
2.674471
3.380551
3.583276
3.441747
3.740676
3.297127
2.277483
3.019615
2.367881
3.564894
2.525114
3.284717
3.290170
3.176882
3.176882
3.081761
3.229618
3.117399
2.822124
3.051569
2.981575
2.568208
2.568208
2.532364
2.943928
2.614857
2.861172
2.835505
2.540313
2.659083
1.314664
1.225739
1.119423
1.622118
1.297461
1.183670
1.353501
2.161444
2.042436
2.179515
2.563322
1.507930
2.659748
2.099626
2.354411
1.502797
1.570575
1.513846
1.876803
1.596495
1.819419
1.708806
1.431939
1.721286
1.807402
1.721286
2.277019
2.959813
2.264515
2.504489
2.607062
1.489184
1.645199
3.912956
3.112084
3.078486
1.679550
3.796177
2.607062
2.774949
2.801597
4.237743
2.848234
2.325786
2.538455
2.239980
2.451994
2.569524
2.176440
2.759561
2.057727
2.586040
4.041245
3.040304
3.040304
3.013954
2.132271
4.337339
4.202791
4.082204
2.144992
4.505645
4.054131
4.030598
4.326592
3.064341
3.900331
2.171740
3.984686
4.024631
3.128217
3.105419
3.691076
3.940790
4.026050
4.183587
4.009585
2.217254
3.079973
2.834697
3.871804
3.871804
3.126978
2.312702
2.291101
2.789198
3.445683
3.346643
2.773832
2.367881
3.765023
2.623438
3.081761
2.697257
2.697257
2.615306
2.497789
2.615306
2.578930
2.649898
2.861172
2.568208
2.608013
2.515380
2.578424
2.785731
2.721006
2.659083
1.345774
2.142530
2.764697
2.789347
1.867928
1.512380
1.654534
2.565899
1.883874
2.491663
1.896041
1.654534
1.714740
1.896041
1.346490
2.422879
2.277019
3.674381
3.734068
3.281044
2.936742
3.535023
3.406537
4.140938
2.694012
3.406537
1.663910
3.661877
2.962225
1.769787
4.404962
4.307493
4.404962
4.472954
2.347607
1.918309
1.988731
2.331659
2.387533
2.503604
2.306827
1.976569
2.343550
2.413082
2.428716
2.138965
2.338207
2.037179
2.439878
4.588214
4.051023
4.337339
4.669522
4.669522
1.962855
2.423995
3.048205
4.621699
2.235040
4.467241
4.159278
4.159278
2.235557
3.337151
3.200425
3.265889
4.326592
4.325191
4.463260
4.110236
2.994225
4.325191
3.066516
2.303676
2.353537
3.466085
3.525475
2.996428
2.426004
3.305103
2.818280
2.765556
3.195547
2.426004
2.715456
3.108593
3.549309
2.912174
2.497789
2.724690
3.203879
2.514077
2.578930
3.096183
2.922316
3.004411
2.524914
2.652212
2.744981
2.572537
2.583284
1.829863
1.963547
1.843569
2.472272
2.552909
2.655183
2.001898
1.481112
1.512380
2.789967
2.789967
2.029404
1.667522
1.794329
1.875555
1.876803
1.875555
1.875555
2.431477
1.794329
1.875555
2.151637
1.434623
2.687321
2.264515
3.652397
2.569738
3.997744
3.531608
3.674602
3.610358
1.663910
3.997744
2.387533
2.432711
3.062929
1.845195
3.088928
1.918309
1.891426
2.048941
2.034582
2.538455
2.151679
2.123191
2.306827
2.569524
2.504146
1.979976
1.976569
2.809243
1.951928
4.670105
2.650143
4.176488
3.025723
3.048205
4.030598
4.618144
2.142591
2.154531
4.621699
2.142591
4.030598
4.298145
3.797244
4.226235
4.065324
3.579368
3.181420
3.126978
4.348080
3.126978
3.126978
3.126978
2.423039
4.005779
3.484785
4.005112
2.345232
3.063838
2.996428
3.365263
2.316029
2.367154
3.558718
2.393901
3.424034
3.315438
2.697257
3.117996
2.514077
2.555643
3.096183
3.081761
2.625340
2.643650
2.732769
1.290320
2.552909
2.280691
2.682771
2.764963
1.756330
1.756330
2.821125
1.346490
1.704185
1.832093
1.421896
1.434623
2.813633
2.957718
3.112084
1.593480
3.061092
2.813531
2.083018
3.683558
3.759426
3.245982
2.630073
2.504489
1.605393
4.306298
4.084000
2.295036
3.088928
2.962225
2.152001
1.825926
1.759937
2.432711
2.371337
2.250972
2.239756
2.123191
2.872026
2.388361
1.890956
1.946165
2.586040
4.034423
4.159278
4.075377
4.082204
2.116413
2.712758
2.556006
4.617393
4.383201
2.655509
3.897132
4.254975
4.552933
4.254975
4.467241
3.070304
3.245241
3.797244
2.387108
2.459179
4.205765
3.676916
3.887316
3.660008
2.996428
3.063838
2.345232
3.063838
3.305103
3.584274
3.996950
3.015117
2.532197
2.804934
2.715456
2.532197
3.157437
3.254163
2.786129
2.956877
3.141982
2.451034
2.591607
2.649898
2.572537
2.572537
2.449746
2.732769
2.676422
2.515710
1.388943
1.345774
1.289273
1.416311
1.843569
1.962636
1.262735
2.739510
2.024563
2.906017
2.764697
2.776443
1.704185
1.607781
2.953095
2.948640
2.142530
2.015726
1.744358
2.949951
2.658886
1.262735
2.685847
2.933174
3.089990
3.245982
2.327746
2.407820
2.865767
1.671862
2.200634
3.044832
1.794100
1.936747
2.262460
2.327746
2.561963
2.320108
2.377489
3.167025
2.865767
2.123191
2.165641
1.953464
2.048941
1.902988
3.167025
3.397303
2.630738
2.636499
2.506839
3.509657
3.469237
1.951928
2.777489
2.637316
4.277586
2.808317
3.837291
2.292797
2.234856
4.145770
4.669522
4.714027
4.020036
4.030598
4.669522
4.621699
4.621699
2.808139
3.898081
2.155379
2.142591
2.601544
3.150039
2.142591
4.101454
4.458273
3.794040
3.583276
3.813354
3.819762
3.087516
2.418675
3.066516
2.316029
2.895683
3.130246
3.015117
2.892439
2.381366
3.206937
2.431894
2.448057
3.346050
3.133479
2.724268
2.606168
2.977426
2.668191
2.596729
2.950518
2.546056
2.499930
1.420023
1.388943
1.515140
1.347803
2.694138
2.605384
1.741477
2.522173
2.455134
2.948640
3.113493
2.953095
2.532870
2.566382
1.830082
2.014096
1.958382
2.264515
2.507853
2.362372
1.521931
2.801597
2.581107
2.569738
1.690214
2.133355
2.200634
1.663910
1.979193
2.062705
2.106340
2.487376
2.291477
2.614772
2.557354
2.557354
3.216221
2.414824
3.362866
2.663851
2.614772
2.718635
2.614772
1.964233
1.946165
2.005703
2.175929
2.037179
4.686653
3.666217
3.737118
3.687729
4.101454
4.725595
2.367802
4.552933
4.563596
3.967724
4.244990
4.277586
4.244990
2.379334
3.791001
4.435076
2.064955
3.653137
2.181030
3.619164
4.435076
3.492827
2.353537
3.988582
3.825575
3.469879
2.384183
3.339470
3.305103
3.322248
3.212115
2.345232
3.297957
3.869655
3.390798
2.363637
3.048856
3.182785
2.521346
2.920055
3.015117
3.072386
2.741703
3.106783
3.206444
3.020052
2.626215
3.063352
2.744981
3.050597
2.557217
2.730813
2.735392
2.722878
2.489652
2.473353
1.486103
1.379379
1.543511
1.614137
2.262543
2.179092
2.376370
1.559742
2.552714
2.158729
2.865871
2.948640
2.948640
2.181870
1.880915
1.880915
2.430233
1.325692
1.715826
2.577047
1.539551
1.443886
2.566382
3.319324
3.204178
2.015726
3.471204
2.249857
1.571116
2.139997
1.644211
2.026246
2.133355
3.245982
3.377464
1.979193
2.262460
2.239756
2.045399
1.709154
2.196402
2.901653
2.851630
2.614772
3.216221
2.681365
2.681365
2.785956
1.923930
2.815837
2.785956
2.600511
2.172574
2.110439
4.686653
4.686653
4.686653
3.737118
3.666217
3.737118
2.806633
3.737118
4.725595
3.629872
3.546752
3.017165
3.837291
2.849331
3.577722
4.725595
3.791001
3.946761
4.020036
4.717264
4.244990
4.065324
4.705830
4.244990
2.037683
2.064955
2.181030
4.572543
3.239172
2.181030
3.653137
4.435076
4.218343
3.819762
3.339470
4.458273
4.430550
3.564376
4.060595
4.261200
3.427517
3.492827
3.087516
2.920934
3.280488
3.849012
3.087516
3.116962
3.251063
3.125400
2.428833
2.525525
2.363637
2.431894
2.420659
2.623548
2.935288
3.448316
3.072386
2.586245
2.368050
2.997822
3.071725
2.554772
2.554772
2.662777
3.027959
2.852362
2.643857
2.643857
2.562787
2.500626
2.852362
1.454087
1.962636
2.147439
1.262735
2.745459
2.645658
2.779948
2.803312
3.159981
2.627460
2.430733
1.706143
1.383870
2.676075
2.775580
2.552556
2.821125
1.620632
2.906333
2.957718
3.363267
3.667210
3.089990
2.902924
2.933174
2.586606
2.581107
2.062705
2.062705
2.642705
2.645751
1.936747
3.151584
1.874710
3.183104
1.870177
1.829222
3.509657
3.465886
1.870177
1.983758
1.923930
3.042174
3.666217
2.119444
2.061643
4.662876
4.724636
2.037683
3.536275
3.545866
3.157431
4.702244
2.527145
3.653137
3.898081
4.582767
2.772872
4.455841
2.186755
2.181030
4.065324
3.724382
3.900976
3.775464
4.264497
2.544108
3.656383
3.440111
3.189249
3.785617
4.310580
3.521683
2.384183
3.427517
3.695577
3.359889
2.427531
2.344038
2.344038
3.067468
3.653543
3.481058
2.708269
3.125400
3.327551
3.094586
3.285326
2.496914
3.274040
3.063352
2.557217
2.781407
2.939058
3.129028
2.577737
2.523875
2.625569
1.511296
1.586372
1.549277
1.659863
2.496745
2.376370
1.874622
1.706143
2.645658
2.776484
2.925616
2.015726
2.776484
2.803949
2.949951
2.803949
1.324554
1.261943
2.983662
3.082481
2.273556
1.744358
1.383870
1.443886
2.430733
2.684197
2.825144
2.414256
2.685847
3.245982
3.014647
3.061092
1.954907
1.741030
1.748725
1.741030
3.020198
2.911598
3.465886
3.495189
2.276871
2.966985
2.292797
3.042174
3.088229
2.706948
2.979150
3.749206
4.702244
2.769662
3.545866
3.900976
3.000233
1.999634
3.660589
3.619164
4.443185
4.583040
2.063948
4.143086
4.464176
4.464176
3.950496
3.876328
4.327971
3.407290
2.373073
4.145402
4.145402
3.327484
3.488905
3.584274
4.111459
2.326234
2.981106
3.013768
2.585726
3.333567
3.330722
2.522486
3.252579
2.989040
3.121883
2.826571
3.149828
2.717172
2.513259
2.764908
2.496914
3.217238
2.905105
3.017143
2.993198
2.680318
2.586245
3.027959
2.639057
2.407826
2.457515
2.557217
2.768945
2.650064
2.602228
2.564169
2.434890
1.971701
1.623035
1.324554
2.645658
2.552556
2.925616
3.304454
1.211782
1.281482
1.539551
3.010540
3.062069
2.906333
1.443886
3.010540
2.925146
2.796729
1.885537
1.995383
1.565940
3.592898
2.797108
3.520057
2.797108
2.586606
2.026246
2.026246
1.664138
1.889806
1.897877
1.954907
1.794100
1.820763
1.748725
3.050698
2.966985
3.133915
1.738400
3.712285
2.966985
1.976210
3.492744
3.545866
2.135039
3.600424
2.923019
4.662876
3.545866
3.494060
4.583040
2.131952
4.558485
4.446459
4.443185
3.876328
4.129466
3.577075
3.312937
2.423878
2.423878
3.067468
3.955518
3.805727
3.067468
3.217824
3.191789
2.621341
3.030595
3.359747
2.496914
3.214996
3.062607
3.051121
3.061223
2.693693
2.601130
2.693693
2.383830
2.541392
2.451034
2.923781
2.988383
3.175157
3.175157
2.610555
2.796740
2.559513
1.607882
2.366325
2.104058
1.874622
1.816543
1.997917
1.816543
1.799425
3.239585
2.741195
3.304454
3.022646
1.363626
1.871721
2.060883
1.407940
3.336078
3.219196
1.620632
1.629858
1.995383
3.519353
2.048993
1.666243
3.098074
1.770070
2.463117
1.770070
1.848713
1.797476
1.797476
1.904271
3.131476
3.083153
3.520015
3.004237
3.042174
2.801762
2.054655
3.779191
2.049994
3.453490
3.492744
4.558485
2.074141
3.468920
3.535620
4.558485
3.629077
4.662876
1.999634
2.063948
2.421666
3.665262
3.690933
3.581458
3.564444
2.437382
4.317067
4.327971
3.577075
3.724382
3.488154
3.393698
3.787341
3.733596
2.920055
3.067468
3.121883
2.614027
3.024640
2.586245
3.178023
2.911884
2.949516
2.951518
2.610555
2.951518
2.676304
2.726160
2.706171
1.411031
1.656603
1.586915
1.470111
1.856580
1.793272
1.999981
1.819288
1.860288
1.799425
1.882681
2.849160
1.192330
1.207778
3.304454
3.336078
1.510265
1.689150
3.519353
1.609321
2.214051
2.453820
3.420701
3.372819
1.848713
3.712285
3.671582
2.398244
2.276871
3.671582
3.836514
3.492744
3.545866
3.671009
3.709562
2.904042
3.453490
3.387182
2.890113
3.402638
4.533135
4.430519
2.159234
4.414476
4.428342
2.203627
2.286103
3.546969
4.446459
3.197346
3.540508
4.148230
4.322036
4.144169
3.902880
3.728391
3.876328
3.405387
3.407290
3.711874
3.950317
3.468862
3.366861
3.305316
2.901075
2.989040
3.050567
2.973797
2.799449
3.167105
2.686454
2.982430
2.949516
2.474151
3.022449
2.747965
2.999829
2.826704
2.439605
2.626938
2.459052
1.586372
1.628851
2.405261
2.220894
1.716522
2.273386
2.090479
2.273386
2.499313
2.766860
1.946357
2.849160
3.010754
2.996724
1.739513
3.204178
3.605782
2.117652
1.591619
1.510265
3.403580
3.403580
1.874817
2.645751
1.688177
1.691448
1.691448
4.425291
4.237176
4.237176
3.943719
2.408873
2.257218
4.736134
4.684254
1.770070
1.787312
4.355390
4.766482
4.730604
4.549974
1.848713
2.172574
2.072685
1.940734
3.131476
1.937573
2.049994
2.004288
3.402638
3.490308
4.485342
2.619333
4.533135
4.485342
3.387182
3.428239
3.428239
3.538333
4.533135
2.905201
3.538333
4.414476
4.533135
2.006507
3.763428
4.485342
3.239172
3.540508
4.430519
3.269207
2.087939
4.428342
3.546969
3.468862
3.588733
3.156960
3.269207
3.053837
2.437382
2.377660
3.588733
3.374469
2.483350
3.955675
2.956545
3.254578
3.366309
3.305797
2.666110
2.477316
2.973582
3.030595
3.121883
3.030595
3.098618
2.598828
2.876280
2.693693
2.429727
2.876280
2.788040
2.536492
3.189334
3.196190
2.702028
2.772701
2.826704
3.034593
2.686454
2.523988
2.999829
2.896612
2.761614
1.170971
1.349168
1.411031
1.476079
1.544013
1.226846
1.145977
1.716522
2.273386
2.537710
1.831619
1.722078
2.796405
1.806735
2.766860
2.849160
2.264551
1.997917
3.142570
3.425710
3.503689
3.425710
1.321641
1.510265
2.493813
1.725323
1.689150
1.676974
1.640494
2.695606
1.909712
1.908711
2.580400
2.580400
2.788436
4.095085
4.063370
2.993950
1.711127
4.633295
4.237176
4.655488
4.786982
4.684254
2.398597
2.503173
2.475998
4.730604
4.616065
2.560542
2.084416
1.895815
2.991760
1.937573
3.471039
3.578659
3.475085
3.372855
3.561329
4.533135
3.387182
2.497336
3.372855
3.480659
4.407155
2.391359
2.478195
4.321033
4.376025
2.114910
4.283948
4.252758
3.225224
3.640222
4.148230
2.512736
2.585726
3.261163
3.030595
3.219432
2.599989
3.133755
2.927777
2.525302
2.912933
2.976907
2.598828
2.530246
2.927777
2.834942
2.976089
2.911884
2.911884
2.859769
3.032183
2.999829
2.792461
2.523988
2.578802
1.236871
1.405658
1.561268
1.888292
1.799451
1.999981
1.768986
2.574401
2.064582
1.880421
1.927687
1.819288
2.597449
2.747049
1.816543
1.880421
1.210745
3.222240
3.112895
1.903443
2.139792
1.321155
2.342273
1.350083
1.407940
1.587003
1.679874
4.196020
4.044578
4.196020
4.063370
3.528784
3.929059
3.819761
3.929059
3.985470
4.633295
1.739553
1.873037
4.730604
4.159776
4.467313
4.427022
2.414582
2.125460
4.736494
4.842056
4.786982
4.688018
3.058563
3.023506
1.959313
3.855363
2.639756
3.030198
2.950692
1.873868
2.770534
3.819093
2.821395
1.943327
1.894310
3.387182
3.484834
2.074141
3.334269
3.561329
3.353562
3.334269
3.428239
2.055556
3.402638
3.428239
4.366748
4.366748
2.905201
2.069439
3.540508
3.543183
4.272190
3.197346
3.123954
4.366748
3.470670
2.408349
2.409808
2.409808
3.449982
2.875772
2.655324
3.767008
2.970729
2.934727
2.713844
2.970729
2.976089
2.552424
2.834942
2.415134
2.739682
2.655118
2.813483
2.570350
2.515958
2.521130
2.670367
1.569868
1.552363
1.133629
2.048002
1.178637
1.145977
1.561268
2.178846
2.959181
2.470823
2.967549
3.403580
1.438474
1.443385
1.712614
3.736456
3.694081
4.554189
4.155756
1.720723
3.864867
3.284798
4.420888
3.338017
3.985470
2.398597
2.229381
4.633295
3.425375
3.652079
3.690896
4.738376
4.576557
4.738376
4.100141
4.485411
3.983837
2.436176
4.738376
4.661199
4.156377
4.576385
4.622559
2.639756
3.761891
3.922732
1.928524
2.700017
3.819093
3.372855
3.408776
4.366748
4.424767
3.448554
2.478195
3.394214
3.353562
3.351228
3.395140
3.342828
3.342828
3.544950
3.530276
2.114910
4.375627
4.272190
4.212421
2.170305
3.114165
3.481863
3.481863
2.377660
4.075405
3.338518
3.459203
3.980709
4.133706
3.543183
3.388741
2.585726
3.236536
3.103388
3.043234
2.534249
2.820243
2.981740
2.552424
2.759099
2.772701
2.685794
2.838792
2.923097
3.017514
2.813838
2.428892
1.687884
1.587453
1.722078
2.336890
2.217431
2.456674
2.470823
2.222172
2.080739
1.880421
2.201381
1.927687
1.806735
2.470823
2.687210
2.832759
2.832759
3.153555
2.733786
2.514580
3.070841
1.517124
1.749031
1.639092
3.331705
3.411917
2.546999
3.876506
2.636995
2.903620
3.035731
1.981685
2.087690
4.171877
3.694081
3.690896
2.829792
2.373239
4.634646
3.133227
2.213409
2.373239
2.861209
2.373239
2.504613
2.398597
2.884711
3.929059
2.076410
3.848325
2.398597
2.283777
4.576385
4.613809
4.156377
4.326839
4.567143
4.764832
4.661199
4.326839
1.825309
4.378943
4.095900
3.459820
3.662510
2.945679
2.945679
2.927335
2.945679
3.761891
1.873868
3.819093
3.779191
3.678477
2.028148
1.894310
3.837357
3.819093
3.342828
3.530276
2.028148
3.344906
3.728718
3.605465
4.329765
3.367650
3.459624
3.498246
4.376025
2.246077
3.385353
3.114165
2.479212
3.449982
3.337183
2.451175
3.254578
3.157801
2.666110
3.036618
2.630867
2.674109
3.338518
3.337824
3.243701
3.050059
3.034100
2.392873
2.713844
2.570505
3.017514
2.856831
2.819014
2.585212
2.538900
2.574636
2.517102
1.653523
1.656603
1.228052
1.610522
1.799451
1.607716
1.722078
1.712526
1.798362
1.723782
1.880421
1.971548
2.677072
2.456674
2.219084
2.448606
1.086615
1.878672
2.996724
3.159564
3.102214
1.347849
1.241492
3.222240
1.350083
2.701297
2.257826
3.484160
1.639092
4.044578
3.481615
3.581206
2.941040
3.411917
3.528784
2.272116
4.026154
3.338017
4.576557
3.164301
1.711127
4.554189
4.655488
2.398597
4.633295
4.336205
3.164301
2.188959
2.218869
4.741519
4.510203
2.183962
4.738376
4.567143
2.076410
4.427844
4.661199
4.601797
4.736494
2.367850
2.590089
2.567463
4.097726
2.681859
1.991673
1.991673
3.367650
3.351228
3.351228
3.713270
3.364344
3.395140
3.641892
3.763911
2.209418
3.306039
3.342828
3.351228
4.258691
3.395140
3.530276
3.329166
4.101410
3.154414
3.300314
3.208821
3.322581
2.451175
3.709969
3.055204
3.590953
2.690181
3.151479
2.616508
2.599783
2.837339
3.028123
2.397474
2.481197
2.815705
2.468226
2.555948
2.813838
2.444705
2.515958
1.347781
1.656603
1.287172
1.463783
1.408579
1.353817
1.587453
1.426611
2.080739
1.177932
1.723782
1.798362
1.798362
2.222172
2.695772
2.957610
1.878672
1.878672
2.134316
1.817747
2.967549
2.555078
1.347849
2.863227
2.886314
2.581972
3.171896
2.847923
3.035731
2.778945
1.639092
1.639092
1.676189
2.227786
1.705587
4.155756
3.764036
2.871518
2.289349
2.355683
2.447282
4.026154
1.720723
1.693369
2.102350
4.332296
4.576557
1.787312
1.811199
4.435661
3.406040
3.643304
4.012934
4.012934
3.596167
3.464649
2.424969
2.621123
4.576385
4.764832
2.852404
2.850018
4.427844
4.510068
4.438131
4.520893
4.353173
1.848243
1.876010
4.353173
1.960041
4.104202
2.855839
3.874105
3.754565
1.911710
1.953444
2.619634
2.582726
3.306039
3.431934
3.512821
3.459624
1.985337
3.306039
4.286976
4.366748
3.406647
2.543883
3.336450
3.356379
3.348514
4.196503
3.147083
4.272190
4.152073
2.198971
4.072966
3.207574
3.416216
2.953602
2.356969
2.437553
3.416216
3.305797
3.794968
3.129629
2.966810
3.216324
2.555948
2.555948
2.923097
2.823083
2.888561
2.838792
2.819561
2.819561
2.515958
1.268258
1.155828
1.066658
1.075109
1.145558
1.155828
1.353817
1.353817
1.352758
1.463783
1.634641
1.543525
2.536392
2.222172
2.739238
2.612977
2.134316
2.978375
2.957610
2.664830
2.739238
2.440611
2.941404
2.306370
1.695309
2.702384
2.797851
2.072090
3.146778
2.994786
2.846342
2.975723
3.294501
1.519365
3.602360
1.569966
1.676189
2.227786
3.764036
3.764036
3.384547
2.289349
3.890541
2.715379
2.289349
4.155756
3.940432
4.435661
3.967547
2.213409
4.149379
1.976890
1.899588
3.046083
2.009417
1.892211
1.881558
3.350283
3.081485
4.567143
3.643304
3.643304
4.169962
4.520893
3.952347
4.438131
2.712551
1.856418
3.406647
3.476502
3.821599
3.389481
3.756551
4.107126
4.159431
4.226572
3.384152
3.357418
3.476502
4.159431
3.147083
2.156543
3.487381
4.224855
3.434832
3.555886
2.114910
3.207574
3.904669
3.244715
3.244715
3.408170
3.980709
2.490853
3.125315
3.322581
3.716388
3.927171
2.451175
2.732679
2.616046
2.778662
2.768409
3.371802
2.880941
3.272330
3.157801
3.094242
3.076963
2.684085
2.616508
3.170486
2.619564
3.022252
2.319670
2.619564
2.792919
2.539605
2.619564
2.980080
3.130521
2.769971
2.665825
1.619998
1.353817
1.220870
1.518939
1.279710
1.420179
1.426611
1.520659
1.753141
1.587453
1.671222
1.723782
1.634641
1.996531
1.214987
1.635870
1.809541
2.736264
1.206469
1.809541
1.866560
2.890647
2.979923
3.069688
3.059370
3.215807
2.249844
1.338233
1.385231
2.643327
2.380853
1.556127
2.637917
2.569265
2.227786
2.189932
2.715379
2.995435
1.912299
2.008365
2.025365
3.231388
4.576358
3.260883
4.375347
1.785988
1.892211
3.833975
3.664120
4.376771
4.601797
4.420638
4.584261
4.012934
4.244542
4.097726
3.876987
2.785966
3.821599
2.029529
3.364344
3.434832
3.476502
3.431934
1.991673
3.389481
3.407657
3.396984
4.226572
2.622036
3.605465
4.076355
4.226572
2.346480
3.336450
3.277746
3.469332
2.292448
2.060692
3.329179
3.020399
2.908079
2.951828
3.329179
3.918222
2.675084
2.604866
2.892325
3.210087
2.783181
2.965218
2.792919
3.200858
2.816678
2.638566
3.030063
2.704302
3.022252
3.022093
2.601134
2.990700
2.610382
2.815705
2.777037
2.489303
2.444705
2.826609
2.597886
1.353817
1.146918
1.331888
1.649519
2.004546
1.842965
1.606438
1.708922
1.783712
1.708922
2.551903
1.809541
2.701297
1.214987
2.499980
1.895943
1.895943
2.351174
2.955304
2.955304
2.138017
3.779711
2.799738
2.031514
2.121857
4.101954
2.075133
2.173620
4.008020
2.120353
1.972360
2.120353
4.158996
4.329791
4.026154
3.730140
3.807629
2.979295
2.393390
1.912299
3.325202
3.474860
4.332296
4.430769
4.244542
4.510068
4.315469
4.160713
2.789422
2.533635
2.705156
2.632429
2.794515
1.976634
3.878772
2.741952
2.822042
2.512947
2.478801
3.270716
4.183759
2.697695
2.822042
3.040006
4.107126
2.043983
2.025337
3.330675
3.330408
2.388557
3.563560
3.508939
4.180347
4.135714
3.356379
3.508939
2.908079
2.517904
3.422679
2.880941
2.546908
2.795529
2.892325
2.950813
2.928649
2.813259
3.157801
2.444974
3.328518
3.135033
3.342762
3.019939
3.227129
3.125315
3.322581
3.342762
3.163206
2.759977
2.361649
1.659051
1.426611
1.450619
1.209400
1.209400
1.518939
1.606438
1.887970
2.198770
1.451842
2.270048
2.270048
2.270048
2.704754
2.858765
3.087829
2.984904
2.998028
3.316489
2.984904
3.166981
3.260172
1.370355
1.347849
1.888979
2.138017
2.955304
3.213413
3.356832
1.381275
3.891000
2.564004
3.891000
2.028977
3.441633
1.584272
3.656765
3.476282
3.213413
3.638249
4.014855
3.841454
3.986105
3.841454
3.656155
2.075133
1.809464
1.809897
4.008020
4.008020
2.944811
2.979295
3.123257
4.430769
4.422396
4.357935
3.669468
4.600651
3.642977
4.244542
3.944787
3.688594
3.815514
4.054834
1.826957
2.699935
2.794515
3.813065
3.330675
3.281022
3.360362
4.124677
3.487381
3.508939
4.098720
4.020928
3.067371
3.281022
3.487381
4.076355
4.155671
1.971204
3.330408
3.330408
3.407657
2.086417
2.220417
3.342762
3.360518
3.978614
2.759757
2.736329
2.873547
3.643168
3.884566
2.692567
2.463837
3.517971
3.316778
2.741967
2.741967
2.813259
3.336977
2.990700
3.227129
2.966810
3.034100
2.684085
3.322203
2.595439
2.826537
2.837838
2.815542
2.465590
1.619998
1.342872
1.490005
1.037351
0.947519
1.331888
1.331888
1.451842
1.571779
1.908756
1.691093
1.058313
2.365094
1.887970
1.887970
1.720019
2.060811
1.783712
2.365094
1.695230
2.601973
2.601973
3.050931
2.799674
3.123991
1.262168
3.298370
3.102207
3.316489
3.316489
2.555078
2.031514
1.979570
2.031514
3.164967
3.085056
1.404797
3.358346
1.933250
3.939712
2.780752
2.715379
3.670953
1.977078
2.120353
3.799515
3.568523
3.885824
3.914947
4.177577
4.106750
4.236260
4.008020
2.001563
1.899588
4.149379
4.106719
4.221758
4.357935
4.207349
4.160713
4.160713
2.731943
2.794515
2.642325
2.340353
3.818374
3.330675
3.344537
3.487381
3.360362
3.407657
3.694812
3.519567
4.115886
3.427871
3.880476
2.102836
2.358711
3.505074
3.563560
3.991663
2.399814
2.399814
3.236009
3.422679
3.552743
2.568573
2.675084
2.546908
2.532067
2.649761
3.496693
3.120999
3.316778
2.340434
3.140316
2.701916
2.701916
2.562665
2.788339
3.140316
2.573148
2.545696
2.334506
2.859756
2.660561
2.836945
2.560196
2.635584
1.253207
1.284807
1.432939
1.183520
1.332963
1.317927
1.037351
1.680196
1.621932
1.800108
2.057249
1.206469
1.188370
1.823495
1.989973
2.553278
1.785325
2.856803
1.331988
3.338023
2.351174
1.887100
1.887100
1.976493
2.607040
1.847388
2.955304
2.503583
1.906882
1.729042
3.331778
2.788795
2.637917
2.924011
3.578714
1.887100
2.637917
1.924518
1.584272
1.869902
3.518780
3.709857
1.891630
1.917198
4.101954
4.029793
4.236260
4.236260
4.236260
4.106719
1.783676
1.814039
4.207349
4.385451
1.765089
1.771783
4.315469
2.570708
2.661850
3.272716
4.107126
3.330675
4.107126
3.638265
4.007497
1.910778
3.972132
3.464887
3.493732
3.299137
3.978614
4.076355
3.320113
3.427871
3.545653
4.098720
2.428189
2.633045
2.358711
2.385158
3.449350
3.449350
3.499892
3.464149
2.543422
3.657542
3.245487
3.334265
3.367521
3.316778
3.316778
2.953412
2.741967
3.112144
2.661174
3.177094
3.011576
2.666082
3.140316
2.557946
2.869948
2.893398
2.836945
2.470827
2.585212
2.502794
2.609721
2.755900
2.385464
2.363576
1.465164
1.465164
0.941706
1.222578
1.783448
1.718414
1.720019
2.060811
2.060811
1.802565
2.448422
2.773125
2.704754
1.989973
2.153266
2.688231
2.503583
1.804701
3.362251
3.151490
2.607040
2.607040
2.607040
2.225758
1.370355
3.547193
3.178214
3.300521
3.479727
3.797708
3.520181
3.448430
2.915078
3.425722
3.518780
3.639205
3.897216
3.897216
4.307133
2.160516
3.994784
4.106719
2.202196
4.221758
4.106719
4.207349
2.268809
2.731943
2.712551
3.252311
2.003593
2.484922
3.270716
3.297693
2.029529
3.694812
3.853752
2.428249
3.940529
4.063798
4.063798
1.988754
2.077117
3.383752
3.407657
3.513798
3.582060
3.877762
3.938156
3.981693
3.981693
2.759757
2.762936
3.464887
3.545531
3.868871
2.216138
3.437644
3.421413
3.804494
2.358711
3.397273
3.493732
3.435568
3.406122
3.426621
3.804494
3.783316
3.017491
2.568884
3.492119
2.661174
2.837596
3.112144
2.970010
3.130576
2.844785
2.765010
2.346761
2.432083
2.303249
2.980483
2.249728
2.505591
1.582193
1.460217
1.822277
1.882044
1.086615
2.368127
1.967066
1.967066
1.633125
1.194947
1.553144
1.633771
2.345108
2.682090
2.603152
1.233885
1.705304
1.797126
1.705304
3.232319
3.102207
2.909084
3.588372
3.387940
3.387940
1.841612
1.838422
3.362251
1.887100
3.157132
2.623590
2.459941
2.607040
3.013095
1.841612
3.178214
2.924011
3.389400
1.671685
1.560860
3.639205
1.701909
1.774325
3.086061
3.518780
3.518780
2.685143
2.458431
1.668507
1.699202
2.343185
4.221758
4.207349
4.195870
2.345423
1.765089
2.397378
2.749301
1.930210
3.804695
3.834685
3.804695
3.272716
2.691288
3.940529
3.757203
3.904669
3.299436
3.883124
3.880476
3.756673
3.887681
2.759757
2.480910
3.323194
3.451031
3.282158
2.501244
3.295203
3.528898
3.202183
3.771933
3.347654
3.367521
2.357834
3.097853
3.311970
3.218510
2.601501
2.356754
2.442160
3.391413
3.557812
3.425785
2.361991
3.058725
2.447662
2.544888
3.117920
3.294517
3.081727
3.471138
2.298815
2.609714
2.471398
2.471398
2.495057
3.137393
3.250933
3.271222
2.487219
2.953412
2.823083
2.809121
2.999641
2.690323
2.682836
2.775551
1.571128
1.619998
1.102752
2.347717
1.633771
2.182653
1.194947
1.802565
1.882044
2.909084
1.194947
2.148156
2.716746
1.218604
1.716437
1.757905
2.459941
2.044598
2.776974
2.242120
2.900079
2.487035
2.308797
3.578714
2.900079
2.924011
2.971891
1.977078
1.804701
2.501473
2.921962
1.535604
1.742638
2.969629
3.014641
3.014641
3.068568
3.251827
1.893737
3.799515
2.471932
3.237940
3.297204
1.862778
1.980943
3.300634
3.300634
2.127439
2.036165
3.940529
3.304006
2.569454
3.304006
3.604476
3.437644
3.421659
3.437644
3.464887
4.003883
3.376677
2.102836
3.437644
3.451031
2.219024
3.373809
3.403726
3.348960
3.689129
3.879992
2.462141
3.372817
3.299721
2.442160
3.295203
2.443789
3.381667
3.520100
2.442160
3.090604
3.201849
2.455876
3.117920
3.271222
2.600338
2.356866
2.166405
2.619396
2.923656
2.598473
3.070740
3.097853
2.740233
2.863258
2.603565
2.943272
2.711884
2.799826
2.609313
2.806466
1.127256
1.045228
0.956742
1.822277
1.720019
1.859102
1.082784
1.082784
2.094456
1.919720
1.621264
1.919720
2.913026
2.884170
2.044598
2.044598
2.379296
2.369753
2.501074
1.773579
1.716437
1.716437
2.808274
2.878792
2.632886
2.682140
2.770900
1.535604
3.522378
2.740752
3.765023
3.363309
1.723031
2.921962
2.632886
3.011279
1.653932
1.653932
2.662071
2.685143
3.178214
1.667875
3.068568
2.539826
2.460843
1.964616
1.668507
3.799515
4.056407
4.106719
2.280423
4.221758
1.780774
1.798129
1.911929
1.993392
1.876633
1.876633
1.980943
2.172368
2.003593
3.081583
3.252311
3.865918
3.249088
2.100099
3.833049
3.212208
3.319836
2.111406
3.849744
3.463520
3.397965
3.557812
3.266109
3.039583
2.463155
3.236009
3.195055
3.415173
3.471138
3.287593
2.298815
2.638963
3.215765
3.363245
3.068710
3.223222
2.585017
3.127946
2.585017
2.780092
2.951843
2.940108
2.970010
2.704436
2.949968
2.752761
2.544716
2.603459
1.560807
1.055607
1.335523
1.381344
1.522260
1.560807
1.109851
1.285398
1.436096
0.964235
1.006127
1.038815
1.859102
1.973363
1.495336
1.530982
1.530982
2.031071
2.176996
2.270680
2.094456
1.693034
1.544506
1.601818
1.621264
2.270680
2.211301
1.567363
1.333091
1.773579
2.775116
2.884170
1.819970
1.458188
2.242120
3.240729
1.458188
1.820854
3.263515
1.615835
2.578627
2.567178
2.471932
2.343185
2.119046
2.166171
2.014097
2.787318
3.081583
2.898228
3.270198
3.104791
3.804695
3.212208
2.337875
2.303247
3.813065
3.229249
3.734896
3.085332
1.948815
3.690386
3.543277
1.994906
3.233689
3.312484
3.865918
2.500965
2.550106
2.614774
3.512712
3.506687
3.780444
3.762577
3.762577
3.115031
3.081057
3.029890
3.373809
3.169414
3.169414
3.201849
3.081057
3.312402
3.403726
2.319698
3.195055
3.119218
2.322304
2.455876
3.090604
3.205431
2.949968
3.258721
2.534780
2.301617
2.279250
2.809121
2.753694
1.004555
1.321344
1.459121
1.557268
1.038815
1.744862
1.494737
2.047473
1.662588
1.487833
1.503108
1.301814
2.203759
2.203759
2.242120
1.723031
2.443008
3.363309
1.863179
3.199175
3.300089
2.584601
1.813141
1.809064
1.780774
2.070245
2.629324
2.119046
3.228960
3.297204
3.252311
3.339784
2.719186
2.749301
3.339693
2.702548
3.737775
2.951088
3.181396
3.304006
3.737775
3.726776
3.853752
3.762577
3.115031
3.181396
3.236209
3.373809
3.303665
3.602563
3.181396
1.992082
3.373809
3.277897
3.380197
3.437078
3.397444
2.565073
2.875743
3.260967
3.312402
3.500671
3.579592
3.706193
3.260967
3.169414
3.297046
3.372817
3.787283
3.555362
3.558723
2.896404
2.322304
2.450496
3.258721
3.557812
3.555362
2.379989
3.070740
3.151317
3.205431
2.188895
2.897195
2.348128
2.799826
0.946147
0.883390
1.768465
1.724200
1.038815
1.752814
1.654178
1.633400
1.177438
1.392663
1.526137
1.313161
1.864737
1.194947
1.246361
1.937358
2.044598
2.224568
2.792539
2.884170
2.501473
2.416821
2.761384
3.024989
2.969629
3.053400
2.998996
3.341571
2.878792
3.113158
3.111729
1.717641
1.777477
2.997713
1.510434
1.645460
2.584601
2.555827
3.300089
3.057876
3.263274
2.291558
2.449454
2.042673
2.030932
3.245457
3.272716
2.901826
2.117491
3.737775
2.646683
3.382055
3.345989
3.676794
2.893159
3.373809
3.587797
3.756673
3.602563
3.618519
2.838930
2.766667
3.195055
3.182716
3.202904
3.301259
2.923070
2.994851
3.119218
3.257343
2.495057
3.131760
3.026487
2.905918
3.026487
2.757116
3.076995
2.513038
2.579177
2.233216
2.659116
3.068710
3.020620
2.593950
2.782165
2.782165
2.620516
1.120537
1.141171
1.109851
1.093208
1.392663
1.339584
1.985057
1.949406
2.129886
2.212666
1.869536
1.752814
2.047473
2.129886
1.355483
1.392663
1.467087
1.594236
2.582941
1.662588
1.467087
2.312010
1.518143
2.310179
2.242120
2.531203
3.111729
3.023616
1.715876
1.717641
2.645172
2.863972
2.678134
2.637140
3.263274
3.263274
2.471932
1.914226
2.319667
2.413126
3.571820
3.566108
2.059826
1.941471
1.954524
3.228960
2.470063
2.702548
3.303496
3.695385
2.539732
2.702548
3.239345
3.245457
3.104791
3.312484
3.281859
3.723398
3.011305
3.277897
2.258652
3.657251
3.602563
2.229492
3.297046
3.230987
3.207262
3.201849
3.390169
3.201849
2.920954
3.520164
3.083267
2.896404
2.234517
2.241403
2.994851
2.779211
3.103212
3.144153
3.144153
2.557173
2.534098
3.285167
3.033872
3.131760
2.896202
3.018543
2.845556
2.785322
2.863258
2.734008
2.573148
2.512824
0.946147
0.946147
0.883948
1.148989
1.482997
1.349660
1.448755
1.010576
1.626697
1.998979
1.273322
2.095346
2.306542
1.745279
1.949406
2.174410
1.596074
2.047473
2.017035
1.628589
1.662588
2.504801
2.263137
2.380144
2.310179
3.037567
2.923164
2.913261
3.262369
3.033926
3.214087
3.199175
3.206491
1.577264
1.511831
2.555827
3.571820
3.263274
1.806650
3.571820
3.384141
2.213406
2.280423
2.506663
2.506663
2.470063
2.629324
2.136475
2.878332
3.081583
2.710874
3.270198
3.212208
3.710937
3.301785
3.686752
3.675737
3.599998
3.726776
3.281859
3.207074
2.258652
3.660167
3.182132
2.915901
3.560013
3.432794
2.444265
2.565073
3.598602
2.773408
2.773408
3.183429
2.955332
3.127542
3.257343
2.994851
2.994851
2.613019
2.779211
2.975075
3.234399
3.301466
2.482789
2.403035
2.513566
2.734008
2.284352
2.194889
2.600338
2.905918
3.030517
2.943272
3.020620
2.734008
2.775506
2.730973
2.756787
2.620516
0.924841
1.034001
1.242129
0.883390
1.170936
1.998979
1.755372
1.779737
2.064584
1.769547
1.979800
1.769547
2.047473
1.312169
1.861737
1.626228
1.689744
1.458320
1.261765
2.061294
2.443008
2.596601
2.203204
2.824658
2.780787
2.824658
2.202056
3.082648
2.906561
2.313449
3.251915
3.024385
3.135590
1.510434
3.327065
3.224993
3.324803
3.456315
2.313449
2.356527
2.870756
2.749557
2.835813
1.778092
3.515268
2.500658
2.506663
3.228960
3.228960
3.250274
3.190097
3.091414
1.979653
3.207074
3.207074
3.011305
2.381418
2.781745
2.721590
3.726776
3.240877
3.230987
3.482947
3.130539
3.604383
2.454614
2.317472
2.998091
3.105409
2.674236
3.397603
3.033872
3.120295
3.083267
2.312577
2.923070
2.779069
3.026487
2.925915
2.939253
2.998091
2.890000
2.631617
3.153615
2.925915
2.231957
2.126016
2.486926
2.651587
2.737598
2.883802
2.588923
0.928884
0.928884
1.080591
1.191001
1.652815
0.907198
1.402609
1.905335
1.626697
1.240764
2.007794
2.174410
2.174410
2.129886
2.166780
1.745279
1.824126
2.065555
2.021667
2.126031
2.084342
2.207846
2.084342
2.496134
2.169133
2.257373
2.257373
2.830827
2.331877
2.272446
1.411696
1.795826
2.597781
1.474834
1.510434
2.540641
2.830827
2.931964
2.590775
2.313449
2.931964
3.126385
3.126062
3.082648
2.771208
2.637563
3.224993
3.230428
2.313449
1.923070
3.271499
3.294909
3.566108
1.983965
2.486505
2.316388
3.283390
3.228960
3.270198
2.666218
3.212255
3.183752
3.245457
2.638723
1.978299
1.980232
2.086519
1.992082
2.277028
2.602987
2.572662
2.434335
3.255455
3.339311
3.609712
2.368275
2.627951
2.684936
2.779069
3.052000
2.178177
2.896202
2.827177
2.848114
2.976205
2.157590
2.377227
2.651587
2.614487
2.971845
2.693224
1.321344
1.365932
1.231869
0.838855
0.980561
1.170936
1.240764
1.050649
1.137711
1.569557
1.246361
1.240764
2.174410
1.979800
1.214468
1.164836
2.174410
1.892391
1.755372
1.905335
2.021667
2.102346
1.751033
1.689744
2.280729
2.036828
2.101928
2.101928
1.715876
2.420511
2.544456
2.556693
2.781714
2.604354
2.272446
2.226255
2.375780
3.066030
1.577264
3.126385
3.175585
3.224755
3.217325
1.923070
2.209918
2.316688
2.520548
2.335137
2.335137
2.335821
2.335137
2.335137
2.295243
1.798948
3.250274
2.113320
1.974991
3.141131
2.829965
3.212255
3.675737
1.972731
2.638723
3.596907
3.596907
2.550031
3.622755
3.683638
3.078000
2.638723
3.178454
3.113269
3.633439
2.726434
2.251828
2.115232
3.275361
3.277897
2.346823
3.277897
2.362841
3.115520
2.674130
2.234517
1.968941
2.731371
2.580427
2.285949
3.162371
2.878283
2.361492
2.674236
3.036079
2.917184
2.392387
2.890000
2.579437
2.699935
2.684936
2.192910
2.976205
2.486926
2.713401
2.716608
2.897195
2.848114
2.685554
2.611257
2.782165
0.946147
0.968338
1.226230
1.317443
1.267557
1.346651
1.393375
1.349660
1.213609
1.148989
1.148989
1.020548
0.978623
1.492194
1.091771
1.542658
1.931288
1.755372
2.095751
2.158777
1.840594
2.041899
1.831821
1.861737
1.823512
2.108450
2.195469
2.061294
2.182962
1.946411
2.257382
2.322407
2.198084
2.202056
2.331877
2.202056
2.496134
2.272446
2.398009
2.830827
2.313449
2.701794
1.545155
3.203817
2.313449
2.982200
2.021501
2.835813
1.798994
2.051226
2.335821
2.642685
3.324803
2.335821
2.500658
2.178604
2.187833
3.283390
3.053283
2.294210
3.091414
3.183752
2.280790
2.072375
1.922088
3.017714
3.154441
3.239345
3.597952
3.660167
3.501081
3.501081
3.557119
3.217236
3.217236
3.557119
2.497599
3.315835
3.449094
2.426058
3.559187
3.664180
3.240877
3.209023
3.314324
3.200304
3.489868
1.987994
2.485264
2.285949
3.103817
2.533221
3.154538
3.189113
2.241403
2.485264
2.674236
3.036079
3.234399
2.798819
2.814718
2.768062
2.721890
2.233216
2.781774
2.843515
2.779913
2.651679
2.462294
2.518785
0.946039
1.261354
1.215333
1.296271
1.102524
1.212256
1.086578
0.832517
1.193191
1.170936
1.337650
1.402609
1.402609
1.402609
1.996572
1.474201
1.994282
2.158777
1.579496
1.646135
2.108450
1.755372
1.492194
1.708683
2.063586
2.088708
1.649389
2.007371
2.159294
1.393018
1.433010
2.597781
2.604354
2.243295
2.515595
2.515595
2.747975
1.766830
1.708669
1.522913
1.456590
2.614579
2.117686
2.689581
3.020619
2.274286
1.717093
2.951965
2.832211
3.040595
2.832211
2.771208
2.389760
2.309947
2.025265
1.981747
3.254508
3.017714
3.212255
3.515762
2.038087
3.017714
3.254381
2.980368
3.597952
3.597952
3.508227
3.622755
2.528488
3.397603
2.294820
2.253150
3.293185
2.410928
2.888320
2.536461
2.779069
2.497538
2.340168
2.448868
2.482789
2.735153
2.319990
2.647362
2.430996
2.659421
2.798819
2.426256
2.578948
2.363885
2.177336
2.721890
2.694321
2.377228
2.753822
2.910764
2.695632
2.534570
2.657509
2.544178
1.103976
0.803508
1.039467
1.293891
1.346651
1.567548
1.552065
0.915707
1.050272
1.050272
1.402609
1.994282
1.931288
1.474201
2.168392
1.164836
1.709548
1.931288
1.959458
1.994282
2.297454
2.228000
1.150453
1.344962
1.207969
1.936370
1.823512
1.683763
2.327429
1.999634
1.928153
1.715815
2.088708
1.955786
1.767297
2.434612
2.252683
2.203204
1.767297
2.434612
2.396749
2.122447
2.516772
2.257382
2.182962
2.322407
2.454671
2.373467
2.431242
1.488305
2.674839
2.597781
2.236549
2.466415
2.304153
3.065320
3.065320
2.197525
2.051646
3.068904
3.068904
2.981434
2.641896
2.809769
2.758411
2.530054
2.345365
2.349709
2.294210
2.765574
2.941442
3.018160
3.141131
3.281906
3.186311
3.078000
2.744741
3.006695
3.278913
3.302643
3.488636
2.434335
3.501029
3.453698
2.115232
2.246281
2.401398
3.113269
3.090755
3.468224
3.468224
2.246281
3.105409
2.112365
1.954756
2.940262
3.384539
2.294820
2.888320
2.674130
2.080137
3.244723
2.188405
3.008617
2.259663
2.647678
2.827177
2.348740
2.441708
2.588923
0.825731
0.805942
0.980561
0.924469
1.145639
1.134567
0.843067
0.807773
1.082627
0.997256
1.210183
1.240150
1.343243
1.285132
1.007495
0.952397
1.057631
1.057631
1.047387
1.931288
1.994282
2.048000
1.481225
1.481225
2.104295
0.915707
2.177510
1.304908
1.150453
1.683763
1.579496
1.895723
1.823512
1.783009
1.895359
1.813939
2.110100
2.363663
2.258951
1.266740
2.397872
1.746330
1.708669
1.928329
1.676105
2.821539
2.220166
2.337473
2.507482
2.507482
2.686527
2.701794
2.877049
1.766830
2.304153
2.321897
2.906776
2.636878
2.896668
2.316388
1.676412
2.648250
2.766417
2.530054
2.648250
2.718498
2.838144
3.363765
2.403399
2.787318
2.356695
2.941442
3.168279
3.017714
3.729095
2.154392
3.094766
3.176232
3.077702
3.644100
3.145260
3.154441
2.893243
3.067462
2.980368
2.919747
2.234464
3.508227
3.278913
3.334196
1.995941
3.468224
3.522503
2.730293
2.416154
2.183532
2.826677
2.420856
2.347250
2.864148
2.533140
2.878383
1.990704
2.798819
2.840619
2.505920
2.624909
2.779913
2.899444
2.727573
1.210183
1.319995
1.278912
0.783467
0.843648
0.937945
0.936280
2.087666
2.158777
1.735835
1.758368
1.709946
1.922344
1.323003
1.656973
1.998375
2.360792
1.569932
2.573964
2.307657
2.664370
2.295312
1.672953
1.662785
2.876053
2.906776
2.740003
2.614579
2.332372
2.895185
2.796911
3.040595
2.859903
2.818254
2.250171
2.789548
2.811597
1.778054
2.114413
2.309947
2.484244
3.342026
3.363765
2.239947
3.319731
2.403399
3.224624
2.291913
3.561256
2.293718
2.100789
2.923716
2.847436
3.610008
3.644100
3.584996
3.363941
3.622755
3.434158
3.068446
3.154441
3.442213
3.113269
3.434158
3.338698
2.575675
2.510603
3.297852
1.860114
2.253150
2.968826
3.024225
2.150421
2.481193
2.227885
3.260070
2.131886
3.055750
2.706303
2.150421
2.455930
2.709136
2.378276
2.242819
2.699476
2.716608
2.590871
2.583765
2.659658
2.554597
2.476393
1.230591
1.240150
1.057811
0.832517
0.815651
0.908532
1.267549
1.285312
1.402609
2.087666
2.087666
2.260344
1.276324
1.232987
1.813939
1.963511
1.323003
2.322407
1.709946
2.601344
2.360792
2.601344
2.601344
2.453694
2.466958
1.767536
1.984765
2.253537
2.466958
2.262341
2.832281
2.471503
2.341242
2.662368
2.520887
2.880767
2.880767
2.774841
2.806982
2.703341
2.597018
2.431498
2.114413
2.352042
2.460428
3.610008
3.610008
2.843008
3.176232
3.515762
2.765574
2.765574
3.644100
2.086274
3.561256
3.470968
3.610008
3.442213
3.470968
2.086274
2.756198
2.847436
3.391188
2.311287
2.053072
3.242023
3.370142
2.421735
2.685045
2.656008
2.563926
2.115232
3.136294
3.153277
3.065083
2.334950
2.864148
3.068178
2.031311
2.180858
3.417973
3.244723
2.968826
2.769077
1.960969
2.562820
2.232011
2.178900
2.029784
1.884299
2.998732
2.825022
2.678554
2.678554
2.674928
2.392387
2.658060
2.825022
2.674928
2.462055
2.764529
2.727573
2.695632
2.676347
0.824926
0.870021
0.915058
1.102257
0.929047
0.955571
0.825731
1.007486
0.892138
1.285312
1.455116
1.249967
1.102257
1.206709
1.158645
1.285312
1.411946
1.997261
2.087666
1.152868
1.498133
1.249967
1.332896
2.080842
1.323003
1.507536
1.451077
2.260344
2.381822
1.276324
1.815071
1.998375
2.397983
2.208878
2.258951
2.017662
1.818422
2.823281
2.250171
2.034184
2.808632
2.796911
2.628820
2.808632
2.261308
2.262341
2.811597
2.885486
2.597018
1.762046
2.774841
2.871688
2.652066
3.116195
3.262165
2.213931
2.103248
2.048271
2.947366
3.561256
3.035126
2.875967
2.670781
2.923716
3.009635
3.470968
3.157745
3.187954
3.334196
3.334196
1.966938
2.048271
2.518067
2.403821
2.110909
1.988548
3.198460
1.854945
1.988548
2.797947
3.078334
2.829797
2.779937
2.713625
2.798325
2.825022
2.609775
2.911798
2.163737
2.588920
2.836718
2.709136
2.633935
1.195977
1.203179
0.989036
1.134567
1.097437
1.120832
0.986392
0.985578
1.232982
0.846057
1.523330
1.355435
1.876738
1.232982
1.988950
2.231356
1.988950
1.205751
1.438977
2.147603
1.701499
1.363758
1.244826
2.363663
1.945597
1.813939
1.865760
1.963511
2.728848
1.895776
2.302753
1.674849
2.666602
2.628820
1.894156
2.048767
1.782578
1.673940
1.816400
1.899319
2.893942
2.158665
1.756065
2.708787
2.750567
2.697776
2.789548
1.837868
1.778054
2.498943
2.286773
2.893034
3.560044
3.172561
2.758169
1.962560
3.486261
2.282996
2.904672
3.490655
3.466812
3.515762
2.826722
2.041179
1.967374
2.744741
1.999445
1.999445
2.073526
1.913824
3.320371
2.470595
2.053072
2.110909
3.297852
2.292035
2.012489
2.835864
2.889068
2.725145
2.077141
3.177401
2.029784
2.932068
2.143353
2.276187
2.615190
2.636383
2.456587
2.214119
2.645133
2.587478
1.173548
1.230591
0.853440
1.120361
0.825731
1.011787
1.130920
1.039231
0.732269
0.799945
0.977192
1.051425
1.232982
0.846057
1.446088
0.964660
1.205751
2.001642
1.876593
1.811684
1.874376
1.095516
1.684514
2.218269
1.893624
2.497482
2.556613
2.774138
2.057365
2.729071
2.601344
2.453694
2.934135
2.853279
1.770695
2.864163
2.855782
2.742106
2.871798
2.741779
2.172204
2.819600
2.818884
2.727084
2.239947
2.601594
2.703341
3.262165
2.308410
2.232671
1.846364
2.380421
2.308410
2.381623
2.843008
2.714642
2.671744
2.380421
1.865838
2.507034
2.498943
2.327658
2.215008
1.827510
3.192559
3.093118
3.486261
3.522027
2.091457
3.506466
3.466812
2.335581
2.708966
2.708966
2.656008
3.384870
2.826722
2.669922
2.058216
2.756198
3.145260
3.229349
2.470595
2.847349
2.847349
3.390856
2.240682
2.160593
2.088789
1.886370
3.210342
2.334950
2.985664
3.210342
1.889063
3.260779
3.421504
3.410635
3.370142
3.318013
3.328329
3.193764
2.120998
1.933523
2.191373
2.141369
2.635067
2.747763
2.355143
2.251639
2.143528
2.825022
2.634356
2.456587
2.825022
2.576913
2.588920
2.566964
2.702980
2.583765
1.090613
0.836411
0.960305
1.008374
0.853440
1.080045
0.894542
0.783130
0.783130
0.894746
1.269455
1.463061
1.666231
1.735216
1.000641
1.072773
1.169233
2.218269
1.235317
2.024470
1.893624
1.813743
1.893624
2.679342
1.942237
2.584845
2.351586
2.158592
2.063098
2.475297
2.469846
2.609884
3.192559
2.936517
2.866791
2.755633
2.758169
2.298464
2.706059
2.675354
2.747882
2.265304
2.893034
2.327658
3.384870
3.466812
3.550524
2.229767
3.506466
2.556591
2.847436
3.077702
3.075921
3.421504
3.343993
2.756198
2.518067
2.081229
3.350886
2.042873
2.031311
2.120998
2.818581
2.031311
2.186179
2.225143
2.636383
2.635067
3.139262
2.973514
2.375936
2.237019
2.858072
2.502586
2.273859
2.455120
2.566964
2.634356
2.214119
2.336379
2.502586
2.576913
2.373529
2.691341
2.694124
2.402181
2.787618
2.709136
2.613702
0.819019
0.898733
0.819884
0.899962
1.156407
0.846057
0.789243
1.666231
1.683554
1.997261
1.701624
1.065364
2.319619
1.446088
2.400414
2.680562
2.042033
2.341202
1.991458
2.761687
2.475392
2.537819
2.668349
2.515051
3.106009
2.200344
3.087499
2.052076
2.081301
3.550524
2.728981
2.240682
2.160439
3.002318
2.224926
3.506466
3.278913
2.633946
2.592833
2.911691
3.190265
2.937968
3.015667
2.777753
2.833869
2.118150
3.343993
3.274501
3.190265
3.366862
2.639522
3.121940
2.919869
3.439157
2.317854
2.669922
2.639522
2.818581
2.677827
3.068178
2.437989
3.248373
2.020925
2.725145
2.835864
3.026308
3.102397
2.229939
2.268372
2.844951
2.905328
2.614890
2.561872
2.530925
2.771138
2.899810
2.755905
2.617604
0.868601
0.895192
0.802033
0.707838
1.186327
1.007486
1.185683
1.051425
1.186327
1.337682
1.214754
1.449714
1.206709
1.337682
1.038902
0.915677
1.072773
1.072773
1.910988
1.910988
2.131725
2.319619
1.251897
2.472131
2.447593
2.156261
2.705982
2.679342
2.435787
2.795580
2.646497
3.087499
3.427943
3.272264
3.062768
2.932236
3.484131
2.344962
2.344962
3.484131
3.438092
2.768043
2.540152
3.120436
3.499069
2.956158
3.061125
3.190265
2.685956
2.548159
2.919869
2.840906
2.902851
3.219551
3.360120
2.118150
3.307688
3.376868
2.414345
2.081229
2.639522
3.274501
2.570952
2.070649
2.289197
2.475011
2.539127
2.420975
2.552886
2.526660
0.827322
0.771651
0.911975
1.133769
1.038570
1.070951
0.971848
0.913925
0.960636
1.038267
1.039231
0.903181
1.185683
0.913925
1.037746
1.161713
0.940350
0.818380
1.395015
1.330208
0.931122
1.420412
1.288575
1.038902
1.694147
1.552935
1.701624
1.654334
1.808026
2.321485
1.839067
1.813743
1.927233
2.490589
2.447593
2.615110
2.615110
1.944992
2.705982
2.867929
2.636283
2.636283
2.636283
2.729308
2.706863
3.015885
3.360120
3.382692
2.145869
3.440671
2.251287
2.965935
3.032379
3.370562
3.292700
2.685956
2.653477
2.653477
3.079850
3.219551
3.307688
1.963011
3.136294
2.327675
3.220219
3.117040
2.374233
2.367095
2.984149
3.177401
1.929775
2.984149
2.177018
2.789337
2.375936
2.684681
2.789337
2.600406
2.871413
1.063409
0.774561
0.902300
0.769588
1.085533
0.925525
0.984292
1.065244
1.107936
1.214754
1.268688
1.472216
1.491399
1.869902
1.824942
2.214756
2.076122
2.490589
2.684390
2.647985
2.158592
2.156261
2.468667
2.330842
2.342683
2.468667
3.087499
2.998797
2.687753
2.668349
3.079898
3.491651
2.956158
2.335823
3.382692
3.192097
2.826458
3.440671
3.475888
2.770858
2.770858
3.079850
2.540158
2.447601
2.430595
2.470104
2.468489
2.840906
3.079850
3.220219
3.376868
2.546042
2.089403
2.591976
2.455120
2.591792
2.684681
2.543364
1.008408
0.815950
1.077907
1.077907
1.079950
1.144871
1.084988
0.951825
1.012803
1.038267
1.166894
0.717448
1.236545
1.191113
1.161713
1.209090
1.029721
1.063829
0.988213
1.220724
1.343380
1.316637
1.298183
1.451711
1.298183
1.298183
1.192816
1.037746
1.694147
1.115932
1.552935
1.445503
1.808026
1.798296
1.472216
2.131725
1.839067
1.339629
2.022749
1.844958
2.276722
2.299319
1.787729
2.383585
2.276722
1.859247
2.674166
1.917420
1.991458
2.459776
2.792012
2.700162
2.823392
2.342683
2.420513
2.763698
2.803355
3.133123
3.352696
3.133123
2.353249
2.478600
2.353249
3.382553
3.317607
3.440671
2.849311
2.562104
3.317607
2.720005
2.720005
3.292700
2.470104
2.497501
2.570952
2.014529
3.214065
2.241152
2.357891
2.422347
2.338717
2.434273
2.514327
2.935023
2.307330
2.674131
2.456032
2.496212
2.560899
2.617604
0.898915
0.985513
0.964057
0.859998
1.048434
1.021071
0.771651
1.188449
0.759731
1.437409
1.413019
1.413019
1.337682
1.573345
1.799880
1.806445
2.031523
2.109735
2.225796
2.226182
2.494050
2.494050
1.861619
1.917420
2.559675
2.807347
2.214675
2.182138
2.330842
2.967847
2.749081
2.695843
3.133123
3.079898
3.382692
3.382553
3.415975
3.381760
2.107360
2.368934
2.928013
3.386663
3.316525
3.038357
2.081229
3.198296
3.198296
2.470104
3.224761
3.128519
2.839647
2.472264
2.410000
2.460512
2.387043
2.789935
2.455120
2.183485
2.256161
2.475966
2.515102
1.086035
0.826652
0.920171
1.182086
1.058419
1.131987
1.239024
1.283752
1.175142
1.246127
0.991616
0.991616
1.359662
1.439914
1.429373
1.270974
1.417423
1.452857
1.417423
1.600759
1.649442
1.609063
1.678093
1.717180
2.018377
1.980700
2.028837
2.481103
1.817779
2.674166
2.400522
2.608991
2.352655
2.071561
1.847720
2.659744
2.214675
2.809961
2.766302
2.776965
2.766302
2.946531
2.749081
2.998797
2.708816
2.521588
2.684364
2.505361
3.075944
2.715354
3.276727
2.826458
2.477234
2.580761
2.713551
2.823300
3.192097
3.276727
2.662927
2.715354
2.849311
3.338148
3.382553
2.305929
3.224761
3.316525
2.385213
2.594228
2.484623
1.966147
2.105638
1.998707
3.117040
2.505635
2.422826
1.999804
2.789935
2.984149
1.962775
2.305419
2.918257
2.422347
2.789935
2.745340
2.398970
2.375936
2.409433
2.278412
2.346726
2.526660
2.459354
0.980361
0.920171
1.133385
1.175599
1.133076
1.133577
1.075813
0.813465
1.167575
0.833605
0.925200
1.027264
1.088756
1.294194
1.644002
1.637171
1.721429
1.637171
1.553553
1.568363
1.806445
1.806445
2.048393
2.014223
2.423862
1.856691
1.781697
1.935188
2.459776
2.494462
2.550488
2.628911
2.030310
2.687862
2.859926
2.950797
2.455874
2.820971
2.653424
2.653424
2.323141
2.856566
3.289439
2.744723
2.669767
2.913978
2.366692
2.507651
3.066154
3.211353
2.831550
2.849311
3.244539
2.715354
3.132473
3.316525
2.675139
2.643520
2.366692
2.295112
3.112056
3.016302
2.530905
2.478739
2.417742
2.983521
2.197310
2.834388
2.171993
2.801952
2.471700
2.148243
1.133577
1.104860
1.101471
0.925200
0.869907
0.911646
1.114167
1.294194
1.304149
0.961682
1.035029
1.212193
1.226586
1.454409
1.304149
1.429373
1.104860
1.270974
1.327422
1.394368
1.579762
1.360746
1.566474
1.806445
1.716537
1.781697
2.459776
1.917420
1.982870
2.621583
2.550488
2.732474
2.760474
2.081030
2.214675
2.782022
2.874119
2.838981
2.464601
2.395051
2.709393
2.950797
3.033256
2.807843
2.395051
3.043089
2.531182
2.580761
2.980315
2.913198
2.913198
2.383525
2.323141
2.756912
2.507651
2.980315
2.744723
2.647461
3.276519
3.211353
2.205993
2.295112
2.458027
2.801952
2.231278
2.712080
2.268701
2.387043
2.471248
2.690108
2.579378
2.581100
2.173244
1.297367
1.284149
1.385744
1.181703
1.571483
1.805214
1.839067
2.008540
1.911956
1.846413
2.105687
2.566117
1.837889
2.838981
2.782022
2.713044
1.879207
2.611256
2.550488
2.819103
2.081030
2.139534
2.950797
2.319274
2.901895
3.033256
3.033256
2.877164
2.653424
2.970982
2.239520
3.287551
2.580761
2.857456
2.520954
3.288061
3.288061
2.205993
3.276519
1.971590
3.139464
2.942147
2.075621
2.557901
2.889307
2.983521
2.605045
2.219161
2.601212
2.579378
2.584435
2.245666
1.080882
1.799297
1.799297
1.716778
1.957330
1.889332
2.732474
2.228941
2.776608
2.722023
2.819103
2.859926
2.238477
2.212562
3.033256
3.033256
2.520954
2.744723
3.257958
3.257958
2.535797
2.744723
3.135935
2.913978
2.320040
2.344438
3.084984
2.745087
3.221951
2.430196
2.995169
2.717934
2.605045
2.562860
2.665003
2.373934
2.304257
2.265663
2.445183
2.396204
2.503909
2.350534
2.294714
1.558692
1.981628
1.532094
1.957330
1.934186
1.934186
1.982365
2.874119
2.694849
2.667109
2.228941
2.320040
3.141344
2.507651
2.152690
2.181818
2.699811
2.295112
2.338717
2.470417
2.653758
2.326332
2.195529
2.410088
2.490953
2.047812
2.216581
1.498288
1.612259
1.582836
1.773482
1.884249
1.618104
1.688956
1.759477
1.773432
1.759477
1.845099
2.137592
2.665256
2.576825
2.297314
3.287551
3.141344
2.253934
2.954082
2.995169
2.181818
2.253934
3.116927
2.868277
2.341091
2.868277
2.511873
2.653758
2.771744
2.511873
2.135467
2.265663
2.177801
2.262767
2.358127
2.298336
1.531653
1.489444
1.612259
2.110812
1.779194
2.556654
1.890083
1.934186
2.477524
1.851704
1.974151
2.088663
2.297606
2.340098
3.116997
3.137080
3.137080
2.227359
2.905139
2.934175
2.671918
2.589280
2.330628
2.599909
2.358838
2.326332
2.376354
2.272616
2.332225
2.191646
1.890083
2.303179
2.422197
1.965082
2.034935
3.094059
2.936856
2.936856
3.109530
2.100106
2.569588
2.535797
3.027247
2.480808
2.492251
2.496323
2.594910
2.671918
2.511873
2.219161
2.189182
2.428854
2.358838
2.353357
2.128772
1.688956
1.835402
2.065224
1.956121
1.773432
1.935081
1.974151
2.104695
2.576825
2.901848
3.094059
2.905139
2.905139
2.499993
2.610417
2.879153
2.214617
2.431824
2.810686
2.594910
2.366587
2.385703
2.344090
1.492577
1.538004
1.582836
1.532094
1.808491
2.267407
1.712866
1.770752
1.698044
2.303179
2.259287
2.185816
1.837708
2.530677
1.916550
2.936856
2.734359
2.158648
2.222331
2.810686
2.822715
2.727146
2.810686
2.480808
2.540051
2.362057
2.431824
2.220115
2.220115
2.256439
2.169467
2.555252
2.375637
2.436111
2.264860
2.170799
2.354564
1.690041
1.640800
1.806756
1.772290
1.806756
2.294626
1.974151
1.965082
2.183891
2.915571
2.719428
2.719428
2.418310
2.121938
2.513411
2.610417
2.679278
2.540051
2.496717
2.126484
2.106205
2.126484
2.496717
2.396486
2.436111
2.385703
1.507861
1.442915
1.489444
1.538771
1.640800
1.955742
2.487618
1.916550
1.985801
2.734359
2.656498
2.695754
2.739841
2.710529
2.651283
2.719428
2.610860
2.499993
2.700256
2.092293
2.605080
2.422560
2.671918
2.333558
2.251850
2.190269
2.345702
2.251786
1.470178
1.770752
1.775603
1.770752
1.770752
1.700636
1.951217
2.188588
2.678889
2.199950
2.268165
2.700256
2.722344
2.719428
2.610860
2.610860
2.499993
2.204061
2.504214
2.084886
2.044765
2.082989
2.504214
2.396486
2.365042
2.145263
2.517215
1.651699
1.717149
2.026987
1.857259
1.561807
1.616744
1.963565
1.775603
1.951339
2.017095
1.920047
1.888840
2.734359
2.678889
2.646511
2.073081
1.990039
2.506320
2.458795
2.710529
2.605080
2.345031
2.094221
2.065437
2.268105
2.114157
2.323865
2.395344
2.215756
1.476638
1.631096
1.571542
1.618104
1.503700
1.640800
1.841565
1.841565
2.646511
2.450020
2.008786
2.501222
2.717054
2.111467
2.115771
2.505319
2.395441
2.588048
2.419468
1.990039
2.441834
2.321642
2.210563
2.284286
1.402174
1.492577
1.398061
1.537685
1.653145
1.841565
2.395569
2.177129
2.018629
2.677406
2.455352
2.505319
2.506320
2.552947
2.730868
2.588048
2.551011
2.351778
2.295586
2.144558
2.362113
2.380143
2.442712
2.236397
2.377892
2.498228
1.488486
1.561807
1.804740
1.798326
1.841565
2.395569
2.239129
2.335262
2.504163
2.315988
2.513355
2.457676
2.513355
2.719428
2.551011
2.268086
2.295655
1.962532
2.027950
2.086884
2.433731
2.205313
2.145641
2.357533
2.204752
2.278298
2.278298
2.319474
2.220389
2.352791
1.420256
1.460533
1.465590
1.400995
1.435644
1.432903
1.454090
1.572877
1.573553
1.616744
1.603200
1.603200
1.659853
2.239129
2.438946
1.861376
2.153859
2.333526
2.506576
2.192789
2.370807
2.496165
2.496165
1.894902
2.419468
2.219599
2.012883
1.968086
2.378096
2.427932
2.387732
2.346392
1.340519
1.362230
1.425787
2.057523
2.012546
1.686487
1.686487
1.686487
2.045784
2.239129
2.307219
1.841321
2.043756
2.500100
1.858512
2.331763
2.345988
2.153859
1.940499
1.870158
2.495633
2.308352
2.433731
2.257083
1.374337
1.420256
1.402174
1.358632
1.400995
1.425787
1.537293
1.386784
1.654403
1.513242
1.780466
1.779645
1.573553
1.882785
1.603200
1.862113
1.509715
1.628136
1.784228
1.798326
1.787750
2.371476
2.390090
2.154691
2.481336
2.481336
1.958398
2.345988
2.268086
2.216454
2.412825
1.537685
1.425293
1.312685
1.394603
1.425293
1.555672
1.477436
1.882785
1.547191
1.684716
1.466755
1.896131
2.050635
1.947399
2.438946
2.162580
2.153859
1.861667
1.914391
2.067522
2.157691
2.295655
2.219599
2.218976
1.465020
1.468775
1.511476
1.477436
1.654403
1.555672
1.430260
1.430260
1.477436
1.547191
1.686015
1.810616
1.679606
1.784959
1.789740
1.782680
1.800808
1.904670
1.707938
1.745672
1.764875
2.078790
2.160598
2.259891
2.371476
2.276086
2.390090
1.891621
1.795278
2.124208
2.147033
2.009636
1.817220
2.050392
2.496165
2.474796
2.312017
2.432030
2.134409
2.330643
2.327503
1.465020
1.477436
1.585056
1.684716
1.547191
1.588757
1.596685
1.800808
1.801909
1.896131
1.896131
1.868466
1.806930
1.904670
1.737511
1.604069
1.656295
1.961975
2.160598
2.160598
2.119000
2.216229
1.857915
2.047294
1.789959
2.309904
2.481336
1.802925
1.736634
1.850312
2.331866
2.282058
1.835024
1.761862
2.118726
2.034429
2.111055
2.069729
2.086083
1.585056
1.449111
1.588695
1.604514
1.801909
1.674320
1.591129
1.663044
1.490913
1.588757
1.715461
1.715461
1.683979
1.640165
1.595034
1.961975
1.959292
1.764875
1.870939
1.764875
1.734706
1.754651
1.977628
2.116942
2.216229
2.331763
2.043186
2.331866
2.327503
1.449111
1.490913
1.663044
1.578375
1.646563
1.425303
1.736339
1.683979
1.645643
1.812284
1.698100
1.933066
2.119000
1.701332
2.071402
1.666654
1.847194
2.006768
1.719789
1.971513
2.315659
1.565098
1.618786
1.779148
1.695802
1.959292
1.773409
1.611274
2.071402
1.933066
1.829126
1.825897
2.332245
1.780365
1.859194
1.786165
2.307667
2.143466
2.319378
2.020568
1.406080
1.378437
1.460402
1.635970
1.695802
1.961975
1.961975
2.027865
1.904465
2.074520
1.941073
1.749597
1.595542
1.939337
2.147547
2.000009
2.143466
2.092336
2.123894
1.401858
1.454796
1.591129
1.548314
1.695802
1.959292
1.696186
1.660244
1.829126
1.749597
1.653506
2.142521
1.646617
2.135946
1.946613
1.926062
2.057587
1.901193
1.355223
1.533989
1.629831
1.615035
1.618786
1.588394
1.702480
1.743800
1.637927
1.598135
1.526244
1.829126
1.825884
1.963234
1.928985
1.907877
1.764845
1.842670
1.966437
1.969574
1.298307
1.406005
1.527303
1.492129
1.692066
1.868860
1.618786
1.868860
1.692066
1.579513
1.639262
1.639262
2.104017
1.675837
1.596687
1.454331
1.521431
1.709074
1.907877
1.401858
1.396616
1.374256
1.460402
1.581536
1.491054
1.793027
1.793027
1.439162
1.868860
1.904465
1.733069
1.906708
1.713397
1.780295
1.966437
1.931876
1.791716
1.733006
1.310579
1.306405
1.355931
1.355931
1.491054
1.533800
1.598343
1.439162
1.550836
1.639891
1.930266
1.697803
1.756839
1.352263
1.664011
1.505413
1.300518
1.270702
1.355223
1.435215
1.315240
1.303384
1.406005
1.301767
1.564509
1.804630
1.704954
1.657135
1.575915
1.697803
1.752769
1.737361
1.306405
1.300597
1.251908
1.326616
1.384207
1.432368
1.621261
1.683767
1.683767
1.580334
1.267587
1.292369
1.211116
1.267587
1.324364
1.366929
1.333803
1.354889
1.657135
1.586974
1.461033
1.511372
1.403725
1.482756
1.712722
1.352263
1.352263
1.530439
1.267587
1.266751
1.340140
1.349735
1.409275
1.425958
1.556977
1.411412
1.289883
1.315240
1.225185
1.508984
1.285556
1.206402
1.236203
1.236203
1.218574
1.218574
1.325054
1.284888
1.467809
1.390393
1.345238
1.273354
1.356388
1.295374
1.317320
1.641593
1.641593
1.491185
4.279046
3.406537
3.251437
4.355390
2.174410
1.961975
2.014223
2.207064
1.869902
2.549572
1.787729
2.003439
2.272711
2.459776
2.313105
2.126594
2.003439
2.014223
4.174599
4.192657
4.279046
3.677713
3.604081
3.844121
3.734068
1.772569
1.772569
1.515125
1.569872
4.357995
4.549974
4.425291
