9671 1 3
1.581941
1.669499
1.658666
1.552548
1.725172
1.470733
1.533288
1.703593
1.604554
1.650313
1.680739
1.796731
1.898037
1.816357
1.823152
1.865494
1.896606
1.521614
1.753981
1.734229
1.533288
1.728244
1.762788
1.727521
1.504496
1.767827
1.684423
1.759497
1.782959
1.777535
1.977676
1.890764
1.813025
1.972788
2.000015
1.971375
2.143849
1.495621
1.595177
1.480146
1.432438
1.514467
1.560736
1.495621
1.615854
1.560275
1.879108
1.513737
1.560736
1.642261
1.595392
1.984430
2.064795
1.721613
1.757794
2.034905
1.813025
2.115553
2.071150
2.070462
2.046439
2.046439
2.210526
2.216425
2.267398
2.192160
1.595177
1.576770
1.466542
1.383109
1.356375
1.753981
1.806394
1.965262
1.655346
1.977676
2.137113
2.046095
1.845995
2.232163
2.165407
2.244324
2.244324
2.254623
2.122967
2.119323
1.907250
1.284692
1.383109
1.711591
1.681732
2.043289
1.931612
1.874650
2.019065
1.979190
1.507795
1.620750
1.874650
2.109848
1.965454
1.729210
1.811747
2.068972
2.143681
2.068972
1.719434
2.085535
1.983434
1.801598
2.272351
2.122967
2.151590
2.437595
2.172977
2.383174
2.153125
2.258211
1.883858
1.439183
1.460790
1.375453
1.591982
1.614519
1.931869
2.223794
1.576748
2.087837
2.263056
1.754100
2.005125
2.070462
1.917331
2.025840
2.033763
2.360804
2.297515
2.428011
2.361365
2.361365
2.450012
2.103402
2.159183
2.475646
2.216511
2.195259
2.349641
1.504741
1.379633
1.261536
1.752764
1.349195
1.253311
1.427281
1.711591
1.816388
2.075449
1.350838
1.931262
2.151839
1.929217
2.125862
2.187161
2.313617
2.313617
1.856050
2.352032
2.352032
2.332461
2.492510
2.033763
2.461846
2.195259
2.289588
2.364530
2.364530
2.458148
2.420171
1.348014
1.367559
1.559814
1.328686
1.919742
2.019065
1.372916
1.402289
1.999572
2.030210
2.058516
2.090675
1.699045
1.560612
1.754100
1.948805
2.428011
2.442140
2.205971
2.251355
2.311725
2.541857
2.360804
2.541857
2.361365
1.972129
1.917681
2.484207
2.437595
2.510771
2.304976
2.646501
2.384909
2.435176
1.304334
1.288723
1.578574
1.447171
1.622374
1.278493
1.310246
2.076511
1.933033
1.246855
1.933033
2.081644
1.990402
2.062418
1.874650
1.931262
1.341073
1.364705
1.463578
2.110418
1.599081
1.669991
1.722986
2.187161
2.424919
2.223794
2.492030
2.263056
1.771793
1.788046
1.864510
2.555535
1.815104
1.965787
2.688724
2.643918
2.475646
1.966233
2.629493
2.664191
2.090072
2.130469
2.030290
2.419625
2.708875
2.588475
2.358669
2.416866
2.308127
2.467137
2.384909
1.210381
1.766831
1.876022
1.771129
1.908046
2.060792
1.218098
1.270513
2.140646
1.468397
2.058516
1.874650
1.533596
1.568322
2.175184
1.568322
1.797930
2.502755
2.502755
2.397628
2.259788
2.357983
1.965787
2.541857
2.590920
2.450718
2.573061
2.602811
2.681443
2.573061
2.679878
2.484207
2.662167
2.336578
2.674086
2.867425
2.747321
2.358669
2.381981
2.671048
2.621134
2.495267
2.487465
1.512992
1.731444
1.207383
1.908046
1.142029
1.128238
2.062418
1.288001
2.283330
2.100671
1.424689
1.424689
2.210563
1.565089
1.671527
1.628881
1.669991
2.200245
2.225758
1.864510
2.492030
2.458456
2.707845
2.336578
2.541857
2.031847
2.537739
2.665982
2.702251
2.514582
2.124720
2.209619
2.607467
2.056468
2.245193
2.415645
2.905487
2.734587
2.175315
2.735466
2.688409
2.706454
2.840873
2.865867
2.729963
2.724256
2.731884
2.560364
2.387282
2.395416
1.232596
1.555578
1.523602
1.523602
1.097525
1.128238
2.174791
2.060792
2.003719
2.054850
2.189038
2.315796
2.315796
2.186215
1.246839
1.326683
2.218992
2.366188
1.565089
2.506462
1.884095
2.691153
2.629083
2.760081
2.075974
2.554709
2.355276
2.031847
2.705979
2.596033
2.509319
2.812055
2.679878
2.031170
2.251705
2.142800
2.662167
2.451488
2.641775
2.389538
2.848401
2.084598
2.208807
2.241157
2.358999
2.824556
2.640635
2.769258
2.546599
2.562209
2.444225
2.444225
1.286163
1.263962
1.651111
2.008172
1.876022
2.109746
2.109746
2.197473
2.286250
2.410318
2.201823
2.302658
2.202653
1.208229
1.271557
1.271557
2.498058
2.498058
2.252242
2.191381
2.110418
2.479053
1.393620
1.525382
1.621007
2.445599
1.843982
1.884095
2.527543
1.864510
1.958607
2.596033
2.536614
2.259228
2.634375
2.852570
2.806732
2.494081
2.718383
2.109963
2.068576
2.886117
2.130053
2.302790
2.872827
2.724256
2.880352
2.635953
1.115291
1.312481
1.330769
1.118593
1.162194
1.286163
1.673844
2.158903
2.074265
2.149292
2.268078
2.008172
2.068645
2.302658
2.068645
1.202462
2.498058
2.406493
2.410318
1.479106
1.342837
2.231512
1.479106
2.282780
2.282780
2.315710
1.726213
1.671527
1.785113
2.489863
2.068645
2.865121
2.815861
2.451488
1.942898
2.043452
2.634375
2.605061
1.975526
3.003212
2.894591
2.702117
2.929710
2.021057
2.777322
2.900992
2.389538
2.494081
2.153813
2.302790
2.888919
2.259902
2.824556
2.593394
2.703472
2.825984
2.733458
2.703472
2.825984
2.453335
2.838103
2.528006
2.574721
2.556534
2.548245
1.074855
1.263962
1.470331
1.470331
1.866959
1.760455
1.158885
2.048496
2.085318
1.799908
1.984167
2.073691
1.190057
1.151642
2.406493
2.286250
1.253177
2.382795
2.382795
1.422249
2.180453
2.586015
2.479053
2.498058
1.583767
2.343030
2.282780
2.532075
2.025382
2.663632
2.523378
2.003567
2.469893
2.865548
2.573706
1.894322
3.016469
2.766001
3.022159
3.023911
2.666184
2.646117
2.767191
2.315987
2.259902
2.861143
3.016565
2.868958
2.461658
2.816272
3.009166
2.838103
2.788231
2.615003
2.825984
2.718751
1.812367
1.629966
1.537466
1.523602
1.158671
2.000204
2.184686
1.255632
2.357415
2.466134
2.211098
2.177792
1.245758
2.491484
2.191381
2.586015
1.538058
1.422249
2.443560
1.576170
2.546571
2.506462
2.597404
1.672523
1.777322
1.873268
2.502676
2.502676
1.777322
2.743114
2.603812
2.801046
2.469893
2.418996
2.670051
2.629994
1.990253
2.613800
2.641367
2.013886
2.575807
2.535600
2.535600
2.979873
2.087489
3.028890
3.196484
2.931277
2.234110
2.323113
2.397341
2.963192
2.939754
2.921438
2.776540
2.611206
2.939754
1.378977
2.089900
2.160806
2.187067
2.109782
2.357415
1.245758
1.288506
2.466134
1.308416
1.388821
2.479053
2.114846
2.221849
1.685444
2.874152
1.994259
2.069865
2.052737
2.532075
2.576897
2.003567
2.008973
2.023562
2.125946
2.595278
2.288329
1.958678
2.957161
1.994290
2.847250
2.959589
2.720141
2.828732
2.698218
2.718383
2.060086
2.935488
3.053507
3.021864
2.982747
2.213627
2.987889
2.935488
2.996993
2.996993
2.981434
2.486525
2.486525
2.679624
2.756928
2.921438
2.845700
2.560158
2.627227
2.627227
1.269690
1.603729
1.769961
1.673844
1.800629
2.062725
2.065895
1.093916
1.130875
2.326391
2.449367
1.307526
2.557960
2.449367
2.342654
2.586015
2.145427
1.570625
1.468318
1.533879
1.629543
2.648460
2.605808
2.891158
2.132752
2.221849
2.258841
2.576897
1.736267
2.595278
2.595278
1.835230
2.098565
2.098565
2.911293
2.814992
2.911293
1.845215
1.945315
2.258841
2.657259
2.814110
2.032697
2.847250
2.441593
3.003563
2.494081
2.940785
2.874255
2.125364
2.176173
2.472296
2.435517
2.981505
3.127239
2.238158
2.346762
2.533283
2.407743
3.193760
3.031762
2.901905
2.496440
2.863500
2.874738
2.496440
2.558931
2.679624
1.158621
1.164580
1.375391
1.866925
2.155862
1.107632
2.289137
2.183891
2.245256
2.225545
2.466134
2.183891
1.202022
1.344989
1.344989
2.380440
1.334306
1.344989
2.668742
2.209864
2.076130
1.427822
1.364397
2.040272
1.519057
1.421545
2.091027
2.085515
1.631609
2.767448
2.805268
2.802574
1.838637
1.838637
1.685444
2.853544
2.403487
1.808112
2.379735
1.788174
1.850212
2.807095
2.402363
1.763447
1.874615
2.661156
1.884841
2.556510
2.434137
2.416564
2.096364
2.959589
2.022562
3.041314
3.004935
3.181587
2.176173
2.129662
2.786140
3.162259
2.073558
2.660457
2.669007
2.927179
2.134873
3.049807
3.112919
2.927179
2.473089
2.438536
2.486525
2.946079
2.988898
2.949248
2.560039
2.874738
2.496440
2.894078
1.168030
1.168030
1.141656
2.246233
2.245256
2.245256
2.556228
2.518166
2.668742
2.118209
1.427822
2.717519
2.771413
2.038604
2.748784
1.635728
2.501695
1.703138
1.822275
2.025121
1.932866
1.915267
1.969228
2.095111
2.040159
2.754308
2.554709
3.052271
3.123065
2.967225
2.306599
1.786309
2.814110
2.434137
1.953422
2.754308
2.828732
2.503228
1.918755
2.003231
3.143554
2.616941
2.989681
2.176173
3.172478
3.011002
2.692129
2.962736
3.152619
2.871399
2.274820
2.473089
3.047624
2.546974
2.844920
3.162965
2.788231
2.828831
2.864758
2.516868
3.041834
2.748863
2.631845
2.927064
2.927064
1.181198
1.152891
1.221512
1.195581
1.246073
1.706966
1.751018
1.706966
1.939247
2.174039
2.089900
1.157841
2.398572
2.276061
1.235022
1.235022
2.556228
2.428655
2.054105
2.062141
1.446246
2.038604
2.668742
1.486006
2.610647
2.943247
2.858431
2.296643
2.091027
1.969228
1.969228
3.117431
2.918419
2.136228
2.276360
1.745067
3.106089
2.306599
2.649096
2.749913
2.770116
1.937979
2.654073
2.457530
2.586976
3.184023
2.228064
2.129662
2.594004
3.014879
3.323172
2.940781
3.178644
2.271407
2.513285
3.139832
2.919776
2.547488
2.376981
3.139832
3.103898
2.987429
2.665470
2.519284
2.516868
2.944656
2.631845
2.791601
2.805939
2.894078
2.800353
1.210866
1.396513
1.690082
1.489785
1.116933
2.241334
2.248471
2.111607
2.015707
2.062725
2.098171
2.155164
2.235571
2.062725
1.259069
2.210572
2.210572
2.495887
2.618783
1.297330
1.982439
2.032630
2.807330
2.380440
1.536963
2.643210
2.767095
1.519057
2.643210
1.703138
1.969228
2.943247
2.025121
1.714520
1.802295
3.052271
3.123065
3.205173
1.835134
2.697500
2.744628
3.154820
2.955873
2.754308
1.835134
2.800913
2.043351
3.292377
2.807095
3.341084
3.181587
3.149196
3.292377
2.096364
2.192761
2.457530
2.560935
2.698815
3.369328
2.310456
2.713262
2.821824
2.271407
2.274820
3.199303
2.896862
2.376981
2.518537
3.301279
2.909834
3.031762
3.122332
2.922295
3.004929
2.844920
2.708749
2.554088
2.544122
2.922295
2.671572
2.488506
2.859445
2.945847
1.270041
1.472972
1.551754
2.128029
1.973136
1.932671
2.174601
2.196140
2.256441
2.340576
2.448575
2.398572
2.618783
2.738530
2.145427
1.391252
2.738530
2.165012
2.699613
1.588892
2.709691
2.961708
1.739319
2.340234
2.898779
3.106019
1.820328
3.106019
2.720141
2.743550
2.107411
2.587916
3.201902
2.713262
2.786484
2.176173
2.940781
3.193760
2.547488
2.584322
2.584322
2.624027
2.627979
3.244773
3.083897
2.828831
3.004929
2.628779
2.866445
2.482703
2.671572
2.894645
2.866445
2.964532
2.792896
1.274557
2.151542
2.178576
1.432249
1.482467
1.633899
1.504785
1.770568
1.691002
1.841233
1.880414
2.196140
2.297855
2.256441
2.125025
2.256441
2.151554
2.291454
1.820481
2.738530
1.443247
1.321023
1.386500
1.443247
2.688576
2.738530
2.579794
2.765445
2.767095
2.717519
2.410800
1.536963
1.630893
1.690885
2.032630
2.709691
2.439817
2.173172
2.312413
3.415087
3.110693
1.800716
3.081535
2.441284
1.967896
2.871127
2.898779
2.470340
2.065264
3.149196
2.808565
2.935847
2.909099
2.228064
2.228064
2.941417
2.888747
2.743914
3.334064
2.809052
2.734028
2.409799
2.497065
2.913425
3.356010
3.166334
3.262308
3.090461
3.138134
2.985964
3.035768
3.095721
2.839328
2.947655
3.055907
2.602046
2.545381
2.545381
2.960451
2.830346
2.809917
2.794452
1.274557
2.260964
2.297493
1.598853
1.633899
1.633899
2.338421
2.152403
1.219611
1.171775
2.206844
1.691002
2.185994
1.230934
1.280249
2.297855
2.374918
2.196140
2.351504
1.989241
2.679714
2.448575
1.259069
2.579794
2.738530
1.903217
2.353904
2.206896
1.966540
1.321023
2.854670
1.443247
1.536963
2.807330
2.767095
1.630893
1.586219
2.909894
2.858431
2.748784
2.417226
2.599676
2.128691
2.236535
2.829889
2.902026
1.690885
1.631708
3.261227
2.732251
1.764274
3.381050
3.329506
3.293172
1.872157
2.903891
2.744628
3.015782
3.336524
2.965072
2.579191
2.107411
3.296389
3.403565
2.920189
2.462398
3.112919
3.531795
2.919503
3.065050
2.628724
2.705309
2.809052
2.918261
2.760692
2.533993
2.710631
3.145284
3.166334
2.569076
2.593083
2.519434
2.569076
2.975407
2.805325
2.838074
2.802106
1.261574
1.219885
1.274134
1.313732
2.349159
1.188984
1.162158
1.307833
2.250435
1.203320
1.543884
1.493069
2.305413
1.633899
1.849699
2.213393
2.070023
2.148271
2.066160
1.986158
1.784881
2.011213
1.928908
2.285831
2.285831
2.122062
2.020897
2.202504
2.258673
2.065766
2.075702
1.928908
2.374918
2.598650
1.881557
1.969626
2.641808
2.449019
2.414409
1.965768
2.299509
1.330444
1.458516
2.835274
2.816205
1.922271
2.040631
2.450282
2.376786
1.458516
1.498832
2.715803
2.524944
2.610121
2.128691
2.348809
2.417226
3.021809
3.017186
2.417226
2.599676
3.016171
2.847744
2.383942
2.556108
2.928614
2.167006
2.113564
1.967896
2.953752
2.353967
2.261542
2.713262
2.310456
2.310456
3.285188
3.415638
3.331409
2.997964
2.814282
2.719159
3.545228
3.554483
3.228841
3.160670
3.074689
2.460297
2.407879
3.301279
2.611696
3.023640
3.392608
3.138134
2.710631
2.942105
3.068585
2.975407
2.916660
2.811486
2.743298
2.794452
2.809917
2.930235
2.728447
2.770783
2.809159
2.806181
1.115645
1.413704
1.157494
1.493069
1.543884
1.925686
1.684143
2.075702
2.011213
1.707173
2.273380
2.185994
1.828135
1.913789
1.849699
2.146232
2.153607
2.449019
2.531683
2.799224
2.286193
2.799224
2.890718
2.900967
3.017186
2.738530
2.816205
2.366763
1.576463
1.629116
2.915941
2.510388
3.124147
2.999677
2.040631
3.251459
3.212928
2.484986
2.501695
1.762426
1.762426
1.716813
3.081535
2.930240
2.930240
2.750000
2.799407
2.693496
3.455909
3.016171
2.697500
1.862815
2.419417
3.443813
1.899976
1.938874
2.557360
3.407429
2.017736
3.485088
3.609776
2.819288
3.023622
3.083304
3.186355
3.531111
3.369328
3.100273
2.460297
3.096229
3.340248
3.158325
2.323776
3.531795
2.918261
2.437632
3.240924
3.011212
3.392608
2.876395
3.293568
2.568140
3.392608
3.257795
2.615073
2.959199
2.811486
2.863387
2.203513
1.454278
2.190270
2.370298
2.199355
2.108196
2.011213
1.198643
1.493069
1.849699
1.646382
1.997572
2.146232
2.146232
2.075702
2.202504
2.066160
2.596100
2.312178
2.543057
2.506287
2.202315
2.172287
1.997572
2.679714
2.286334
2.409176
2.312178
2.471674
2.358464
2.641808
1.526301
1.868049
1.985732
2.882869
1.576463
2.993041
2.987750
3.146879
1.716813
2.999677
3.271540
2.417226
3.087260
3.487416
1.762426
2.999310
1.938874
3.137060
3.015782
3.455108
3.271782
3.485088
3.191163
3.140832
3.519471
3.693883
2.458576
3.140832
3.070693
3.277485
3.437928
3.415638
2.710300
2.526373
2.462398
2.859291
3.618559
2.918261
2.886909
3.020484
2.533993
3.145284
3.347681
3.230728
3.208147
3.208147
3.392608
3.183083
3.586728
2.489582
2.593083
2.549705
2.985677
3.169617
3.119015
2.775429
2.728447
2.806383
2.728447
2.934807
1.289968
1.289968
1.355997
2.067849
2.136493
2.210577
2.370298
1.454278
1.467387
1.853184
1.719280
1.697392
1.219864
1.631108
1.198643
1.467387
1.669667
1.496098
1.737634
1.784881
1.684143
2.028458
1.328945
1.955644
2.317090
2.105576
2.471503
2.202504
2.449019
1.330444
1.280249
2.641808
2.202315
2.596100
2.598650
2.726167
2.683630
2.782382
2.695356
2.400758
2.854670
2.799224
3.070180
2.959330
2.816205
1.872792
2.882869
1.697652
3.017186
1.738583
2.328775
2.448436
3.389372
2.484986
2.579147
2.646002
2.709280
2.548362
3.016171
2.604119
2.535778
3.343022
3.205046
2.939790
1.793632
1.879624
2.914426
2.736918
3.081535
3.064686
3.168980
2.036167
1.938874
3.522535
3.485088
3.376292
3.145078
3.566212
3.574271
3.256555
3.159798
2.447631
3.389888
2.864204
3.521881
2.722178
3.482321
3.459877
3.011212
2.788775
3.112952
3.257795
3.075320
2.549454
2.710448
2.641997
2.806181
2.706434
2.770783
2.895744
2.844590
2.691350
2.905699
2.285899
1.697392
2.383866
1.781532
1.567132
2.026537
1.717378
1.830926
1.971262
2.026537
1.851270
1.600285
1.821639
1.781532
1.801119
1.629047
1.287919
1.252739
1.252739
1.961094
1.894408
1.279607
2.023601
2.096289
1.450825
2.245457
2.596100
2.544812
2.285003
2.557172
2.861974
2.892773
2.826689
2.440079
1.513795
2.917604
2.882869
2.766921
1.697652
2.974817
2.966611
3.264239
3.039548
2.044646
3.390305
1.780174
2.139499
1.666488
3.285850
3.205046
2.535778
2.694815
2.277903
3.325130
1.935828
1.813376
1.903415
2.854417
2.083447
2.017736
2.957908
2.258171
3.693883
3.563031
3.695423
3.338724
2.579191
2.420599
3.249817
3.356994
3.598823
3.065050
3.100273
2.459440
2.794785
2.783504
3.554609
3.253664
3.701586
3.688597
3.468956
3.066912
2.827616
3.468956
2.536993
3.019059
2.969759
2.619087
2.784631
3.242065
3.130601
2.732881
3.236901
3.293568
3.041590
2.521523
2.591081
2.802516
3.119705
2.934807
2.905699
2.807256
1.179785
1.186463
1.454538
1.182412
1.530656
1.629047
1.219864
1.212393
2.174547
2.381509
2.272588
1.889694
1.723023
1.801119
1.769244
1.842473
1.955644
1.842473
2.008706
2.233720
2.172287
1.289521
1.897098
1.821639
1.783341
2.400758
2.695356
2.188650
2.188650
2.544812
1.328945
2.683630
2.670594
2.249437
2.782382
1.421567
2.386493
2.683630
2.782382
2.724017
2.467801
2.724017
2.892773
3.020326
3.086619
3.145533
1.943688
2.139499
2.774747
1.622166
3.086619
2.945380
1.647671
1.690426
3.503496
2.222584
3.360861
2.604119
2.296257
1.704887
2.604119
3.566127
3.540986
2.325679
2.277903
2.759048
1.804605
3.285850
3.575583
2.409135
2.475792
3.285850
3.363190
3.168980
1.935828
2.036167
2.036167
3.338724
2.639924
2.465658
2.504920
2.167006
2.422771
2.372753
3.399086
3.325130
2.565490
3.551981
2.522982
3.689636
3.695423
3.731660
3.876625
2.716302
2.422491
3.086704
3.494102
2.397271
2.373465
2.670443
2.719159
2.967864
2.937066
3.490118
2.405890
2.783504
3.569956
3.468956
3.679272
2.864204
2.462365
2.687186
2.751124
3.347681
3.019059
2.619087
3.417065
2.536993
3.085536
3.144981
3.347681
2.634644
3.187328
3.277042
3.277042
3.041590
2.603267
2.706434
2.834593
3.088831
2.691850
1.428186
1.401033
1.401033
1.951624
2.353647
2.309830
1.658296
2.440426
2.292407
1.600184
2.436096
2.383866
1.543040
1.686898
1.946070
1.981308
1.845850
1.936924
1.669667
1.833506
1.673019
1.842473
1.842770
1.911833
2.241140
2.245457
1.978267
2.057685
1.935778
2.245457
2.934320
2.695356
1.954080
1.917944
1.439764
1.380138
2.381780
2.790622
2.861974
2.861974
1.872792
1.450825
2.455469
2.316604
3.087670
2.980149
2.524838
2.557172
2.691182
3.214932
2.910635
3.052741
1.421567
2.424883
1.579544
3.271540
3.146879
3.130691
1.421567
1.690426
3.204960
2.714895
3.392942
2.714895
2.714895
1.661706
1.730151
1.825500
1.819103
1.819103
1.929867
3.635745
2.882735
3.673823
3.673805
3.271782
3.214920
3.325130
2.984002
2.813952
2.056280
3.378397
3.046175
2.527755
3.011708
2.669734
2.471983
3.412521
3.722454
3.609433
3.652279
3.319630
2.373465
3.569956
3.731764
2.546170
2.696810
2.595897
2.914110
2.847841
3.428746
3.100219
3.711028
3.711028
2.922008
3.083510
3.127644
3.026898
3.330627
3.026898
2.521523
3.191780
3.153445
2.549454
3.321248
2.868788
2.968895
3.070068
2.564461
2.668908
2.619914
1.600846
1.428186
2.387221
2.513674
2.191272
2.555748
2.520291
2.172323
2.233720
1.539948
1.214699
1.188489
1.752491
1.792513
1.642508
1.670240
2.057685
1.256557
1.884119
1.792513
1.320445
2.142279
2.281538
1.384284
2.142279
2.352851
2.832692
2.580554
2.416874
1.872792
1.977563
2.381780
2.600866
2.647402
2.938460
2.980149
2.164747
2.058616
1.916683
2.934320
2.638661
2.424883
2.524838
2.790622
3.257756
2.670594
2.750039
3.144011
2.974817
2.658692
3.273598
3.180400
3.062854
3.102638
3.015285
3.288034
1.690426
3.531092
3.012811
3.308458
1.682130
3.423787
1.720060
1.748654
3.446707
3.486984
2.255808
1.748654
2.882735
3.046175
3.526405
3.688478
3.161243
3.064686
3.677805
2.639924
2.639924
3.693883
2.504920
2.233047
2.213442
2.537899
2.665931
2.587572
3.805847
2.535695
2.588837
3.689636
3.689636
3.860882
3.479652
3.614022
3.187827
3.088101
2.427454
2.468338
3.731660
3.709014
3.710641
3.671274
3.609433
2.894233
2.824111
3.287042
2.468110
2.899255
2.410141
2.508156
3.711028
3.711028
2.755458
2.619087
2.682105
3.711028
2.933607
2.922008
3.336425
3.277042
3.191780
2.606448
2.632035
2.729539
2.675565
3.059615
2.762214
2.708748
2.665066
1.448155
2.177049
2.172174
1.568437
2.216644
2.177049
1.661977
1.642508
1.571182
2.014338
1.898354
2.132030
2.020565
1.978267
2.057685
2.142279
2.142279
2.188650
2.142279
2.249437
1.917944
2.188650
2.524838
2.600866
2.790622
2.750039
2.832692
2.968165
3.087670
1.504625
1.579544
1.579544
2.925411
2.878526
3.375686
1.355663
3.213308
3.192724
2.755807
1.385441
1.617721
1.466128
3.252678
3.282708
1.528460
3.180400
1.584699
3.603329
2.176420
2.222584
1.612952
1.529103
3.635745
1.631142
3.772211
3.392942
3.389561
2.758303
3.479652
2.056280
2.587572
3.539990
3.486984
3.363190
3.651921
3.521337
3.163925
3.257689
3.163925
3.257689
2.599143
3.877462
3.141991
3.166381
3.796744
3.133732
3.066912
3.495654
3.305490
3.083510
3.679272
3.818266
3.692803
3.891846
3.127644
3.110055
2.933607
3.593943
3.020713
3.207159
3.086031
3.442493
3.207978
3.330627
2.652096
3.461606
3.466886
3.187328
2.652096
2.675776
3.093611
3.006880
3.153445
2.648610
2.787433
2.837204
2.555118
2.843144
2.779360
2.556331
2.614081
2.762214
1.359663
2.137256
2.396497
2.375528
2.260497
2.555748
2.542093
2.465858
2.456500
1.221561
2.206011
1.537997
1.625908
2.214325
1.752491
1.220810
1.869571
1.276455
1.911833
2.381780
2.455469
1.289521
2.455469
2.524838
2.968165
3.222675
1.916683
1.814315
1.271427
2.670594
2.925411
2.878526
2.915932
2.880263
2.968165
3.028415
1.845243
3.354615
3.219508
3.252678
3.524945
3.295318
2.910512
3.354615
3.252678
3.630614
3.488367
3.288034
2.714895
2.882735
3.616886
2.758303
3.616886
2.639924
3.830105
3.688478
3.616886
3.865974
3.337618
3.295475
3.670608
3.689636
3.505675
3.399086
3.611368
3.640179
3.521337
3.412521
3.412521
3.307019
3.877462
3.999006
3.982443
3.670608
3.752319
3.196110
2.427454
2.445223
2.997964
2.964076
3.920998
3.338821
3.308019
3.796744
2.516800
2.392826
2.824962
3.584005
3.618559
3.151947
3.527614
3.190959
2.805810
2.468110
3.357739
2.465781
2.594586
3.593943
3.593943
3.711028
3.176825
3.593943
2.919801
3.556127
2.606448
3.241889
3.244926
3.345173
2.985542
2.560591
2.482833
2.558799
2.614081
2.606250
2.229454
1.596366
1.552171
1.346821
1.401033
2.485568
2.485568
2.555748
2.520291
1.738817
1.626571
1.827562
1.728897
1.787624
2.302461
1.752491
3.189593
2.511100
1.740584
3.087670
1.314935
2.924805
3.257756
3.222675
1.991003
2.072044
3.278767
1.420138
2.849360
3.503826
3.503826
1.592418
1.493088
3.629516
3.588773
3.684336
3.488367
2.288998
1.692865
1.631142
3.454465
1.714426
2.922647
2.650876
3.198644
3.636160
3.592422
3.636160
2.447434
3.830105
2.500550
2.433539
3.216122
3.572608
3.760870
3.859678
2.755394
2.729920
3.828781
3.775789
3.957556
3.331141
3.291905
3.497014
2.465781
2.410141
2.867500
2.818674
3.265318
3.307154
2.888547
2.684453
2.595897
3.679272
3.433587
3.752037
3.176825
3.086130
3.434006
3.689332
3.444121
3.554999
3.444121
2.997230
3.315835
3.174397
2.579278
3.006422
3.114461
3.023068
2.532223
2.574684
2.621685
2.501961
2.560591
2.464322
2.516464
2.654563
2.559732
1.334112
2.516305
1.596366
2.216282
1.898354
1.938622
2.598821
1.186287
2.244557
1.915705
3.189593
1.814315
2.164747
1.877781
3.189593
3.375686
3.130691
3.283590
3.423169
1.435838
1.372100
1.398088
3.423169
3.375686
3.409092
3.247388
3.099658
2.849360
3.524945
3.525137
3.354615
2.849360
2.910512
3.630614
3.564350
3.684336
3.547401
1.619693
2.328819
2.328819
1.810289
2.922647
3.068245
2.474692
2.066839
3.667539
3.094839
2.955406
2.650876
3.667539
3.358941
3.112188
2.521816
3.547524
3.572608
3.399086
3.876625
3.990605
3.572608
3.859678
3.136140
3.092471
3.136140
2.359028
3.869163
2.465704
3.818266
3.783447
3.796682
3.250236
2.891887
3.497014
2.791168
2.737931
3.822770
3.752037
2.684453
2.737931
3.657844
3.706423
2.738538
3.554999
2.837204
3.337729
2.612707
2.612707
3.072397
3.072397
2.594495
3.114461
2.953581
2.539645
2.516464
2.611548
2.611548
1.162319
1.394933
1.883826
2.414868
2.098137
1.137555
1.438999
2.323646
2.633802
2.552841
2.440053
2.178896
1.728897
2.171812
2.171812
2.249869
1.827562
1.819304
2.335895
2.121220
1.907547
2.098414
2.370142
2.335895
1.314935
3.213308
2.164747
1.992453
3.222675
2.702450
2.534947
3.370025
2.709631
2.245947
3.524945
3.331461
3.155457
3.435509
3.354615
3.620174
3.510233
3.460776
1.472271
3.460776
2.142743
1.561524
2.205609
2.142743
3.735651
1.789888
1.810289
2.582002
2.588108
3.636160
3.068245
2.348876
3.990605
3.681007
3.459049
2.507548
3.459049
3.572608
3.997021
2.743463
3.304720
3.030890
3.215455
2.504663
2.559798
3.478731
2.737931
3.552073
3.796682
2.902923
2.972015
3.265318
3.595491
3.053550
2.972015
3.545462
3.053550
3.086130
3.086130
3.270598
2.612707
3.290356
2.559732
2.516464
2.559732
1.545244
1.894799
2.001329
2.601488
1.715628
2.387340
1.862252
1.930059
2.598821
2.440053
2.584389
1.835698
1.207223
1.763587
1.701887
2.008056
1.915705
1.915705
1.287162
1.259359
3.213308
1.837501
1.347157
2.331802
2.312041
2.184950
2.164747
3.524945
2.977260
3.067916
3.553021
1.945450
1.401733
3.731056
3.684336
3.635178
2.059487
1.663730
3.635533
3.573483
3.547401
3.547401
1.663730
1.761210
3.741492
2.053976
1.943741
2.588108
2.588108
3.967236
4.108641
2.955406
3.725216
3.754246
2.480217
2.582727
4.091496
2.499824
2.499824
3.279972
3.361718
3.728048
3.681007
3.459049
4.061668
3.236021
3.238222
2.774384
2.523017
2.465704
2.476099
3.920998
3.992751
2.426399
3.689332
3.064626
2.945872
3.378573
3.532893
3.731764
2.465781
2.908378
3.741118
2.578070
3.957556
2.924202
3.164084
2.850471
2.594586
2.489807
2.587319
3.409527
3.554999
3.756388
3.433240
3.442376
2.905158
2.574684
2.973911
2.914222
3.096983
2.904809
3.011463
3.124771
2.696429
2.526498
2.480048
1.895405
2.182101
2.589481
1.407599
1.528055
1.589829
1.763587
2.573829
2.466998
2.241805
2.302239
1.965475
1.194699
2.202105
2.270299
1.622043
1.763587
1.786251
2.339162
1.842186
2.199433
2.339162
1.938495
1.945074
1.883373
3.279724
3.189593
2.331802
2.406169
3.510233
2.331802
3.336136
2.015086
1.906532
1.438469
1.470123
1.528250
3.620174
2.626034
2.550543
3.726130
1.619693
2.652897
3.684307
2.235209
1.901191
2.652897
3.741492
3.808511
2.506709
2.356307
3.068245
2.331220
3.967236
4.162354
3.808511
3.681007
3.613457
3.502035
3.101195
3.999006
3.613457
4.117967
3.999006
3.502035
3.338821
3.361718
3.304720
4.059174
3.238222
3.213149
4.020267
3.167303
3.411447
2.467817
2.467817
3.290351
3.183934
2.840199
2.840199
3.717672
2.922128
2.623980
3.447061
2.858312
3.307285
3.451222
3.295827
2.989402
3.293237
3.433240
3.171094
2.570382
2.519012
3.141286
3.015495
2.973911
2.973073
3.035857
3.035857
2.493312
2.561794
2.559251
1.160434
1.827185
1.339316
1.891041
2.291843
2.336208
2.205064
2.633802
2.632128
2.631901
2.646681
2.446466
2.033740
2.134504
2.199433
1.786251
1.225248
1.182578
2.184950
2.542025
2.486441
2.599359
2.088087
1.321419
1.321419
3.435509
3.435509
3.510233
2.874867
2.950041
1.337078
2.036281
3.049889
3.029404
3.779984
3.527822
2.550543
2.012934
1.901191
2.432996
2.517734
2.584636
2.981862
3.094839
3.094839
2.032431
4.108641
2.224123
2.075976
3.366309
3.253211
2.673575
2.641371
2.336375
3.146595
3.126706
4.169802
4.090321
4.031909
4.140188
3.367408
3.367408
4.096457
4.061668
3.243169
3.361718
3.304720
3.141231
3.177284
2.523017
2.500784
2.467817
3.331632
2.762867
2.774384
4.000140
2.963983
3.826458
3.756388
3.443502
3.443502
3.789620
2.617145
2.723636
3.428454
3.595491
2.678202
2.603632
2.511178
3.057881
2.989402
3.057881
2.902923
3.271102
2.989402
3.409527
2.489611
2.928364
2.493312
2.787354
2.526498
1.675485
1.311793
1.779819
2.498231
2.662711
2.657938
1.166907
1.146651
1.528055
1.432083
1.631509
1.862252
1.835698
1.674398
1.849081
1.786251
2.451104
1.758993
1.878526
2.361727
2.513494
2.782853
1.848089
2.684710
2.547685
1.778489
2.245947
2.995046
2.755937
1.791170
3.189619
2.962482
3.620174
3.620174
3.603132
2.406169
2.406169
2.932495
2.490669
2.544703
1.502485
1.470123
2.605325
2.550543
3.840867
2.640505
2.653190
4.197103
2.336375
4.128017
2.234483
3.445734
3.238222
2.476099
4.020267
3.869163
3.947440
3.947440
3.227996
3.889775
3.349058
3.311411
3.290351
2.882807
2.511178
3.679380
3.551184
2.603632
3.250009
2.678202
3.447651
3.597554
3.250009
2.850471
3.099953
3.588814
3.300529
3.493176
2.570382
2.612707
3.485671
2.915245
2.826576
2.664335
3.168082
2.519012
2.580008
2.973073
2.931809
1.657480
1.356662
1.311793
1.836444
1.933800
2.354624
2.379486
2.336208
2.606061
1.965475
2.055015
2.140833
1.462775
1.592815
1.739963
2.315891
1.612828
1.842186
1.833513
1.819292
1.758993
1.194789
1.945074
2.289966
1.206519
1.883373
2.684710
1.736598
2.677532
3.110917
1.287162
2.406169
1.282602
2.758354
2.430367
3.702160
2.475638
3.702160
1.502485
1.630417
2.554472
1.735178
2.560567
2.128380
3.727904
3.741492
3.727904
2.193458
2.471838
2.264699
2.584636
2.141306
4.108641
4.108641
2.169286
4.128017
2.294385
2.369565
3.347372
4.140188
4.096457
4.096457
3.252513
3.260579
3.997021
3.197914
4.020267
3.857181
3.027521
3.174002
2.580352
3.991105
3.439049
3.230783
2.580352
2.504663
3.663297
2.823807
3.256926
2.610060
2.777211
3.081274
2.773228
3.682298
2.676854
2.786273
2.667647
2.619724
3.518064
3.220802
2.846392
3.271102
2.560734
2.999790
2.487971
2.832754
2.597185
2.559251
2.449492
1.704950
1.820112
1.257418
1.755463
1.977827
1.836444
1.870236
2.618076
2.432588
2.399358
2.655067
2.446466
2.686386
2.646681
1.667799
1.592815
2.138949
1.537316
2.135697
1.537316
1.758993
1.852807
2.230323
2.581828
2.289966
2.306841
2.849441
2.897845
1.978540
2.989081
1.791544
1.252583
2.758354
2.161416
2.774925
2.882880
2.677532
3.291924
1.399886
1.399886
3.553021
3.603132
3.702160
2.520968
2.605325
2.556740
2.605325
2.282402
2.376454
2.032431
2.030199
2.484406
2.393421
2.041191
4.254961
3.142319
4.169802
3.385162
4.140188
2.461352
4.083117
3.384162
3.991105
4.083117
4.034025
4.107500
3.260579
3.895321
3.805996
3.891718
2.844332
3.633612
3.861357
3.328746
3.467363
3.303792
2.479443
3.119537
2.554862
3.562193
2.846392
3.465310
3.374022
3.290926
3.290926
3.136407
3.326511
3.168082
3.047247
3.209547
3.011463
2.546732
2.546732
2.520797
3.139896
2.596491
3.048525
3.051242
2.544768
2.591283
1.277711
1.736528
1.646715
2.365193
2.071946
1.141087
1.162992
2.597176
2.531024
2.565717
2.257654
1.508780
2.324843
2.619606
2.680603
1.410020
1.482475
1.462775
1.757021
1.467859
1.692036
1.537711
1.230162
1.674398
1.763081
1.674398
2.033201
2.509673
1.980925
2.160577
2.259695
1.252583
1.334781
3.291924
2.595064
2.580053
1.366353
3.049889
2.259695
2.378354
2.389338
3.630064
2.424482
2.082844
2.230141
2.254321
2.469150
2.590978
2.141306
2.406322
1.984917
2.630714
3.142319
2.544982
2.544982
2.558723
2.169286
3.277363
3.260795
3.154673
2.277869
4.140188
4.083117
4.121769
4.059174
2.671470
3.991105
2.455722
3.885499
3.252513
3.311259
3.290834
3.891718
4.039054
3.933459
4.000140
3.447797
2.459830
2.851870
3.024542
3.792634
3.792634
3.245707
2.518487
2.511586
2.895307
3.663297
3.485671
2.884680
2.554862
3.719339
2.712436
3.136407
2.972609
2.972609
2.915245
2.534246
2.915245
2.580008
2.928364
3.048525
2.546732
2.841236
2.756675
2.859736
2.690235
2.912568
2.591283
1.668722
1.960462
2.640645
2.513402
1.776274
1.375123
1.439391
2.688604
1.782848
2.225969
1.717996
1.439391
1.612828
1.717996
1.161733
2.104308
2.033201
3.110917
3.132771
2.695400
2.486441
2.906447
2.781349
3.501235
2.328313
2.781349
1.357477
2.932495
2.490669
1.469393
3.808220
3.779984
3.808220
3.727904
2.469892
1.735178
1.850864
2.322942
2.424471
2.640505
2.259376
1.869352
2.300317
2.408514
2.144748
2.128380
2.393481
1.989964
2.560419
4.197103
3.143408
3.277363
4.243726
4.243726
1.925029
2.508657
2.565671
4.178342
2.369565
4.150248
4.192010
4.192010
2.386461
2.791804
2.674053
2.787210
4.059174
4.001194
4.106572
3.273981
3.174002
4.001194
3.185791
2.492685
2.558348
3.708685
3.268580
3.046247
2.593496
3.481841
2.844467
2.882069
3.181540
2.593496
2.772582
3.237637
3.565414
3.053120
2.534246
2.729380
3.312782
2.823371
2.580008
3.141797
2.871144
2.977497
2.514924
2.868207
2.913122
2.564987
2.565286
2.505733
2.548121
2.567488
2.686697
2.264292
2.320104
1.870615
1.336183
1.375123
2.585816
2.585816
1.856091
1.496195
1.564644
1.636642
1.757021
1.636642
1.636642
2.146639
1.564644
1.636642
1.906587
1.222357
2.333671
1.980925
3.008674
2.228131
3.336136
2.851438
2.977260
2.950041
1.357477
3.336136
2.424471
2.518138
2.544703
1.592967
2.556740
1.735178
1.642367
1.935857
1.870904
2.230141
2.076418
2.051092
2.259376
2.590978
2.500043
1.837968
1.869352
2.405429
1.877238
4.254961
2.794609
3.262121
2.554458
2.565671
4.121769
4.148646
2.295117
2.219331
4.178342
2.295117
4.121769
4.009046
4.037964
3.378869
3.375790
3.194049
3.371826
3.245707
4.052229
3.245707
3.245707
3.245707
2.601579
3.817445
3.361113
3.864313
2.501148
3.093794
3.046247
3.513641
2.465814
2.506164
3.563670
2.741414
3.423313
3.250697
2.972609
3.181177
2.823371
2.502581
3.141797
3.136407
2.558273
2.860640
2.915939
1.144316
2.264292
2.685701
2.686386
2.530347
1.498143
1.498143
2.431169
1.161733
1.441002
1.555443
1.205780
1.222357
2.413704
2.525589
2.595064
1.306218
2.569690
2.413163
1.841650
2.995034
3.086008
2.681995
2.271533
2.160577
1.312515
3.669956
3.393806
2.370840
2.556740
2.490669
1.892630
1.529279
1.449618
2.518138
2.093863
2.204733
2.136276
2.051092
2.436437
2.122237
1.754177
1.804545
2.630714
4.180447
4.192010
4.208693
3.154673
2.091965
2.771738
2.653301
4.169802
3.399563
2.771030
4.112514
3.274198
4.186048
3.274198
4.150248
2.735745
2.764881
4.037964
2.607199
2.649006
4.010096
3.974221
3.241912
3.906393
3.046247
3.093794
2.501148
3.093794
3.481841
3.888343
3.876816
3.017530
2.616662
2.817900
2.772582
2.616662
3.198973
3.381706
2.884854
2.903909
3.194368
2.755349
2.892818
2.928364
2.564987
2.564987
2.703906
2.915939
2.897554
2.741673
1.707034
1.668722
1.712247
1.246132
2.567488
2.626473
1.102887
2.397368
1.865615
2.842193
2.640645
2.451999
1.441002
1.390863
2.695353
2.767923
1.960462
1.831040
1.459040
2.624708
2.325577
1.102887
2.319908
2.501431
2.606612
2.681995
2.301976
2.412979
2.434074
1.373933
2.087522
2.558988
1.476485
1.699012
2.180475
2.301976
2.491830
2.239326
2.293097
2.597074
2.434074
2.051092
2.034077
1.740441
1.935857
1.724010
2.597074
2.717345
2.271416
2.724283
2.555325
2.792743
2.765955
1.877238
2.423680
2.285610
3.284769
2.419255
4.226289
2.272722
2.249989
4.277061
4.243726
4.228982
4.163476
4.121769
4.243726
4.178342
4.178342
2.903877
4.175143
2.228492
2.295117
2.754364
2.663597
2.295117
4.228767
4.131042
3.963191
3.861357
4.091940
4.013954
3.139810
2.567902
3.185791
2.465814
2.974435
3.220717
3.017530
2.896650
2.546459
3.335056
2.538154
2.562285
3.421562
3.264276
2.665956
2.608904
2.947488
2.913715
2.569651
2.937247
2.520455
2.737509
1.641999
1.707034
1.430103
1.234319
2.390262
2.330893
1.675600
2.226361
2.205009
2.767923
2.861085
2.695353
2.226098
2.235117
1.519398
1.833513
1.787971
1.980925
2.162172
2.047563
1.260081
2.389338
2.224617
2.228131
1.376547
1.985525
2.087522
1.357477
1.758195
1.866232
1.940315
2.448932
2.173584
2.609035
2.558171
2.558171
2.639258
2.127120
2.732771
2.655082
2.609035
2.808631
2.609035
1.783133
1.804545
1.929922
2.143569
1.989964
4.316862
4.147447
4.177155
4.150268
4.228767
4.286901
2.461606
4.186048
4.151344
4.264812
3.395274
3.284769
3.395274
2.547851
4.188470
4.090678
2.213716
4.052310
2.311483
4.100596
4.090678
3.903321
2.558348
3.460313
3.484156
3.721118
2.559297
3.696292
3.481841
3.606651
3.370724
2.501148
3.498538
3.775157
3.673364
2.487120
3.113660
3.159290
2.781891
2.846195
3.017530
3.104125
2.991306
3.167916
3.231702
2.995672
2.889877
3.042640
2.913122
3.126825
2.512961
2.640941
2.674181
2.977783
2.496871
2.734826
1.590007
1.612407
1.429157
1.368536
2.702132
2.683387
2.715335
1.349668
2.266409
1.933877
2.893491
2.767923
2.767923
1.954635
1.778099
1.778099
2.152034
1.138893
1.453804
2.232631
1.271175
1.213391
2.235117
3.083777
3.177979
1.831040
3.330246
1.963050
1.283327
1.884596
1.322792
1.798339
1.985525
2.681995
2.747085
1.758195
2.180475
2.136276
1.865529
1.403715
1.949104
2.468211
2.419250
2.609035
2.639258
2.712500
2.712500
2.863183
1.827872
2.895774
2.863183
2.275964
2.068787
2.031308
4.316862
4.316862
4.316862
4.177155
4.147447
4.177155
2.414064
4.177155
4.286901
4.212696
4.063157
2.543787
4.226289
2.909308
4.080775
4.286901
4.188470
4.214782
4.163476
4.249432
3.395274
3.375790
4.290333
3.395274
2.126603
2.213716
2.311483
4.205242
2.753631
2.311483
4.052310
4.090678
3.500433
4.013954
3.696292
4.131042
4.136926
4.022301
3.890876
4.019193
3.776492
3.903321
3.139810
2.911332
3.530413
3.749414
3.139810
3.133528
3.442342
3.222995
2.524344
2.561921
2.487120
2.538154
2.505255
2.649744
3.089318
3.459806
3.104125
2.538059
2.652800
2.966317
3.057991
2.826515
2.826515
2.936549
3.007302
2.957012
2.585309
2.585309
2.542955
2.515301
2.957012
1.500087
2.626473
2.700524
1.102887
2.928282
2.958177
2.459684
2.865255
2.948245
2.315758
2.139713
1.426183
1.174467
2.403943
2.421712
2.250434
2.431169
1.308045
2.521974
2.525589
3.421471
3.571801
2.606612
2.491500
2.501431
2.217337
2.224617
1.866232
1.866232
2.274191
2.265858
1.699012
2.589255
1.619984
2.626049
1.660691
1.584364
2.792743
2.769802
1.660691
1.858345
1.827872
3.093592
4.147447
2.134029
2.061343
4.312095
4.346509
2.126603
4.030446
4.111588
2.644882
4.310602
2.699982
4.052310
4.175143
4.226952
2.848726
4.137269
2.253010
2.311483
3.375790
3.321594
4.248949
4.119503
4.023319
2.687192
4.005466
3.829801
2.854937
3.326190
3.954530
3.278670
2.559297
3.776492
3.596543
3.269889
2.492212
2.446111
2.446111
3.049804
3.602869
3.451672
2.715380
3.222995
3.324776
3.165931
3.378444
2.534330
3.261354
3.042640
2.512961
2.726734
2.948398
3.060307
2.788049
2.495002
2.794360
1.537001
1.505247
1.316399
1.423735
2.970609
2.715335
1.757237
1.426183
2.958177
2.903565
2.600893
1.831040
2.903565
2.544532
2.624708
2.544532
1.131021
1.097380
3.026220
2.775676
2.041977
1.459040
1.174467
1.213391
2.139713
2.335393
2.506855
2.084646
2.319908
2.681995
2.566366
2.569690
1.693922
1.424064
1.457687
1.424064
2.551540
2.906411
2.769802
2.777294
2.175270
2.953441
2.272722
3.093592
3.101181
2.738984
3.065446
4.231692
4.310602
2.409524
4.111588
4.248949
2.531822
2.032996
4.189357
4.100596
4.136269
4.234776
2.129107
3.490044
4.094873
4.094873
3.361997
3.450744
4.001709
3.741236
2.511723
3.885159
3.885159
3.569571
3.708101
3.888343
3.888438
2.475396
2.880594
2.977391
2.580719
3.282745
3.268429
2.558337
3.505775
2.918362
3.196709
3.027243
3.271855
2.647268
2.558539
2.788408
2.534330
3.122973
3.060559
3.054042
2.983242
2.603452
2.538059
3.007302
2.574033
2.655905
2.444634
2.512961
2.750821
2.788542
2.778243
2.759378
2.668203
2.660528
1.377355
1.131021
2.958177
2.250434
2.600893
2.901953
1.049016
1.112045
1.271175
2.617681
2.711205
2.521974
1.213391
2.617681
2.520807
2.431105
1.744694
1.793884
1.269803
3.228332
2.419377
3.225427
2.419377
2.217337
1.798339
1.798339
1.345580
1.576984
1.632952
1.693922
1.476485
1.552398
1.457687
3.007009
2.953441
2.600473
1.480849
2.923195
2.953441
1.954522
4.067655
4.111588
2.063593
4.157620
2.957328
4.312095
4.111588
4.026615
4.234776
2.158592
4.232557
4.152791
4.136269
3.450744
3.925318
3.863334
3.484489
2.517726
2.517726
3.049804
3.791981
3.625861
3.049804
3.344232
3.231467
2.633782
2.954182
3.295858
2.534330
3.327824
3.146089
3.103273
3.021523
2.890571
2.823696
2.890571
2.638760
2.713538
2.755349
2.843421
2.892262
3.151928
3.151928
2.528548
2.984706
2.547657
1.425050
2.981223
1.911031
1.757237
1.514206
1.807261
1.514206
1.480394
2.805891
2.419780
2.901953
2.676792
1.161844
1.718721
1.838297
1.192581
3.001336
2.898507
1.308045
1.316305
1.793884
3.676682
1.835971
1.364349
2.583243
1.512694
2.144431
1.512694
1.638664
1.605538
1.605538
1.723401
3.156861
3.090505
2.778541
2.978370
3.093592
2.397587
1.957636
4.273070
1.975499
4.013097
4.067655
4.232557
2.072759
3.989813
3.960019
4.232557
4.113746
4.312095
2.032996
2.129107
2.588667
3.989341
4.162361
3.960810
4.016375
2.544654
4.049246
4.001709
3.863334
3.321594
3.895498
3.287606
3.641254
3.624788
2.846195
3.049804
3.196709
2.590094
3.094743
2.538059
3.195647
2.858514
2.867904
2.974934
2.528548
2.974934
2.822772
2.844221
2.828304
1.223312
1.502609
1.462101
1.267532
2.627302
2.603005
2.632078
1.724433
1.745016
1.480394
1.584715
3.101969
1.028514
1.051750
2.901953
3.001336
1.249833
1.358853
3.676682
1.296689
1.941220
2.148352
2.764265
2.735833
1.638664
2.923195
2.897599
2.284548
2.175270
2.897599
3.026099
4.067655
4.111588
4.206361
4.249148
2.480958
4.013097
3.906267
2.495085
3.812579
4.246227
4.160668
2.185431
4.132751
4.130686
2.356164
2.402466
3.948961
4.152791
2.727240
4.015665
3.927519
4.011391
3.896059
3.767377
3.479509
3.450744
3.646739
3.741236
3.609280
3.794741
3.357595
3.498889
3.293668
2.903497
2.918362
3.156774
3.100228
2.728146
3.098048
2.569694
2.877687
2.867904
2.684557
2.906216
2.816062
3.010440
2.937012
2.656081
2.558268
2.648283
1.505247
1.480116
2.144877
2.018458
1.439662
2.955739
2.687177
2.955739
2.227511
3.160289
1.796352
3.101969
3.266180
2.690389
1.648316
3.177979
3.132246
1.886848
1.283921
1.249833
3.690628
3.690628
1.735176
2.265858
1.364964
1.387360
1.387360
3.412452
3.300551
3.300551
3.142644
2.103610
2.014812
3.846158
3.587270
1.512694
1.529944
3.335676
3.715443
3.620566
3.453438
1.638664
2.068787
1.958154
1.754595
3.156861
1.875771
1.975499
1.888640
3.812579
4.138004
4.228868
2.683934
4.246227
4.228868
3.906267
3.985811
3.985811
4.083498
4.246227
2.567320
4.083498
4.132751
4.246227
2.045266
4.194348
4.228868
2.753631
4.015665
4.160668
2.856293
2.214738
4.130686
3.948961
3.357595
3.377404
2.924203
2.856293
2.829120
2.544654
2.453713
3.377404
3.270309
2.538018
3.781142
2.865027
3.239475
3.339014
3.293921
2.558615
2.514736
2.877650
2.954182
3.196709
2.954182
3.152029
2.556984
2.766416
2.890571
2.585616
2.766416
2.699878
2.528231
3.169041
3.142573
2.880955
2.921340
2.937012
2.930410
2.569694
2.490280
3.010440
2.992408
2.849605
1.020368
1.175981
1.223312
1.270077
2.307324
1.069675
0.990456
1.439662
2.955739
2.284660
1.740485
1.467816
2.499610
1.533256
3.160289
3.101969
1.984787
1.807261
2.802524
3.015628
3.126353
3.015628
1.141713
1.249833
2.132598
1.385919
1.358853
1.338719
1.314893
2.286262
1.768893
1.745729
2.192980
2.192980
2.359936
3.246318
3.192790
2.527556
1.418295
3.970134
3.300551
3.827927
3.747004
3.587270
2.176310
2.366316
2.312347
3.620566
3.488873
2.375613
1.973775
1.780909
3.112982
1.875771
4.066907
4.169664
4.040888
3.702068
4.123578
4.246227
3.906267
2.624115
3.702068
3.974693
4.152241
2.518854
2.569218
4.045140
4.130372
2.198960
4.031719
4.026551
2.822931
4.064255
3.927519
2.516973
2.580719
3.241617
2.954182
3.293962
2.537200
3.248714
2.931169
2.492935
2.786010
2.970253
2.556984
2.745309
2.931169
2.699789
2.969749
2.858514
2.858514
2.744705
2.930883
3.010440
2.835968
2.490280
2.520373
1.076769
1.223995
1.324026
2.629899
2.591521
2.632078
1.481004
2.313622
1.876471
1.600705
1.779104
1.724433
3.205677
2.487623
1.514206
1.600705
1.065954
3.441995
2.974012
1.754909
1.894798
1.135753
2.038274
1.166135
1.192581
1.300857
1.367588
3.355243
3.245418
3.355243
3.192790
2.877469
3.089778
3.046796
3.089778
3.106560
3.970134
1.529691
1.657536
3.620566
3.226478
3.490736
3.365174
2.119338
1.977512
3.885054
3.888824
3.747004
3.636988
3.030656
3.023743
1.788405
3.025258
2.271818
3.052517
2.999463
1.790009
2.790261
4.312297
2.907440
1.958619
1.884779
3.906267
4.095964
2.072759
3.567918
4.123578
3.511205
3.567918
3.985811
2.094870
3.812579
3.985811
4.125340
4.125340
2.567320
2.150722
4.015665
3.914459
3.999925
2.727240
2.696439
4.125340
3.782779
2.476535
2.427856
2.427856
3.341014
2.872747
2.583700
3.617252
2.845732
2.816095
2.618479
2.845732
2.969749
2.716628
2.699789
2.607144
2.851263
2.795221
2.782803
2.515246
2.677050
2.697020
2.574021
1.414293
1.330597
0.995378
1.869082
1.035018
0.990456
1.324026
2.929428
2.612338
3.184077
2.944231
3.690628
1.214375
1.222102
1.383194
3.058522
3.004073
3.655533
3.447367
1.445892
3.127573
2.700059
3.919995
2.758131
3.106560
2.176310
2.064579
3.970134
2.796207
2.884848
2.967049
4.009225
4.105562
4.009225
3.211929
3.474442
3.118430
2.225100
4.009225
3.752477
3.232929
3.622936
3.753560
2.271818
3.001406
3.118611
1.803341
2.694579
4.312297
3.702068
3.761970
4.125340
4.237715
4.036928
2.569218
3.637174
3.511205
3.849987
3.922502
3.657102
3.657102
3.810344
4.023558
2.198960
4.130073
3.999925
3.993229
2.279678
2.890062
3.768426
3.768426
2.453713
3.883248
3.473907
3.634283
3.776060
3.907900
3.914459
3.281917
2.580719
3.391754
3.120181
3.089406
2.710022
2.686124
3.093984
2.716628
2.900391
2.921340
2.567388
2.712967
2.853570
3.003905
2.854203
2.614458
1.446439
2.464484
1.467816
2.094987
1.992067
2.191763
3.184077
3.156013
2.840643
1.600705
1.945194
1.779104
1.533256
3.184077
3.398335
3.334279
3.334279
3.524774
2.341957
2.153605
2.632137
1.245296
1.416851
1.337352
2.843221
2.818552
2.167119
3.185901
2.246992
2.460081
2.572795
1.812307
1.859342
3.702954
3.004073
2.967049
2.382031
2.137010
3.703605
2.621716
1.944164
2.137010
2.394876
2.137010
2.323793
2.176310
2.434863
3.089778
1.891292
3.067577
2.176310
2.058902
3.622936
3.606909
3.232929
3.380080
4.108948
4.029766
3.752477
3.380080
1.679375
3.504472
3.253286
2.834952
2.900744
2.928319
2.928319
2.895514
2.928319
3.001406
1.790009
4.312297
4.273070
4.240921
1.989812
1.884779
4.235784
4.312297
3.657102
4.023558
1.989812
3.425368
4.060962
4.035958
4.139490
3.755759
3.986902
3.879385
4.130372
2.316413
3.601157
2.890062
2.576999
3.341014
3.567046
2.441942
3.239475
3.199170
2.558615
3.134494
2.529714
2.590888
3.473907
3.298033
3.315571
3.014823
3.100482
2.466602
2.618479
2.515009
3.003905
2.760477
2.761416
2.733333
2.479072
2.491550
2.715443
1.556245
1.502609
1.072932
1.415896
2.591521
2.462270
1.467816
1.470438
1.542547
1.477128
1.600705
2.785137
2.397334
2.191763
1.979229
2.148059
0.953856
1.602586
2.690389
3.306587
2.881458
1.166246
1.092063
3.441995
1.166135
2.333750
1.979162
2.959960
1.337352
3.245418
2.911238
2.941842
2.476845
2.818552
2.877469
2.028643
4.165529
2.758131
4.105562
2.636270
1.418295
3.655533
3.827927
2.176310
3.970134
3.889657
2.636270
1.967403
1.980823
4.129208
3.937159
1.977666
4.009225
4.108948
1.891292
3.599780
3.752477
3.995805
3.885054
2.183884
2.291699
2.241705
3.347443
2.740907
2.015397
2.015397
3.755759
3.849987
3.849987
4.075512
3.465559
3.922502
3.958313
4.082675
2.248796
3.357805
3.657102
3.849987
4.026607
3.922502
4.023558
2.925735
3.907795
2.967884
3.433535
3.272636
3.466002
2.441942
3.542711
2.940451
3.465920
2.611009
3.167252
2.561841
2.774925
2.948660
2.986477
2.579657
2.653713
2.723670
2.623860
2.470363
2.854203
2.407462
2.677050
2.150437
1.502609
1.128536
1.281373
1.226510
2.294651
2.464484
2.337934
2.840643
1.037246
1.477128
1.542547
1.542547
3.156013
2.447333
2.754608
1.602586
1.602586
1.898524
1.714152
2.944231
2.194523
1.166246
2.562176
2.523079
2.231729
2.766655
2.448221
2.572795
2.379153
1.337352
1.337352
1.381524
1.947542
1.421705
3.447367
4.097950
2.436391
2.001704
2.088272
2.181393
4.165529
1.445892
1.440773
1.832676
4.206252
4.105562
1.529944
1.562878
4.075269
2.792825
2.941144
3.215450
3.215450
2.870744
2.834524
2.169694
2.241540
3.622936
4.029766
2.954956
2.830756
3.599780
3.716822
3.712741
3.849725
3.601595
1.695807
1.696491
3.601595
1.814137
3.467081
2.920684
4.236901
4.196969
1.915339
1.908574
2.719654
2.677883
3.357805
3.868272
4.002751
3.986902
2.067614
3.357805
4.095587
4.125340
3.805982
2.647605
3.328934
3.450934
3.572452
3.988995
2.798536
3.999925
3.894179
2.281978
3.872601
2.891447
3.611339
2.863605
2.384979
2.488373
3.611339
3.293921
3.607403
3.183278
3.053541
3.127899
2.470363
2.470363
2.853570
2.936433
2.991710
2.712967
2.834083
2.834083
2.677050
2.116066
1.012737
0.938404
0.945021
1.006541
1.012737
2.294651
2.294651
1.175455
1.281373
1.414399
1.353525
2.264329
3.156013
2.459708
2.355857
1.898524
2.850849
2.754608
2.351460
2.459708
2.119627
3.612600
2.035823
1.635041
3.449793
3.586491
1.860041
3.186171
3.285119
3.044855
2.665363
2.871502
1.268190
3.065440
1.303501
1.381524
1.947542
4.097950
4.097950
4.129985
2.001704
3.965543
2.329591
2.001704
3.447367
3.214775
4.075269
3.981289
1.944164
4.136451
1.771958
1.656890
2.546278
1.783730
1.674857
1.688398
2.727987
2.563356
4.108948
2.941144
2.941144
3.339038
3.849725
3.215748
3.712741
2.705308
1.809544
3.805982
3.936526
4.197329
3.569945
4.034150
4.086387
3.995645
4.105742
3.735874
3.658408
3.936526
3.995645
2.798536
2.246509
3.725192
3.973524
3.804861
3.888262
2.198960
2.891447
3.753522
3.262668
3.262668
3.558219
3.776060
2.458031
3.145620
3.466002
3.540600
3.746518
2.441942
2.609655
2.523017
2.707174
2.584216
3.300846
2.654807
3.279089
3.199170
3.144172
3.139090
2.585581
2.561841
3.143936
2.530759
2.994462
2.457020
2.530759
2.919571
2.683938
2.530759
2.959610
3.116342
2.696276
2.552781
1.518118
2.294651
1.067709
1.346188
1.118934
2.255684
2.337934
2.369954
2.704847
2.464484
2.528949
1.477128
1.414399
2.935783
1.067047
1.404869
1.531695
2.498989
1.062411
1.531695
1.735847
2.662217
3.391393
3.529468
2.834630
2.979210
2.008944
1.167676
1.192518
2.260825
2.061129
1.315567
2.275743
2.191038
1.947542
1.903163
2.329591
2.506490
1.665360
1.758060
1.759781
2.669060
4.235236
2.692088
4.053959
1.585736
1.674857
3.074313
2.960831
3.806196
3.995805
3.937150
3.857242
3.215450
3.679031
3.347443
4.312848
2.826414
4.197329
2.046771
3.465559
3.804861
3.936526
3.868272
2.015397
3.569945
3.572193
3.705122
4.105742
2.668276
4.035958
3.959317
4.105742
2.437604
3.328934
3.244493
3.687078
2.373932
2.165249
3.418903
2.829721
2.735603
2.683726
3.418903
3.728858
2.508106
2.503081
2.666622
3.212357
2.626409
3.038931
2.919571
3.099699
2.911031
2.527624
2.949490
2.580415
2.994462
2.945969
2.730972
2.918202
2.537289
2.723670
2.859359
2.434838
2.407462
2.842710
2.668220
2.294651
1.003391
1.158286
2.589375
1.822477
2.767234
1.404037
1.466472
1.714187
1.466472
3.378949
1.531695
2.333750
1.067047
2.200407
1.772322
1.772322
2.074773
3.988045
3.988045
1.852340
3.350558
2.361275
1.748726
1.851267
3.859429
1.796215
1.891352
3.349369
1.833882
1.698439
1.833882
3.717689
3.517217
4.165529
4.203704
4.099811
2.507781
2.093033
1.665360
2.772893
2.815821
4.206252
4.054367
3.679031
3.716822
3.795439
3.564541
2.713208
2.291310
2.360890
2.680048
2.843982
1.942172
4.214134
2.426647
2.520614
2.360280
2.531331
3.275160
4.137541
2.475158
2.520614
2.662821
4.086387
2.142392
2.102459
3.375282
3.356346
2.481948
3.829122
3.788210
3.991902
3.949189
3.450934
3.788210
2.735603
2.595260
3.538797
2.654807
2.427819
2.604752
2.666622
2.745399
2.731266
2.649303
3.199170
2.488726
3.268203
3.071273
3.429158
3.098612
3.222105
3.145620
3.466002
3.429158
3.113071
2.881878
2.538736
1.511565
2.337934
1.304931
1.061827
1.061827
1.346188
1.404037
2.941363
3.210411
1.266474
3.316979
3.316979
3.316979
2.388384
3.235965
3.031350
2.734252
3.143500
3.041326
2.734252
2.827324
2.945767
1.206056
1.166246
1.629492
1.852340
3.988045
4.089914
2.913752
1.189306
3.273770
2.211389
3.273770
1.832856
3.844685
1.342507
3.031168
4.158761
4.089914
4.207372
3.824170
3.787968
3.551564
3.787968
3.921288
1.796215
1.579008
1.556773
3.349369
3.349369
2.472843
2.507781
2.638712
4.054367
4.133386
4.151631
3.048912
4.115059
2.966921
3.679031
3.305860
3.045983
3.180216
3.432137
1.694055
2.791670
2.843982
4.023354
3.375282
3.251568
3.382651
4.072107
3.725192
3.788210
3.936337
3.879526
2.744549
3.251568
3.725192
3.959317
3.923338
2.074574
3.356346
3.356346
3.572193
2.190735
2.292819
3.429158
3.455189
3.835848
2.612237
2.621767
2.753091
3.515201
3.686388
2.631494
2.362522
3.404692
3.313535
2.568005
2.568005
2.649303
3.245611
2.918202
3.222105
3.053541
3.100482
2.585581
3.230340
2.497258
2.736097
2.833781
2.838798
2.630842
1.518118
2.226744
1.357944
0.907504
0.858236
1.158286
1.158286
1.266474
2.481974
1.807168
2.671326
0.943188
2.093641
2.941363
2.941363
1.685351
3.064756
1.714187
2.093641
1.670014
3.529030
3.529030
2.715281
3.342968
3.371577
1.105713
3.258467
3.208565
3.041326
3.041326
2.194523
1.748726
1.713714
1.748726
2.847039
4.150088
1.237274
3.657545
1.673868
3.669198
2.359136
2.329591
3.232589
1.702745
1.833882
4.119635
4.053153
3.435486
3.553961
3.607152
3.479230
3.529556
3.349369
1.731156
1.656890
4.136451
4.052175
4.028025
4.151631
3.960958
3.564541
3.564541
2.720934
2.843982
2.325347
2.229225
4.189999
3.375282
3.408891
3.725192
3.382651
3.572193
3.854519
3.765829
3.947058
3.655061
3.767765
2.194613
2.403902
3.699547
3.829122
3.827276
2.379555
2.379555
3.212018
3.538797
3.388449
2.436918
2.508106
2.427819
2.426414
2.503164
3.342058
3.138656
3.313535
2.414368
3.132523
2.582339
2.582339
2.460035
2.695413
3.132523
2.673535
2.470656
2.508372
2.741624
2.566161
2.826135
2.641298
2.660545
1.113065
1.166189
1.304099
1.943329
1.171494
1.162304
0.907504
2.705500
2.622279
2.865772
1.893697
1.062411
1.050527
1.745202
1.825605
3.358862
1.690309
3.416856
1.173889
3.159846
2.074773
1.631789
1.631789
1.720183
2.303952
1.735971
3.988045
2.234630
1.778875
1.684643
3.978920
3.870109
2.275743
4.013200
3.427971
1.631789
2.275743
1.670004
1.342507
1.626186
4.082276
3.615832
1.646237
1.832800
3.859429
3.590824
3.529556
3.529556
3.529556
4.052175
1.597869
1.601462
3.960958
3.913630
1.602266
1.602263
3.795439
2.651032
2.690977
3.279049
4.086387
3.375282
4.086387
3.868852
4.023846
2.008632
4.032152
3.543867
3.628851
3.272899
3.835848
3.959317
3.324107
3.655061
3.681161
3.936337
2.512412
2.564600
2.403902
2.403909
3.374622
3.374622
3.414075
3.373776
2.453990
3.486079
3.274950
3.403438
3.319441
3.313535
3.313535
2.873152
2.568005
3.074176
2.530039
3.092950
2.924596
2.533299
3.132523
2.470820
2.750288
2.807539
2.826135
2.626867
2.733333
2.659432
2.541475
2.652603
2.577400
2.542778
1.363416
1.363416
0.850629
2.176932
1.726320
1.691843
1.685351
3.064756
3.064756
2.923026
3.428679
2.496039
2.388384
1.825605
1.931968
3.628857
2.234630
1.548547
3.315902
3.096247
2.303952
2.303952
2.303952
2.021379
1.206056
3.143791
4.081448
4.052784
3.853062
3.166798
2.982328
3.039448
2.557451
4.139804
4.082276
3.732655
3.677469
3.677469
3.639921
1.955489
4.213101
4.052175
2.007286
4.028025
4.052175
3.960958
2.118439
2.720934
2.705308
3.247025
1.967361
2.540921
3.275160
3.368935
2.046771
3.854519
3.845910
2.390658
3.914167
3.966262
3.966262
2.097853
2.146479
3.463506
3.572193
3.626183
3.755048
3.782120
3.944875
3.895900
3.895900
2.612237
2.553313
3.543867
3.716233
3.736842
2.299798
3.490786
3.555983
3.631674
2.403902
3.427142
3.628851
3.650134
3.476673
3.521417
3.631674
3.638972
2.981736
2.471685
3.349910
2.530039
2.710944
3.074176
2.939067
3.059609
2.742421
2.826656
2.533089
2.570724
2.484350
2.951922
2.454876
2.604015
1.472015
2.370852
1.774187
2.982798
0.953856
2.139003
3.040606
3.040606
1.651421
1.064468
1.588489
1.613239
3.432739
2.427606
2.336910
1.087060
1.665231
1.712794
1.665231
3.427732
3.208565
2.641329
3.285454
3.200496
3.200496
1.593875
1.584372
3.315902
1.631789
3.900490
3.721239
2.249648
2.303952
3.676703
1.593875
4.081448
4.013200
3.969981
1.442454
1.358251
3.732655
1.465588
1.544175
3.936290
4.082276
4.082276
2.397780
2.175794
1.507717
1.494406
2.074026
4.028025
3.960958
3.860475
2.053784
1.602266
2.243272
2.690696
1.942101
3.937955
4.133348
3.937955
3.279049
2.633554
3.914167
3.898000
3.753522
3.230534
3.772717
3.767765
3.694901
3.778338
2.612237
2.465603
3.341393
3.392290
3.188183
2.507174
3.289089
3.484917
3.203157
3.633448
3.318754
3.319441
2.406413
3.014179
3.321534
3.163366
2.579839
2.428611
2.385949
3.345778
3.447886
3.354181
2.415558
3.074232
2.486726
2.427755
3.078292
3.218287
3.079312
3.373669
2.379395
2.650840
2.511234
2.511234
2.398182
3.146497
3.206833
3.207310
2.600867
2.873152
2.936433
2.708996
2.924388
2.800566
2.817571
2.845918
1.519904
1.518118
0.988372
2.170508
1.613239
3.288972
1.064468
2.923026
2.982798
2.641329
1.064468
3.241930
2.421755
1.093045
1.509767
1.505864
2.249648
3.294841
3.525242
3.565430
3.463519
3.723258
3.590786
3.427971
3.463519
4.013200
3.782811
1.702745
1.548547
3.873423
4.022440
1.326753
1.537063
2.671993
2.618317
2.618317
2.721679
2.775889
1.651349
4.119635
2.174691
3.254742
3.313127
1.821183
1.839318
3.376523
3.376523
2.094207
2.069149
3.914167
3.268146
2.429480
3.268146
3.810405
3.490786
3.469721
3.490786
3.543867
3.871058
3.333262
2.194613
3.490786
3.392290
2.292104
3.317876
3.373374
3.376376
3.585797
3.797575
2.437701
3.308508
3.247385
2.385949
3.289089
2.397865
3.350500
3.451568
2.385949
3.010429
3.157095
2.358738
3.078292
3.207310
2.458198
2.470290
2.354241
2.737643
2.988837
2.456815
2.949580
3.014179
2.819959
2.928568
2.504042
2.866234
2.608735
2.764668
2.710783
2.802185
0.989954
0.912387
0.866835
1.774187
1.685351
1.800679
0.971575
0.971575
3.180338
3.048180
1.431423
3.048180
2.599142
2.645877
3.294841
3.294841
3.628490
3.491158
3.486157
1.549486
1.509767
1.509767
3.568034
2.615378
3.905615
2.433878
2.502421
1.326753
3.162389
3.887269
3.504197
3.339299
1.511311
4.022440
3.905615
3.969703
1.475708
1.475708
2.409928
2.397780
4.081448
1.493547
2.721679
2.240054
2.148321
1.897040
1.507717
4.119635
4.116935
4.052175
2.093484
4.028025
1.610654
1.608230
1.708922
1.848228
1.700291
1.700291
1.839318
2.111546
1.967361
2.774035
3.247025
3.850996
3.152070
2.154810
3.821138
2.977009
3.299476
2.196613
3.878456
3.416163
3.392996
3.447886
3.213075
3.056342
2.492027
3.212018
3.194898
3.300477
3.373669
3.242079
2.379395
2.492839
3.174724
3.309760
3.032463
3.166815
2.465917
3.068919
2.465917
2.657788
2.859966
2.901563
2.939067
2.587056
2.799859
2.613950
2.666535
2.651423
1.581233
0.923305
1.242100
1.310480
1.524455
1.581233
1.908111
1.775625
1.704823
0.869761
0.896720
0.930012
1.800679
1.886530
1.391922
1.380744
1.380744
3.130877
3.321743
3.460464
3.180338
1.695430
1.605515
1.655307
1.431423
3.460464
3.386021
1.383412
1.219770
1.549486
2.554374
2.645877
1.754270
1.299994
3.565430
2.948608
1.299994
1.594469
3.475475
1.425365
3.875873
2.269501
2.174691
2.074026
1.987575
2.046715
1.983083
2.583625
2.774035
2.639233
3.247497
2.843634
3.937955
2.977009
2.315802
2.254065
4.023354
3.160585
3.765172
2.911930
2.042267
3.773137
3.623090
2.099644
3.129718
3.240739
3.850996
2.464022
2.495438
2.580814
3.505893
3.576541
3.690854
3.672670
3.672670
3.094600
3.106062
2.942982
3.317876
3.196624
3.196624
3.157095
3.106062
3.251194
3.373374
2.296798
3.194898
3.138425
2.285778
2.358738
3.010429
3.157301
2.799859
3.161179
2.420545
2.382735
2.411358
2.708996
2.640162
1.981268
1.309165
1.411499
1.636315
0.930012
1.716202
1.539775
1.816114
1.690243
1.543492
1.338660
1.173018
3.555783
3.555783
3.565430
1.511311
3.508418
3.339299
1.848137
2.823206
2.875837
2.276903
1.605261
1.598972
1.610654
1.855067
2.451661
1.987575
3.178547
3.313127
3.247025
3.293059
2.559211
2.690696
3.401933
2.622357
3.788666
2.721197
3.043439
3.268146
3.788666
3.755842
3.845910
3.672670
3.094600
3.043439
3.117857
3.317876
3.223024
3.578550
3.043439
2.092670
3.317876
3.212281
3.340837
3.460968
3.399916
2.485484
2.823974
3.265887
3.251194
3.380291
3.442432
3.580863
3.265887
3.196624
3.228404
3.308508
3.643174
3.451036
3.514377
2.935268
2.285778
2.356661
3.161179
3.447886
3.451036
2.343905
2.949580
3.109845
3.157301
2.303584
2.857820
2.527408
2.764668
1.891606
1.802524
1.755391
1.711618
0.930012
1.744664
1.674744
1.666716
1.051404
1.318088
1.582236
1.223265
3.043030
1.064468
1.132506
3.181381
3.294841
3.465223
2.642207
2.645877
3.873423
3.700535
3.628967
3.691196
2.671993
3.359631
2.759573
3.213156
2.615378
3.104962
3.234586
1.736082
1.774044
2.758845
1.391693
1.506675
2.276903
2.273729
2.875837
2.810915
2.968214
2.095899
2.167399
1.994802
2.002689
3.154975
3.279049
2.752815
2.094011
3.788666
2.564359
3.356745
3.270383
3.590940
2.836025
3.317876
3.649836
3.694901
3.578550
3.554321
2.852121
2.717824
3.194898
3.156549
3.098723
3.252137
2.980534
3.047883
3.138425
3.156154
2.398182
3.026963
2.885282
2.802238
2.885282
2.649993
3.029190
2.404848
2.447264
2.444358
2.521394
3.032463
2.991545
2.697867
2.726673
2.726673
2.613739
1.012146
1.843242
1.908111
0.970151
1.318088
1.270478
1.920770
1.711012
1.911337
2.017806
1.818013
1.744664
1.816114
1.911337
1.263183
1.318088
1.354752
2.685312
2.354951
1.690243
1.354752
3.529694
1.395748
3.629905
3.565430
3.489812
3.234586
2.859391
1.763628
1.736082
2.368165
2.661134
2.508498
2.375885
2.968214
2.968214
2.174691
1.903789
2.076353
2.193439
3.555718
3.458949
1.845288
1.717620
1.726107
3.178547
2.373078
2.622357
3.267139
3.676815
2.549797
2.622357
3.151088
3.154975
2.843634
3.240739
3.173915
3.757675
2.922109
3.212281
2.305591
3.653935
3.578550
2.334865
3.228404
3.165840
3.147576
3.157095
3.398544
3.157095
2.971557
3.495888
3.106172
2.935268
2.358392
2.351821
3.047883
2.827611
2.967993
3.125488
3.125488
2.439773
2.427959
3.271918
3.035240
3.026963
2.739604
3.024165
2.687769
2.610592
2.928568
2.820944
2.673535
2.579337
1.891606
1.891606
0.831286
1.071453
1.518384
1.926431
1.651283
0.910394
1.557588
1.821548
1.179189
1.991660
2.182041
1.740233
1.711012
2.014513
1.642501
1.816114
3.305321
1.671996
1.690243
2.367874
3.294021
3.680345
3.629905
2.814024
2.851700
2.712704
3.172434
3.070545
3.055606
2.823206
2.925991
1.493163
1.405494
2.273729
3.555718
2.968214
1.619158
3.555718
3.092133
1.959191
2.093484
2.355193
2.355193
2.373078
2.451661
2.090519
2.683591
2.774035
2.649129
3.247497
2.977009
3.637684
3.292010
3.791736
3.647099
3.669490
3.755842
3.173915
3.107024
2.305591
3.548846
3.093739
2.800266
3.548069
3.480993
2.391349
2.485484
3.549455
2.732172
2.732172
3.086209
2.973949
3.034197
3.156154
3.047883
3.047883
2.649446
2.827611
2.835901
3.230236
3.280329
2.411639
2.346494
2.422027
2.820944
2.417375
2.346569
2.458198
2.802238
2.988282
2.866234
2.991545
2.820944
2.672509
2.732974
2.732881
2.613739
0.845757
1.955118
2.089735
1.802524
1.079438
1.821548
1.626029
1.644873
1.929186
1.769921
1.923805
1.769921
1.816114
1.280236
1.837636
1.665325
1.717028
1.339764
1.225122
3.298062
3.508418
2.427747
3.512906
3.545494
2.600218
3.545494
3.464434
3.030233
2.800517
2.222827
3.311181
3.189000
3.145227
1.391693
3.045642
3.497882
3.529843
3.219053
2.222827
2.051765
2.679552
2.531404
2.654273
1.606031
3.340258
2.350374
2.355193
3.178547
3.178547
3.134412
3.112480
2.968610
2.045961
3.107024
3.107024
2.922109
2.492361
2.688544
2.699343
3.755842
3.158970
3.165840
3.451600
3.075480
3.562467
2.377004
2.284698
2.890164
3.016425
2.768718
3.352265
3.035240
3.078279
3.106172
2.280272
2.980534
2.873663
2.885282
2.944185
2.810215
2.890164
2.748649
2.498690
3.132315
2.944185
2.444457
2.387735
2.667631
2.547978
2.628082
2.848408
2.682234
1.895281
1.895281
0.987557
1.087381
1.693604
0.827963
1.399840
1.720950
1.557588
1.180303
1.832073
2.014513
2.014513
1.911337
2.104632
1.740233
3.048764
2.001880
1.792734
1.888871
3.421327
1.944445
3.421327
3.470274
3.294158
2.172510
2.172510
3.488756
2.247355
2.181469
1.342737
1.811541
2.433901
1.362918
1.391693
2.246414
3.488756
3.396385
2.373457
2.222827
3.396385
3.372425
3.258208
3.030233
2.544071
2.417311
3.497882
3.315392
2.222827
1.717286
3.347732
3.433796
3.458949
1.912909
2.397697
2.303961
3.184925
3.178547
3.247497
2.583391
3.116359
3.082794
3.154975
2.537483
2.060033
2.037653
2.144797
2.092670
2.281496
2.623975
2.589645
2.535449
3.192015
3.282166
3.508298
2.439955
2.641732
2.808960
2.873663
2.965044
2.304571
2.739604
2.671742
2.797527
2.929739
2.372859
2.590364
2.547978
2.534809
2.912367
2.639271
1.309165
1.360655
1.173425
0.800964
0.897836
1.079438
1.180303
0.950448
1.017983
1.558629
1.132506
1.180303
2.014513
1.923805
1.132055
1.134193
2.014513
1.699455
1.626029
1.720950
1.792734
1.847629
1.770606
1.717028
1.997318
3.287064
3.313049
3.313049
1.763628
2.355111
2.328578
3.441039
2.678659
2.513545
2.181469
2.127352
2.116699
3.459770
1.493163
3.372425
3.088601
3.414795
3.112809
1.717286
1.937556
2.015862
2.304237
2.254776
2.254776
2.273489
2.254776
2.254776
2.058330
1.843739
3.134412
2.075208
2.012400
3.003148
2.771884
3.116359
3.647099
2.032121
2.537483
3.662053
3.662053
2.456821
3.403547
3.505622
3.179306
2.537483
3.105875
3.050345
3.654994
2.724595
2.248385
2.160609
3.215887
3.212281
2.453328
3.212281
2.348515
3.045591
2.735265
2.358392
2.154910
2.809123
2.689684
2.268627
3.081658
2.942807
2.325881
2.768718
2.999748
2.809893
2.614973
2.748649
2.441433
2.535835
2.808960
2.443478
2.929739
2.667631
2.781921
2.620337
2.857820
2.797527
2.684217
2.630682
2.726673
1.891606
0.877470
1.236436
1.363021
1.295007
1.409558
1.525539
1.926431
2.070256
1.071453
1.071453
0.926453
0.893608
2.556630
0.995693
1.474340
2.231145
1.626029
2.015664
2.120119
1.723163
1.908805
1.693126
1.837636
1.811880
1.916111
1.986105
3.298062
3.317070
3.134672
3.293155
3.434376
1.925868
3.464434
2.247355
3.464434
3.470274
2.181469
2.102872
3.488756
2.222827
3.434475
1.491170
3.581804
2.222827
2.854512
1.801451
2.654273
1.829226
1.829795
2.273489
2.433221
3.529843
2.273489
2.350374
2.070401
2.073424
3.184925
2.936977
2.286490
2.968610
3.082794
2.378091
2.093577
1.991116
2.870641
3.034946
3.151088
3.467228
3.548846
3.555255
3.555255
3.560654
3.245654
3.245654
3.560654
2.434432
3.208468
3.379828
2.365646
3.552042
3.645477
3.158970
3.123961
3.212352
3.149548
3.499016
2.145159
2.607959
2.268627
3.097107
2.630418
3.128735
3.167535
2.351821
2.607959
2.768718
2.999748
3.230236
2.651385
2.864046
2.645370
2.577821
2.444358
2.743864
2.790152
2.753184
2.568932
2.601292
2.633193
1.588676
1.337713
1.275700
1.638696
1.958434
1.169793
2.108581
1.674284
2.169547
1.079438
1.335727
1.399840
1.399840
1.399840
2.029231
1.476827
2.128239
2.120119
1.536638
1.531251
1.916111
1.626029
2.556630
1.725414
1.835942
2.057302
1.691568
1.793291
2.148059
1.362643
1.363444
2.433901
2.513545
1.976838
3.396098
3.396098
3.540885
1.808715
1.731709
1.468735
1.397211
2.608307
1.864003
2.549296
3.531000
2.250715
1.599689
3.374516
2.644232
3.115983
2.644232
2.544071
2.186873
2.303256
2.033534
2.031897
3.083925
2.870641
3.116359
3.492697
2.038974
2.870641
3.087994
3.105643
3.467228
3.467228
3.553775
3.403547
2.432194
3.352265
2.270668
2.245860
3.266927
2.540805
2.799366
2.670857
2.873663
2.419066
2.310764
2.389815
2.411639
2.601157
2.488537
2.512566
2.366366
2.510759
2.651385
2.629408
2.718907
2.560221
2.376085
2.577821
2.566821
2.569915
2.710742
2.876040
2.684811
2.647349
2.700062
2.627402
1.070266
1.723120
0.962144
1.358529
1.409558
1.684170
1.765855
1.564061
0.974376
0.974376
1.399840
2.128239
2.231145
1.476827
2.324915
1.134193
1.635125
2.231145
1.818281
2.128239
2.210987
2.100792
2.151760
2.376935
1.178039
1.743179
1.811880
1.610098
2.174808
3.276155
3.108957
2.898121
2.057302
1.910618
1.773038
2.231908
2.043246
3.512906
1.773038
2.231908
3.618242
3.322413
2.366704
3.293155
3.317070
3.434376
3.428322
2.361004
2.418509
1.441816
2.495707
2.433901
2.208885
2.464234
2.279774
3.401950
3.401950
2.179872
2.068081
3.317088
3.317088
3.005737
2.408432
2.614402
2.536617
2.301193
2.188271
2.268655
2.286490
2.652802
2.816367
2.890818
3.003148
3.310977
3.258674
3.179306
2.873398
2.893725
3.251932
3.287364
3.417369
2.535449
3.344433
3.290256
2.160609
2.262409
2.336048
3.050345
3.036166
3.459863
3.459863
2.262409
3.016425
2.243612
2.138984
2.855554
3.355668
2.270668
2.799366
2.735265
2.243443
3.212686
2.218468
2.970340
2.410106
2.529838
2.671742
2.533857
2.579739
2.682234
1.650685
1.709219
0.897836
0.862443
1.143416
1.750957
0.816314
0.786581
1.116399
1.850968
1.280150
1.341788
1.410766
1.408139
1.915627
0.876848
1.933793
1.933793
1.003011
2.231145
2.128239
2.393729
1.457106
1.457106
2.191399
1.564061
2.226512
2.356517
2.151760
1.610098
1.536638
1.883585
1.811880
1.654191
1.877903
2.953059
3.326937
2.247497
3.267770
1.245533
3.453722
1.764057
1.731709
1.741654
1.570169
2.629842
2.257790
2.315323
3.305273
3.305273
3.479294
3.434475
3.484530
1.808715
2.279774
2.297786
3.433597
2.735185
2.885311
2.303961
1.742366
2.426808
2.872476
2.301193
2.426808
2.504203
2.666613
3.106719
2.399128
2.583625
2.375320
2.816367
3.021524
2.870641
3.452685
2.124362
2.941048
3.035568
2.965172
3.290277
3.010964
3.034946
3.015410
3.145163
3.105643
3.019408
2.378573
3.553775
3.251932
3.315008
2.120929
3.459863
3.437791
2.747342
2.539280
2.329748
2.714204
2.588606
2.435456
2.823968
2.449001
2.841986
2.198467
2.651385
2.825490
2.681730
2.535326
2.753184
2.887035
2.674956
1.280150
1.458739
1.505172
0.768919
1.746908
0.880565
1.652973
2.288608
2.120119
1.647531
1.779257
1.732622
3.122314
1.323084
1.607991
3.133040
3.261886
1.547782
2.439292
3.280234
3.335238
2.356400
1.723280
1.699688
2.691975
3.433597
2.727857
2.608307
2.382146
2.728359
3.303308
3.115983
3.077163
3.233538
2.307966
2.640196
2.632733
1.841974
2.171895
2.303256
2.282356
3.126229
3.106719
2.296521
3.049326
2.399128
3.061978
2.182614
3.480815
2.430726
2.056619
2.827631
2.747266
3.234442
3.290277
3.357501
3.156294
3.403547
3.199334
2.977248
3.034946
3.431287
3.050345
3.199334
3.156711
2.657206
2.627156
3.275426
2.019398
2.245860
2.923068
2.983006
2.323901
2.554773
2.414387
3.192204
2.194179
3.032806
2.616528
2.323901
2.411985
2.691015
2.585052
2.527730
2.634554
2.620337
2.496648
2.691089
2.745449
2.673163
2.609978
1.633639
1.341788
1.819792
1.674284
0.780329
0.843621
2.237620
1.320609
1.399840
2.288608
2.288608
2.275351
1.292507
1.225478
2.953059
3.117034
1.323084
3.434376
1.732622
3.380758
3.261886
3.380758
3.380758
3.379186
3.350783
1.809730
2.006223
2.279680
3.350783
2.304920
2.640426
2.514228
2.410640
2.753570
2.617441
3.162026
3.162026
2.866161
2.974437
2.511999
2.393420
2.286365
2.171895
2.169941
2.480675
3.234442
3.234442
3.067679
3.035568
3.492697
2.652802
2.652802
3.290277
2.113465
3.480815
3.441511
3.234442
3.431287
3.441511
2.113465
2.691406
2.747266
3.340113
2.426741
2.134522
3.162467
3.361084
2.584640
2.804380
2.794052
2.633319
2.160609
2.986532
3.057683
2.952753
2.508897
2.823968
3.020202
2.101324
2.232952
3.398187
3.212686
2.923068
2.690582
2.121993
2.645670
2.257978
2.237422
2.215794
2.125995
2.937953
2.882799
2.548942
2.548942
2.755567
2.614973
2.532616
2.882799
2.755567
2.619035
2.716075
2.674956
2.684811
2.690496
1.340286
1.656387
1.651337
2.046259
1.905093
1.906144
1.650685
1.863573
0.850976
1.320609
2.508957
2.266076
2.046259
1.306781
1.246863
1.320609
1.475920
2.247839
2.288608
1.165868
1.510902
2.266076
1.370845
3.147512
1.323084
1.502880
1.461896
2.275351
2.302171
1.292507
2.933294
3.133040
3.075107
3.281347
3.267770
2.048945
1.826140
2.656300
2.307966
2.075252
3.358519
3.303308
3.237181
3.358519
2.372127
2.304920
2.632733
3.239161
2.393420
1.832443
2.866161
3.077483
2.756309
2.931577
3.022692
2.160599
2.075672
2.076848
3.095668
3.480815
3.154692
3.026807
2.880350
2.827631
2.902247
3.441511
3.193839
3.078362
3.315008
3.315008
2.053248
2.076848
2.674815
2.515658
2.187615
2.198443
3.110909
2.098606
2.198443
2.751144
3.031888
2.788344
2.749052
2.783229
2.856967
2.882799
2.479329
2.886513
2.482382
2.692017
2.821057
2.691015
2.699190
1.418982
1.546838
0.963289
1.750957
1.790741
2.057301
1.857792
1.737795
2.187708
0.807854
1.563946
1.389913
1.804373
2.187708
2.335403
2.423391
2.335403
1.277868
2.397482
3.131988
2.752571
1.371263
1.318651
2.247497
2.780540
2.953059
2.922886
3.117034
2.542968
1.922418
3.210083
1.722034
3.379609
3.237181
1.971604
2.075813
1.849226
1.739428
1.857374
1.943435
3.318920
2.282723
1.845059
2.988349
3.063334
3.147180
2.640196
1.919567
1.841974
2.702616
2.366417
3.125030
3.126306
2.977601
3.016012
2.108036
3.082520
2.315863
2.801757
3.203119
3.366257
3.492697
2.941278
2.116634
2.075269
2.873398
2.198347
2.198347
2.258448
2.113159
3.062000
2.660268
2.134522
2.187615
3.275426
2.437152
2.097328
2.803020
2.865378
2.709782
2.153239
3.098991
2.215794
2.876737
2.456956
2.538340
2.491947
2.574408
2.654121
2.545975
2.610946
2.631784
1.691188
1.633639
1.602809
1.284270
1.650685
1.096674
1.246075
1.867503
0.738919
0.781944
1.751017
1.132457
2.187708
0.807854
2.403192
0.935928
1.277868
2.159909
1.921125
2.067266
2.791013
1.140970
2.591746
2.328375
2.950541
2.370484
2.486658
2.609240
3.093177
3.369501
3.380758
3.379186
2.737301
2.698378
1.840916
2.682882
2.669213
3.275527
2.674966
3.249207
2.291656
3.114927
3.193383
3.211257
2.296521
2.466425
2.511999
3.022692
2.484798
2.378990
1.950888
2.581682
2.484798
2.237006
3.067679
2.965352
2.916153
2.581682
1.961068
2.347892
2.702616
2.224602
2.371078
1.925802
2.917593
2.891977
3.082520
3.354695
2.246470
3.339394
3.366257
2.485375
2.878276
2.878276
2.794052
3.056537
2.941278
2.806885
2.217763
2.691406
3.010964
3.076687
2.660268
2.770993
2.770993
3.319888
2.480995
2.350156
2.307953
2.064176
3.023551
2.508897
2.922070
3.023551
2.109811
3.211953
3.326891
3.370527
3.361084
3.272633
3.310467
3.180128
2.198067
2.141584
2.223662
2.204715
2.618047
2.732277
2.328184
2.259259
2.450702
2.882799
2.752798
2.654121
2.882799
2.704642
2.692017
2.702903
2.657588
2.691089
1.694198
1.413385
1.817463
1.730646
1.602809
1.919911
1.638880
0.763872
0.763872
1.555084
1.382258
1.559667
1.711580
1.814229
0.975272
1.095926
1.234602
2.328375
2.221600
3.167330
2.950541
2.783869
2.950541
3.190759
2.769611
3.172694
3.085703
3.046510
3.087707
3.278678
3.242573
3.276563
2.917593
3.218756
3.254422
2.582031
3.016012
2.472872
2.939492
2.893131
3.053615
2.512456
3.125030
2.224602
3.056537
3.366257
3.324771
2.409097
3.339394
2.747952
2.747266
2.965172
2.940690
3.326891
3.204495
2.691406
2.674815
2.125310
3.275074
2.137165
2.101324
2.198067
2.788683
2.101324
2.416558
2.469337
2.574408
2.618047
3.088909
2.878660
2.645081
2.234701
2.811592
2.702520
2.603732
2.651700
2.702903
2.752798
2.545975
2.593864
2.702520
2.704642
2.588398
2.776007
2.625836
2.547669
2.741270
2.691015
2.621398
0.804070
1.466792
0.802789
1.571024
1.232006
0.807854
0.783542
1.711580
1.946996
2.247839
2.118071
1.994968
2.425067
2.403192
2.404194
2.547013
2.777388
2.908641
2.926641
2.629101
3.289207
3.132356
3.117929
2.401743
2.839773
2.353161
2.821755
2.287000
2.321162
3.324771
3.010410
2.480995
2.380392
2.836170
2.191535
3.339394
3.251932
2.855314
2.799945
2.764138
3.224108
3.041350
3.101659
2.942472
2.985413
2.146739
3.204495
3.160119
3.224108
3.051346
2.664552
2.901332
2.822772
3.310238
2.534925
2.806885
2.664552
2.788683
2.668829
3.020202
2.590350
3.202502
2.129041
2.709782
2.803020
2.966800
2.966588
2.565822
2.500701
2.786442
2.811624
2.461022
2.481798
2.423036
2.719083
2.852062
2.682648
2.605518
0.926448
1.672395
0.779657
0.731551
1.957813
1.863573
1.977943
1.132457
1.957813
2.103241
1.387058
1.624300
1.306781
2.103241
1.103154
0.910184
1.095926
1.095926
2.272383
2.272383
2.366949
2.425067
2.079670
2.407730
2.854294
3.017493
2.967246
3.190759
3.104146
2.599616
3.083917
2.821755
2.970865
2.837510
2.851091
3.100940
3.175410
2.573359
2.573359
3.175410
3.198303
3.046691
2.569750
2.878205
3.293728
3.125044
3.132864
3.224108
2.899370
2.748256
2.822772
2.768985
2.851091
2.926683
2.947681
2.146739
3.145530
3.174844
2.620565
2.125310
2.664552
3.160119
2.593849
2.154391
2.537878
2.476814
2.433790
2.620905
2.626393
2.531445
1.297186
0.804116
0.988744
1.658178
1.624761
1.797638
1.844264
1.522282
1.649895
1.781287
1.867503
1.505382
1.977943
1.522282
1.743288
1.938174
0.948433
0.802607
1.538344
1.463514
1.004826
1.746982
2.077696
1.103154
2.029141
2.285772
2.118071
2.423543
2.448198
2.501765
2.278643
2.783869
2.590199
2.493942
2.854294
2.995946
2.995946
2.900119
2.967246
2.672563
2.503274
2.503274
2.503274
3.085747
3.064044
2.839954
2.947681
3.006197
2.126759
3.162934
2.225312
3.085227
2.847236
3.138617
3.114608
2.899370
2.840817
2.840817
2.882353
2.926683
3.145530
2.066750
2.986532
2.544345
3.063339
2.991353
2.641654
2.396502
2.775113
3.098991
2.082549
2.775113
2.204403
2.741097
2.645081
2.646338
2.741097
2.527307
2.779536
1.255789
0.779688
1.581407
0.776798
1.691779
1.558102
1.694074
1.768551
1.215326
1.387058
1.816733
1.974258
2.249508
2.420215
2.239264
2.402740
2.599302
2.493942
2.642709
2.567376
3.046510
3.017493
3.148958
2.998940
3.119630
3.148958
2.821755
2.740387
3.160291
3.117929
2.770795
3.141077
3.125044
2.261817
3.006197
2.822331
3.046173
3.162934
3.127546
2.951571
2.951571
2.882353
2.817501
2.519162
2.677615
2.721568
2.681274
2.768985
2.882353
3.063339
3.174844
2.738620
2.178946
2.568797
2.651700
2.586857
2.646338
2.527373
1.547206
0.897362
1.283432
1.283432
1.347083
1.450711
1.450519
1.595811
1.511932
1.781287
1.708950
0.737473
1.873002
1.998179
1.938174
1.837897
1.777437
1.647309
1.728401
1.870250
2.121699
1.507052
1.832286
1.874987
1.832286
1.832286
1.922794
1.743288
2.029141
1.899767
2.285772
1.970390
2.448198
2.315131
1.974258
2.366949
2.278643
1.982203
2.442054
2.251432
2.561689
2.519600
2.423686
2.457309
2.561689
2.625828
2.704821
2.754261
2.926641
2.661273
2.684915
2.783062
2.653666
3.119630
3.003735
2.596698
3.133109
2.787594
2.933998
2.787594
2.307646
2.402062
2.307646
2.974562
3.007486
3.162934
2.716980
2.583328
3.007486
2.930422
2.930422
3.114608
2.721568
2.524365
2.593849
2.074579
3.093767
2.587876
2.665655
2.411089
2.326770
2.687377
2.478124
2.835874
2.622851
2.609594
2.366944
2.349769
2.474373
2.605518
1.020400
1.624145
1.106006
0.957588
1.254036
1.546977
0.804116
1.576157
0.778566
1.816170
2.053979
2.053979
2.103241
2.104579
2.346608
2.192564
2.340325
2.560837
2.566136
2.445269
2.656054
2.656054
2.782473
2.754261
2.589166
2.955530
2.950791
2.931851
2.998940
2.727170
2.594900
3.013844
2.787594
2.770795
3.006197
2.974562
2.988811
2.999911
2.135988
2.327065
3.072339
3.031734
2.979130
2.792948
2.125310
2.981074
2.981074
2.721568
2.954823
2.864337
2.720929
2.439154
2.356184
2.361777
2.298370
2.682774
2.651700
2.502852
2.514057
2.538523
2.542588
1.500894
0.882059
1.031283
1.392803
1.521662
1.323193
1.874094
1.570792
1.373222
1.587795
1.099602
1.099602
1.964125
1.801946
1.927898
1.767646
2.027231
2.016042
2.027231
2.165414
2.104866
2.211781
2.016953
2.010625
2.472222
2.455891
2.380088
2.647650
2.605122
2.704821
2.515682
2.802071
2.687080
2.864721
2.710688
2.578700
2.950791
2.640454
2.572627
2.594525
2.572627
2.673403
2.594900
2.740387
2.554950
2.424656
2.514719
2.999524
2.703245
2.649455
2.829558
3.046173
2.874392
2.537714
2.672629
2.697775
2.822331
2.829558
2.937214
2.649455
2.716980
2.945421
2.974562
2.277779
2.954823
2.979130
2.453599
2.818659
2.769054
2.129470
2.175733
2.100728
2.991353
2.755770
2.707679
2.107990
2.682774
2.775113
2.097506
2.342097
2.749698
2.411089
2.682774
2.640334
2.678479
2.645081
2.284729
2.595047
2.557639
2.531445
2.475573
1.536720
1.031283
1.357895
1.589316
1.417827
1.606193
1.666222
0.926908
1.526240
0.859748
1.064750
1.228052
1.259237
1.684032
2.045947
2.202359
2.126956
2.202359
2.009005
2.050828
2.192564
2.192564
2.410004
2.397171
2.573551
2.475819
2.454490
2.610652
2.661273
2.526669
2.529114
2.677543
2.833443
2.527344
2.631025
2.669008
2.891000
2.628736
2.552727
2.552727
2.295431
2.685848
2.840805
2.968952
2.906851
3.021079
2.439650
2.515594
2.776709
2.847384
2.995378
2.716980
2.816789
2.649455
2.815126
2.979130
2.863636
2.849849
2.439650
2.363367
2.905890
2.813077
2.801208
2.731501
2.749704
2.684423
2.295518
2.633124
2.542637
2.598274
2.447448
2.502434
1.606193
1.589586
1.516347
1.064750
0.994518
1.063874
1.299417
1.684032
1.728150
1.256054
1.542691
1.633207
1.670348
1.886839
1.728150
1.927898
1.589586
1.767646
1.869433
1.813383
1.900349
1.747901
1.877230
2.192564
2.335823
2.454490
2.661273
2.754261
2.678864
2.567486
2.529114
2.616139
2.612124
2.767821
2.950791
2.628368
2.656432
2.650669
3.021729
2.885554
2.548386
2.669008
2.702581
2.599175
2.885554
2.699350
2.425490
2.537714
2.667620
2.667426
2.667426
2.325237
2.295431
2.595576
2.515594
2.667620
2.968952
2.954203
2.833936
2.847384
2.256111
2.363367
2.711082
2.598274
2.218202
2.576619
2.582790
2.298370
2.396182
2.641708
2.525603
2.558421
2.462540
1.748467
1.760061
1.770408
1.596563
1.809448
2.084817
2.278643
2.432692
2.471157
2.343734
2.396099
2.568382
2.567465
2.650669
2.628368
2.609191
2.524627
2.507146
2.529114
2.628866
2.767821
2.797869
2.669008
2.860994
2.638163
2.702581
2.702581
2.642059
2.552727
2.674393
2.304053
2.823719
2.537714
2.646666
2.476717
2.814159
2.814159
2.256111
2.833936
2.141286
2.787785
2.648535
2.220719
2.782020
2.669811
2.684423
2.839776
2.245689
2.500377
2.525603
2.568292
2.369235
1.480834
2.161926
2.161926
2.088038
2.280661
2.595229
2.616139
2.848022
2.601410
2.589768
2.628866
2.631025
2.740975
2.752876
2.702581
2.702581
2.476717
2.968952
2.789109
2.789109
2.848633
2.968952
2.670872
3.021079
2.366396
2.419985
2.599806
2.935236
2.755235
2.741324
2.578294
2.486867
2.839776
2.431081
2.533475
2.652406
2.223052
2.603438
2.374382
2.338692
2.454967
2.482680
2.492989
1.743400
2.277761
1.860692
2.280661
2.561020
2.561020
2.638369
2.656432
2.521575
2.506987
2.848022
2.366396
2.645328
2.515594
2.267127
2.280894
2.905962
2.363367
2.326770
2.354998
2.455141
2.292281
2.137045
2.315318
2.408571
2.430603
2.483325
1.805953
1.936368
1.859167
1.996842
2.011346
2.003209
2.113265
2.222351
2.222805
2.222351
2.352883
2.712407
2.502340
2.455675
2.777940
2.823719
2.645328
2.337451
2.501653
2.578294
2.280894
2.337451
2.635964
2.534996
2.392227
2.534996
2.767063
2.455141
2.508659
2.767063
2.169980
2.603438
2.532614
2.564361
2.374020
2.394902
1.802928
1.721046
1.936368
2.225307
2.344403
2.458342
2.470465
2.561020
2.349939
2.473272
2.554018
2.685535
2.219260
2.800073
2.641616
2.688496
2.688496
2.692230
2.485209
2.513639
2.409421
2.764122
2.657569
2.384397
2.656215
2.292281
2.352924
2.433091
2.511092
2.415879
2.470465
2.272163
2.330770
2.522373
2.596263
2.640847
2.497026
2.497026
2.618074
2.150750
2.818350
2.848633
2.572578
2.698248
2.654617
2.320317
2.367888
2.409421
2.767063
2.245689
2.189345
2.281034
2.656215
2.274389
2.398817
2.113265
2.212759
2.084548
1.976707
2.222805
2.447348
2.554018
2.624453
2.455675
2.481111
2.640847
2.485209
2.485209
2.529393
2.697997
2.471329
2.263324
2.659019
2.449337
2.367888
2.310405
2.393006
2.414043
1.637984
1.721850
1.859167
1.860692
1.904342
2.338890
2.089667
2.209809
2.210935
2.272163
2.195376
2.144876
2.367534
2.374352
2.459561
2.497026
2.345712
2.230767
2.259513
2.449337
2.442517
2.410747
2.449337
2.698248
2.682848
2.551596
2.659019
2.196123
2.196123
2.587907
2.104265
2.355670
2.227043
2.308747
2.505926
2.480920
2.594234
1.993340
2.002429
2.301902
2.322339
2.301902
2.201398
2.554018
2.522373
2.672025
2.484744
2.526630
2.526630
2.722585
2.590239
2.714317
2.697997
2.662643
2.682848
2.266323
2.160783
2.143301
2.160783
2.266323
2.224601
2.308747
2.393006
1.653323
1.630735
1.721046
1.756165
2.002429
2.422541
2.358956
2.459561
2.518749
2.345712
2.327230
2.321073
2.370439
2.348232
2.313112
2.526630
2.304810
2.529393
2.323519
2.112350
2.309725
2.221279
2.409421
2.536551
2.393924
2.316931
2.352733
2.269266
1.554572
2.209809
2.070282
2.209809
2.209809
2.123657
2.462538
2.087891
2.321516
2.171401
2.292117
2.323519
2.350147
2.526630
2.304810
2.304810
2.529393
2.609257
2.276715
2.171546
2.123383
2.137811
2.276715
2.224601
2.497699
2.414521
2.370199
1.798939
1.908654
2.124830
1.860769
1.866526
1.954941
1.938174
2.070282
2.338645
2.520681
2.405817
2.354426
2.345712
2.321516
2.305468
2.571914
2.052000
2.210942
2.195586
2.348232
2.309725
2.198635
2.065207
2.017446
2.125908
2.337390
2.198595
2.280920
2.238141
1.553025
1.891180
1.899593
2.003209
1.749628
2.002429
2.242919
2.242919
2.305468
2.166669
2.426360
2.188170
2.343580
2.055551
2.587566
2.209985
2.568182
2.536987
2.187077
2.052000
2.519499
2.415776
2.102608
2.298449
1.463296
1.637984
1.616824
1.564793
1.777789
2.242919
2.135031
2.077148
2.469665
2.323396
2.188732
2.209985
2.210942
2.390155
2.512440
2.536987
2.401501
2.166227
2.136501
2.050977
2.168040
2.330506
2.311154
2.118701
2.216398
2.246440
1.756640
1.866526
2.173766
2.092198
2.242919
2.135031
2.026801
2.083838
2.189275
2.057782
2.211230
2.191680
2.211230
2.526630
2.401501
2.072911
2.086803
2.027135
2.075360
1.995222
2.152336
2.241626
2.069683
2.238946
2.374885
2.351923
2.351923
2.141674
2.054614
2.163464
1.458144
1.554286
1.555472
1.451878
1.542835
1.633081
1.608902
1.764616
1.759141
1.954941
1.849253
1.849253
1.913206
2.026801
2.141165
2.288580
2.255776
2.243423
2.184578
2.445941
2.417330
2.176740
2.176740
1.938356
2.187077
2.066991
1.953590
1.974014
2.171403
2.181510
2.204461
2.108545
1.433460
1.512800
1.542467
2.008085
1.934458
1.986558
1.986558
1.986558
1.963515
2.026801
2.075126
2.213587
2.056298
2.167263
2.263682
2.043821
2.259938
2.255776
1.923109
1.844314
2.189148
2.125812
2.152336
2.069282
1.443456
1.458144
1.463296
1.378904
1.451878
1.542467
1.554199
1.509761
1.658419
1.648781
1.756772
1.757545
1.759141
1.821063
1.849253
1.828100
1.701595
1.805258
2.019664
2.092198
2.139320
2.112000
2.107864
1.962873
2.157873
2.157873
2.281874
2.259938
2.072911
2.049932
2.137028
1.564793
1.465076
1.364630
1.449524
1.465076
1.561303
1.544604
1.821063
1.642467
1.662785
1.609668
1.799492
2.001152
2.212459
2.141165
1.976097
2.255776
1.945011
1.961576
1.945440
2.049000
2.086803
2.066991
2.011034
1.469607
1.469430
1.557319
1.544604
1.658419
1.561303
1.520890
1.520890
1.544604
1.642467
1.663650
1.728349
1.649126
1.713271
1.728924
1.724064
1.734093
1.807201
1.815816
2.004081
1.945078
1.906109
1.965854
2.012637
2.112000
2.017258
2.107864
2.090055
2.097167
1.936250
1.980510
2.108851
1.846185
1.997314
2.176740
2.214133
2.079076
2.235891
1.983676
2.052937
2.047140
1.469607
1.544604
1.562316
1.662785
1.642467
1.729003
1.578720
1.734093
1.722544
1.799492
1.799492
1.806075
1.758173
1.807201
1.893173
1.743079
1.671948
1.793569
1.965854
1.965854
1.933557
1.993082
1.817921
1.984693
2.057487
2.038648
2.157873
1.861251
1.756532
1.972519
2.070091
2.101323
1.869963
1.756859
2.117317
1.875478
1.976872
1.947084
1.896470
1.562316
1.465834
1.653712
1.546878
1.722544
1.646310
1.550245
1.619238
1.531225
1.729003
1.692338
1.692338
1.697325
1.687993
1.684334
1.793569
1.801170
1.945078
2.051694
1.945078
1.901947
1.944629
1.839362
1.911822
1.993082
2.043821
1.960914
2.070091
2.047140
1.465834
1.531225
1.619238
1.544299
1.647603
1.446988
1.731059
1.697325
1.739826
1.886586
1.812420
1.811040
1.933557
1.851988
1.863214
1.729442
1.836208
1.866438
1.742077
1.905013
2.080980
1.547356
1.632998
1.823630
1.759241
1.801170
1.868773
1.722920
1.863214
1.811040
1.725361
1.943050
2.063900
1.830647
1.813815
1.779454
2.040915
1.949973
2.078672
1.872579
1.394197
1.388634
1.442637
1.621535
1.759241
1.793569
1.793569
1.843188
1.763395
1.884272
1.795506
1.816187
1.638820
1.847998
1.928031
1.867045
1.949973
1.890142
1.903170
1.389510
1.451168
1.550245
1.516765
1.759241
1.801170
1.738867
1.772585
1.725361
1.816187
1.682228
1.922944
1.681222
1.960612
1.827333
1.777042
1.888116
1.769673
1.355430
1.512822
1.621982
1.582935
1.632998
1.559569
1.702205
1.767005
1.690671
1.620319
1.601334
1.725361
1.806528
1.818895
1.818581
1.827800
1.732681
1.749016
1.796485
1.793675
1.303593
1.407427
1.517253
1.492409
1.692436
1.723847
1.632998
1.723847
1.692436
1.602833
1.602816
1.602816
1.893315
1.669436
1.616598
1.542101
1.568757
1.711869
1.827800
1.389510
1.384323
1.365801
1.442637
1.578513
1.477834
1.691362
1.691362
1.519003
1.723847
1.763395
1.667006
1.804053
1.709866
1.728212
1.796485
1.770872
1.662267
1.650432
1.317669
1.312517
1.370086
1.370086
1.477834
1.527001
1.586920
1.519003
1.570335
1.629165
1.755786
1.629067
1.662858
1.445805
1.634541
1.552240
1.315123
1.275517
1.355430
1.417708
1.365958
1.316922
1.407427
1.392709
1.577744
1.685183
1.619274
1.580695
1.529220
1.629067
1.659140
1.644350
1.312517
1.312454
1.274497
1.364941
1.441654
1.420425
1.597391
1.613699
1.613699
1.517905
1.282322
1.288311
1.232438
1.282322
1.324699
1.416066
1.324698
1.420531
1.580695
1.530336
1.434356
1.474919
1.375989
1.520951
1.613041
1.445805
1.445805
1.497273
1.282322
1.283134
1.332436
1.405933
1.462050
1.472213
1.501962
1.387735
1.330576
1.365958
1.291603
1.466189
1.338392
1.245785
1.250919
1.250919
1.271081
1.271081
1.333201
1.302167
1.431900
1.385555
1.376969
1.288799
1.358635
1.313696
1.348347
2.110365
2.110365
1.819304
3.502035
2.781349
2.676832
3.335676
2.014513
1.793569
2.397171
2.566193
2.420215
2.853161
2.423686
2.576943
2.700601
2.661273
2.507869
2.397940
2.576943
2.397171
3.366309
3.497355
3.502035
2.953660
2.995046
3.199479
3.132771
1.730582
1.730582
1.786945
1.893810
3.401949
3.453438
3.412452
