10268 1 3
1.820981
2.085317
1.887680
1.978022
1.898365
2.007522
1.857057
1.879497
1.844064
1.758008
2.042355
2.094523
2.032856
1.922235
1.822088
1.960168
1.822088
1.974611
1.862643
1.961176
1.976696
1.748143
1.712635
1.655640
1.796272
1.769627
1.725062
1.655640
1.695379
2.223050
2.280744
2.326848
2.124523
2.029021
2.343906
2.096955
1.770784
1.780340
1.846133
1.822088
1.954218
1.961176
1.748569
1.774929
1.771555
1.954218
1.623688
1.674187
1.757848
1.625285
1.667050
1.642078
1.629836
2.392202
2.384855
2.037556
1.989489
1.975808
2.396254
2.128269
2.000750
2.313662
2.297023
2.096955
2.006374
2.280989
1.824246
2.010900
1.889609
2.123706
2.194265
2.034809
2.027446
1.890720
1.905976
2.023439
2.023439
1.599701
1.767319
1.708009
1.729858
2.250360
2.302099
2.432408
2.335513
2.392166
2.264574
2.250360
2.543987
2.338685
2.188537
2.320603
2.096697
2.262386
2.320603
2.045914
2.194265
1.635135
1.660400
1.566629
2.114428
1.680650
2.037355
1.606282
1.634290
1.599701
1.561688
1.812836
1.905976
1.640504
1.667050
1.757848
2.498893
2.642409
2.653720
2.628283
2.436825
2.365429
2.565414
2.486779
2.591222
2.525511
2.381113
2.252719
1.783082
2.128269
2.219707
2.283313
2.160085
2.229757
2.219707
2.096661
1.989341
1.592516
1.573329
1.515168
1.515168
1.599701
1.634551
1.899816
1.692935
1.634551
1.776208
1.898609
2.625036
2.617229
2.583931
2.653720
2.331932
2.404018
2.451690
2.498893
2.621312
2.335513
2.220579
2.162992
2.067833
2.352274
2.525754
2.083335
2.324518
1.713181
1.726605
2.127552
2.010900
2.173029
1.954218
2.234786
2.316324
1.609599
2.074756
1.919890
1.551480
1.642763
1.634551
1.779945
1.750862
2.437029
2.617229
2.617766
2.641973
2.470653
2.573573
2.470653
2.567770
2.270230
2.525754
2.287427
2.120641
2.331932
2.442462
2.231384
1.821602
2.350968
2.314188
2.173029
1.581346
1.651024
1.554366
1.439621
1.483840
1.540800
1.610566
1.483840
2.065718
2.049193
1.551480
1.590329
1.642665
1.455640
1.553897
1.712920
1.986725
1.833310
2.487350
2.437029
2.658576
2.289075
2.543987
2.500931
2.621312
2.059353
2.719022
2.567770
2.183773
1.974894
2.013906
1.667177
1.900807
2.442462
2.283313
2.431504
2.270148
2.511519
2.234786
2.201715
2.150573
1.465968
1.307599
1.370995
1.389811
1.519207
1.479929
1.920540
1.799131
1.590329
2.720159
2.494844
2.772101
2.792051
2.583444
2.542571
2.624403
2.552321
2.831135
2.813398
2.836577
2.458665
2.609563
2.858652
2.662529
2.821318
2.207332
2.806871
2.423272
2.782024
2.719546
2.264574
2.118918
2.784710
2.617024
2.444602
2.543987
2.602984
2.763498
1.951530
2.610051
2.291077
2.231384
1.574438
2.314188
2.314188
2.314188
2.173029
2.232792
2.281566
2.281566
1.410563
1.312928
1.357351
1.898609
2.170884
1.460041
1.589339
1.736971
1.722717
2.550505
2.550505
2.603216
2.269538
2.429324
2.844437
2.595186
2.415812
2.327552
2.498096
2.531194
2.784625
2.784625
2.831323
2.762784
2.289075
2.557655
2.583931
2.449516
2.486779
2.077356
2.508671
2.513957
2.525511
2.610051
2.449516
2.525511
1.706378
2.446973
1.507212
1.436495
2.205690
2.206843
2.181798
2.449035
1.371667
1.371667
2.049193
1.328510
1.460041
1.590329
1.518866
1.518866
1.629254
1.712920
2.716901
2.628499
2.792051
2.845844
2.820536
2.603216
2.363045
2.788707
2.487229
2.501891
2.711207
2.744550
2.719546
2.234452
2.843900
2.464600
2.607212
2.686161
2.666290
2.762784
2.689661
2.737191
2.449516
2.553498
2.381104
2.395978
2.431504
2.341152
2.341152
1.685878
1.668621
2.337482
1.357235
2.308924
2.204919
2.308924
1.311289
1.357351
1.460041
1.296452
1.313117
1.460041
1.411339
1.780744
1.746090
2.792661
2.978198
2.595773
2.661721
3.013237
2.568025
2.785374
2.933247
2.820536
2.235854
2.202319
3.025924
2.892510
2.998952
3.010419
2.844437
2.191597
2.858652
2.831323
2.307233
2.215886
2.185374
2.943465
2.278211
2.342376
2.865783
2.053532
2.091704
2.655042
1.804029
2.350968
2.501675
2.662348
2.581525
2.560497
2.274235
2.664997
2.555895
2.330606
2.246755
2.465482
2.465482
2.247284
2.194723
1.361830
2.368532
2.190524
2.358185
1.335080
1.320118
1.275743
1.369707
1.495060
2.694254
2.562158
2.891512
2.965394
2.956572
3.000858
2.420622
2.946707
2.319035
2.661721
3.017285
2.625118
3.030738
3.022585
2.246685
2.301084
2.625118
3.022585
2.998952
2.851617
2.655112
2.170448
2.821273
2.531194
2.702627
2.185374
2.724547
2.821273
2.498096
2.900616
2.900832
2.865783
2.823899
2.900616
2.827930
1.886691
1.795849
2.661184
2.619517
2.537289
2.400010
2.504627
2.554242
1.402627
2.274735
2.664997
2.664997
1.405925
2.313244
2.420702
2.291594
2.374902
2.194041
1.347288
2.467144
1.302156
2.359105
2.218019
2.218019
2.245734
1.263315
1.800942
1.744669
1.614079
2.669986
2.708530
2.651391
2.907021
2.948882
2.520002
2.907021
2.615781
2.956572
2.992791
2.438982
3.013237
2.852063
2.825574
2.792030
2.712741
2.777645
2.840553
2.156914
2.671628
2.700736
2.763990
2.106715
2.104312
2.654473
2.695274
2.937242
2.654473
2.761972
2.244277
2.767604
3.056224
2.638234
2.900832
2.900616
2.288595
1.758567
2.729059
2.619517
1.749765
2.501675
2.446973
1.623408
1.576150
1.454581
2.662348
2.647768
2.576026
2.543932
2.642365
2.555895
2.446857
1.444201
1.347288
2.543932
2.315850
2.110724
2.315850
2.155890
1.319752
2.206345
1.259290
1.548461
2.757530
2.627701
2.797664
2.973648
2.939733
2.939733
2.340899
2.697712
2.642557
2.697712
2.176324
3.010192
2.301328
2.230900
3.022585
2.695274
2.858195
2.998952
3.158094
3.114595
2.961158
2.052740
2.961158
2.288595
2.925038
2.900832
2.771356
2.186378
2.785980
1.904509
2.537289
2.593454
2.501675
2.501675
2.724977
2.537289
2.469876
2.382391
2.328563
2.177682
1.302156
2.116526
2.239049
1.302156
2.127165
2.065831
2.245734
1.474938
2.902240
3.097294
3.072595
2.256326
2.831244
2.290569
2.615781
2.744366
3.004532
2.751634
3.013237
2.949095
2.720055
2.844059
3.170138
3.022585
3.044045
2.808634
3.044045
3.156560
2.858195
2.893762
3.114595
2.943465
2.961158
2.808605
2.088041
2.724546
2.232873
3.056224
2.232873
2.355825
2.355825
2.819370
2.881110
2.411347
2.615970
2.976594
2.976594
2.373227
2.316105
1.896234
2.895801
2.819370
2.661184
2.604924
2.662348
2.268163
2.259047
2.764702
1.444201
1.456605
2.642365
1.365372
2.224063
2.116747
2.190524
2.239049
1.323231
1.321775
1.355009
1.285528
1.640793
2.216879
2.734407
2.663364
2.826507
2.720720
2.865408
2.979825
3.058694
3.055852
3.055852
2.460300
3.082500
3.058694
2.749930
3.065896
3.096352
2.865874
2.865874
3.170138
3.331917
2.831641
2.858195
2.050672
3.010419
2.937242
2.953138
2.998952
2.088041
2.050672
2.097830
2.232873
3.056224
3.056224
2.967113
2.667944
2.785980
2.450325
2.934082
2.895801
2.827930
2.841564
2.669675
1.784458
2.764702
2.757310
2.171542
1.321300
1.395573
2.153988
2.357459
2.197951
2.197951
2.197951
1.309087
1.309087
2.311230
2.230878
2.282233
1.272092
2.221257
2.213932
2.985853
2.669751
2.586094
3.140845
2.927009
2.749930
3.058099
3.001164
3.160048
2.812839
3.332939
3.170138
3.147635
3.103868
3.170138
3.179475
2.812839
2.808634
2.113621
2.082355
3.039979
2.711207
2.808634
3.044045
2.918555
3.155296
3.155296
2.895804
3.158094
2.713563
2.475260
3.117680
3.114595
2.475260
1.955933
3.281431
3.114595
2.349629
2.808605
2.043645
1.914755
2.331641
2.097830
2.973719
2.271827
2.331641
2.404878
2.225215
2.355825
3.030653
1.737994
2.831625
2.183996
2.092922
2.320194
2.764702
2.195298
2.320194
1.414423
2.533432
2.407652
2.533432
2.255662
1.231282
2.268616
1.355009
2.206596
2.909055
2.665471
2.616907
2.985853
3.052236
2.990314
2.700418
2.555005
2.775961
3.128965
2.979825
3.069309
3.167014
2.685313
3.252598
3.250965
3.053910
2.900787
2.749930
3.297641
2.971545
2.808634
3.170138
3.310413
2.493635
3.083223
3.168448
2.082355
3.310413
2.026505
2.967301
3.155296
3.117680
2.881110
3.056224
3.271456
3.216135
2.006602
1.877223
3.055818
1.950565
1.841623
2.119537
3.055818
2.694944
2.349629
2.934082
2.965065
3.048929
2.316105
1.906772
3.111170
2.934082
2.976594
2.508828
2.651523
1.753125
1.557825
2.861740
2.115782
2.726483
2.281862
2.208538
2.132742
1.500425
2.208538
1.366167
2.350557
2.505250
1.898012
1.365372
1.298327
1.780134
2.640914
2.684663
2.887134
3.128965
2.645668
2.589665
3.125747
2.741695
3.195758
3.194203
3.260997
3.082500
2.456090
3.140845
3.121383
3.096352
3.228661
2.453679
2.311292
3.304254
3.237285
2.713563
2.510292
3.083223
3.306835
3.051409
3.279151
3.281431
3.322829
3.423757
3.279151
2.490248
3.279151
3.281431
3.281431
3.215463
2.164028
2.404878
2.457953
3.155759
2.043645
2.043645
3.216135
2.998458
3.111170
3.048929
2.358761
3.022757
2.790756
2.988695
2.942486
2.648414
2.840164
2.757310
2.498503
2.281862
2.609117
2.132742
2.578850
2.229732
2.225688
1.387895
1.319697
2.115445
2.319539
2.319539
1.388720
1.582140
2.180940
3.070152
3.070152
2.952569
2.698987
2.698987
2.809401
3.059094
2.997254
3.348228
2.375935
3.089464
3.136457
3.136457
2.779725
2.779725
3.134827
2.900287
3.252492
2.939336
2.900787
3.022396
3.260997
2.977824
2.352349
3.060055
3.281555
2.812839
3.460166
3.331917
3.237285
2.632202
2.727943
2.641546
2.087116
3.044045
3.237285
2.895804
3.237285
2.141902
3.009617
3.271423
2.790001
3.070204
2.404516
1.980401
1.999004
2.358761
3.279151
3.216135
2.207362
3.051409
2.404878
2.973719
2.753380
3.166852
3.022757
2.867978
2.935044
2.897547
2.805270
2.553416
2.988695
3.022131
2.942486
1.617346
2.942486
2.135737
2.187604
2.924313
3.041639
2.175631
2.021177
2.498503
2.635103
2.757048
1.440454
2.410809
2.208538
1.440454
1.366167
2.438663
1.417737
2.465210
2.284689
1.281566
2.273325
2.221026
1.538135
2.358613
2.218660
2.917999
3.065037
2.765045
2.933108
3.083031
3.054503
3.045145
2.646392
2.952569
2.997254
3.151238
3.186036
3.234183
3.167014
2.900287
3.234183
3.231877
3.024901
3.139017
3.386404
3.231877
3.293314
2.232085
3.129733
3.121749
3.306835
3.258825
3.306835
2.727943
3.009617
3.159963
3.039979
2.034812
3.051409
3.465619
3.253903
3.367795
2.774332
3.109208
3.346246
2.236054
3.367972
3.242837
3.194829
1.887750
2.187604
3.242837
3.095994
2.935044
2.651523
1.810976
1.921298
2.830814
2.942486
2.974159
2.916218
2.489656
1.569656
1.513124
2.840164
2.572747
1.677818
2.757048
2.953483
2.579692
2.840164
2.048342
2.113755
2.273032
2.329901
2.320775
1.319697
1.343661
2.179718
1.343661
1.463271
2.040815
2.182623
2.925778
2.922198
2.933706
3.043395
3.121183
3.104442
2.929308
2.729506
3.189785
3.300175
3.329891
3.187087
3.097610
2.438701
2.541124
2.741695
3.461472
3.579620
3.386404
2.743834
3.051932
3.051932
2.900787
3.420017
3.304254
2.864787
3.111344
3.467878
3.433268
2.864787
2.974097
3.453028
2.919168
3.056893
2.625344
3.039979
3.331917
3.396198
3.237285
3.310413
3.434561
3.427241
3.423757
2.388388
2.356123
3.346246
3.271636
2.748729
1.965033
3.111170
3.242837
2.988695
3.102253
2.713973
2.954829
3.015928
2.667692
2.653211
2.567669
3.062989
3.062989
2.705377
2.805270
1.708063
2.950865
2.187604
2.161907
2.924313
2.025229
1.545051
1.474702
2.032942
2.694684
2.132742
2.197847
1.385534
1.385534
2.132332
1.584443
2.386406
2.565565
1.276551
1.699852
1.727220
2.414043
2.908193
2.679788
2.751890
2.758248
2.729506
2.999189
3.094477
3.358735
3.244799
2.785515
2.700418
3.059094
3.112579
3.386404
3.300175
2.852431
3.453028
3.453116
3.051932
2.835675
2.900787
3.450992
3.453116
2.390776
2.453679
2.417450
3.482696
3.406745
2.962153
3.197172
3.197172
3.396198
3.453028
3.396198
3.111344
3.433268
3.396198
2.523525
3.259570
3.433268
3.009617
2.486367
3.423757
2.067113
3.384743
3.357987
3.367795
3.357987
3.516053
2.856323
2.421470
3.446654
2.611537
3.271636
2.841564
2.268326
2.667692
2.822275
3.102253
2.928209
3.083523
2.356811
2.505561
3.090644
2.424440
2.169440
2.953483
2.065567
2.809806
1.489500
2.723743
2.438663
2.319234
2.433524
1.352295
2.325795
2.482763
1.664397
1.404700
1.663906
2.226844
2.386406
2.297759
2.352710
2.770962
3.071624
3.237304
3.268203
3.409214
3.094477
3.224699
3.409214
3.496346
3.335768
3.376678
2.976528
3.709683
3.410852
2.852431
2.859065
3.152084
2.939336
3.278336
3.622900
2.645347
2.251782
2.050320
3.259570
3.197172
3.434561
2.517945
3.159963
3.159963
3.548117
3.423757
2.951726
2.905998
3.069430
3.423757
2.517945
3.548117
3.367795
3.212743
2.888132
2.945512
2.316987
2.299466
3.295963
3.446654
3.025654
2.965065
2.567669
2.694634
3.015928
3.063837
3.189010
3.131677
2.822275
2.883921
2.584264
1.871044
3.166852
3.083523
2.473640
2.630376
2.746477
3.041639
3.041639
3.179481
3.057065
2.809806
3.004957
2.847010
1.466000
1.429766
2.809806
2.421725
2.085940
2.793543
2.766579
2.482763
2.032942
2.469545
2.358290
1.409859
1.670676
1.315275
2.041582
2.311229
1.951448
2.273325
2.369478
2.236877
2.289774
2.452509
2.854540
2.795327
2.904145
2.728401
2.681978
2.972077
3.082603
2.881302
2.881302
2.961574
2.456090
3.432068
3.224699
3.300175
2.961574
3.564759
2.939336
2.855855
2.979728
3.087822
2.939336
3.349788
2.453679
3.450992
3.405135
2.453679
3.111344
3.218275
3.598879
3.433268
2.757906
2.600427
2.106419
2.050320
3.235842
3.015663
2.021335
2.001961
3.367972
2.911657
2.859836
3.523329
3.024350
2.888132
3.423476
2.982508
1.878841
1.921298
3.166852
2.224798
2.110353
1.778278
3.087705
2.171973
2.976832
2.825100
2.958554
2.491382
2.498503
2.746495
2.352848
2.099146
2.333920
2.537514
2.291543
2.197847
2.118053
2.091906
1.373436
2.263944
1.636152
1.397568
1.781827
1.716036
1.787564
2.469545
1.499107
1.722866
1.320965
1.361837
2.253288
2.490638
3.116297
2.933706
3.235077
3.189785
2.586589
2.711712
2.759636
3.214845
2.866708
3.224699
3.060074
2.946331
2.496692
2.939336
3.564759
3.512174
3.461261
2.519488
3.659042
3.634363
3.422632
2.747802
2.966701
3.656970
2.542917
2.501716
2.585425
2.545258
3.633793
3.633793
3.597910
2.585425
2.539701
2.757906
3.235842
3.104899
3.572402
3.560025
3.598879
3.548117
3.541134
3.548117
3.523329
2.856323
3.523329
2.749022
2.856323
3.502886
1.900783
3.025654
3.446654
3.423476
3.435767
3.061760
2.582688
3.423476
3.199671
3.316379
2.818923
2.825100
1.626550
2.652352
2.805270
2.491382
2.570946
1.571524
2.575415
2.922136
2.453382
1.811983
2.011681
2.469545
2.121954
1.785020
1.906975
2.399453
2.358290
2.010059
1.397568
1.448971
1.859647
1.859647
2.565565
1.844620
2.308145
2.524570
1.732845
1.424552
1.383283
1.404589
2.199407
2.260811
2.498397
2.297765
2.888923
2.905974
2.866859
2.822867
2.726949
3.064806
3.229228
3.361485
2.892212
3.113814
2.759164
2.821757
3.358735
3.432068
3.358735
3.390264
2.821754
3.461261
3.398230
2.615789
2.495549
3.315308
3.315308
2.931704
3.189667
3.259117
3.346980
3.225117
3.225117
3.121325
2.501716
2.555423
2.699300
3.189667
3.667184
3.057616
3.444437
3.349622
3.220123
2.752805
3.278336
3.628931
3.650923
3.788110
3.267820
3.104899
3.750636
3.560025
3.159126
2.021335
2.051050
2.467873
2.863933
2.360549
3.663475
3.663475
2.696675
2.749022
2.863933
3.523329
3.212743
2.014652
2.804256
2.582688
3.435767
3.252344
2.694634
1.932657
1.974083
3.342619
3.271636
3.261782
3.452242
3.316379
2.531713
1.832461
3.439356
3.240705
3.061760
2.531713
2.531713
3.214525
3.263309
3.289804
3.038399
2.976832
3.214525
2.898508
3.125684
2.986317
3.057065
2.416040
2.491382
2.060992
1.568824
2.416040
2.800212
3.098513
2.922136
2.395921
2.574955
2.263944
2.035888
2.624322
2.007519
2.291065
2.249086
1.939121
1.894399
2.047059
1.966314
2.067257
2.358290
1.444845
1.383283
2.143602
2.184649
2.220613
2.304835
2.405169
2.282874
2.297765
2.913240
3.065760
2.926285
2.911773
2.969392
3.072265
3.071624
2.899349
2.819314
3.286431
3.313868
3.235077
2.560781
2.712483
3.618152
2.915134
3.027050
3.089205
3.087822
3.618152
2.855855
3.351643
3.351643
3.692330
3.579620
3.564759
3.128402
3.579620
3.512174
3.656970
3.606923
2.715821
2.539701
3.712960
3.712099
2.702976
3.349622
3.204066
3.346980
3.813375
2.611717
2.736134
3.204066
2.558994
2.481874
3.372687
3.660346
3.595563
3.343394
2.481874
3.502886
3.621893
3.077250
2.582688
3.576507
3.435767
3.581049
2.650690
1.682499
3.468483
3.132743
2.898508
3.199671
3.062989
2.913022
2.998947
3.129753
3.332355
1.639535
2.817298
2.580203
3.199671
3.057065
3.125684
2.884952
2.159251
2.002915
2.117251
2.332496
2.563067
2.711437
2.537998
1.466000
2.528932
2.457779
2.192055
2.391286
2.391286
1.919831
2.524570
2.524570
1.372789
1.425220
1.952931
2.165160
2.142588
2.169054
2.113453
2.192055
2.145352
1.397568
1.456085
1.417637
1.534815
2.351140
2.981352
2.797808
2.844771
2.819690
2.891710
2.694139
2.658864
2.640278
2.640278
2.768590
2.768590
2.895881
2.794392
2.795327
3.005525
2.858664
2.692261
3.305173
3.723063
2.821674
2.832524
3.113002
3.026273
3.089205
3.478723
3.358735
3.540859
3.313868
2.526978
3.432068
3.512174
3.432068
3.692330
3.087822
3.679801
3.692330
3.432423
2.672057
3.765444
3.839203
3.677636
3.409427
2.672057
2.699300
3.817320
2.618148
2.462978
2.500052
3.712960
2.736134
3.520678
3.650923
3.709785
3.627447
3.750636
3.464633
3.257539
2.911657
2.952384
2.415680
2.467873
3.621893
2.814705
2.867500
3.581049
3.339593
3.581049
3.576507
3.217123
3.175137
2.165823
3.098513
3.332355
2.826992
2.589626
2.450906
2.301797
2.749189
2.928221
2.928221
2.853793
2.450906
2.301797
2.242280
2.113774
2.301797
2.102422
2.193099
2.241772
2.127442
2.291065
2.249086
2.047059
2.624322
1.479517
1.885278
1.804768
2.602270
1.973191
2.344547
2.067257
2.252564
1.404589
2.032055
2.079375
2.698550
2.590093
1.480453
1.461217
2.199407
2.286935
2.689628
2.398162
2.343300
2.430104
2.755168
3.060669
3.247167
3.249988
3.060669
2.887651
3.401242
3.279531
3.318408
3.178938
3.064806
3.325792
3.362396
2.892212
3.361485
2.518002
3.039402
2.976528
3.573804
3.072551
2.952972
3.556688
3.155561
3.000427
3.000427
3.218046
2.961574
3.326077
3.308908
3.225248
3.609154
3.618152
3.837724
2.833270
2.598759
3.208068
3.429813
2.714159
3.351643
3.346980
3.326077
2.715821
2.715821
3.712099
2.672057
2.699300
2.199615
3.787006
3.622900
2.630166
3.735899
3.220609
2.558994
2.535595
2.030676
2.736134
3.788110
3.694950
3.464633
3.822071
3.752764
3.707474
2.744517
2.922744
3.509508
3.414800
3.343394
1.831867
1.938499
3.621893
3.663475
3.708679
2.320696
3.602901
3.340440
2.118933
2.165823
3.394109
3.086480
3.086480
1.712772
3.125684
1.513619
2.756523
2.749189
2.894168
2.636050
2.071907
2.121471
2.063146
2.130188
2.188582
2.084739
2.241772
2.172077
2.483351
1.885278
2.089240
1.949789
2.391286
2.099732
1.756424
1.821978
1.884750
1.972068
1.456085
1.842239
1.781957
1.781957
1.973620
2.457983
2.590093
2.682118
1.567588
2.159480
2.097094
2.705209
2.640278
3.429772
3.407176
2.987115
2.987115
3.595320
3.222344
3.216122
3.445217
3.362553
3.235631
2.962888
3.178938
3.178938
3.014431
2.924328
3.178938
3.435285
3.472652
3.478723
3.023579
3.478723
3.787804
3.719182
3.913748
3.791503
2.931704
3.992111
3.822792
3.820749
2.534889
2.575726
3.658756
3.822792
2.617018
2.639503
3.135493
3.259117
3.415038
3.273659
3.415038
2.624258
3.288331
3.757477
2.624258
3.056931
3.916849
3.909825
2.769149
3.602811
1.961383
2.736134
3.750636
3.750636
3.025112
3.146151
2.963979
3.025112
3.745307
3.799022
3.429781
2.696675
2.265303
2.405831
3.708679
3.601966
3.599033
3.576780
3.370570
2.913022
3.473775
3.222928
2.792400
2.730800
1.988887
3.007675
3.078082
2.547937
2.894168
2.242696
2.069167
2.047438
2.698409
2.537998
2.547937
2.242696
2.185182
2.159251
1.440888
1.487374
2.033633
1.952931
2.145352
1.402378
1.756424
1.804768
2.034750
2.300862
2.482052
2.887074
3.014154
3.065760
2.712902
2.915242
2.821217
3.515416
3.061010
3.235631
3.293041
3.602459
3.435285
3.378837
2.724819
3.234123
2.901200
2.888436
3.022908
2.892212
2.528871
2.943481
3.072551
3.434098
3.523782
3.089205
3.768547
3.471635
3.884979
3.838045
4.013619
2.779351
2.462978
3.838045
3.885621
3.916849
3.972261
3.817320
3.618672
3.602811
3.878087
3.846586
2.829403
3.711409
2.736134
2.769149
2.829403
2.690903
3.788110
2.017751
3.846548
3.735899
3.025112
3.663414
2.922744
2.467458
1.926935
3.660346
3.707474
3.799022
3.708679
3.663475
1.852954
3.719381
3.708679
2.237193
3.607279
3.483611
3.468483
3.074233
2.998947
3.253218
2.973028
2.849651
3.098513
2.880847
1.617153
2.236915
2.792593
2.917494
2.488365
2.650515
2.589626
2.723826
2.236915
2.488365
2.445278
2.537206
2.605945
2.605945
2.242696
2.488365
2.002915
1.513619
2.283171
2.255594
2.041094
2.301660
1.929181
2.056913
2.331820
2.698550
1.832888
1.929181
1.824164
2.183197
2.687823
2.380743
1.735530
1.788686
1.653625
2.682118
1.722334
2.297339
2.511228
2.425562
2.430103
2.927356
3.014154
2.987115
3.548671
2.857517
3.407176
3.526920
2.767673
2.987115
3.235631
3.429772
3.595320
3.162710
3.201482
3.235631
2.924328
2.821217
2.821217
3.742253
3.296315
3.106528
3.022908
3.039402
3.022908
3.039402
3.072551
3.573804
3.541561
2.512222
3.132544
3.132544
3.273659
3.218046
2.833270
2.891689
3.719182
3.352503
2.891689
3.415038
3.369748
4.136321
3.273659
3.415038
3.415038
2.664838
4.007842
3.885621
4.053643
3.169513
3.303577
3.429813
3.837724
2.664838
2.599573
2.769531
2.720891
3.878087
2.730457
3.896553
3.932407
3.876584
3.509508
2.963979
3.663414
3.822071
3.876584
2.987174
1.834620
3.597066
3.868312
3.939809
3.799022
2.265303
1.834620
1.911926
3.429781
3.356121
3.799022
3.708679
3.836816
3.495562
3.601966
2.988524
3.597392
3.439680
3.417103
3.230907
2.886516
2.097980
2.937853
3.054296
2.053241
1.520383
1.581300
2.670194
2.810738
2.810738
2.967667
3.078082
2.159251
3.182015
3.054296
2.605945
2.792400
1.919489
1.988887
2.368355
2.331753
2.787178
2.368355
2.331753
2.331753
2.112286
2.242696
2.455049
2.033633
2.698550
2.093842
2.056913
1.456434
2.406805
2.825246
2.755391
2.145352
1.824164
2.345991
2.406805
1.483441
1.456898
1.662093
1.924674
2.566740
2.531167
2.519275
2.868832
2.733839
3.068433
2.655692
2.662259
2.756996
3.192545
3.160906
2.712902
2.813656
2.857517
3.228480
3.434914
3.268341
3.188191
3.268341
3.235631
3.162710
3.407176
2.784406
3.721290
3.282692
2.989806
2.974119
3.136989
3.655654
3.670372
3.586564
3.136989
3.201654
3.132544
3.352281
3.730933
3.352281
3.706862
3.958664
3.719182
3.655654
3.768547
4.021522
3.913748
3.515465
3.790411
3.978082
4.057633
3.838045
3.958208
4.160930
3.973466
3.888476
3.272569
3.275872
2.577360
3.467637
2.687339
3.415038
3.838045
2.618717
3.885621
3.972261
3.988074
2.769149
3.972261
2.618717
3.909825
2.829403
2.829403
3.737405
2.526983
2.963979
2.443407
3.982387
2.349013
2.810107
2.810107
3.982387
3.450194
3.429781
2.314734
3.429211
3.728584
3.042230
2.053241
2.087995
3.473775
3.153943
3.593038
3.120475
3.139369
3.024836
3.182015
3.120475
3.120475
3.078082
2.337376
2.488365
2.242696
2.033633
2.147734
2.119644
1.913398
2.114823
1.508925
1.457062
1.808142
1.997707
1.768639
2.752729
1.461782
1.456434
2.682118
1.870318
2.868832
2.901326
2.999337
2.687536
3.510251
3.389354
3.602459
3.492403
3.268341
3.850599
3.378837
3.602459
3.705386
3.425447
2.616340
2.854745
3.463053
3.463053
2.954608
3.639370
3.518973
2.611409
2.576320
3.106528
3.608785
3.729223
2.883477
3.250636
2.813652
3.352503
3.355651
3.408352
3.296807
3.467637
4.108153
3.855571
3.919061
3.467637
2.734599
4.012502
3.132630
2.120229
2.798047
3.958208
3.958208
4.150464
3.957158
3.488657
2.814505
2.798047
2.720891
3.997406
3.690335
3.659111
3.115030
3.169513
2.879377
2.879377
4.012502
2.879377
3.932407
3.932407
3.694950
3.115030
4.128577
3.991950
3.689179
4.028351
3.556840
3.948076
3.607422
3.690639
3.867055
3.727732
3.356400
2.174729
3.742729
3.561234
3.544515
3.171806
3.171806
3.246732
2.937853
2.444504
3.054296
2.978855
2.337376
1.893517
2.158192
2.033633
2.285008
2.207396
1.570626
3.117641
2.331820
2.366256
1.912571
2.878526
2.770428
2.366256
2.245939
1.417152
2.126330
1.824164
2.227143
2.250391
2.760113
2.840333
2.696779
3.149017
2.741144
2.753294
2.900565
2.956830
3.032575
2.861385
3.525875
2.881432
2.881432
3.102218
3.377778
2.956830
3.047585
2.959959
3.034390
2.852323
3.425447
3.723063
2.951773
3.809157
3.639370
3.225125
3.717781
3.349139
3.349139
3.225125
3.639370
3.809157
3.225125
2.701741
3.352503
3.352503
3.416354
3.467637
3.855571
2.546780
3.786792
3.698067
2.648987
2.675786
2.419662
2.126738
2.897128
3.450389
3.997406
2.675786
2.814505
3.991950
4.032920
3.869568
2.893979
3.038954
2.893979
3.857686
3.789918
2.810107
3.982387
3.948076
3.744962
3.982387
1.875705
3.907509
3.450194
3.836816
2.009853
1.701866
3.727732
3.742729
3.739956
3.593038
3.696056
3.684825
3.622786
3.727732
3.333272
1.952920
2.993290
2.978855
2.444504
2.444504
2.350185
3.139369
1.948912
1.971389
2.047438
2.114823
2.035088
1.940711
1.417152
1.466267
2.235279
2.227143
2.177956
2.738704
2.670026
2.726875
3.121598
3.240143
3.407845
3.448884
3.174469
3.364234
2.829539
3.318845
3.510251
3.424559
3.064054
3.474499
2.956830
3.724216
3.867035
2.807302
3.107870
3.576647
2.671854
3.034390
3.803196
3.705386
3.282692
3.425447
3.188191
3.006035
3.006035
2.919584
3.244784
2.548740
3.271358
3.136989
4.057877
3.954926
3.482558
3.390717
2.919584
3.455415
3.427406
3.408556
3.958208
2.734599
2.734599
4.281059
2.734599
3.599823
3.301344
2.407654
2.734599
4.150464
4.273677
3.957158
2.805138
2.879377
3.907509
3.907509
2.174729
2.208019
3.836816
3.836816
3.727732
3.138925
3.742729
2.522581
3.410319
3.333272
3.281782
2.190356
2.894836
2.654969
2.745269
1.438677
2.207396
2.748910
2.444504
2.592590
2.207396
3.117641
3.220706
2.445166
2.454748
1.468463
1.495538
2.958200
1.983771
1.870048
2.950013
1.997707
2.212457
1.466267
1.697169
2.153555
2.053389
2.102475
1.548894
1.521531
1.803509
2.681865
2.784837
2.650564
3.068433
2.941520
3.121598
3.218899
3.266040
3.172611
3.223833
3.414951
3.133184
3.037088
3.219942
2.567242
3.705386
3.567824
3.451946
3.268341
3.299726
3.072073
3.094545
3.954926
3.834059
3.390717
3.639370
3.974165
3.526735
2.918761
2.822953
3.225125
3.728346
3.466538
3.466538
3.280238
3.405008
3.947164
2.835504
2.813652
2.648088
2.816688
2.816688
4.132554
3.038954
3.011563
2.506352
3.076137
2.568380
2.096813
3.884956
2.915402
2.414613
3.689179
3.530141
1.812371
3.801409
3.712031
2.009853
3.495838
3.188658
2.552798
2.522581
2.552798
1.608297
2.999307
3.036549
2.444504
2.442371
1.516029
2.846118
2.926114
2.213831
2.350185
2.695000
1.463437
3.220706
2.083242
1.859922
2.114823
2.366256
1.997707
2.950013
2.119644
2.403560
1.970367
1.942610
1.870048
1.870048
2.212457
1.445383
2.378240
2.380369
2.617140
3.373357
3.431260
2.704094
3.299726
3.316177
3.099885
2.929788
3.004424
3.299726
3.299726
3.034390
3.148463
3.271358
3.224215
3.717781
3.717781
3.244784
3.354842
3.106528
3.136989
3.408556
3.728346
3.893474
3.463895
3.947164
3.352503
3.569892
3.888476
3.788891
3.536993
3.577639
3.203417
3.325922
3.786792
3.824307
3.478856
2.743398
4.136321
3.915859
2.552918
2.835329
3.915859
2.915402
2.814505
4.273677
3.160466
3.076137
2.976984
2.805138
2.893450
4.111524
3.884956
3.852103
3.884956
2.264341
3.884956
2.893450
2.349013
2.238781
3.604657
1.681973
1.794849
2.617966
3.656479
3.499276
2.442371
3.494506
3.446585
2.898788
3.190125
3.404469
2.442371
3.024775
2.783600
2.190356
2.213831
2.089097
2.239566
2.586499
1.983771
3.117641
1.754852
1.431975
1.696502
1.970367
1.425365
2.340169
1.461782
2.612339
2.415272
2.782145
3.007903
2.601244
2.745420
3.125566
3.172611
3.425584
3.494402
3.226785
3.625137
3.367898
2.807302
2.876310
3.590366
2.937477
3.705386
3.219942
3.219942
3.570796
3.945688
3.803196
3.945688
3.903979
3.575829
2.989806
2.913236
3.451946
3.575829
3.919572
3.826858
3.367898
3.717781
3.850599
3.953255
3.806143
3.766667
3.608785
4.057877
3.897103
3.390717
3.455711
3.433461
3.625440
3.463895
2.393995
2.586472
3.433461
2.718765
2.704881
2.709708
2.734599
2.742724
3.038954
2.236306
3.195568
3.322803
3.100541
2.897128
4.229126
2.414613
1.998394
3.843104
2.915402
2.893450
3.967398
3.805741
3.604657
2.127442
2.617966
2.617966
2.512834
2.682504
1.983046
1.914178
3.781505
2.442371
3.404469
3.458062
1.579199
3.134643
3.114639
1.851013
2.821307
1.913802
2.156594
1.493402
2.545089
1.833797
2.059880
2.048162
1.911721
2.403560
3.026696
2.240047
2.327433
2.348432
1.854676
1.386979
1.386979
1.424773
1.789548
2.834146
1.863444
1.860314
2.643521
2.698274
2.656677
2.762774
2.762774
3.092129
2.682569
2.703807
3.112643
3.222831
3.494883
3.084442
3.218899
3.358958
3.508989
3.343263
3.121522
2.596074
3.964257
3.148463
3.271358
3.576647
2.941702
4.034628
4.112075
3.964257
3.304247
4.104501
4.098172
3.529194
3.374134
3.609538
3.235280
2.746985
3.631674
3.724053
2.574773
2.407654
2.552733
2.384033
2.448853
2.639245
2.656520
2.835329
2.384033
2.911828
2.835329
4.356943
2.815754
3.884956
3.999716
3.950434
2.893450
3.682528
1.776025
2.084939
1.642333
2.710524
2.682504
2.578024
1.546025
3.871163
3.656479
3.070633
2.902470
1.851604
3.656479
3.553049
2.360726
1.913802
2.714383
2.188691
1.436027
3.341890
2.695000
2.001980
2.491866
2.491866
2.348432
1.911721
3.026696
3.220706
1.431975
2.866583
1.911721
1.667208
1.789055
1.851652
2.677951
2.593537
1.923211
2.752729
2.681049
2.686593
2.529527
2.287529
2.628936
2.582681
2.810092
3.054619
2.854630
2.665426
2.727343
3.309667
3.277190
3.471155
2.896431
2.751213
3.854690
3.611455
3.226785
2.975140
2.896431
2.818236
3.625137
3.650331
3.848884
3.848884
3.511952
3.474499
2.959959
3.094545
3.027267
3.996470
2.913236
3.553977
3.355836
3.854690
3.354842
4.112075
3.327207
3.327207
3.595581
4.036274
3.363872
3.466538
3.595581
4.298341
4.236087
3.479904
3.631674
2.632483
2.763630
2.362738
4.367634
3.076137
2.236306
2.639245
3.207195
3.337747
2.236306
2.208462
2.891512
2.892537
3.884956
2.414613
2.993761
3.999716
2.148455
3.668229
3.567167
3.741821
3.586391
2.924898
2.360726
3.114639
2.731490
1.993962
2.100501
1.869789
1.416823
2.083242
1.869368
1.863678
1.952090
1.418785
2.834146
2.072513
1.461683
1.498662
2.401365
2.419655
3.007903
2.992097
3.103433
2.709043
3.036782
2.902724
3.444224
3.508989
3.669929
3.494402
3.452973
3.611455
3.042537
2.963775
3.996470
3.848884
3.629788
3.518676
2.561697
3.283110
4.112075
3.403095
3.454268
3.471367
4.211769
3.327207
2.591422
4.192956
2.634021
2.791180
2.447231
2.226337
4.227092
2.719999
2.743398
2.763630
3.624680
3.227345
2.720504
3.332767
2.738631
2.792344
2.639245
3.337747
2.235983
2.363703
2.830144
2.738631
2.363703
2.353161
2.503195
2.291255
2.830144
2.892537
2.975195
2.892537
1.611200
1.700628
3.096710
3.188658
1.851604
3.647469
2.902470
2.442371
2.366839
2.522897
1.799873
3.404469
2.824910
2.188691
2.175478
3.134643
3.114639
2.607038
2.714383
2.111645
2.029927
2.140344
2.059880
2.033262
1.394528
2.521423
2.491866
2.607038
1.799339
1.872341
1.355871
1.394528
1.355871
1.799339
2.163130
1.782277
2.903162
2.935282
1.667208
1.782277
1.967879
1.830998
2.368280
2.409365
2.694934
2.648822
2.824863
2.931338
3.122692
2.772251
3.309667
3.235060
2.775421
3.328881
3.471155
3.084442
2.948195
3.508989
3.249933
2.914640
2.650252
3.596337
3.669929
3.625137
3.879655
3.884066
3.887689
4.012663
3.887689
3.817911
3.817911
3.224215
3.503764
3.954710
3.617048
2.536911
3.355836
3.354722
2.546491
3.420146
4.112075
4.211769
3.471367
3.455711
4.271660
4.106791
2.822953
3.504229
3.403095
2.844398
2.552047
3.595581
4.263874
2.671942
3.227345
3.355851
2.108956
2.166080
2.597055
3.478856
2.460831
2.103221
3.343384
3.478437
2.460831
2.502688
2.871227
2.448853
2.448853
2.639245
2.353161
2.685529
2.649970
2.018699
2.848430
2.861506
2.954771
2.917656
3.866301
2.180411
3.894843
2.773177
2.861506
3.816597
2.710524
1.524351
3.843104
2.578024
2.710524
2.109999
3.722308
2.408151
2.451335
2.714383
1.812241
3.341890
3.190125
3.190125
2.111645
1.457898
1.501881
2.008831
2.140344
2.607038
3.150736
1.913915
2.348432
3.308896
3.298835
2.330383
1.799339
1.390482
1.543517
1.789055
1.754449
1.851193
2.903162
2.710642
2.633370
2.516455
2.737927
3.211158
3.025940
3.145331
3.338339
3.344652
2.596074
2.751339
2.912992
2.868211
2.533054
2.813705
3.518710
2.896431
3.023111
3.625137
3.452973
3.466433
3.466433
3.418258
3.091794
2.907421
3.518676
2.963775
3.388863
3.249933
3.484259
3.437876
2.948045
2.941702
4.183041
3.563191
2.674265
4.249687
4.078994
2.495027
3.327207
3.595581
3.504229
3.595581
4.249687
3.349974
3.363872
2.597429
2.750102
2.069258
4.356943
2.956045
2.785592
2.792344
2.685529
2.312348
2.088808
2.208462
2.430395
2.166315
2.629808
2.640866
3.871988
2.596020
2.640866
2.578024
2.008640
3.096710
2.967649
2.994176
3.012336
2.418311
2.531147
3.119967
3.096710
2.994176
2.308291
3.388649
2.253776
2.709829
2.614872
1.409340
2.182095
2.182095
3.044909
3.141905
1.858627
1.432351
2.521423
1.869368
1.914163
2.438429
1.730216
1.354995
1.844358
1.952090
3.094241
2.359673
1.799339
2.262650
1.370710
3.107742
3.107742
1.750098
1.721522
1.721522
1.844144
1.895241
1.844144
2.948826
2.689543
2.881742
2.830674
2.935892
2.727343
3.222043
2.745726
2.682569
3.322996
3.293399
3.331769
3.001977
2.596408
2.694625
3.568590
3.093677
3.047584
3.518811
2.640427
2.593160
3.518811
3.689473
3.685600
3.685600
3.352488
3.249933
2.893326
2.537594
3.895219
3.711622
3.466433
3.146648
3.146648
3.888376
3.414410
3.414410
4.016786
4.022922
3.390091
2.910730
4.116855
4.048011
4.249687
4.169230
3.431620
3.494263
2.630019
4.249687
2.747192
2.763630
2.734077
4.249687
4.354226
4.358819
4.356943
3.355851
3.343384
2.187667
2.069258
2.191246
2.208462
2.577065
2.430395
2.430395
2.685529
2.301467
2.531736
2.671160
2.531736
3.010937
2.198520
1.828053
2.761131
2.812297
2.725207
2.773177
2.148455
3.950434
1.562693
1.918147
2.994176
3.615875
2.731490
2.787669
3.458062
2.070890
2.257532
2.731490
2.194209
3.341890
3.064642
3.150736
3.150736
1.994919
1.994919
2.194209
2.008831
1.869789
1.860102
1.825116
2.444404
1.419799
1.391645
1.915005
1.688181
2.788015
2.486327
2.425501
2.486327
2.486327
2.560335
2.723020
2.692406
2.881742
3.193076
3.261933
3.222043
3.190810
3.406967
3.358958
3.518710
3.322996
3.444348
2.775421
2.813705
3.763345
3.604692
2.478193
3.568590
3.737443
3.908976
3.085865
3.222560
4.045442
3.600334
3.315733
3.555086
4.016786
2.807910
4.124637
3.437876
3.344415
2.747192
4.267657
3.484620
3.471367
3.363872
3.344415
2.460831
2.609031
2.865880
2.791180
2.608801
2.848127
1.887676
1.990782
3.074590
4.356943
2.187667
2.330496
1.944540
2.187667
2.301467
2.531736
2.761131
2.275437
2.647583
2.725207
2.823684
2.823684
2.894476
2.166315
3.832393
3.816597
3.816597
1.962641
1.549126
3.776021
3.913270
2.426630
2.470482
3.507665
2.306098
3.388649
2.311614
2.088104
3.052089
3.150736
2.166754
1.972968
1.388543
1.370710
2.897658
1.475191
1.742672
1.701295
2.936051
3.026531
3.153790
3.128878
3.269043
3.211158
3.088893
3.208449
2.766145
3.261933
2.862050
2.861311
3.406967
3.446762
3.444348
3.605930
3.268150
3.261278
3.518811
3.604692
3.568590
3.568771
3.542404
2.930099
3.689473
3.689473
2.907421
3.146648
3.355886
2.921799
2.971998
3.930872
4.053086
3.282227
3.348796
3.503213
3.879655
2.896570
2.843286
3.414410
3.439729
4.271185
4.178670
3.563191
2.577542
4.235505
4.156940
2.658115
2.658115
2.547166
2.844398
2.728811
4.263988
4.188086
2.547166
2.503655
4.377853
2.739570
2.728811
4.439634
4.331034
4.367363
4.331034
4.367363
4.419239
3.108786
4.427519
2.329780
3.074590
2.448254
2.250187
2.848220
2.761131
2.812297
2.018699
2.152218
2.323784
2.680610
2.180411
3.010937
1.562693
3.722308
2.824910
3.722308
1.863265
3.388649
2.712404
3.388649
2.712404
2.515163
2.534685
2.452472
1.910403
2.088104
2.737689
2.251938
1.988390
1.860102
2.359673
1.917163
1.643403
1.691072
2.550876
1.584300
2.933452
2.733410
2.727759
2.743472
2.931783
3.073923
3.206209
2.681342
3.021046
3.068819
2.894365
3.358268
3.222043
2.751339
2.737029
3.001663
2.850409
2.996012
3.542404
2.850409
3.542404
3.712483
3.712483
3.923862
3.899541
3.733413
3.923862
3.503213
3.917989
4.012758
4.178670
4.180518
4.074940
4.268452
2.858353
2.822644
2.493279
2.924257
4.268452
4.282859
3.484620
2.447836
2.369119
2.400418
2.827228
3.473229
3.502125
4.402227
4.369290
4.431915
2.462123
3.502125
3.117121
4.476292
4.476292
2.331785
2.328282
1.748778
2.997621
2.448254
2.323784
2.857089
2.812297
2.818972
1.763554
1.803127
2.073845
2.448254
2.323784
1.961166
2.279557
2.647583
2.530413
2.507773
2.454223
1.610074
2.894136
2.791564
1.696714
2.115966
1.812241
1.449935
2.452472
2.196662
2.008831
2.646025
1.763720
2.461125
2.367797
2.452472
2.367797
1.860264
1.774140
2.168661
1.354995
2.983783
1.323736
1.301059
2.933452
1.323736
2.872676
2.732066
2.454199
2.338992
2.734616
2.697575
3.026531
3.086795
3.042024
3.261933
3.165298
2.683793
3.272299
3.441660
3.285198
3.490248
3.165298
3.358268
3.604692
3.605930
2.884488
3.080483
2.930099
3.650279
3.198668
3.650279
3.650279
3.763345
3.213872
3.355886
4.074940
4.180518
2.880329
4.053086
2.674265
2.964785
2.423792
2.849733
2.964785
2.747192
3.078665
2.728811
3.493210
2.580550
4.439634
3.493210
2.021268
3.108786
2.217604
2.991845
1.961166
1.717183
2.217604
3.043939
3.043939
2.665502
2.817407
2.678801
2.678801
1.961166
2.323784
2.565925
2.323784
2.639405
1.926183
2.037023
1.610074
2.405175
2.639405
2.470482
2.454223
2.712404
2.791564
2.250961
2.196662
2.624690
2.829898
2.646025
2.526823
2.452472
1.977240
1.423882
3.594279
3.594279
3.594279
1.763720
2.461125
1.875365
1.848858
2.556319
2.265073
2.265073
1.960484
1.871692
1.707204
2.496590
1.641315
1.821425
2.936051
2.731555
3.097799
3.303767
2.908678
2.822343
2.645698
2.884488
3.469694
2.529886
2.610074
2.559400
3.470080
2.902924
3.356523
2.910808
2.910808
3.451512
2.910808
3.054217
3.214456
3.179166
3.136439
3.136439
3.270911
3.881097
3.656835
2.589807
2.589807
3.418258
3.422202
3.932352
2.700475
2.609636
4.260780
4.084728
3.379704
3.426689
4.035859
3.437876
3.445170
4.212665
2.885314
4.053086
4.166825
4.369290
4.223996
2.875236
3.567201
2.796876
2.812822
3.473229
4.347123
4.368766
3.493210
3.600334
4.501400
4.447110
4.476292
2.848220
2.188088
2.195187
2.073845
2.315149
2.315149
2.428675
2.530413
1.493615
2.071270
1.951858
2.021032
1.343713
1.399189
1.791655
1.315667
1.343786
2.550876
1.917163
1.771365
3.121726
1.665142
1.648788
2.248480
2.168661
1.859818
1.323736
1.252432
1.388543
2.728477
2.773051
2.668053
2.963809
2.963809
2.903414
2.746747
3.308372
2.931783
3.007626
2.873648
2.749370
3.470080
3.614253
3.605930
3.441660
2.808106
3.194958
3.624198
3.621863
3.385358
3.270911
3.621863
3.350405
3.357481
2.534892
3.346008
3.751091
3.578149
3.545378
3.764387
3.935989
3.868499
4.050538
3.407335
4.093379
4.093379
3.511201
2.778120
4.226372
2.197110
2.323797
4.341533
2.674246
4.363352
2.596977
2.447836
4.361607
2.596128
2.522803
2.379138
3.219473
3.117121
3.318154
4.402227
4.431915
2.522803
2.632461
4.423880
4.415543
4.415543
2.978526
2.980328
3.074590
2.848220
2.697214
2.212965
2.124593
1.966441
2.068358
2.428675
2.008640
1.954496
2.253776
2.250961
2.643579
2.250961
2.738900
2.737689
2.071270
2.055018
2.055018
1.763720
1.747112
3.594279
2.645671
1.724628
1.721533
3.402700
3.318332
2.797642
2.813859
2.899603
2.045911
2.248480
1.707204
2.733370
2.686591
2.689999
2.883533
3.116963
2.908678
3.280333
3.280333
3.196249
3.080483
3.044182
3.202243
2.618852
3.715177
3.624198
3.624198
3.614253
3.177662
3.787943
3.614253
3.242571
3.270911
3.319631
3.451512
3.779444
3.935989
3.816980
3.932352
2.896570
2.367117
4.337768
4.236778
4.051715
4.276714
3.567201
3.610792
3.027876
4.169183
4.323262
3.027876
3.149553
2.379138
3.214081
4.474594
4.402730
2.569769
4.471831
2.116497
2.403558
3.210573
4.361303
4.309374
4.361303
4.471831
4.480999
3.219473
4.309374
4.447110
3.397240
2.328665
2.321553
3.348642
2.842295
2.857129
2.837871
1.662094
2.842295
2.470482
2.302612
2.357159
2.416098
2.454842
1.896256
1.525216
2.250961
2.751623
2.731524
2.850646
2.556319
1.860264
2.619164
1.240348
1.879681
3.506161
2.645671
1.902316
3.424543
2.833051
2.556319
2.981172
2.943090
1.259935
1.935060
2.248480
2.158113
1.327214
1.641315
2.731555
2.679805
2.712786
2.950283
2.649375
2.773051
2.808861
3.385358
2.787627
3.006722
3.086795
2.771966
3.461988
3.053314
2.592378
3.473167
3.303767
3.280333
2.766921
2.884488
2.782597
4.051715
2.553398
3.461988
3.469694
3.101740
3.656835
3.779444
3.214456
3.214456
2.891081
3.417033
3.461765
3.781085
3.545378
3.881097
3.951152
3.488954
2.913946
2.974276
3.511549
3.488954
4.037326
4.037326
3.940501
2.577793
4.051715
4.083827
3.567201
3.567201
2.617383
2.625181
2.940984
2.770451
2.827431
4.269651
4.199764
2.267081
2.188059
2.130755
4.335898
4.471831
4.393639
4.423880
4.426558
2.253066
2.282035
2.379138
3.272549
4.396041
4.426558
2.522803
2.555570
4.383957
2.168830
2.403558
2.555570
4.309374
4.388365
4.415543
1.803336
1.938415
2.964494
2.964494
2.185060
2.682588
2.198520
2.665502
2.624254
2.163710
2.624254
2.439148
2.231344
1.475653
2.181449
1.374435
1.969204
1.984170
2.107449
2.960532
2.731524
2.016370
1.690905
1.800341
1.648788
3.062672
2.833051
3.205809
2.544906
2.452353
2.129169
2.985122
2.994707
1.540960
1.728695
1.678460
2.773167
2.966722
2.874179
3.335280
2.614328
2.528811
2.968577
3.281395
3.285409
3.121716
3.351560
3.781085
3.788773
3.798503
3.928165
3.904377
3.415882
4.096002
2.965085
4.030009
3.496758
2.880329
4.219546
4.053086
3.496758
4.219096
3.082586
3.127844
4.264831
3.127844
4.414524
4.416490
4.172499
4.172499
4.249717
4.336334
4.311881
4.417005
2.547582
2.436543
2.449879
2.431285
2.204355
1.938415
2.312017
2.555570
2.632461
2.632461
2.304500
2.321553
2.204355
3.366172
3.318154
2.203478
3.360608
3.210668
2.806101
2.682588
1.708879
2.978526
2.820165
2.817407
1.648817
3.309693
1.957381
1.987645
2.485151
3.385652
1.534122
2.556535
2.498148
2.508978
2.352707
1.480121
1.475653
1.509040
2.403438
2.347648
1.419756
2.181449
3.605055
3.605055
3.068006
1.864728
2.954694
1.875365
3.594279
1.721533
3.594279
2.740595
1.857174
1.953171
3.605055
2.083344
2.740595
2.828549
3.234357
2.933025
1.666979
2.535063
2.123847
1.240348
1.188363
1.338290
2.976492
3.136461
3.126274
3.186428
2.680520
2.587410
3.634320
3.634320
3.210386
3.057726
3.351560
3.177662
3.868499
2.913946
3.616946
3.616946
3.793430
3.389248
3.793430
3.951152
3.937973
3.938106
4.068446
3.407335
2.780397
2.949302
4.037326
4.079823
2.949302
2.949302
2.898343
2.885314
4.003391
2.642922
3.214081
3.366172
3.325248
3.110284
4.417005
2.431285
4.407225
2.312017
2.328980
2.676903
2.084802
2.979100
2.427500
2.194340
2.195187
2.194340
3.586894
3.697402
3.422302
3.335780
3.869046
2.529889
3.824227
3.639715
3.256428
3.182233
3.513377
3.205430
2.498148
3.335087
3.385652
2.556535
1.509040
1.911455
2.347648
2.205098
2.164571
3.666840
2.287046
1.879681
3.068006
2.083344
3.184496
3.287718
1.292463
1.325277
1.681360
1.772513
1.786426
1.747757
3.241275
3.031551
1.719733
1.611671
1.666979
2.535063
1.648788
1.616897
1.192093
1.684249
2.681398
2.865353
2.774615
2.900588
2.801272
2.871474
2.983042
2.720886
2.777694
2.954048
3.110737
2.931874
2.937872
3.130584
2.608761
3.302179
3.281112
3.210386
3.618913
2.787627
2.813146
2.906631
3.059124
3.383305
3.523652
3.667897
3.461988
3.165678
3.125730
3.035515
3.634320
3.783935
3.228876
3.793430
2.591179
3.928150
2.907380
3.938106
3.951152
3.389248
3.496758
2.736901
2.591179
4.187774
3.868499
3.496758
2.617383
2.267081
4.044134
4.287957
4.119599
4.312891
4.325669
2.615607
4.297020
4.297020
4.325669
4.407522
4.426558
1.986356
2.062571
4.417005
2.386414
2.312017
2.676903
2.084802
2.328980
2.211226
3.397240
3.272816
2.979100
1.587697
3.988701
2.951571
3.552512
2.787857
2.787857
3.385652
3.422302
3.777687
3.552512
3.697402
2.606197
3.335087
3.239945
1.480121
2.442833
3.068006
3.343338
2.123847
3.287718
2.290521
2.535063
2.347376
2.227896
2.986288
1.441044
1.684249
2.731990
2.950356
2.810603
2.900588
3.109892
2.911531
2.979352
2.604535
2.663586
3.303202
2.651630
2.616633
2.718835
2.823624
2.795254
2.766921
2.708212
3.602980
2.466733
2.906631
3.205451
3.688491
3.619450
3.336341
3.774620
3.618913
3.774620
3.783935
2.802869
4.065670
3.938106
3.511201
2.617383
3.002368
2.960497
2.827431
4.143445
2.859898
3.027876
3.063369
2.964782
4.335898
4.155715
4.241251
4.057073
3.831539
4.097281
3.933575
2.547582
4.097281
4.249717
4.057073
4.414038
4.323742
4.479348
4.468606
4.404563
2.458157
2.431285
3.253671
2.080981
2.555570
2.601662
2.733897
3.316407
3.078475
1.711206
1.971089
2.211226
2.552335
2.951571
3.467609
3.455338
3.697402
3.951087
3.586894
2.682588
3.815663
1.575397
1.544240
3.139005
3.026755
4.046893
3.513377
3.286931
2.440616
3.443765
1.534122
2.984465
3.590912
3.066836
2.854398
2.941559
3.443765
3.205430
3.335087
3.335087
3.126803
1.526877
2.739844
2.531883
2.546925
1.878134
3.666840
3.406551
3.558293
2.507085
3.162616
1.686647
3.424340
1.633672
2.227896
2.290521
2.933025
2.391331
1.772513
1.786426
1.607945
2.084121
1.220713
2.290521
1.161522
1.159575
2.437489
2.331262
1.491453
1.629846
2.714863
2.844824
2.728154
2.985023
3.216813
3.006722
3.110737
3.186428
3.053842
2.875642
3.544472
2.795254
3.289072
2.998952
3.156965
3.014708
3.461988
3.336341
3.008476
3.322703
2.871096
3.828309
3.417033
3.557338
3.392246
3.289680
2.635386
2.960497
2.859898
4.013632
2.899599
3.620598
3.127844
4.107835
2.615607
4.407522
4.310578
3.027876
4.407522
4.492141
4.419101
3.277491
2.328753
1.994521
2.106096
2.204355
2.939097
2.106096
2.219213
3.066870
2.979100
2.312552
2.326282
2.573445
2.458157
1.983915
2.326282
2.326282
3.835824
3.720983
3.580624
3.099357
3.198685
3.087246
3.209937
2.498512
4.094800
1.623110
4.094800
4.094800
3.976212
3.900385
3.623079
2.899546
3.768257
3.900385
3.119326
2.984465
3.026755
2.709855
3.314346
3.192572
3.066836
2.854398
3.578843
1.551355
1.526877
3.126803
2.727069
1.597356
2.996726
2.653432
2.546925
2.231344
2.442833
2.587242
2.442833
2.379524
1.360176
1.872262
1.805015
1.804921
3.558387
3.558387
3.508107
2.256761
1.787426
3.042915
2.391331
3.597300
3.415736
2.507085
1.214472
2.727401
3.263444
3.174212
2.500269
2.423474
2.671911
2.879439
2.914758
2.790293
2.719200
2.549345
2.823624
2.823624
3.314574
3.205451
2.875642
3.284846
3.619450
3.177662
3.454253
3.392246
3.284846
3.760620
2.876091
3.928150
3.928150
3.458989
3.923621
3.928150
3.458989
3.650252
2.232497
2.493989
2.684034
2.547380
4.065670
3.933570
3.910350
2.904093
2.215921
4.050266
4.050266
4.310023
4.068986
2.861932
2.960497
2.166172
3.724063
3.724063
4.081151
4.200722
2.859898
3.077876
3.027876
4.120323
4.311777
4.283233
4.346336
1.876508
3.239866
3.277491
1.994044
3.277491
2.328753
3.418066
2.106096
2.711730
2.979100
2.206553
2.573445
3.209319
3.209319
2.415764
3.342255
2.791024
3.571637
3.340669
1.578269
4.124586
3.189331
3.848085
2.655288
4.210545
4.224504
1.551355
1.598142
4.046893
2.941559
2.402694
2.402694
2.318323
2.485151
2.292122
3.314346
1.462361
2.996726
2.663304
2.291027
2.917514
2.727069
2.377449
2.876383
2.256761
1.742202
1.787426
1.798283
3.558387
2.134011
1.295280
1.742202
3.424340
3.162616
3.122967
2.587242
2.473912
2.165704
2.043734
1.914783
2.303940
1.537630
1.742202
2.303940
1.607945
1.626675
1.964151
1.829040
2.095971
1.990561
2.095971
1.112654
1.112654
1.559071
1.559071
1.180469
1.325233
1.258058
1.124453
2.884842
2.625441
2.959017
2.837341
2.801172
2.773167
2.707325
2.961074
2.930179
3.004622
2.844083
2.549325
3.053842
3.195454
3.602980
3.289072
3.186780
3.454253
3.321667
2.497936
2.513504
2.482160
3.314574
3.440094
3.276925
2.720518
2.891081
3.774620
3.828309
3.458989
3.928150
2.759422
4.019488
2.861932
4.101188
4.119599
4.323742
2.492864
3.110284
3.184194
4.414038
4.391959
2.481010
2.519303
3.160506
1.875976
2.289752
1.868596
3.209319
2.432591
2.326282
2.328533
1.731585
1.747454
1.990706
1.983915
3.596997
3.577223
2.126302
2.126302
3.988701
3.467609
2.404500
2.715451
2.873480
1.925168
4.019887
3.768257
2.498512
2.550765
1.551355
4.224504
4.169433
3.295965
2.876383
2.402694
2.996726
2.882231
1.726176
2.801193
2.587242
2.587242
2.452854
2.507085
2.913580
2.423474
2.819528
2.059542
2.199594
1.494583
1.700031
2.606628
2.734831
2.860316
2.980035
3.133610
2.985023
2.922463
3.167995
2.955283
2.767018
2.530856
3.012095
3.059124
2.889325
3.341531
2.998952
3.121108
3.130723
3.195454
3.729749
3.291873
3.321667
2.571211
3.493424
3.743406
3.729749
3.902307
3.902307
3.902307
3.392246
3.392246
3.796166
4.036788
2.571211
2.663576
2.759422
4.003826
2.904093
2.759422
4.013632
4.204646
2.899599
3.653752
2.959039
4.328167
4.193774
4.224857
3.831539
3.724063
4.309559
4.287603
2.952407
2.459721
3.020511
3.239866
3.145583
3.110284
3.309484
3.277491
3.045716
3.160506
3.305590
2.262441
2.261404
3.452055
3.041621
3.041621
2.108215
2.098612
2.895018
2.894693
2.761423
3.835824
2.314982
2.219503
2.806101
2.471291
3.010911
2.613816
2.197182
2.314982
2.590342
2.573445
2.155179
2.467658
2.242483
4.046893
3.951905
3.623079
3.417166
3.364393
1.850816
3.226434
3.346529
3.248618
3.097240
2.801193
2.675130
2.076277
2.162068
1.673325
2.590599
1.887025
1.659767
2.588555
2.366507
2.151252
1.745869
1.537630
1.528860
1.491453
1.847111
1.861203
1.432241
1.552929
1.567382
2.841085
1.113379
1.717580
1.859868
2.935490
1.505010
1.505010
2.590627
2.916985
2.680218
2.950356
2.654610
3.140894
2.639877
2.669875
3.262053
2.870405
2.914758
2.564349
2.708212
3.289072
3.341531
3.308715
3.308715
2.482165
3.427890
3.427890
3.454253
3.483250
2.654065
3.375777
3.729749
3.577829
3.659337
3.902307
2.339813
4.002089
3.659337
3.888764
2.456995
2.423526
2.456995
3.910350
4.038320
4.036788
2.663576
3.971941
4.036152
2.899599
2.774524
4.106854
2.111596
2.899599
4.164454
2.899599
2.861932
2.059729
2.046456
2.959039
3.524875
4.031400
4.242533
4.155715
4.287603
2.967643
4.269147
3.305590
2.403671
2.367765
3.163257
4.020753
3.703427
3.450687
3.667673
2.262441
1.981436
3.295349
3.031057
3.031057
2.197182
4.329318
4.102046
2.197182
2.438660
2.112492
2.174314
2.404500
2.404500
2.655288
2.586864
2.586864
2.281260
4.210545
2.590342
2.124751
1.900304
2.242483
3.877803
3.701618
1.502585
4.004147
3.951905
4.217316
4.282907
3.550358
2.273901
1.376713
4.089028
4.134163
2.363415
2.203544
2.236526
2.971804
3.136512
3.010754
2.792064
2.757343
2.792064
2.792064
2.792064
2.034221
2.076277
2.675130
1.887025
1.887025
1.909901
1.673325
1.537630
2.452854
1.728829
3.580577
2.694118
2.795977
2.695891
1.161522
1.469426
1.682388
1.422617
2.726560
1.321275
1.197186
1.180031
2.785905
2.719200
3.108896
3.119756
3.119756
3.252270
3.280072
3.055930
2.870405
3.262053
2.631206
2.670329
2.549467
2.766921
3.317858
3.386554
3.688664
3.793152
3.833456
2.828212
3.979957
2.699952
3.967402
4.146010
4.023414
2.790372
3.829721
3.964796
4.299914
1.978290
4.149381
2.713978
2.856463
3.829721
3.763593
4.266813
4.235122
2.578812
3.077876
2.481010
4.287603
3.201699
4.404069
4.490287
3.076522
3.184194
3.145583
3.246183
3.307555
1.764995
1.868596
1.990706
2.761423
4.235032
1.868596
2.082863
2.090021
2.748077
2.112492
2.242483
2.281260
2.586864
2.715451
4.197819
3.847160
2.550765
1.900304
2.082752
3.811877
1.893801
3.685104
3.638244
3.474871
2.402694
4.089875
2.882231
3.097240
1.282562
1.387800
2.004322
1.260614
3.241994
3.241994
2.982892
3.015138
2.590599
1.670460
2.792064
1.517189
1.920461
1.742517
1.486899
1.470856
1.469426
1.081511
2.059542
1.912601
1.861203
1.957595
2.713663
2.922463
2.873153
2.761855
2.917883
3.135853
2.737493
2.987030
3.072529
3.252270
2.575119
3.159407
3.127758
3.130723
3.186780
2.603895
2.670329
3.536615
3.584608
3.375777
3.637820
3.689377
3.835196
3.775878
3.948467
3.927006
4.130699
3.524875
4.064183
3.741675
3.625869
4.101188
4.266813
4.266813
3.455643
3.951017
2.537012
2.967643
4.296341
4.414038
4.257898
2.419759
2.481010
3.036200
2.237254
2.367765
3.580624
1.754601
4.320371
3.041621
1.855649
2.873480
2.043470
1.970965
1.970965
1.873848
2.082863
2.112492
1.737706
1.970965
4.201659
2.748077
2.715451
1.524048
2.171485
2.055624
2.071841
2.128071
4.289126
4.289126
2.124751
3.295965
1.876993
3.977970
3.780765
1.964891
4.050506
4.209836
2.178121
2.989024
2.859654
2.959529
2.744747
2.803901
2.744747
2.744747
2.034221
1.887025
1.698865
1.501010
2.803901
2.866277
3.453562
1.393907
1.610814
2.266165
1.420040
1.368929
1.759313
1.783474
1.113379
1.440133
1.370160
1.370160
2.535622
2.415939
2.757235
1.443465
1.506584
2.571031
2.854532
2.958086
2.917883
2.904574
2.476103
3.262166
2.663586
2.428570
2.737493
2.859076
3.108896
3.198149
2.631206
3.386554
3.536615
3.130723
3.291873
3.291873
3.281151
3.393197
3.637820
3.317858
3.553462
3.635041
2.775152
2.828212
2.616272
2.574918
3.979957
3.986415
2.813453
2.077551
3.287998
4.002932
3.965523
2.676927
2.676927
3.455643
3.648539
4.053486
4.257898
2.630229
1.879488
3.163273
3.076522
2.303830
3.392579
3.923963
3.401939
1.757229
3.797390
3.667673
3.787234
4.206899
4.099481
4.079935
1.657737
4.193530
1.855649
1.939341
3.605795
3.445774
3.445774
2.014901
1.939341
4.269399
4.339345
3.445774
4.209836
4.174713
4.102936
2.440616
4.050506
2.440616
1.903933
2.362398
2.014901
3.525497
3.295965
1.859959
3.346529
3.187219
2.236526
2.322688
4.097461
4.097461
3.098719
3.010754
2.097879
2.097879
2.892077
3.231441
1.616148
2.403940
3.373461
1.794834
1.852292
2.266165
2.207242
1.673412
1.370160
2.936435
1.359289
1.370160
1.042994
1.068545
2.659920
2.625129
2.761855
2.802342
3.012095
2.824254
2.775948
2.680895
2.708212
2.493175
2.564349
2.646637
2.555956
2.703366
3.478194
3.392118
3.364163
2.409702
2.654065
3.689377
2.648401
2.567051
3.652951
3.689377
3.688664
3.787665
2.469946
3.478194
3.795911
3.937457
3.996686
2.691754
2.758000
3.739271
2.171632
2.802704
2.699952
2.895741
2.802704
4.002074
4.024843
4.134279
4.079090
3.731910
4.053668
2.903708
4.257898
4.296341
1.762637
2.281501
3.667673
2.173875
3.530527
1.764995
3.401939
2.173875
4.076105
3.923963
3.971945
4.099481
2.221281
1.764995
2.066091
1.855649
1.524675
3.756015
3.620837
3.656754
4.236689
3.304216
1.862209
3.391293
2.440616
1.862209
1.862209
1.964891
2.402694
3.921869
3.243148
3.391293
1.833937
1.801069
4.089875
2.959529
4.005626
2.517651
2.517651
1.852292
1.667205
2.309545
2.405334
1.722310
1.794834
1.359289
1.642610
1.048924
1.792418
1.308832
1.585271
1.517771
1.761032
2.716883
2.968587
2.941122
2.786637
2.728394
2.791128
2.764743
2.625129
2.932693
2.624534
2.702935
2.702935
3.159407
2.941662
2.651511
3.127758
2.952555
3.024040
2.828858
3.317858
3.132651
3.198713
2.663109
2.598958
3.130723
3.359858
3.241268
3.436901
3.289995
3.371917
3.441584
3.500124
3.536615
3.860718
2.741549
3.591475
2.253413
3.883624
3.951017
3.829721
4.103663
2.575380
4.033553
4.037468
2.467038
2.967643
3.455643
4.200232
4.296341
3.036200
3.060067
3.530527
3.667673
1.777526
1.998747
1.867829
1.746234
3.701765
1.537559
3.786739
1.939341
1.982552
3.462624
3.445774
1.811721
1.744043
1.806860
1.819636
1.395247
4.050506
3.638244
3.713171
3.111686
3.462624
3.254652
2.649654
3.971765
3.893018
3.311497
2.336169
3.170412
1.642227
1.611150
2.302756
2.302756
1.254899
2.244828
2.002677
1.820786
2.595023
2.944370
3.155619
2.388789
3.063560
3.073829
2.775948
3.252270
3.024040
2.427237
2.487536
3.191277
3.252270
3.109176
2.955554
2.955737
3.132651
2.955737
3.222091
3.364163
2.603895
2.629477
2.629477
2.476538
3.520372
2.439438
2.689812
3.393197
3.688664
3.652951
2.616272
3.570395
3.274675
2.277816
2.525489
3.426701
3.716782
3.787665
3.922290
3.740562
3.795911
2.287496
2.171632
3.581077
3.812670
3.715361
2.474154
3.648539
3.751096
3.651437
2.777984
3.455643
3.451414
3.488735
1.765986
2.909903
2.909903
3.036200
2.338381
3.787234
3.971945
1.956845
1.956845
1.669230
1.767183
1.806860
1.975342
2.043470
1.646854
1.949757
3.786739
4.339345
1.949757
1.949757
2.649654
3.462624
1.869441
1.774758
4.091954
3.638743
3.593981
3.323692
3.254652
3.893018
4.104055
1.744043
3.756916
2.419277
2.490217
2.980097
2.490217
3.052436
1.744043
3.023844
3.023844
2.959529
2.892077
3.282458
2.744747
2.336169
3.428534
2.358679
2.187013
1.147405
1.061867
1.111206
3.001662
1.042994
1.742517
1.670666
1.955209
1.308832
1.113302
1.223390
1.297574
1.638761
2.647492
2.643299
2.890460
2.714557
2.924280
3.023133
2.698350
2.970459
3.274675
3.222091
2.949451
2.775948
3.215375
3.063560
3.073829
2.553018
3.289995
2.767910
2.611736
3.426701
3.500124
3.653404
3.570395
3.716782
3.390772
3.390772
3.745689
3.922290
3.372499
3.494331
3.913555
2.691754
3.554699
3.883397
3.903877
4.053668
3.969172
4.024843
2.535713
2.695705
2.792806
2.405028
1.981242
2.106272
4.105451
4.200232
2.985320
2.419759
2.436221
2.248536
2.515354
4.187082
2.103031
3.786739
1.746234
2.828449
2.929441
1.623340
1.547763
1.723712
1.746234
3.977970
2.828449
2.828449
1.409203
1.432385
1.692588
4.113890
2.649654
4.104055
1.391801
1.694595
4.136000
4.172089
3.305147
3.111686
1.811721
2.593375
2.775315
1.819636
1.744043
3.756916
3.505615
1.694595
3.988033
2.419277
2.419277
2.490217
4.001906
3.408061
1.749110
3.503668
3.618464
2.448240
1.993282
2.046306
2.157900
1.722287
1.784151
1.754019
2.724347
2.733290
2.614299
3.121350
3.039130
2.933935
3.085037
2.539763
3.274675
2.557282
2.492453
2.482165
3.359858
3.442077
3.500124
3.501945
3.456805
2.546564
3.360819
3.653404
2.519274
2.365421
2.477338
2.469946
3.529683
3.593605
3.454490
2.381974
2.792806
3.751096
3.901086
3.740562
3.406517
3.715361
3.971649
4.002074
3.022885
2.405028
2.499400
3.855877
1.858735
2.958409
2.958409
3.971945
2.159063
2.109761
1.669230
1.666928
1.646854
1.691322
3.713171
3.786739
3.844408
2.708395
2.828449
3.694442
1.781536
1.601358
3.593981
3.593981
4.226673
3.168856
3.027535
4.006683
2.530442
3.969192
3.802458
3.638743
2.892077
2.533962
3.784403
1.689527
3.913033
3.529147
2.533962
3.913033
1.749110
2.272045
2.336169
2.449461
1.264416
1.253283
3.730183
3.485770
3.542821
1.100428
1.622497
3.111307
3.121508
2.861656
3.075673
2.923784
3.168126
1.722287
1.031779
1.223390
1.151410
2.499595
2.864682
2.898672
2.617584
2.555437
3.085037
2.748707
2.539763
3.121350
2.956324
2.604556
2.567508
3.269592
3.182560
2.372652
2.511396
3.117747
3.326899
2.492453
2.577612
2.390206
3.217251
3.436901
3.085037
3.360819
3.237415
3.500124
3.597625
3.448844
3.360819
3.454490
3.511802
3.322834
3.570395
3.554699
3.802546
3.901086
3.341239
3.510870
3.404625
3.356014
3.769845
2.474154
3.087396
2.474154
3.451414
3.022885
3.022885
3.022885
3.976989
2.936168
4.264726
4.200232
4.105451
4.200232
3.376386
2.859990
2.398089
2.619734
4.187082
2.619734
4.099481
2.619734
1.555498
1.908242
1.540539
1.633908
4.236975
1.413278
3.981840
4.093818
1.608403
3.969192
1.773367
3.685741
3.802809
2.449461
1.571649
3.774635
2.685996
2.478537
2.575716
3.817656
2.559873
2.681028
1.667205
1.131125
1.749893
0.987302
1.698338
2.712716
2.651292
2.604022
2.689250
2.864682
2.416112
3.032446
2.849777
3.002439
2.724347
3.182560
3.182560
2.453594
2.949030
2.917221
2.857540
3.085037
3.179874
3.316043
3.072797
3.304878
3.393197
3.155040
3.456805
3.304878
3.426606
3.611403
3.731489
3.595151
2.255399
3.597625
3.626777
3.725858
3.731489
3.288936
3.511802
2.695705
2.478814
3.723503
3.593311
3.454490
3.293626
3.235604
3.235604
3.356014
3.087396
2.861314
2.745663
3.287998
3.164570
2.311236
4.037468
2.936168
4.181210
4.078120
2.780869
2.936168
3.492558
3.487450
2.243896
3.492558
3.376052
1.871950
2.168723
2.159717
2.285315
2.287116
2.159420
2.173875
2.501629
2.398089
2.515354
2.645700
2.501629
2.619734
2.929441
3.060139
1.936805
1.936805
3.060139
2.761261
4.193530
4.201659
2.929441
1.650944
4.052477
4.113890
1.601358
2.837151
2.761261
1.652319
1.508874
2.640677
3.981840
2.652782
2.708395
4.006230
3.694442
1.756045
1.477389
1.652319
1.608403
3.781912
2.575716
1.608403
4.006683
2.808080
2.890240
3.668947
3.802809
3.530965
3.740032
1.525311
3.530965
3.668947
3.399275
1.608403
2.115894
1.679786
3.685741
3.466063
3.260177
2.011531
1.031779
2.424223
1.362811
1.628202
1.634203
1.893936
2.692812
2.818337
2.856133
2.689250
2.513984
2.465534
2.598156
2.533676
2.480691
2.601702
3.237415
3.191277
3.018353
2.998223
2.382837
3.124883
2.403774
3.360951
3.448844
3.610846
3.597625
2.255399
3.444518
3.597625
3.653136
3.731179
3.656606
3.341239
3.383035
3.666834
3.666834
3.406517
3.551276
2.519274
2.261762
3.218406
3.119589
2.174386
2.280001
3.802546
3.444142
3.887148
3.119589
3.993454
3.969882
2.777984
3.912175
3.993454
3.341859
2.135048
2.312829
2.243896
1.992748
2.838063
2.936168
4.105451
2.015315
1.876004
2.754622
2.628544
2.654977
2.654977
2.383397
1.680521
2.507982
2.645084
2.501629
2.026884
1.571170
2.889179
2.889179
2.889179
1.601358
2.652782
2.757559
1.908242
1.482818
3.061174
3.447186
1.391801
1.413278
1.803340
1.869828
1.290621
3.821389
2.461433
3.668947
3.802809
3.372557
1.571649
2.272045
2.117337
1.714000
1.622497
2.138500
2.259129
2.138500
2.187013
2.089892
1.061437
1.653551
1.654026
1.019884
2.722438
2.604022
2.643299
2.832470
2.614199
2.832470
2.802464
2.755565
2.795753
2.416112
3.280857
3.032446
2.453594
2.510887
2.538050
2.511396
2.409031
3.140946
3.282811
3.160089
2.546564
2.438382
3.653136
3.349066
3.390772
3.092645
2.550836
3.396768
2.179837
2.573776
3.447496
2.751979
3.725858
3.240862
3.844853
3.356014
3.119589
3.833546
2.558899
3.969882
3.839304
2.976063
2.288747
2.381974
2.745663
3.784209
3.054472
2.916967
2.931911
3.337298
3.448951
3.898493
2.312829
2.851487
3.360832
2.334666
2.754622
2.157949
2.248536
1.882118
2.654977
2.654977
2.398089
2.537553
2.282590
2.398089
2.416543
1.677451
2.412599
2.777903
3.286568
3.149512
3.149512
3.060139
3.112978
2.867509
1.908242
1.533983
1.633908
2.944975
2.757559
2.816410
2.761261
2.572483
3.529780
3.465148
1.869828
3.740032
1.532426
3.821389
2.604335
2.689980
2.015898
2.351440
1.764761
3.274780
1.494468
2.015898
2.244388
2.201549
1.572258
1.825114
1.132766
1.580550
1.894746
1.894746
1.957512
2.650213
2.997671
2.746363
2.940090
2.802587
2.998223
3.143165
3.280857
3.218261
3.306173
3.212070
3.077454
3.077454
3.282811
3.448844
2.350749
2.522993
2.439438
3.568267
3.568267
3.461918
3.610846
2.470399
3.469573
3.593311
3.464872
3.538935
3.447496
3.653136
3.656606
3.355286
3.239921
3.656606
3.404625
2.984255
2.993613
3.625166
3.087396
3.700135
3.755221
3.293626
3.833546
3.755221
2.745663
3.828274
2.835106
3.969882
2.434231
3.969882
3.938274
3.938274
3.901621
3.333855
2.754622
2.754622
2.161349
2.161349
2.024980
2.015315
2.285315
2.383397
2.389168
1.772468
2.364256
2.416543
2.410535
2.507982
3.421365
2.416543
2.619734
3.149512
3.286568
2.026884
1.956845
3.021383
2.944975
2.339869
1.533983
3.004881
1.532426
3.694442
1.566453
3.517984
3.530965
2.276396
2.391670
3.624924
3.624924
1.804238
1.716330
1.572258
2.135449
2.138500
2.138500
1.928375
0.968127
1.101110
1.256553
1.631512
1.957512
1.894746
2.805896
2.591733
2.846077
2.651292
2.705341
2.662073
2.996068
2.771961
2.678366
2.863463
2.890821
2.854555
2.890821
2.385900
2.965331
2.889472
2.978284
2.393385
3.048451
3.238679
2.395416
3.140946
3.306173
3.306173
3.072797
3.077454
3.296967
3.280857
3.406698
3.356469
2.470399
2.464927
2.331486
2.857184
2.319021
3.593311
3.411203
3.551276
3.538935
3.226348
2.550836
3.655021
3.091234
2.877289
3.527688
3.594704
3.673702
3.755221
2.668467
3.661336
3.755221
3.777359
3.763623
3.690734
3.164570
2.215261
3.731901
3.734533
3.734533
3.828274
2.706165
2.101541
2.931911
2.706165
3.854269
3.938274
2.838063
2.135048
3.965931
3.999197
2.169780
2.024980
1.890305
2.005371
2.562435
2.524202
2.398089
2.040174
2.515354
2.537553
2.628230
2.480551
2.412599
2.777903
3.421365
2.412599
3.315520
2.597759
2.596061
3.286568
3.254052
3.030059
2.738508
3.254052
3.112978
2.944975
2.985380
3.112978
2.861369
2.879774
2.879774
1.514605
2.757559
2.925829
1.482818
1.494468
1.437123
1.494468
1.360950
3.577225
3.334277
1.494468
2.011531
1.405490
1.918946
2.015898
1.494468
1.680951
3.251333
1.765766
1.673175
3.168126
0.993993
1.928375
1.583773
1.807951
2.176780
2.624928
2.909798
2.724961
2.822243
2.984143
2.646823
3.252451
2.467453
2.445437
2.863221
2.881006
3.028973
2.792569
2.940090
3.372182
3.007105
3.212070
3.356469
2.248039
3.288936
2.953893
3.167824
2.470399
3.411203
3.329317
3.492925
3.232247
3.154055
3.119571
2.729228
2.729228
3.763623
3.891670
3.426993
3.734533
3.854269
3.790167
3.901621
3.301346
3.337298
2.749820
3.970346
2.040174
2.127540
2.450890
1.768239
2.153175
2.510249
2.537553
1.776907
1.665225
2.282590
1.975160
2.043268
2.534848
2.416543
2.416543
3.428113
3.315520
3.277389
2.384403
1.563872
2.746616
3.154343
2.704014
2.738508
3.108958
2.384403
2.271360
3.068778
3.278311
3.108958
3.396528
2.177188
3.570301
3.661944
2.084006
3.601380
2.572483
1.875120
1.437123
1.847919
1.804238
3.569938
1.405490
3.382277
3.369206
1.977629
3.112951
3.251333
1.716330
2.274460
1.784380
1.229950
1.142536
1.636175
1.516896
1.510316
1.957228
2.861553
2.846077
2.470981
2.931806
2.913955
2.917683
2.405810
2.946970
2.575757
2.775898
3.147612
2.449935
2.792569
2.959206
2.272846
3.252451
3.098037
2.994921
2.948670
2.350749
3.356469
3.311837
3.065809
3.212070
2.926877
3.461918
3.503572
2.342522
3.432605
3.432605
3.594704
2.448316
3.608802
3.585362
3.551276
3.700135
2.986240
2.771518
2.851810
3.341746
3.731901
3.790962
3.692884
2.976063
2.650200
2.851810
3.734533
2.818617
2.238042
2.916967
3.752421
3.734533
2.237234
2.254760
2.651580
2.749820
3.287819
2.574702
2.776167
2.670289
2.524202
2.005371
2.510249
1.890305
1.886631
2.338258
2.364256
2.777903
2.628230
2.375327
3.537815
2.416543
2.306309
2.480455
3.154343
2.738508
3.537815
2.464067
2.457720
3.154343
1.923939
2.128792
2.757559
2.199263
2.289207
2.339869
3.755442
2.025377
1.928077
1.488001
1.382125
2.177188
2.084006
1.311650
1.405490
1.407458
2.201485
3.272659
3.374505
3.116818
3.622097
1.228341
1.877114
2.131639
2.115894
1.357522
2.274460
1.942652
1.365009
1.357522
1.085426
1.942652
1.505623
1.505623
1.562002
1.631829
1.631829
1.850681
1.873754
1.865852
2.024992
2.155125
2.746423
2.576275
2.521722
2.517603
2.405810
2.405810
2.742121
2.633644
2.405810
2.863221
2.948301
3.174263
2.864921
2.283981
2.863221
3.252451
3.065809
2.994921
2.907157
2.935037
3.093040
3.093040
3.372182
3.125455
3.280726
3.275742
3.329317
2.754991
2.420483
3.432344
3.409518
2.771518
2.486486
3.383035
3.385440
3.245054
2.298261
2.342522
2.381974
3.608802
3.475502
2.843999
3.182646
3.714581
2.722202
2.818617
2.215261
3.628085
3.734533
2.713934
2.212561
2.754622
2.195571
3.287819
3.287819
2.594339
2.169780
2.574437
2.537553
2.450890
2.006775
1.975160
1.983065
1.871207
2.127540
2.375327
2.363363
1.767956
2.460612
1.968005
2.775951
3.428113
3.422241
1.555816
1.570587
2.906099
2.350098
3.404517
3.154343
2.337250
1.841743
1.938866
3.277389
2.924552
1.555816
3.342946
2.738168
3.453955
2.199263
1.883493
2.128792
3.538056
3.601380
2.275784
2.382647
1.737853
1.847919
1.443968
2.209405
2.095510
2.210124
2.031312
1.202511
1.251120
2.366976
2.351315
2.474984
1.562002
1.339120
1.003239
2.341855
2.247365
2.478131
2.032328
2.800556
2.610748
2.820283
2.816003
2.884789
2.730475
2.771250
2.965331
2.711203
2.779420
2.214958
2.214958
3.252451
2.948670
3.010951
3.076772
2.190444
2.155909
2.124150
3.432344
2.837253
2.362681
2.146908
2.656955
3.328668
3.585362
2.771518
3.594704
3.505872
2.877289
2.675798
3.323836
2.870435
2.755340
2.234322
2.818617
2.722202
3.686091
4.000160
3.790962
2.237234
3.650916
2.097557
2.168491
3.820052
3.970346
2.260420
3.287819
2.628544
2.562435
2.095258
2.373941
2.472201
2.472201
2.363681
2.450890
2.645700
2.474140
2.355859
2.460612
2.233385
2.874484
3.154927
3.315520
2.180159
2.874484
3.375852
2.861369
2.557606
2.409268
2.457720
2.055900
2.007315
3.390452
3.497538
1.534669
1.971087
2.271360
2.553183
2.177188
2.320489
2.146382
2.394808
2.494370
2.094108
2.151325
3.538056
1.973102
3.601380
1.703364
1.311650
2.023063
3.374505
3.200084
1.311650
1.132987
1.775203
1.778707
2.394689
2.618837
2.871189
3.011062
1.562002
1.229950
0.952847
1.216686
1.694448
1.636175
1.611686
0.910107
1.038262
2.622504
2.776974
2.744324
2.820676
2.756797
2.405126
2.742049
2.573087
2.410554
2.488090
2.833106
2.863463
2.381195
2.929675
2.449935
3.010663
3.048451
2.413780
2.248184
3.174263
3.093308
3.093308
3.052749
2.831042
2.379531
3.193377
3.421000
2.383980
2.299398
3.016019
2.932760
3.421000
3.486186
2.754991
2.698786
2.273330
3.162980
2.402883
2.648972
2.550836
3.225237
3.432605
3.328668
3.505872
3.475502
2.675798
3.476403
3.532880
3.608802
3.532880
3.409518
3.591448
3.694702
3.752642
2.134825
3.313166
3.219854
2.233616
2.212561
3.746338
2.749820
3.238228
1.998596
2.574702
2.670289
2.073064
2.574702
2.097557
2.365393
2.693593
2.502802
2.363699
2.514561
2.369266
1.992160
1.757376
2.660099
2.355859
1.966670
1.878833
3.422241
1.663301
3.404770
3.463713
1.945549
2.290525
2.327439
2.389051
1.913028
2.353991
3.520858
2.471609
2.391696
3.577493
3.412391
3.412391
1.340976
1.830102
1.877114
3.412391
2.010828
1.284639
1.716098
1.775203
1.682256
1.132987
2.871758
1.251120
0.910107
1.489309
1.429290
0.985711
2.023012
2.155593
2.217812
2.087349
1.967900
2.836627
2.695434
3.038721
2.996577
2.860799
2.573087
2.474493
2.462495
2.406594
2.779420
2.661160
3.056943
2.961366
2.283981
2.932760
2.866168
2.661160
3.052749
3.010663
2.965825
2.994921
3.093308
2.745269
2.866168
3.174263
2.877216
3.288378
3.288378
3.311837
2.877216
3.073270
2.383980
3.188659
3.188659
2.775977
3.291595
3.432344
3.352998
2.872233
3.409518
3.461918
2.877289
2.656955
3.490804
2.755340
2.543428
3.613707
2.630113
3.591448
3.690734
2.288747
3.681304
2.404176
2.606699
3.588894
3.209707
3.557379
3.227182
2.478663
2.651580
2.838063
2.749820
3.146163
3.888329
2.670289
2.635865
3.412767
2.562435
1.992160
2.608259
2.473055
2.775951
2.474140
2.007275
1.887143
1.874007
2.753643
3.493883
3.316492
3.428113
1.978001
2.333668
2.333668
2.791536
1.865699
1.840139
1.534669
2.553668
1.798250
1.798250
2.676419
2.455363
2.405439
1.510005
3.412391
1.405637
3.038187
3.199564
3.199564
1.800365
1.915412
2.244388
3.114320
1.900081
2.490875
2.454482
2.454482
1.753090
1.125860
1.489309
1.312298
1.611686
2.242306
1.142313
0.977373
1.216686
1.836290
2.207800
2.582576
2.691001
2.884557
2.793403
2.528024
2.489380
2.574279
3.038721
2.572542
3.119302
3.052749
2.804071
3.013537
2.965825
2.924120
2.730644
2.768186
3.288378
2.792798
3.421000
3.432344
2.141094
2.467209
3.240573
3.175134
3.142787
3.240573
3.409518
3.279410
3.365822
3.531768
3.505872
2.522776
3.347209
2.234322
2.755340
2.650200
2.630113
3.155394
3.591448
2.285659
2.348446
3.588894
2.722202
2.041279
3.080365
3.156749
3.158113
3.650916
3.588894
2.071745
3.586482
3.621001
3.649669
3.595611
2.440965
3.820052
3.287819
2.009860
2.351275
1.901790
2.717955
2.636823
2.006775
2.870630
1.893906
2.924552
3.057824
3.527632
1.732646
1.643028
3.527117
1.534669
2.683294
2.515782
2.325539
1.815370
2.046268
1.767098
1.815370
2.391696
1.877593
3.030996
1.830102
2.439183
3.247058
2.315332
3.020615
3.020615
3.199032
1.906871
2.963069
3.199564
2.336298
1.641909
2.490875
2.378946
2.474984
2.490875
2.351315
1.284639
2.955578
2.550964
1.059213
1.028318
2.567640
2.199904
1.741795
1.409299
0.949145
1.049837
1.489309
1.670081
2.567633
2.674789
2.827862
2.514424
2.465830
2.606195
3.086273
2.573065
2.386292
2.926519
2.514424
2.283981
2.514424
2.298875
2.312377
2.768186
2.203276
2.304224
3.095747
2.868162
2.325880
3.225726
2.129029
3.311837
2.041847
2.237171
3.352998
2.603180
2.252064
2.242779
2.712085
2.252064
2.231787
2.656955
2.354429
2.252064
2.237674
3.005920
3.126463
3.412982
2.405708
3.384429
3.384429
2.533204
2.237674
3.067523
3.568519
2.090537
3.323523
3.379930
3.323523
3.279291
3.217302
2.196866
2.389941
3.681304
2.134825
3.370960
3.425142
3.470335
3.426538
3.071838
2.770367
3.219854
2.097557
2.440965
2.440965
3.245074
2.509693
2.594339
2.473129
2.714576
2.369896
2.473055
2.261555
2.465544
2.964543
2.658331
2.964314
2.870630
2.355859
1.850502
2.546438
2.627274
1.901158
2.443179
2.325539
1.615236
3.352798
3.275269
2.624403
3.352798
3.337460
1.667550
1.356357
3.396440
3.237071
1.852059
1.315337
1.150586
2.023063
2.597689
1.621309
1.576692
1.902632
1.132987
2.544225
2.068189
2.277676
1.836290
1.869398
1.285211
1.666146
1.899537
1.971996
2.112634
1.955178
2.035583
1.940671
2.683246
2.756062
2.673063
2.658641
2.832945
2.827862
2.827862
2.926519
2.266090
2.711203
2.966801
2.512274
3.086273
2.924120
2.494693
2.298875
2.705738
2.768186
3.086273
2.705738
2.768186
2.926686
3.100578
3.225726
2.206771
3.347146
3.113355
3.079809
3.442685
3.279410
3.279410
3.442685
2.533204
2.650200
3.426538
3.404720
3.279291
2.149502
3.082033
3.025668
3.426538
3.217302
3.370960
2.645899
2.478663
3.082033
3.286727
3.158113
3.198465
3.071838
3.158113
2.469174
3.497519
2.690813
3.198465
3.306537
2.589516
2.602387
2.351275
2.257710
2.480363
2.838723
2.837735
3.422241
2.818927
2.692718
2.372319
3.481931
1.800687
3.402317
2.800622
2.083252
2.083252
1.570177
3.352798
3.440284
1.975359
1.921821
1.503084
2.475793
3.237071
2.524957
1.995567
2.134670
2.644384
1.995567
2.799175
1.554838
1.671120
1.809456
1.902632
2.544781
2.597689
2.271702
1.829428
2.153665
2.580191
2.489750
2.265269
2.354888
2.951442
2.899693
2.701915
2.455952
2.926519
2.625571
2.563687
2.386292
2.868162
2.868162
2.537597
2.603180
2.117129
3.198580
3.146962
2.110717
2.977357
2.606148
2.926686
2.965084
2.089743
3.338185
3.338451
3.352998
2.656955
2.522776
3.347209
2.200935
3.292077
3.051453
3.347209
3.160228
3.279291
2.149502
3.288669
3.227182
2.994921
2.436679
3.434201
2.297830
2.651580
2.082348
2.426735
3.256997
3.124861
2.767657
2.875930
3.071838
3.465697
1.998596
1.993888
2.082348
2.469174
2.366949
2.019179
2.771920
2.009860
2.778380
2.901600
2.012401
2.837735
3.398145
2.472999
2.939237
2.939237
2.358122
2.480162
2.877897
2.244132
1.879857
3.435220
2.111900
3.352798
1.999545
2.704446
3.157245
1.539936
1.624541
2.617143
1.584807
2.407513
3.038187
1.340976
3.009948
3.025907
2.815357
3.030996
2.822112
1.584807
2.434893
2.117530
1.995567
1.099503
2.653980
0.990870
0.855278
0.886638
1.800681
2.086516
2.086516
2.104226
2.574528
2.602001
2.732124
2.744825
2.799982
2.846467
3.020411
2.886825
2.583826
2.248184
2.705557
2.204401
2.098732
2.129432
2.821599
2.926686
3.198580
3.265247
3.248864
2.219796
2.065627
2.977357
3.038623
2.548879
3.412982
2.656955
2.522776
2.113607
2.947529
3.180463
3.500109
2.136213
3.212955
3.252046
3.012281
3.288669
3.323523
2.956032
2.037222
2.999585
3.343541
3.010423
3.465697
2.407388
3.437458
3.010423
2.712927
3.052969
2.875930
2.334369
2.961102
2.456414
3.175213
2.365482
2.025001
2.009860
2.258511
2.142732
3.174787
3.095047
3.193555
3.349329
3.434519
3.326221
3.306939
2.912366
2.111900
2.954082
3.007522
2.913144
3.167169
3.371608
3.215689
3.028738
1.433150
1.463009
3.213873
2.336298
2.544781
2.589089
1.504074
1.576692
1.733393
1.995567
2.528286
1.412264
1.471660
0.943159
2.271702
1.991510
1.741795
1.991875
0.905711
1.423972
2.530255
2.622504
2.522423
2.863987
2.931204
2.398420
2.520887
2.701579
2.432810
2.516368
2.329854
2.242835
2.989411
2.206069
2.931892
2.668896
2.110717
2.110717
2.648972
3.198580
3.253051
2.532825
2.606148
2.129029
2.076975
3.253051
3.347146
3.341204
2.423850
3.100578
3.253051
2.110324
2.193301
3.142479
2.076687
2.110324
3.390801
2.499321
2.405708
2.404176
2.113607
2.223345
3.210636
3.275946
2.283823
2.952079
3.227911
3.292077
3.210636
3.257354
2.598639
2.956032
3.422728
3.390801
3.535254
2.365021
2.598639
2.407388
2.536754
2.037222
2.486494
2.524854
3.319953
2.651580
2.629743
2.536894
2.434987
1.962782
2.110542
2.722624
2.961102
2.566499
2.227957
2.248932
2.904489
2.143424
2.683535
2.471754
2.365482
3.189875
3.016556
2.028190
2.689074
2.365482
2.892983
1.906356
2.021622
3.335383
3.447716
2.803396
2.913144
3.007522
3.007522
2.858927
2.856767
2.659995
3.157245
3.025907
3.020045
2.870284
2.549977
1.433150
1.392623
1.243513
1.908242
2.093546
2.190388
1.728770
1.357331
2.434371
1.964494
1.800681
1.879461
1.968561
1.971996
2.700876
2.886825
2.977123
2.733558
2.676027
2.214374
2.809280
2.209661
2.665391
3.141817
2.579553
2.319434
2.319434
3.141817
2.516368
2.931892
3.150964
3.230176
3.341204
2.299070
2.543428
3.095531
3.095531
2.283823
2.566585
2.089545
3.446918
3.381931
3.285227
3.219805
3.227911
3.257354
3.220057
3.285227
2.089545
2.358868
3.323523
3.185484
2.026231
3.062753
3.227182
2.922532
2.579285
3.094641
3.086320
3.133582
2.722624
2.805318
2.676563
2.995533
3.095047
2.574361
2.568196
3.344512
3.326221
3.275269
3.267401
3.087749
3.353267
3.371608
3.028738
3.038454
3.237071
2.854551
1.352470
1.243513
2.190388
2.658144
2.187995
1.640072
1.728770
0.967146
1.330857
1.733433
2.102104
2.040402
1.787100
1.949118
1.721666
1.854565
2.102104
1.872551
1.583315
2.700876
2.455920
2.552161
2.779444
2.494214
2.756744
2.764433
2.583826
2.587449
2.865411
2.213023
2.536179
2.595351
2.179480
2.989411
2.423850
3.018815
3.098337
2.219796
2.839365
3.095531
2.977357
3.142479
3.251837
2.226665
2.785152
2.931892
3.240572
3.176633
2.317370
2.193301
3.095531
3.142479
2.161895
3.181714
3.153700
2.075873
1.979804
2.956032
3.220057
3.016454
3.300390
3.085751
3.219805
2.358868
2.862940
2.862940
2.460455
2.070073
3.319953
3.227911
3.227911
2.781256
2.186511
2.358868
3.121851
2.460455
3.134818
3.465697
3.025945
2.414518
2.087046
2.508703
3.018505
2.683535
3.167723
3.169523
2.683218
3.038454
2.579661
2.489831
2.437776
2.422252
1.128588
1.152525
2.292636
1.728770
2.092186
1.456244
1.297420
2.013068
2.092186
1.790089
1.519518
1.618994
2.057709
1.475933
2.669710
2.778378
2.757230
2.580191
2.669041
2.660885
2.733558
2.756744
2.782110
2.620317
2.571099
2.262849
2.989411
2.743448
2.324653
2.656110
2.141067
2.918747
2.090999
2.186132
2.665391
3.127450
2.485230
3.101339
2.984086
3.127450
3.192494
2.532825
2.953775
3.312075
3.312075
2.522776
3.052548
3.070019
3.053747
3.041544
3.022688
2.161895
3.402222
3.190548
2.425632
3.134818
3.169881
2.475641
3.146073
3.072165
2.414518
2.128081
3.169686
3.185484
2.631960
3.307592
2.474882
2.101498
1.950255
3.124518
3.032071
2.771920
2.763091
3.021584
3.131940
3.061527
2.886794
2.863023
2.892983
2.976763
2.954082
3.056985
3.189393
3.067412
2.927953
3.042951
2.830950
2.830950
2.659995
2.856767
2.673766
2.792999
2.780409
2.670059
3.028738
2.830950
2.687207
2.579661
2.656440
2.589089
2.492801
1.352470
1.071073
1.152525
1.698273
1.808608
1.887068
2.011019
1.373947
1.192916
2.092186
1.913912
0.917702
0.888562
2.304558
1.899502
1.973459
2.021606
0.882928
1.542258
1.495396
2.611119
2.600938
2.656873
2.756744
2.572741
2.469003
3.018815
2.636509
2.785152
2.920445
3.127450
2.576099
2.919133
2.504508
3.096987
3.240572
2.878808
2.878808
2.300023
3.324281
3.190548
2.818292
2.970674
2.970674
3.219087
3.190548
3.153700
2.533562
3.161772
3.293661
3.210815
3.053490
2.969518
2.425632
3.078112
2.556462
3.130209
2.955733
3.134818
3.134818
3.307592
3.080109
3.032071
3.021584
3.021584
2.996947
3.135554
3.021584
2.886061
3.184233
3.206682
2.855116
2.970230
2.932039
3.093874
2.929157
2.929157
2.792999
2.816100
2.867668
2.647557
2.656440
2.335619
2.166258
2.166258
1.627236
1.982025
2.076729
1.264333
1.713254
1.803872
0.855278
1.856308
1.788659
1.954396
2.117666
0.878178
1.733433
1.742311
1.733433
2.647448
2.815674
2.676027
2.782110
2.764433
2.391299
2.363912
2.520323
2.620317
2.146959
2.184186
2.188502
2.918747
2.572741
2.630109
2.469003
2.982997
2.880687
2.455094
3.101339
2.382490
2.700314
3.127450
2.479297
3.150964
2.394101
3.069455
3.070019
2.592942
3.300390
3.085751
2.722683
2.515512
2.370431
3.262133
3.286016
3.210815
3.250145
2.862196
3.077493
2.939610
3.052245
2.690564
2.878052
2.515813
3.109171
2.964278
3.072165
2.671948
2.693582
2.803154
2.693582
3.110055
3.202290
3.021584
2.882112
2.826623
2.843839
2.673766
2.670059
2.601596
2.766569
2.561272
2.281588
2.491285
2.117069
2.439435
1.057795
0.998866
0.908016
2.370271
2.149943
2.191877
1.991388
1.959435
0.830631
2.064937
1.704234
1.939248
1.744888
1.652936
1.973459
1.973459
1.621185
2.461496
2.415866
2.353912
2.520323
2.575203
2.316252
2.058839
2.577605
2.520887
2.545523
2.991305
2.136715
2.665391
3.127450
2.460842
3.095980
3.095980
2.690274
2.599077
2.226665
2.902324
2.855217
2.805403
2.300023
2.878808
2.450651
3.134906
3.293661
2.727774
3.087617
3.078112
2.909640
2.955733
3.100679
2.981615
3.033889
3.123005
2.888683
3.001082
3.151609
3.005959
2.775966
2.995643
3.045064
2.915029
2.841493
2.976233
2.677401
2.626714
2.775975
2.466602
2.582807
2.160254
2.336161
2.481518
2.494421
2.485663
2.248279
2.020822
2.192013
2.334229
2.449776
1.332597
1.895773
1.596666
1.456244
1.858462
1.688290
1.773081
2.021606
2.077940
1.731695
1.856308
0.842444
1.790089
1.904775
2.500292
2.488758
2.527666
2.569356
2.569540
2.678081
2.253613
2.765423
2.840039
2.434418
2.982997
2.656565
2.511920
2.511920
2.991305
2.131099
2.991305
2.991305
2.460842
2.460842
2.635591
3.069455
3.069455
3.034783
2.549700
2.855217
2.837015
2.917953
2.955610
2.436213
2.242116
2.783180
2.685517
2.734022
3.139945
2.495958
2.909640
3.161772
3.107575
3.294805
3.040350
3.055800
2.566583
3.134818
3.151609
3.149646
3.309876
2.967921
2.923722
2.797407
2.694078
2.913978
2.807149
2.769386
2.862888
2.845500
2.750311
2.800558
2.645069
2.561272
2.587814
2.534326
2.439435
2.492892
2.582807
2.492892
2.505036
2.490771
2.221855
2.439435
2.336161
2.271914
2.097106
2.004929
1.156642
1.413236
1.503370
2.304558
2.137205
0.872778
1.675725
0.887417
1.560592
1.229754
1.310263
1.477003
1.448372
2.585812
2.576755
2.569540
2.484837
2.517217
2.652425
2.575203
2.527010
2.121996
2.188502
2.533438
2.142055
2.802815
2.818113
2.694776
2.614571
2.563303
2.549700
2.467651
2.716567
2.599734
2.933541
2.629525
2.733457
2.583490
2.635591
3.069455
2.958910
2.672592
2.746489
2.767276
2.879542
3.059345
2.814952
3.150947
2.652744
2.865781
2.897678
3.006308
2.559168
2.658865
2.913978
2.811541
2.930727
2.927648
2.783838
3.082256
2.781031
2.750311
2.845500
2.704920
2.775975
2.715703
2.750311
2.647794
2.586325
2.690685
2.587814
2.543359
2.524086
2.424338
2.245907
2.688379
2.334039
2.336161
2.648645
2.041648
2.164078
2.158165
2.260653
2.256120
2.218199
1.332597
2.020822
0.872778
0.964588
1.156642
1.057795
1.688290
1.717118
1.639409
1.738375
1.092499
1.188591
0.978757
1.678442
2.712391
2.452284
2.337478
2.614235
2.536017
2.589876
2.512066
2.294719
2.765423
2.607405
2.121996
2.420728
2.373063
2.944677
2.661534
2.401013
2.884863
2.819548
2.818113
2.933541
2.910113
2.671288
2.167810
2.651990
2.778596
2.364536
2.583490
2.783180
2.743147
2.746646
2.837015
2.935370
3.105367
3.161772
2.959687
2.955610
2.888683
3.048094
2.517927
2.959451
2.858719
2.842309
2.981615
3.107375
2.842309
3.064367
3.033889
2.757869
2.807149
2.839720
2.766378
2.944562
2.767064
2.758095
2.775975
2.730120
2.451714
2.504066
2.466602
2.439435
2.396941
2.529504
2.066907
2.049327
2.042447
2.136680
2.178027
2.274893
2.138212
1.413236
2.009391
1.957554
1.285730
1.367486
1.966267
0.896726
1.137328
1.966267
2.002245
0.922129
1.431706
1.793079
1.675725
1.736185
1.687227
2.485297
2.492015
2.397159
2.536017
2.573090
2.344183
2.344183
2.344183
2.693136
2.729357
2.694705
2.562592
2.562592
2.365121
2.216060
2.216060
2.782020
2.818113
2.818113
2.674057
2.933541
2.842666
2.268965
2.685517
2.819909
2.816428
2.765280
3.149646
2.825801
2.776347
2.967484
2.967484
2.934691
2.967484
2.842309
2.864876
2.923722
2.843537
2.845318
2.799002
2.757869
2.978995
2.824852
2.815113
2.883666
2.763454
2.805023
2.805242
2.805023
2.683023
2.451714
2.626714
2.539832
2.369167
2.311136
1.775577
2.066908
2.103421
1.067119
1.067119
2.127497
0.982422
1.137328
1.137328
1.970307
1.366224
0.850286
1.145303
1.007796
1.285257
1.795272
1.485660
2.495967
2.447736
2.584526
2.584526
2.517217
2.509001
2.611771
2.756898
2.653857
2.340833
2.401013
2.373063
2.268965
2.258749
2.867040
2.792194
2.363272
2.804019
2.685517
2.910113
2.958910
2.954307
2.981795
2.824126
2.986094
2.655263
2.842309
2.842309
3.048094
3.026824
2.658865
2.803665
2.864876
2.964577
2.739722
2.739722
2.979779
2.869379
2.755860
2.979779
2.791008
2.828262
2.944562
2.791659
2.808590
2.746694
2.897027
2.671424
2.741153
2.683023
2.741153
2.667367
2.339773
2.344993
2.272591
2.427833
2.211369
2.129244
2.200008
2.041648
2.201979
1.910587
2.103421
1.804251
1.939542
1.939236
1.962215
1.687227
1.939542
1.285730
1.210213
1.366224
1.655063
1.621063
1.137328
1.775577
1.706407
1.835156
1.774175
2.485297
2.502129
2.393401
2.487623
2.406653
2.492015
2.633808
2.550725
2.363912
2.633808
2.729357
2.412237
2.583490
2.818113
2.654581
2.935370
2.510899
2.804019
2.412237
2.685517
2.834571
2.917021
2.559168
2.517927
2.622941
2.927956
2.927956
2.843537
2.591886
2.812565
2.950807
2.882130
2.964577
2.811541
2.845318
2.687399
2.779979
2.797669
2.805242
2.815113
2.655062
2.828070
2.629391
2.683023
2.582541
2.042447
2.049327
1.910587
2.042447
2.066907
2.042447
1.889392
1.795272
1.745915
1.951922
1.663496
1.573710
2.512846
2.482804
2.576818
2.264586
2.307615
2.362758
2.578840
2.573090
2.263929
2.440889
2.582670
2.590560
2.705391
2.726804
2.782020
2.707781
2.735331
2.741650
2.434325
2.434325
2.791650
2.908262
2.886719
2.809488
2.500395
2.500395
2.815688
2.812565
2.909401
2.789972
2.909401
3.026260
2.757869
2.869379
2.766378
2.616029
2.705336
2.687836
2.404732
2.122317
2.245907
2.200008
2.026997
2.504510
2.483634
2.433682
2.512846
2.488247
2.532992
2.564214
2.626569
2.619581
2.590560
2.670268
2.766413
2.741650
2.675519
2.959687
2.545137
2.776975
2.741650
2.909310
2.758790
2.927956
2.545137
2.789972
2.789972
2.789972
2.616029
2.686905
2.686905
2.687836
2.687399
2.746361
2.437021
2.750556
2.541502
2.256209
2.127266
2.371222
2.152413
2.152413
2.306886
2.135559
2.129244
1.835045
2.400321
2.395077
2.414889
2.414124
2.487623
2.321823
2.321823
2.267418
2.446702
2.578840
2.488792
2.586068
2.672745
2.217593
2.446702
2.548878
2.631500
2.670268
2.529324
2.539243
2.760373
2.844027
2.591886
2.797979
2.737364
2.757352
2.622962
2.909401
2.866171
2.675732
2.537525
2.666470
2.712860
2.692158
2.820435
2.687836
2.563348
2.528489
2.386743
2.399894
2.475397
2.212388
2.026997
1.983743
1.765134
1.829740
2.415085
2.381387
2.514090
2.223868
2.303460
2.444254
2.699880
2.378368
2.480724
2.433027
2.602602
2.625205
2.820135
2.622962
2.737364
2.794137
2.830727
2.509153
2.622962
2.745406
2.523247
2.535188
2.316914
2.212388
2.303767
2.213173
1.903163
1.983743
1.993930
1.824974
2.381387
2.420948
2.502129
2.409543
2.303460
2.514090
2.612973
2.491046
2.602602
2.444254
2.491046
2.402538
2.755713
2.618545
2.602602
2.797329
2.625205
2.433604
2.927956
2.608886
2.379308
2.794137
2.625205
2.781916
2.597923
2.745810
2.662680
2.303767
2.106416
1.896921
1.903163
1.900135
1.984280
1.969207
1.673913
2.396553
2.320312
2.346740
2.559316
2.455353
2.255628
2.269776
2.559316
2.609965
2.577499
2.792154
2.609965
2.821898
2.306221
2.821898
2.823048
2.830727
2.517913
2.364006
2.528489
2.485990
1.683776
1.817132
1.766563
1.763870
2.311502
2.533061
2.267418
2.369315
2.281719
2.176916
2.171725
2.202937
2.559316
2.316682
2.613906
2.588401
2.613906
2.392513
2.755713
2.466367
2.580523
2.668432
2.711617
2.615015
2.609965
2.689175
2.379308
2.523247
2.515605
2.135038
2.074244
1.817132
1.814528
1.694815
1.758713
1.683776
2.288237
2.414889
2.311502
2.320791
2.526274
2.164955
2.613906
2.449602
2.380756
2.635717
2.316682
2.449602
2.466616
2.484752
2.429480
2.478831
2.711617
2.711617
2.482627
2.489754
2.461629
2.403057
2.537525
2.260799
2.142047
2.405590
2.074760
1.918586
2.034444
1.639945
1.694815
1.676683
1.762282
2.311502
2.316660
2.322000
2.279919
2.429434
2.424641
2.424641
2.526274
2.239366
2.316682
2.224545
2.273273
2.792154
2.160050
2.668789
2.429480
2.429480
2.416781
2.640211
2.525675
2.509153
2.484752
2.711617
2.711617
2.473179
2.466105
2.461629
2.468278
2.614060
2.566709
2.459416
2.109880
1.918586
1.936653
1.937521
1.710419
1.595362
2.288237
2.230676
2.187221
2.282284
2.306769
2.425960
2.313171
2.355193
2.424641
2.239366
2.164955
2.106761
2.223141
2.635717
2.088228
2.285020
2.466367
2.288340
2.478831
2.320477
2.496027
2.544898
2.456628
2.473179
2.513640
2.505341
2.385328
2.074760
1.923297
1.822092
2.191785
2.282284
2.313171
2.404288
2.310656
2.191785
2.106761
2.037727
2.147962
2.122768
2.194477
2.123449
2.668789
2.670278
2.635887
2.288340
2.349841
2.453918
2.335568
2.327814
2.525675
2.691651
2.335568
2.544898
2.349717
2.349717
2.328880
2.161403
2.379843
2.379843
2.050105
2.194338
1.592099
2.191785
2.391948
2.255391
2.241010
2.224545
2.458976
2.147962
2.458976
2.122768
2.194477
2.259132
2.377358
2.209409
2.349717
2.326585
2.538911
2.150012
2.465614
2.466480
2.364006
2.222811
2.052649
2.181579
2.343459
2.104283
2.259528
2.016563
1.683776
1.599312
2.259746
2.306769
2.360679
2.115373
2.138661
2.007418
2.492279
2.223141
2.204777
2.088228
2.167321
2.040640
2.516416
2.227382
2.337321
2.469760
2.525675
2.496027
2.496027
2.375230
2.328880
2.466480
2.246340
2.328880
2.404528
2.217908
2.098236
2.223640
2.181579
2.181579
2.002985
1.987926
1.907688
2.029609
1.541996
1.673913
2.183958
2.239183
2.152240
2.298908
2.060996
2.350327
2.492279
2.026955
2.170037
2.149676
2.349841
2.091891
2.184978
2.345816
2.250695
2.142902
2.227382
2.263159
2.328880
2.197953
2.362157
2.077956
1.832027
1.719776
1.723540
1.723540
1.494377
2.205209
2.146367
2.205209
2.239183
2.167822
2.152240
2.265472
2.334941
1.988917
2.281627
2.266452
2.350327
2.375144
2.148896
2.130529
2.078776
2.263159
2.260065
2.146236
2.017828
2.217530
2.317917
2.217530
2.390038
2.017828
2.161403
2.121065
2.271433
2.326921
2.120431
1.986676
1.822511
1.719776
1.722309
1.826953
1.734938
1.689637
1.566479
1.623752
1.583067
2.211263
2.275394
2.237732
2.060996
2.026955
2.060996
2.381910
2.334941
2.214701
2.027478
2.170037
2.261892
2.352739
2.516416
2.101462
2.337321
2.196345
2.375230
2.197953
2.131442
2.242183
2.121065
1.986676
2.050105
1.919451
1.504475
1.520925
2.187357
2.187357
2.177413
2.026955
2.244984
2.209511
1.997206
2.168535
2.307591
1.946639
2.165049
2.121823
2.130094
1.932010
2.196345
2.082068
2.058027
2.177676
2.345816
2.192835
2.197953
2.367408
2.161403
2.194393
1.956763
2.098316
1.917333
1.865328
1.622371
1.463881
1.584301
2.082515
2.109605
2.047806
1.882534
1.946639
2.150563
2.150820
2.214701
2.193167
2.055880
2.130529
2.135189
2.014974
2.209723
2.250695
2.081189
2.111980
2.111980
2.183314
2.088588
2.088588
2.052278
2.083329
2.004164
2.001543
2.107435
2.026728
1.867640
1.800521
1.627588
1.616922
1.594709
1.506663
1.482033
2.066411
2.082515
1.997206
2.115758
2.029652
2.077338
2.090559
2.175946
2.055880
1.997206
2.077338
2.123441
2.183314
2.082068
2.017828
2.153144
1.969442
1.917333
1.836394
1.806893
1.865328
1.797307
1.797307
1.722309
1.585968
1.627588
1.965960
1.991008
2.091839
1.946639
1.870768
2.177279
2.202776
2.068634
2.130529
2.061349
1.968446
2.094122
2.127419
2.017030
2.181613
2.196345
2.236869
1.962315
1.997716
2.033110
1.876309
1.931856
1.820189
1.969442
1.890821
1.722649
1.918419
1.748125
1.674250
1.791405
1.791405
1.791405
1.712366
1.722309
1.691035
1.691035
1.723638
1.619439
1.617899
1.835438
1.932010
1.992738
2.067613
1.870768
2.042978
2.034320
1.833638
2.023794
2.061349
1.985729
2.006218
2.053197
1.875839
2.135189
2.209723
1.981304
2.053920
1.845842
2.088588
2.183314
2.032765
2.058027
1.852514
2.088588
1.854666
1.869953
1.789976
1.829658
1.758855
1.674250
1.698087
1.604383
1.612941
1.697621
1.600399
1.600399
1.607254
1.607925
1.611312
2.005080
1.835438
1.870768
1.912665
1.972103
2.006218
2.145326
1.855552
1.865531
2.053197
2.062838
1.859023
1.970264
1.890821
1.786184
1.674250
1.612941
1.607925
1.608095
1.991008
1.868400
1.856012
1.972399
2.042978
2.037137
1.809335
1.916666
1.898736
2.023794
1.867229
1.907514
2.043971
1.998492
1.809386
1.940304
1.940304
1.820189
1.674743
1.890821
1.655225
1.695162
1.655225
1.621829
1.565213
1.501584
1.615696
1.600399
1.608095
1.450252
1.786412
1.870768
1.780425
1.809335
1.931021
1.879470
1.970864
1.985729
1.859633
2.012997
1.916666
1.889630
2.015999
1.962315
1.857722
1.870730
1.997716
1.932438
1.806396
1.841678
1.722649
1.621829
1.674250
1.578840
1.490921
1.612941
1.534271
1.443031
1.786412
1.786412
1.856012
1.878486
1.868400
1.910867
1.859023
1.865849
1.747229
1.889630
1.859677
1.856403
1.776015
1.819746
1.621829
1.687666
1.565213
1.513967
1.443096
1.830546
1.859633
1.780516
1.903330
1.718764
1.903330
1.729559
1.745623
1.633285
1.660061
1.655225
1.695162
1.772639
1.361529
1.800870
1.715501
1.830546
1.887978
1.667870
1.870730
1.761553
1.894481
1.898124
1.788061
1.759957
1.747229
1.728861
1.697708
1.626140
1.627146
1.671685
1.756133
1.339299
1.441939
1.442618
1.443031
1.683248
1.760558
1.760558
1.667870
1.582034
1.754230
1.755026
1.759046
1.759046
1.769680
1.769680
1.728861
1.772639
1.602357
1.478947
1.578840
1.635650
1.754016
1.757839
1.635650
1.747634
1.542368
1.667870
1.732324
1.734773
1.816804
1.585400
1.745624
1.633285
1.575640
1.655225
1.522427
1.426910
1.369370
1.360959
1.599816
1.542006
1.660181
1.729559
1.732309
1.633285
1.584917
1.525285
1.401953
1.562565
1.582034
1.628596
1.729137
1.607783
1.628920
1.582474
1.521490
1.531922
1.581808
1.495503
1.487286
1.495503
1.649860
1.525285
1.562565
1.558255
1.596457
1.607783
1.626410
1.605703
1.514261
1.582474
1.542500
1.479723
1.553389
1.403349
1.500187
1.494341
1.460997
1.388483
1.388483
1.334556
1.275553
1.361838
1.355117
1.612541
1.612541
1.488864
1.576553
1.541233
1.539478
1.531067
1.541180
1.494945
1.431033
1.495503
1.431993
1.293899
1.321829
1.314715
1.472073
1.445254
1.473208
1.422359
1.486883
1.445254
1.401301
1.389839
1.420457
1.352260
1.350570
1.280159
1.284763
1.341846
1.337099
1.346558
1.302018
1.462774
1.422359
1.323128
1.350570
1.296466
1.346757
1.349828
1.299587
1.293899
1.462774
1.446163
1.434717
1.379508
1.362517
1.383494
2.531713
2.879377
2.769149
3.957158
3.958208
3.888476
2.212965
2.212965
4.417005
1.798283
1.798283
2.905064
2.851810
2.558899
2.164078
2.164078
2.232036
1.758855
1.758855
1.697621
1.697621
1.697621
1.697621
3.597625
3.595151
3.595151
2.546925
2.607179
2.278078
2.378800
