10268 1 3
0.713024
0.674895
0.735102
0.704317
0.681960
0.772143
0.752155
0.847628
0.755230
0.595930
0.915161
0.870598
0.784733
0.887280
0.734092
0.783713
0.734092
0.858677
0.950080
0.845979
0.852782
0.708403
0.722358
0.643095
0.664653
0.609103
0.585743
0.643095
0.589749
1.081025
1.207280
0.907904
0.926124
1.195802
1.314657
0.718295
0.855419
0.910297
0.924238
0.734092
0.871359
0.845979
0.868030
1.020323
0.704341
0.871359
0.742171
0.797467
0.755694
0.667534
0.669236
0.519891
0.499847
1.264585
0.964559
1.155985
1.020944
1.140104
1.250317
0.930141
1.103786
0.887357
0.947526
0.718295
0.859108
1.303085
0.873067
0.899171
0.861022
1.034815
1.023232
0.855020
0.959785
0.838716
1.013439
1.014706
1.014706
0.728466
0.652814
0.624318
0.764241
1.278348
1.415557
1.096565
1.286910
1.176560
1.584260
1.278348
1.441466
1.349035
1.103062
1.230772
1.168055
1.220620
1.230772
0.900897
1.023232
0.913944
0.972929
0.877304
0.970286
0.893255
0.929498
0.811097
0.789621
0.728466
0.781476
0.895403
1.013439
0.718300
0.669236
0.755694
1.522923
1.587834
1.659851
1.611481
1.187120
0.888177
1.585073
1.252977
1.279483
1.285687
1.212625
0.970043
0.904588
0.930141
1.020784
1.212650
0.941336
1.099479
1.020784
0.875959
0.906364
0.964181
0.999357
0.866675
0.866675
0.728466
0.666804
0.994220
0.728306
0.666804
0.818512
1.153428
1.403918
1.495157
1.413086
1.659851
1.587702
1.586566
1.617257
1.522923
1.695736
1.286910
1.433039
1.291973
1.245293
1.421712
1.564844
0.962368
1.198863
1.008217
1.101543
0.963456
0.899171
1.006420
0.871359
1.144656
1.348722
0.971156
1.168127
0.969834
0.794732
0.754405
0.666804
0.768973
0.858799
1.493670
1.495157
1.385220
1.579985
1.573653
1.554007
1.573653
1.226179
1.557250
1.564844
1.418459
1.320444
1.587702
1.441130
1.229852
1.036747
1.087717
1.377025
1.006420
1.098300
1.018236
0.915795
0.982211
0.994740
1.054249
1.009703
0.994740
1.151765
1.240766
0.794732
0.831508
0.885849
0.883701
0.609478
0.839583
1.363898
1.078605
1.466638
1.493670
1.683725
1.537173
1.441466
1.435902
1.695736
1.081674
1.770870
1.226179
1.194897
1.088159
1.195122
1.046566
1.079147
1.441130
1.212650
1.290954
1.175086
1.582174
1.144656
1.086001
1.010033
1.004291
0.931738
1.020026
0.832563
0.926495
0.888803
1.177203
0.857804
0.831508
1.679505
1.305333
1.447215
1.626599
1.292493
1.235097
1.434122
1.363066
1.792752
1.841686
1.920944
1.741331
1.442744
2.023488
1.696051
2.001118
1.337761
1.931667
1.605545
1.968506
1.860553
1.584260
1.091978
2.028937
1.632053
1.653769
1.441466
1.599971
1.993921
1.038503
1.789280
1.100374
1.229852
0.919177
1.377025
1.377025
1.377025
1.006420
0.980301
1.197732
1.197732
1.153351
1.012154
0.954710
1.153428
1.515072
0.958364
0.950837
0.889113
0.947634
1.744982
1.744982
1.653226
1.255310
1.586368
1.971791
1.427698
1.821063
1.450379
1.818354
1.861384
2.024506
2.024506
2.040681
1.965011
1.537173
1.584732
1.413086
1.506457
1.252977
1.130239
1.695194
1.465481
1.285687
1.789280
1.506457
1.285687
1.051233
1.679509
1.045602
1.063668
1.191654
1.184769
1.124774
1.638369
1.046775
1.046775
1.240766
1.092939
0.958364
0.831508
1.017650
1.017650
0.916056
0.839583
1.524151
1.343562
1.626599
1.907571
1.730841
1.653226
1.433597
1.811525
1.685845
1.828514
1.815139
1.685791
1.860553
1.246198
2.016556
1.752862
1.517406
1.549417
1.656305
1.965011
1.704237
1.966172
1.506457
1.638321
1.302039
1.425406
1.290954
1.370614
1.370614
1.097815
1.035789
1.278395
1.024797
1.247573
1.156172
1.247573
0.985137
0.954710
0.958364
0.963630
0.813001
0.958364
0.868210
1.044900
0.995430
1.768330
1.823620
1.399215
1.834232
1.956217
1.704534
1.498614
1.745017
1.730841
1.191621
0.905722
2.296293
1.883774
2.290022
2.138122
1.971791
1.148753
2.023488
2.040681
1.160519
1.217723
1.292900
2.302457
1.429427
1.184073
2.246233
1.219335
1.115807
1.882993
1.148493
1.087717
1.275775
1.771511
1.572439
1.515928
1.132349
1.827537
1.771146
1.356018
1.261141
1.507600
1.507600
1.092215
1.028257
1.122039
1.504672
1.102776
1.322550
1.132524
1.040279
0.919747
0.967260
0.877872
1.648370
1.460223
1.662386
1.823494
1.700026
2.064174
1.210835
1.588063
1.261843
1.834232
1.938511
1.855462
2.214111
2.072904
1.248433
1.106289
1.855462
2.072904
2.290022
1.850966
1.896417
1.129430
2.032422
1.861384
2.000256
1.292900
1.724212
2.032422
1.818354
2.256256
2.341123
2.246233
2.153296
2.256256
2.220408
1.205627
1.137889
2.246785
1.967188
1.281827
1.225868
1.762622
1.811027
0.959593
1.060509
1.827537
1.827537
1.138835
1.386912
1.578058
1.229357
1.452930
0.985126
1.022293
1.580738
0.994228
1.497399
1.121667
1.121667
1.373589
0.871641
1.137596
1.122677
1.228834
1.465641
1.508362
1.683628
1.658661
1.693311
1.610494
1.658661
1.795328
1.700026
1.884534
1.594773
1.956217
1.299993
1.716119
1.190445
1.876024
1.482155
1.665114
1.235165
1.699883
1.617196
1.744838
1.196412
1.156377
1.824439
1.850391
1.629866
1.824439
2.226184
1.115883
1.473495
2.581614
1.761439
2.341123
2.256256
1.129384
1.086327
2.120336
1.967188
1.058407
1.275775
1.679509
0.988264
1.039974
1.128696
1.771511
1.615410
1.658495
1.518700
1.578054
1.771146
1.497917
0.990672
1.022293
1.518700
1.677317
0.910403
1.677317
0.950756
1.006253
1.537937
0.960090
1.172351
1.470930
1.431472
1.505763
1.698867
1.521696
1.521696
1.029850
1.869703
1.787623
1.869703
1.165379
2.026206
1.183560
1.289186
2.072904
1.850391
1.781927
2.290022
2.583690
2.550140
2.387479
1.247746
2.387479
1.129384
2.251172
2.341123
2.080416
1.038970
2.165479
1.107048
1.281827
1.421755
1.275775
1.275775
1.472059
1.281827
1.992674
1.536106
1.569369
1.567406
0.994228
1.064706
1.180547
0.994228
1.670687
1.602770
1.373589
1.005997
1.419017
1.842944
1.674312
0.916863
1.895714
0.988984
1.795328
1.893360
1.564666
1.863712
1.956217
2.119469
1.372246
1.731066
2.147518
2.072904
2.200890
1.938058
2.200890
2.251158
1.781927
1.537027
2.550140
2.302457
2.387479
2.114363
1.225926
1.647405
1.115498
2.581614
1.115498
0.988294
0.988294
1.401982
1.519144
0.934586
1.516503
2.409244
2.409244
1.590962
1.404043
1.117377
2.501790
1.401982
2.246785
2.113527
1.771511
1.352010
1.540583
1.719921
0.990672
1.099074
1.578054
1.053207
1.444989
1.198731
1.102776
1.180547
1.077067
1.115962
1.203173
1.089363
1.093248
1.123933
1.516998
1.284893
1.663663
1.752188
1.575696
1.763802
1.631473
1.707905
1.707905
1.324497
1.624435
1.631473
1.892310
1.811553
1.944228
1.615493
1.615493
2.147518
2.239500
2.024318
1.781927
1.265658
2.138122
1.629866
1.621045
2.290022
1.225926
1.265658
1.142071
1.115498
2.581614
2.581614
2.651112
2.021609
2.165479
1.581429
2.465682
2.501790
2.220408
2.441220
1.298073
1.066443
1.719921
1.549003
1.271875
0.990411
1.070636
1.572244
1.832069
1.016677
1.016677
1.016677
0.961738
0.961738
1.583726
1.687510
1.742552
1.044806
1.220438
1.024023
1.477472
1.664524
1.564265
1.965518
1.618218
1.892310
1.580994
1.791929
2.039549
1.880429
2.216165
2.147518
2.008066
2.286326
2.147518
2.128185
1.880429
1.938058
1.134291
1.287135
1.651025
1.815139
1.938058
2.200890
2.063092
2.326952
2.326952
2.178742
2.583690
1.922626
1.512689
2.439842
2.550140
1.512689
1.055362
2.535805
2.550140
1.343116
2.114363
1.111202
1.030750
0.952246
1.142071
1.201141
1.042848
0.952246
0.868109
1.038885
0.988294
2.540450
1.005529
2.409153
1.235971
1.048738
1.558797
1.719921
1.388194
1.558797
0.881948
1.761597
1.812711
1.761597
1.676842
0.892473
1.446083
1.203173
0.969789
1.645600
1.393152
1.513721
1.477472
1.569679
1.451866
1.793504
1.423492
1.947726
1.939722
1.763802
1.882367
1.915455
1.871722
2.053036
1.861406
1.604072
1.899065
1.892310
2.108672
1.799089
1.938058
2.147518
2.276513
1.447880
1.549714
2.715590
1.287135
2.276513
1.153432
1.413693
2.326952
2.439842
1.519144
2.581614
2.614887
2.443452
1.076857
1.018217
2.457151
1.094769
1.037004
1.202478
2.457151
2.055016
1.343116
2.465682
2.664844
2.687478
1.404043
1.009126
2.350657
2.465682
2.409244
1.931871
2.144007
0.972201
0.966248
1.687648
1.209281
1.577890
1.726761
1.557730
1.418464
1.087919
1.557730
0.993819
1.778601
1.872330
1.415102
1.053207
0.992693
1.254904
1.410244
1.646286
1.588319
1.939722
1.494947
1.414555
1.721177
1.812710
1.750934
1.785427
1.785500
1.624435
1.361774
1.965518
1.823861
1.944228
1.755049
1.299693
1.265822
2.130270
2.449696
1.922626
1.573644
1.549714
2.201601
1.305854
2.415527
2.535805
2.496463
2.063377
2.415527
1.628474
2.415527
2.535805
2.535805
2.391997
1.131226
0.868109
0.781287
2.604441
1.111202
1.111202
2.443452
2.392524
2.350657
2.687478
1.498757
2.155905
2.414370
2.320519
1.660375
2.455725
1.607006
1.549003
2.102103
1.726761
1.862257
1.418464
1.941924
1.330816
1.177064
1.075470
1.020795
1.612183
1.779589
1.779589
1.257172
1.190071
0.942127
1.505668
1.505668
1.625624
1.705717
1.705717
1.937913
1.850857
1.582092
1.894806
1.093930
1.829787
1.657475
1.657475
1.893828
1.893828
1.656923
2.023224
1.955978
1.869690
1.899065
2.041639
1.785500
1.396136
1.284092
1.708449
1.945861
1.880429
2.117115
2.239500
2.449696
1.736823
1.911337
1.732743
1.210459
2.200890
2.449696
2.178742
2.449696
1.311539
1.577124
2.165820
2.320841
2.768217
1.402412
1.077724
1.087941
1.498757
2.415527
2.443452
1.082817
1.305854
0.868109
1.201141
1.381999
2.065955
2.155905
2.347779
2.480680
2.421672
2.656295
2.095352
2.320519
2.134696
1.660375
0.971234
1.660375
1.299169
1.295359
1.552900
1.593565
1.381398
1.113989
2.102103
1.772919
1.802694
1.020818
1.841255
1.557730
1.020818
0.993819
2.023646
1.093325
1.969804
1.780865
0.860570
1.752754
1.760642
1.340481
0.993101
0.982766
1.295442
1.602912
1.492167
1.195468
1.427107
1.614417
1.442261
1.608063
1.625624
1.582092
1.601882
1.922058
1.821379
1.915455
2.023224
1.821379
2.010990
1.341389
1.817200
2.079624
2.010990
2.062119
1.388448
1.751569
2.017616
2.201601
2.104941
2.201601
1.911337
1.577124
1.236906
1.651025
1.138785
1.305854
2.184868
1.336802
2.187326
2.302279
1.064736
2.423091
1.306345
2.305214
2.305124
2.529111
0.982652
1.295359
2.305124
2.394967
2.480680
2.144007
0.919898
0.946679
2.456586
1.660375
2.294846
2.160512
2.013966
1.043657
0.962356
1.607006
2.229332
1.005229
1.802694
1.628283
2.284426
1.607006
1.145081
1.263302
1.850819
1.790571
1.553203
1.020795
1.079162
1.584045
1.079162
1.391450
1.568200
0.933556
1.306750
1.240139
1.712739
1.634469
1.804405
1.516410
1.645063
1.762122
1.495296
2.000683
2.019333
1.563534
1.508899
1.286752
1.420612
1.812710
2.000736
1.964060
2.079624
1.629276
1.809985
1.809985
1.899065
2.114795
2.130270
2.068417
1.540000
2.091941
2.313747
2.068417
2.189196
2.076367
1.845861
2.322616
1.523493
1.651025
2.239500
2.568259
2.449696
2.276513
1.976088
2.264461
2.063377
1.402856
1.472049
2.423091
2.220164
2.643013
0.950301
2.350657
2.305124
2.320519
2.357911
2.385422
2.599000
2.500636
2.540501
2.365943
2.202482
1.980436
1.980436
2.534353
2.656295
0.967823
2.046000
1.295359
1.497669
1.552900
1.226618
1.019072
1.082710
1.214920
1.764159
1.418464
1.607439
1.002076
1.002076
1.705715
1.430905
1.845515
1.066884
0.939700
1.364669
1.321062
1.728428
1.254497
1.424098
1.906472
1.416363
1.762122
1.626056
1.817725
1.976548
1.615656
1.922790
1.793504
1.850857
1.406856
2.079624
2.000683
1.961682
2.076367
1.910368
1.809985
1.448333
1.899065
2.081562
1.910368
1.430737
1.299693
1.328368
2.263920
2.197650
1.685508
1.582108
1.582108
2.568259
2.076367
2.568259
1.540000
2.313747
2.568259
1.498320
1.388843
2.313747
1.577124
1.617343
2.063377
0.931563
1.847712
2.032871
2.187326
2.032871
2.241488
2.475504
1.557642
1.989965
2.071727
2.220164
2.441220
1.467584
2.540501
2.775614
2.357911
2.347372
1.994220
1.822971
2.246513
1.847383
2.171284
1.282258
1.628283
1.246717
1.652202
0.949342
1.860279
2.023646
1.967451
1.997989
0.942670
1.840402
1.987034
1.535548
1.321506
1.447561
1.517770
1.845515
1.422413
1.506364
1.036867
1.500057
1.695851
1.714337
1.950960
1.817725
1.933563
1.950960
2.088281
1.703808
1.859695
2.195074
2.214852
2.019554
1.961682
1.744067
2.084184
1.869690
1.623914
2.165603
1.639156
1.345536
1.238923
1.388843
1.582108
1.976088
1.614706
1.236906
1.236906
1.778935
2.063377
2.378449
2.546769
2.512787
2.063377
1.614706
1.778935
2.187326
2.854665
2.718780
2.719293
1.491547
1.243636
2.238206
1.989965
2.760485
2.664844
2.202482
2.261366
2.500636
2.465905
2.599506
2.190870
2.775614
2.748838
2.214141
0.949111
2.065955
1.994220
2.441654
2.403534
2.665960
1.593565
1.593565
1.536234
1.473212
1.652202
1.461658
1.642982
1.024334
0.961182
1.652202
2.019251
1.455608
1.680163
1.634758
1.987034
1.214920
1.888292
1.875926
1.016183
1.478249
0.913336
1.663980
1.871197
1.627011
1.752754
1.834793
1.047939
1.391552
1.274681
1.449146
1.674991
1.241689
1.752391
1.569079
1.709803
1.867026
2.079336
2.079336
2.019068
1.361774
2.036109
1.933563
2.000683
2.019068
2.047884
1.869690
1.677718
1.870246
1.963502
1.869690
2.104459
1.299693
2.081562
2.110066
1.299693
1.540000
1.557555
2.117166
2.313747
1.845494
1.746641
1.215181
1.238923
1.064555
2.655230
1.001881
0.940236
2.305214
2.458704
2.559194
2.137403
2.849070
2.718780
2.107186
2.911710
0.950147
0.946679
2.065955
1.497710
1.307037
0.933713
2.336309
1.510356
2.506415
2.668832
1.928085
2.437475
2.102103
2.585542
2.025081
1.392463
2.054694
2.011528
1.531430
1.607439
1.490791
1.328656
0.995445
1.895744
1.616383
1.035734
1.606021
1.608998
1.510812
1.888292
1.402206
1.469932
1.024001
1.082632
1.441195
1.086033
1.800897
1.712739
1.937968
1.495296
1.489668
1.671902
1.805017
1.997933
2.003397
1.933563
1.696502
1.587713
1.412679
1.869690
2.047884
2.041742
2.089410
1.343108
2.183227
1.955823
1.943711
1.639335
1.794287
1.925152
1.438763
1.428399
1.222005
1.299158
2.126494
2.126494
1.988303
1.222005
1.231076
1.845494
1.064555
2.551369
1.869483
2.579963
2.117166
1.778935
1.729592
1.778935
2.137403
2.475504
2.137403
2.201252
2.475504
1.967448
1.030156
2.760485
1.989965
2.107186
2.082962
2.685116
2.169983
2.107186
1.897842
1.954788
2.784825
2.668832
1.003893
2.536155
2.656295
2.437475
2.497106
1.076621
2.308838
1.628801
1.663448
1.517950
1.339756
1.888292
1.780691
1.560089
1.318707
2.089703
1.875926
1.267442
1.035734
1.091642
1.626814
1.626814
1.066884
1.578273
1.785471
1.079859
1.490125
1.129821
1.102321
1.216903
1.522907
1.489676
1.306538
1.178353
1.223746
1.228700
1.344801
1.764729
1.720207
1.754266
1.943374
1.951628
1.984984
1.821198
1.728276
1.937503
1.976548
2.036109
1.976548
1.942604
1.960622
2.089410
2.075890
1.432828
1.344978
2.115805
2.115805
1.633636
1.851239
1.578564
1.405615
2.323921
2.323921
2.447639
1.428399
1.632351
1.170300
1.851239
2.189005
2.028746
2.436828
1.149708
2.510967
1.045603
1.623914
2.057228
1.906402
1.844751
2.636126
2.551369
2.215492
2.579963
2.545540
1.001881
1.225181
1.576157
2.240519
1.465641
1.783096
1.783096
2.178800
2.201252
2.240519
2.137403
2.854665
1.078176
2.586299
2.169983
2.082962
2.786961
2.261366
0.978794
0.983654
1.968287
2.220164
2.701495
1.792180
1.954788
2.271992
1.013858
1.975983
2.442240
2.685116
2.271992
2.271992
1.895691
2.282662
2.066435
2.424467
2.506415
1.895691
2.727854
1.216484
1.413633
1.473212
2.264677
2.437475
1.212858
0.953060
2.264677
1.503067
1.195138
1.628801
1.733420
1.700370
1.895744
1.639970
1.073141
1.391966
2.082151
1.802847
1.678126
1.591446
1.525747
1.640061
1.473692
1.875926
1.193328
1.102321
1.427897
1.457745
1.746373
1.257722
1.025670
1.069255
1.178353
1.244953
1.701208
1.635218
1.662399
1.723958
1.576106
1.500057
2.225601
1.830741
1.595838
1.634801
1.937968
1.390073
1.628011
1.930630
2.239174
2.300421
2.160861
1.963502
1.930630
1.677718
1.647842
1.647842
1.947857
1.964060
2.047884
2.269149
1.964060
2.041742
1.925152
2.070639
1.403323
1.231076
1.708933
1.781341
1.608782
1.149708
1.345958
1.405615
2.001260
1.709134
0.941177
1.345958
1.352043
1.469558
2.586905
1.471950
1.903235
2.744067
1.469558
1.967448
1.595221
2.973285
2.169983
1.910558
2.082962
1.772094
2.314442
0.921515
1.761684
2.179640
2.727854
1.897842
1.980436
2.734289
2.777741
1.457142
1.591195
1.052003
2.535598
2.511544
1.897842
1.473212
1.216484
1.105324
1.091934
1.310855
1.476719
1.639046
1.791081
1.810870
2.389882
1.024334
1.318421
1.567954
1.751332
1.996452
1.996452
1.484935
1.079859
1.079859
0.887710
1.030873
1.213228
1.742141
1.663960
1.446275
1.770626
1.751332
1.574265
1.035734
1.107751
0.989964
1.340980
1.220983
1.613591
1.373656
1.390104
1.442678
1.184192
1.736632
1.723687
1.388653
1.388653
1.810154
1.810154
1.680048
1.824425
1.674991
1.758091
1.628599
1.568605
2.003331
2.322364
1.896817
1.878256
1.710360
2.338507
2.160861
1.931016
1.976548
2.014020
1.634801
1.351629
2.036109
2.041742
2.036109
1.947857
1.963502
1.771173
1.947857
2.249331
1.361050
1.900205
1.860843
2.261463
2.474336
1.361050
1.170300
1.731678
1.487468
1.610542
1.888200
1.708933
0.941177
2.476675
1.906402
1.574865
2.010711
2.215492
2.465142
2.534239
2.458704
2.454084
1.138149
1.576157
1.595221
2.337727
2.160604
1.772094
2.784331
1.772094
1.910558
2.397482
2.668499
1.460077
1.195138
1.591195
2.640716
1.377566
1.309830
1.437896
1.472069
1.551855
1.551855
1.519628
1.309830
1.437896
1.693585
1.342289
1.437896
1.630219
1.425600
1.489623
1.347044
2.082151
1.802847
1.525747
1.073141
1.066455
1.497142
1.514062
1.090260
1.483608
1.675324
1.473692
1.798253
1.216903
1.556872
1.614391
0.989132
1.049893
1.367709
1.277556
1.522907
1.476114
1.113972
1.180960
1.152007
1.041480
1.394083
1.607736
1.884895
1.742658
1.607736
1.653709
1.887623
1.615834
1.746332
1.851467
1.754266
1.642192
1.777476
1.984984
1.951628
1.284343
2.179033
2.195074
1.813684
2.256808
2.178711
1.949219
2.042720
1.604167
1.604167
2.116218
2.019068
2.334238
2.044473
1.885536
1.965890
1.930630
1.756385
1.555834
1.478150
2.361105
1.071121
1.588485
1.647842
1.405615
2.334238
1.403323
1.403323
1.781341
1.361050
1.170300
1.323906
1.930234
2.165603
1.263329
1.718457
2.582576
1.352043
1.478242
1.104263
0.941177
1.844751
2.036954
2.465142
1.294333
1.795708
1.652023
2.021652
2.180604
2.477964
2.703786
2.744067
0.955384
1.057325
1.595221
1.783096
1.518573
1.655534
1.439958
1.661676
1.478563
1.460077
2.292662
2.579441
2.579441
0.952217
1.216484
1.005059
0.998015
1.472069
2.660491
2.680655
1.103353
1.040005
1.365241
1.765748
1.066409
1.332415
1.489623
2.103781
2.203175
1.497142
1.217435
1.534234
1.996452
1.500429
1.488642
1.460773
1.331632
1.568431
1.107751
1.430869
1.429192
1.429192
1.492937
0.955966
1.049893
1.046469
1.363256
1.348248
1.484859
1.194353
1.388653
2.069800
2.133833
1.635518
1.635518
2.137090
1.678872
1.614665
2.007974
1.807694
1.676879
1.719265
1.851467
1.851467
1.650155
1.984419
1.851467
1.818674
1.975517
1.931016
2.044208
1.931016
1.998983
1.692400
2.175545
2.002092
1.633636
1.955371
1.689307
1.758974
1.619149
1.471841
1.931391
1.689307
1.659672
1.803538
1.806746
1.578564
1.335811
1.621440
1.335811
1.454779
1.332064
1.794978
1.454779
2.491772
1.614780
1.517164
1.196390
2.119147
1.162940
0.941177
2.215492
2.215492
2.456011
2.585152
2.210970
2.456011
1.255834
1.379023
2.747339
2.178800
1.420624
1.637411
1.518573
1.442644
1.561788
1.912733
2.556438
2.734289
1.367700
1.013336
2.557188
2.631679
1.524542
1.197296
0.979102
2.639883
2.660491
2.270056
1.389742
1.482370
2.577587
2.389882
2.639883
2.270056
1.120171
1.091934
1.007117
1.156322
1.193982
1.213228
1.574265
0.912357
1.488642
1.514062
1.393532
1.408854
1.036046
1.643835
1.518552
1.701208
1.478579
1.720790
1.926587
2.212848
1.707327
1.676879
1.780534
2.212713
1.818674
1.796764
1.663258
1.832578
1.279543
1.357682
1.972580
1.984984
0.934789
1.992810
2.256808
1.973721
2.325769
2.160861
1.574009
2.235480
1.654437
1.523013
1.829068
1.560078
1.610542
1.523013
1.442204
1.614780
1.764311
1.731678
2.197599
2.119147
1.346088
1.408869
0.969249
2.236324
0.941177
1.196390
0.969249
1.177051
1.844751
1.539127
1.255707
1.718457
2.456011
1.984764
2.180604
1.385475
1.329512
1.471950
1.652023
1.379023
1.518573
1.783096
1.048481
1.588523
1.518573
1.668706
1.426345
1.722888
1.761684
2.621276
2.777741
2.522776
2.426202
1.084302
1.195138
0.959565
1.076565
1.015127
1.330168
1.364999
1.162482
1.282238
1.377566
2.518204
1.015127
1.162482
1.146815
1.114136
2.692341
2.692341
2.270056
1.162482
1.310855
1.005059
1.081285
1.268622
1.304023
1.261025
1.406079
1.513425
2.253012
0.989132
1.372702
1.406079
1.374303
1.674097
1.072472
1.735337
1.304963
1.186330
1.373670
1.046469
1.252484
1.225685
0.948906
1.291293
0.931826
1.652075
1.518552
1.635518
1.963110
1.746142
2.133833
2.234312
1.881121
1.635518
1.676879
2.069800
2.137090
1.808041
1.795263
1.676879
1.984419
1.926587
1.926587
2.373027
2.074466
1.858734
1.972580
2.179033
1.972580
2.179033
2.256808
1.813684
2.236375
1.241716
2.024009
2.024009
1.621440
2.116218
1.555834
1.749815
1.692400
1.401260
1.749815
1.335811
1.637098
1.680618
1.621440
1.335811
1.335811
1.727894
1.720723
1.442204
1.445489
2.403118
2.505847
1.071121
1.756385
1.727894
1.865256
1.293227
1.561990
1.346088
1.466496
1.996888
2.013084
1.430268
2.477964
2.210970
1.984764
1.294333
1.430268
2.479948
1.139955
2.290035
1.495330
1.180847
1.379023
1.420624
1.139955
1.469354
2.747339
2.711562
1.379023
1.518573
1.073964
2.399692
1.442644
2.719477
1.059891
1.723515
2.045977
1.166755
2.767324
1.568075
2.607285
2.397004
1.548860
1.009420
0.937820
0.849071
0.956318
0.956318
1.008270
0.979102
1.091934
0.989498
2.397004
2.692341
2.557188
1.356006
1.524542
1.117360
1.104778
2.491847
1.117360
1.104778
1.104778
1.654540
2.270056
2.522154
1.193982
0.989132
1.763394
1.513425
1.131844
2.210349
0.940679
1.084810
1.574265
1.374303
1.857914
2.210349
1.143219
1.086615
1.575269
1.050102
1.063057
0.880265
1.211819
1.513090
1.433675
1.764223
1.294546
1.258888
1.461151
1.825801
1.841948
1.478579
1.869788
1.746142
1.949007
1.995902
1.504555
1.670116
1.504555
1.676879
1.808041
2.133833
1.643327
2.150228
2.037860
1.908206
2.141880
1.842369
1.742668
2.269947
2.119541
1.842369
1.678995
2.024009
2.330099
2.205891
2.330099
1.639347
2.035213
1.692400
1.742668
1.574009
2.155966
2.175545
2.410973
1.526288
1.816380
1.948884
1.523013
1.406081
1.601501
1.661875
1.351658
2.573832
2.583799
1.887355
1.128177
1.183666
1.335811
1.523013
1.433532
1.442204
1.764311
1.582835
1.196390
1.764311
1.433532
1.517164
0.969249
0.969249
1.686136
1.373544
2.210970
1.517692
1.105319
1.456061
1.941724
1.941724
1.105319
2.623459
2.747339
1.650560
2.526752
1.430491
2.347003
1.548860
1.842518
1.367700
2.604219
1.139539
0.992906
2.203657
1.041117
0.989498
0.992906
0.992906
0.979102
2.592233
1.162482
2.270056
1.193982
1.082595
2.007756
1.430339
1.277919
1.253889
1.041198
1.374633
1.382777
1.422559
1.125977
1.112054
1.131844
1.046469
1.498535
1.513090
1.651322
1.537779
1.506274
2.186600
2.072383
2.212713
1.957893
1.504555
2.028116
1.796764
2.212713
2.275035
1.641901
1.162860
1.815688
2.048920
2.048920
1.547118
1.716689
1.633067
1.583958
1.113592
1.858734
2.386191
1.701960
1.532019
1.791143
1.406765
1.401260
1.796295
2.512435
2.583500
1.128177
1.947584
1.466300
1.595557
1.128177
2.055642
1.299374
2.593164
1.405993
1.903992
1.406081
1.406081
1.582329
1.252409
2.374537
1.822805
1.903992
1.561990
1.105263
2.056781
2.010634
2.486868
2.403118
1.466517
1.466517
1.299374
1.466517
2.013084
2.013084
2.036954
2.486868
1.421259
1.042399
1.990796
1.243995
2.279072
0.937020
2.273448
1.337575
1.239421
1.132684
2.683216
1.715769
1.149881
1.678477
1.881545
2.523644
2.523644
2.360074
2.607285
2.842058
2.397004
2.496710
2.592233
1.428063
1.880502
1.193982
2.525910
1.024377
1.300849
1.287416
2.253012
2.352360
1.289989
1.357144
1.143465
2.352360
1.753791
0.949070
1.929618
1.374303
1.168672
1.380231
1.458261
1.573058
1.263798
1.758717
1.778476
1.868844
1.422277
1.690855
1.541769
1.576628
2.407897
1.915201
1.915201
1.559096
1.925828
1.690855
1.502628
1.942675
2.000768
1.863555
1.641901
2.322364
1.557522
1.597576
1.716689
1.688502
1.625565
2.255284
2.255284
1.688502
1.716689
1.597576
1.688502
2.003824
1.401260
1.401260
1.435632
1.128177
1.466300
2.210975
1.906273
2.174938
2.112240
1.396383
2.031157
1.588918
1.744406
2.395243
1.105263
1.396383
1.822805
1.042399
1.201722
1.997023
1.920740
2.113080
1.920740
1.840247
1.939940
1.941724
1.105319
0.937020
1.703001
1.105319
1.420535
1.035006
2.623459
1.073964
1.457641
0.967672
1.132684
1.149881
1.223866
1.139539
1.783352
1.452273
2.250278
1.132684
2.225688
1.563934
2.230053
2.496710
2.842058
2.842058
2.575192
2.203657
1.588904
1.854275
1.482370
1.277919
1.703218
1.430900
0.949070
1.129341
0.469429
1.168672
1.195068
1.338012
1.184506
1.448025
1.752127
2.100737
2.252303
2.060751
1.621932
1.898876
1.846018
1.968553
2.186600
2.359640
1.487115
2.155861
1.690855
2.297638
2.361860
1.682648
1.873401
2.195371
1.232223
2.000768
2.162300
2.275035
2.037860
1.641901
1.670116
1.636596
1.636596
1.577734
1.735994
1.309843
1.784748
1.842369
1.877667
1.836507
2.256959
2.321860
1.577734
2.233957
2.402913
2.408859
1.406081
2.055642
2.055642
1.320316
2.055642
2.013645
2.255982
2.022978
2.055642
1.582329
1.291204
1.252409
1.642333
1.466517
1.035006
1.035006
1.715769
1.405012
1.073964
1.073964
1.132684
2.661629
1.149881
2.658162
2.140940
2.225688
1.905157
2.206234
2.546893
2.765281
2.526713
0.995884
1.024377
2.614530
2.842058
2.452662
1.024377
1.287416
1.233201
2.298825
2.684756
1.084777
1.167706
1.247975
1.390436
1.356880
1.357474
1.382777
1.865201
1.129341
1.562920
1.891089
1.534267
1.644109
1.278712
1.216655
1.224386
1.004947
1.388147
1.255135
1.764223
1.464036
1.752127
2.039807
1.758689
1.709479
1.662229
2.113442
1.484111
1.764829
1.634231
1.012058
2.275035
2.307673
1.514157
1.504555
1.434125
1.819386
1.875178
1.836507
2.359885
2.321860
1.716689
2.220385
2.225867
1.706060
1.222764
1.688502
1.617312
1.214805
1.214805
1.404197
1.100927
1.563171
1.395753
1.406765
2.324231
2.069199
2.069199
1.435677
2.113080
1.926184
1.513895
1.850763
1.488948
1.731586
1.460315
1.512018
1.420331
1.990796
2.398732
1.329051
1.777998
2.126937
1.457641
2.049539
2.142051
2.539644
2.658162
2.539644
1.141076
2.320546
2.300209
2.842058
2.519768
1.134691
2.481296
2.568340
2.435595
2.575192
2.641572
1.110924
1.233201
1.252950
1.551457
1.277919
2.352360
1.382777
1.357474
2.007756
2.452376
1.492938
1.610666
1.356880
1.356880
1.865201
1.150073
1.897318
0.768076
1.060965
2.074322
2.218616
1.469624
1.434125
1.963199
1.731141
1.414103
1.574494
1.434125
1.434125
2.000768
1.923055
1.784748
1.791230
1.625565
1.625565
1.735994
1.510326
1.858734
1.842369
2.408859
1.617312
1.705208
2.043286
1.563171
1.401260
0.960366
1.351658
1.500367
0.934482
2.255903
2.119687
2.209907
1.906273
1.657747
2.044584
2.254077
1.680618
1.576574
2.414738
1.926206
1.576574
1.512018
1.822805
1.291204
2.194814
1.850763
1.326339
1.642333
1.278023
1.809631
1.460315
1.582247
1.460315
1.443339
1.460315
1.278023
1.456061
1.668800
2.107979
0.988347
1.207507
2.350000
1.588801
2.012966
2.519768
1.783290
2.396316
2.470580
2.029285
1.966022
2.519768
2.454650
2.477926
2.206234
2.435595
1.234345
1.136116
2.763222
1.390436
1.287416
1.423352
1.053144
1.599346
1.492938
0.945364
1.494917
1.112054
1.010282
1.848648
1.482102
1.735166
1.423765
1.747571
1.634387
1.709479
2.365082
2.272151
1.873184
2.308675
1.997690
1.682648
1.744384
2.176666
1.508599
2.275035
1.634231
1.634231
2.082700
1.957059
2.162300
1.957059
2.374008
1.568094
1.908206
1.339968
1.514157
1.568094
1.610605
1.966066
1.997690
1.625565
2.028116
2.347143
2.447279
2.503012
2.386191
1.877667
2.267706
2.321860
2.133311
1.277128
1.100326
2.043286
1.921850
1.778996
1.277128
1.248659
1.381148
2.190365
2.055642
2.106833
2.113080
1.868706
1.850398
1.858713
2.000653
1.744406
1.233619
1.420331
1.555967
1.597430
1.512018
1.278023
1.740446
1.699445
2.107979
1.319230
2.350000
2.350000
2.331203
2.193402
1.759472
1.446721
1.601943
2.519768
1.966022
1.766020
1.179407
2.276119
2.102581
1.521737
2.246648
1.676676
1.208850
1.145753
2.634366
1.493445
1.127517
1.198295
1.465800
2.452376
1.247101
1.976694
2.396479
2.388078
1.236525
0.937849
0.937849
1.070869
1.098839
1.191409
1.360696
1.082808
0.860947
1.198943
1.224129
1.411371
1.411371
1.967949
1.344412
1.552813
1.578223
1.763876
2.554370
1.651262
2.039807
2.201413
2.325920
2.002864
1.826638
1.222114
2.287428
1.923055
1.784748
2.195371
1.523152
1.575640
1.624772
2.287428
2.489579
2.128720
1.911482
1.382355
1.509032
2.030161
1.936759
1.310912
1.755406
1.920372
1.224680
2.022978
2.325364
2.130046
1.395758
2.437290
2.301991
1.926206
2.130046
1.569424
1.926206
0.994289
1.496006
1.460315
1.433882
1.428368
1.278023
1.899921
1.266228
1.575637
1.022766
2.148365
2.193402
2.246905
0.925513
1.241101
1.588801
2.235117
1.961982
1.482208
1.588801
1.638333
2.679845
1.676676
2.397103
2.554414
0.940272
1.860963
2.641572
1.342243
2.689528
2.689528
2.388078
1.465800
1.247101
1.233201
1.053144
0.961176
1.465800
1.587287
1.124667
1.297155
1.035244
1.059106
1.344635
1.125977
1.073334
1.102374
1.212688
0.714459
0.649453
0.718628
1.486369
1.860689
1.573277
1.188142
1.300127
2.289241
2.134930
2.320123
1.870502
1.673874
2.536368
2.309576
1.873184
1.580685
1.870502
1.727854
2.308675
2.428919
2.217235
2.217235
2.202482
2.155861
1.942675
1.875178
1.848857
1.807935
1.339968
2.125226
1.552112
2.536368
1.510326
1.624772
2.320224
2.320224
1.022846
2.034259
1.900998
1.214805
1.022846
1.600890
1.400240
1.703995
1.755406
2.205338
2.348552
2.057611
1.235918
1.850763
1.868706
2.437290
1.594748
1.642378
1.868706
1.832283
1.811681
1.303337
1.460315
1.420331
1.483720
1.433882
1.566329
1.831694
1.776458
1.347032
1.684870
2.138818
2.679845
2.102581
2.621122
2.104916
2.133957
1.817700
1.010183
1.252950
1.542553
1.381810
1.780167
1.086837
1.191409
1.805899
1.103325
1.224782
1.989741
1.356737
1.735166
1.478316
1.730500
1.550193
1.745563
1.406945
2.268081
2.325920
2.442386
2.272151
2.308232
2.309576
1.740579
1.532526
1.807935
2.217235
2.059494
2.033566
1.131900
1.883470
1.624772
1.594534
1.312317
1.912110
1.725874
2.320224
1.910661
1.940032
2.197864
2.288306
1.913497
1.685636
1.798078
1.053417
2.254077
2.348552
1.825253
1.851028
2.415911
2.061163
2.300265
2.261729
2.437290
1.642378
1.882194
2.102416
1.755708
2.300265
2.102416
1.956587
2.191236
1.690220
1.755708
1.303337
1.184857
1.303337
1.100407
1.218949
1.871565
2.142051
1.482208
1.486488
1.961982
2.519768
3.107573
2.503670
1.368068
1.966022
2.499871
2.554414
1.115551
2.276119
2.102581
2.580158
2.397103
2.331404
1.867107
1.095677
1.127517
2.063575
1.074990
2.559336
2.689528
2.580158
1.620016
1.454102
0.955443
1.074990
0.955443
1.620016
1.982280
1.408702
0.994270
1.029711
1.587287
1.408702
0.753791
1.154730
0.465831
0.462302
1.347259
1.136783
1.520157
1.829057
2.163037
1.722440
2.289241
2.056385
1.839721
2.373567
2.320123
1.651262
1.602901
2.325920
2.092092
1.429317
1.445240
2.260586
2.442386
2.308675
2.168447
2.366444
2.394509
2.400709
2.394509
2.037086
2.037086
1.791230
2.126095
1.709194
2.227969
1.335816
1.552112
2.255946
1.493498
2.265410
1.624772
1.725874
1.912110
2.133311
1.692584
2.261632
1.222764
1.355199
1.594534
1.240743
2.085573
1.022846
1.921325
1.945619
1.851028
1.649987
1.775293
1.808505
1.343339
2.044584
1.285266
1.849173
1.665852
1.820302
1.285266
2.290154
2.018314
1.395758
1.395758
2.437290
1.956587
2.087739
2.183059
1.656088
1.383855
0.987365
1.491529
0.921922
1.533283
1.441984
1.430581
2.207448
0.987365
1.573875
2.148365
1.013422
1.597430
2.246905
2.148365
1.880290
1.625842
2.560796
2.299146
2.397103
1.575045
1.860963
2.029285
2.029285
2.331404
1.159058
0.980230
1.126778
1.095677
2.580158
1.823677
1.808485
2.388078
1.129833
1.167170
1.923864
1.620016
1.120708
1.645064
1.124667
1.209827
0.979347
0.994270
0.969193
0.696191
0.578882
1.409901
1.745437
1.600448
2.049973
2.301919
2.452240
1.222114
1.647938
1.467362
1.287927
1.094228
1.838104
2.543596
1.870502
1.812991
2.308675
2.308232
2.294726
2.294726
2.107733
1.974717
1.319610
2.033566
1.532526
2.182583
2.092092
2.129324
2.138131
1.458066
1.523152
1.846675
1.920592
1.814130
1.568306
1.609768
1.860935
2.320224
1.022846
1.355199
1.022846
1.568306
2.197271
1.900998
1.173560
1.383856
1.901434
0.994289
2.067559
2.299384
2.261729
2.087739
1.422865
1.730840
1.832283
2.072667
1.791999
2.127944
2.191009
1.366262
2.451465
2.191009
2.246905
1.305283
1.871565
1.790219
2.075320
2.013493
2.808920
2.709911
1.957170
1.871565
2.075320
2.649318
1.699733
3.110511
2.878437
3.139280
0.964898
0.954839
0.954839
2.303836
2.037573
1.692296
1.130091
2.559336
1.542553
1.327212
2.688571
1.744414
1.042427
1.803376
1.780167
1.050021
2.928192
1.620016
2.522303
1.150014
1.237270
1.237270
1.534763
1.226470
1.226470
0.978797
0.852736
0.978797
1.177679
0.785797
1.683550
1.606305
1.533955
1.300127
2.082387
1.515157
1.344412
2.303635
2.163618
2.025844
1.726720
1.325098
1.429835
2.348530
1.877305
1.865263
2.352740
1.148120
1.105236
2.352740
2.381900
2.523104
2.523104
2.093634
2.092092
1.433195
1.176317
2.315181
2.412145
2.294726
1.773040
1.773040
2.154402
1.768795
1.768795
2.015870
1.897587
2.210626
1.293589
1.672909
2.256286
1.568306
2.026940
1.470410
1.524791
2.178788
1.568306
2.085294
2.348552
1.145435
1.568306
1.644097
1.298349
0.994289
1.649987
1.665852
1.983479
1.901434
2.035883
1.832283
2.170686
2.072667
2.072667
2.087739
2.067852
1.686400
1.628700
1.686400
1.108687
1.338715
1.365146
1.560550
2.004519
1.209620
2.207448
1.566329
1.428368
1.076776
1.640171
2.075320
1.576192
2.621122
2.609425
1.766020
2.445441
2.799640
2.621122
2.812737
1.860963
2.217185
1.823677
1.823677
2.204794
2.204794
2.812737
1.126778
1.817700
1.972384
1.521216
3.216143
1.139350
1.097776
1.970907
1.487035
1.289392
1.869831
1.695528
1.869831
1.869831
1.696402
1.106836
1.276947
1.683550
2.274912
2.246598
2.082387
2.045186
2.175167
2.201413
2.543596
2.303635
2.129451
1.839721
1.838104
2.375365
2.328357
0.987783
2.348530
2.568186
2.585875
1.754057
1.801292
2.295681
1.439404
2.154991
1.567391
2.015870
1.863455
1.834122
2.138131
2.044199
2.085294
2.149970
1.675240
1.912110
1.900998
2.044199
1.285266
1.250844
2.030408
2.288306
1.438028
2.319805
1.690536
2.005925
1.677566
0.994289
1.983479
1.336214
1.666169
1.983479
2.067852
1.686400
1.560550
1.668487
1.165709
1.209620
1.026645
1.026645
1.237986
1.791999
1.379474
1.573875
1.573875
1.542093
1.056444
1.391772
1.353918
3.135359
2.801487
1.783868
2.981223
1.699733
3.221680
1.021465
2.232798
1.823677
2.463763
1.631045
1.349351
1.150014
1.153739
1.258132
1.474568
1.262863
1.066574
1.498309
1.815035
2.032681
1.937661
1.745437
1.988672
2.133832
1.579331
2.246598
1.380085
1.327212
2.175167
2.430396
2.129451
2.406296
2.133986
1.989200
2.352740
2.328357
2.348530
2.636719
2.360731
1.845626
2.381900
2.381900
1.319610
1.773040
1.594406
1.354597
1.567761
2.500464
2.045250
1.583384
1.734244
1.938749
2.168447
1.291953
1.139293
1.768795
1.640216
1.662543
1.889874
1.920592
2.242844
1.583879
2.105859
1.976898
1.976898
2.438950
1.240743
1.229128
1.644598
1.536489
2.438950
2.125925
1.366556
1.171971
1.229128
1.039809
1.448941
1.283593
1.448941
1.283593
1.195652
1.998575
0.889075
1.171042
1.677566
1.754771
2.212943
2.152097
1.560550
2.004519
1.656088
1.709313
1.981744
1.494394
1.441984
1.108687
1.076776
1.625842
2.499871
1.625842
1.835388
1.699733
3.307562
1.699733
3.307562
3.239954
3.114776
3.324234
1.279963
1.021465
3.044909
2.943572
2.453109
1.972384
2.928192
2.131110
1.767995
1.805127
2.539323
1.649639
1.181980
0.928774
1.386427
1.464460
1.766813
1.498409
2.389988
1.331446
2.029989
1.895153
1.525406
2.406967
2.082387
1.647938
1.684253
1.764356
1.755838
1.547070
2.360731
1.755838
2.360731
2.176906
2.176906
2.224377
2.041899
2.427182
2.224377
1.938749
2.422223
1.991696
1.889874
1.725558
1.950703
1.545599
1.210949
1.073497
2.076178
2.318998
1.545599
1.595225
1.675240
2.143025
2.053641
1.976797
2.327168
1.657876
1.731449
1.149982
1.353045
1.091882
1.202720
1.731449
1.914611
1.114141
1.114141
1.487488
1.538419
1.419161
2.032049
1.754771
1.981744
1.687091
2.004519
2.266689
1.300241
1.388166
2.068951
1.754771
1.981744
1.930730
1.534471
1.165709
1.229433
2.575064
2.531661
1.142405
2.410423
3.044121
1.365800
0.996844
1.575045
1.090607
3.324234
3.003525
1.126778
2.848898
1.587302
2.832748
3.038707
3.324234
3.038707
1.308025
1.455575
2.478537
1.042427
1.161412
1.176995
1.064398
1.181980
1.176995
1.144916
1.233168
2.139657
1.764423
0.875788
1.287453
1.498309
2.008034
2.028959
2.246598
2.260195
1.621196
2.122175
2.293842
1.972775
2.191653
2.260195
2.406967
2.328357
2.406296
1.545218
1.951710
1.845626
2.091217
1.606781
2.091217
2.091217
2.375365
1.651993
1.594406
1.950703
1.725558
1.195044
2.045250
1.814130
2.012079
1.831627
1.202505
2.012079
2.085294
2.002452
1.229128
1.643367
1.190814
1.039809
1.643367
1.880436
1.998575
2.098620
2.064986
1.930730
1.388129
2.098620
1.409038
1.409038
2.451961
2.283512
2.328826
2.328826
1.930730
1.981744
1.638109
1.981744
2.508839
1.706129
1.667371
1.142405
1.409397
2.508839
2.801487
2.531661
3.307562
3.044121
3.224982
3.003525
3.356683
3.020655
2.848898
3.390798
3.324234
2.550886
1.384667
1.137607
1.137607
1.137607
1.587302
2.832748
1.167262
1.257944
2.530852
2.476205
2.476205
1.723635
1.405355
1.414496
1.708248
1.524712
0.937585
1.066574
0.888952
1.614046
2.301743
1.665016
1.356275
1.368529
1.545218
2.518594
0.964029
1.202033
1.017414
2.402900
1.677225
2.223154
1.503052
1.503052
2.128925
1.503052
1.700103
1.980895
2.039104
1.619366
1.619366
1.518947
1.963222
1.947994
1.542425
1.542425
2.107733
2.011765
2.155268
1.729286
1.505282
1.739184
2.398179
1.865526
1.669292
2.017734
2.138131
1.919155
1.857606
1.969542
2.045250
1.724722
1.353045
2.189800
2.085108
1.337640
1.210230
1.126688
1.657876
1.495287
1.510941
1.643367
1.439404
1.009620
0.893290
1.114141
2.152097
1.618439
1.403053
2.068951
1.418409
1.418409
1.314572
1.229433
1.017677
2.652138
1.193756
1.018361
1.134622
1.300052
1.909805
1.290885
1.397527
2.539323
2.131110
1.465957
1.419861
1.426860
1.541499
1.752521
2.478537
1.508747
1.176995
0.931193
1.349351
0.848079
1.419935
1.372168
1.695297
1.695297
1.723853
1.232811
2.182030
1.766813
1.981762
1.414732
1.551104
2.402900
2.673057
2.406296
2.293842
1.718919
2.107989
2.589031
2.340405
2.328772
1.518947
2.340405
1.850030
1.897255
1.146546
1.782947
2.380623
2.589225
2.145234
2.580325
2.109158
2.091585
1.897438
1.758781
2.080003
2.080003
1.726209
1.101029
2.025211
1.438795
1.542073
1.386274
1.105754
1.499427
2.499609
2.143025
1.688505
1.339423
2.352845
1.710116
1.730587
1.914611
1.401243
1.149982
1.091882
2.352845
2.840251
1.258778
0.911577
0.911577
2.042370
1.950384
1.677566
2.152097
2.269634
1.632283
2.163411
2.033494
1.895313
1.314572
1.305283
1.678027
3.110511
3.224982
2.707819
3.224982
3.007523
3.044909
2.652138
2.765243
2.765243
1.587302
1.642244
1.137607
2.482091
1.507261
1.460494
1.207529
1.234021
1.393487
1.203355
1.393296
2.375310
1.752521
1.414496
0.977257
1.270399
1.280332
1.290724
1.666402
1.665016
2.469983
2.469983
2.003828
1.951710
1.786081
2.119342
1.435469
2.073778
2.589031
2.589031
2.673057
1.493182
2.748186
2.673057
1.790902
1.518947
1.877482
2.128925
2.400670
2.109158
1.963838
2.155268
1.291953
1.835955
1.943223
1.814609
2.120013
1.522393
1.337640
1.332033
1.888210
1.992306
1.670863
1.888210
1.721880
1.710116
1.581181
1.109200
1.409753
1.201144
1.354227
1.867662
2.126049
1.815400
1.171244
1.066789
1.171244
1.354227
1.318303
1.730587
1.066789
0.893290
1.060728
1.549939
1.236738
1.373174
2.187931
2.007708
1.900019
1.461427
2.187931
2.801487
3.147509
2.716634
3.180310
2.922848
1.915197
1.053438
3.224982
2.715192
2.339945
2.613724
2.530852
1.308025
2.083445
1.109079
1.214208
1.378269
2.482091
2.307332
1.156560
2.121952
2.530852
1.318888
1.710508
1.141063
2.077448
1.752521
1.907335
1.278751
1.524712
0.888952
0.714111
1.313307
1.407357
1.156222
1.419935
1.422138
2.328772
1.433064
1.851792
2.008034
1.484724
2.642237
1.795761
1.298603
2.447726
2.301743
2.469983
1.406976
1.545218
1.557259
2.120013
1.213757
2.642237
2.518594
1.428588
1.947994
2.400670
1.980895
1.980895
1.354899
1.761214
2.074783
2.268778
2.145234
1.963222
2.412994
1.631709
1.313448
1.571970
1.844184
1.631709
2.243737
2.243737
2.488856
1.492441
2.120013
1.967946
1.337640
1.337640
1.984085
2.097207
1.408090
2.137056
2.149099
1.827141
1.869264
1.401256
1.319437
1.423971
1.735452
1.354227
1.410487
1.258778
1.659855
1.589410
1.680564
1.710116
1.405563
1.262272
1.659855
2.352845
2.213090
1.214685
1.979184
2.126049
2.213090
1.066789
1.240161
0.911577
1.682400
1.726201
1.880777
1.880777
1.414698
2.139053
1.338715
2.451961
2.616938
1.742482
2.616938
2.818129
3.001250
1.229899
3.089345
1.376996
1.168469
1.132428
2.865445
2.408102
2.339945
2.529454
1.424412
1.373074
1.541499
1.234206
2.121952
1.247125
2.096371
2.145532
2.395611
1.178568
1.044572
1.664425
1.353484
1.033601
1.450344
1.776236
1.572729
2.123324
1.081918
0.932785
1.411267
1.980542
1.746231
1.607307
1.861431
2.268778
2.196386
2.153008
1.934158
2.178231
2.587305
2.298937
1.433563
1.646145
1.463448
1.195044
2.203842
2.045250
1.463448
1.887893
1.740000
1.654769
1.904419
1.654769
1.653300
1.483055
1.279707
1.279707
1.401195
1.618342
1.497946
1.643313
1.231280
1.301777
1.262216
1.954269
1.950464
1.726201
1.932243
2.213090
2.840251
2.840251
1.019157
1.236738
1.950464
1.244188
1.401243
1.131019
1.273370
1.513357
1.808959
2.139053
1.844234
2.042370
2.022890
2.283512
1.521850
2.292233
1.484430
1.436869
2.562567
2.096307
1.443139
2.681820
2.679261
3.075997
2.740814
1.372252
1.229899
1.285222
2.954009
3.173932
1.175364
3.089345
1.246360
1.246360
1.973974
1.130557
2.146960
1.167262
1.137607
1.460494
1.137607
2.087707
2.191514
2.514246
1.246360
2.697676
2.087707
1.825790
1.301016
1.559882
1.437378
1.927356
2.585100
1.109079
0.951671
1.351381
1.572258
1.821280
1.925984
2.103904
1.412108
1.022100
2.580271
2.580271
1.843938
1.581929
1.861431
1.493182
2.091585
1.313448
1.944338
1.944338
2.359859
1.604108
2.359859
2.412994
2.696312
2.204001
1.828445
1.758781
1.789277
1.982498
2.243737
2.004269
1.982498
1.982498
1.234635
1.969542
2.164453
1.172835
1.581181
1.244188
1.394728
1.629879
1.643313
1.954269
0.912225
1.932243
2.176411
2.376037
2.161642
1.833387
2.151205
1.208275
1.403053
1.208275
2.003482
2.064137
2.130233
2.140688
1.824967
2.452071
2.001295
2.042097
2.282247
2.385281
2.098285
2.392379
2.679261
2.233729
2.096307
2.681820
1.285222
1.783301
3.173932
2.909033
2.901929
1.621706
3.076323
1.214208
1.973974
2.697676
1.757655
1.504851
1.142921
1.308679
1.436350
1.812411
1.875440
1.368573
1.176530
1.424300
1.239228
1.492686
1.437378
1.927356
1.541499
1.391242
1.095042
1.431643
0.692506
1.444678
1.486056
1.741094
1.437025
1.710792
1.577520
1.234800
1.312749
1.695006
2.041096
1.625958
1.635147
1.972824
1.027755
2.014548
2.523576
1.843938
2.727983
1.433064
1.234100
1.495644
1.768937
2.215372
2.071164
1.995711
2.642237
1.797605
1.689016
1.433373
2.580271
2.722090
1.869601
2.359859
1.707406
2.299845
1.146290
2.204001
2.412994
1.604108
1.463448
1.960164
1.707406
2.172675
2.091585
1.463448
1.984085
1.401256
1.731557
1.936152
1.367136
1.622962
1.972895
1.171641
1.533637
1.533637
1.972895
1.446025
1.659855
1.512682
1.594195
1.643313
1.128082
1.932243
2.376037
2.161642
2.176411
2.308540
1.060728
1.431124
1.833387
1.462279
1.828408
1.895829
2.116960
2.113273
2.113273
2.096307
2.130233
2.045350
2.116960
2.064137
2.427288
2.233729
2.517465
1.372252
2.978298
1.973974
1.186594
2.585100
1.504851
2.925802
1.927356
2.181388
2.836683
1.009846
1.627444
1.431643
1.411963
1.520925
1.475341
1.741094
2.046384
1.685317
1.704780
1.421363
1.468845
2.242346
1.234053
1.258767
1.472877
1.367700
1.519580
1.406976
1.435373
2.641516
0.993316
1.495644
1.678491
2.320983
2.393728
1.774812
2.540462
2.727983
2.540462
2.722090
1.081619
1.955581
2.204001
1.726209
1.984085
1.375541
1.259308
2.149099
1.497583
2.132974
1.888210
1.799471
1.917259
1.735452
1.921872
2.028342
1.051869
1.217967
1.184719
1.317622
1.231280
1.184719
1.401195
1.051869
1.637598
1.923364
1.389781
1.350463
1.554775
1.861909
1.954269
1.487709
1.863103
2.213090
1.744778
1.690170
1.069431
1.662720
1.572690
1.907300
2.308540
2.101186
1.895829
1.834072
2.054439
2.064137
2.070790
2.003482
2.139053
2.129403
1.723537
1.119198
2.523604
2.378103
2.006969
2.098285
2.450833
2.363555
2.470624
1.443139
2.784940
2.276381
2.796137
2.638546
3.009561
2.470624
2.392379
2.233729
2.233729
2.714922
1.703064
2.505774
2.534602
3.294291
1.934902
1.621706
1.394865
1.745656
2.788356
1.725763
1.365690
2.143390
1.278390
2.836683
2.925802
1.559882
2.963987
1.812411
1.875440
1.447527
2.427212
1.023904
2.925802
1.042822
0.945259
2.024481
1.612894
1.659990
1.308505
1.419553
1.578745
1.466232
1.844134
2.369956
1.851792
2.041096
2.103904
1.621339
1.443629
2.347205
1.519580
2.266276
1.406196
1.871305
1.798867
2.642237
1.774812
1.467001
1.774776
1.149619
2.289418
1.761214
1.478486
1.638682
2.015485
1.812890
1.259308
2.132974
2.395922
1.882563
0.884940
1.654769
2.229266
1.171641
1.446025
1.615459
1.888210
1.446025
1.358123
1.707492
1.255792
2.125164
1.974972
2.196198
1.950464
1.646925
2.196198
2.247252
1.638164
1.833387
1.291281
2.002806
1.520239
1.861909
2.168754
2.002806
2.002806
1.883763
1.786350
1.459407
1.873608
1.780405
2.055794
2.121492
2.264796
1.837652
1.768842
1.837652
1.837652
1.898661
2.262476
2.406293
2.257583
2.375892
2.262476
2.671244
2.784940
2.378103
2.412009
2.382237
2.614428
2.796137
2.638546
2.390054
1.753189
1.703064
2.714922
3.300163
1.532398
2.900486
2.863585
3.294291
3.001250
2.978298
3.167055
2.978298
3.084444
1.154550
1.083619
1.192052
1.265433
1.962968
1.962968
1.431080
2.842717
1.229857
1.746020
2.963987
1.321383
1.221541
2.788356
1.115929
1.852957
1.104441
1.045904
1.678081
2.387704
1.202838
1.731985
1.625589
1.572205
1.297636
1.400306
1.367700
1.367700
2.131897
1.678491
1.443629
1.775676
2.393728
1.493182
2.545081
1.638682
1.775676
2.651295
1.209150
2.299845
2.299845
1.527522
2.476212
2.299845
1.527522
2.126828
1.325339
1.854721
1.940246
1.910051
1.955581
2.213301
2.242526
1.207209
1.454453
2.302625
2.302625
1.763612
2.198370
1.158396
1.259308
1.494538
1.012514
1.012514
1.686212
2.089936
2.132974
1.615197
1.888210
1.235848
1.788864
1.609125
1.727950
1.653815
1.453216
1.255792
1.778746
1.255792
2.125164
0.897238
2.196198
1.444680
1.833387
2.232491
1.520239
1.519032
1.519032
1.734459
1.562331
1.933504
2.149721
1.896919
1.593760
1.709755
2.157095
1.982231
2.065126
1.789542
1.605356
1.753189
1.819304
2.006969
3.009561
2.501719
2.501719
2.422451
2.562567
2.349299
2.382237
1.562645
2.900486
3.310493
2.970915
2.878337
3.300163
2.746495
3.053515
2.842717
1.294881
1.229857
1.242944
1.962968
2.787749
1.199892
1.294881
2.143390
1.725763
1.740008
3.167055
3.309754
2.678357
2.623717
2.411907
2.651092
1.685160
1.294881
2.651092
1.447527
1.488370
2.310821
2.081551
2.189677
2.104828
2.189677
0.935043
0.935043
1.473668
1.473668
1.204132
1.408301
1.243858
1.007478
0.699373
1.284642
1.515059
1.412197
1.451351
1.450344
1.400436
1.557810
1.665070
1.946424
1.624284
1.109279
1.621339
2.144110
2.641516
2.266276
1.837269
2.545081
1.798940
1.404196
1.731915
1.361170
2.131897
2.076550
1.758758
1.146964
1.354899
2.540462
2.289418
1.527522
2.299845
1.958829
1.839421
1.158396
1.483100
1.367136
1.923364
1.052964
1.629879
1.264543
1.637598
1.737130
1.239631
1.269081
1.402140
1.900444
1.251409
2.128649
1.519032
1.891505
2.002806
1.831988
1.731430
1.816987
2.263515
2.168754
1.839503
1.993609
1.079266
1.079266
1.828408
1.834072
1.319556
2.101333
1.924145
1.100529
2.273028
2.375892
2.264796
2.296003
1.753189
1.605356
1.728296
2.809396
3.053515
2.501719
2.900486
2.881627
1.510021
2.968992
3.167055
3.167055
2.652106
2.788356
1.469945
2.387704
1.678813
1.988629
2.661550
1.493060
1.284310
1.153285
1.496123
1.665501
1.631844
1.878142
1.844134
1.730811
2.297592
1.806149
1.559652
1.130547
1.755542
1.768937
1.798885
2.329704
1.406196
1.925603
2.065922
2.144110
2.270290
1.896191
1.798940
1.833054
2.330335
2.289520
2.270290
2.175414
2.175414
2.175414
1.638682
1.638682
2.372643
2.060609
1.833054
1.986127
1.958829
1.846719
1.207209
1.958829
2.395922
2.182754
1.882563
0.945255
1.810548
1.898362
2.061946
1.458865
1.217967
1.012514
1.656747
1.595179
2.046107
1.057243
1.647622
1.453216
1.459227
1.629879
1.084864
1.255792
1.476882
1.402140
1.329538
1.181864
1.010979
1.504874
1.622820
1.622820
2.304698
2.290762
1.829306
1.733116
1.920966
1.883763
1.749983
2.196068
1.808959
1.575084
2.099757
2.079402
1.967575
1.749983
1.250548
1.520239
1.370148
2.266261
1.295022
2.006969
2.381870
2.406293
2.768450
2.354297
1.833406
2.805474
2.553991
2.468431
2.897039
2.968992
2.787121
2.893256
2.829673
1.418059
2.443510
2.391327
1.371059
2.030364
2.274484
2.016381
1.808861
1.685160
1.667092
1.659990
1.865102
1.551495
1.422935
1.555631
1.437998
0.773445
1.009055
1.142899
0.628058
0.938213
1.342068
1.342068
0.544318
1.484224
1.424546
1.520925
1.350511
1.900492
1.216832
1.247327
2.232251
1.643476
1.625589
1.287461
1.435373
2.266276
2.329704
2.123618
2.123618
1.082772
2.377721
2.377721
2.545081
2.133882
1.103686
1.729008
2.270290
2.394701
2.358050
2.175414
1.604804
2.308233
2.358050
2.285611
1.666616
1.642553
1.666616
2.242526
2.030402
2.060609
1.986127
1.764725
1.941610
1.882563
1.911935
2.317424
1.011149
1.882563
1.837532
1.882563
1.158396
1.421603
1.107174
1.810548
1.130736
1.548843
2.146858
1.921872
1.595179
1.477150
2.025791
1.329538
1.247150
1.244419
1.483018
1.610264
1.989152
1.932018
1.482401
1.181864
2.219957
1.931060
1.638420
1.638420
1.967575
1.548332
1.806547
1.967575
1.476045
1.259916
1.725924
1.319556
1.319556
2.065126
2.216183
2.216183
1.521651
1.789542
1.250548
1.414958
1.253034
1.295022
2.514614
2.465511
1.657708
2.076821
2.381870
1.788999
1.636943
2.647833
2.728224
1.151955
2.081935
1.865086
2.582098
2.864020
2.642136
2.930377
2.575577
2.848426
2.585445
2.893019
2.585445
2.585445
2.585445
2.827687
2.893256
2.787121
2.391327
2.391327
2.474024
1.418059
1.685160
2.652106
1.628485
1.494276
1.788557
1.556553
2.418705
1.042822
1.839221
1.257206
1.537631
0.676078
1.395489
1.237001
1.124396
1.476308
1.297636
1.898601
1.816937
1.816937
2.017068
2.133501
1.775200
1.643476
2.232251
1.089971
1.298048
0.973628
1.406976
2.391058
2.218591
2.094643
2.517172
2.047446
1.185179
1.923434
1.755108
2.361963
2.194828
2.362993
2.074905
1.729563
1.338024
1.578979
1.314962
1.989417
1.104000
1.729137
1.729563
1.104152
1.914556
2.034287
1.207865
1.615197
1.239631
1.595179
1.115292
1.529609
1.331063
1.185643
1.264543
1.459227
1.471270
1.494747
1.964902
2.128649
2.263515
1.920966
1.590234
2.128649
2.126544
2.218850
1.972607
1.259916
1.295022
1.521651
2.216183
2.101333
1.643047
2.653618
2.296003
1.253034
1.208932
2.619505
1.620244
2.610634
2.806392
2.773787
2.501719
1.977232
2.881627
2.897039
1.394364
1.595625
2.598006
1.323861
1.658087
1.658087
1.615779
1.782761
2.443510
1.440443
2.585445
1.894847
2.290490
1.577257
1.550275
1.866747
1.839221
0.981768
1.988629
1.488401
1.551495
1.615820
1.387287
1.730811
1.436223
1.480495
1.696066
1.917200
1.481882
1.962019
1.698514
2.017068
1.066106
2.225940
2.212856
2.065922
1.837269
1.173972
1.298048
2.196145
2.597375
1.729008
2.480051
2.181507
2.486424
2.522403
2.412213
2.372173
2.070204
1.130736
2.294469
1.627215
1.311977
1.483100
1.914556
1.914556
1.111141
2.372928
1.257256
1.477150
1.909696
1.637598
1.454476
1.064086
1.239631
1.398835
1.010480
1.244419
1.459407
1.576542
1.371201
1.622820
2.274827
1.924145
1.161039
2.336626
2.336626
2.227380
2.126544
1.259916
1.928036
2.336626
1.464330
1.972607
2.101333
1.557963
1.731776
1.978232
1.458259
1.539560
1.615570
1.615570
1.414958
2.809396
1.183690
2.415370
2.640932
1.553619
2.166024
1.766395
2.583080
2.256008
2.507791
2.736703
2.486183
2.185937
2.486183
2.486183
2.827687
2.391327
1.397908
1.793678
2.185937
1.784751
1.327916
2.119747
1.031384
2.386919
1.600005
1.671133
1.344172
1.431489
1.009055
1.304750
1.344784
1.344784
0.504932
0.411902
0.575334
1.311360
1.387026
1.226037
1.728749
1.581457
1.696066
1.549195
1.167253
2.131523
1.468845
1.155068
1.481882
1.647494
1.898601
2.107624
1.089971
2.218591
2.196145
2.065922
1.896191
1.896191
2.251589
1.787050
2.480051
2.391058
2.253266
2.626302
1.309945
1.185179
1.256786
1.640672
1.923434
1.921579
1.221589
1.127063
1.348856
2.379365
2.181845
1.142991
1.142991
1.111141
1.380930
1.581372
1.454476
1.222021
1.461935
1.311276
1.185643
1.248479
1.115547
1.305256
1.473994
1.726899
1.973684
1.482401
1.398517
1.266035
1.311960
1.516321
1.802106
1.836058
2.274827
2.103051
2.711016
3.141879
3.141879
1.711061
2.103051
1.496324
1.536209
3.141879
1.766395
1.967562
2.110141
2.363555
2.166024
2.363555
1.861979
2.630446
1.711061
2.829592
2.809396
1.499120
2.553991
2.804528
2.642136
2.719640
1.725327
1.725327
2.529784
2.848426
2.829209
2.829209
2.428334
2.095953
1.194711
2.786462
1.264928
1.953147
2.295991
2.386919
2.184121
1.312010
1.344784
0.818545
1.789918
1.344784
0.892507
0.897923
1.248224
1.296448
1.480495
1.627645
1.755542
1.437743
1.904268
1.516139
1.435373
1.177896
1.287461
1.552676
0.988359
1.084329
2.464396
2.392426
2.084361
1.466309
1.103686
2.181507
1.559514
1.786730
2.120256
2.181507
2.094643
1.949594
1.708279
2.464396
1.894098
1.723036
1.904249
1.207297
1.090632
2.533789
1.073206
1.780418
1.755108
1.669268
1.780418
1.373014
1.470875
1.606565
1.531818
1.764354
2.064408
1.579202
1.454476
1.909696
1.542965
1.161236
1.482401
1.204558
1.423207
1.964902
1.473994
1.204558
0.968734
1.305256
1.084968
1.311960
1.348577
1.964902
1.019296
2.274827
1.779359
2.733672
2.886075
2.869152
1.819545
3.109025
1.767306
3.106030
2.363555
1.767306
1.767306
1.553619
2.501719
2.486243
2.949455
3.106030
1.337478
1.497730
1.977232
2.736703
1.646886
2.159189
2.159189
2.295991
1.172314
2.056260
2.355361
1.582931
1.953147
1.789918
1.196336
0.865240
1.181611
1.430712
1.240885
1.273363
0.602209
1.407248
1.668944
1.553310
1.461730
1.511047
1.479867
1.631074
1.296448
1.481203
1.579967
1.517780
1.517780
2.225940
1.455360
1.524810
2.212856
1.930013
1.535546
1.751934
2.391058
1.807146
1.919673
1.166111
1.014534
2.065922
2.167698
2.326981
1.849461
1.788004
2.205358
2.502240
2.134360
2.196145
2.090794
1.172958
2.507521
1.402721
2.484821
2.372928
1.729563
1.625246
1.407740
1.725833
2.089099
1.208905
1.477150
1.111141
1.722516
1.909696
1.398835
1.162978
1.423207
1.482401
1.972031
1.190673
2.335110
2.268653
2.777371
1.681488
2.837569
2.103051
1.397738
2.695761
3.141879
1.233260
1.985989
2.289606
1.766414
1.408848
2.166024
2.806392
2.762571
2.583535
2.695761
2.511250
2.793638
2.220837
2.168385
2.722091
2.542525
2.288188
1.203949
1.135326
2.510900
2.510900
1.557267
2.373184
1.813907
1.376425
1.349668
1.580609
2.373856
1.183422
2.011304
1.895176
1.904268
2.017068
1.535546
1.185565
1.281457
1.685534
2.017068
1.617527
1.983629
2.203986
1.807146
2.203986
2.130644
2.084361
1.173972
1.081728
1.081728
1.297203
2.118145
1.601777
1.437943
1.787050
2.094643
2.120256
1.256786
2.644786
2.455950
1.416980
1.632927
2.723020
2.609674
1.949594
1.852148
1.788417
1.894098
1.389870
1.073206
1.976648
2.542599
2.470847
1.387768
1.380930
2.500975
1.575473
1.424869
1.111141
1.416598
1.164307
1.366325
1.312526
1.312526
1.398835
1.225068
1.398517
1.084968
1.153275
1.153275
1.877705
2.202950
2.289606
1.334303
1.161039
2.030473
1.295944
2.837569
1.536209
1.295944
1.295944
2.793638
2.695761
1.884503
2.151108
1.834379
2.351452
2.667862
2.767706
2.511250
2.168385
2.001529
1.985989
2.271821
2.694044
2.690034
2.584323
2.690034
2.805047
1.985989
2.300204
2.300204
2.736703
2.428334
1.859014
2.486183
2.542525
1.555535
2.128983
1.998066
1.230507
1.073326
1.141641
1.000054
0.892507
1.577257
1.136563
1.643323
1.430712
1.103553
1.200511
1.201146
0.942029
1.465914
1.475336
1.632824
1.409473
1.909805
1.949331
1.747847
2.002521
2.455950
2.130644
1.533986
1.904268
2.311339
2.011304
1.895176
1.029957
1.788004
1.408926
1.618883
2.723020
2.134360
2.140653
2.644786
2.609674
1.569514
1.569514
2.634612
1.852148
1.266385
1.976933
1.715009
1.207297
2.249510
2.082525
2.451683
2.064408
1.342235
1.470875
1.225927
1.489642
1.488320
1.303899
1.230434
1.104008
1.655101
1.722516
1.328307
1.064086
1.238104
1.245785
1.564796
1.030851
1.324502
2.837569
2.268653
2.902569
2.474334
1.956861
1.775588
2.221123
2.268653
2.415370
2.902569
2.902569
1.647435
1.543125
2.139002
1.764033
2.793638
2.001529
1.720309
1.690661
1.651205
1.807169
2.140995
2.583535
1.233260
2.827071
2.855446
1.766414
1.985989
2.271821
2.291073
1.690661
1.805448
2.694044
2.694044
2.690034
1.492525
2.083452
1.354815
1.872508
1.804457
1.964036
1.715385
2.013137
1.925330
1.131485
0.799180
0.672683
1.575661
1.658738
1.278654
2.314518
1.812249
1.535561
2.340219
1.285721
2.455950
1.020041
1.761775
1.082772
2.167698
2.171236
2.134360
2.134845
2.248250
1.454559
2.756037
2.140653
1.420228
1.594966
1.691558
1.708279
2.669172
2.608318
1.363313
1.489344
1.488320
2.500975
2.318245
1.788417
1.738136
2.470847
1.574784
1.373014
1.644605
1.303899
1.379135
1.840118
1.053867
1.180198
1.180198
1.084968
1.327398
1.178701
1.877705
1.862255
2.030473
2.191986
2.762571
2.837569
2.520050
2.584917
2.902569
2.148059
0.975168
2.192507
2.667862
2.667862
1.490077
2.235847
2.244874
1.292296
2.405595
1.851122
1.969734
2.351452
2.428334
2.665514
2.047742
1.840521
1.958156
2.138011
2.665514
1.958156
1.354815
2.288603
2.542525
2.417531
1.406484
1.389902
1.716864
1.514278
1.616287
1.172317
1.028334
1.142262
1.179575
0.952335
1.036826
1.082655
1.236620
1.131485
0.893444
1.200511
1.209662
1.419127
1.726368
1.320521
1.308797
1.284109
2.340219
1.594253
1.285721
2.314518
2.039514
1.184714
1.065711
2.675720
2.229827
1.148028
1.540974
1.718100
2.516119
1.761775
1.594565
1.203491
1.736781
1.849461
2.340219
2.756037
2.658375
2.134360
2.096698
1.550082
2.756037
1.363313
1.325681
1.631394
2.644786
2.249510
2.291697
2.318245
1.526151
1.189882
1.339162
1.434595
2.580480
1.387768
1.599072
1.387768
1.416598
1.644605
1.644605
1.644605
1.627967
1.614593
1.571086
1.722516
1.655101
1.722516
1.172838
1.458974
1.816521
1.350100
1.030851
1.350100
1.311960
1.350100
1.731915
1.303256
1.899345
2.149121
1.658189
1.669704
1.730703
1.633079
1.932788
1.851122
1.340497
1.165343
1.496005
2.417531
1.747498
1.618268
2.179274
2.051831
2.236494
1.767766
2.242916
2.123214
1.172314
1.178706
0.987037
0.776460
0.741874
1.328057
1.557863
1.393071
1.578064
1.726368
1.327117
2.058844
1.643224
1.538695
1.575661
2.229827
2.229827
1.325767
1.671081
1.941505
1.829942
2.340219
2.410932
2.219077
1.919999
2.672022
1.787050
1.874978
2.248250
2.672022
2.428620
2.039053
1.887950
2.113951
1.348372
2.096698
2.688036
2.044101
1.887950
1.723124
1.325681
1.489642
1.598292
2.507408
2.618112
1.363313
1.881770
1.565524
1.565524
1.434595
1.599072
1.447272
1.550273
1.348856
1.494572
1.469913
2.089099
1.614593
1.437462
1.381383
1.877034
1.614593
1.127071
1.150642
1.396741
1.127071
1.190097
1.302807
1.912347
1.587046
2.066345
1.995332
1.558260
1.204558
1.554866
1.816521
1.564796
1.366893
1.554866
1.350100
2.474334
2.361493
1.240292
1.240292
2.361493
2.607329
1.836058
1.464330
2.474334
2.012515
1.840409
1.764033
2.192507
2.411987
2.607329
2.179676
1.891808
1.957447
1.730703
2.425282
2.584917
1.514091
2.148059
1.063873
1.856738
2.179676
1.932788
1.831925
2.236494
1.932788
1.292296
2.201220
2.312494
0.967082
1.496005
1.182777
1.380526
1.980717
1.182777
0.967082
1.228581
1.932788
1.181170
1.135542
1.165343
1.507233
1.410960
1.459541
0.893444
0.562442
1.260467
0.888978
0.819087
0.529186
1.350546
1.683932
1.529024
1.578064
1.544016
1.620287
1.436405
1.179991
1.153320
1.334275
2.658375
1.685534
2.236363
2.487437
0.946212
2.135965
1.441590
1.729819
1.550082
2.283579
2.096698
1.348372
2.657137
2.096698
2.044434
2.077161
1.948683
1.526151
2.703150
2.621451
2.621451
1.738136
2.535883
1.420228
1.310102
1.848305
1.788800
1.049687
1.383833
2.291697
1.262251
1.322283
1.788800
2.267132
2.037334
1.424869
2.064293
2.267132
1.247520
1.172560
1.287548
1.396741
1.139638
1.824258
1.614593
1.655101
1.447456
1.436509
1.897477
2.015542
1.933454
1.933454
1.482148
1.584967
1.378466
1.237274
1.554866
1.473674
1.354115
2.521331
2.521331
2.521331
2.192507
2.425282
1.946912
1.303256
1.877094
1.944371
2.134588
1.720309
1.669704
1.459675
1.301948
1.368860
1.730324
2.339189
0.967082
1.496005
1.578792
1.747498
2.288603
0.944105
1.171431
1.028334
1.264892
1.110960
1.264892
1.998066
1.660067
1.166728
1.234039
1.152162
0.985476
1.183686
1.393071
1.475336
1.349606
1.496500
1.349606
1.815478
1.749138
1.566203
1.327117
2.439699
2.058844
1.325767
1.333373
1.853738
1.540974
1.260898
2.759216
2.825358
2.019927
1.454559
1.598901
2.044434
1.655913
1.569514
2.114805
1.503981
1.522388
1.216446
1.508230
2.720297
1.415690
2.044101
1.684521
1.467513
1.434595
1.788800
1.463800
1.507892
2.037334
2.400714
1.890808
1.658349
1.489344
1.550273
1.871399
1.687195
1.825007
1.193092
1.271976
0.995255
1.644357
1.287548
1.329908
1.151220
1.375675
1.897477
1.232884
1.245785
1.409310
1.933454
1.933454
1.816521
2.074062
1.652372
1.816521
1.870114
1.224155
2.030661
1.014535
1.785695
1.777189
1.777189
2.361493
1.919219
2.056029
1.303256
1.776471
2.149121
1.847185
1.946912
1.948116
2.607329
1.886223
2.093805
1.807330
1.301948
1.380526
1.873424
1.730324
1.820697
1.914105
1.231018
2.370734
1.231687
1.178002
1.901925
1.231018
1.289339
1.569134
1.931704
1.326932
1.163236
0.943534
0.646986
0.646986
0.572834
1.369431
2.024761
1.758571
2.296606
1.851306
2.487437
2.349783
2.439699
1.823398
1.781833
2.566413
2.642522
2.642522
2.825358
1.550082
1.704249
1.418442
1.601777
2.533916
2.533916
2.222983
2.283579
1.617752
2.658368
2.618112
2.817862
2.172570
2.720297
2.044434
1.948683
1.558430
2.309183
1.948683
1.339162
2.304191
2.072676
2.593356
1.599072
2.346521
1.413850
1.881770
1.463800
1.413850
1.550273
1.877487
1.445944
2.037334
1.477719
2.037334
1.627105
1.627105
1.386345
1.068264
1.897477
1.897477
1.311665
1.311665
1.479332
1.447456
2.066345
1.482148
1.344171
1.629695
1.610449
1.870114
1.854330
1.378466
1.843052
1.870114
1.350100
1.777189
1.785695
1.473674
1.153275
2.013512
1.847185
2.075673
1.776471
1.953334
1.873424
2.148059
1.899305
1.331166
1.182777
1.696799
1.713380
1.701102
1.701102
1.219271
1.291887
1.931704
1.387723
1.264892
1.264892
1.255419
0.785017
1.337535
1.339726
0.886449
0.572834
0.646986
1.213131
1.601775
1.728145
1.557863
1.630137
1.536189
2.114797
1.355555
1.723029
1.459358
1.620415
1.996666
1.620415
1.276933
1.668379
1.709348
1.758422
1.162210
1.726291
2.237067
1.515481
2.759216
1.781833
1.781833
1.919999
2.642522
2.620128
2.439699
2.197069
2.258635
1.617752
1.934736
1.455853
2.265556
1.432806
2.618112
2.770724
2.535883
2.172570
1.810389
1.503981
1.646169
2.166518
2.296489
2.588716
2.069150
2.237046
1.413850
1.528960
1.761543
1.413850
1.655883
1.530078
1.783973
1.494572
1.179058
2.276516
1.950057
1.950057
1.877487
2.195034
1.039591
1.193092
2.195034
2.048959
1.627105
1.824258
1.172560
1.025975
1.384290
1.347739
1.479332
1.117893
1.436495
2.017876
1.904183
1.816521
1.170041
1.564796
2.074062
1.195088
1.422326
2.030661
1.014535
1.843052
2.030661
1.584244
1.206720
1.167461
1.785695
1.947309
1.593160
0.972787
1.947309
1.919219
1.847185
1.901926
1.919219
1.642905
1.888836
1.888836
1.695582
1.946912
1.940389
1.877094
1.901925
1.831681
1.901925
1.578696
1.435955
1.518025
1.901925
1.459541
1.840997
1.368379
1.231018
1.901925
1.156477
1.319507
1.300241
1.063202
1.236620
0.887045
1.255419
1.165165
0.831487
0.409492
1.361272
1.558189
1.343896
1.356408
1.856404
1.566580
2.559968
1.870342
1.123055
2.238223
2.266950
1.695244
2.205680
2.296606
2.627217
2.493526
2.566413
2.258635
1.430657
1.723124
2.220978
2.013111
1.617752
2.770724
2.711621
2.216136
2.718348
2.740737
1.930077
1.404949
1.404949
1.530078
1.459307
1.677758
1.950057
2.048959
1.562374
1.386345
1.692151
1.271976
2.133625
1.049053
1.170041
1.439190
1.984454
1.239034
1.840641
1.309823
2.074062
1.234166
1.226354
1.652372
1.162436
1.387719
2.080102
1.870114
1.870114
1.649150
1.584244
1.622407
2.186572
1.611293
1.100270
1.525105
1.295296
0.972787
1.696471
2.186572
1.864212
1.845575
1.652546
1.696471
1.860417
1.769281
1.730002
1.841183
1.257512
1.218102
1.886223
1.231890
1.831681
1.353428
1.219271
1.579129
1.840997
1.260642
1.219478
1.417628
1.294807
1.319507
1.291887
1.355597
1.039617
1.396898
1.467486
1.248067
1.185476
1.326103
0.709845
1.387702
1.728145
1.728011
1.452528
1.381342
1.781463
1.571598
1.944725
1.499771
1.887849
2.656965
1.585732
2.205680
1.988530
1.111126
2.559968
2.301721
1.906133
2.161982
1.704249
2.258635
2.220150
2.085827
2.566413
2.217077
2.222983
2.662734
1.696896
2.669488
2.669488
2.069150
1.511542
2.255381
1.934834
2.535883
2.346521
2.229048
2.462756
1.329498
1.447012
2.276516
1.451805
1.650300
1.890808
2.428552
1.329498
1.950057
2.184406
1.224296
1.825007
2.097690
1.950057
1.525653
1.268902
2.225695
2.133625
1.000576
2.163210
2.021760
2.094479
1.904183
1.436495
1.309823
1.117893
1.360083
1.842826
1.610449
1.014535
1.195088
1.322784
1.579139
1.870114
1.988067
1.277184
1.525105
0.972787
1.579139
2.115777
1.288717
1.525105
1.340319
1.748785
1.946912
1.477863
2.005876
2.075673
1.096434
1.539935
1.531034
1.761624
1.542821
1.769281
1.257512
1.667606
1.840997
1.793532
1.186861
1.433646
1.368042
1.430060
1.671859
1.347059
1.445361
1.375692
1.181170
1.827294
1.355597
1.208749
1.932231
1.827294
1.126301
1.208749
1.643568
1.643568
1.603416
1.626951
1.626951
1.275151
0.764281
0.837835
0.737766
0.533931
1.754254
1.487425
1.483114
1.312626
1.571598
1.571598
2.114141
1.663789
1.571598
2.238223
2.125663
2.496887
1.919861
1.534078
2.238223
2.559968
2.085827
1.906133
1.917359
2.565427
2.664134
2.664134
2.627217
2.040992
2.650873
2.808732
2.711621
2.368078
1.505932
2.205754
2.471051
2.462756
1.310077
2.703150
2.693199
2.706549
1.895644
1.696896
1.489344
2.255381
2.587722
2.016507
1.887780
1.924135
2.412202
2.184406
1.179058
2.003152
1.950057
1.913967
1.199596
1.897477
1.550417
1.000576
1.000576
2.035199
1.347739
2.005319
2.074062
1.984454
1.489592
1.162436
1.598826
1.584839
1.439190
1.322784
1.898644
1.395914
1.962635
1.325131
1.066820
1.649150
1.241964
1.389961
1.245959
1.001497
1.363308
1.681260
1.525105
1.892857
1.210527
1.404944
1.622407
1.420831
1.389961
1.636941
1.491079
1.705553
1.477863
1.280053
1.748785
1.594593
1.218102
1.704401
1.665056
1.153306
1.353428
1.695768
1.240575
1.305383
1.558764
1.450460
1.421306
1.790524
1.242388
1.463351
1.337631
1.603416
1.347347
1.031875
0.879067
0.354316
0.899339
0.569987
1.795724
1.606520
1.375165
1.279485
1.258491
1.106077
2.159025
1.668379
2.256613
1.844182
1.543686
1.543686
2.559968
2.161982
2.183040
2.625495
1.234226
1.224988
1.147647
2.205754
2.415047
1.727891
1.050097
2.426669
2.606694
1.934834
2.462756
2.069150
1.941984
2.296489
2.324008
2.446174
2.266629
2.480100
1.120257
2.184406
2.412202
1.542680
1.325285
1.451805
1.525653
1.465163
1.576235
1.414798
1.046099
1.049053
1.309709
1.000576
2.015542
2.017876
1.420673
1.310162
2.057587
2.057587
1.929744
1.984454
1.254227
2.047461
2.028962
1.962635
1.492378
1.010017
1.388694
1.584244
1.684392
1.010017
1.360312
1.642905
1.410426
1.502081
1.288717
1.846230
1.312281
1.309634
1.730483
1.439554
1.719020
1.864212
1.800999
1.769281
1.511086
1.410308
1.568119
1.721272
1.582862
1.654315
1.594593
1.429824
1.218102
1.050266
1.667606
1.485119
1.368042
1.366929
1.667606
1.514482
1.608137
0.913665
1.221095
1.077510
1.260911
1.212571
1.603416
1.396898
0.733852
1.624503
1.321124
1.248067
1.486899
0.770193
1.140687
1.562507
1.809375
1.448393
1.396102
1.233593
1.347600
1.751686
1.621894
1.376364
1.465746
1.271042
1.459358
1.713753
1.512185
1.585732
1.626417
1.726291
1.807857
1.125164
2.496887
1.356239
1.356239
1.496960
2.002900
1.243874
2.254532
2.412258
1.375864
1.321266
2.769331
2.454568
2.412258
2.679218
2.368078
2.145260
1.246867
2.783082
1.423224
2.341620
1.503981
2.566293
2.669488
2.606694
1.941984
2.587722
2.324008
2.149998
2.399979
2.255381
2.399979
2.471051
1.676805
1.823865
1.384828
1.516887
1.727867
1.958234
1.234513
1.199596
1.291642
2.133625
1.219730
1.432978
2.163210
2.094479
1.241045
2.163210
1.576235
1.304100
2.046893
1.305496
1.305142
1.276058
1.278115
1.361229
1.231109
1.214838
2.028962
1.351677
1.181300
1.241964
1.429026
1.367612
1.355489
1.492467
1.827279
1.778411
1.876363
1.587248
1.737257
1.354738
1.548777
1.463575
1.148162
1.332284
1.332284
1.422840
1.641538
1.445361
1.332284
1.423929
1.582298
1.654776
1.608137
0.870058
1.514482
1.210590
1.790524
0.770193
1.375965
1.320578
1.021899
0.927870
0.570475
0.471360
0.569921
0.358050
1.887852
1.690894
2.369521
1.248954
1.137343
1.621894
1.612432
1.862266
1.622812
1.844182
2.001017
2.130564
1.325976
1.534078
2.454568
2.490208
2.001017
1.496960
1.626417
1.766572
1.906133
1.356239
2.043891
2.490208
2.496887
2.246316
2.727406
2.727406
2.220150
2.246316
2.214904
1.375864
2.771816
2.771816
2.486292
2.725909
2.205754
2.246096
2.503673
2.471051
2.222983
2.296489
2.426669
1.891642
2.480100
2.301705
1.786199
2.389769
1.676805
1.783973
1.658349
1.463312
2.085103
2.266708
1.919110
1.219571
1.451426
1.438556
2.209908
2.225695
1.824258
2.133625
2.436334
1.339114
2.094479
2.193631
1.078236
2.017876
1.361229
1.242032
2.023625
1.066820
2.047461
1.541446
1.251556
1.325386
1.146983
1.283358
1.290410
1.649150
1.463290
1.934817
1.934817
1.575894
1.259171
1.488613
1.439554
1.526737
1.149507
1.149507
1.761738
1.681862
1.836107
1.509094
1.332284
1.342830
1.471095
1.361356
1.361356
1.153649
1.510488
1.289339
1.258959
1.261443
1.330240
1.054655
1.054655
1.540534
1.659879
1.375965
1.370712
1.486899
0.782813
1.142778
0.924880
1.624503
1.563822
0.408020
1.523712
1.388152
2.062066
1.065282
1.663467
1.389812
1.485720
2.369521
1.876902
1.400037
1.496960
1.846088
2.391776
1.766572
1.659454
2.264607
2.343615
2.727406
2.277736
2.412258
2.205754
1.255008
1.460199
2.772187
2.797349
2.778966
2.772187
2.471051
2.459737
2.457953
2.109726
1.941984
2.180636
2.052295
1.120257
2.480100
2.428552
2.389769
2.145461
1.676805
1.030331
1.310350
1.919110
2.412202
1.395092
1.557066
1.378134
1.731368
1.465163
1.919110
1.385360
1.386763
1.266795
1.056392
1.513869
2.035533
1.046099
1.000576
1.546555
1.953794
1.409403
1.194888
1.271580
1.489592
1.101477
1.362782
1.420831
1.138197
1.343355
1.461185
1.433490
1.317357
1.439554
1.420308
1.872417
1.688307
1.657605
1.263258
1.391814
1.657605
1.463575
1.686927
1.449810
1.641538
1.319132
1.432445
1.382137
1.397644
1.397644
1.470587
1.539447
1.315263
1.361356
1.550779
1.736356
1.330240
1.370635
1.337631
1.330240
1.463351
1.582298
1.318285
1.282915
1.150637
1.083932
1.202836
0.759179
1.713863
1.361013
0.979013
1.286554
1.375965
0.325465
1.735641
1.818173
1.296971
1.674145
1.614464
1.863975
2.430888
1.621422
1.651718
1.187153
1.674145
1.534078
1.674145
1.568821
1.688753
2.343615
1.577672
1.721275
2.099904
1.721936
1.867244
2.281012
1.516001
2.220150
1.013481
1.664180
2.246096
2.105293
1.686307
1.770248
2.416309
1.686307
1.154293
2.426669
1.970087
1.686307
1.712426
2.841561
2.826808
1.905343
2.026902
2.227734
2.227734
2.289228
1.712426
1.859276
1.550462
1.512426
1.189832
1.103940
1.189832
1.445566
1.726073
1.710471
1.235891
1.463312
1.516887
1.548334
1.391380
1.287148
1.838850
1.952662
2.185886
1.958234
1.576235
2.035533
2.035533
1.446696
1.350239
2.035199
1.970035
1.256536
1.879125
2.023625
1.743671
1.997884
1.315036
1.444922
1.032769
1.101477
2.028962
1.211152
1.665634
1.748203
1.352769
1.717061
1.688307
1.674083
1.158568
0.903832
1.487162
1.158568
1.054291
1.437013
1.228581
1.219101
1.410199
1.136357
1.298253
1.173088
1.485119
1.066856
1.571698
1.828289
1.531195
1.514482
1.216700
0.752460
0.987524
1.563822
0.485575
1.276922
1.605954
1.631954
0.617550
0.545273
0.494122
0.501989
0.465680
1.300593
1.360221
1.092123
1.571029
1.943071
1.296971
1.296971
1.187153
1.009961
2.256613
2.152396
1.699670
2.430888
1.659454
1.841646
1.568821
2.261440
2.343615
2.430888
2.261440
2.343615
2.661121
2.806752
2.281012
1.291317
2.118984
2.715542
2.794881
1.879896
2.459737
2.459737
1.879896
2.289228
2.428552
1.838850
1.661853
1.445566
1.702233
1.786711
1.961632
1.838850
1.726073
1.548334
2.173631
2.209908
1.786711
1.324961
1.731368
1.801741
1.952662
1.731368
1.181954
1.018264
2.071291
1.801741
1.168105
1.222426
1.229430
1.953794
1.707617
1.854215
1.171486
1.111486
1.241964
1.359403
1.656182
1.905817
1.032161
1.167992
1.027846
1.293185
1.406053
1.406053
1.469059
1.158568
1.422491
1.351043
1.251767
1.325364
1.470371
1.410199
1.362990
1.574996
1.593336
1.249079
1.574996
1.387729
1.656537
1.612948
1.594104
1.531195
1.282151
1.066856
1.072418
1.632786
1.314504
1.717061
1.352820
1.193303
1.074625
1.497684
1.150647
1.457148
1.534978
1.187153
1.466879
1.895157
1.651718
1.721936
1.721936
1.682912
2.105293
1.394967
2.598947
2.295435
1.489516
2.745372
2.164412
2.661121
2.710801
1.090035
2.407454
1.968579
2.246096
2.426669
2.180636
2.052295
1.799787
1.450769
2.457792
2.052295
1.431098
1.445566
1.702233
1.930336
1.438556
1.802848
1.244834
1.340515
1.865842
2.225695
1.568580
1.231462
1.909546
1.623609
1.686298
1.574266
1.952662
1.334728
1.432978
1.424998
1.568580
1.181954
1.805067
1.556002
1.011567
1.546555
1.070475
1.182122
1.533461
1.111486
1.077715
1.807291
1.036282
1.036282
1.500164
1.837062
1.051612
1.784704
1.341933
1.066308
1.517425
1.158568
1.403194
1.423387
1.176516
1.505286
1.569903
1.449009
1.584979
1.403872
1.471095
1.422840
1.229272
1.398515
1.384984
1.449810
1.318230
1.584979
1.460910
1.678918
1.574996
1.428551
1.139015
1.179608
0.710377
0.781490
1.572603
1.400422
1.400422
0.783179
1.491903
1.256911
1.686685
1.125402
1.880478
1.165315
2.125789
1.973685
2.171603
1.125164
2.458683
1.511464
1.367209
1.079232
2.500903
2.661121
2.598947
2.156698
2.283157
1.693747
0.933820
2.745372
2.789665
2.205899
1.905343
2.426669
2.180636
1.537856
2.678489
2.710927
1.701902
1.587854
2.631760
2.412396
2.662939
1.930336
1.189832
2.237054
1.402505
2.116024
1.282855
1.598402
1.334728
1.932235
1.529154
1.598402
1.223664
2.272197
1.574266
1.861699
1.479457
1.776335
1.713374
1.648989
1.632611
1.546555
1.825674
1.573628
1.279839
1.252321
1.165972
1.227596
1.181586
0.982609
1.001374
1.075189
1.517425
1.053209
0.968124
1.123588
1.144360
1.284891
1.354650
1.421805
1.418912
1.421464
1.324340
1.550779
1.282151
1.236347
1.839833
1.828289
1.778066
1.574996
1.272984
1.790008
1.779628
0.910827
1.072418
1.546193
1.713863
0.696362
0.830573
1.377810
1.415992
1.562507
1.537433
1.383301
2.305315
1.579046
1.385409
1.865090
1.793006
1.860537
1.603658
1.260047
2.350888
1.565254
2.655801
2.203884
1.489516
1.489516
2.341620
2.598947
2.357464
2.071235
2.164412
1.516001
1.354739
2.357464
2.118984
1.854565
1.958448
2.806752
2.357464
1.503522
0.951948
2.416793
1.389334
1.503522
1.799870
2.163279
2.026902
2.085103
1.537856
1.818673
2.114748
1.198939
1.013532
2.500577
1.246223
1.450769
2.114748
1.777026
2.308838
2.237054
1.602041
1.799870
1.795516
1.045990
2.308838
1.932235
2.156938
1.402505
1.125943
1.251631
1.393637
2.225695
1.049972
1.051116
1.796261
1.302565
1.627925
1.191249
1.479457
1.990020
1.759336
1.788298
1.336329
1.611101
1.476896
1.526539
1.648989
1.322179
1.218417
1.529077
1.329954
1.648989
1.144899
1.327856
1.423956
1.004894
1.042527
1.241738
1.123588
0.968124
0.968124
1.243344
1.211105
1.308262
1.176516
1.398515
1.323789
1.454982
1.362761
1.418912
1.247510
1.311862
1.870760
1.640825
1.623606
1.703445
1.448116
1.262566
1.532774
1.572603
1.577603
0.977152
0.617550
1.731167
1.973685
2.037369
1.377150
1.208049
1.217754
1.171782
0.996956
2.404706
2.237274
1.887568
1.788426
1.788426
2.237274
1.860537
2.655801
2.281039
2.456095
1.854565
1.869136
2.301705
2.601994
2.601994
1.013532
2.073372
1.508771
1.480034
1.720605
1.154644
1.276386
1.246223
1.777026
1.980276
1.154644
1.508771
1.960352
1.189832
1.322964
1.374695
1.407962
1.438556
1.809247
1.160375
2.365298
1.310642
2.003297
1.191249
1.538075
1.629400
1.230000
1.252321
1.536633
1.659133
1.072045
0.982609
0.903832
0.853251
1.023551
0.981220
1.284891
1.421805
1.177495
1.410199
1.429958
1.347093
1.311862
1.623606
1.470582
1.036052
1.609907
1.703445
1.076865
1.888871
1.191774
1.445272
1.517990
0.473535
1.061054
1.486340
1.048797
1.445272
0.635910
0.519073
1.731167
1.604101
1.891432
1.238390
1.815869
1.876321
1.225822
2.171603
2.089988
2.009217
1.118906
2.004299
1.658160
1.174624
2.350888
1.958448
2.352925
2.517648
1.693747
2.708235
2.601994
2.745372
2.416793
2.063017
1.012516
2.606694
2.655801
1.911874
2.293803
1.921875
0.951948
2.601994
2.416793
1.555840
2.137173
1.171376
1.387323
1.214437
2.237054
1.980276
2.496226
1.586685
1.266745
1.276386
1.960352
2.527987
2.527987
2.108537
1.443684
1.393637
1.246223
1.246223
1.566246
1.543418
1.960352
1.420924
2.108537
1.766889
1.334728
1.408941
1.617034
1.574870
1.524783
1.296522
1.476896
1.014771
1.263052
1.472617
1.177495
1.286395
1.589475
1.422266
1.421131
1.050990
1.267687
1.528455
1.703445
1.149994
1.585025
1.611014
0.744326
1.149994
1.073800
1.321734
1.161986
0.707457
0.357928
1.662562
1.876574
1.762024
1.717061
1.763694
1.147820
1.377150
1.876321
1.468916
1.203705
1.228009
1.454687
2.350888
1.673157
1.578983
1.658464
1.036399
2.108118
0.997859
1.097111
2.404706
2.459313
1.575135
2.377719
2.638734
2.459313
2.307868
2.071235
2.764245
2.285095
2.285095
2.180636
2.703662
2.380561
2.689413
2.270123
2.526226
1.555840
1.701300
1.159365
1.719966
1.766889
1.250178
1.131907
1.201748
1.366766
1.617034
1.537500
1.583018
1.322964
1.337785
1.335833
1.679716
1.399775
1.222960
1.363555
1.345947
1.011567
1.617965
2.012724
1.310649
1.345845
1.329079
1.429577
1.144899
1.211265
1.053209
0.952083
0.964025
0.928981
0.989293
0.810841
1.456373
1.456373
1.308262
1.211105
1.217078
1.070260
0.922190
1.352986
1.421805
1.456373
1.529604
1.286395
1.093866
1.236347
1.353330
1.347093
1.343890
1.267687
1.502065
1.764772
1.537598
1.789401
1.550090
1.579004
1.149994
0.916519
0.877859
0.798430
1.127909
0.788602
0.875670
0.947684
0.757293
0.475840
0.403686
1.371719
1.574138
1.353526
1.876321
1.398875
1.908644
2.352925
2.002436
2.606694
2.246995
2.459313
1.768527
2.757759
1.826014
2.298253
1.911874
2.697848
2.697848
1.034639
1.471561
1.159365
2.596860
2.668490
2.668490
1.979597
1.159365
1.171376
1.770687
1.204985
1.277828
1.149859
1.593625
1.406827
1.719966
1.344734
1.819830
1.937639
2.406759
1.766889
1.766889
1.335833
1.438731
1.345947
2.012724
2.012724
2.386552
1.891289
2.012724
1.486478
1.002321
1.041382
1.188615
1.295895
1.318733
1.050922
0.868684
0.868684
1.070260
1.182633
1.477427
1.223689
1.093866
1.508431
1.707244
1.707244
1.567690
1.453277
1.675400
1.285259
1.632174
1.565919
0.710377
1.085895
0.741680
0.944751
1.095284
0.766190
1.191774
0.745740
1.191774
1.777534
2.032330
1.208049
1.468916
1.225822
1.739411
1.820786
1.029592
1.203705
1.130326
1.119036
1.251777
2.108118
1.398875
1.424143
1.908644
2.335223
2.233741
1.388621
2.377719
1.378761
2.439837
2.459313
1.838202
2.281039
1.475708
1.999961
2.380561
1.420220
1.586685
1.266745
1.709347
1.454860
1.797219
1.788575
1.662099
1.149859
1.112956
1.572776
2.062999
2.377489
2.413028
1.600316
2.473663
1.038236
2.092117
1.339344
1.366766
1.301911
1.613073
1.575069
1.613073
1.364219
1.162280
2.012724
1.361776
1.368660
1.149828
1.217078
1.352986
1.224336
1.239663
1.134321
1.411202
1.533221
1.227616
1.132766
1.019850
1.136639
0.863753
1.163973
1.137513
1.179303
1.151325
0.906429
0.656352
1.181998
0.575317
0.954768
0.676019
0.620217
0.875670
0.875670
0.531948
1.515040
1.688938
1.700961
1.029592
1.074557
1.605849
0.880410
1.111166
1.385409
1.638589
2.422543
0.977828
2.404706
2.459313
1.362312
1.923778
1.923778
2.519945
1.522236
1.012516
2.587652
2.832726
2.836908
1.034639
2.697848
1.469727
1.553723
1.277828
1.494406
1.267180
1.344734
2.398911
2.406759
1.926942
2.062640
1.338660
1.379404
2.228422
2.240380
1.039140
1.366523
1.851059
1.332798
1.146904
1.011741
0.988698
1.167879
1.491819
1.012856
1.036104
1.163847
0.985736
1.305903
1.385632
1.151012
1.352089
1.513281
1.598035
1.576614
1.401463
1.580723
1.066392
1.193969
1.640475
1.358540
1.585025
1.274490
1.374985
1.222466
0.947684
1.193895
0.932827
1.085895
0.669304
1.073800
0.968903
1.535925
1.466902
1.549465
1.277180
1.122613
1.203965
1.436929
2.080217
2.394827
1.954346
2.335223
1.443380
1.195771
1.195771
2.422543
1.100538
2.422543
2.422543
1.362312
1.362312
2.406807
1.999961
1.999961
2.222531
2.195888
2.832726
2.585055
2.528942
2.293586
1.496785
1.071474
2.604347
2.406923
2.517082
1.677800
1.428779
2.398911
1.204985
1.083987
1.546261
1.171024
1.192162
1.342091
1.766889
1.039140
1.338409
1.088960
1.374033
2.050196
1.775994
1.780331
2.046065
1.520232
1.263879
1.015325
0.847934
1.168576
1.265856
1.229436
1.134321
1.102567
1.454969
1.132766
1.178901
0.985736
1.178901
1.272852
1.182866
1.243115
1.132766
1.385632
1.171943
1.477798
1.172223
1.233353
1.240961
1.354584
1.127909
1.083245
0.744781
0.682313
0.769198
1.221589
1.270831
1.048165
1.240340
0.792782
1.560666
1.455248
1.122613
1.032898
0.955482
1.142297
1.074557
0.973731
1.066392
1.251777
1.147106
1.215190
2.076063
2.359670
1.501147
1.309315
1.322944
2.195888
2.052224
1.489469
1.422939
1.890315
1.257223
2.520986
2.318516
2.406807
1.999961
1.590722
1.492160
1.293690
1.433035
1.355216
1.130807
2.430441
1.129020
1.693671
2.384220
2.368855
1.157175
1.588668
1.827312
2.046065
1.817656
1.912319
1.002904
1.403506
0.979091
1.368384
1.168576
0.847934
1.261150
1.036104
0.898921
1.168576
1.304800
1.367557
1.346999
1.102567
1.452918
1.608665
1.248275
1.280806
1.211545
1.306680
1.385632
1.092703
1.313185
1.211291
1.233609
1.457259
1.308730
1.222413
1.193969
1.576614
0.744781
0.877732
1.233353
1.019850
1.374985
1.008373
0.995200
0.860760
0.906931
1.077606
1.041389
1.079047
1.986974
1.430904
1.319019
1.090789
1.613744
1.811150
2.119529
1.662063
2.080217
1.179313
1.066392
2.009985
1.906603
2.396189
1.357749
1.935688
2.298251
1.510128
2.359670
1.890315
1.989467
2.408403
1.194911
2.480618
2.827193
1.352050
2.318516
2.604347
2.441067
2.823334
2.585055
1.719839
1.781388
1.204985
1.209554
2.293586
2.228422
1.087354
1.644244
2.164334
2.027910
2.257079
2.062640
1.214828
2.257079
1.396021
1.338660
2.164141
1.520232
1.763843
2.047185
1.012322
1.230349
1.435439
1.036104
1.041945
1.264372
1.570169
1.163847
1.132766
1.213745
1.188634
1.392532
1.350330
1.341069
1.096498
1.204901
1.145162
1.189273
1.240961
1.207202
1.251730
1.061274
0.963497
1.108728
0.712613
1.023027
1.108728
1.163208
0.871754
1.009123
0.900926
0.682313
0.990203
1.037651
1.399443
1.516970
1.554671
1.613744
1.062881
1.491752
1.491752
1.491752
2.078229
2.191955
2.316450
1.068191
1.068191
1.814139
1.470507
1.470507
2.362956
2.359670
2.359670
1.345513
1.890315
1.293646
1.319141
2.406923
2.404687
2.506956
2.443791
1.338409
2.124157
2.327864
1.359416
1.359416
2.183502
1.359416
2.257079
2.038131
2.050196
2.236667
1.989527
2.221940
2.164141
1.065472
1.620788
1.220058
1.422972
1.388401
1.361584
1.211386
1.361584
1.112709
1.264372
1.012856
1.057197
1.536387
1.280467
1.158530
1.194734
1.192551
1.006588
1.006588
1.156187
0.986707
1.023027
1.023027
1.000370
1.048080
0.655574
0.913388
0.924068
0.974267
0.969997
0.716120
1.245523
1.576082
1.149935
1.149935
0.955482
0.950321
1.124112
2.188319
1.197144
1.728832
1.935688
1.906603
1.319141
1.453798
2.235952
1.340487
1.553423
1.692112
2.406923
1.989467
1.590722
1.547335
1.429376
2.322487
1.236615
2.238321
2.257079
2.257079
1.087354
1.156319
1.827312
1.994088
2.038131
1.269029
1.940825
1.940825
1.170875
1.724068
1.843494
1.170875
1.656975
1.525563
1.012322
1.862368
1.526322
1.572848
0.957292
0.944609
1.029575
1.112709
1.029575
1.396599
1.309291
1.458776
1.428160
1.156201
1.454157
1.433346
1.390531
1.313185
1.409882
1.285245
1.192551
1.176826
1.254610
1.069624
1.091264
1.037651
1.254610
1.061274
0.948499
1.048080
0.961990
1.163735
1.023027
1.158530
1.011970
1.119204
0.979316
1.399443
1.318239
1.145205
1.021260
1.468728
1.516970
1.963148
0.965910
1.820786
1.963148
2.191955
1.925854
2.318516
2.359670
1.189181
1.719839
2.096721
1.692112
1.925854
2.406923
1.509277
1.081203
1.588668
1.644244
1.932110
1.060941
1.060941
2.236667
1.998039
1.428683
1.139019
1.169403
1.269029
1.817656
1.989527
1.643143
1.573243
1.449169
1.211386
1.220058
1.291067
1.435948
1.095016
1.112709
1.159945
1.341069
1.350330
1.285245
1.341069
1.392532
1.341069
1.183066
0.969997
1.038576
1.085238
1.015657
1.034864
1.084248
0.974781
1.072899
1.280103
1.344097
1.362538
1.088759
1.062881
1.582596
0.896544
1.117477
2.112081
1.212856
1.328676
2.362956
2.446823
2.259538
2.191794
1.757855
1.757855
1.655671
1.987953
1.106582
1.446334
1.802173
1.802173
1.180067
1.428683
1.098334
1.260294
1.098334
1.121464
2.164141
1.724068
2.047185
1.906976
1.754449
1.560098
1.293860
1.430439
1.280806
1.390531
1.416723
1.703112
1.638373
1.789801
1.084248
1.782792
1.069790
2.037363
1.157528
2.165065
2.112081
2.366040
1.871909
2.191794
2.516293
1.209554
2.100815
1.892432
2.191794
1.175306
1.455610
1.060941
2.100815
1.260294
1.260294
1.260294
1.906976
1.616052
1.616052
1.560098
1.643143
1.034675
1.372057
1.070260
1.310596
1.477304
1.075869
1.432393
1.398156
1.398156
1.372669
1.470994
1.433346
1.325410
1.250114
1.360717
1.208685
1.779932
1.021260
1.672987
1.672987
1.524664
1.762879
1.088759
1.032247
1.100356
1.185557
1.532416
1.762879
2.157374
2.304229
2.366040
2.433904
2.260011
1.161850
1.202384
1.998039
1.618343
2.116778
1.824381
1.523257
1.098334
1.048612
1.835001
1.666062
0.948396
0.966004
1.595900
1.075715
1.560098
1.011933
1.423518
1.377152
1.045053
1.386583
1.434796
1.416723
1.357504
1.329054
1.355924
1.418510
1.502798
1.081339
1.473077
1.563704
1.969132
1.139459
1.824230
1.920650
1.638440
2.384233
1.893304
1.067343
1.523257
2.116778
1.102040
1.096089
1.850223
1.523257
0.983050
1.534244
1.659056
1.306976
1.434796
1.363292
1.346000
1.468990
1.357504
1.407167
1.278047
1.502798
1.053945
1.318239
0.908300
1.563704
1.081339
1.111333
2.268592
2.384233
1.969132
2.268592
2.032945
1.258959
2.202204
2.384233
1.038824
1.893304
1.965811
1.060941
1.650514
1.563232
1.102040
1.893304
1.076090
1.474231
1.030107
1.405030
1.363292
1.434562
1.488034
1.468990
1.320790
1.422009
1.451608
1.171116
1.505862
1.913603
2.034949
2.504915
2.208122
1.440486
1.566991
2.504915
2.088950
2.263063
1.179076
2.088950
1.049703
1.492794
1.049703
1.090505
1.096089
1.700777
1.467137
1.423518
0.960604
1.169382
1.376026
1.341430
1.311013
1.313826
1.102381
1.524664
1.816318
1.701660
1.566469
1.350240
1.484528
2.504915
1.890331
1.194262
1.082781
1.194262
2.241264
1.258959
2.404496
2.381621
1.032080
1.065252
1.267543
2.088950
1.061669
1.563232
1.534244
1.477158
1.192953
1.486776
1.376026
1.347133
1.206208
1.332155
1.169382
1.340972
1.208685
1.313826
1.162556
1.116667
1.364659
1.194262
2.423491
2.122016
1.108092
1.890331
2.423491
2.284675
2.237163
2.384216
1.946995
1.065252
1.065252
1.495393
1.831166
1.158115
1.592949
1.666062
1.073054
0.997821
1.417846
1.334778
1.012624
1.394627
0.884566
1.206208
1.262798
1.299607
1.313826
1.035282
0.946284
1.367262
1.057164
1.061826
1.061826
1.116667
1.531530
1.890331
1.700690
1.728601
1.179076
1.338508
1.104203
2.384216
2.384216
2.234719
1.013270
1.052880
1.850223
2.237163
1.065252
1.065252
1.624397
1.882319
1.158115
1.675699
0.983791
1.002350
1.020656
1.224650
1.012624
1.026808
1.410552
1.020808
1.240032
1.340972
1.513140
1.097705
1.320001
1.167618
1.348675
1.006816
1.780953
1.061826
1.531530
1.364659
1.246980
1.828349
1.108092
1.227754
2.038881
2.404496
2.077819
1.946995
2.249589
1.047347
1.016507
1.290391
1.624397
0.987187
0.958338
0.982084
1.334778
1.095516
1.135046
1.487983
1.320001
1.006816
0.974089
0.944072
1.487983
1.246980
1.154004
1.559544
1.385638
1.650018
1.345064
1.104203
1.037569
1.084528
2.077819
2.030898
2.081400
1.850012
1.989806
1.052880
1.093319
1.850012
1.016507
1.800433
1.800433
1.505879
1.513079
1.459666
1.459666
1.155752
1.322609
1.168332
1.487983
1.007081
0.917331
1.858997
1.700690
1.024987
1.559544
1.024987
1.385638
1.650018
1.407030
1.595057
1.829254
1.800433
1.707438
1.030769
1.364835
0.953889
0.974221
1.467137
1.394075
1.056138
1.347196
1.029121
1.249467
0.979454
0.991248
1.169382
1.123224
1.414256
1.167618
1.156761
1.470291
1.567645
1.205829
1.050902
1.828349
1.772355
1.227754
1.833794
0.924675
1.102593
1.732154
1.065700
1.034596
1.052880
1.047347
1.047347
1.032415
1.505879
0.974221
1.271082
1.505879
0.964423
1.159162
1.259730
0.995297
1.347196
1.347196
0.972946
1.183972
1.114316
1.156907
0.925950
1.171116
1.266073
0.936198
1.660697
0.984149
1.437659
0.958744
1.050902
1.286167
1.994656
1.763615
2.030898
1.027894
1.249439
1.011186
1.519639
1.239590
1.732154
1.741235
1.505879
1.567532
0.927387
1.052730
1.198898
1.155468
1.093683
1.093683
1.078832
1.109722
1.370821
1.109722
0.936198
1.712759
1.660697
1.135466
1.021421
1.045639
1.208339
1.491607
0.958744
1.030352
1.312624
1.763324
1.840896
1.741235
1.962791
1.232207
1.205899
1.676430
1.674149
1.676430
1.026377
1.205899
1.513079
1.166392
1.002032
1.015968
0.940464
1.099623
1.071982
1.155468
1.201482
0.995841
1.178273
0.970025
0.997100
1.140835
1.043297
1.506500
1.053911
1.374025
1.437659
1.286167
1.437659
1.042658
1.021421
1.045192
1.059513
1.994656
1.835304
1.086491
1.102593
1.846952
1.065700
1.012558
1.032415
1.567532
1.146441
1.302153
1.166392
1.099623
1.155752
0.998118
1.018453
1.181242
1.628618
1.628618
1.909132
1.286167
1.703652
0.985036
1.510406
0.907133
1.056404
1.400273
0.981533
1.708193
1.742850
0.991786
1.012558
1.732775
1.741485
1.024418
1.011186
1.731832
1.567532
1.026802
1.513079
1.178555
1.217907
0.985588
1.081222
1.110464
1.151593
0.985280
1.034605
1.530064
1.567380
1.665560
0.870497
1.400273
1.205032
1.179966
1.045192
1.102797
1.752021
1.763324
1.615963
1.209763
1.058923
1.519639
1.824335
1.658826
1.658826
1.038483
1.430324
1.430324
1.240062
1.589863
1.246862
1.138573
0.998758
1.021945
1.258811
1.075728
1.187793
1.161438
1.067235
1.117309
1.097060
1.630076
1.530064
1.510406
1.800103
1.624783
1.790197
2.042363
1.091892
1.752021
1.510406
1.790197
1.512778
1.038483
1.732775
1.205899
0.973580
1.016207
1.081222
0.981828
0.964933
1.110464
1.178035
1.178035
1.201482
1.097854
1.187793
1.581335
1.770403
1.918288
1.400273
1.484584
1.186523
1.113194
1.874418
1.763324
1.168033
1.108289
1.793728
1.895861
1.841900
1.069553
1.012558
1.310863
2.033837
1.038404
0.929770
1.094637
1.501686
1.149949
1.016207
1.414074
1.045004
1.186830
1.036920
1.150217
1.328163
1.328163
1.328163
1.080921
1.201482
1.471810
1.471810
1.318499
1.234467
1.232196
1.191880
0.991786
1.876593
1.843425
1.484584
1.225756
1.189331
1.078471
1.323666
1.168033
1.863286
1.813683
1.202417
1.134594
1.615963
1.058923
1.889846
1.063333
1.971676
1.430324
1.038483
0.993873
1.741485
1.473354
1.430324
0.978278
1.029717
0.892351
1.222025
1.117734
1.150217
1.286981
1.030293
1.415006
1.399837
1.477557
1.477557
1.429063
1.135814
1.290508
1.581051
1.191880
1.484584
1.576225
1.850593
1.813683
1.355935
1.098783
1.378607
1.202417
0.947028
1.830976
1.900167
1.414074
1.172301
1.150217
1.415006
1.135814
1.288022
1.770403
1.779687
1.678969
1.833872
1.225756
1.270101
1.476578
1.144177
1.495593
1.323666
1.716995
1.049107
1.201675
1.409398
1.507673
1.431300
1.431300
1.149949
0.902816
1.414074
0.981800
1.127053
0.981800
1.110730
1.268440
1.015648
1.377243
1.477557
1.288022
1.137714
1.337576
1.484584
1.218766
1.476578
1.685626
1.627400
1.737884
1.863286
1.681445
1.389449
1.144177
1.091390
1.038978
2.033837
0.968638
1.840453
1.038404
1.058479
0.994545
1.688909
1.045004
1.110730
1.150217
1.179608
1.287581
1.415006
1.229805
1.330921
1.337576
1.337576
1.678969
1.943506
1.779687
1.323494
1.830976
1.816963
1.091129
1.091390
1.780383
1.104642
1.576471
0.996373
1.110730
1.140524
1.268440
1.216577
1.226306
1.564629
1.681445
1.220597
1.229739
1.693963
1.229739
1.471759
1.110702
1.027774
1.563327
0.981800
1.127053
1.645032
1.222973
1.443936
1.519696
1.564629
1.822001
1.122795
1.840453
1.598113
1.567675
1.404322
1.003523
1.037510
1.091129
1.003676
0.951826
1.017139
1.202618
0.911429
1.059905
1.070102
0.992275
1.226277
1.330921
1.278032
1.591009
1.591009
1.122795
1.191314
1.621096
1.451521
1.437343
1.437343
1.245292
1.245292
1.003676
1.645032
1.741512
1.146260
1.179608
1.370635
1.650647
1.723404
1.370635
1.572371
0.908974
1.122795
1.524612
1.436700
1.580542
1.377852
1.037865
1.057850
1.049758
0.981800
1.176957
0.924089
1.130761
0.923936
1.238666
0.958888
1.213005
1.471759
1.340203
1.057850
1.140267
1.064162
1.185228
1.120685
1.191314
1.303395
1.618122
1.496532
1.456528
1.338350
1.017369
1.266402
1.245034
1.561791
1.176388
1.561791
1.559143
1.064162
1.120685
1.131104
1.354458
1.496532
1.390580
1.111130
1.032414
1.338350
1.373384
0.998301
0.935804
0.974656
0.945651
1.418992
1.192054
1.003157
1.003157
1.169277
0.905685
1.151207
1.121914
1.402323
1.402323
1.125756
1.427379
1.378484
1.204790
1.422749
1.368998
1.371226
1.240816
1.561791
0.937451
0.949993
0.929506
1.091241
1.065016
1.074742
1.204513
1.093108
1.220398
1.074742
1.079926
1.283569
1.291809
0.848476
1.251446
1.017972
1.081036
1.237554
1.044188
1.181467
1.055219
1.136284
1.093108
0.914657
1.251446
1.084157
1.213853
1.185346
0.991671
0.949993
1.136284
1.241879
1.192049
1.082723
0.993655
1.188756
2.271992
1.466517
1.196390
1.252409
1.406081
1.351658
1.632283
1.632283
1.643313
1.242944
1.242944
1.169392
1.329498
1.507892
1.211291
1.211291
1.517800
1.117734
1.117734
1.399837
1.399837
1.399837
1.399837
2.096698
2.113951
2.113951
3.294291
3.129747
2.516480
2.677170
