10268 1 3
1.418491
1.845303
1.548735
1.762215
1.604846
1.807560
1.538131
1.511947
1.523756
1.290461
1.678803
1.659624
1.747673
1.623968
1.489428
1.692081
1.489428
1.610653
1.556766
1.525276
1.562708
1.400561
1.441792
1.317248
1.375300
1.364426
1.220679
1.317248
1.296144
2.141432
2.125009
2.163717
1.777446
1.773334
2.093935
1.826005
1.445637
1.670732
1.669230
1.489428
1.741071
1.525276
1.510674
1.527679
1.400355
1.741071
1.429615
1.602417
1.305684
1.349931
1.371092
1.147864
1.181264
2.134579
2.215358
1.650720
1.575116
1.688187
2.062008
2.011186
1.814952
2.140919
2.149936
1.826005
1.720377
1.944002
1.613971
1.851283
1.609028
1.747962
1.838956
1.623925
1.646519
1.498520
1.605246
1.668879
1.668879
1.456625
1.358163
1.309986
1.289290
2.138886
2.093975
2.197457
2.107639
2.126837
2.002866
2.138886
2.464626
2.000499
2.078574
1.992045
1.954530
1.933806
1.992045
1.912691
1.838956
1.538613
1.547478
1.459238
1.755958
1.579248
1.609133
1.504524
1.546044
1.456625
1.437050
1.394559
1.605246
1.557812
1.371092
1.305684
2.270905
2.473855
2.487180
2.463208
2.181182
2.202261
2.403092
2.434920
2.464614
2.469467
2.033223
2.123239
1.620744
2.011186
2.157068
2.279463
1.823678
1.886194
2.157068
1.703789
1.844111
1.515456
1.510144
1.413939
1.413939
1.456625
1.401918
1.645278
1.558694
1.401918
1.458079
1.568458
2.474869
2.375216
2.443386
2.487180
2.247784
2.352966
2.211095
2.270905
2.403172
2.107639
1.806277
1.734374
1.883459
2.290698
2.377152
1.955963
2.129923
1.636129
1.545497
2.043013
1.851283
2.138796
1.741071
1.998585
2.116961
1.572207
1.744626
1.582208
1.486051
1.539864
1.401918
1.371061
1.501153
1.957021
2.375216
2.251957
2.395998
2.076798
2.219296
2.076798
2.497739
1.736151
2.377152
2.243712
1.925944
2.247784
2.274699
2.183027
1.751076
2.368176
2.346563
2.138796
1.437694
1.461634
1.424839
1.341638
1.341743
1.474353
1.562245
1.341743
1.778485
1.815795
1.486051
1.518335
1.596220
1.381393
1.415032
1.512027
1.735699
1.459095
1.996192
1.957021
2.486703
2.167611
2.464626
2.411260
2.403172
1.786012
2.677143
2.497739
1.936811
1.799690
1.938000
1.393459
1.777451
2.274699
2.279463
2.446019
2.028033
2.500044
1.998585
1.926326
1.828907
1.371543
1.286782
1.293975
1.275470
1.424096
1.445428
1.654746
1.407830
1.518335
2.223346
1.965227
2.395700
2.489268
2.139184
1.997158
2.301584
2.057293
2.545136
2.578718
2.539715
2.037145
2.328301
2.714562
2.436723
2.622985
1.588413
2.626661
2.004713
2.623584
2.659567
2.002866
1.710611
2.786785
2.557307
2.416334
2.464626
2.362818
2.749607
1.820548
2.656538
2.293040
2.183027
1.371722
2.346563
2.346563
2.346563
2.138796
1.937897
2.090200
2.090200
1.399249
1.254061
1.335800
1.568458
2.014604
1.381258
1.558662
1.620264
1.464612
2.134719
2.134719
2.089648
1.630658
1.862018
2.602939
2.168352
2.129744
1.675132
2.304402
2.187691
2.662900
2.662900
2.789519
2.682556
2.167611
2.323689
2.443386
2.471772
2.434920
1.940912
2.474061
2.499485
2.469467
2.656538
2.471772
2.469467
1.532056
2.477843
1.408734
1.396982
1.932191
1.876076
1.893678
2.345644
1.336043
1.336043
1.815795
1.328312
1.381258
1.518335
1.477365
1.477365
1.584071
1.512027
2.187196
2.095101
2.489268
2.456519
2.453296
2.089648
1.719797
2.571024
1.992271
2.121478
2.301371
2.577890
2.659567
1.752708
2.704896
2.238324
2.495720
2.524445
2.578364
2.682556
2.594379
2.717123
2.471772
2.538507
2.392077
2.327356
2.446019
2.217978
2.217978
1.633421
1.483819
2.192943
1.287109
2.155433
1.933979
2.155433
1.194504
1.335800
1.381258
1.300929
1.278750
1.381258
1.295890
1.411829
1.457450
2.259480
2.631700
2.094459
2.140283
2.730881
2.090187
2.435616
2.755353
2.453296
1.572892
1.551306
2.936322
2.828163
2.988791
2.884927
2.602939
1.571084
2.714562
2.789519
1.957531
1.632965
1.894012
2.965226
1.769913
1.945060
3.034277
2.002605
2.056393
2.705273
1.667979
2.368176
2.560416
2.739314
2.610898
2.556646
2.098367
2.783142
2.622009
2.184427
1.956777
2.419710
2.419710
2.020857
1.991373
1.280116
2.190092
1.892463
2.207524
1.345845
1.295636
1.251249
1.328698
1.439389
2.144246
2.062994
2.524959
2.653343
2.518034
2.631826
1.780362
2.648223
1.631634
2.140283
2.668488
2.156570
2.837193
2.854136
1.652961
1.666300
2.156570
2.854136
2.988791
2.571960
2.308155
1.615744
2.716971
2.187691
2.846731
1.894012
2.536600
2.716971
2.304402
3.051684
3.050157
3.034277
3.030746
3.051684
3.061985
1.678785
1.559308
3.021548
2.828979
2.570080
2.426154
2.643972
2.728218
1.320275
2.289259
2.783142
2.783142
1.355806
2.211576
2.332743
2.208275
2.398017
1.969382
1.239879
2.442611
1.212632
2.179398
1.976993
1.976993
1.990491
1.204655
1.529878
1.558494
1.536881
2.025606
2.109515
2.133727
2.572359
2.513573
1.966747
2.572359
2.134418
2.518034
2.645208
1.898843
2.730881
2.656875
2.491964
2.526679
2.200811
2.640603
2.759028
1.712721
2.646239
2.544633
2.693178
1.796465
1.622070
2.484638
2.364814
2.510547
2.484638
2.973135
2.053835
2.640357
3.279542
2.658755
3.050157
3.051684
2.097629
1.530378
2.941321
2.828979
1.629634
2.560416
2.477843
1.585965
1.591303
1.378866
2.739314
2.673857
2.600102
2.486253
2.571476
2.622009
2.382508
1.329162
1.239879
2.486253
2.151704
1.787007
2.151704
1.869892
1.245693
2.003791
1.187317
1.470968
2.213490
2.065755
2.309093
2.501648
2.484684
2.484684
1.649029
2.185293
2.066186
2.185293
1.607883
2.765041
1.679539
1.698035
2.854136
2.364814
2.479356
2.988791
3.170722
3.166358
2.993651
1.632782
2.993651
2.097629
2.923927
3.050157
2.940548
2.082215
2.996287
1.713304
2.570080
2.589755
2.560416
2.560416
2.734404
2.570080
2.695368
2.423952
2.353446
1.972015
1.212632
1.711725
2.009996
1.212632
1.846072
1.849418
1.990491
1.386484
2.377692
2.802148
2.634807
1.630960
2.249831
1.646716
2.134418
2.153169
2.798712
2.328134
2.730881
2.848167
2.480780
2.752480
2.984433
2.854136
3.104976
2.408408
3.104976
2.992798
2.479356
2.599001
3.166358
2.965226
2.993651
2.884128
1.710379
2.633314
2.160025
3.279542
2.160025
2.151776
2.151776
2.725641
2.732704
2.186953
2.625221
3.300395
3.300395
2.403936
2.270263
1.634553
3.261933
2.725641
3.021548
2.912615
2.739314
2.240294
2.281251
2.876420
1.329162
1.375566
2.571476
1.250034
2.021678
1.765008
1.892463
2.009996
1.233551
1.265241
1.337345
1.284252
1.570954
1.898964
2.061975
2.023358
2.232946
2.100788
2.351454
2.685101
2.676316
2.670864
2.670864
1.900310
2.872759
2.676316
2.217149
3.050657
3.064732
2.629571
2.629571
2.984433
3.241373
2.822188
2.479356
1.544058
2.884927
2.510547
2.650153
2.988791
1.710379
1.544058
1.878065
2.160025
3.279542
3.279542
3.313674
2.874565
2.996287
2.409800
3.296768
3.261933
3.061985
3.196131
2.679785
1.748559
2.876420
2.758136
2.114628
1.232034
1.287396
1.934659
2.193627
1.993199
1.993199
1.993199
1.219692
1.219692
2.127139
1.908750
2.068292
1.250422
1.907258
1.942428
2.497428
1.986078
1.955359
2.867254
2.600245
2.217149
2.761799
2.708401
2.845229
2.344747
3.162850
2.984433
2.879679
3.118259
2.984433
2.942136
2.344747
2.408408
1.525426
1.514171
2.517931
2.301371
2.408408
3.104976
2.861174
3.128724
3.128724
2.998635
3.170722
2.706697
2.372210
3.198586
3.166358
2.372210
1.661016
3.332328
3.166358
2.228334
2.884128
1.728570
1.496337
2.264229
1.878065
2.751016
2.155137
2.264229
2.281904
2.208976
2.151776
3.273732
1.703918
3.187037
2.031316
1.938404
2.368520
2.876420
2.163399
2.368520
1.288895
2.430122
2.543998
2.430122
2.033330
1.158114
1.901344
1.337345
1.892894
2.371819
1.966505
1.980320
2.497428
2.512201
2.444205
2.053430
1.877949
2.104412
2.896366
2.685101
2.781964
2.931599
2.118036
3.058244
3.181420
2.910201
2.311975
2.217149
3.245219
2.465424
2.408408
2.984433
3.160752
2.278635
2.597494
3.340253
1.514171
3.160752
1.451814
2.645312
3.128724
3.198586
2.732704
3.279542
3.299157
3.394825
1.776583
1.649956
3.247146
1.736231
1.688774
1.860245
3.247146
2.787763
2.228334
3.296768
3.386631
3.430186
2.270263
1.854961
3.412615
3.296768
3.300395
2.607490
2.831016
1.838423
1.473883
2.884221
2.009552
2.742903
2.398778
2.253783
2.065159
1.395131
2.253783
1.272026
2.042076
2.264588
1.570912
1.250034
1.205049
1.600489
1.990053
1.995598
2.500983
2.896366
1.940573
1.855643
2.862679
2.114701
3.052562
2.928704
3.133488
2.872759
1.876778
2.867254
2.967976
3.064732
3.081606
1.862215
1.746189
3.090977
3.345563
2.706697
2.334501
2.597494
3.081727
2.642125
3.335703
3.332328
3.280309
3.322211
3.335703
2.443882
3.335703
3.332328
3.332328
3.439145
1.927795
2.281904
2.253929
3.456936
1.728570
1.728570
3.394825
3.262244
3.412615
3.430186
2.284918
3.376338
3.149766
3.398862
2.936581
3.074408
2.819212
2.758136
2.732316
2.398778
2.451737
2.065159
2.401148
2.162893
2.120187
1.283882
1.213687
1.769033
2.038258
2.038258
1.309861
1.495553
1.883970
2.505379
2.505379
2.582983
2.035272
2.035272
2.110407
2.788961
2.744759
2.995128
1.715750
2.856066
2.856422
2.856422
2.147861
2.147861
2.894282
2.285934
3.018940
2.317325
2.311975
2.419446
3.133488
2.587468
1.744226
2.500075
3.220194
2.344747
3.306234
3.241373
3.345563
2.373412
2.564725
2.395497
1.556353
3.104976
3.345563
2.998635
3.345563
1.638359
2.542256
3.238566
2.926451
3.330315
2.218920
1.641713
1.553982
2.284918
3.335703
3.394825
2.076871
2.642125
2.281904
2.751016
2.704263
3.440064
3.376338
3.238394
3.355197
3.316788
3.316892
2.833651
3.398862
3.470052
2.936581
1.625104
2.936581
2.062614
2.103085
2.704093
2.864231
2.143544
1.886529
2.732316
2.477282
2.676883
1.343798
2.556017
2.253783
1.343798
1.272026
2.176707
1.290509
2.233080
1.954756
1.190158
1.868278
1.760521
1.429038
2.198348
2.017853
2.294883
2.745657
2.204318
2.314413
2.592176
2.643551
2.512320
1.964215
2.582983
2.744759
2.717663
2.910707
2.942606
2.931599
2.285934
2.942606
3.007250
2.537447
2.765787
3.150417
3.007250
3.114724
1.711992
2.612610
2.558250
3.081727
3.304020
3.081727
2.564725
2.542256
2.635808
2.517931
1.761953
2.642125
3.329473
2.744361
3.469644
3.059854
2.647930
3.488362
2.132493
3.494383
3.549195
3.438233
1.766868
2.103085
3.549195
3.444335
3.355197
2.831016
1.843917
1.934127
3.288067
2.936581
3.465435
3.291158
2.796554
1.445068
1.403099
2.819212
2.925044
1.722260
2.676883
2.796602
2.952290
2.819212
1.927760
2.071491
2.423163
2.457943
2.368526
1.213687
1.233613
1.801386
1.233613
1.313780
1.680400
1.906531
2.335250
2.341556
2.415798
2.770711
2.906504
2.545951
2.427433
1.986032
2.690166
3.077008
3.100979
2.709372
2.709522
1.827474
1.873417
2.114701
3.365016
3.352549
3.150417
2.142500
2.449304
2.449304
2.311975
3.234953
3.090977
2.620234
2.608508
3.248085
3.461815
2.620234
2.798456
3.467244
2.730416
3.070472
2.180310
2.517931
3.241373
3.505176
3.345563
3.160752
3.220416
3.425256
3.322211
2.279058
2.327918
3.488362
3.477223
3.204622
1.882818
3.412615
3.549195
3.398862
3.547145
3.072627
3.459808
3.494778
3.161203
3.072925
2.891380
3.390864
3.390864
3.110229
3.316892
1.784331
3.306287
2.103085
2.186224
2.704093
1.922871
1.467860
1.368977
1.884430
2.365121
2.065159
2.198397
1.261859
1.261859
1.672585
1.417402
1.928998
2.508405
1.209806
1.468027
1.559977
1.996265
2.414327
2.294705
2.275038
2.301188
1.986032
2.757543
2.774459
3.066142
2.802724
2.071979
2.053430
2.788961
2.548640
3.150417
3.077008
2.184968
3.467244
3.442839
2.449304
2.208851
2.311975
3.259332
3.442839
1.802100
1.862215
1.874407
3.426575
3.488070
2.475851
2.669666
2.669666
3.505176
3.467244
3.505176
2.608508
3.461815
3.505176
2.197213
2.683595
3.461815
2.542256
2.485687
3.322211
2.012180
3.171499
3.336841
3.469644
3.336841
3.482690
3.328417
2.594632
3.445491
2.909253
3.477223
3.196131
2.342427
3.161203
3.311728
3.547145
3.432393
3.377672
2.549196
2.799929
3.302940
2.702612
2.081246
2.796602
1.922850
2.502079
1.413434
2.438756
2.176707
1.913713
2.055268
1.216905
1.878233
2.067327
1.442856
1.350957
1.433377
1.741256
1.928998
2.305829
2.414369
2.230160
2.511068
2.760336
2.735252
2.980456
2.774459
2.963535
2.980456
3.238985
2.729985
2.922465
2.404670
3.392831
3.232085
2.184968
2.413879
2.906232
2.317325
2.716403
3.449368
2.192093
1.661224
1.682291
2.683595
2.669666
3.220416
2.382270
2.635808
2.635808
3.244349
3.322211
3.088551
3.133621
3.350464
3.322211
2.382270
3.244349
3.469644
3.583476
3.315507
3.319952
2.333806
2.288027
3.478006
3.445491
3.470350
3.386631
2.891380
3.194694
3.494778
3.501857
3.748686
3.547424
3.311728
3.384297
3.047121
1.922867
3.440064
3.377672
2.887019
3.121998
3.348172
2.864231
2.864231
2.829224
2.670801
2.502079
2.624377
2.610617
1.350302
1.295314
2.502079
2.642870
2.032302
2.292053
2.474504
2.067327
1.884430
1.882497
1.786276
1.292795
1.451781
1.169894
1.555231
1.712986
1.661966
1.868278
1.791145
2.059145
1.760091
1.942557
2.461884
2.504894
2.281846
1.887766
1.960396
2.458734
2.629399
2.215999
2.215999
2.367839
1.876778
3.165778
2.963535
3.077008
2.367839
3.321837
2.317325
2.149610
2.388158
2.544722
2.317325
3.129937
1.862215
3.259332
3.221392
1.862215
2.608508
2.616445
3.615004
3.461815
2.423051
2.631664
1.787558
1.682291
2.677609
3.424572
1.846993
1.944543
3.494383
3.285553
3.166508
3.512916
3.400411
3.315507
3.526711
3.658503
1.969752
1.934127
3.440064
2.299135
2.051309
1.882856
3.602818
2.226334
3.611434
3.443925
3.252464
2.936614
2.732316
3.300256
2.565798
2.064396
2.557690
1.979553
2.304590
2.198397
2.082401
1.954068
1.240196
1.733130
1.501957
1.249520
1.539677
1.490518
1.499810
1.882497
1.263317
1.425767
1.211632
1.252010
1.663457
2.161549
2.881604
2.415798
3.000092
2.690166
1.960968
1.905343
2.013781
2.793074
2.099598
2.963535
2.333694
2.141549
1.928046
2.317325
3.321837
3.244897
3.236118
1.884522
3.531977
3.630003
3.358148
2.161452
2.376378
3.598705
1.903832
1.858535
1.968952
1.922386
3.396101
3.396101
3.370297
1.968952
1.933790
2.423051
2.677609
3.246250
3.256606
3.611947
3.615004
3.244349
3.153213
3.244349
3.512916
3.328417
3.512916
3.162388
3.328417
3.416746
1.916941
3.470350
3.445491
3.526711
3.497798
3.729479
3.005544
3.526711
3.451150
3.517893
3.651591
3.443925
1.644565
3.227007
3.316892
2.936614
3.081224
1.581604
3.021236
2.481080
1.900612
1.527020
1.693393
1.882497
1.680990
1.548538
1.671799
1.827279
1.786276
1.869202
1.249520
1.315542
1.574296
1.574296
2.508405
1.489092
1.697217
2.513976
1.505916
1.266211
1.204444
1.247418
1.604405
1.776813
2.515547
2.173482
2.437073
2.454469
2.450461
2.639742
2.389531
2.612091
2.929455
3.035777
2.050939
2.675732
1.933677
2.129783
3.066142
3.165778
3.066142
3.223054
2.135636
3.236118
2.825087
1.992641
1.880719
2.917179
2.917179
2.135537
2.626852
2.652004
2.689121
2.995366
2.995366
3.091523
1.858535
1.899506
2.032704
2.626852
3.532509
2.763530
3.570121
2.649117
3.075338
2.053509
2.716403
3.527989
3.565341
3.688879
3.516115
3.246250
3.647425
3.611947
3.447165
1.846993
1.830268
2.535429
3.447153
2.586176
3.386137
3.386137
3.367283
3.162388
3.447153
3.512916
3.583476
2.009201
3.343298
3.005544
3.497798
4.107356
3.194694
1.983970
1.979123
3.478029
3.477223
4.003831
3.548136
3.517893
2.955238
1.842946
3.677432
3.716175
3.729479
2.955238
2.955238
3.445878
3.667201
3.567768
3.646147
3.611434
3.445878
3.506045
2.469438
2.527351
2.670801
2.771496
2.936614
2.004005
1.589937
2.771496
2.009707
2.365363
2.481080
1.840614
1.795858
1.733130
1.640592
2.537377
1.525204
2.505380
2.327814
1.540123
1.577676
1.489617
1.586596
2.007916
1.786276
1.240692
1.204444
1.522402
1.414016
1.568950
2.179358
2.158952
2.122003
2.173482
2.327338
2.591438
2.667535
2.555883
2.777487
2.600932
2.511068
2.174052
2.022349
2.536536
2.622568
3.000092
1.959609
2.006243
3.299941
2.345188
2.536268
2.572968
2.544722
3.299941
2.149610
2.708215
2.708215
3.403183
3.352549
3.321837
2.816913
3.352549
3.244897
3.598705
3.587289
2.165840
1.933790
3.336314
3.373149
2.480606
2.649117
2.654480
2.689121
3.641353
2.460678
2.055873
2.654480
2.472123
2.411104
3.763160
3.125875
3.278060
4.028697
2.411104
3.416746
3.290718
3.721050
3.005544
3.479424
3.497798
3.420485
3.408785
1.736745
3.424330
3.592299
3.506045
3.451150
3.390864
3.719840
3.705350
2.736501
3.426911
1.683360
3.366740
3.075283
3.451150
2.670801
2.469438
2.119497
1.823319
2.081701
2.153739
1.815094
2.039186
2.171311
2.953272
1.350302
1.810144
1.726503
1.679093
2.548068
2.548068
1.533667
2.513976
2.513976
1.179557
1.251676
1.671723
1.507996
1.438632
2.090343
1.604120
1.679093
2.108681
1.249520
1.237552
1.188600
1.326343
2.254714
2.661286
2.361419
2.425021
2.499886
2.252003
1.994474
2.102740
2.199280
2.199280
2.523466
2.523466
2.656136
1.935165
2.504894
2.683553
2.479878
1.823593
2.876362
3.246628
1.994875
2.013584
2.312758
2.630506
2.572968
3.110377
3.066142
3.379096
2.622568
1.913078
3.165778
3.244897
3.165778
3.403183
2.544722
3.270387
3.403183
3.118964
2.000745
3.461997
3.663671
3.555393
3.510772
2.000745
2.032704
3.751051
2.216642
1.833849
1.886296
3.336314
2.055873
3.718808
3.565341
3.222189
3.359796
3.647425
3.730514
3.760495
3.285553
3.170880
2.349929
2.535429
3.290718
3.531885
3.830665
3.420485
4.094410
3.420485
3.479424
3.815753
3.951791
2.286885
2.365363
3.426911
3.478194
1.791553
1.737492
1.610602
1.940065
2.129183
2.129183
2.093646
1.737492
1.610602
1.500376
1.625356
1.610602
1.478454
1.544291
1.566166
1.569854
2.505380
2.327814
1.489617
2.537377
1.454725
1.531817
1.448284
2.494215
1.514847
2.361122
2.007916
1.442374
1.247418
1.326952
1.400816
2.473098
2.550212
1.266901
1.270145
1.604405
1.579514
2.318635
2.303378
2.252843
2.320875
2.324331
2.564935
2.861363
2.751985
2.564935
2.551294
2.781592
2.470827
2.615273
2.779902
2.612091
2.492682
2.524433
2.050939
3.035777
1.930790
2.437652
2.404670
3.119421
2.634406
2.233637
3.127230
2.526210
2.146134
2.146134
2.739038
2.367839
2.968505
2.883521
2.681384
3.117567
3.299941
3.645728
2.131294
1.912380
2.814982
2.668622
2.020393
2.708215
2.689121
2.968505
2.165840
2.165840
3.373149
2.000745
2.032704
1.714474
3.466978
3.449368
2.503451
3.321875
3.337786
2.472123
2.643582
1.733881
2.055873
3.688879
3.899375
3.730514
3.083585
3.336874
3.256399
3.315691
3.709803
4.086236
3.855221
4.028697
1.899567
1.984689
3.290718
3.386137
3.226576
2.618057
3.327186
3.315895
2.263086
2.286885
3.825222
3.750001
3.750001
1.730261
2.469438
1.526271
1.915387
1.940065
3.547926
3.399332
1.868871
1.846814
2.022321
2.254382
1.888050
1.646371
1.566166
2.470595
2.862826
1.531817
1.660180
1.529472
2.548068
2.054348
1.469571
1.528876
1.446172
1.423277
1.237552
1.515137
1.419047
1.419047
1.297028
2.278292
2.550212
2.523077
1.280503
1.241373
1.354954
2.201990
2.199280
2.999111
3.056589
2.836887
2.836887
3.022865
2.712571
2.373716
2.914271
2.513125
2.972947
2.691676
2.779902
2.779902
2.140857
2.133870
2.779902
3.094181
3.151902
3.110377
2.386697
3.110377
3.557400
3.324534
3.747582
3.742944
2.135537
3.826587
3.421978
3.737857
1.886462
1.913630
3.252202
3.421978
2.002746
1.979356
2.518339
2.652004
2.707384
2.664645
2.707384
1.980097
2.610907
3.459353
1.980097
3.328483
3.458143
3.327011
2.082038
3.923211
1.751262
2.055873
3.647425
3.647425
3.464042
3.609051
3.566316
3.464042
3.011272
3.199263
4.274395
3.367283
2.551518
2.910572
3.226576
3.184691
3.492646
3.701864
3.946041
3.719840
3.151978
2.159365
3.760362
3.488961
2.133633
2.251832
1.939958
3.181130
3.547926
2.727730
2.165812
2.234270
3.500341
2.953272
3.181130
2.727730
1.787456
1.823319
1.301647
1.463296
1.704068
1.671723
2.108681
1.222890
1.469571
1.448284
1.205322
1.707794
2.306246
2.509215
2.639592
2.591438
2.392818
2.775261
2.037214
3.060082
2.903573
2.972947
3.038714
3.159836
3.094181
2.977950
1.973171
2.461755
1.870589
1.953623
2.307240
2.050939
1.904744
2.138257
2.634406
2.690376
2.854062
2.572968
3.220740
2.990798
3.480171
3.327607
3.652430
2.431507
1.833849
3.327607
3.397436
3.458143
3.688175
3.751051
3.840673
3.923211
3.189627
3.281609
2.109794
3.943099
2.055873
2.082038
2.109794
2.024689
3.688879
2.012190
3.046097
3.321875
3.464042
3.877511
3.709803
2.670109
1.936999
3.125875
3.256399
3.199263
3.226576
3.386137
1.899934
3.316117
3.226576
2.577527
3.043535
3.356122
3.424330
3.964733
3.705350
3.944316
3.564841
2.033156
2.365363
1.779660
1.694842
1.858675
1.723403
1.826763
1.528525
1.608314
1.791553
3.263601
1.858675
1.528525
1.558362
1.538306
3.443728
3.443728
2.727730
1.528525
2.081701
1.526271
1.825378
1.532399
1.649295
1.478088
1.521894
2.067212
2.716988
2.473098
1.376464
1.521894
1.388755
2.255154
2.392734
2.519265
1.294401
1.227614
1.354435
2.523077
1.334850
1.174350
2.264054
2.264346
1.433917
2.770708
2.639592
2.836887
2.855500
2.726220
3.056589
3.144592
2.104182
2.836887
2.972947
2.999111
3.022865
2.898608
2.389817
2.972947
2.133870
2.037214
2.037214
3.258643
2.674956
2.372166
2.307240
2.437652
2.307240
2.437652
2.634406
3.119421
3.135427
1.927899
2.614949
2.614949
2.664645
2.739038
2.131294
2.357632
3.324534
2.650597
2.357632
2.707384
2.763108
3.951848
2.664645
2.707384
2.707384
1.983971
3.838115
3.397436
3.358036
3.549042
3.506541
2.668622
3.645728
1.983971
1.920150
2.076421
2.036449
3.189627
1.995915
3.765183
3.599944
3.212891
4.086236
3.566316
3.877511
3.083585
3.212891
3.590523
1.981348
3.989861
3.171470
2.950693
3.199263
2.551518
1.981348
2.051680
4.274395
4.311249
3.199263
3.226576
2.856568
4.013931
3.184691
3.949037
2.881916
3.571486
3.722551
2.517075
3.927753
2.261533
4.102183
3.704095
2.203887
1.518821
1.651591
1.692774
1.747356
1.747356
1.846358
1.939958
1.823319
2.083596
3.704095
3.443728
3.760362
2.038948
2.133633
1.648966
1.760930
3.488942
1.648966
1.760930
1.760930
2.247868
2.727730
2.899196
1.704068
2.473098
2.237557
2.067212
1.288113
2.788539
2.027812
2.268581
2.108681
1.388755
2.601971
2.788539
1.253065
1.210781
1.428855
1.079991
2.204567
1.604736
1.702876
2.368047
2.499142
2.775612
2.220663
2.290436
2.532557
2.863936
2.841934
2.392818
2.594120
2.726220
2.853122
2.637319
3.073112
2.948302
3.073112
2.972947
2.898608
3.056589
2.029421
3.253546
2.614034
2.197526
2.214236
2.531386
3.047808
3.376474
3.183284
2.531386
2.559147
2.614949
2.884552
3.591995
2.884552
3.047839
3.897528
3.324534
3.047808
3.220740
3.860401
3.747582
3.337339
3.157033
3.882975
4.047070
3.327607
3.189441
3.730037
3.838989
3.021304
3.597082
3.326584
1.913717
2.648848
2.385848
2.707384
3.327607
2.732401
3.397436
3.688175
3.771320
2.082038
3.688175
2.732401
3.327011
2.109794
2.109794
4.108432
2.639009
3.566316
2.856027
2.838945
2.703662
3.578960
3.578960
2.838945
4.279551
4.274395
2.732562
4.090430
3.280226
4.131516
2.203887
2.377111
3.151978
3.805133
2.999744
2.038514
3.795931
1.958192
2.083596
2.038514
2.038514
1.939958
2.935583
1.528525
2.727730
1.704068
1.919523
2.425645
1.564050
1.738607
1.434696
1.341940
1.399310
1.542531
1.403831
2.381490
1.250926
1.288113
2.523077
1.292365
2.368047
2.533549
2.665397
2.258347
3.204458
3.015325
3.159836
3.161144
3.073112
3.326952
2.977950
3.159836
3.082828
3.064893
1.961330
2.085165
2.662717
2.662717
1.992255
3.091707
3.134672
2.026535
1.999863
2.372166
3.026915
3.359668
2.098393
2.709044
2.311175
2.650597
2.841506
3.194225
3.249596
2.648848
3.923378
3.164366
3.342145
2.648848
2.009673
3.198792
3.398057
1.773777
2.075431
3.189441
3.189441
3.589137
3.071762
3.945436
2.047659
2.075431
2.036449
2.967902
4.031177
4.100375
3.552243
3.549042
2.059774
2.059774
3.198792
2.059774
3.599944
3.599944
3.899375
3.552243
3.791579
2.893887
4.235757
3.018193
3.942054
2.712980
4.363731
3.065521
3.027748
2.908710
4.117763
2.474223
3.033929
3.446736
3.709820
3.918549
3.918549
4.072464
4.102183
3.299860
3.704095
3.721494
2.935583
2.023944
2.432803
1.704068
2.874408
1.976290
1.636170
2.597369
2.716988
2.842024
1.413511
2.555967
2.295012
2.842024
2.388720
1.227775
2.414178
1.388755
1.124293
1.333619
2.507816
2.382052
2.347516
2.871609
2.006278
2.179172
2.802290
2.836407
2.921655
2.729105
3.216493
2.753605
2.753605
3.030903
2.849710
2.836407
2.071905
2.296284
2.318962
2.139611
3.064893
3.246628
2.099739
3.305015
3.091707
2.595606
3.139004
2.862724
2.862724
2.595606
3.091707
3.305015
2.595606
2.016336
2.650597
2.650597
2.746342
2.648848
3.164366
1.893729
4.076467
3.866549
1.945814
2.697053
1.896047
1.895397
2.094137
3.909828
2.967902
2.697053
2.047659
2.893887
3.094012
4.152134
3.567721
3.551749
3.567721
4.072605
4.082615
3.578960
2.838945
2.712980
4.338192
2.838945
2.195840
2.820936
4.279551
2.856568
2.148317
1.843325
2.908710
3.033929
3.144992
2.999744
3.562868
3.379404
4.221436
2.908710
3.988668
2.100568
4.220993
3.721494
3.299860
3.299860
3.033218
3.795931
2.155631
2.303500
2.234270
1.738607
2.219669
1.609758
1.227775
1.312814
0.866449
1.124293
1.084489
2.291802
2.114674
2.436171
2.874745
3.033912
3.225499
2.780257
2.341788
2.581162
2.192775
3.082404
3.204458
3.206086
2.934023
2.753639
2.836407
3.281763
3.375156
2.078041
2.920315
3.037726
1.976357
2.318962
3.376600
3.082828
2.614034
3.064893
2.948302
2.103311
2.103311
2.150782
2.563088
1.990298
2.719456
2.531386
3.441052
3.418307
2.968630
2.979252
2.150782
3.475314
3.196166
3.077483
3.189441
2.009673
2.009673
3.744751
2.009673
4.045735
3.895435
1.959234
2.009673
3.589137
3.591092
3.071762
2.049499
2.059774
2.820936
2.820936
2.474223
2.421749
2.856568
2.856568
2.908710
4.297985
3.033929
3.441817
3.917955
3.988668
3.752210
2.590146
3.728865
3.586246
3.816622
1.353306
1.976290
3.687278
3.299860
3.211785
1.976290
2.597369
2.578861
2.954586
3.154138
1.366943
1.465713
2.382949
1.621371
1.397113
2.484758
1.542531
2.393690
1.312814
1.441311
2.394038
2.160558
2.135653
1.307347
1.298858
1.273870
1.688381
2.280102
2.319936
2.775612
2.506723
2.874745
2.982371
2.614971
2.503568
2.480070
3.178256
3.055149
2.025777
3.002390
1.928908
3.082828
2.977301
3.092899
3.073112
3.120989
2.225587
2.344707
3.418307
3.259906
2.979252
3.091707
3.613731
3.102848
2.270076
2.199768
2.595606
3.037221
2.632701
2.632701
2.528292
2.524337
3.051446
2.424135
2.311175
1.981442
2.059562
2.059562
3.888727
3.551749
3.722592
2.820820
3.635477
2.764192
2.130546
4.199187
2.040688
2.670186
4.235757
4.349190
2.068046
4.264250
4.231064
2.148317
3.818140
4.428924
3.611642
3.441817
3.611642
1.720178
4.043569
3.925472
3.299860
3.360487
1.530220
3.877831
3.577575
2.747591
3.033218
3.710378
1.441333
2.578861
1.784867
1.648214
1.738607
2.842024
1.542531
2.484758
2.425645
2.955536
2.111971
2.151663
1.397113
1.397113
2.393690
1.311177
2.692483
1.119544
2.143307
3.174265
3.045835
2.019070
3.120989
2.497131
2.192261
1.896419
1.977697
3.120989
3.120989
2.318962
2.504920
2.719456
2.738819
3.139004
3.139004
2.563088
2.644002
2.372166
2.531386
3.077483
3.037221
3.220786
3.569340
3.051446
2.650597
2.583400
3.021304
2.970501
2.547872
3.764983
3.677560
3.608545
4.076467
4.171707
3.998416
2.012520
3.951848
4.214002
2.025951
2.077242
4.214002
2.040688
2.047659
3.591092
3.736466
3.635477
2.029660
2.049499
2.007218
3.403256
4.199187
4.222663
4.199187
2.433905
4.199187
2.007218
2.703662
2.544157
4.363601
1.942894
2.119567
3.763945
3.631949
4.213266
3.360487
3.932812
4.136711
4.034029
3.848865
3.966228
3.360487
3.700528
3.959362
2.590146
2.747591
1.767279
1.906284
3.617959
1.621371
2.597369
1.459948
1.313019
1.463717
2.111971
1.212508
2.350124
1.250926
2.073164
2.665110
2.511442
2.582865
1.867818
2.352928
2.408469
2.503568
3.138681
2.989961
2.452258
3.428788
2.598534
2.078041
2.205911
3.321068
1.839316
3.082828
3.002390
3.002390
3.270471
3.400278
3.376600
3.400278
3.316400
3.250841
2.197526
2.016936
3.092899
3.250841
3.412319
3.383440
2.598534
3.139004
3.326952
3.429186
3.268035
3.132492
3.026915
3.441052
3.537018
2.979252
3.339464
2.623110
2.656785
3.569340
1.921587
2.058559
2.623110
2.542058
2.819163
2.060183
2.009673
2.039994
3.551749
2.054491
3.819614
4.034440
3.394962
2.094137
3.802453
2.670186
2.075865
4.176042
2.040688
2.007218
4.108072
4.116904
4.363601
2.159258
3.763945
3.763945
3.511418
3.822952
2.206760
1.989432
3.772314
3.360487
3.966228
3.885167
1.813304
3.965351
3.553150
2.045296
4.054220
2.141018
1.732141
1.556192
3.285984
1.643683
1.955702
1.794058
1.621360
2.955536
2.360888
2.497500
2.859984
2.889212
1.968578
1.231720
1.231720
1.261575
1.207455
2.219188
1.419688
1.215147
1.589644
2.382560
2.300750
2.262951
2.262951
2.797149
2.363410
2.306998
2.454053
2.610082
3.367463
2.341317
2.982371
2.966499
3.101359
2.926206
2.211305
1.930661
3.440526
2.504920
2.719456
3.037726
2.193246
3.476866
3.455259
3.440526
3.056707
3.926919
3.583764
2.770781
2.716656
3.805935
3.391324
2.639408
3.863413
3.926524
2.545773
1.959234
1.960294
2.047694
2.530314
2.075955
2.007707
2.077242
2.047694
2.006724
2.077242
3.444688
2.053736
4.199187
4.002787
3.965312
2.007218
4.464003
2.081045
2.212525
1.979131
3.969634
3.822952
3.723588
1.780316
3.593537
3.631949
4.419463
4.257704
1.961639
3.631949
3.801489
3.128820
2.141018
3.946177
2.748696
1.444969
3.679039
3.710378
1.804252
3.307045
3.307045
2.889212
1.621360
2.360888
2.578861
1.313019
1.952936
1.621360
1.483830
1.255872
1.449511
1.819204
2.113320
1.157702
2.381490
1.966630
1.915892
2.230382
0.993505
1.409547
1.519622
2.620222
2.673748
2.411709
2.263565
2.488182
3.150485
3.062310
3.328057
2.424451
2.118940
3.332198
3.133984
2.452258
1.968666
2.424451
2.254531
3.428788
3.410074
3.481044
3.481044
2.960433
2.753639
2.296284
2.344707
2.514296
3.477235
2.016936
3.238056
2.729544
3.332198
2.644002
3.455259
3.111533
3.111533
2.646011
3.909640
3.427495
2.632701
2.646011
3.995856
3.931567
3.840637
3.863413
1.954108
2.138067
2.085567
3.704206
3.635477
2.054491
2.075955
3.901721
4.146361
2.054491
2.216494
2.120575
2.048593
4.199187
2.670186
2.039258
4.002787
2.265173
4.229016
4.141340
3.504586
3.898560
4.324582
3.128820
3.553150
3.989316
2.380073
2.519963
2.171416
1.344789
1.784867
1.819754
2.041986
2.241933
1.274996
2.219188
2.347247
1.262883
1.287572
2.730551
2.368544
2.582865
2.279729
2.501365
2.475363
2.050017
1.844131
3.288043
3.101359
3.173905
2.989961
2.796397
3.133984
2.088955
1.998942
3.477235
3.481044
3.245722
3.130224
2.047605
2.891417
3.455259
2.866341
2.642702
3.438333
3.404431
3.111533
2.048117
4.013712
2.063172
2.238724
1.971350
1.994301
4.028254
2.231463
2.012520
2.138067
4.098901
3.675830
2.019038
3.831565
2.054679
2.097598
2.075955
4.146361
2.162034
2.139692
2.063658
2.054679
2.139692
2.211809
2.220027
2.526718
2.063658
2.048593
1.994833
2.048593
1.996511
2.066392
4.433477
4.428924
1.961639
3.672546
4.257704
3.360487
3.214130
3.613797
1.913756
3.966228
4.263628
2.748696
1.907447
3.965351
3.553150
3.703008
3.946177
2.596564
2.336083
1.925103
1.955702
2.450288
1.326663
3.412462
3.307045
3.703008
1.651740
1.619099
1.241306
1.326663
1.241306
1.651740
2.476720
1.478311
1.897969
1.749710
1.483830
1.478311
1.065584
1.219222
0.969111
1.044280
2.255985
2.182155
2.431272
2.577624
2.903784
2.402085
3.150485
2.995332
2.244580
3.170416
3.328057
2.341317
1.909268
3.101359
2.476229
1.847381
2.005481
3.479684
3.173905
3.428788
3.613471
3.555998
3.416884
3.571301
3.416884
3.510332
3.510332
2.738819
3.088403
3.537692
3.143060
2.108037
2.729544
2.858188
2.017357
3.105639
3.455259
3.404431
3.438333
3.339464
3.432966
3.744053
2.199768
2.776336
2.866341
2.287002
1.975445
2.646011
4.015916
2.164051
3.675830
4.019979
2.045820
2.077325
2.627874
3.998416
2.399280
2.127259
4.207250
4.081121
2.399280
2.119860
2.124546
2.530314
2.530314
2.075955
2.211809
2.201242
2.162879
2.400393
2.068505
2.074106
2.060513
2.001413
4.017647
2.211929
4.149736
4.189571
2.074106
3.985348
3.969634
1.842937
4.176042
3.723588
3.969634
2.314018
3.855986
3.265116
3.383494
3.946177
1.996122
3.679039
3.848865
3.848865
2.596564
1.633802
1.817186
2.054965
1.925103
3.703008
3.530290
2.215231
2.889212
2.565922
2.343595
2.695576
1.651740
1.258523
1.562419
1.255872
1.278121
1.158045
1.897969
1.563371
1.277544
1.238658
2.606234
2.667943
2.359136
2.913569
3.099394
3.212524
1.930661
2.321117
1.917520
1.741809
1.902858
2.502555
3.408481
2.424451
2.825220
3.428788
2.796397
2.974074
2.974074
2.918419
2.704358
1.879052
3.130224
1.998942
2.795682
2.476229
3.000468
3.189288
2.316786
2.193246
3.620434
3.361183
2.233323
3.417267
3.539449
1.945556
3.111533
2.646011
2.776336
2.646011
3.417267
3.405895
3.427495
2.386317
2.692305
2.222045
3.444688
2.202924
2.085712
2.097598
2.201242
2.375609
2.207261
2.216494
2.334083
2.330787
3.780435
3.881437
3.885990
3.858123
3.881437
3.723588
1.982953
4.433477
4.378983
4.478138
4.311384
3.360566
3.716308
4.466427
4.433477
4.478138
3.027001
3.607332
2.995563
4.060973
3.847059
1.492098
2.206684
2.206684
4.099524
4.315687
2.136848
1.462404
3.412462
1.819754
1.872586
3.243204
1.650919
1.383816
2.111431
2.241933
2.090451
3.094669
1.651740
2.813281
1.347144
2.281791
2.281791
1.697747
1.243539
1.243539
1.160463
1.105079
1.160463
2.103839
1.347249
2.615315
2.415029
2.327406
2.488182
2.873292
2.522369
2.363410
3.173142
3.177913
2.772084
2.102545
1.888945
2.125254
3.075932
2.218322
2.250681
3.394869
2.103183
1.998942
3.394869
3.640401
3.565703
3.565703
2.854967
2.476229
1.852569
2.074412
3.427523
3.166303
2.974074
2.953038
2.953038
3.704139
2.995782
2.995782
3.547001
3.604371
2.911863
2.112230
3.575727
3.517921
3.417267
3.494621
2.884045
2.978894
2.171791
3.417267
2.275736
2.138067
2.344899
3.417267
3.831379
3.644703
3.444688
4.019979
4.207250
2.317528
2.222045
2.236537
2.216494
2.242729
2.334083
2.334083
2.201242
2.344157
2.362446
2.273058
2.362446
1.943448
2.150500
2.155849
2.165944
4.117664
2.252714
4.189571
2.265173
3.965312
1.933708
2.064842
4.478138
3.693920
3.989316
4.246996
3.885167
2.549368
2.955838
3.989316
2.806586
3.679039
4.105421
3.530290
3.530290
2.419667
2.419667
2.806586
2.054965
2.171416
2.177696
1.888551
3.380427
1.689992
1.555414
2.259299
1.542133
2.454365
2.772129
2.714954
2.772129
2.772129
2.729249
1.623787
2.420070
2.615315
2.985649
3.013309
2.873292
2.600093
3.026833
2.966499
3.408481
3.173142
2.974620
2.244580
2.502555
3.315768
3.145005
1.933962
3.075932
3.282583
3.524547
2.743417
2.995279
3.558475
3.583805
2.971786
2.918479
3.547001
2.328484
3.616382
3.189288
3.196746
2.275736
3.855538
3.654827
3.438333
3.427495
3.196746
2.399280
2.443147
2.100351
2.238724
2.713121
2.152632
1.983646
2.317034
2.176965
3.444688
2.317528
2.298716
2.067473
2.317528
2.344157
2.362446
2.165944
2.437993
2.375968
2.252714
2.118845
2.118845
2.083272
2.330787
3.628301
3.985348
3.985348
2.042438
1.927837
3.827622
3.725398
3.369243
3.444625
3.855315
3.086999
3.607332
3.068449
2.256695
3.723463
3.530290
2.633744
2.233963
1.478326
1.347144
2.016112
1.277972
1.495039
1.285795
1.873013
2.459538
2.564754
3.090994
2.813007
2.667943
2.876920
2.976686
2.453241
3.013309
1.857125
1.772279
3.026833
3.169946
2.974620
3.201929
2.681782
2.567096
3.394869
3.145005
3.075932
3.488230
3.509378
2.715918
3.640401
3.640401
1.879052
2.953038
3.019809
1.945314
2.091680
3.506190
3.544952
3.106957
3.053907
3.181378
3.613471
2.198208
2.000635
2.995782
3.114266
3.334888
3.469363
3.361183
2.186712
3.493919
3.656803
2.214606
2.214606
2.209013
2.287002
2.506767
3.855705
3.631367
2.209013
2.063294
3.228729
2.436665
2.506767
3.014602
3.362012
3.231329
3.362012
3.231329
3.472179
2.322699
3.232414
2.156351
2.176965
2.536889
2.534596
3.981791
2.165944
4.117664
2.400393
2.429046
2.607222
2.304531
2.211929
1.943448
1.933708
3.855986
4.263628
3.855986
2.102831
3.607332
4.086140
3.607332
4.086140
3.611965
3.549224
3.354583
2.065576
2.256695
3.989916
2.911836
2.434210
2.177696
3.094669
2.263358
1.810327
1.729011
3.358575
1.512341
2.241360
1.421245
2.352519
2.387764
2.747437
2.548060
3.049256
2.349481
2.864097
2.779656
1.937764
3.347467
2.873292
2.321117
2.473265
2.093716
2.668799
2.850672
3.509378
2.668799
3.509378
3.689629
3.689629
3.687783
3.761669
3.617041
3.687783
3.181378
3.605700
3.701973
3.469363
3.609469
3.679869
3.339878
2.398120
2.163481
2.172746
2.353367
3.339878
3.470592
3.654827
2.176384
2.206370
2.088003
2.218119
3.479358
3.922366
2.883552
3.283471
2.960333
2.262180
3.922366
2.266992
3.257080
3.257080
2.337997
2.440007
1.907617
3.895206
2.536889
2.607222
2.079215
4.117664
4.201557
2.119456
2.036747
2.561670
2.536889
2.607222
2.422195
2.689332
2.375968
2.539326
3.420173
3.427186
2.032460
4.399471
4.289147
1.827234
2.328265
1.996122
1.745301
3.354583
2.835875
2.054965
3.716418
1.942923
3.211176
3.084271
3.354583
3.084271
1.976267
1.776482
2.645354
1.383816
2.045535
1.369576
1.389751
2.241360
1.369576
2.315129
2.535721
3.006086
2.680483
1.371375
2.337344
2.459538
2.881306
2.857003
3.013309
3.075148
2.307870
2.933990
3.046497
2.866086
3.584406
3.075148
3.347467
3.145005
3.201929
1.953561
2.393172
2.715918
3.756943
2.957034
3.756943
3.756943
3.315768
3.086194
3.019809
3.679869
3.609469
2.317529
3.544952
2.233323
2.441113
2.087258
2.470927
2.441113
2.275736
2.425264
2.506767
3.695517
2.283240
3.014602
3.695517
2.186636
2.322699
2.635211
4.212785
2.422195
2.093638
2.635211
1.993920
1.993920
3.752259
4.152829
3.767656
3.767656
2.422195
2.607222
2.444885
2.607222
3.845560
2.481556
2.580229
2.032460
2.644844
3.845560
3.444625
3.427186
4.086140
4.289147
2.957029
2.835875
3.841383
4.235383
3.716418
3.604268
3.354583
2.440601
1.784617
2.621006
2.621006
2.621006
1.942923
3.211176
2.353004
2.241236
3.245029
2.779212
2.779212
2.257261
2.088109
1.593138
2.751034
1.607006
1.175668
1.873013
1.252602
2.605850
3.051226
2.044103
1.757443
2.141853
1.953561
3.293302
1.884281
2.192867
2.053349
3.190520
2.752542
3.040128
1.996604
1.996604
3.076018
1.996604
2.931437
2.727440
2.516766
2.972416
2.972416
2.983860
3.776388
3.790829
2.153390
2.153390
2.918419
2.996640
3.744655
2.269686
2.165487
3.534305
3.618437
3.061527
3.315107
3.762654
3.189288
3.260134
3.564035
2.406245
3.544952
3.574465
3.283471
3.675532
2.352196
3.433565
2.676369
2.240651
3.479358
3.290356
3.108659
3.695517
3.583805
3.138120
2.170959
3.257080
3.981791
2.304161
2.242962
2.561670
2.801460
2.801460
2.708840
2.539326
1.899996
2.585693
2.174479
2.389244
1.509355
1.804909
2.060248
1.488540
1.603353
3.358575
2.263358
2.008669
2.480003
1.650544
1.915429
2.526538
2.645354
2.091286
1.369576
1.278765
1.478326
1.334318
2.516748
2.361284
2.915528
2.915528
2.787107
2.126117
3.022321
2.747437
2.895419
2.201047
2.442115
3.190520
3.449777
3.201929
3.046497
2.541974
3.228575
3.322017
3.196646
3.478936
2.983860
3.196646
3.024630
2.972586
2.028757
3.079804
3.715566
3.579615
3.667004
3.372027
3.474660
3.788500
3.563015
3.073073
3.741123
3.741123
3.205527
2.333093
3.509980
2.101638
2.166084
3.441413
2.346202
3.848616
2.273545
2.176384
3.716426
2.514062
2.285553
2.248634
2.271261
2.266992
2.382511
2.883552
2.960333
2.285553
2.291858
2.653734
2.027908
2.027908
4.228774
3.943618
2.176965
3.981791
3.623991
2.829065
2.727651
2.622962
2.766087
2.708840
1.982953
2.126985
2.995563
2.957029
3.636777
2.957029
3.946367
3.989916
2.585693
2.587661
2.587661
1.942923
1.997800
2.621006
3.291980
1.881384
2.146478
2.467880
2.643687
2.936238
2.446134
2.728256
2.475969
2.526538
1.593138
1.438013
2.353823
2.427050
2.348296
2.660544
2.044103
3.139565
3.139565
2.743775
2.393172
2.469821
2.696438
2.252946
3.761058
3.322017
3.322017
3.449777
3.134052
3.464915
3.449777
3.043623
2.983860
3.144151
3.076018
3.329552
3.474660
3.803925
3.744655
2.198208
2.138809
3.559307
3.390597
3.708491
3.575902
3.433565
3.645030
2.535724
3.617105
3.549926
2.535724
2.496346
2.248634
2.501168
2.725508
3.092174
2.361727
3.283262
2.162860
2.327071
2.396374
2.339729
2.254928
2.339729
3.283262
3.110797
2.271261
2.254928
2.170959
2.261788
2.444140
2.207161
2.259109
3.939537
3.707012
3.717114
1.922575
3.939537
3.444625
3.100747
3.143924
3.367554
3.473271
2.200305
2.094185
2.957029
3.650749
3.323223
3.623474
3.245029
1.976267
3.116596
1.342139
2.479094
2.687780
3.291980
2.273089
2.337535
3.379936
3.245029
2.607141
3.269141
1.364037
2.310196
2.526538
2.447121
1.458178
1.607006
1.252602
1.108326
2.462303
2.455325
2.275201
2.516748
2.631568
3.478936
2.525929
3.038085
2.881306
2.025611
3.329763
2.507217
2.269153
3.227982
3.051226
3.139565
2.114208
1.953561
2.582069
3.708491
2.021883
3.329763
3.293302
2.979651
3.790829
3.329552
2.727440
2.727440
2.048534
3.194716
3.712529
3.296057
3.667004
3.776388
3.476175
3.249862
2.018956
2.129146
3.199192
3.249862
3.712086
3.712086
3.466010
2.071240
3.708491
3.521055
3.433565
3.433565
2.258730
2.221866
2.397935
2.316682
2.444727
3.447966
3.612817
2.052743
2.054057
2.109936
3.457078
3.283262
3.351829
2.653734
3.130067
2.208480
2.270691
2.248634
2.433622
2.530079
3.130067
2.285553
2.378084
2.396506
2.239113
2.327071
2.378084
2.254928
2.169790
2.027908
1.923382
2.084705
3.945534
3.945534
2.342040
3.656927
2.150500
3.752259
3.827991
2.501538
3.827991
3.422728
2.946223
2.050161
2.838073
1.695677
2.282961
2.402178
2.670721
3.656347
3.323223
2.482394
1.858612
2.122298
1.915429
2.538872
3.379936
2.255038
2.939218
2.896208
2.570732
1.810876
1.607387
2.017612
1.591369
1.440008
2.595880
2.196584
2.659668
3.489840
2.123275
2.040398
2.851103
2.903175
2.915556
3.017525
3.093462
3.296057
3.330259
3.785952
3.484997
3.760493
3.571003
3.512186
2.207538
3.590749
3.290289
2.317529
3.498351
3.544952
3.290289
3.453088
2.493385
2.559131
3.327524
2.559131
3.465319
3.279047
2.370881
2.370881
2.480284
2.777788
2.908664
3.033337
2.402711
2.359196
2.305317
2.378077
2.321902
2.084705
2.370145
2.378084
2.291858
2.291858
2.023435
2.207161
2.321902
2.441405
2.382511
2.080918
2.088156
2.115698
3.624821
3.656927
2.023640
4.228774
3.897490
4.152829
2.113031
4.285109
2.230016
2.164191
3.484232
4.046435
2.206316
3.687908
3.509169
3.580429
3.145646
2.170541
2.050161
2.210926
3.313584
3.183876
1.967093
2.838073
2.501718
2.501718
3.471398
2.631751
3.533036
2.353004
2.621006
2.146478
2.621006
3.194930
2.234680
2.406107
2.501718
2.623722
3.194930
3.256493
2.770619
3.174408
2.286261
2.843378
2.635505
1.342139
1.228342
1.589183
2.638811
2.820058
3.286279
3.327185
1.937167
2.180933
3.389297
3.389297
2.808791
2.885611
3.093462
3.134052
3.788500
2.018956
3.785863
3.785863
3.413187
3.171415
3.413187
3.476175
3.596878
3.416413
3.510846
3.073073
2.365579
2.483031
3.712086
3.471159
2.483031
2.483031
2.602249
2.406245
3.760099
2.435013
2.501168
2.441405
2.503753
2.607599
3.033337
2.378077
1.942800
2.370145
2.489504
2.467321
2.346610
3.733953
2.492566
2.155334
2.242962
2.155334
4.099209
3.732336
4.179873
4.240432
3.615484
3.421230
3.564854
3.664722
4.271810
4.396448
3.832611
4.164419
3.509169
3.903039
4.046435
3.687908
2.210926
2.278383
3.183876
2.817907
2.796742
2.887554
2.993978
2.479094
3.471398
2.623722
3.243631
3.031991
1.439737
1.666772
2.062000
2.045339
2.065143
2.306763
2.649658
2.962964
2.453280
2.052630
2.286261
2.843378
1.915429
1.824700
1.317566
1.757758
1.075754
2.389718
2.273741
2.671940
2.289485
2.607051
2.621972
2.429040
2.591998
2.950185
2.945095
2.472997
2.409270
2.869654
2.338459
3.555381
3.178470
2.808791
3.501299
2.525929
2.118799
2.724739
3.098747
3.550619
3.722092
3.819334
3.329763
2.626657
3.086687
2.937889
3.389297
3.490378
2.792984
3.413187
2.183466
3.485649
2.394224
3.416413
3.476175
3.171415
3.290289
2.350996
2.183466
3.572463
3.788500
3.290289
2.258730
2.052743
3.559064
3.344010
3.689679
3.447476
3.369065
2.512952
2.630700
2.630700
3.369065
2.946809
3.130067
1.951977
2.116309
3.033337
2.181883
2.370145
2.467321
2.346610
2.489504
2.480677
2.261788
2.342426
3.733953
1.845290
3.378548
4.167794
4.005835
4.049601
4.049601
4.046435
4.179873
3.560665
4.005835
3.732336
3.804561
3.903039
4.108614
2.170541
3.318923
3.471398
2.519730
2.635505
3.031991
2.952456
2.843378
2.792732
2.800483
1.488321
1.637064
1.757758
2.585760
2.557429
2.714928
2.671940
2.979992
2.636360
2.679562
1.993352
2.067771
3.122801
2.228302
2.353498
2.441501
2.611734
2.000057
2.114208
2.065866
3.493754
2.009085
2.724739
2.792404
3.816322
3.428275
3.069751
3.507899
3.501299
3.507899
3.490378
2.172477
3.480962
3.416413
3.205527
2.258730
2.496308
2.626544
2.444727
3.612971
2.517198
2.535724
2.687249
2.638288
3.457078
2.929560
3.208859
2.470321
2.922756
2.438101
2.783036
2.402711
2.438101
2.480284
2.470321
2.674230
3.203406
2.376928
2.489648
2.889478
2.580720
2.378077
2.451351
2.238585
2.378084
2.570266
2.574050
2.339249
3.865817
1.846419
2.120337
2.480677
2.512781
4.167794
4.119034
4.237999
3.732336
3.277476
4.099209
3.656927
3.459111
2.171889
2.001925
4.433031
4.236101
3.069656
3.832611
4.202910
3.264897
3.634633
2.206316
4.314987
3.643620
4.232308
4.134962
4.242896
3.634633
4.164419
3.903039
3.903039
3.799863
2.307254
4.124500
3.606096
3.525666
2.257188
2.887554
2.881965
3.025910
3.238022
3.082296
2.396950
3.004963
1.721112
2.800483
2.952456
3.174408
3.097326
2.045339
2.065143
2.297143
2.591315
1.357772
2.952456
1.342270
1.271114
2.827075
2.573760
2.051711
1.893650
2.165223
2.696889
2.083704
3.089738
3.446967
3.038085
2.945095
3.327185
2.522746
2.759798
3.743339
2.000057
3.178894
2.949304
2.621874
2.393625
3.329763
3.069751
2.288832
3.110690
2.072770
3.753141
3.194716
3.376806
3.204723
2.876424
2.283683
2.626544
2.517198
3.671330
2.558827
2.984370
2.559131
3.521348
2.512952
2.946809
3.343343
2.535724
2.946809
2.454906
2.789356
2.525924
2.515288
2.164673
2.392062
2.321902
3.686216
2.392062
2.485725
4.049238
3.733953
2.273996
2.681629
2.693344
2.580720
2.244192
2.681629
2.681629
3.589689
3.971994
3.948077
3.897913
4.155652
4.325145
4.317197
3.417976
3.082623
2.053530
3.082623
3.082623
3.434231
3.189562
3.497337
4.119904
3.334123
3.189562
4.282716
4.314987
4.236101
3.903668
3.704407
3.971365
4.232308
4.134962
3.412743
2.290251
2.307254
3.799863
3.910764
2.411053
4.127379
3.836818
3.525666
2.946223
3.318923
3.549530
3.318923
3.150367
1.848167
2.784505
2.498390
2.592484
2.873009
2.873009
2.567495
2.952009
2.748238
3.324515
3.097326
2.327818
2.164577
3.238022
1.471170
3.110121
1.889400
1.560383
2.809911
2.964174
2.314835
2.741678
2.410068
2.151751
2.470701
1.949880
2.611734
2.611734
3.606138
2.792404
2.759798
2.936997
3.428275
3.134052
3.373959
3.204723
2.936997
3.605516
2.354677
3.485649
3.485649
3.287659
3.577753
3.485649
3.287659
3.809054
2.003950
2.162885
2.402977
2.278251
3.480962
3.456470
3.505364
2.707599
2.111822
3.662884
3.662884
3.237996
3.466798
2.707397
2.626544
2.170694
2.997465
2.997465
2.763137
3.101810
2.517198
2.704361
2.535724
2.321697
3.158811
2.478856
2.702249
1.919375
2.618316
2.525924
2.045624
2.525924
2.515288
2.308352
2.392062
2.625691
3.733953
2.611150
2.693344
4.018888
4.018888
2.793795
4.097060
3.823896
3.981547
4.155104
2.033201
3.206767
4.242764
3.526478
3.644792
2.844188
2.966049
2.290251
2.206776
3.069656
4.242896
3.231488
3.231488
3.108742
3.484232
2.998557
3.704407
2.058188
4.127379
3.748449
3.080774
3.837289
3.910764
3.244567
4.104018
2.952009
2.573159
2.748238
2.820691
2.873009
2.749821
1.663893
2.573159
3.004963
3.082296
2.921604
3.549530
3.345766
2.769546
2.593387
2.397983
2.864119
2.300132
2.573159
2.864119
2.297143
2.162745
2.419316
2.180601
2.519295
2.385491
2.519295
1.241720
1.241720
1.944934
1.944934
1.393533
1.625581
1.429732
1.354903
1.185417
2.271101
2.536718
2.409339
2.705493
2.595880
2.392433
2.606325
2.680097
3.119589
2.204074
2.267933
2.522746
3.209995
3.493754
3.178894
2.785518
3.373959
3.051448
2.102804
2.145703
1.936357
3.606138
3.733837
2.977061
2.140886
2.048534
3.507899
3.753141
3.287659
3.485649
2.444942
3.553341
2.707397
3.609095
3.689679
3.203406
2.226256
2.607599
2.544668
2.674230
2.650933
2.486762
2.464027
3.753160
2.021337
2.312726
2.078913
4.018888
2.683219
2.681629
2.700298
1.890649
1.916420
2.289385
2.244192
4.104140
3.932764
2.212830
2.212830
3.378548
4.119034
2.921619
3.785877
3.801120
2.187848
2.849547
3.334123
3.417976
3.518067
2.290251
2.966049
2.884878
3.537498
4.104018
3.231488
4.127379
3.557431
1.919900
3.897451
3.549530
3.549530
3.124762
3.238022
3.008303
2.964174
3.148280
2.438837
2.732368
1.904961
1.801249
2.217021
2.242620
2.760995
2.681715
2.879193
3.089738
2.700233
3.451977
3.088757
2.645709
2.135105
2.507551
3.098747
2.854373
3.618450
2.949304
2.981224
2.816494
3.209995
3.559540
3.078819
3.051448
2.179348
3.726808
3.518700
3.559540
3.521330
3.521330
3.521330
3.204723
3.204723
3.756926
3.460067
2.179348
2.335323
2.444942
3.545324
2.707599
2.444942
3.671330
3.383307
2.558827
2.989006
2.618830
3.035414
3.340007
3.328669
2.922756
2.997465
3.119688
3.159069
2.548535
2.244579
2.630641
2.618316
2.644061
2.607599
2.519081
2.525924
3.605909
3.753160
3.901778
2.296315
2.054472
3.999902
3.704313
3.704313
2.484900
2.522718
3.687879
3.573567
3.540913
3.589689
2.806766
2.638323
3.624821
2.702023
3.968792
3.518268
2.735440
2.806766
2.763847
2.693344
2.367744
3.324198
2.981992
3.069656
2.759222
3.497337
3.417336
3.581661
2.270957
3.457697
3.354045
3.665575
3.604259
3.897451
3.436130
2.702935
2.819281
2.604017
3.234750
2.354941
1.773566
2.999294
2.874167
2.536919
2.008455
2.300132
2.235137
2.051711
2.147655
2.091904
1.918344
2.115983
2.241390
1.266121
1.344518
1.908391
1.591185
1.453522
1.782993
1.782993
0.943331
2.494219
2.504831
2.557429
2.460319
2.994622
2.502226
2.291701
3.209723
2.382622
2.410068
1.954745
2.065866
3.178894
3.618450
3.600232
3.600232
2.206399
3.383592
3.383592
3.373959
3.743032
2.143347
3.194630
3.559540
3.516844
3.764353
3.521330
2.039461
3.588554
3.764353
3.537757
2.108380
2.077566
2.108380
3.505364
3.481734
3.460067
2.335323
3.691450
3.505144
2.558827
2.518393
3.411417
1.831998
2.558827
3.341064
2.558827
2.707397
2.045104
1.903076
2.618830
3.064520
2.714457
3.133878
2.929560
3.159069
2.687140
3.072014
3.901778
2.385961
2.354774
3.889999
3.483532
3.845864
4.004053
3.767487
2.296315
2.358595
4.034749
3.892905
3.892905
2.735440
2.635258
3.139058
2.735440
2.795693
2.396228
2.824884
2.921619
2.921619
3.644792
3.540890
3.540890
2.900413
2.844188
2.763847
2.848768
2.234018
2.981992
3.005377
3.244701
2.018651
2.499640
2.759222
2.428324
2.550706
3.241427
2.997651
1.863360
2.580262
2.331712
3.145343
2.881343
2.932607
3.836230
3.388803
3.467026
3.410492
3.659601
3.410492
3.410492
3.410492
2.616522
2.702935
3.436130
2.354941
2.354941
2.430198
2.604017
2.300132
3.124762
1.991448
2.201850
2.997353
2.934115
3.224273
1.342270
2.166297
1.665295
2.034753
1.117449
1.734803
1.474517
1.513317
2.710059
2.470701
3.011717
2.819746
2.819746
3.023851
2.996433
2.627188
2.382622
3.209723
2.479457
2.105891
2.264457
2.114208
3.574124
3.415374
3.559191
3.757325
3.523199
2.430227
3.392129
2.376138
3.503926
3.430770
3.317425
2.518557
3.010679
2.711630
3.389077
1.832046
2.981484
2.491163
2.651773
3.010679
2.924137
2.922002
2.993814
2.499411
2.704361
2.486762
3.159069
2.628325
2.587893
2.358296
2.602797
2.544668
2.644061
3.810883
3.965795
1.888087
2.078913
2.289385
3.540913
2.953382
2.078913
2.575948
2.533061
3.719801
2.396228
2.981992
2.900413
3.540890
3.785877
2.838685
2.871013
3.518067
2.234018
2.861737
2.902242
2.281965
3.053347
2.864139
3.560569
3.231488
2.211664
3.557431
3.604259
1.710106
1.923275
2.534564
1.622558
2.786277
2.786277
2.880132
3.091255
3.234750
1.855516
3.410492
2.367927
2.343905
1.897347
2.136409
2.257105
2.166297
1.253518
2.438837
2.091151
2.091904
2.207653
2.398688
2.700233
2.466828
2.277679
2.749211
2.935234
2.176937
3.106984
2.770384
3.023851
2.334497
3.395396
3.351324
2.816494
2.785518
2.083091
2.105891
3.531618
3.487242
3.194630
3.787527
3.541409
3.721815
3.647135
3.645705
3.490015
3.277588
3.064520
3.387512
2.959181
3.087038
3.609095
2.922002
2.922002
2.977795
3.230527
2.504000
2.687140
2.879337
2.674230
3.093467
2.236169
2.486762
2.704705
2.043578
2.354774
3.948077
1.816231
2.669306
3.704313
2.150835
3.801120
2.320653
2.310748
2.310748
2.040634
2.575948
2.396228
1.999162
2.310748
2.589816
3.719801
3.785877
1.883103
2.773239
2.574044
2.464174
2.825102
2.506314
2.506314
2.848768
3.537498
2.177264
2.637798
2.709495
2.806445
2.442759
2.065737
2.848825
3.170383
3.214884
3.341633
3.257893
3.196599
3.257893
3.257893
2.616522
2.354941
1.879705
2.300127
3.196599
3.035851
1.857219
2.084059
1.552069
2.752082
2.115792
1.913552
1.818112
1.945524
1.344518
2.021627
1.924436
1.924436
0.936966
0.828507
1.041381
1.838578
1.983558
2.290856
2.838151
2.645129
2.749211
2.752265
1.847961
3.227123
2.067771
1.784789
2.176937
2.760445
3.011717
2.904542
2.479457
3.415374
3.531618
2.816494
3.078819
3.078819
3.566395
3.162113
3.787527
3.574124
3.516961
3.717889
2.388295
2.430227
2.203390
2.358296
3.392129
3.617068
2.805980
1.814689
3.018775
3.274545
3.177534
2.514674
2.514674
2.977795
3.004989
3.460755
3.093467
2.528464
1.828912
2.685850
2.602797
2.231178
3.836389
3.454492
3.849274
1.790107
3.424070
3.767487
3.615743
3.049677
2.934778
3.165196
1.860867
2.435641
2.150835
2.456122
3.403473
3.301960
3.301960
2.716036
2.456122
2.385817
2.300431
3.301960
2.065737
2.304329
2.512377
3.264897
2.442759
3.264897
2.644274
3.114779
2.716036
3.073842
3.537498
2.242435
3.354045
3.286604
2.932607
3.020433
1.951181
1.951181
3.237929
3.467026
2.742596
2.742596
3.177309
2.862515
1.678717
3.096988
1.616238
2.080430
2.275140
2.752082
2.687025
1.694705
1.924436
1.102759
1.967105
1.924436
1.211789
1.282327
2.357522
2.338687
2.277679
2.742563
2.507551
2.380340
2.386303
2.123356
2.065866
1.922624
1.954745
2.197565
2.348645
2.630739
3.686678
3.460077
3.170802
2.109900
2.143347
3.541409
2.310733
2.246893
3.597593
3.541409
3.559191
3.568086
2.102387
3.686678
3.653366
3.640199
3.514443
2.514758
2.520170
3.644146
1.733981
2.572436
2.376138
2.633660
2.572436
3.612178
3.606164
3.480863
3.627516
3.042691
3.141340
2.670804
3.093467
2.879337
1.727693
2.085844
3.767487
2.193155
3.796156
1.888087
3.849274
2.193155
3.069232
3.454492
3.227900
2.934778
2.486762
1.888087
2.210116
2.150835
2.026765
3.219039
3.357664
2.902962
2.394631
3.528943
2.720622
3.215723
3.264897
2.720622
2.720622
2.806445
3.231488
2.560415
3.412207
3.215723
2.176929
2.125612
2.211664
3.341633
1.692501
3.086000
3.086000
2.275140
1.711125
2.742512
2.970941
1.902387
2.080430
1.967105
1.576133
1.162527
1.780308
1.822834
1.736326
1.844385
1.526298
2.459866
2.750563
2.667525
2.281053
2.245258
2.368504
2.748599
2.338687
2.622972
2.097718
2.227863
2.227863
3.395396
2.577629
2.094089
3.351324
3.069522
2.690219
2.374586
3.574124
2.874466
2.926508
2.625332
2.445386
2.816494
3.475119
3.257750
3.272073
3.104972
3.479827
3.669243
3.567168
3.531618
3.545837
2.451250
3.673233
1.887686
3.518253
3.230527
3.010679
3.584940
2.463041
3.248695
3.203321
2.206510
2.687140
2.977795
2.846018
2.879337
2.704705
2.815319
3.796156
3.767487
1.862880
2.255665
2.103096
2.170121
3.057925
1.837301
2.717602
2.456122
2.427700
2.908071
3.301960
2.052774
2.660141
2.507212
2.762290
1.850300
2.442759
2.864139
2.541044
3.154035
2.908071
3.007276
3.439839
2.349144
2.222162
3.182828
2.912745
2.918067
1.688400
1.598486
2.908418
2.908418
1.653803
2.726258
2.327557
1.968002
2.310560
2.718192
3.399817
1.774723
3.073412
3.030454
2.386303
3.023851
2.690219
1.828541
1.899042
2.997515
3.023851
2.821030
2.516279
2.628745
2.874466
2.628745
3.237011
3.170802
2.083091
2.540211
2.540211
2.031399
3.353277
1.987484
2.286240
3.162113
3.559191
3.597593
2.203390
3.659793
3.555223
1.900959
2.277385
3.644570
3.590283
3.568086
3.472095
3.665361
3.653366
1.886265
1.733981
3.235205
3.436449
3.380666
2.127220
3.004989
3.459527
3.027829
2.670962
2.977795
3.045457
2.985163
1.682847
2.748048
2.748048
2.704705
2.345869
3.615743
3.227900
2.136623
2.136623
1.829593
1.954368
2.507212
2.345032
2.320653
2.019226
2.307168
2.717602
2.300431
2.307168
2.307168
3.439839
2.908071
2.736495
2.635453
1.935055
2.437088
2.765382
3.031402
3.007276
2.222162
2.203546
2.660141
2.322090
3.069309
3.210294
3.297006
3.210294
3.421264
2.660141
3.109276
3.109276
3.341633
3.177309
2.523957
3.257893
2.912745
1.972511
2.850985
2.536676
1.452340
1.362248
1.379783
1.338851
1.211789
1.897347
1.563887
2.149859
1.822834
1.444828
1.710705
1.814036
1.713461
2.507867
2.588247
2.781042
2.438329
3.056694
3.046996
2.275479
3.105530
3.555223
3.237011
2.602911
2.386303
3.311548
3.073412
3.030454
2.417724
3.104972
2.341991
2.234128
3.644570
3.567168
3.599135
3.659793
3.590283
3.231659
3.231659
3.605666
3.472095
3.056950
3.329725
3.687166
2.514758
3.400913
3.118281
3.228611
3.141340
3.450080
3.606164
2.231544
2.552804
2.667379
2.096874
1.855513
1.757372
2.831387
2.846018
2.838072
2.236169
2.442914
2.138322
2.611125
2.742718
2.258070
2.717602
2.170121
3.590096
3.441466
2.193591
1.840907
2.389295
2.170121
2.637798
3.590096
3.590096
1.885934
1.778556
2.503520
2.174226
3.439839
2.203546
1.902128
2.625777
1.813427
2.056271
2.682128
3.154035
2.052774
3.330951
3.510438
2.762290
2.660141
2.322090
2.628085
2.625777
1.856944
3.069309
3.069309
3.210294
1.566111
2.564217
1.939879
2.189542
2.065497
2.884856
2.213393
2.391403
2.520278
1.694248
1.791259
1.543520
2.711467
2.706523
2.333192
3.388064
3.040711
2.709803
3.353439
1.982943
3.555223
2.495569
2.020067
2.206399
3.475119
3.610354
3.567168
3.590085
3.614867
2.138191
3.621485
3.599135
2.157567
2.011970
2.206773
2.102387
3.613920
3.562432
3.379959
1.963651
2.667379
3.459527
3.447368
3.665361
3.141222
3.380666
3.412396
3.612178
3.084561
2.096874
2.415481
3.523459
1.713528
2.848815
2.848815
3.227900
2.345461
2.075150
1.829593
1.775807
2.019226
2.438638
2.541044
2.717602
2.419965
3.315992
3.590096
2.158695
1.925015
2.271045
2.765382
2.765382
1.916338
2.838372
2.989603
1.488871
3.102966
1.855233
2.083524
2.437088
3.177309
3.197962
2.124754
2.662525
1.993496
2.417892
3.197962
1.993496
1.939879
2.750880
2.912745
3.019973
1.748559
1.712847
1.900963
1.642851
1.571678
1.454354
1.569356
1.300069
1.413997
1.172951
1.195726
1.203754
1.280066
1.694248
1.277359
1.710705
1.597999
1.923406
2.806130
2.528540
2.389918
2.357856
3.353439
2.776235
1.982943
3.388064
3.123707
2.556730
2.352302
3.538215
3.318651
1.791905
1.990264
2.848272
3.498186
2.020067
2.117049
2.167981
2.919981
3.272073
3.353439
3.621485
3.521700
3.567168
3.627777
3.245132
3.621485
3.379959
3.380709
3.249962
3.659793
3.400913
3.442864
3.447368
3.203159
3.465698
3.301517
3.297835
3.408578
2.127220
2.997880
2.127220
3.045457
3.084561
3.084561
3.084561
3.405825
3.127981
3.082777
2.846018
2.831387
2.846018
3.069569
2.728692
2.500437
2.690691
2.742718
2.690691
2.934778
2.690691
1.802166
2.197047
1.987723
2.170519
2.221559
1.851395
1.742111
1.915329
2.530806
1.855233
1.996799
1.281094
1.517945
3.019973
2.466238
1.761148
3.031225
2.916968
3.053049
1.634944
3.077014
3.082183
1.711125
1.481725
1.628825
1.169926
1.615454
2.462282
2.245251
2.477227
2.658478
2.806130
1.806917
3.085359
2.523416
2.735674
2.711467
3.318651
3.318651
1.891268
2.594446
3.078158
3.012292
3.353439
3.297788
3.512018
2.835615
3.572045
3.162113
2.921403
3.614867
3.572045
3.606642
3.638907
3.596512
3.645480
1.910397
3.627777
3.613297
3.621083
3.596512
3.139675
3.380709
2.552804
2.287287
3.452967
3.610566
3.379959
3.246759
3.156135
3.156135
3.297835
2.997880
2.767339
2.640699
3.018775
3.245201
1.969943
3.203321
3.127981
3.143131
3.190123
2.723568
3.127981
3.043794
3.031446
1.920824
3.043794
3.130793
1.783890
2.143069
2.005201
2.351182
2.261803
2.077274
2.193155
2.669569
2.500437
2.611125
2.712391
2.669569
2.690691
3.441466
3.390795
2.208694
2.208694
3.390795
3.374954
2.435641
2.589816
3.441466
1.976660
2.026278
2.174226
2.271045
3.345636
3.374954
2.511731
2.062128
3.041934
1.742111
3.151969
3.315992
1.636453
2.158695
1.871054
2.158224
2.511731
2.530806
1.901288
3.053049
2.530806
1.488871
3.028618
3.114755
1.191665
1.517945
1.241082
1.344272
2.353005
1.241082
1.191665
1.241480
2.530806
2.380322
1.695213
1.281094
1.429639
1.453030
2.199890
1.277359
0.924857
1.877621
1.681763
1.723316
1.328420
2.507725
2.822280
2.681186
2.658478
1.996686
1.926376
2.576825
2.448850
2.304336
2.602975
3.521700
2.997515
3.283288
3.292470
2.149210
3.253449
2.224645
3.093773
3.245132
3.615918
3.627777
1.910397
3.604123
3.627777
3.559897
3.569745
3.552366
3.203159
3.455979
3.567792
3.567792
3.141222
3.583496
2.157567
1.802367
2.932234
2.896439
1.698643
1.864201
3.442864
3.393817
3.307972
2.896439
3.240535
3.151074
2.670962
3.203105
3.240535
3.099755
1.781765
2.042535
1.920824
1.775266
2.921838
3.127981
2.831387
1.926735
1.809424
2.924901
2.714082
2.857485
2.857485
2.408224
1.662939
2.552147
2.638597
2.669569
2.210454
1.568745
3.401524
3.401524
3.401524
2.271045
3.151969
3.090667
2.197047
2.065146
2.659274
2.507617
1.902128
1.851395
2.026675
2.157806
1.687890
1.774668
2.996578
1.191665
1.517945
1.524963
2.466238
2.750880
2.484770
1.792920
1.569356
2.060782
1.882754
2.060782
2.536676
2.304765
1.382621
1.598809
1.588848
1.258947
2.274121
2.477227
2.588247
2.439408
2.594166
2.439408
2.474126
2.822122
2.677430
1.806917
3.497858
3.085359
1.891268
2.465326
1.965648
1.990264
2.137871
3.465677
3.547979
2.975670
2.138191
2.190418
3.559897
3.152186
3.231659
2.797708
2.359841
3.249799
1.697253
2.437701
3.493393
2.686412
3.621083
3.049443
3.610923
3.297835
2.896439
3.556788
2.428286
3.151074
3.427616
2.781984
1.836585
1.963651
2.640699
3.488030
3.010983
2.879880
2.804752
2.916919
2.923878
3.379305
2.042535
2.793388
3.011718
2.223122
2.924901
1.901350
2.138322
1.792543
2.857485
2.857485
2.500437
2.801466
2.279576
2.500437
2.711292
1.530661
2.810534
2.600237
3.122684
3.188620
3.188620
3.390795
3.120382
3.201011
2.197047
1.942068
2.170519
3.133412
3.090667
3.223020
3.374954
2.961634
2.287897
2.218589
2.157806
1.344272
2.299589
1.774668
2.794758
2.960158
2.517519
2.882729
1.820318
1.181957
2.209428
2.517519
2.070780
2.503716
2.360492
1.854012
1.597707
1.887160
1.265170
1.265170
1.163947
2.474597
3.079618
2.845889
3.163863
2.952652
3.292470
3.335106
3.497858
2.983039
3.075135
3.505306
3.397444
3.397444
3.547979
3.245132
1.884957
2.087665
1.987484
3.649069
3.649069
3.480072
3.615918
2.014077
3.455583
3.610566
3.662882
3.609123
3.493393
3.559897
3.552366
3.205109
3.332305
3.552366
3.301517
2.598877
2.729883
3.593617
2.997880
3.476207
3.371087
3.246759
3.556788
3.371087
2.640699
3.192139
2.739174
3.151074
2.272842
3.151074
2.885142
2.885142
3.149798
2.940859
2.924901
2.924901
1.904099
1.904099
1.947149
1.926735
2.351182
2.408224
2.298986
1.736908
2.473321
2.711292
2.579358
2.552147
2.891888
2.711292
2.690691
3.188620
3.122684
2.210454
2.136623
3.251155
3.133412
2.815776
1.942068
2.847908
2.299589
2.158695
2.301778
1.343719
1.241082
2.682480
2.789568
1.713205
1.713205
1.908739
1.725017
2.360492
2.231236
2.060782
2.060782
2.006321
1.121637
1.527315
1.802645
1.634899
1.163947
1.265170
2.398258
2.160736
2.792263
2.245251
2.775239
2.615329
3.057076
2.363344
2.797604
2.473878
2.545878
3.029046
2.545878
1.839329
2.668390
2.566025
2.718718
2.194586
2.780968
3.380395
1.930502
3.465677
3.075135
3.075135
2.835615
3.397444
3.494443
3.497858
3.555734
3.494789
2.014077
2.035378
2.107858
2.435349
2.102801
3.610566
3.608468
3.583496
3.609123
3.094563
2.359841
3.553120
2.711190
2.549762
3.570216
3.529120
3.586250
3.371087
2.524076
3.534385
3.371087
3.517564
3.467717
3.436988
3.245201
1.748275
3.409886
3.249567
3.249567
3.192139
2.497954
1.691739
2.804752
2.497954
3.187241
2.885142
2.921838
1.781765
2.906204
3.167258
2.032105
1.947149
1.730413
1.937647
2.611531
2.684098
2.500437
1.988343
2.611125
2.801466
2.584025
2.521852
2.810534
2.600237
2.891888
2.810534
2.764554
2.535958
2.376266
3.122684
2.907004
2.945294
2.515472
2.907004
3.120382
3.133412
3.210741
3.120382
2.919264
2.994349
2.994349
1.961564
3.090667
2.761162
2.065146
2.209428
2.063731
2.209428
1.871376
1.362643
1.400840
2.209428
2.199890
2.015739
2.623453
2.517519
2.209428
1.599524
1.267077
1.746233
1.570610
1.280066
1.188078
2.006321
2.095375
1.342862
0.837474
2.476233
2.657925
2.269837
2.409166
3.046293
2.687729
3.434340
1.908774
2.321553
3.148378
3.065259
2.733066
3.016869
3.163863
3.512646
3.352672
3.505306
3.494789
1.925759
3.139675
2.542326
2.985693
2.014077
3.608468
3.556100
3.563820
3.439097
3.430961
2.830261
2.664716
2.664716
3.467717
3.377578
3.132477
3.249567
3.187241
3.326436
3.149798
3.183516
2.916919
2.679626
2.862253
1.988343
2.068793
2.600349
1.643255
2.151827
2.519596
2.801466
1.623483
1.552097
2.279576
1.781728
2.084139
2.879731
2.711292
2.711292
2.679273
2.764554
2.640179
2.819743
1.751304
2.345446
2.765805
2.255913
2.515472
2.645510
2.819743
2.601692
2.955893
2.438998
2.645510
2.525095
2.434732
2.025665
1.986466
2.619183
1.341483
2.961634
2.036992
2.063731
1.901115
1.908739
1.744296
2.015739
1.242662
1.181374
2.690200
1.282636
1.267077
1.725017
1.842283
1.649626
1.727741
1.619812
1.904864
2.076838
2.008009
1.140291
2.535682
2.792263
1.911745
2.575546
2.538141
2.620989
1.802996
2.999806
2.611778
2.958380
3.457791
1.914168
3.016869
3.017192
1.997032
3.434340
3.247099
2.743888
2.598528
1.884957
3.494789
3.407773
2.855134
3.505306
2.536068
3.480072
3.557292
1.849000
3.518705
3.518705
3.529120
1.992681
3.484276
3.487146
3.583496
3.476207
2.698746
2.366935
2.764424
3.118909
3.409886
3.311825
3.430436
2.781984
2.309099
2.764424
3.249567
2.674472
1.845351
2.879880
3.233531
3.249567
1.830794
1.911066
2.425456
2.679626
2.820138
2.378705
2.826909
2.642464
2.684098
1.937647
2.519596
1.730413
1.794024
2.528255
2.473321
2.600237
2.584025
2.325466
2.648998
2.711292
2.625180
2.380321
2.765805
2.515472
2.648998
2.725800
2.369959
2.765805
2.069125
2.464704
3.090667
2.503987
2.782208
2.815776
1.334157
2.581205
2.570978
1.964458
1.784534
2.434732
2.619183
1.751085
2.015739
1.954406
2.451051
1.318414
1.334404
1.352854
1.591973
1.650601
2.579326
2.220723
2.380322
1.875499
1.842283
1.942609
1.961632
1.875499
1.347187
1.942609
2.054337
2.054337
2.149127
2.157023
2.157023
1.584153
1.245513
1.174054
1.019928
0.897985
2.791079
2.155266
2.021409
2.461932
1.802996
1.802996
2.953568
2.715219
1.802996
3.148378
3.003020
3.358640
2.562023
1.768568
3.148378
3.434340
2.855134
2.743888
2.575574
3.244934
3.356249
3.356249
3.512646
2.861674
3.501957
3.566334
3.556100
2.284764
2.299826
3.403416
3.576722
2.366935
2.381191
3.455979
3.482151
3.477437
1.857836
1.849000
1.963651
3.484276
3.566451
2.671170
3.251537
3.469172
2.399338
2.674472
1.748275
3.326131
3.249567
2.755456
1.786493
2.924901
1.921655
2.820138
2.820138
2.519960
2.032105
2.746469
2.801466
2.600349
1.776839
1.781728
1.980341
1.833536
2.068793
2.325466
2.451303
1.680480
2.671288
1.886034
2.477285
2.679273
2.519639
1.635888
1.492455
2.474841
2.335138
2.599493
2.765805
2.594051
1.822389
2.075574
2.640179
2.785215
1.635888
2.510591
2.744885
2.400599
2.503987
1.991943
2.464704
1.826474
1.341483
2.570647
2.671911
1.698005
1.901115
1.983690
2.323157
2.442842
2.444585
2.128727
1.567749
1.746325
1.958678
1.855040
1.745733
2.149127
1.828339
1.241247
0.975807
0.768299
0.999353
1.055103
2.735683
2.695310
2.555763
2.443079
2.578310
2.319221
3.093032
2.668390
2.953948
2.391860
1.749075
1.749075
3.434340
2.598528
2.690796
3.364779
1.849173
1.739835
1.621872
3.403416
2.345098
1.903800
1.562351
2.159441
3.469308
3.487146
2.366935
3.529120
3.360767
2.549762
2.290917
3.538830
2.590510
2.401232
1.774471
2.674472
2.399338
3.166049
3.253973
3.311825
1.830794
3.096109
1.750495
1.785215
2.902218
2.862253
2.074172
2.820138
2.714082
2.611531
1.852880
2.228746
2.373879
2.373879
2.368721
2.600349
2.524948
2.579804
2.475805
2.671288
2.220042
2.251466
2.554042
2.764554
2.318205
2.251466
2.416906
2.919264
2.327416
2.401082
2.369959
2.258614
2.285088
1.930316
2.087533
1.758283
2.520537
2.601692
2.836559
2.434732
2.288784
2.490656
2.448402
2.684737
2.145869
2.248015
1.826474
2.387816
1.341483
1.619228
1.751085
2.231952
1.334404
1.260405
1.751085
1.464791
2.408251
1.596540
1.711759
1.090908
1.211258
1.189437
2.149127
1.727741
1.104981
1.644914
1.773119
1.904864
1.819120
0.990868
1.365307
2.624467
2.752991
2.574667
2.628434
2.411523
1.753626
2.367223
2.023960
1.816450
2.471666
2.407165
2.473878
1.825269
2.562862
1.914168
2.665479
2.780968
1.931692
1.959718
3.358640
2.688338
2.688338
2.683523
2.422466
2.210613
3.283120
3.442493
2.174376
2.003283
3.312867
3.273302
3.442493
3.547103
2.284764
2.181091
2.022604
3.396780
2.214956
2.119661
2.359841
3.497379
3.518705
3.469308
3.360767
3.566451
2.290917
3.473502
3.464165
3.484276
3.464165
3.576722
3.290117
3.284457
3.114492
1.655850
2.887522
2.859292
1.864853
1.786493
3.027427
2.679626
2.801216
1.587096
2.378705
2.642464
1.760319
2.378705
1.750495
2.068078
2.807622
2.375854
2.212403
2.444805
2.299986
1.691931
1.658163
2.550796
2.475805
1.906585
1.726618
2.519639
1.629994
2.083369
2.314171
2.035959
2.463776
2.643075
2.752126
2.276040
2.482219
1.823645
2.178039
2.120672
1.255304
1.288870
1.288870
1.681113
2.395439
2.579326
1.288870
2.029101
1.696453
2.386091
2.408251
1.502898
1.464791
1.147829
1.746325
0.990868
1.842535
1.938360
1.177883
1.027148
0.921193
0.858487
0.956530
0.747057
2.869696
2.695354
3.183387
2.659648
2.479110
2.023960
1.868755
1.868427
1.775725
2.391860
2.842827
3.120588
2.560202
1.768568
3.273302
3.153040
2.842827
2.683523
2.665479
2.629866
2.743888
2.688338
2.231951
3.153040
3.358640
2.406900
3.469303
3.469303
3.407773
2.406900
2.692001
2.174376
3.408080
3.408080
2.220702
3.442577
3.403416
3.349343
2.445177
3.576722
3.480072
2.549762
2.159441
3.317719
2.401232
2.110832
3.287913
2.202542
3.290117
3.436988
1.836585
3.189674
1.904278
2.282279
3.277635
2.890004
3.059227
2.582520
2.095602
2.425456
2.921838
2.679626
3.262575
3.160705
2.642464
2.491198
2.866968
2.611531
1.691931
2.450088
2.506134
2.477285
2.579804
1.887625
1.671736
1.732991
2.505019
2.480844
2.580775
2.679273
2.045402
2.495582
2.495582
2.825123
1.844052
1.939608
1.758283
2.272237
1.828324
1.828324
2.863350
2.557001
2.551162
1.854106
1.288870
1.662222
1.215179
1.223652
1.223652
1.768086
2.463519
2.070780
1.202249
1.877388
1.499789
1.085615
1.085615
1.611045
1.539809
1.842535
1.756184
1.819120
0.983135
1.480271
1.165703
1.644914
1.531126
0.784580
2.655324
2.435573
2.970088
2.365040
2.704684
2.463114
2.585993
3.183387
2.698841
2.806776
2.683523
2.331577
3.238076
2.629866
2.537690
2.122422
3.037255
3.469303
2.241583
3.442493
3.403416
1.659936
2.348173
3.510494
3.471284
3.416274
3.510494
3.576722
3.533600
3.517874
3.389578
3.360767
1.989388
3.486458
1.774471
2.401232
2.309099
2.202542
3.296179
3.290117
1.819896
2.006211
3.277635
2.399338
1.538406
2.927330
2.876658
2.567241
3.096109
3.277635
1.617245
3.091645
2.971476
2.891013
3.082933
2.148235
2.902218
2.820138
1.667614
2.133307
1.622215
2.380055
2.453026
1.776839
2.337515
1.707962
2.785215
2.585718
2.166032
1.818490
1.664011
1.941732
1.758283
2.214331
2.649926
2.320723
2.126449
1.984806
2.132607
2.126449
2.120672
2.327709
1.165773
2.395439
1.954855
1.467072
2.072034
1.271314
1.271314
1.343159
2.361392
1.144702
1.223652
1.757618
2.295856
1.499789
1.655128
1.745733
1.499789
1.855040
1.696453
1.219927
1.437010
1.295528
1.196366
1.155897
0.994551
1.550069
1.818476
1.091437
1.305558
1.842535
0.809689
2.813438
2.871640
2.515974
1.878906
1.824526
2.750775
3.315176
1.970228
1.756213
2.575167
1.878906
1.768568
1.878906
1.729054
1.794467
3.037255
1.726869
1.836070
3.245155
2.468515
1.892321
3.358142
1.614145
3.407773
1.556477
1.745732
3.349343
2.013672
1.725586
1.751299
2.183344
1.725586
1.686067
2.159441
1.899982
1.725586
1.728634
3.272847
3.406998
3.190660
1.920408
3.547696
3.547696
2.084876
1.728634
3.115902
3.089963
1.548718
2.619813
2.603629
2.619813
2.634045
2.615970
1.693012
2.012359
3.189674
1.655850
2.883048
2.885280
3.184272
3.362353
2.538212
2.535131
2.859292
1.750495
2.148235
2.148235
2.843927
2.365496
2.519960
2.261130
2.476303
2.220216
2.506134
2.162966
2.613849
2.719309
2.589135
2.091758
2.337515
2.475805
1.741573
2.496999
2.719827
1.964198
2.446628
2.320723
1.924429
1.322840
1.486570
2.110476
1.322840
1.277614
2.026271
1.531555
1.207566
1.257558
1.777040
1.563932
1.376234
2.231952
1.387203
2.165097
2.034467
2.225872
1.464791
1.109672
0.971120
1.051686
1.531126
0.890241
1.575645
1.633346
1.321636
0.881955
0.859823
0.837696
0.821404
0.796011
2.355138
2.483248
2.279370
2.626529
2.783124
2.515974
2.515974
2.575167
1.983372
2.953948
3.140931
2.626768
3.315176
2.537690
1.883144
1.729054
2.938716
3.037255
3.315176
2.938716
3.037255
3.218139
3.378594
3.358142
1.827862
3.253393
3.413397
3.393336
3.243642
3.533600
3.533600
3.243642
2.084876
2.309099
3.362353
3.375534
2.634045
1.693118
2.956241
3.009784
3.362353
2.615970
2.883048
2.262651
2.095602
2.956241
2.667631
2.567241
3.055832
2.538212
2.567241
2.191238
2.846525
2.577683
3.055832
2.890770
2.327805
2.446401
2.133307
1.944908
2.344030
2.472428
2.374635
2.519639
2.677479
2.626507
2.286256
2.124136
1.710065
1.836423
2.132329
2.044243
2.044243
1.879988
1.322840
1.554797
1.895892
1.876859
1.697180
1.973329
1.257558
1.805337
2.117018
2.137703
1.735750
2.117018
1.171242
1.996484
2.171267
2.386102
2.225872
1.607584
1.387203
1.016568
1.451407
1.155247
2.791546
2.488650
2.067902
2.157048
2.556369
2.466533
2.225814
2.451470
2.575167
2.095426
1.962568
1.756213
2.468515
2.468515
1.874917
2.013672
1.616301
3.449992
3.211282
1.614287
3.309953
2.009286
3.218139
3.284059
1.548865
3.410276
3.209490
3.349343
2.159441
1.989388
3.486458
1.721203
2.722409
3.226124
3.486458
2.455266
2.634045
1.693118
3.437243
2.582520
2.257675
2.123389
3.177801
1.857230
2.425456
1.655427
1.969942
3.090647
2.609456
2.270444
2.316370
2.538212
3.075091
1.587096
1.569395
1.655427
2.191238
1.972242
1.598207
2.356842
1.667614
2.353640
2.381329
1.872844
2.374635
2.260505
2.470831
2.197490
2.197490
2.069208
2.417208
2.115396
2.161915
1.706592
1.934123
2.056266
1.322840
1.905401
2.053616
1.378233
1.912016
2.055775
1.936998
2.044998
1.849664
1.215179
1.681113
1.380032
1.099086
1.100366
1.165773
1.256610
2.044998
1.691348
2.046093
2.117018
1.366765
1.555190
1.163583
0.863589
0.923031
1.344809
1.226459
1.226459
1.019784
2.589081
2.275484
2.815506
2.329614
2.927727
2.338007
3.193008
3.005037
2.775441
1.959718
2.923366
1.690444
1.601633
1.712022
3.043365
3.218139
3.449992
3.227792
3.256180
1.687827
1.500069
3.309953
3.341384
2.055076
3.190660
2.159441
1.989388
1.555245
3.215892
3.431688
3.152079
1.585418
3.462372
3.475688
3.248232
3.437243
2.619813
3.020977
1.533226
3.006808
2.621104
2.254440
3.075091
1.969034
3.113871
2.254440
2.489574
3.117707
2.316370
1.905866
2.318584
2.117309
2.938056
2.026922
1.726579
1.667614
2.076724
1.843959
2.545795
2.335437
2.250073
2.412527
2.387394
1.923193
2.161346
2.064748
2.056266
2.021755
1.974935
2.000283
1.578075
1.656278
1.477692
1.242158
1.713118
1.712025
1.181151
1.757618
1.607584
1.598103
1.933717
2.034467
2.154282
2.117018
1.065699
1.689502
1.777574
1.063874
1.016568
1.248607
1.550069
0.953839
0.966123
1.616081
2.534662
2.624467
2.720917
2.563327
3.207038
2.399685
1.763359
2.109535
1.831967
1.867850
1.740796
1.937478
3.219727
1.712939
3.168156
2.885562
1.614287
1.614287
2.119661
3.449992
3.300879
1.941357
2.009286
1.614145
1.527869
3.300879
3.253393
3.146245
1.890214
3.378594
3.300879
1.595480
1.628887
3.506805
1.534729
1.595480
3.181965
1.983621
1.920408
1.904278
1.555245
1.719109
3.489018
2.576184
1.705839
3.149832
2.418315
2.722409
3.489018
3.427760
2.196627
3.020977
3.151596
3.181965
3.200561
1.871774
2.196627
1.969034
2.182652
1.533226
2.064278
2.126046
3.319390
2.425456
2.249633
2.132624
2.058167
1.489845
1.674556
2.331706
2.318584
2.298206
1.804313
1.872751
2.354253
1.794634
2.335166
2.163913
2.026922
2.290068
2.329007
1.697634
2.338827
2.026922
2.279370
1.520611
1.676733
1.851203
1.827453
2.017202
2.000283
1.974935
1.974935
2.071474
1.892059
1.835645
1.378233
1.099086
1.223618
1.176576
1.892208
1.713118
1.546368
1.426005
1.929170
1.911820
1.776992
1.989949
1.463788
1.080662
1.237256
1.344809
1.252655
1.047274
0.881955
2.856090
3.005037
3.068790
2.470507
2.168129
2.012039
2.333800
1.935911
2.875670
3.296106
1.928851
1.764271
1.764271
3.296106
1.867850
3.168156
3.190896
3.368144
3.146245
1.793769
2.110832
3.435658
3.435658
1.705839
2.090036
1.555916
3.042555
3.001330
2.442229
2.525410
2.418315
3.427760
3.393300
2.442229
1.555916
1.897685
2.619813
2.365328
1.497521
2.297832
2.582520
2.241136
2.191861
3.187687
2.357729
3.091954
2.331706
2.341321
2.273647
2.334836
2.335437
2.238992
2.202062
2.118426
1.923193
1.486570
1.486628
1.545181
1.842941
1.656278
1.242158
1.175682
1.257558
1.128450
1.558423
1.426005
1.776992
1.099485
1.010806
1.942960
1.989949
1.042335
1.587042
1.104741
1.201968
1.215397
0.896233
1.090401
1.438109
1.083344
1.201968
0.853145
0.858910
2.856090
2.657841
2.842078
2.302061
2.744649
2.976207
2.278239
2.775441
2.839287
3.041831
1.924845
2.702386
1.946474
1.842075
3.219727
1.890214
3.251725
3.374098
1.687827
3.141478
3.435658
3.309953
3.506805
3.146520
1.720603
3.013949
3.168156
3.139737
3.119558
1.814749
1.628887
3.435658
3.506805
1.627651
3.460528
2.409024
1.514897
1.400116
3.020977
3.393300
3.264467
3.124791
2.354717
2.525410
1.897685
2.944719
2.944719
1.978404
1.572745
3.319390
2.418315
2.418315
2.033854
1.675081
1.897685
2.317660
1.978404
3.300458
3.075091
2.122281
1.874016
1.626981
1.975343
2.098930
2.335166
1.328929
1.369639
1.161835
1.175682
1.736618
1.115981
1.046618
1.638780
1.276299
1.243251
1.711288
1.989949
1.025391
1.606127
1.423633
0.943392
1.025391
1.104487
1.411905
1.205536
0.991539
0.818650
2.543395
2.765592
2.688040
2.791546
2.825073
2.227531
2.470507
2.976207
2.440216
2.114737
2.022567
2.177660
3.219727
2.274381
2.371690
2.076271
1.748108
3.098547
1.611777
1.779902
2.875670
3.263669
1.785037
3.346386
3.380864
3.263669
3.290955
1.941357
3.325767
3.341499
3.341499
1.989388
3.357218
3.413841
3.326442
3.409052
3.342758
1.627651
3.121934
2.481114
1.854851
3.300458
2.386878
2.039744
2.286469
2.158355
1.874016
1.604792
3.316954
2.365328
2.234650
3.004522
1.898210
1.624050
1.459374
2.308803
2.056334
2.356842
2.359742
2.862208
2.048117
2.067563
2.366965
2.437199
2.279370
2.102656
2.021755
1.705816
1.798283
1.572779
1.473649
1.631652
1.305731
1.305731
1.835645
1.892059
1.806854
1.347657
1.329119
1.193704
1.242158
1.305731
1.201512
1.736618
1.227601
1.598103
1.628057
1.558423
1.262913
1.243251
1.758278
1.978133
1.713633
1.798537
1.532360
1.308992
1.025391
0.986032
0.995062
0.897860
1.220008
0.985855
1.021895
1.095737
0.881890
0.835561
0.842433
2.327313
2.768903
2.366267
2.976207
1.863957
2.557488
3.251725
1.974458
3.013949
3.095977
3.263669
1.888474
3.228041
1.816383
3.448891
3.139737
3.122192
3.122192
1.818667
3.100851
2.481114
3.005556
3.263628
3.263628
3.225614
2.481114
2.409024
1.892718
2.356159
2.529715
2.349696
2.319401
2.130265
1.854851
2.230637
1.904195
3.381651
3.015011
3.300458
3.300458
3.004522
2.085074
2.056334
2.862208
2.862208
3.117073
2.891254
2.862208
2.292143
1.858176
1.872229
2.000036
1.468380
2.049917
1.660976
1.490137
1.490137
1.347657
1.306532
1.178216
1.239398
1.227601
1.654380
1.480668
1.480668
1.659072
1.636355
1.526328
1.357278
1.663754
1.651934
0.863589
1.093147
0.929255
1.000901
1.076727
0.860176
1.104741
0.930140
1.104741
2.886869
2.886193
2.168129
2.440216
2.278239
2.401253
2.587401
1.923477
2.114737
1.829782
1.856039
1.922407
3.098547
1.863957
2.011335
2.557488
3.308709
3.165569
1.727857
3.346386
1.667711
2.892015
3.263669
1.821133
3.190896
1.726060
3.173164
3.413841
1.813481
3.124791
2.354717
2.000403
1.769909
1.805252
3.214136
3.119725
2.349696
2.435646
2.069409
3.370475
3.302677
3.345118
1.982924
3.066993
2.066938
3.383800
1.907620
2.158355
2.203382
2.386419
2.338696
2.386419
2.068370
2.044905
2.862208
2.107327
2.053842
1.907626
1.806854
1.193704
1.719856
1.776964
1.725673
1.099493
1.105756
1.056278
1.419953
1.060212
1.089393
0.922943
1.398337
1.148425
1.316824
1.158200
1.020810
0.773900
1.240341
0.933910
0.985419
0.914318
0.869747
1.021895
1.021895
0.860100
2.651391
2.666300
2.563905
1.923477
2.014164
2.309814
1.588288
1.911812
1.763359
1.815978
3.216920
1.651830
2.875670
3.263669
1.709402
3.102179
3.102179
2.944927
1.819023
1.720603
3.308697
3.342908
3.197805
1.818667
3.122192
1.713174
3.087052
2.529715
1.850163
2.364737
2.230637
3.235456
3.015011
3.238712
3.253537
2.049978
2.194600
2.873319
2.951556
2.907057
1.963863
2.482243
1.887581
1.782494
1.535373
1.544639
1.470503
1.355530
1.602798
1.774410
1.317109
1.584409
1.196474
1.515707
1.298337
1.176746
1.145162
1.547805
1.364938
1.560037
1.561729
1.256130
1.346431
1.518958
1.497127
1.606127
1.383167
1.520581
1.477644
1.095737
1.234499
1.002663
1.093147
0.771572
1.104487
1.168084
2.383913
2.616901
2.707899
2.278355
2.116091
2.182317
2.130379
3.090038
3.240476
2.482760
3.308709
1.869334
1.722799
1.722799
3.216920
1.741728
3.216920
3.216920
1.709402
1.709402
2.816151
3.173164
3.173164
3.240471
2.652395
3.342908
3.066580
3.383023
3.358571
2.064553
1.785729
2.931999
2.722987
2.862801
3.061692
2.153053
3.235456
2.356159
2.269603
3.142618
2.252190
2.197801
2.198156
3.300458
2.907057
2.976628
2.984120
2.009858
2.987154
2.429861
2.433451
2.786626
2.307934
1.979860
1.635509
1.712870
1.503338
1.412211
1.394481
1.725673
1.451690
1.244120
1.419953
1.600577
1.584409
1.600577
1.601859
1.463742
1.323813
1.419953
1.515707
1.353059
1.430192
1.175924
1.169792
1.423371
1.485469
1.220008
1.132888
0.812515
0.958271
0.911743
1.295729
1.336640
1.256434
1.295854
0.940812
2.476378
2.382961
2.116091
2.030439
1.895271
2.118220
2.014164
1.811331
1.751358
1.922407
1.767265
1.818959
3.010049
3.098063
1.960941
1.879724
1.777005
2.652395
2.541485
1.921937
1.809510
2.993238
1.859209
2.915538
2.656445
2.816151
3.173164
2.998366
1.845853
1.985255
1.918159
2.063370
2.342729
2.814009
2.148699
2.398708
2.951665
3.062732
2.010775
2.342503
2.423594
2.786626
2.583819
2.865835
1.603187
2.112848
1.742704
1.910880
1.503338
1.712870
1.935890
1.774410
1.636626
1.503338
1.382293
1.810639
1.773046
1.451690
1.317743
1.233221
1.575322
1.528689
1.599942
1.249435
1.515707
1.607649
1.299601
1.232202
1.215254
1.591257
1.335398
1.311614
1.346431
1.364938
0.812515
0.987125
1.169792
1.060212
1.520581
1.326359
1.056686
1.063802
0.966958
1.187713
0.969847
1.087219
2.800153
2.603994
2.472922
2.068202
2.748816
2.666788
2.652167
2.204851
3.090038
1.944007
1.751358
2.600210
2.438830
3.310995
2.011570
2.376295
3.175601
2.075542
3.098063
2.993238
3.107650
2.771868
1.733991
2.723804
3.244721
1.966665
2.656445
2.931999
2.877543
3.126984
3.066580
3.106510
3.158533
2.356159
2.179065
3.358571
2.873319
2.079665
2.251695
3.225994
3.194580
3.143332
3.253537
2.103294
3.143332
2.019035
2.049978
2.671500
2.307934
2.690310
2.611621
1.644043
2.116607
2.025645
1.774410
1.546391
1.512152
1.212136
1.317109
1.419953
1.399377
1.509722
1.385390
1.260689
1.301169
1.383556
1.247162
1.495154
1.394026
1.423371
1.440992
1.349608
1.187533
1.267841
1.301323
0.827214
1.029230
1.301323
1.190247
0.943077
1.216865
1.194173
0.958271
1.085310
1.108357
2.288552
2.744940
2.645505
2.748816
1.978279
2.591192
2.591192
2.591192
2.872372
3.101877
3.130188
1.956027
1.956027
2.310438
2.048059
2.048059
3.259298
3.098063
3.098063
2.007075
2.993238
2.184596
1.850231
2.722987
3.110510
3.224796
2.998833
2.976628
2.940712
2.885878
3.035758
3.035758
3.199303
3.035758
3.143332
3.088606
2.987154
3.021354
2.865646
2.824779
2.671500
1.692841
2.480922
2.534313
2.076214
2.126192
2.293572
2.330658
2.293572
2.018191
1.512152
1.602798
1.883708
1.307379
1.551948
1.158305
1.453963
1.427256
0.955640
0.955640
1.400239
0.909378
1.029230
1.029230
1.288680
1.276223
0.790668
1.040476
0.904274
1.195917
1.181105
0.978143
2.186820
2.689323
2.097716
2.097716
1.895271
1.801139
2.037356
3.009775
2.074595
2.200067
2.376295
2.438830
1.850231
1.990640
3.159324
2.112354
2.096886
2.982171
2.722987
3.107650
2.998366
3.051746
2.909322
3.265052
2.871289
2.582111
3.143332
3.143332
2.079665
1.946604
2.423594
2.734838
3.088606
1.881028
2.526320
2.526320
1.831935
2.845666
2.473988
1.831935
2.433044
2.539493
1.644043
2.488122
2.360787
2.200834
1.602511
1.441903
2.174706
2.018191
2.174706
1.314573
1.409121
1.335255
1.341353
1.688872
1.284613
1.303353
1.309854
1.299601
1.485541
1.238507
1.427256
1.200228
1.281858
1.321596
1.299336
1.108357
1.281858
1.187533
1.131610
1.276223
1.121931
1.231103
1.029230
1.158305
1.123176
1.221817
1.197367
2.288552
2.129536
2.071765
1.894825
2.579230
2.744940
2.950862
1.957238
2.587401
2.950862
3.101877
2.398260
2.656445
3.098063
1.983625
3.106510
2.527599
2.982171
2.398260
2.722987
2.724442
2.104002
2.342503
2.251695
2.464895
2.053996
2.053996
3.021354
2.485518
2.965518
3.058646
1.798771
1.881028
2.583819
2.865646
2.502617
2.282063
2.187507
2.330658
2.534313
2.505038
2.442007
1.380028
2.018191
1.861705
1.301169
1.260689
1.238507
1.301169
1.385390
1.301169
1.290141
1.181105
1.172473
1.305711
1.082176
1.099125
1.987111
1.842298
2.013013
2.437468
2.494720
2.578867
1.936546
1.978279
2.431247
1.741739
1.931719
2.985190
2.047642
2.133379
3.259298
3.088974
3.009283
3.118962
2.276341
2.276341
3.036438
3.205601
2.094398
2.912678
2.324017
2.324017
2.962991
2.965518
1.913929
3.065344
1.913929
1.898392
2.671500
2.845666
2.611621
2.442842
2.653229
2.529696
1.980883
1.366344
1.528689
1.309854
1.502434
2.507346
2.568680
2.623411
1.987111
2.833844
1.883271
2.761745
1.994692
2.908964
2.985190
3.017284
3.031021
3.118962
3.169738
2.179065
2.478268
3.168067
3.118962
2.238590
3.198482
2.053996
2.478268
3.065344
3.065344
3.065344
2.442842
2.392061
2.392061
2.529696
2.502617
1.501793
2.496150
1.521288
2.114981
1.314465
1.277807
1.803600
1.607059
1.607059
1.825506
1.252654
1.303353
1.235177
2.197119
2.259845
2.020372
2.765765
1.894825
2.568548
2.568548
2.549688
2.818933
1.936546
1.807423
1.981164
2.030390
2.289673
2.818933
3.003419
3.107071
3.017284
3.057458
2.910517
2.046868
2.097773
2.485518
3.105282
3.246921
3.236005
3.086949
1.913929
1.754483
2.463933
2.389582
1.459804
1.520447
2.381109
1.577135
2.529696
1.399960
2.460793
2.257626
1.348206
1.942210
1.912081
1.502434
1.255128
1.360111
1.286708
2.121029
2.376904
1.877809
2.412949
2.598611
2.836395
1.990134
2.330384
2.378156
2.196613
3.062050
3.097043
2.077883
3.086949
3.246921
1.756641
1.859195
2.350307
3.086949
1.573882
2.307326
2.497187
2.315826
1.912081
2.043242
1.671888
1.575720
1.255128
1.464585
1.251750
2.376904
1.892424
2.129536
1.801384
2.598611
1.877809
1.899855
2.947684
3.062050
2.836395
2.947684
2.816133
2.142727
3.089330
3.062050
2.052613
3.097043
2.348278
2.053996
3.141163
2.248219
1.756641
3.097043
1.701842
3.173524
1.636751
2.399809
2.043242
1.715054
1.528794
1.575720
1.339377
1.277365
1.444714
1.335697
2.311502
2.450880
2.757772
3.136965
2.944993
2.059145
2.205477
3.136965
3.133711
3.131813
2.184691
3.133711
2.043748
2.074502
2.043748
1.907692
1.859195
2.277828
2.345657
2.460793
1.347137
1.409979
1.588625
1.369201
1.246578
1.978920
1.972601
2.549688
2.753426
2.409152
2.172370
2.299771
2.421637
3.136965
2.742805
1.975262
1.899753
1.975262
2.884531
2.142727
2.984123
3.160610
1.991934
1.720577
3.061670
3.133711
1.684540
2.248219
2.307326
2.398636
1.333341
1.729439
1.588625
1.602185
1.408758
1.333469
1.409979
2.071478
2.020372
1.978920
1.853519
1.887555
2.342159
1.975262
2.947723
2.751609
1.954885
2.742805
2.947723
3.001770
2.983993
2.969603
3.000042
1.720577
1.720577
3.105263
3.059892
3.103567
2.392913
2.389582
1.320991
1.342695
2.192501
1.901289
1.318605
1.377107
1.231336
1.408758
1.341988
1.249545
1.978920
1.819449
1.712918
2.169763
1.874138
1.790108
1.790108
1.887555
2.531784
2.742805
2.402972
2.329540
2.184691
2.049081
2.019067
2.969603
2.969603
2.902988
2.150135
1.782141
2.350307
2.983993
1.720577
1.720577
3.074320
2.993957
3.103567
2.983043
1.496234
1.421415
1.380676
2.143446
1.318605
1.445152
1.734830
1.528268
1.364771
2.071478
2.151699
1.800706
1.958626
1.822496
1.983423
1.757991
2.364483
1.790108
2.531784
2.342159
2.194001
2.598775
1.954885
1.972900
2.691711
2.984123
2.721665
3.000042
2.799650
1.934956
1.532320
3.092770
3.074320
1.487955
1.371099
1.405130
1.901289
1.889688
1.709949
2.192066
1.958626
1.757991
1.733998
1.689328
2.192066
2.194001
2.031047
2.411070
2.301430
2.507709
2.141824
2.019067
2.024552
2.169135
2.721665
2.826038
2.957261
2.783026
2.765548
1.782141
1.842524
2.783026
1.532320
2.884430
2.884430
2.908084
2.581527
2.302735
2.302735
2.150874
2.054898
1.393222
2.192066
1.790027
1.653461
2.559839
2.402972
1.844137
2.411070
1.844137
2.301430
2.507709
2.128168
2.272519
2.575918
2.884430
2.760677
1.648460
2.135068
1.344886
1.425900
2.345657
2.248266
2.050842
2.229567
1.416214
2.212583
1.314573
1.436030
1.409979
1.404364
2.010289
1.822496
1.883440
2.145995
2.368178
2.125951
1.885115
2.598775
2.512841
1.972900
2.510273
1.809346
1.958957
2.603267
1.924611
2.119478
1.782141
1.934956
1.934956
1.621128
2.908084
1.425900
2.138608
2.908084
1.348055
2.156284
2.124921
1.305148
2.229567
2.229567
1.437502
2.102510
1.968318
2.052290
1.271940
1.335697
1.974995
1.677504
2.319285
1.741802
2.275774
1.703955
1.885115
2.139863
2.585395
2.476031
2.826038
1.858416
1.933485
1.769721
2.499130
2.058346
2.603267
2.409666
2.908084
2.656208
1.317833
1.997888
1.858043
1.669050
1.535542
1.535542
1.365513
1.910355
2.045117
1.910355
1.677504
2.244172
2.319285
1.906788
1.797130
1.967841
2.021828
2.111316
1.703955
1.786494
2.020262
2.123345
2.359664
2.409666
2.315481
2.043410
1.831998
2.660304
2.794741
2.660304
1.489954
1.831998
2.581527
2.079330
1.364170
1.408051
1.373058
2.031642
1.482527
1.669050
1.796045
1.395936
1.699161
1.374934
1.391883
1.522719
1.294268
2.096097
1.816341
2.024912
2.275774
2.139863
2.275774
1.829106
1.797130
1.769458
1.915135
2.585395
2.173053
1.934605
1.958957
2.437468
1.924611
1.586387
1.621128
2.656208
2.013175
2.189993
2.079330
2.031642
2.150874
1.471105
1.370706
1.454122
2.133641
2.133641
2.490183
2.139863
2.142337
1.710855
2.189589
1.714908
1.909011
2.059756
1.790797
2.064483
2.433675
1.831079
1.586387
2.461294
2.402329
1.604197
1.769721
2.539137
2.656208
1.467978
2.581527
2.811070
1.996844
1.353767
1.880543
1.878597
1.628296
1.294447
1.402472
2.072905
2.013578
2.263322
1.730853
2.059756
1.990410
1.984074
1.769458
1.800229
2.332460
2.123345
2.213498
1.870577
1.751601
2.499130
2.378145
2.504086
2.504086
1.434634
2.538615
2.538615
2.488420
2.518806
1.902983
1.818167
1.335359
1.316131
1.969521
1.580686
1.626195
1.528347
1.446186
1.404880
1.353717
2.192576
2.072905
2.189589
2.146752
2.265461
2.398565
2.432392
1.897916
2.332460
2.189589
2.398565
2.322642
1.434634
2.461294
1.831998
1.386729
1.870488
1.880543
1.323991
1.477341
1.878597
1.843605
1.843605
1.796045
1.450826
1.626195
2.086456
2.142689
2.326189
2.059756
1.919910
1.951836
1.868459
2.351386
2.123345
1.746638
1.884810
2.508946
2.531662
2.223882
1.741418
1.586387
2.597552
2.198455
1.365311
1.230133
1.627841
2.209348
1.722886
1.870488
2.151387
1.660328
1.989584
1.406241
1.644393
1.973380
1.973380
1.973380
1.733300
1.796045
1.787482
1.787482
1.787978
1.646495
1.599919
1.797371
1.831079
2.232134
2.392030
1.919910
1.805090
1.833389
1.666869
1.911914
1.746638
2.277857
2.101244
1.724617
1.686649
2.213498
1.751601
2.302774
1.542928
2.006202
2.538615
1.434634
1.399063
2.402329
2.068163
2.538615
1.596425
1.279450
1.256076
1.633974
1.529942
1.644393
1.679451
1.551461
1.698257
1.737231
1.706462
1.706462
1.679441
1.624009
1.601140
1.959247
1.797371
1.919910
2.019378
2.223937
2.101244
2.068707
1.686626
1.829440
1.724617
1.414459
2.016898
2.190958
2.151387
1.747918
1.644393
1.698257
1.624009
1.674325
2.142689
2.080663
2.051789
2.237269
1.805090
1.847773
1.839598
1.679571
1.991815
1.911914
2.056723
1.564689
1.701359
2.190114
2.004498
2.212037
2.212037
1.722886
1.388773
2.151387
1.457597
1.532716
1.457597
1.494097
1.519835
1.403154
1.663399
1.706462
1.674325
1.391004
1.779480
1.919910
1.660362
1.839598
2.061861
1.961684
2.197353
2.277857
1.964768
2.123186
1.679571
1.531773
1.554810
2.198455
1.328311
2.102837
1.365311
1.475987
1.271712
2.070104
1.660328
1.494097
1.644393
1.487563
1.475486
1.698257
1.530648
1.415781
1.779480
1.779480
2.051789
2.115313
2.080663
1.742262
2.016898
2.123162
1.530724
1.531773
2.096168
1.492146
1.933180
1.332233
1.494097
1.590001
1.519835
1.480079
1.398500
1.875527
1.964768
1.593378
1.666181
1.782420
1.666181
1.746707
1.504038
1.299994
1.710171
1.457597
1.532716
1.915169
1.216516
1.788297
1.718871
1.875527
2.088377
1.494507
2.102837
1.898047
2.081188
1.761736
1.529637
1.500055
1.530724
1.279246
1.424025
1.286675
1.407335
1.236718
1.380721
1.226513
1.355491
1.400546
1.415781
1.591735
1.871835
1.871835
1.494507
1.427547
1.880491
1.777347
1.649080
1.649080
1.563771
1.563771
1.279246
1.915169
1.665973
1.297496
1.487563
1.683436
1.906448
1.919282
1.683436
1.874501
1.195426
1.494507
1.807965
1.675158
1.996407
1.584854
1.448206
1.351125
1.303871
1.457597
1.360343
1.186288
1.264752
1.129345
1.537826
1.203629
1.472304
1.746707
1.550324
1.351125
1.438776
1.319505
1.320377
1.319349
1.427547
1.650888
1.845533
1.623529
1.680127
1.533438
1.318899
1.397044
1.457205
1.500999
1.346319
1.500999
1.770889
1.319505
1.319349
1.348512
1.541806
1.623529
1.634623
1.358721
1.184735
1.533438
1.528597
1.211938
1.284210
1.134615
1.137275
1.498975
1.367437
1.122021
1.122021
1.215637
1.027773
1.189827
1.236433
1.612003
1.612003
1.440711
1.593201
1.551187
1.277241
1.534084
1.480136
1.459921
1.342801
1.500999
1.138008
1.077025
1.119215
1.204211
1.390127
1.288108
1.408968
1.257263
1.443225
1.288108
1.202821
1.338118
1.381962
1.077657
1.285449
1.160553
1.186797
1.280893
1.151841
1.175816
1.159845
1.375536
1.257263
1.088025
1.285449
1.201799
1.263115
1.223275
1.147473
1.077025
1.375536
1.390069
1.318887
1.238881
1.151048
1.292220
2.955238
2.059774
2.082038
3.071762
3.189441
3.021304
2.829065
2.829065
3.033337
2.820691
2.820691
2.826625
2.764424
2.428286
1.232202
1.232202
2.772255
1.529942
1.529942
1.737231
1.737231
1.737231
1.737231
3.627777
3.645480
3.645480
3.525666
3.691690
2.893955
3.180782
