10268 1 3
1.764047
2.046212
1.857318
1.950794
1.868627
1.977256
1.806150
1.869485
1.781839
1.682836
2.037703
2.083201
2.033256
1.905959
1.794363
1.923975
1.794363
1.976110
1.834766
1.925485
1.961580
1.701725
1.681255
1.613580
1.753962
1.725771
1.680315
1.613580
1.634055
2.179761
2.241436
2.336958
2.111403
2.002533
2.312397
2.069691
1.815861
1.799308
1.872142
1.794363
1.935725
1.925485
1.741773
1.770306
1.737063
1.935725
1.586436
1.642668
1.704568
1.590598
1.603106
1.587767
1.538532
2.373562
2.385160
2.009095
1.975035
1.967258
2.339128
2.089900
1.997850
2.305587
2.259065
2.069691
1.957608
2.202121
1.817525
1.989709
1.895189
2.070886
2.120056
2.030321
1.984426
1.880043
1.911661
2.004298
2.004298
1.523301
1.701662
1.644798
1.672951
2.200117
2.228436
2.420897
2.285786
2.393229
2.241938
2.200117
2.527297
2.269655
2.147299
2.235410
2.091018
2.186309
2.235410
2.011443
2.120056
1.522520
1.566917
1.434093
2.049942
1.633473
1.969548
1.492632
1.571244
1.523301
1.449635
1.785125
1.911661
1.598298
1.603106
1.704568
2.484680
2.623574
2.623924
2.590190
2.414346
2.351345
2.474835
2.463113
2.565648
2.502606
2.305888
2.232065
1.765348
2.089900
2.165667
2.238180
2.096489
2.134668
2.165667
2.013914
1.978863
1.475967
1.430992
1.385033
1.385033
1.523301
1.593338
1.874105
1.614584
1.593338
1.709176
1.848890
2.603763
2.607286
2.575191
2.623924
2.334145
2.367732
2.404130
2.484680
2.542387
2.285786
2.144296
2.108494
2.057169
2.339531
2.460968
2.053932
2.264725
1.607951
1.641382
2.078413
1.989709
2.120112
1.935725
2.177801
2.241452
1.472203
2.042782
1.920373
1.419315
1.563672
1.593338
1.724744
1.675739
2.389196
2.607286
2.562782
2.627820
2.422436
2.545816
2.422436
2.535404
2.192759
2.460968
2.287231
2.093925
2.334145
2.376427
2.214503
1.802473
2.280414
2.233349
2.120112
1.508576
1.572969
1.454823
1.341883
1.380871
1.397417
1.480691
1.380871
2.038645
2.043228
1.419315
1.499419
1.538292
1.324326
1.497192
1.647494
1.924029
1.780990
2.425232
2.389196
2.609805
2.300080
2.527297
2.500689
2.542387
2.039083
2.698016
2.535404
2.124084
1.975189
2.047324
1.603131
1.903517
2.376427
2.238180
2.380363
2.198354
2.519893
2.177801
2.124866
2.078423
1.402093
1.263245
1.321374
1.288616
1.401376
1.341453
1.896001
1.756090
1.499419
2.645656
2.415583
2.675648
2.770919
2.507255
2.443470
2.588849
2.470759
2.807331
2.759276
2.787995
2.389629
2.561068
2.852709
2.656046
2.797984
2.110238
2.767633
2.401123
2.734317
2.702939
2.241938
2.072657
2.767229
2.565695
2.432056
2.527297
2.522892
2.758042
1.971151
2.632448
2.249289
2.214503
1.513579
2.233349
2.233349
2.233349
2.120112
2.133701
2.223638
2.223638
1.383104
1.230255
1.300815
1.848890
2.129536
1.353481
1.429411
1.624020
1.631371
2.527067
2.527067
2.551178
2.149418
2.308347
2.826818
2.541751
2.325644
2.204318
2.463215
2.523889
2.752153
2.752153
2.816523
2.744548
2.300080
2.534302
2.575191
2.423994
2.463113
2.079708
2.478254
2.471022
2.502606
2.632448
2.423994
2.502606
1.690965
2.378707
1.492311
1.408764
2.136555
2.127615
2.105231
2.374248
1.308847
1.308847
2.043228
1.282333
1.353481
1.499419
1.379748
1.379748
1.492088
1.647494
2.581671
2.459639
2.770919
2.803991
2.775483
2.551178
2.210495
2.706681
2.411634
2.468789
2.678733
2.709593
2.702939
2.153558
2.852509
2.414265
2.591936
2.646550
2.670910
2.744548
2.615537
2.744677
2.423994
2.573128
2.350156
2.384548
2.380363
2.292332
2.292332
1.709749
1.670409
2.270149
1.280786
2.233438
2.139017
2.233438
1.225713
1.300815
1.353481
1.241723
1.226561
1.353481
1.280010
1.676423
1.655621
2.652482
2.950538
2.499553
2.576758
2.979819
2.440083
2.688128
2.914092
2.775483
2.092310
2.025318
3.070622
2.907303
3.059327
3.042744
2.826818
2.071331
2.852709
2.816523
2.256393
2.117508
2.168765
3.024458
2.197096
2.255771
2.987449
2.069484
2.076647
2.693387
1.791487
2.280414
2.399062
2.590893
2.501746
2.467254
2.204205
2.613915
2.548562
2.276994
2.160283
2.397450
2.397450
2.187230
2.129776
1.281252
2.275219
2.094371
2.272735
1.262107
1.235979
1.212330
1.277295
1.313614
2.527748
2.468190
2.797588
2.902546
2.856892
2.946907
2.197027
2.905712
2.109847
2.576758
2.973127
2.592677
3.021056
3.021299
2.132150
2.183312
2.592677
3.021299
3.059327
2.840718
2.656678
2.080639
2.791257
2.523889
2.857596
2.168765
2.687266
2.791257
2.463215
2.993857
3.000165
2.987449
2.953072
2.993857
2.932047
1.800721
1.750329
2.943103
2.740556
2.458056
2.329059
2.605233
2.677802
1.326921
2.172650
2.613915
2.613915
1.333867
2.244352
2.336918
2.268951
2.400214
2.108823
1.271876
2.406382
1.216284
2.254025
2.117091
2.117091
2.138721
1.166712
1.677316
1.597937
1.408673
2.435593
2.503736
2.474467
2.794403
2.854945
2.339749
2.794403
2.523245
2.856892
2.929974
2.286752
2.979819
2.834232
2.795523
2.736965
2.667632
2.800766
2.878469
2.084160
2.814711
2.783403
2.860798
2.083134
2.026037
2.633424
2.671542
2.913035
2.633424
3.027770
2.234261
2.684515
3.222493
2.672930
3.000165
2.993857
2.257307
1.728015
2.861627
2.740556
1.744364
2.399062
2.378707
1.602758
1.470284
1.382290
2.590893
2.562404
2.537280
2.458545
2.514563
2.548562
2.344468
1.367082
1.271876
2.458545
2.219373
2.010999
2.219373
2.046276
1.244148
2.104011
1.150987
1.360168
2.562772
2.375339
2.615555
2.860291
2.824282
2.824282
2.016000
2.594908
2.417918
2.594908
2.078611
2.988582
2.193758
2.156754
3.021299
2.671542
2.839725
3.059327
3.289809
3.241930
3.047327
1.984159
3.047327
2.257307
3.012991
3.000165
2.899107
2.191680
2.911816
1.859743
2.458056
2.516352
2.399062
2.399062
2.656879
2.458056
2.699426
2.482464
2.462139
2.088250
1.216284
1.981523
2.129664
1.216284
2.005393
1.972156
2.138721
1.315341
2.775008
2.995355
2.951609
2.040855
2.745761
2.014052
2.523245
2.555066
2.956807
2.727449
2.979819
2.966540
2.729148
3.014328
3.184935
3.021299
3.218063
2.784807
3.218063
3.224978
2.839725
2.843939
3.241930
3.024458
3.047327
3.039824
2.060421
2.705709
2.270664
3.222493
2.270664
2.352999
2.352999
2.762793
2.841390
2.359838
2.542676
3.146280
3.146280
2.575546
2.485096
1.835740
3.137830
2.762793
2.943103
2.852759
2.590893
2.443789
2.401396
2.722813
1.367082
1.348748
2.514563
1.262603
2.123958
1.990190
2.094371
2.129664
1.228395
1.220148
1.255303
1.215170
1.474938
2.087537
2.473028
2.433263
2.643033
2.455614
2.665171
2.840547
2.918545
2.930805
2.930805
2.207155
3.002667
2.918545
2.682092
3.131514
3.166100
2.930095
2.930095
3.184935
3.452089
3.031351
2.839725
1.968197
3.042744
2.913035
2.938162
3.059327
2.060421
1.968197
2.069482
2.270664
3.222493
3.222493
3.353850
2.795840
2.911816
2.658932
3.132859
3.137830
2.932047
3.097542
2.571305
1.784341
2.722813
2.676106
2.298803
1.259976
1.306062
2.064548
2.239844
2.162652
2.162652
2.162652
1.247576
1.247576
2.193625
2.060407
2.163826
1.174147
2.081218
2.089034
2.865147
2.410992
2.291581
3.091597
2.814986
2.682092
2.968534
3.073185
3.140573
2.774570
3.402193
3.184935
3.158369
3.228487
3.184935
3.201257
2.774570
2.784807
2.015912
2.006924
2.993129
2.678733
2.784807
3.218063
3.175568
3.261716
3.261716
3.213053
3.289809
2.995177
2.667161
3.248677
3.241930
2.667161
1.892494
3.457409
3.241930
2.503438
3.039824
1.994391
1.876826
2.370818
2.069482
2.890566
2.282388
2.370818
2.414930
2.260030
2.352999
3.205646
1.714746
3.038594
2.303582
2.179813
2.498727
2.722813
2.289738
2.498727
1.312302
2.402750
2.584204
2.402750
2.119219
1.215870
2.095980
1.255303
2.074877
2.721997
2.402452
2.298508
2.865147
2.928760
2.877830
2.436424
2.263316
2.589968
3.001833
2.840547
2.969345
3.012391
2.488502
3.233899
3.317816
3.047980
2.797067
2.682092
3.437927
2.927470
2.784807
3.184935
3.452309
2.634610
3.049224
3.530766
2.006924
3.452309
1.939772
2.915460
3.261716
3.248677
2.841390
3.222493
3.472088
3.425050
1.945251
1.849524
3.204875
1.915375
1.832948
2.039769
3.204875
2.994863
2.503438
3.132859
3.369685
3.381160
2.485096
1.879992
3.362358
3.132859
3.146280
2.752803
2.980068
1.636901
1.469791
2.812633
2.199849
2.602566
2.454884
2.343574
2.245980
1.373242
2.343574
1.295292
2.177023
2.338626
1.661103
1.262603
1.211890
1.576448
2.383122
2.330883
2.688347
3.001833
2.314279
2.253003
2.985684
2.457939
3.098403
3.047471
3.214047
3.002667
2.232019
3.091597
3.110152
3.166100
3.170132
2.355802
2.194054
3.343413
3.507079
2.995177
2.668379
3.049224
3.362777
2.980859
3.463623
3.457409
3.500345
3.619876
3.463623
2.687955
3.463623
3.457409
3.457409
3.411964
2.123192
2.414930
2.436839
3.473952
1.994391
1.994391
3.425050
3.152181
3.362358
3.381160
2.520085
3.265861
3.028981
3.290725
2.871833
2.985940
2.715497
2.676106
2.736262
2.454884
2.422152
2.245980
2.393158
2.304465
2.317786
1.302735
1.257054
1.880816
2.147636
2.147636
1.280598
1.369026
2.035279
2.922311
2.922311
2.770089
2.352689
2.352689
2.518814
2.926526
2.868626
3.212194
2.031839
2.942301
2.967784
2.967784
2.525352
2.525352
3.050038
2.711645
3.152968
2.787166
2.797067
2.918041
3.214047
2.921331
2.201095
2.986874
3.346970
2.774570
3.563563
3.452089
3.507079
2.771410
2.927634
2.796867
1.984729
3.218063
3.507079
3.213053
3.507079
2.027683
2.970415
3.405547
3.123578
3.499572
2.529656
1.922271
1.920716
2.520085
3.463623
3.425050
2.190324
2.980859
2.414930
2.890566
2.660640
3.500931
3.265861
3.168232
3.290157
3.269448
3.239994
2.874579
3.290725
3.422733
2.871833
1.526541
2.871833
2.251896
2.303585
2.794758
2.951360
2.323914
2.105381
2.736262
2.490644
2.645230
1.359636
2.603262
2.343574
1.359636
1.295292
2.261028
1.312660
2.291748
2.121471
1.245246
2.021070
1.926081
1.366883
2.315369
2.173763
2.813295
2.983218
2.612675
2.816840
2.976381
2.919882
2.887292
2.243717
2.770089
2.868626
3.043295
2.991930
3.110100
3.012391
2.711645
3.110100
3.127033
2.843436
3.105850
3.283182
3.127033
3.290059
2.139747
3.093378
3.086291
3.362777
3.454968
3.362777
2.927634
2.970415
3.125150
2.993129
1.969759
2.980859
3.672308
3.187096
3.595884
3.138222
3.035469
3.664101
2.344536
3.628746
3.618974
3.454474
1.856630
2.303585
3.618974
3.377878
3.290157
2.980068
1.731238
1.817302
3.203508
2.871833
3.407071
3.160147
2.799787
1.448276
1.434715
2.715497
2.866887
1.592083
2.645230
2.862355
2.936239
2.715497
2.148085
2.235442
2.486506
2.533771
2.463345
1.257054
1.259227
1.996766
1.259227
1.318947
1.793088
2.158343
2.849100
2.827486
2.759064
2.921120
2.976921
2.917908
2.743484
2.346466
2.953520
3.154840
3.197890
3.017843
2.914042
2.148159
2.266790
2.457939
3.441693
3.603852
3.283182
2.759984
2.973089
2.973089
2.797067
3.483542
3.343413
3.028144
3.067873
3.592668
3.775243
3.028144
3.176461
3.697278
3.096909
3.399031
2.697858
2.993129
3.452089
3.763957
3.507079
3.452309
3.582823
3.656458
3.619876
2.523206
2.502807
3.664101
3.589594
3.175899
1.867711
3.362358
3.618974
3.290725
3.558738
3.095610
3.441981
3.498599
3.071584
3.028072
2.899022
3.403861
3.403861
3.049637
3.239994
1.599929
3.138649
2.303585
2.322283
2.794758
2.135783
1.504261
1.434402
2.150269
2.478604
2.245980
2.357843
1.283437
1.283437
1.806868
1.385736
2.162173
2.672154
1.232905
1.433313
1.477008
2.191715
2.858649
2.580284
2.579399
2.616619
2.346466
2.851288
2.900115
3.147413
3.017910
2.462607
2.436424
2.926526
2.963001
3.283182
3.154840
2.608628
3.697278
3.565065
2.973089
2.776360
2.797067
3.469941
3.565065
2.263320
2.355802
2.324879
3.703740
3.682055
2.928349
3.157600
3.157600
3.763957
3.697278
3.763957
3.067873
3.775243
3.763957
2.637451
3.220546
3.775243
2.970415
2.697353
3.619876
1.950636
3.549478
3.553411
3.595884
3.553411
3.831107
3.284576
2.646232
3.713109
2.958071
3.589594
3.097542
2.437561
3.071584
3.254127
3.558738
3.383312
3.340862
2.568862
2.810805
3.368234
2.722976
2.284770
2.862355
2.186641
2.638452
1.481356
2.516455
2.261028
1.998388
2.183099
1.261369
2.098239
2.263952
1.426523
1.270227
1.402227
1.994314
2.162173
2.435380
2.578073
2.692966
2.941136
3.071954
3.033779
3.198860
2.900115
3.077753
3.198860
3.340240
3.040755
3.118755
2.736765
3.532157
3.314365
2.608628
2.917304
3.280571
2.787166
3.268527
3.738061
2.733205
2.089720
1.968332
3.220546
3.157600
3.582823
2.695730
3.125150
3.125150
3.738222
3.619876
3.313743
3.300731
3.481291
3.619876
2.695730
3.738222
3.595884
3.686219
3.327796
3.384811
2.476352
2.465048
3.535404
3.713109
3.507143
3.369685
2.899022
3.109416
3.498599
3.540408
3.704713
3.523180
3.254127
3.335775
2.953859
1.767252
3.500931
3.340862
2.811646
3.039493
3.225326
2.951360
2.951360
3.113631
2.930693
2.638452
2.858555
2.695465
1.454936
1.407140
2.638452
2.706839
2.249087
2.505946
2.597671
2.263952
2.150269
2.140707
1.983057
1.335408
1.459567
1.215000
1.643590
1.913987
1.628103
2.021070
2.036983
2.289761
2.083662
2.234668
2.834057
2.725313
2.768529
2.360551
2.308983
2.786911
2.873523
2.579244
2.579244
2.755265
2.232019
3.217837
3.077753
3.154840
2.755265
3.469833
2.787166
2.822891
2.966647
2.953867
2.787166
3.209718
2.355802
3.469941
3.416300
2.355802
3.067873
3.157472
3.983193
3.775243
2.895291
2.842828
2.022309
1.968332
3.147496
3.464024
1.917989
1.898039
3.628746
3.315661
3.267864
3.815250
3.459132
3.327796
3.799019
3.494247
1.748552
1.817302
3.500931
2.406732
2.248347
1.655797
3.577986
2.357869
3.481812
3.334481
3.229175
2.850801
2.736262
3.224397
2.613834
2.236049
2.609333
2.231348
2.492907
2.357843
2.253986
2.224919
1.303720
1.883069
1.482908
1.285855
1.519884
1.499731
1.531620
2.140707
1.332036
1.450697
1.252583
1.284024
1.941207
2.361838
2.946978
2.759064
3.067193
2.953520
2.311001
2.396889
2.442697
3.006120
2.547712
3.077753
2.952358
2.816459
2.183979
2.787166
3.469833
3.384693
3.317422
2.296604
3.631842
3.919472
3.404792
2.795652
2.905734
3.804627
2.365463
2.285645
2.532157
2.392216
3.651872
3.651872
3.665244
2.532157
2.443648
2.895291
3.147496
3.455344
3.691617
4.026460
3.983193
3.738222
3.697988
3.738222
3.815250
3.284576
3.815250
3.127956
3.284576
3.759366
1.792553
3.507143
3.713109
3.799019
3.747364
3.599799
2.937663
3.799019
3.547820
3.668181
3.361612
3.334481
1.593534
3.100832
3.239994
2.850801
2.950029
1.549358
3.011805
2.749977
2.079465
1.599476
1.681313
2.140707
1.779324
1.523147
1.681270
2.039827
1.983057
2.125577
1.285855
1.397963
1.644472
1.644472
2.672154
1.539403
1.956737
2.685118
1.472132
1.320205
1.260345
1.287977
1.858768
2.042600
2.688788
2.437647
2.744608
2.817997
2.841351
2.802390
2.649838
2.874551
3.048788
3.134695
2.538253
2.926460
2.443203
2.489426
3.147413
3.217837
3.147413
3.292789
2.563088
3.317422
3.312531
2.293730
2.184992
3.298315
3.298315
2.838500
3.169855
3.191335
3.346845
3.385470
3.385470
3.397890
2.285645
2.312266
2.557841
3.169855
3.891940
3.174613
3.828864
3.249316
3.511735
2.641510
3.268527
3.997923
3.908733
4.178752
3.685592
3.455344
4.189637
4.026460
3.600196
1.917989
1.972623
2.670708
3.312200
2.597714
3.920530
3.920530
3.136114
3.127956
3.312200
3.815250
3.686219
1.949250
3.229178
2.937663
3.747364
3.813959
3.109416
1.798358
1.845678
3.610186
3.589594
3.806461
3.791278
3.668181
2.897060
1.753718
3.828660
3.733820
3.599799
2.897060
2.897060
3.503271
3.717638
3.683368
3.541890
3.481812
3.503271
3.394613
2.971212
2.770574
2.930693
2.757942
2.850801
2.193766
1.558907
2.757942
2.346829
2.847109
2.749977
2.049381
2.105311
1.883069
1.749535
2.764112
1.669051
2.595342
2.475047
1.675248
1.651696
1.691119
1.705007
2.210053
1.983057
1.295302
1.260345
1.781449
1.707940
1.819227
2.508936
2.280195
2.312776
2.437647
2.790752
2.973781
2.834704
2.836529
2.901313
2.982833
2.941136
2.596891
2.468547
2.996668
3.069685
3.067193
2.237707
2.405117
3.376123
2.688412
2.924453
2.928509
2.953867
3.376123
2.822891
3.342131
3.342131
3.560897
3.603852
3.469833
3.270615
3.603852
3.384693
3.804627
3.616806
2.820648
2.443648
3.754093
3.675851
2.908299
3.249316
3.120934
3.346845
4.141684
2.804559
2.651165
3.120934
2.773569
2.672249
3.868712
3.824404
3.783552
3.877531
2.672249
3.759366
3.848541
3.570796
2.937663
3.901245
3.747364
3.837985
3.099018
1.648948
3.743191
3.597335
3.394613
3.547820
3.403861
3.443747
3.526698
3.047685
3.625525
1.648200
3.304734
3.011584
3.547820
2.930693
2.971212
2.452524
1.909897
2.148518
2.297265
2.009393
2.210501
2.424373
2.969616
1.454936
2.153134
2.018181
1.827875
2.680552
2.680552
1.606459
2.685118
2.685118
1.246126
1.365886
1.647215
1.760938
1.644664
2.335039
1.691960
1.827875
2.313658
1.285855
1.368247
1.264384
1.352757
2.553255
2.944893
2.766023
2.841658
2.806295
2.717375
2.433580
2.381085
2.489968
2.489968
2.716347
2.716347
2.844591
2.440630
2.725313
2.902583
2.758107
2.329359
3.095541
3.490348
2.501204
2.502975
2.980147
2.858271
2.928509
3.222830
3.147413
3.274548
3.069685
2.110499
3.217837
3.384693
3.217837
3.560897
2.953867
3.589995
3.560897
3.508010
2.464597
3.774296
4.119913
3.775236
3.854105
2.464597
2.557841
4.143295
2.753537
2.221717
2.293280
3.754093
2.651165
3.932593
3.908733
3.870315
3.812460
4.189637
3.953342
3.810248
3.315661
3.321987
2.579838
2.670708
3.848541
3.284760
3.425740
3.837985
3.921390
3.837985
3.901245
3.730927
3.735442
2.335844
2.847109
3.625525
3.335174
2.188703
2.106866
1.932832
2.278860
2.578157
2.578157
2.437807
2.106866
1.932832
1.780001
1.804609
1.932832
1.711673
1.864396
1.882633
1.814255
2.595342
2.475047
1.691119
2.764112
1.486896
1.535266
1.512300
2.618538
1.675976
2.616495
2.210053
1.747428
1.287977
1.545566
1.612004
2.809763
2.820906
1.333700
1.326438
1.858768
1.865664
2.616043
2.584944
2.465895
2.599755
2.692724
2.952198
3.158816
3.106998
2.952198
2.804228
3.108065
3.027730
3.087112
2.985924
2.874551
3.042011
3.123087
2.538253
3.134695
2.129580
2.798829
2.736765
3.255025
2.918551
2.653197
3.283359
3.143456
2.838130
2.838130
3.084706
2.755265
3.426125
3.228180
3.128029
3.350760
3.376123
3.995053
2.855005
2.343340
3.313862
3.332947
2.425740
3.342131
3.346845
3.426125
2.820648
2.820648
3.675851
2.464597
2.557841
2.079810
3.978687
3.738061
2.882523
3.883130
3.619201
2.773569
2.811304
1.948552
2.651165
4.178752
4.211223
3.953342
3.956249
3.977771
3.929629
3.156181
3.460734
4.072280
3.942860
3.877531
1.803572
1.869531
3.848541
3.920530
3.923675
2.570050
3.839571
3.556993
2.291795
2.335844
3.875998
3.603981
3.603981
1.745315
2.971212
1.548470
2.361086
2.278860
3.425666
3.124099
1.815748
1.871758
2.211091
2.326719
1.856384
1.815815
1.882633
2.413942
2.872350
1.535266
1.701552
1.677757
2.680552
2.260040
1.444607
1.523270
1.532979
1.543439
1.368247
1.535329
1.469882
1.469882
1.484088
2.585299
2.820906
2.877867
1.420085
1.546567
1.577321
2.540920
2.489968
3.283913
3.294522
2.951341
2.951341
3.326368
3.010419
2.940917
3.184836
3.118823
3.066104
2.859013
2.985924
2.985924
2.795055
2.593000
2.985924
3.194276
3.263262
3.222830
2.795046
3.222830
3.505908
3.402283
3.801650
3.820073
2.838500
3.986129
3.581452
4.001999
2.253448
2.211343
3.441306
3.581452
2.233496
2.352893
2.980337
3.191335
3.333546
3.126380
3.333546
2.387209
3.194251
3.865374
2.387209
3.487626
4.012566
4.069044
2.581316
4.137223
1.903545
2.651165
4.189637
4.189637
3.492428
3.646408
3.478356
3.492428
3.866933
3.981651
3.997073
3.136114
2.518190
2.715348
3.923675
3.801325
3.916991
3.956937
3.866476
3.443747
3.660172
2.924533
3.367303
3.255852
2.167372
2.659288
2.592095
2.982678
3.425666
2.537075
2.225096
2.233552
3.215774
2.969616
2.982678
2.537075
1.916461
1.909897
1.423579
1.521865
1.682107
1.647215
2.313658
1.308733
1.444607
1.512300
1.459708
2.020153
2.694604
2.844054
2.891203
2.973781
2.646865
2.937668
2.494097
3.327836
2.969882
3.066104
3.092740
3.441298
3.194276
3.147344
2.440816
3.100241
2.649750
2.670474
2.716903
2.538253
2.080825
2.609679
2.918551
3.234894
3.408558
2.928509
3.476888
3.529135
3.845214
3.730848
4.264121
3.011396
2.221717
3.730848
3.909239
4.012566
4.362440
4.143295
4.121251
4.137223
3.964140
3.794307
2.660719
4.165929
2.651165
2.581316
2.660719
2.565327
4.178752
2.088706
3.946049
3.883130
3.492428
4.211307
3.460734
2.733653
1.952305
3.824404
3.929629
3.981651
3.923675
3.920530
1.816992
3.971881
3.923675
2.494825
3.752406
3.687309
3.743191
3.626225
3.526698
3.777587
3.488004
2.392433
2.847109
2.395104
1.736421
1.938123
2.255190
2.394777
2.028654
2.170293
2.188703
3.223716
1.938123
2.028654
1.994929
2.060364
3.115231
3.115231
2.537075
2.028654
2.148518
1.548470
1.956893
1.841473
1.785309
1.831192
1.587128
2.215924
2.685894
2.809763
1.474700
1.587128
1.491189
2.391432
2.690026
2.709179
1.397755
1.379831
1.369462
2.877867
1.404555
1.596526
2.670163
2.719010
1.940509
2.904177
2.891203
2.951341
3.247964
2.872300
3.294522
3.398991
2.542281
2.951341
3.066104
3.283913
3.326368
3.054983
3.055578
3.066104
2.593000
2.494097
2.494097
3.553338
3.302177
2.756890
2.716903
2.798829
2.716903
2.798829
2.918551
3.255025
3.747826
2.052848
2.956963
2.956963
3.126380
3.084706
2.855005
3.057174
3.402283
3.134112
3.057174
3.333546
3.263539
4.364295
3.126380
3.333546
3.333546
2.407853
4.186628
3.909239
4.060208
3.804484
3.897197
3.332947
3.995053
2.407853
2.349306
2.565069
2.470345
3.964140
2.496377
4.375791
4.323339
4.031618
4.072280
3.478356
4.211307
3.956249
4.031618
3.471563
1.905559
4.175791
4.064091
4.066815
3.981651
2.518190
1.905559
2.024404
3.997073
3.938333
3.981651
3.923675
3.929547
4.011648
3.801325
3.549357
3.699706
3.774158
3.827281
3.041121
3.477887
2.289552
3.576911
3.561357
2.231226
1.596664
1.720320
2.228063
2.327269
2.327269
2.421333
2.592095
1.909897
2.837511
3.561357
3.115231
3.367303
2.078982
2.167372
1.958645
1.966246
3.312313
1.958645
1.966246
1.966246
2.305584
2.537075
2.849123
1.682107
2.809763
2.293859
2.215924
1.423482
2.785854
2.628372
2.676879
2.313658
1.491189
2.695987
2.785854
1.353685
1.337459
1.538456
1.347865
2.748920
2.145543
2.215957
2.879842
2.753998
3.053754
2.619788
2.572817
2.732391
3.097669
3.022804
2.646865
2.735903
2.872300
3.112178
3.303425
3.144808
3.175589
3.144808
3.066104
3.054983
3.294522
2.495828
3.558450
3.272748
2.642111
2.635714
2.820059
3.313652
3.478201
3.330315
2.820059
2.873749
2.956963
3.458206
3.636657
3.458206
3.379685
3.982842
3.402283
3.313652
3.476888
3.960216
3.801650
3.753220
3.597917
4.204020
4.173078
3.730848
3.735457
4.328338
4.350448
3.587663
3.793328
3.714956
2.302155
3.312214
2.971354
3.333546
3.730848
2.940927
3.909239
4.362440
4.331556
2.581316
4.362440
2.940927
4.069044
2.660719
2.660719
4.357420
2.845524
3.478356
2.734162
4.082802
2.629510
3.312420
3.312420
4.082802
4.020894
3.997073
2.614109
3.972023
4.033595
3.659034
2.231226
2.304415
3.660172
3.681142
3.739661
2.719975
3.636141
2.499433
2.837511
2.719975
2.719975
2.592095
2.688065
2.028654
2.537075
1.682107
1.822938
2.344559
1.603241
1.774124
1.554371
1.468140
1.497556
1.704907
1.515388
2.865045
1.409305
1.423482
2.877867
1.420996
2.879842
2.881545
2.913106
2.575140
3.429849
3.287128
3.441298
3.420473
3.144808
3.703347
3.147344
3.441298
3.439101
3.248301
2.246596
2.550224
3.273485
3.273485
2.797659
3.306039
3.229212
2.178896
2.112547
2.756890
3.586972
3.346339
2.869560
3.103802
3.094395
3.134112
3.217609
3.667316
3.763473
3.312214
4.147985
3.481019
3.595906
3.312214
2.447687
3.907525
3.635105
2.043919
2.510741
3.735457
3.735457
4.478827
3.784511
4.066609
2.539590
2.510741
2.470345
3.967747
4.293562
4.302653
3.663927
3.804484
2.585548
2.585548
3.907525
2.585548
4.323339
4.323339
4.211223
3.663927
4.549938
4.067568
4.302781
4.150126
4.115891
3.958617
4.249317
3.840690
4.033997
3.856611
3.911201
2.407402
3.899161
3.905903
3.958305
3.696238
3.696238
3.788927
3.576911
2.871943
3.561357
3.530346
2.688065
2.066073
2.385620
1.682107
2.612298
1.890838
1.706713
3.158551
2.685894
2.745193
1.564819
2.966636
2.791036
2.745193
2.515805
1.367566
2.370652
1.491189
1.530852
1.680510
2.782050
2.833946
2.658908
3.035609
2.487633
2.626802
2.932018
3.004481
3.047851
2.884465
3.429265
2.893204
2.893204
3.046342
3.166867
3.004481
2.737589
2.629515
2.672615
2.545535
3.248301
3.490348
2.838671
3.418775
3.306039
2.987869
3.408769
3.487601
3.487601
2.987869
3.306039
3.418775
2.987869
2.396037
3.134112
3.134112
3.250566
3.312214
3.481019
2.339404
4.346787
4.244943
2.401979
3.032963
2.271052
2.109607
2.631188
4.083697
3.967747
3.032963
2.539590
4.067568
4.070723
4.423329
3.492335
3.640797
3.492335
4.461820
4.386213
3.312420
4.082802
3.958617
4.457552
4.082802
2.076737
3.961401
4.020894
3.929547
2.203477
1.843122
3.856611
3.899161
3.941686
3.739661
4.089159
3.961539
4.178954
3.856611
3.835487
2.146502
3.693177
3.530346
2.871943
2.871943
2.720245
3.636141
2.152063
2.201757
2.233552
1.774124
2.234385
1.727124
1.367566
1.468337
1.329393
1.530852
1.486175
2.804350
2.719427
2.718080
3.059267
3.178025
3.334163
3.257593
2.919846
3.168686
2.582338
3.222454
3.429849
3.349138
3.112307
3.452231
3.004481
3.577527
3.702626
2.509738
3.119350
3.659592
2.372851
2.672615
3.681740
3.439101
3.272748
3.248301
3.175589
2.931883
2.931883
2.999973
2.823336
2.075159
2.985354
2.820059
3.923007
3.801423
3.560309
3.693896
2.999973
4.062589
3.891316
3.681412
3.735457
2.447687
2.447687
4.588398
2.447687
4.389193
3.970293
2.331789
2.447687
4.478827
4.612034
3.784511
2.511426
2.585548
3.961401
3.961401
2.407402
2.442744
3.929547
3.929547
3.856611
3.774179
3.899161
2.981888
3.893546
3.835487
3.723948
2.460701
3.463382
3.194713
3.340290
1.464205
1.890838
3.296000
2.871943
3.065996
1.890838
3.158551
3.179842
2.861270
2.906446
1.485251
1.543338
2.920917
1.843656
1.604439
3.006025
1.704907
2.463031
1.468337
1.628642
2.400892
2.225934
2.278965
1.454030
1.445811
1.464801
2.340051
2.854773
2.644075
3.053754
2.927560
3.059267
3.152878
3.047876
2.922775
2.993138
3.347187
3.160189
2.709339
3.229535
2.233994
3.439101
3.427699
3.378407
3.144808
3.270907
2.938776
2.691530
3.801423
3.607415
3.693896
3.306039
3.810119
3.797281
3.068493
3.058718
2.987869
3.362092
3.148559
3.148559
2.997908
3.156219
3.490461
3.256369
3.094395
2.457809
2.563225
2.563225
4.520447
3.640797
3.629406
2.870948
3.781319
2.968686
2.200975
4.605358
2.647158
2.727957
4.302781
4.125218
1.986100
4.414784
4.289676
2.203477
3.959225
3.897810
3.043520
2.981888
3.043520
1.801303
3.625126
3.606601
2.871943
2.862521
1.622770
3.461082
3.456367
2.516134
2.720245
3.260902
1.590431
3.179842
1.933032
1.727283
1.774124
2.745193
1.704907
3.006025
2.344559
2.781796
2.130222
2.124642
1.604439
1.604439
2.463031
1.486805
2.746260
1.641860
2.659213
3.310115
3.253833
2.457315
3.270907
3.211200
2.868746
2.694170
2.693108
3.270907
3.270907
2.672615
2.802756
2.985354
2.955990
3.408769
3.408769
2.823336
3.011435
2.756890
2.820059
3.681412
3.362092
3.440278
4.261168
3.490461
3.134112
3.282232
3.587663
3.427487
3.164572
4.140085
3.939149
4.069746
4.346787
4.546078
4.232744
2.550774
4.364295
4.624215
2.442869
2.614217
4.624215
2.647158
2.539590
4.612034
3.813259
3.781319
2.686292
2.511426
2.602878
4.446281
4.605358
4.519152
4.605358
2.530907
4.605358
2.602878
2.629510
2.514245
4.247692
1.922241
2.001202
3.166020
4.026529
4.074812
2.862521
3.924981
3.972476
3.543569
3.714290
3.883867
2.862521
3.562931
3.411896
2.460701
2.516134
1.802855
2.016243
3.098157
1.843656
3.158551
1.744687
1.494645
1.732455
2.130222
1.379364
2.637465
1.409305
2.772747
2.769700
2.846833
2.994921
2.486582
2.719553
2.833173
2.922775
3.310350
3.325936
3.029406
3.554001
3.351239
2.509738
2.577969
3.517616
2.574156
3.439101
3.229535
3.229535
3.498336
3.812548
3.681740
3.812548
3.750908
3.323113
2.642111
2.948673
3.378407
3.323113
3.785540
3.678833
3.351239
3.408769
3.703347
3.780475
3.606557
3.592597
3.586972
3.923007
3.759642
3.693896
4.143064
3.032564
3.247510
4.261168
2.259691
2.223539
3.032564
3.123863
3.188403
2.453302
2.447687
2.573614
3.640797
2.276117
3.958725
4.119537
3.757641
2.631188
4.732420
2.727957
2.096727
4.541760
2.647158
2.602878
4.570021
4.322978
4.247692
2.338049
3.166020
3.166020
2.964547
3.275141
2.217751
2.124024
4.196923
2.862521
3.883867
3.969045
1.831907
3.745584
3.587052
2.038531
3.443717
2.129706
1.911425
1.688717
3.033607
1.854165
2.140211
2.044798
1.834245
2.781796
2.950467
2.528551
2.669514
2.698149
2.001818
1.397538
1.397538
1.465159
1.543256
2.794570
1.713171
1.525028
2.251760
2.672771
2.695078
2.829355
2.829355
3.064514
2.707575
2.691147
2.822771
2.965023
3.434737
2.793164
3.152878
3.143350
3.342634
3.188934
2.877621
2.372387
3.892765
2.802756
2.985354
3.659592
3.205996
3.899889
4.025681
3.892765
3.781125
4.147181
4.290951
3.230523
3.114817
4.315504
4.019173
3.253898
4.485403
4.391453
2.955734
2.331789
2.400720
2.358404
2.804355
2.566174
2.501129
2.614217
2.358404
2.750060
2.614217
4.738952
2.555650
4.605358
4.687106
4.556396
2.602878
4.370139
2.028123
2.303280
1.927505
3.308312
3.275141
3.071080
1.777413
4.232866
4.026529
3.789880
3.566926
2.055237
4.026529
3.991904
2.722075
2.129706
3.286751
2.504204
1.588404
3.785851
3.260902
1.931892
2.940186
2.940186
2.698149
1.834245
2.950467
3.179842
1.494645
2.634396
1.834245
1.785846
1.646511
1.819831
2.526781
2.827304
1.373939
2.865045
2.727480
2.606801
2.802802
1.498698
2.082879
2.134955
2.857435
3.044931
2.917634
2.622308
2.739564
3.266364
3.182140
3.409892
2.714543
2.497721
3.728320
3.446997
3.029406
2.713372
2.714543
2.587217
3.554001
3.583065
3.760316
3.760316
3.631835
3.452231
2.629515
2.691530
2.748434
3.889819
2.948673
4.029352
2.982363
3.728320
3.011435
4.025681
3.960479
3.960479
3.148801
4.114938
4.224380
3.148559
3.148801
4.683405
4.672940
4.378570
4.485403
2.405810
2.552159
2.345552
4.835541
3.781319
2.276117
2.566174
4.067142
4.274490
2.276117
2.292651
2.741381
2.709333
4.605358
2.727957
2.760358
4.687106
2.380189
4.350919
4.185464
4.036849
3.991768
3.603750
2.722075
3.587052
3.293105
2.253361
2.361796
2.093593
1.504991
1.933032
2.040173
2.020194
2.166044
1.507382
2.794570
2.304096
1.461758
1.514041
2.750200
2.746539
2.994921
2.670455
2.840671
2.760895
2.685446
2.474958
3.328784
3.342634
3.555058
3.325936
3.428302
3.446997
2.824445
2.850075
3.889819
3.760316
4.055715
3.739917
2.132973
3.066303
4.025681
3.125216
3.001997
4.230363
4.144383
3.960479
2.262078
4.322596
2.385690
2.585453
2.238857
2.185987
4.528438
3.043643
2.550774
2.552159
4.535272
4.060474
2.591452
4.102621
2.647854
2.655493
2.566174
4.274490
2.263566
2.387163
2.695676
2.647854
2.387163
2.386661
2.485052
2.591387
2.695676
2.709333
2.741843
2.709333
1.930955
2.007631
3.858793
3.897810
2.055237
3.995864
3.566926
2.862521
2.731894
2.986265
1.991686
3.883867
3.444369
2.504204
2.018350
3.745584
3.587052
3.138986
3.286751
2.409168
2.256743
2.137663
2.140211
2.299712
1.503679
2.967004
2.940186
3.138986
1.948026
1.948174
1.429857
1.503679
1.429857
1.948026
2.450283
1.833038
2.600722
2.530753
1.785846
1.833038
1.529456
1.458697
1.520620
1.590536
2.764232
2.641084
2.902343
2.995591
3.112038
2.740175
3.266364
3.151589
2.659220
3.287045
3.409892
2.793164
2.597528
3.342634
3.134509
2.459596
2.447034
3.485656
3.555058
3.554001
3.677477
3.773637
3.896147
3.939753
3.896147
3.685683
3.685683
2.955990
3.914012
3.805568
3.875641
2.191141
2.982363
3.647257
2.140632
3.939056
4.025681
4.144383
4.230363
4.143064
4.301653
4.147625
3.058718
3.143331
3.125216
3.234763
2.309136
3.148801
4.499234
2.345668
4.060474
4.349051
2.144093
2.158014
3.050382
4.232744
2.826429
2.162218
4.347382
4.415526
2.826429
2.488550
2.713899
2.804355
2.804355
2.566174
2.386661
2.669399
2.561599
2.220706
2.788535
2.646201
2.821894
2.777281
4.655793
2.466784
4.674909
3.421930
2.646201
4.476815
3.308312
1.789356
4.541760
3.071080
3.308312
2.348882
4.275369
2.798933
2.857050
3.286751
2.007643
3.785851
3.714290
3.714290
2.409168
1.662003
1.748320
2.233777
2.137663
3.138986
3.635827
2.135329
2.698149
3.212801
3.094048
2.645227
1.948026
1.507786
1.797636
1.646511
1.665646
1.627536
2.600722
2.315502
2.007209
1.848985
2.780388
2.945840
2.722543
3.083278
3.198215
3.295900
2.372387
2.631958
2.706091
2.494513
2.291263
2.759338
3.431923
2.714543
2.960927
3.554001
3.428302
3.510026
3.510026
3.576251
2.895580
2.715531
3.739917
2.850075
3.496667
3.134509
3.810769
4.025065
3.333380
3.205996
4.431221
4.172628
2.418635
4.166820
3.936616
2.197072
3.960479
3.148801
3.143331
3.148801
4.166820
4.128577
4.224380
3.028551
3.328671
2.150748
4.738952
2.799589
2.717803
2.655493
2.669399
2.600787
2.195889
2.292651
2.505142
2.439970
3.147926
3.171063
4.387433
3.068090
3.171063
3.071080
2.241340
3.858793
3.687803
3.724529
3.720298
2.805635
2.993041
3.888685
3.858793
3.724529
2.653501
3.841445
2.612525
3.259248
3.120286
1.561161
2.307932
2.307932
3.684461
3.836072
2.074908
1.587153
2.967004
2.040173
2.128119
2.845903
1.904578
1.495027
2.010153
2.166044
2.850343
2.734355
1.948026
2.600319
1.512058
2.951196
2.951196
1.998437
1.763749
1.763749
1.740511
1.698436
1.740511
2.858471
2.119957
2.947576
2.916020
2.663349
2.739564
3.039335
2.812392
2.707575
3.236375
3.178078
3.102750
2.672456
2.445435
2.530146
3.440991
2.803442
2.771487
3.363564
2.447930
2.394054
3.363564
3.457322
3.556826
3.556826
3.343730
3.134509
2.611877
2.269008
4.028823
3.656646
3.510026
3.021196
3.021196
3.579111
3.242304
3.242304
3.898378
3.808311
3.731837
3.114443
3.939070
3.985988
4.166820
4.151318
3.117516
3.229799
2.388654
4.166820
2.497602
2.552159
3.171731
4.166820
4.607638
4.725667
4.738952
4.349051
4.347382
2.276809
2.150748
2.252723
2.292651
2.586591
2.505142
2.505142
2.669399
2.380861
2.583562
2.647608
2.583562
2.928304
2.503655
2.089552
2.728706
3.497396
2.680205
3.421930
2.380189
4.556396
1.906554
2.155117
3.724529
4.053557
3.293105
3.410176
3.969045
2.361585
2.585410
3.293105
2.529990
3.785851
3.710325
3.635827
3.635827
2.263524
2.263524
2.529990
2.233777
2.093593
2.084693
2.120186
2.842197
1.633777
1.581771
2.136357
1.898417
3.027500
2.838416
2.757231
2.838416
2.838416
2.921157
2.487990
2.698751
2.947576
3.173995
3.161577
3.039335
2.972502
3.219119
3.143350
3.431923
3.236375
3.270636
2.659220
2.759338
3.788699
3.547045
2.350095
3.440991
3.645025
3.898632
2.882151
3.128804
4.105898
4.382005
3.831026
3.299442
3.898378
2.544505
4.420907
4.025065
4.053545
2.497602
4.476809
4.394070
4.230363
4.224380
4.053545
2.826429
3.093416
2.780016
2.585453
3.084713
2.715225
2.043451
2.170793
2.905879
4.738952
2.276809
2.663826
2.064609
2.276809
2.380861
2.583562
2.728706
2.375526
2.732493
2.680205
2.761789
2.761789
2.867962
2.439970
4.262952
4.476815
4.476815
2.201934
1.867672
4.195472
4.499358
2.819661
2.884956
4.040398
2.678910
3.841445
2.669063
2.280270
3.614542
3.635827
2.496991
2.170586
1.583402
1.512058
2.697207
1.528330
1.891864
1.854209
2.639606
2.772895
2.899762
3.101680
3.091655
2.945840
3.088041
3.117594
2.810017
3.161577
2.453085
2.480450
3.219119
3.329779
3.270636
3.537026
3.128999
3.111998
3.363564
3.547045
3.440991
3.432357
3.347199
2.830863
3.457322
3.457322
2.715531
3.021196
3.254619
2.822136
3.002594
4.011426
4.251151
3.200087
3.186740
3.905011
3.677477
3.172783
2.922258
3.242304
3.259938
4.348585
4.050155
4.172628
2.404279
4.078688
4.299759
2.426901
2.426901
2.398754
3.234763
3.311875
4.643701
4.578845
2.398754
2.333560
4.421545
3.257788
3.311875
4.430669
4.325217
4.317840
4.325217
4.317840
4.810918
2.915302
4.843993
2.684670
2.905879
2.545568
2.352874
3.546120
2.728706
3.497396
2.220706
2.286433
2.444194
2.748560
2.466784
2.928304
1.906554
4.275369
3.444369
4.275369
2.082780
3.841445
3.256816
3.841445
3.256816
2.955299
2.988395
2.854224
2.219543
2.280270
3.279624
2.601065
2.265376
2.084693
2.734355
2.137935
1.964474
1.967485
2.970122
1.813876
2.892375
2.219242
2.751172
2.798985
2.990600
2.824953
3.188586
2.753793
3.105545
3.008842
2.538938
3.245318
3.039335
2.631958
2.727971
2.850651
2.841581
3.037925
3.347199
2.841581
3.347199
3.440063
3.440063
3.614744
3.527632
3.540771
3.614744
3.905011
3.763712
3.682630
4.050155
3.889106
3.753239
4.179974
3.329898
3.155195
2.291565
2.707630
4.179974
4.029597
4.394070
2.317993
2.337628
2.238256
2.635282
4.234257
4.538772
4.062488
4.138792
4.279726
2.844664
4.538772
2.895219
4.849163
4.849163
2.690339
2.636153
1.998994
3.771236
2.545568
2.444194
2.790898
3.497396
3.491845
2.064262
2.053091
2.282272
2.545568
2.444194
2.195984
2.435978
2.732493
2.625846
2.925007
2.881234
1.957052
3.572276
3.397519
1.795359
2.388284
2.007643
1.645837
2.854224
2.533448
2.233777
3.120254
1.895019
2.848032
2.709477
2.854224
2.709477
2.210486
2.069933
2.485341
1.495027
2.824240
1.481724
1.463420
2.892375
1.481724
2.934748
2.956135
2.810999
2.663208
2.208659
2.698215
2.772895
3.097975
3.116765
3.161577
3.142276
2.636164
3.104957
3.305073
3.089613
3.309885
3.142276
3.245318
3.547045
3.537026
2.632026
2.859057
2.830863
3.380536
3.179397
3.380536
3.380536
3.788699
3.133082
3.254619
3.753239
3.889106
3.171279
4.251151
2.418635
2.798741
2.199106
3.395066
2.798741
2.497602
2.856331
3.311875
4.416002
3.026443
4.430669
4.416002
2.069475
2.915302
2.360928
3.731812
2.195984
2.005914
2.360928
2.920129
2.920129
3.183714
3.458637
3.223047
3.223047
2.195984
2.444194
2.672560
2.444194
3.142706
2.198939
2.277350
1.957052
2.526582
3.142706
2.884956
2.881234
3.256816
3.397519
2.618041
2.533448
3.112136
3.432440
3.120254
2.948684
2.854224
2.254637
1.686573
3.353333
3.353333
3.353333
1.895019
2.848032
2.272795
2.225044
2.932779
2.601406
2.601406
2.186994
2.025192
1.962966
2.793780
1.927039
1.830971
2.639606
2.126423
2.874064
3.222966
2.595447
2.443005
2.533983
2.632026
3.433926
2.379226
2.562581
2.510325
3.409269
2.917616
3.356995
2.749246
2.749246
3.526729
2.749246
3.052623
3.135524
3.037609
3.129789
3.129789
3.216047
3.521032
3.386191
2.381267
2.381267
3.576251
3.545398
3.595211
2.469044
2.318496
3.855906
4.225671
3.727832
3.946840
3.654046
4.025065
4.006249
4.478405
2.704257
4.251151
4.479705
4.138792
4.448387
2.644039
4.132090
3.352417
3.212068
4.234257
3.965563
3.880748
4.416002
4.382005
4.885783
3.862216
4.849163
3.546120
2.479833
2.512094
2.282272
2.502706
2.502706
2.590898
2.625846
1.778666
2.372732
2.286423
2.346891
1.521530
1.659105
1.938651
1.530078
1.583800
2.970122
2.137935
2.140059
3.094719
1.984246
2.033641
2.560571
2.485341
2.035561
1.481724
1.391772
1.583402
2.124385
2.792959
2.717361
2.988725
2.988725
2.949034
2.478019
3.183005
2.990600
3.078551
2.555350
2.808635
3.409269
3.642544
3.537026
3.305073
2.824237
3.164594
3.640025
3.618867
3.253772
3.216047
3.618867
3.386723
3.393935
2.452225
3.257460
3.524590
3.414906
3.362101
3.790441
4.075915
3.541138
4.309152
3.534844
3.716312
3.716312
3.804262
3.203474
4.003351
2.046910
2.168781
4.761397
3.147868
4.766154
2.528166
2.317993
4.732262
3.096043
2.487934
2.287931
3.088875
2.895219
3.166692
4.062488
4.279726
2.487934
2.584567
3.958518
3.803517
3.803517
3.744931
3.748588
2.905879
3.546120
3.258833
2.406690
2.331668
2.239606
2.331351
2.590898
2.241340
2.221530
2.612525
2.618041
3.087433
2.618041
3.232341
3.279624
2.372732
2.368354
2.368354
1.895019
1.850106
3.353333
3.035685
2.097697
2.133980
3.145014
3.185916
3.075461
2.956225
3.110271
2.322154
2.560571
1.962966
2.304755
2.702711
2.737387
2.653846
2.893852
2.595447
3.292532
3.292532
3.109677
2.859057
2.796757
3.070213
2.589373
3.452816
3.640025
3.640025
3.642544
3.225389
3.860239
3.642544
3.241151
3.216047
3.297651
3.526729
3.857137
4.075915
3.459654
3.595211
3.172783
2.221617
4.614160
3.682185
3.611296
4.635767
4.132090
4.341555
2.878396
3.729622
4.632659
2.878396
3.016564
2.287931
3.040841
4.081906
4.040432
3.024897
4.847534
2.093214
2.379769
3.085817
3.747708
3.648651
3.747708
4.847534
4.812139
3.088875
3.648651
3.862216
3.260106
2.713620
2.691545
3.207203
3.530459
3.592191
3.537164
1.945186
3.530459
2.884956
2.676566
2.738193
2.827339
2.887224
2.143173
1.888513
2.618041
3.224846
3.147273
3.336359
2.932779
2.210486
2.990304
1.425552
2.314404
3.279260
3.035685
2.118146
3.032067
3.221387
2.932779
3.064574
3.318777
1.448238
2.164081
2.560571
2.437744
1.557320
1.927039
2.126423
1.949562
2.721706
2.757011
2.672489
2.792959
2.854778
3.253772
2.889401
3.046659
3.097975
2.476481
3.490755
2.842906
2.610534
3.450136
3.222966
3.292532
2.644140
2.632026
2.807084
3.611296
2.515474
3.490755
3.433926
3.182286
3.386191
3.857137
3.135524
3.135524
2.758852
3.482805
3.315165
3.861266
3.362101
3.521032
4.117262
3.623663
2.848730
3.094779
3.675298
3.623663
3.600501
3.600501
4.090568
2.511384
3.611296
4.266446
4.132090
4.132090
2.442301
2.471943
3.398517
2.564668
2.682348
3.812741
3.835845
2.072133
2.020667
1.980581
4.600324
4.847534
4.763654
3.958518
4.700526
2.148345
2.204538
2.287931
3.075832
3.827954
4.700526
2.487934
2.566385
3.769588
2.161472
2.379769
2.566385
3.648651
3.672704
3.803517
1.994272
2.042972
3.733384
3.733384
2.512693
3.218837
2.503655
3.183714
3.098459
2.489801
3.098459
2.881415
2.608428
1.791029
2.525873
1.624088
2.325358
2.365758
2.436072
3.432122
3.147273
2.323911
1.765656
2.191363
2.033641
3.032743
3.221387
2.941468
2.862047
2.788016
2.415968
2.682772
2.436909
1.877809
2.042836
1.954109
2.805840
2.688611
2.928336
3.228849
2.549254
2.514963
3.088240
3.243187
3.253605
3.118698
3.371848
3.861266
3.899276
3.469857
4.095853
3.612592
3.335608
4.287020
3.108504
4.303218
3.773174
3.171279
4.438589
4.251151
3.773174
4.441179
2.928967
2.958378
3.709930
2.958378
4.751823
4.724505
3.551458
3.551458
3.589472
3.765475
3.699499
4.644876
2.973257
2.815337
2.848480
2.440277
2.193121
2.042972
2.310330
2.566385
2.584567
2.584567
2.603355
2.691545
2.193121
3.203419
3.166692
2.510601
3.208762
3.112751
3.446541
3.218837
2.023350
3.744931
3.488292
3.458637
1.979157
4.194335
2.208392
2.254994
2.930959
4.260627
1.923396
3.017848
2.935661
2.951916
2.748309
1.817461
1.791029
1.893367
2.825224
2.747681
1.688771
2.525873
3.230285
3.230285
3.462049
2.303480
3.366249
2.272795
3.353333
2.133980
3.353333
3.088968
2.027592
2.216240
3.230285
2.397727
3.088968
3.162632
3.248560
3.218442
2.057311
2.826464
2.427698
1.425552
1.346717
1.565174
2.851946
3.003669
3.094089
3.183868
2.384582
2.615440
3.691952
3.691952
3.117652
3.101465
3.371848
3.225389
3.541138
2.848730
3.386277
3.386277
3.905313
3.498983
3.905313
4.117262
4.118210
4.093688
4.282869
3.534844
2.591627
2.761199
3.600501
4.278924
2.761199
2.761199
3.376301
2.704257
3.542767
3.108393
3.040841
3.203419
3.118996
2.955300
4.644876
2.440277
3.758322
2.310330
2.386005
2.795408
2.207349
3.747763
2.533586
2.480217
2.512094
2.480217
4.677434
4.725130
4.379304
4.272079
4.892041
2.980121
4.830827
4.596853
4.082176
4.018361
4.408224
3.971343
2.935661
4.111115
4.260627
3.017848
1.893367
2.162584
2.747681
2.549373
2.513360
3.555850
2.656382
2.314404
3.462049
2.397727
3.536758
3.506362
1.490636
1.545374
2.052367
1.858107
1.897102
2.152825
3.092020
3.251239
2.163858
1.963449
2.057311
2.826464
2.033641
1.940563
1.380232
2.036861
1.974552
2.663080
2.559783
3.010624
2.560849
3.007646
2.837395
2.848745
2.904934
2.952641
3.135639
2.702577
2.695649
3.069531
2.670567
3.199932
3.325985
3.117652
3.704271
2.889401
2.733650
3.022293
3.192797
3.278537
3.359044
3.443224
3.490755
3.015794
3.233032
3.116668
3.691952
3.912505
3.168800
3.905313
2.461645
4.103734
3.011783
4.093688
4.117262
3.498983
3.773174
2.580304
2.461645
3.684454
3.541138
3.773174
2.442301
2.072133
4.279630
3.755321
4.448654
4.615007
4.569616
3.042753
3.645075
3.645075
4.569616
4.597327
4.700526
1.930885
1.999272
4.644876
2.687645
2.310330
2.795408
2.207349
2.386005
2.291268
3.260106
3.198464
3.747763
1.903957
4.840719
3.700177
4.562809
3.388343
3.388343
4.260627
4.379304
4.706336
4.562809
4.725130
3.087106
4.111115
4.043336
1.817461
2.860449
3.462049
3.068398
2.427698
3.506362
2.656391
2.826464
2.676616
2.576355
2.345307
1.723167
2.036861
2.772376
2.804523
2.925510
3.010624
3.163382
2.988349
2.884344
2.405296
2.475908
3.287308
2.726252
2.695975
2.799203
2.969863
2.526871
2.644140
2.544912
3.683831
2.474281
3.022293
3.093995
3.499953
3.691073
3.330833
3.922380
3.704271
3.922380
3.912505
2.803694
4.271707
4.093688
3.804262
2.442301
3.314949
3.231171
2.682348
4.496060
2.725000
2.878396
2.876079
2.810649
4.600324
3.585615
3.713987
3.576623
3.518653
3.511785
3.503484
2.973257
3.511785
3.589472
3.576623
3.887090
3.836113
3.810385
3.858297
3.950455
2.579966
2.440277
3.140335
2.100931
2.566385
2.739874
2.886687
3.210733
3.849973
1.938265
2.091529
2.291268
2.651658
3.700177
4.443162
4.468373
4.725130
4.720768
4.677434
3.218837
4.703012
1.975300
1.888992
3.941907
3.777132
4.501385
4.408224
4.141578
2.909242
4.204355
1.923396
3.667435
4.410884
3.736382
3.454837
3.542351
4.204355
3.971343
4.111115
4.111115
3.749825
1.889709
3.303833
3.004791
2.992709
2.093518
3.555850
3.351112
3.686258
2.868655
3.403173
2.059762
3.655172
1.646145
2.576355
2.656391
3.218442
2.776034
1.858107
1.897102
1.953556
2.374322
1.401194
2.656391
1.357899
1.352265
2.761218
2.614841
1.782744
1.952292
2.480324
2.896426
2.493685
3.035191
3.227226
3.046659
3.135639
3.183868
2.871044
3.035214
3.407604
2.526871
3.317447
3.144587
3.001422
2.780521
3.490755
3.330833
3.000495
3.345570
2.833692
3.531357
3.482805
3.748162
3.443455
3.316763
2.519605
3.231171
2.725000
3.610664
2.744273
3.489148
2.958378
3.670737
3.042753
4.597327
4.534958
2.878396
4.597327
3.843439
3.847489
3.130975
2.447663
2.123553
2.237333
2.193121
3.685785
2.237333
2.330492
3.856599
3.747763
2.673785
2.504328
2.763316
2.579966
2.169112
2.504328
2.504328
4.651436
4.708817
4.373532
3.916406
4.037270
3.898566
4.076244
2.977371
4.712767
1.988338
4.712767
4.712767
4.815536
4.578884
4.503743
3.534549
4.573836
4.578884
3.879714
3.667435
3.777132
3.233934
4.066896
3.909304
3.736382
3.454837
4.332520
1.952038
1.889709
3.749825
3.241925
2.027648
3.583066
3.168293
2.992709
2.608428
2.860449
2.996368
2.860449
2.771395
1.603768
2.303231
2.240190
2.239292
3.481776
3.481776
3.182688
2.625227
2.242402
3.360819
2.776034
3.130002
2.912666
2.868655
1.415070
3.004773
2.685320
2.280156
2.751185
2.748849
2.714862
3.025764
2.706249
2.562791
2.852320
2.387207
2.969863
2.969863
3.248617
3.093995
3.035214
3.241580
3.691073
3.225389
3.492863
3.443455
3.241580
3.878381
2.885324
4.103734
4.103734
3.568275
4.130677
4.103734
3.568275
3.442744
2.095184
2.337475
2.577073
2.420093
4.271707
4.074284
4.062255
3.134611
2.113172
3.672518
3.672518
4.521641
4.275958
3.276665
3.231171
2.025762
3.503449
3.503449
3.497062
3.661037
2.725000
2.888734
2.878396
3.529321
4.500776
3.583850
3.794312
1.990272
3.043348
3.130975
2.057257
3.130975
2.447663
3.271491
2.237333
2.913326
3.747763
2.392984
2.763316
4.014356
4.014356
2.635383
4.225198
3.391977
4.592694
4.236601
1.908173
4.881097
4.032669
4.786931
3.192861
4.532814
4.675564
1.952038
1.980613
4.501385
3.542351
2.832602
2.832602
2.728950
2.930959
2.679224
4.066896
1.774465
3.583066
3.113082
2.674384
3.432838
3.241925
2.798967
3.436666
2.625227
2.154325
2.242402
2.216910
3.481776
2.455155
1.487581
2.154325
3.655172
3.403173
3.239159
2.996368
2.881316
2.513410
2.355682
2.147335
2.657512
1.840756
2.154325
2.657512
1.953556
1.962630
2.216578
1.963349
2.370667
2.223414
2.370667
1.283685
1.283685
1.870978
1.870978
1.399648
1.574924
1.477645
1.313169
2.068879
2.666505
2.794814
2.638689
2.855149
2.805840
2.837069
2.835267
2.972386
3.085181
2.635323
2.622373
2.871044
3.274050
3.683831
3.317447
3.100439
3.492863
3.291308
2.500385
2.462003
2.459560
3.248617
3.324265
3.232285
2.670231
2.758852
3.922380
3.531357
3.568275
4.103734
2.632998
4.217134
3.276665
4.378386
4.448654
3.836113
2.786013
2.955300
3.057667
3.887090
3.835436
2.823729
2.909682
3.918379
2.046428
2.612063
2.096387
4.014356
2.627585
2.504328
2.561018
1.977986
1.984304
2.201693
2.169112
4.620687
4.466224
2.308415
2.308415
4.840719
4.443162
2.737593
3.259566
3.517692
2.085948
4.385372
4.573836
2.977371
3.035249
1.952038
4.675564
4.439227
3.950221
3.436666
2.832602
3.583066
3.352933
1.832882
3.273176
2.996368
2.996368
2.818006
2.868655
3.097892
2.748849
3.066143
2.307914
2.528817
1.792007
2.024834
2.623725
2.563941
2.948799
2.894517
3.083136
3.035191
2.976799
3.195742
3.020253
2.919391
2.544806
2.849824
3.192797
3.045539
3.288367
3.144587
3.148949
3.050888
3.274050
3.873156
3.267409
3.291308
2.458848
3.376828
3.886053
3.873156
4.075088
4.075088
4.075088
3.443455
3.443455
3.528659
4.215485
2.458848
2.541749
2.632998
4.126800
3.134611
2.632998
3.610664
4.402866
2.744273
3.505394
2.788957
3.890380
3.847952
4.333936
3.518653
3.503449
4.377264
4.415123
2.798851
2.708104
2.899251
3.043348
2.933229
2.955300
3.094356
3.130975
3.747355
3.918379
4.051519
2.509586
2.464768
4.262892
3.766194
3.766194
2.319443
2.276660
3.559052
3.583943
3.349070
4.651436
2.600987
2.438153
3.446541
2.688420
3.723812
3.125603
2.453951
2.600987
2.845852
2.763316
2.420912
2.935508
2.599426
4.501385
4.079557
4.503743
4.084217
4.000203
2.026310
3.785919
3.882502
3.856308
3.663863
3.273176
3.053874
2.387052
2.478627
2.041595
2.904847
2.085240
1.677090
2.841508
2.694709
2.439356
1.805831
1.840756
1.852591
1.782744
2.006274
1.991944
1.721083
1.867793
1.859814
2.017120
1.296724
1.947754
2.070530
2.238513
1.772798
1.772798
1.752013
2.744902
2.805569
2.804523
2.794425
3.135329
2.791004
2.774319
3.326609
2.705479
2.706249
2.443838
2.544912
3.317447
3.288367
3.258742
3.258742
2.551131
3.478763
3.478763
3.492863
3.360370
2.604413
3.403640
3.873156
3.670051
3.469600
4.075088
2.242524
3.648983
3.469600
4.069263
2.360454
2.295923
2.360454
4.062255
4.219548
4.215485
2.541749
4.134889
4.210544
2.744273
2.643006
3.687663
1.938408
2.744273
4.333132
2.744273
3.276665
1.902599
1.864701
2.788957
3.465158
3.540188
3.798516
3.585615
4.415123
2.809242
3.829604
4.051519
2.773628
2.695370
3.936415
4.871473
4.555534
4.321708
4.323258
2.509586
2.254750
4.094139
3.748421
3.748421
2.453951
4.420651
4.726880
2.453951
2.704019
2.301899
2.478436
2.737593
2.737593
3.192861
3.101536
3.101536
2.600131
4.532814
2.845852
2.464166
2.053637
2.599426
4.424239
4.421288
1.830059
3.657428
4.079557
3.856926
4.129767
4.184351
2.651802
1.617019
3.943882
3.607180
2.760135
2.570591
2.596745
3.514956
3.600880
3.483511
3.179720
3.201354
3.179720
3.179720
3.179720
2.268629
2.387052
3.053874
2.085240
2.085240
2.096781
2.041595
1.840756
2.818006
1.812260
2.954265
2.900032
2.963351
2.993982
1.357899
1.760055
1.662196
1.702688
1.800813
1.563706
1.412346
1.406060
2.852488
2.852320
3.125495
3.014226
3.014226
3.188626
3.250262
2.938346
2.705479
3.326609
2.785385
2.593473
2.608781
2.644140
3.270686
3.473076
3.839487
3.544600
4.014510
2.941629
4.126403
2.583828
3.721280
3.764399
3.608393
2.656795
3.595662
3.543496
4.541539
1.833396
3.624161
3.076281
2.717540
3.595662
3.536175
3.846737
3.786941
2.922470
2.888734
2.823729
4.415123
3.055482
3.903217
3.853393
3.017231
3.057667
2.933229
3.968613
4.084108
2.012264
2.096387
2.201693
3.349070
4.736572
2.096387
2.364590
2.393918
3.330776
2.301899
2.599426
2.600131
3.101536
3.259566
4.522943
4.191745
3.035249
2.053637
2.451733
4.210328
2.082507
4.244678
4.005986
4.250970
2.832602
3.408975
3.352933
3.663863
1.468418
1.608790
2.259926
1.454337
3.119936
3.119936
3.106075
3.241974
2.904847
1.728513
3.179720
1.798809
2.139352
1.796223
1.783396
1.734714
1.760055
1.252222
2.307914
2.044448
1.991944
2.151765
2.801784
2.976799
2.705904
2.628526
2.969712
3.092047
2.558430
3.044720
2.967052
3.188626
2.705780
3.167054
3.158211
3.050888
3.100439
2.533975
2.593473
3.645943
3.636894
3.403640
3.461690
3.825283
3.570287
3.552180
3.627248
3.640722
3.810858
3.465158
3.659187
3.559147
3.504813
4.378386
3.846737
3.846737
3.404220
3.610016
2.821622
2.809242
3.893482
3.887090
4.281142
2.615083
2.823729
2.866350
2.385233
2.695370
4.373532
1.945788
4.491745
3.766194
2.157396
3.517692
2.217536
2.280718
2.280718
2.134232
2.364590
2.301899
2.044370
2.280718
4.256162
3.330776
3.259566
1.829851
2.503305
2.403630
2.293253
2.502294
4.227435
4.227435
2.464166
3.950221
1.977571
4.147266
3.941799
2.349995
3.735770
3.335392
2.462247
3.257208
3.153488
3.354996
3.051520
3.102163
3.051520
3.051520
2.268629
2.085240
1.735420
1.820673
3.102163
3.052147
2.573908
1.662932
1.550759
2.598116
1.694695
1.631104
1.793264
1.873497
1.296724
1.698097
1.630226
1.630226
1.612285
1.541042
1.805007
1.672054
1.786676
2.664119
2.956112
2.870600
2.969712
2.948732
2.270936
3.278380
2.475908
2.214527
2.558430
2.947126
3.125495
3.133321
2.785385
3.473076
3.645943
3.050888
3.267409
3.267409
3.275341
3.381772
3.461690
3.270686
3.624190
3.458497
2.807261
2.941629
2.568815
2.496444
4.126403
4.128911
3.204876
1.940432
3.365077
3.655160
3.526956
3.000846
3.000846
3.404220
3.517846
4.115844
4.281142
2.901007
1.856868
2.946301
3.017231
2.483514
4.009849
4.494948
4.092089
1.955173
4.467659
4.323258
4.402689
4.577605
4.360520
4.584634
1.955525
3.985637
2.157396
2.272552
4.371847
4.085154
4.085154
2.371946
2.272552
3.873183
3.818106
4.085154
3.335392
3.632787
4.044751
2.909242
3.735770
2.909242
2.273254
2.741828
2.371946
3.997588
3.950221
2.023221
3.882502
3.639149
2.596745
2.659432
3.072781
3.072781
3.452885
3.483511
2.358995
2.358995
3.184691
3.361989
1.608702
2.748532
2.329643
1.901773
2.009354
2.598116
2.489779
1.661986
1.630226
1.886670
1.618023
1.630226
1.192300
1.207925
2.695670
2.684188
2.628526
2.878969
2.849824
2.668366
2.637212
2.565286
2.544912
2.363670
2.443838
2.590071
2.682224
2.916223
3.381875
3.460802
3.360446
2.391277
2.604413
3.825283
2.606886
2.490403
3.769344
3.825283
3.839487
3.915899
2.398881
3.381875
3.920364
4.027569
4.129022
2.890247
2.989620
3.554257
1.969283
2.658320
2.583828
2.740946
2.658320
4.168243
4.153749
4.355153
4.289451
3.605061
3.835060
2.819734
4.281142
3.893482
1.877148
2.428542
4.323258
2.312724
4.186635
2.012264
4.092089
2.312724
4.347989
4.494948
4.333189
4.360520
2.442698
2.012264
2.223713
2.157396
1.798899
4.369260
4.307078
3.953897
3.913226
3.946215
2.244007
3.914392
2.909242
2.244007
2.244007
2.349995
2.832602
3.849973
3.812960
3.914392
1.945198
1.901358
3.408975
3.354996
2.740439
2.811602
2.811602
2.009354
1.623341
2.596792
2.720304
1.753172
1.901773
1.618023
1.586794
1.195729
1.840225
1.542909
1.830417
1.743746
1.880017
2.838764
2.913144
2.872255
2.644830
2.589455
2.627791
2.861790
2.684188
2.830806
2.430359
2.540895
2.540895
3.167054
2.816293
2.486181
3.158211
3.034383
2.886179
2.672437
3.270686
3.025377
3.133316
2.847120
2.737751
3.050888
3.433846
3.303973
3.471236
3.226891
3.416909
3.373933
3.594873
3.645943
4.008494
2.851583
3.473006
2.126692
3.632555
3.610016
3.595662
4.256584
2.765471
4.085614
3.782384
2.560853
2.809242
3.404220
3.884578
3.893482
2.866350
2.897942
4.186635
4.323258
2.045859
2.134049
2.153410
2.051726
4.141099
1.833116
3.976507
2.272552
2.161365
3.767186
4.085154
1.875919
2.111993
2.153724
2.203246
1.645110
3.735770
4.005986
3.724998
3.457603
3.767186
3.536139
3.032218
3.469311
3.285934
3.717377
2.612802
3.367236
1.619464
1.554999
2.619307
2.619307
1.437624
2.499857
2.205907
1.931013
2.658239
2.927003
3.185380
2.187160
3.108143
3.093653
2.637212
3.188626
2.886179
2.272514
2.331480
3.109711
3.188626
3.009952
2.815551
2.849659
3.025377
2.849659
3.253140
3.360446
2.533975
2.818597
2.818597
2.390189
3.585965
2.366191
2.647342
3.381772
3.839487
3.769344
2.568815
3.481813
3.290540
2.152332
2.478106
3.411339
3.556459
3.915899
4.024014
3.832814
3.920364
2.139226
1.969283
3.550276
3.649417
3.623196
2.451384
3.517846
3.666496
3.541465
2.699849
3.404220
3.448637
3.406133
1.898285
2.809304
2.809304
2.866350
2.594961
4.402689
4.333189
2.041501
2.041501
1.936717
2.038461
2.153724
2.103379
2.217536
1.926452
2.073038
3.976507
3.818106
2.073038
2.073038
3.032218
3.767186
2.233214
2.135137
3.125937
3.524968
3.792167
3.704855
3.536139
3.285934
3.457323
2.111993
3.397103
2.728228
2.822321
3.352449
2.822321
3.541426
2.111993
3.304568
3.304568
3.354996
3.184691
3.096847
3.051520
2.612802
2.585412
2.599881
2.355521
1.316441
1.223994
1.295300
2.089719
1.192300
1.796223
1.628101
2.099974
1.542909
1.304690
1.455102
1.528229
1.861773
2.788516
2.776268
2.939748
2.818972
3.013493
3.082503
2.566841
3.046903
3.290540
3.253140
2.837534
2.637212
3.261313
3.108143
3.093653
2.676062
3.226891
2.734346
2.555604
3.411339
3.594873
3.773825
3.481813
3.556459
3.419897
3.419897
3.566851
4.024014
3.429291
3.508476
4.048354
2.890247
3.596872
3.595601
3.703906
3.835060
4.023223
4.153749
2.613462
2.599987
2.655999
2.453366
1.904635
1.941765
3.886732
3.884578
2.837528
2.615083
2.724204
2.390095
2.711937
4.350968
2.224343
3.976507
2.051726
3.307903
3.386517
1.921252
1.787730
2.051195
2.051726
4.147266
3.307903
3.307903
1.609739
1.648240
2.047572
3.373818
3.032218
3.457323
1.559146
2.036978
3.020184
3.378083
3.366087
3.457603
1.875919
2.939129
3.203011
2.203246
2.111993
3.397103
3.587631
2.036978
2.864173
2.728228
2.728228
2.822321
2.649325
3.365676
1.768695
2.892906
2.811672
2.699721
2.105263
2.229141
2.369396
1.714925
1.968140
1.800798
2.865870
2.861615
2.728373
3.166183
3.054401
2.927217
3.176884
2.385236
3.290540
2.685974
2.392407
2.551131
3.433846
3.537827
3.594873
3.600535
3.531693
2.477887
3.409146
3.773825
2.485081
2.273299
2.386837
2.398881
3.469182
3.560808
3.478766
2.333575
2.655999
3.666496
3.690768
3.832814
3.442922
3.623196
3.970013
4.168243
3.200574
2.453366
2.704115
3.926407
1.743248
2.901142
2.901142
4.333189
2.332033
2.205464
1.936717
1.894489
1.926452
1.975809
3.724998
3.976507
3.678608
3.033655
3.307903
3.185611
1.789248
1.861203
3.792167
3.792167
3.294485
3.333091
3.266174
2.583664
2.805352
2.952647
3.074619
3.524968
3.184691
2.840783
3.056612
1.984384
2.985614
3.227873
2.840783
2.985614
1.768695
2.479912
2.612802
2.735872
1.448536
1.418677
2.724713
2.413074
2.328875
1.262350
1.557301
2.029763
2.120698
1.825420
1.928150
1.802229
2.018799
1.714925
1.165599
1.455102
1.374370
2.301902
2.929330
2.753683
2.753922
2.692526
3.176884
2.852654
2.385236
3.166183
3.029036
2.722388
2.668041
3.268419
3.203422
2.177993
2.381119
3.088491
3.378363
2.392407
2.478312
2.469498
3.150937
3.471236
3.176884
3.409146
3.299688
3.594873
3.714903
3.470412
3.409146
3.478766
3.572148
3.356336
3.481813
3.596872
3.672021
3.690768
3.307144
3.548251
3.418375
3.378748
3.630857
2.451384
3.161623
2.451384
3.448637
3.200574
3.200574
3.200574
3.978771
3.207175
4.221653
3.884578
3.886732
3.884578
3.374102
2.726641
2.628399
2.940110
4.350968
2.940110
4.360520
2.940110
1.757118
1.979336
1.757904
1.873282
3.616677
1.588410
2.820664
3.108472
1.856823
2.952647
1.807820
2.332084
2.447951
2.735872
1.787713
2.610583
2.916377
2.697729
2.805203
2.545989
2.829427
2.926103
1.623341
1.298888
1.751916
1.083468
1.775097
2.816686
2.493376
2.739602
2.826394
2.929330
2.199840
3.092491
2.733072
2.900750
2.865870
3.203422
3.203422
2.284265
2.844001
3.027590
3.022828
3.176884
3.230534
3.361582
3.049024
3.376074
3.381772
3.130177
3.531693
3.376074
3.467902
3.700840
3.818434
3.728975
2.155416
3.714903
3.599395
3.857613
3.818434
3.336566
3.572148
2.599987
2.400893
3.668645
3.582492
3.478766
3.370681
3.261362
3.261362
3.378748
3.161623
2.843602
2.722399
3.365077
3.299375
2.316855
3.782384
3.207175
4.113658
3.995607
2.905235
3.207175
3.426836
3.414183
2.295731
3.426836
3.333806
1.903780
2.314530
2.162854
2.519830
2.419710
2.298832
2.312724
2.808329
2.628399
2.711937
2.885117
2.808329
2.940110
3.386517
3.521786
2.012644
2.012644
3.521786
3.137982
3.985637
4.256162
3.386517
1.884253
3.181558
3.373818
1.861203
3.164863
3.137982
1.932534
1.714246
2.854929
2.820664
2.924088
3.033655
2.692372
3.185611
1.743746
1.675893
1.932534
1.856823
2.793068
2.805203
1.856823
2.583664
3.036930
3.160370
2.287111
2.447951
2.161507
2.390661
1.754367
2.161507
2.287111
2.132284
1.856823
2.431336
1.631456
2.332084
2.244888
2.156168
2.106799
1.165599
1.470362
1.557678
1.752760
1.810521
1.811388
2.785485
2.929005
2.878340
2.826394
2.311850
2.286513
2.731503
2.621744
2.564840
2.715819
3.299688
3.109711
3.149452
3.123271
2.376715
3.149366
2.461354
3.334115
3.470412
3.698094
3.714903
2.155416
3.466478
3.714903
3.748548
3.846303
3.755868
3.307144
3.478618
3.561872
3.561872
3.442922
3.579590
2.485081
2.082311
3.177269
3.105041
1.982505
2.112846
3.672021
3.458246
3.857910
3.105041
3.748555
3.826061
2.699849
3.791389
3.748555
3.390026
2.031254
2.397618
2.295731
1.917628
3.031741
3.207175
3.886732
2.037129
1.900554
2.999476
2.841043
2.915092
2.915092
2.605381
1.880073
2.772431
2.849251
2.808329
2.099915
1.726475
3.286985
3.286985
3.286985
1.861203
2.924088
2.982917
1.979336
1.643998
3.125947
3.339589
1.559146
1.588410
1.826317
1.944656
1.467943
2.693203
2.708589
2.287111
2.447951
2.153075
1.787713
2.479912
2.456938
1.694950
1.557301
2.363900
2.429063
2.363900
2.355521
2.231204
1.222503
1.607730
1.624543
1.146961
2.643042
2.739602
2.776268
2.692637
2.763277
2.692637
2.683236
2.878659
2.833547
2.199840
3.288112
3.092491
2.284265
2.599309
2.378484
2.381119
2.435378
3.249105
3.364121
3.179437
2.477887
2.392194
3.748548
3.396660
3.419897
3.059480
2.573108
3.467666
2.001755
2.530340
3.522745
2.795276
3.857613
3.232891
3.923908
3.378748
3.105041
3.913349
2.557179
3.826061
3.733702
3.004098
2.201305
2.333575
2.722399
3.858021
3.126349
3.036788
2.939367
3.342299
3.394401
3.888432
2.397618
2.759365
3.356384
2.495131
2.999476
2.227113
2.390095
2.078902
2.915092
2.915092
2.628399
2.774068
2.518373
2.628399
2.598011
1.807467
2.578876
2.954568
3.551037
3.474124
3.474124
3.521786
3.401424
3.159386
1.979336
1.710452
1.873282
3.197750
2.982917
3.077990
3.137982
2.744740
3.272618
3.097703
1.944656
2.390661
1.705347
2.693203
2.735470
2.863607
2.342477
2.590698
1.740773
1.956417
1.661562
2.342477
2.460847
2.322490
1.744461
1.880118
1.358914
1.700228
1.748574
1.748574
1.600393
2.731348
3.047982
2.919946
3.103873
2.956253
3.123271
3.162627
3.288112
3.230206
3.308926
3.338931
3.234908
3.234908
3.364121
3.470412
2.218105
2.462504
2.366191
3.630211
3.630211
3.544314
3.698094
2.360902
3.546983
3.582492
3.487959
3.638725
3.522745
3.748548
3.755868
3.387974
3.341417
3.755868
3.418375
2.899978
2.956071
3.582362
3.161623
3.702112
3.788496
3.370681
3.913349
3.788496
2.722399
3.816546
2.798571
3.826061
2.565300
3.826061
3.868205
3.868205
3.818193
3.292446
2.999476
2.999476
2.176079
2.176079
2.206120
2.037129
2.519830
2.605381
2.524378
1.994624
2.683201
2.598011
2.603071
2.772431
3.640826
2.598011
2.940110
3.474124
3.551037
2.099915
2.041501
3.356548
3.197750
2.513332
1.710452
3.205244
1.705347
3.185611
1.750533
2.208052
2.161507
2.428138
2.548003
2.534358
2.534358
1.801126
1.679231
1.744461
2.198302
2.363900
2.363900
2.000488
1.049337
1.305663
1.458787
1.690591
1.600393
1.748574
2.703849
2.411519
2.918968
2.493376
2.869956
2.827567
3.033943
2.667034
2.823290
2.775013
2.785419
2.981443
2.785419
2.185911
2.878258
2.813362
2.903632
2.437820
3.000715
3.237128
2.301512
3.249105
3.308926
3.308926
3.049024
3.234908
3.293681
3.288112
3.474017
3.388040
2.360902
2.379874
2.270549
2.778780
2.288689
3.582492
3.471851
3.579590
3.638725
3.249809
2.573108
3.729031
3.016755
2.824950
3.577518
3.684561
3.761776
3.788496
2.643661
3.753413
3.788496
3.808511
3.802752
3.736025
3.299375
2.065916
3.718929
3.786740
3.786740
3.816546
2.738279
1.948326
2.939367
2.738279
3.790554
3.868205
3.031741
2.031254
3.730646
3.894006
2.259389
2.206120
2.045978
2.267370
2.717892
2.732887
2.628399
2.102398
2.711937
2.774068
2.876272
2.806662
2.578876
2.954568
3.640826
2.578876
3.381798
2.884932
2.819019
3.551037
3.495059
3.174587
2.927576
3.495059
3.401424
3.197750
3.297208
3.401424
2.985046
3.105380
3.105380
1.630802
2.982917
3.071599
1.643998
1.661562
1.593930
1.661562
1.527270
2.225011
2.091952
1.661562
2.106799
1.579173
2.208789
2.342477
1.661562
1.652284
2.024136
1.770972
1.659457
2.018799
1.104115
2.000488
1.686413
1.690922
1.374079
2.723391
2.900048
2.599783
2.717620
3.026525
2.797356
3.231874
2.277639
2.501536
3.027826
3.065298
2.938156
2.956614
3.103873
3.365354
3.157565
3.338931
3.388040
2.136996
3.336566
2.898858
3.150698
2.360902
3.471851
3.404630
3.556781
3.326864
3.305116
3.094744
2.800411
2.800411
3.802752
3.841449
3.464850
3.786740
3.790554
3.764338
3.818193
3.364378
3.342299
2.811997
3.766718
2.102398
2.381052
2.602938
1.911604
2.404437
2.716755
2.774068
1.939411
1.779571
2.518373
1.981727
2.105627
2.786539
2.598011
2.598011
3.402238
3.381798
3.300752
2.562094
1.721879
2.903455
3.241452
2.873896
2.927576
3.127486
2.562094
2.373191
3.298923
3.061431
3.127486
3.289299
2.248896
2.913292
2.873624
2.445215
2.229288
2.744740
1.889758
1.593930
1.832722
1.801126
2.560550
1.579173
2.029738
2.018858
2.343992
1.885425
2.024136
1.679231
2.366719
1.766769
1.419458
1.348022
1.695931
1.644616
1.587615
1.520415
2.766316
2.918968
2.258455
2.834200
2.820102
2.828954
2.165522
2.989508
2.690032
2.915083
3.270390
2.287582
2.956614
2.985664
2.254967
3.231874
3.113751
2.944992
2.910856
2.218105
3.388040
3.308356
3.065997
3.338931
2.833587
3.544314
3.532197
2.212842
3.497695
3.497695
3.684561
2.360296
3.728663
3.667483
3.579590
3.702112
2.928111
2.697793
2.863853
3.393059
3.718929
3.744892
3.727799
3.004098
2.568335
2.863853
3.786740
2.855720
2.134092
3.036788
3.742440
3.786740
2.178291
2.257133
2.614353
2.811997
3.301183
2.580326
2.923964
2.798614
2.732887
2.267370
2.716755
2.045978
2.137061
2.415825
2.683201
2.954568
2.876272
2.640954
3.425404
2.598011
2.398291
2.760219
3.241452
2.927576
3.425404
2.560358
2.764276
3.241452
1.939030
2.508845
2.982917
2.552041
2.450777
2.513332
2.370327
2.389270
2.251797
1.601840
1.502268
2.248896
2.445215
1.445671
1.579173
1.536056
2.530574
2.059599
2.068766
1.912516
2.377802
1.395554
2.163778
2.373010
2.431336
1.495403
2.366719
2.010512
1.534773
1.495403
1.235364
2.010512
1.606827
1.606827
1.659832
1.719038
1.719038
1.838646
1.657019
1.566035
1.401978
1.328509
2.840419
2.405646
2.287679
2.615050
2.165522
2.165522
2.910944
2.755724
2.165522
3.027826
2.986658
3.167069
2.778212
2.087273
3.027826
3.231874
3.065997
2.944992
2.838728
3.093583
3.215320
3.215320
3.365354
3.105411
3.375257
3.361373
3.404630
2.667632
2.412553
3.466111
3.484375
2.697793
2.591966
3.478618
3.466648
3.306259
2.202217
2.212842
2.333575
3.728663
3.546568
2.886547
3.260509
3.753450
2.654056
2.855720
2.065916
3.714957
3.786740
2.906004
2.108713
2.999476
2.249352
3.301183
3.301183
2.652334
2.259389
2.740641
2.774068
2.602938
2.006872
1.981727
2.279820
2.135057
2.381052
2.640954
2.399429
1.946943
2.569096
1.986677
2.928818
3.402238
3.150903
1.689424
1.681719
3.012505
2.672610
3.299771
3.241452
2.418114
1.829213
1.962433
3.300752
2.933380
1.689424
3.200195
2.771190
3.195255
2.552041
1.890366
2.508845
2.610164
2.229288
2.371261
2.473340
1.720709
1.832722
1.572682
2.490547
2.414417
2.294075
2.090988
1.365684
1.415107
2.540163
2.455423
2.437476
1.659832
1.481415
1.124389
1.295553
1.333133
1.393835
1.489756
2.864057
2.693067
2.800836
2.751289
2.826058
2.662929
2.934555
2.878258
2.854131
2.671407
2.008953
2.008953
3.231874
2.910856
2.943056
3.154196
2.107684
2.000862
1.932330
3.466111
2.737795
2.226162
1.968879
2.545906
3.413533
3.667483
2.697793
3.684561
3.556509
2.824950
2.596645
3.400965
2.837758
2.680810
2.079551
2.855720
2.654056
3.652515
3.887774
3.744892
2.178291
3.811380
2.091837
2.163363
3.701111
3.766718
2.417137
3.301183
2.841043
2.717892
2.116347
2.516502
2.537077
2.537077
2.409019
2.602938
2.810500
2.520788
2.389815
2.569096
2.556432
2.980420
3.041043
3.381798
2.230084
2.980420
3.053042
2.985046
2.807326
2.718328
2.764276
2.398506
2.331202
2.642892
3.015831
1.612102
2.320699
2.373191
2.667382
2.248896
2.613953
2.501395
2.409230
2.577525
2.119441
2.186067
2.610164
2.270759
2.229288
1.689952
1.445671
2.216092
2.068766
1.925560
1.445671
1.283805
1.938142
1.769882
2.407135
1.503562
1.710411
1.824531
1.659832
1.419458
1.029878
1.366673
1.739954
1.695931
1.622886
0.974341
1.170971
2.676779
2.852872
2.774745
2.828549
2.721275
2.158041
2.607767
2.334562
2.166188
2.584569
2.742729
2.775013
2.158868
2.813125
2.287582
2.940231
3.000715
2.301420
2.200623
3.167069
3.018957
3.018957
2.993987
2.717535
2.455765
3.164044
3.426176
2.408024
2.252358
3.097024
3.058973
3.426176
3.517565
2.667632
2.602293
2.246596
3.270615
2.441150
2.532275
2.573108
3.276524
3.497695
3.413533
3.556509
3.546568
2.596645
3.641331
3.658283
3.728663
3.658283
3.484375
3.625491
3.819393
3.710304
2.050439
3.227562
3.133699
2.226455
2.108713
3.680673
2.811997
3.291217
1.940370
2.580326
2.798614
2.059193
2.580326
2.091837
2.341465
2.854726
2.583035
2.486723
2.667273
2.602983
1.969600
1.922299
2.831317
2.389815
2.239688
2.087720
3.150903
1.799680
2.917355
3.038061
2.212647
2.342078
2.436212
2.484569
2.171236
2.403806
2.548038
2.714193
2.617951
2.206253
2.091015
2.091015
1.422467
2.041277
2.163778
2.091015
2.059084
1.396635
1.827065
1.938142
1.673119
1.283805
1.662713
1.415107
0.974341
1.536440
1.545341
1.087873
1.327335
1.241425
1.267579
1.400957
0.979825
2.831480
2.775443
3.049440
2.904168
2.780735
2.334562
2.209310
2.236226
2.133566
2.671407
2.793190
3.036651
2.895408
2.087273
3.058973
2.982521
2.793190
2.993987
2.940231
2.915699
2.944992
3.018957
2.583743
2.982521
3.167069
2.758332
3.300680
3.300680
3.308356
2.758332
3.008801
2.408024
3.269612
3.269612
2.650696
3.360441
3.466111
3.353611
2.772188
3.484375
3.544314
2.824950
2.545906
3.553527
2.680810
2.428092
3.628249
2.515594
3.625491
3.736025
2.201305
3.651604
2.192838
2.527275
3.751140
3.260237
3.553568
3.100090
2.345943
2.614353
3.031741
2.811997
3.209708
3.769528
2.798614
2.690391
3.399053
2.717892
1.969600
2.779236
2.549724
2.928818
2.520788
2.019212
1.870075
1.873085
2.932503
3.161714
3.132764
3.402238
1.989421
2.384354
2.384354
2.843768
1.849721
2.049950
1.612102
2.772606
1.788343
1.788343
2.784111
2.476094
2.439127
1.580755
2.091015
1.473875
1.834036
1.925115
1.925115
1.797564
2.159608
2.460847
1.845178
1.929656
2.187524
1.360648
1.360648
1.735443
1.298517
1.536440
1.433075
1.622886
1.211754
1.294855
1.072308
1.366673
1.764950
1.216051
2.691246
2.687010
2.909482
2.728673
2.689691
2.562054
2.685254
3.049440
2.678912
3.064583
2.993987
2.659407
3.031309
2.915699
2.848777
2.567692
2.848570
3.300680
2.678577
3.426176
3.466111
1.991167
2.530918
3.315341
3.247819
3.209070
3.315341
3.484375
3.394503
3.446167
3.562272
3.556509
2.370424
3.527052
2.079551
2.680810
2.568335
2.515594
3.199147
3.625491
2.129636
2.219812
3.751140
2.654056
1.906043
3.187450
3.241620
3.023559
3.811380
3.751140
2.024869
3.825788
3.594262
3.655152
3.656055
2.380407
3.701111
3.301183
1.977022
2.338206
1.874462
2.915044
2.826817
2.006872
3.010566
1.868396
2.933380
2.866180
3.032405
1.907822
1.744369
2.782977
1.612102
2.836390
2.555152
2.318287
2.012010
2.033667
1.888188
2.012010
2.617951
2.122722
1.846539
2.041277
2.593899
1.988123
2.522509
1.810858
1.810858
1.934635
2.091921
1.716123
1.925115
2.328450
1.730014
2.187524
2.274284
2.437476
2.187524
2.455423
1.396635
1.746788
2.040569
1.196806
1.145357
1.454956
1.156128
1.650626
1.501417
1.031690
1.164345
1.536440
0.922107
2.737392
2.818193
2.767762
2.222455
2.188874
2.722717
3.086269
2.306269
2.143156
2.870189
2.222455
2.087273
2.222455
2.058591
2.130325
2.848570
1.982643
2.166396
3.093775
2.781048
2.211066
3.225305
1.888244
3.308356
1.890069
2.055889
3.353611
2.463871
2.082210
2.044204
2.598258
2.082210
2.046756
2.545906
2.197086
2.082210
2.090193
3.047004
3.164209
3.452240
2.250176
3.583657
3.583657
2.391179
2.090193
3.146971
3.586918
1.929537
3.357773
3.417668
3.357773
3.259169
3.152063
2.080486
2.284348
3.651604
2.050439
3.398678
3.485623
3.766691
3.707625
2.925961
2.733239
3.133699
2.091837
2.380407
2.380407
3.414893
2.663208
2.652334
2.439021
2.856686
2.343231
2.549724
2.259936
2.507182
2.865942
2.611398
3.036290
3.010566
2.389815
1.831097
2.493220
2.655995
1.920692
2.402565
2.318287
1.731727
2.314825
2.633703
2.761420
2.314825
2.377238
1.756684
1.406002
2.097753
2.059792
1.866575
1.386214
1.259541
2.216092
2.097511
1.675375
1.608997
2.016467
1.283805
1.426523
1.095068
1.253780
1.764950
0.969698
1.344353
1.602238
1.678873
1.047591
1.165268
1.018391
1.085421
0.996771
2.653897
2.743773
2.620417
2.700979
2.849352
2.767762
2.767762
2.870189
2.223235
2.854131
2.962613
2.599013
3.086269
2.848777
2.285185
2.058591
2.792370
2.848570
3.086269
2.792370
2.848570
2.955413
3.133200
3.225305
2.089174
3.360950
3.141793
3.135687
3.460637
3.394503
3.394503
3.460637
2.391179
2.568335
3.707625
3.665070
3.259169
2.038357
3.185981
3.103889
3.707625
3.152063
3.398678
2.544831
2.345943
3.185981
3.196652
3.023559
3.339571
2.925961
3.023559
2.462532
3.595412
2.706098
3.339571
3.367772
2.577886
2.688378
2.338206
2.180556
2.466708
2.945888
2.975658
3.150903
2.760057
2.662420
2.347745
2.931054
1.810594
2.573719
2.912659
2.080472
2.080472
1.639387
2.314825
2.216055
1.961719
1.907323
1.525911
2.620857
2.059792
2.505754
2.135888
2.301134
2.509500
2.135888
1.628216
1.587109
1.739526
1.956754
2.016467
2.274085
2.097511
1.243408
1.675304
1.497163
2.708482
2.576852
2.252409
2.363474
2.883179
2.824663
2.554203
2.508892
2.870189
2.413974
2.334196
2.143156
2.781048
2.781048
2.249495
2.463871
1.848594
3.205647
3.168168
1.813196
3.001943
2.441459
2.955413
2.986920
1.892069
3.324740
3.386670
3.353611
2.545906
2.370424
3.527052
2.053977
3.363225
3.139355
3.527052
3.213881
3.259169
2.038357
3.602376
3.100090
2.828725
2.356343
3.754102
2.149044
2.614353
1.999952
2.361187
3.389627
2.960455
2.558572
2.654038
2.925961
3.577357
1.940370
1.897647
1.999952
2.462532
2.243052
1.933186
2.846538
1.977022
2.870391
2.680300
2.012294
2.975658
2.916469
2.439181
3.051838
3.051838
2.258561
2.455037
2.972033
2.235336
1.848055
2.763539
2.111883
2.314825
1.987921
2.771760
2.378579
1.587268
1.693861
2.671466
1.631698
2.483071
1.834036
1.422467
1.879674
1.863555
1.630549
1.846539
1.741359
1.631698
2.313889
2.221259
2.135888
1.239837
2.274101
1.095537
0.874822
0.928472
1.609899
1.554897
1.554897
1.174427
2.658719
2.577024
2.756514
2.665250
2.824580
2.761215
3.020446
2.904399
2.653067
2.200623
2.768929
1.948419
1.802963
2.029902
2.836612
2.955413
3.205647
3.287713
3.239495
1.974284
1.866553
3.001943
3.064917
2.438204
3.452240
2.545906
2.370424
1.871551
2.943141
3.225935
3.512834
1.909463
3.289085
3.343276
3.030804
3.602376
3.357773
2.981784
1.871333
3.074047
3.289598
2.832437
3.577357
2.239288
3.603222
2.832437
2.792530
3.146630
2.654038
2.206792
2.749469
2.331405
3.411605
2.268197
2.010115
1.977022
2.234919
2.089904
2.949572
2.787290
2.784355
2.992896
3.021966
2.728608
2.839114
3.013208
2.111883
3.017864
3.008803
2.951297
2.124090
2.319170
2.000218
2.082643
1.445777
1.502285
2.089126
2.328450
2.274085
2.164892
1.544441
1.608997
1.782721
2.135888
1.426969
1.418279
1.463563
1.012153
1.243408
1.623720
1.650626
1.048789
0.948691
1.422033
2.587175
2.676779
2.667877
2.810172
2.930002
2.439317
2.159126
2.492024
2.217907
2.317787
2.071006
2.202050
2.990882
1.959110
2.950696
2.723505
1.813196
1.813196
2.532275
3.205647
3.291236
2.378345
2.441459
1.888244
1.758481
3.291236
3.360950
3.375073
2.249524
3.133200
3.291236
1.850489
2.004900
3.276294
1.788972
1.850489
3.467164
2.331686
2.250176
2.192838
1.871551
2.058799
3.391653
3.314272
2.129256
2.956082
3.249950
3.363225
3.391653
3.561792
2.472559
2.981784
3.520263
3.467164
3.611624
2.273085
2.472559
2.239288
2.429480
1.871333
2.429392
2.472888
3.707938
2.614353
2.628655
2.531752
2.290671
1.829198
2.005275
2.723538
2.749469
2.481435
2.116773
2.143785
2.673491
2.084178
2.514138
2.360679
2.268197
2.821786
2.750923
1.986063
2.526563
2.268197
2.976097
1.867649
1.991682
2.557966
2.528784
2.894731
2.951297
3.008803
3.008803
2.959526
2.813389
2.608210
2.378579
1.863555
2.150691
1.792304
2.573734
1.445777
1.415954
1.295667
1.917768
2.114604
2.163129
1.723404
1.337166
1.376703
1.541741
1.609899
1.577596
1.205605
1.047591
2.718050
2.904399
2.982524
2.692986
2.519144
2.166069
2.706758
2.138935
2.685853
3.154039
2.370365
2.106855
2.106855
3.154039
2.317787
2.950696
3.229071
3.270799
3.375073
2.108519
2.428092
3.160624
3.160624
2.129256
2.395005
1.881309
3.496893
3.418636
3.308753
3.279056
3.249950
3.561792
3.472128
3.308753
1.881309
2.170757
3.357773
3.052299
1.816884
2.886388
3.100090
2.726923
2.541141
3.257656
2.820901
3.340414
2.723538
2.598351
2.505868
2.755910
2.787290
2.422427
2.403480
2.874665
2.728608
2.633703
2.691689
2.591167
2.553427
2.319170
2.082643
2.200497
2.059792
1.896920
1.377474
1.295667
2.163129
1.594904
1.188924
1.610701
1.723404
1.046760
1.356043
1.366454
1.461383
1.505499
0.938461
1.275635
1.576598
1.221599
1.461383
1.020007
0.895216
2.718050
2.637704
2.670356
2.662451
2.639183
2.771598
2.674954
2.653067
2.664746
2.871946
2.149853
2.562649
2.286854
2.079518
2.990882
2.249524
3.069672
3.119646
1.974284
2.853575
3.160624
3.001943
3.276294
3.283543
2.074305
2.769255
2.950696
3.305381
3.215275
2.111443
2.004900
3.160624
3.276294
1.912696
3.342636
3.156640
1.814615
1.730300
2.981784
3.472128
3.165803
3.489561
3.083765
3.279056
2.170757
2.884874
2.884874
2.272377
1.904483
3.707938
3.249950
3.249950
2.536269
1.980886
2.170757
2.975571
2.272377
3.555806
3.577357
2.821632
2.193647
1.962592
2.286309
2.677325
2.514138
2.427302
2.306865
1.917395
2.200497
2.373965
1.612411
1.392255
2.092457
1.218475
1.199824
2.199799
1.723404
1.191332
1.391171
1.294287
1.059144
1.191332
1.333443
1.425080
1.410778
1.173710
0.844242
2.662842
2.772276
2.756994
2.708482
2.718970
2.597699
2.692986
2.771598
2.732875
2.445426
2.325887
2.280732
2.990882
2.583864
2.355983
2.406012
2.050009
2.926360
1.967553
2.065483
2.685853
3.216760
2.216079
3.192157
3.096922
3.216760
3.317950
2.378345
3.027839
3.385499
3.385499
2.370424
3.111044
3.280979
3.122761
3.216411
3.113916
1.912696
3.438869
3.197963
2.178782
3.555806
3.139746
2.357052
3.102993
2.884874
2.193647
1.913914
3.600494
3.052299
2.538371
3.517879
2.237889
1.945713
1.787339
2.895332
2.780715
2.846538
2.752701
3.224698
2.721712
2.753907
2.972657
2.923972
2.976097
3.055216
3.017864
2.400102
2.519954
2.665107
2.486219
2.746583
2.105394
2.105394
2.608210
2.813389
2.541883
2.346832
2.427352
2.003318
2.082643
2.105394
1.799267
2.373965
2.164732
2.164892
2.193056
1.377474
1.177168
1.199824
1.668452
1.833977
1.816666
1.994044
1.342141
1.223573
1.191332
1.076814
0.972314
0.917366
1.517045
1.055535
1.191011
1.244567
0.909697
0.887489
0.849459
2.600812
2.637461
2.613055
2.771598
2.212465
2.474969
3.069672
2.389311
2.769255
2.993015
3.216760
2.342501
2.953153
2.282564
3.371773
3.305381
2.877187
2.877187
2.165227
3.462616
3.197963
2.777513
3.049009
3.049009
3.327080
3.197963
3.156640
2.316195
3.081176
3.264833
3.188076
2.913371
2.812027
2.178782
3.011261
2.356605
3.529825
3.048651
3.555806
3.555806
3.517879
2.835079
2.780715
3.224698
3.224698
3.173877
3.334612
3.224698
3.010911
2.653606
2.687435
2.949191
2.329494
3.001046
2.234447
2.571947
2.571947
2.346832
2.241506
1.854259
2.067438
2.164732
2.099972
1.890125
1.890125
1.553292
1.865600
1.879725
1.274336
1.654477
1.699168
0.874822
1.285492
1.005447
1.169940
1.358629
0.906383
1.366454
0.983416
1.366454
2.687250
2.820201
2.519144
2.732875
2.674954
2.383934
2.415187
2.252616
2.445426
2.065444
2.069958
2.090842
2.926360
2.212465
2.329601
2.474969
3.035849
2.925431
2.130591
3.192157
2.058793
2.686215
3.216760
2.279758
3.229071
2.141693
3.244319
3.280979
2.348864
3.489561
3.083765
2.505986
2.236221
2.160220
3.404966
3.385407
3.188076
3.229355
2.679353
3.333861
3.155882
3.221331
2.447484
2.981282
2.437415
3.445619
2.661947
2.884874
2.644077
2.675082
2.857758
2.675082
2.809492
2.829873
3.224698
2.996475
2.868496
2.712884
2.541883
2.003318
2.342385
2.514646
2.208411
1.469862
1.653836
1.228312
2.044833
1.094048
1.075939
0.940204
1.775821
1.355603
1.571406
1.433853
1.196227
0.828058
1.402956
0.936751
1.109971
0.959225
0.960554
1.191011
1.191011
0.938122
2.585767
2.534398
2.484835
2.252616
2.347385
2.310706
1.875061
2.277214
2.159126
2.251623
3.128367
1.995252
2.685853
3.216760
2.178068
3.234951
3.234951
2.689076
2.340961
2.074305
3.049871
3.009289
2.864421
2.165227
2.877187
2.159290
3.403786
3.264833
2.487369
3.042715
3.011261
3.057669
3.048651
3.487534
3.421890
2.862887
2.993184
3.024067
3.135620
3.460121
2.726176
2.846159
2.631657
2.618124
2.133733
2.198496
1.995763
2.032164
2.313015
2.492745
2.106726
2.345296
1.584042
1.846502
1.728830
1.773432
1.702380
1.906963
1.673099
1.822926
1.891243
1.734788
1.271966
1.738275
1.503479
1.391171
1.657105
1.583793
1.621207
1.244567
1.412158
1.159944
1.285492
0.849848
1.333443
1.265647
2.485208
2.546166
2.621703
2.531485
2.497818
2.593689
2.200168
2.809566
2.930723
2.407976
3.035849
2.303844
2.158773
2.158773
3.128367
1.985447
3.128367
3.128367
2.178068
2.178068
2.582568
3.244319
3.244319
3.215588
2.505831
3.009289
2.867940
3.139029
3.275001
2.331818
2.110713
2.774596
2.654901
2.678796
3.304899
2.432159
3.057669
3.081176
3.064890
3.527042
2.916331
2.975928
2.474031
3.555806
3.460121
3.448926
3.538914
2.749529
3.140750
2.907757
2.727833
3.080107
2.915826
2.740977
2.607619
2.706619
2.358338
1.935699
1.894152
2.208411
2.296278
1.705467
2.044833
2.008119
2.345296
2.008119
2.101242
2.024934
1.748076
2.044833
1.846502
1.773803
1.676094
1.473795
1.164170
1.319394
1.398964
1.517045
1.350209
0.891879
1.108531
0.937151
1.443213
1.210190
1.227203
1.380103
1.065236
2.600047
2.557993
2.497818
2.391971
2.249254
2.483508
2.347385
2.169820
1.984415
2.090842
2.148458
2.003381
2.826224
2.988748
2.376808
2.252637
2.197054
2.505831
2.409148
2.432973
2.277273
3.119809
2.268092
2.686523
2.480040
2.582568
3.244319
3.237259
2.393159
2.499081
2.542886
2.714058
3.015230
2.852065
3.028777
2.591610
2.945177
3.071067
2.793355
2.520028
2.645965
3.080107
2.994402
3.213839
2.496656
2.896603
2.550658
2.596297
2.358338
2.706619
2.573589
2.492745
2.538522
2.358338
2.086973
2.282137
2.398434
2.296278
1.799603
1.738116
1.962232
2.006364
2.228750
1.800001
1.846502
2.281632
1.723732
1.676988
1.636495
1.840402
1.581028
1.570133
1.271966
1.673099
0.891879
0.999624
1.164170
1.094048
1.583793
1.557307
1.186756
1.144889
1.040900
1.145659
1.000096
1.325053
2.726334
2.524824
2.451375
2.420159
2.572837
2.612217
2.498382
2.232853
2.809566
2.285224
1.984415
2.425584
2.310210
3.099480
2.383945
2.310258
2.956821
2.627771
2.988748
3.119809
3.124471
2.590768
1.975783
2.564305
2.986282
2.254936
2.480040
2.774596
2.754105
2.881770
2.867940
3.256384
3.324129
3.081176
2.842547
3.275001
3.024067
2.844950
2.440326
3.291120
3.300560
3.247795
3.421890
2.970513
3.247795
2.818813
2.862887
2.779699
2.915826
3.085513
2.853204
2.436201
2.743053
2.668842
2.492745
2.442242
2.096096
1.794401
2.106726
2.044833
1.766586
2.001993
1.764304
1.655811
1.708707
1.584579
1.720739
1.761078
1.595518
1.319394
1.645408
1.610117
1.208335
1.255564
1.422438
0.906610
1.107145
1.422438
1.389563
0.954148
1.333776
1.288243
1.108531
1.220185
1.242551
2.476782
2.564986
2.491642
2.572837
2.382170
2.437578
2.437578
2.437578
2.744762
2.850040
2.819589
2.302222
2.302222
2.311368
2.118888
2.118888
2.989855
2.988748
2.988748
2.382622
3.119809
2.683788
2.116310
2.654901
3.097603
3.102397
2.880178
3.448926
3.035142
2.836976
3.400518
3.400518
3.158248
3.400518
3.247795
3.255869
3.140750
3.163156
3.086013
2.890574
2.779699
2.530554
2.964934
3.016329
2.878879
2.743436
2.850698
2.909323
2.850698
2.591219
2.096096
2.313015
2.449696
1.775397
2.010734
1.351087
1.661826
1.615449
1.031756
1.031756
1.616905
0.966633
1.107145
1.107145
1.413647
1.261757
0.861567
1.111387
0.980949
1.186108
1.298573
1.110580
2.439858
2.533300
2.480786
2.480786
2.249254
2.187928
2.378236
2.864722
2.404801
2.218337
2.310258
2.310210
2.116310
2.100180
3.116920
2.591999
2.215185
3.128564
2.654901
3.124471
3.237259
3.341122
3.312101
3.209919
3.358791
2.570748
3.247795
3.247795
2.844950
2.751342
2.645965
2.975182
3.255869
2.673296
2.777824
2.777824
2.621725
3.166292
2.821227
2.621725
2.873773
3.028802
2.436201
2.897722
2.890929
2.781228
2.278334
2.018710
2.751294
2.591219
2.751294
1.807439
1.936527
1.865540
1.746418
2.236671
1.720450
1.635699
1.770827
1.723732
1.985229
1.524482
1.615449
1.376119
1.553818
1.492160
1.432811
1.242551
1.553818
1.208335
1.153477
1.261757
1.380947
1.458312
1.107145
1.351087
1.402868
1.494051
1.346509
2.476782
2.431543
2.329066
2.337862
2.444905
2.564986
2.702238
2.327017
2.415187
2.702238
2.850040
2.284146
2.480040
2.988748
2.397471
3.256384
2.382054
3.128564
2.284146
2.654901
3.198620
2.737011
2.520028
2.440326
2.582162
2.732061
2.732061
3.163156
2.506204
3.265822
3.402999
2.541266
2.673296
2.994402
3.086013
2.848405
2.836251
2.799962
2.909323
3.016329
2.781114
2.961660
1.819030
2.591219
2.419884
1.708707
1.655811
1.524482
1.708707
1.764304
1.708707
1.504687
1.298573
1.388886
1.451068
1.211681
1.229658
2.381733
2.285876
2.442672
2.329711
2.390474
2.424941
2.346862
2.382170
2.320689
2.156487
2.297619
2.717868
2.471368
2.513684
2.989855
3.021961
3.030760
3.154237
2.281246
2.281246
3.250732
3.244619
2.682547
3.237283
2.372969
2.372969
3.263133
3.265822
2.607459
3.248518
2.607459
2.701193
2.779699
3.166292
2.853204
2.583977
2.906064
2.847096
2.310701
1.701152
2.006364
1.770827
1.783230
2.518542
2.508453
2.480652
2.381733
2.548923
2.262460
2.620759
2.376882
2.736925
2.717868
2.886348
3.146859
3.154237
3.001615
2.842547
2.451046
3.250298
3.154237
2.767456
3.230689
2.732061
2.451046
3.248518
3.248518
3.248518
2.583977
2.779445
2.779445
2.847096
2.848405
2.189111
2.509285
2.037168
2.455423
1.674038
1.550018
2.103132
1.976444
1.976444
2.125140
1.548271
1.635699
1.457691
2.341104
2.362973
2.324388
2.481196
2.337862
2.376664
2.376664
2.321453
2.528675
2.346862
2.248539
2.388251
2.456095
2.222395
2.528675
2.667223
2.839604
2.886348
2.840942
2.738989
2.536700
2.641160
2.506204
3.269651
3.224046
3.230529
3.075904
2.607459
2.505851
2.780541
2.642904
2.160663
2.272048
2.784934
2.345381
2.847096
1.951375
2.602472
2.356033
1.808513
2.290156
2.046642
1.783230
1.526646
1.547861
1.544550
2.338003
2.391697
2.315933
2.262185
2.373093
2.560415
2.452948
2.260124
2.400766
2.288063
3.029086
3.084067
2.613473
3.075904
3.224046
2.414766
2.507100
2.445622
3.075904
2.321358
2.565239
2.657475
2.335746
2.046642
2.182984
1.954476
1.761806
1.526646
1.790686
1.509651
2.391697
2.284262
2.431543
2.225924
2.373093
2.315933
2.367465
2.713547
3.029086
2.560415
2.713547
2.512429
2.607419
3.095833
3.029086
2.578144
3.084067
2.344378
2.732061
3.044481
2.360764
2.414766
3.084067
2.369525
3.022080
2.304296
2.732924
2.182984
1.888859
1.746778
1.761806
1.516152
1.572028
1.744882
1.434952
2.395434
2.321269
2.542637
2.984383
2.649739
2.133461
2.159440
2.984383
3.047802
2.992055
2.670342
3.047802
2.627082
2.197311
2.627082
2.514363
2.507100
2.532821
2.422305
2.602472
1.892999
1.549613
1.715730
1.588637
1.399092
2.250328
2.351886
2.321453
2.477910
2.344168
2.116219
2.209624
2.243066
2.984383
2.475285
2.425954
2.345672
2.425954
2.665599
2.607419
2.856297
3.047363
2.500654
2.303666
3.038823
3.047802
2.255387
2.360764
2.565239
2.534645
1.613903
1.901613
1.715730
1.716394
1.527384
1.533313
1.549613
2.271669
2.324388
2.250328
2.209102
2.323596
2.182129
2.425954
2.827492
2.591681
2.448851
2.475285
2.827492
2.889904
2.873904
2.775797
2.861029
2.303666
2.303666
2.869969
2.904964
2.826957
2.503739
2.642904
1.703842
1.642146
2.318094
1.975420
1.491672
1.613523
1.317654
1.527384
1.468957
1.447958
2.250328
2.162337
2.129892
2.267894
2.245606
2.192738
2.192738
2.323596
2.312994
2.475285
2.347568
2.206105
2.670342
2.048120
2.483249
2.775797
2.775797
2.686955
2.659014
2.268517
2.445622
2.873904
2.303666
2.303666
2.853417
2.827228
2.826957
2.807671
2.132938
2.039341
1.901124
2.106961
1.491672
1.571163
1.856230
1.649061
1.466444
2.271669
2.260399
2.141290
2.232949
2.192477
2.280982
2.140711
2.393627
2.192738
2.312994
2.182129
2.104356
2.387150
2.448851
1.994206
2.533138
2.856297
2.536919
2.861029
2.630693
2.430166
2.082392
2.799934
2.853417
2.051713
1.937437
1.875628
1.975420
1.903501
1.789257
2.266839
2.232949
2.140711
2.139050
2.099651
2.266839
2.104356
1.980835
2.231670
2.148338
2.294631
2.054302
2.483249
2.511164
2.634094
2.536919
2.663843
2.819608
2.610872
2.596531
2.268517
2.361408
2.610872
2.082392
2.653521
2.653521
2.596878
2.339663
2.425348
2.425348
2.079108
2.073220
1.484907
2.266839
2.203188
2.022300
2.414044
2.347568
2.240998
2.231670
2.240998
2.148338
2.294631
2.242514
2.326598
2.442287
2.653521
2.618393
2.163778
2.174045
1.960328
2.001417
2.422305
2.262450
2.048162
2.198044
1.891419
2.142403
1.714801
1.652056
1.549613
1.493844
2.274274
2.192477
2.246675
2.245678
2.275634
2.031552
2.309082
2.387150
2.310468
1.994206
2.310892
1.870123
2.409292
2.444684
2.385446
2.617997
2.268517
2.430166
2.430166
2.097483
2.596878
2.001417
2.275865
2.596878
1.911911
2.243558
2.114930
1.750556
2.198044
2.198044
1.694075
2.038171
1.931230
2.033506
1.357628
1.434952
2.247369
2.104912
2.334940
2.119785
2.120730
2.120421
2.309082
2.017844
2.379156
2.320503
2.663843
1.992313
2.064863
2.225842
2.605603
2.069615
2.444684
2.617389
2.596878
2.406451
1.889148
2.090311
1.818664
1.719640
1.657544
1.657544
1.432284
2.218357
2.255814
2.218357
2.104912
2.353744
2.334940
2.290184
2.207078
1.937317
2.422276
2.460699
2.120421
2.152863
2.486085
2.474954
2.215962
2.617389
2.637801
2.081970
1.924055
2.442746
2.578568
2.442746
1.972794
1.924055
2.339663
2.138186
1.886601
1.963335
1.716539
2.000399
1.565692
1.719640
1.730277
1.510064
1.697637
1.435841
1.436004
1.577372
1.384143
2.353561
2.203018
2.336338
2.120730
2.017844
2.120730
2.181754
2.207078
2.106746
1.904054
2.379156
2.582284
2.393654
2.409292
2.267337
2.385446
2.053478
2.097483
2.406451
2.083929
2.293699
2.138186
2.000399
2.079108
1.635936
1.440021
1.490061
2.366032
2.366032
2.376131
2.017844
2.498379
2.048813
2.039899
2.127312
2.326761
1.970761
2.234261
2.469512
2.245874
1.830771
2.053478
2.246770
2.204700
2.039107
2.225842
2.384803
2.406451
1.985784
2.339663
2.470285
1.995897
1.761843
1.909078
1.881940
1.611147
1.338491
1.422773
2.277090
2.394516
2.212231
1.784615
1.970761
2.459468
2.380075
2.106746
2.242562
2.136390
2.474954
2.459587
1.922812
2.129783
2.605603
2.210814
2.356679
2.356679
1.935574
2.308435
2.308435
2.226339
2.295944
1.999898
1.944809
1.843620
1.731130
1.906949
1.677562
1.616522
1.523910
1.479140
1.448095
1.427863
2.251287
2.277090
2.039899
2.365624
2.110385
2.220715
2.293002
2.328907
2.136390
2.039899
2.220715
2.419214
1.935574
2.246770
1.924055
1.910324
1.921443
1.909078
1.595251
1.615082
1.881940
1.815023
1.815023
1.730277
1.516382
1.616522
2.121166
2.230742
2.332479
1.970761
1.841848
2.413511
2.315256
2.183367
2.474954
2.137082
1.879027
2.261331
2.419087
2.260720
2.152080
2.053478
2.550253
2.027739
1.852102
1.780651
1.767797
2.067358
1.789555
1.921443
1.988962
1.710163
1.955743
1.625745
1.669557
1.825618
1.825618
1.825618
1.719290
1.730277
1.711437
1.711437
1.724493
1.608423
1.591878
1.773429
1.830771
2.171307
2.221709
1.841848
2.237852
2.256437
1.734209
2.270747
2.137082
2.119241
2.275092
2.129195
1.773094
2.459587
2.129783
2.103484
1.992489
1.893179
2.308435
1.935574
1.884291
2.204700
1.979028
2.308435
1.755996
1.699110
1.594751
1.787182
1.670967
1.669557
1.659344
1.586463
1.632685
1.679048
1.636879
1.636879
1.628056
1.600798
1.578725
2.257742
1.773429
1.841848
1.923847
2.112361
2.275092
2.472324
1.751025
1.815818
2.129195
1.880337
1.891235
2.037877
1.988962
1.787443
1.669557
1.632685
1.600798
1.609877
2.230742
2.042843
1.979884
2.077446
2.237852
2.267679
1.792089
2.029483
2.084969
2.270747
1.947941
1.919856
2.082480
2.184230
1.934572
2.068861
2.068861
1.789555
1.596546
1.988962
1.606053
1.640731
1.606053
1.589980
1.545793
1.477578
1.595501
1.636879
1.609877
1.424115
1.733880
1.841848
1.679537
1.792089
1.945091
2.071086
2.040331
2.119241
1.873519
2.244395
2.029483
1.896125
1.965055
2.027739
1.777624
2.024039
1.852102
1.864206
1.709472
1.976961
1.710163
1.589980
1.669557
1.562144
1.466766
1.632685
1.524603
1.444829
1.733880
1.733880
1.979884
2.040291
2.042843
2.082217
1.891235
2.002962
1.628685
1.896125
1.957563
1.838327
1.856750
1.666597
1.589980
1.612100
1.545793
1.485839
1.430707
1.802544
1.873519
1.844739
1.979299
1.732660
1.979299
1.826380
1.620730
1.477234
1.702269
1.606053
1.640731
1.851256
1.328059
1.751013
1.676774
1.802544
2.067029
1.544776
2.024039
1.879592
2.063253
2.059357
1.793332
1.760953
1.628685
1.674426
1.606449
1.470824
1.516188
1.619625
1.708474
1.314291
1.430414
1.439102
1.444829
1.601700
1.877243
1.877243
1.544776
1.533427
1.856233
1.866896
1.851171
1.851171
1.812772
1.812772
1.674426
1.851256
1.645704
1.425367
1.562144
1.717568
1.827694
1.868040
1.717568
1.798908
1.417753
1.544776
1.732159
1.800634
1.901028
1.619428
1.723751
1.612684
1.535896
1.606053
1.494964
1.361569
1.352221
1.305565
1.580992
1.417254
1.542449
1.826380
1.763540
1.612684
1.574610
1.450474
1.377432
1.474187
1.533427
1.674230
1.840165
1.666947
1.688987
1.628784
1.507321
1.548487
1.602711
1.503311
1.469960
1.503311
1.713871
1.450474
1.474187
1.468616
1.577910
1.666947
1.675879
1.503968
1.382867
1.628784
1.571260
1.367428
1.460008
1.291485
1.356015
1.504903
1.435221
1.296143
1.296143
1.298059
1.212175
1.334440
1.309672
1.634729
1.634729
1.455650
1.614273
1.569999
1.446414
1.552646
1.572740
1.506302
1.423684
1.503311
1.333754
1.208087
1.259467
1.292210
1.426054
1.369532
1.452231
1.332793
1.491836
1.369532
1.305185
1.366148
1.412831
1.240197
1.323452
1.252231
1.247673
1.322074
1.291314
1.300900
1.255568
1.402145
1.332793
1.229526
1.323452
1.255694
1.304462
1.288267
1.225767
1.208087
1.402145
1.417974
1.374443
1.301961
1.266045
1.340855
2.897060
2.585548
2.581316
3.784511
3.735457
3.587663
2.406690
2.406690
4.644876
2.216910
2.216910
2.848230
2.863853
2.557179
1.676988
1.676988
2.534467
1.670967
1.670967
1.679048
1.679048
1.679048
1.679048
3.714903
3.728975
3.728975
2.992709
3.082408
2.618917
2.759739
