9968 1 1
1.064051
1.196890
1.059892
1.064051
1.053974
1.284725
1.155726
1.063564
1.060207
1.205087
1.144613
1.043494
0.786758
0.864751
0.994857
0.864751
1.051564
0.943514
0.946088
1.003058
1.212767
1.110347
0.872655
0.927012
1.141661
1.242384
1.212767
0.820896
1.242384
1.242384
0.873392
1.242384
1.053974
1.053974
1.059892
1.284725
1.289321
1.063564
1.153950
1.205992
0.955209
0.977214
1.068231
1.068231
1.205992
1.040963
1.118512
1.205087
1.043494
1.118562
1.112474
1.051611
0.764290
0.821816
0.954307
0.746961
0.758624
0.979533
0.758624
0.741842
1.051564
0.827425
0.722647
0.682349
0.802308
0.786758
0.802308
1.102063
1.110347
1.119908
0.763676
0.722647
1.212767
1.187025
1.055146
0.741842
0.770940
1.350102
1.326318
0.942760
0.971476
1.187025
1.189858
0.927012
1.186449
1.228163
0.955209
0.971476
1.289321
1.118512
1.034161
1.106454
1.106454
0.952006
1.228163
0.963834
1.043494
1.051611
1.117401
1.182464
1.228848
1.182464
1.254186
1.045444
1.037227
1.186574
1.117401
1.128690
0.833722
0.897263
0.916494
1.034599
0.827425
1.004608
0.764290
0.721514
1.172725
1.034599
0.741842
1.081319
1.209516
1.174649
0.623994
0.664635
1.238682
1.262960
0.785104
0.785104
1.290874
1.297147
0.874207
1.350102
1.316178
1.187025
0.971476
0.953235
0.952006
1.316178
1.326318
0.871800
0.868393
1.286205
1.213098
1.161893
1.270815
1.270815
1.156450
0.952006
0.952006
1.156450
1.156450
1.042063
1.105758
0.958926
1.042063
0.963948
1.037227
1.113064
0.966166
1.201262
1.037227
1.060026
0.971136
1.037227
1.117401
1.201262
1.037675
1.045444
1.128690
1.176936
0.786992
0.813441
0.664368
0.994296
1.072275
0.777606
0.764290
0.703279
0.793975
0.916494
0.845474
1.114139
0.673279
0.890538
1.268182
0.704945
0.664635
0.707924
1.102872
1.284461
0.991098
1.159444
1.339329
1.188931
0.721514
1.236113
1.209516
1.360436
1.273272
1.273272
0.873392
1.287436
1.408272
0.807439
0.858964
1.262960
0.942760
1.415780
1.437114
1.253035
1.244882
1.378729
0.971476
0.960785
0.871800
1.298550
1.253035
1.393103
1.274443
1.380578
0.988353
0.877565
1.254186
1.402889
0.968456
0.963948
1.174851
1.394136
1.254186
1.206450
1.370494
1.045444
1.037675
1.206450
1.426495
1.131321
1.379492
1.060026
1.488845
1.426495
1.037675
1.103314
1.037675
1.447025
1.201262
0.813441
0.913079
0.934215
0.934215
0.786776
0.786776
0.786776
1.072275
1.072275
0.730154
0.657959
1.114139
0.978873
0.978873
1.176393
1.176393
1.309166
1.223732
1.339329
1.358021
0.818182
1.359399
1.375695
0.807439
1.408272
1.384470
1.394936
1.359399
1.394936
1.428104
1.025896
0.928629
1.428104
1.437114
1.378729
1.052563
1.356624
1.401425
1.403764
1.336529
1.356624
0.971476
1.401425
1.354824
1.380578
1.042549
1.401425
1.330769
0.988353
0.988353
1.394136
1.050956
1.449971
1.449971
1.370494
1.040903
1.088683
1.050956
1.488845
1.411979
1.165295
1.454204
1.237288
1.321076
1.334986
1.209226
1.441041
1.454204
1.411979
1.441041
1.327849
1.327849
1.312498
1.327849
0.775271
0.775271
0.835307
0.756235
0.756235
0.747625
0.747625
0.789187
0.656420
0.682417
0.890873
0.931779
1.072275
1.083108
0.931779
0.777606
0.755779
0.656420
1.193515
1.193515
1.179108
0.704945
0.657959
1.268182
1.320066
1.320066
1.358021
1.377607
1.294583
1.359399
1.384470
1.384470
1.378204
1.378089
1.428104
0.882358
0.884581
0.961020
1.331715
1.378729
0.874207
0.960785
1.339463
1.437114
1.331715
1.356624
1.356624
1.106654
1.412766
1.393103
1.393103
1.380578
1.359941
0.954202
1.033748
1.435219
1.426495
1.454204
1.454204
1.226398
1.217119
1.088683
1.409302
1.437673
1.415466
1.209226
1.097945
1.322116
1.409302
1.334986
1.322116
0.775271
0.880369
0.880369
0.775390
0.737258
0.803386
0.934215
0.874832
1.103435
0.756235
0.725623
0.720612
1.103435
1.103435
1.083108
1.235824
1.319835
1.294583
1.319835
1.309166
1.356282
0.868766
0.728773
1.394936
1.359399
1.312442
1.392910
1.389252
1.404405
1.404405
1.389252
1.025896
1.334977
1.331715
1.334977
1.389252
1.389252
0.960785
1.354824
1.354824
1.197277
1.412766
1.393103
1.418765
1.435219
1.088683
1.050956
1.050956
1.461598
1.461598
1.461598
1.101960
1.040903
1.447025
1.487005
1.454204
1.101960
1.097945
1.462657
1.462657
1.415466
1.226398
1.415466
1.404695
1.218181
1.218181
1.322116
1.218181
0.951907
0.828415
0.840614
0.880561
0.857910
0.775390
0.909517
0.789187
0.933318
0.934215
1.007329
1.070088
1.054622
0.956434
0.756235
1.181106
1.052984
1.154950
1.235824
1.327784
1.364747
0.718016
1.254995
1.310953
1.407315
0.754648
1.320066
1.463168
1.441676
1.378204
1.333255
1.309166
1.508053
1.378204
1.312442
0.961325
1.311005
1.477117
1.025896
1.519319
1.336176
1.390904
1.502991
1.356624
1.354824
1.562755
1.369773
1.401425
1.659873
1.359941
1.607214
1.621316
1.394136
1.697330
1.435219
1.488845
1.718821
1.506090
1.461598
1.758501
1.235655
1.120759
1.230677
1.482881
1.487005
1.097945
1.269579
1.506090
1.437673
1.487005
1.127969
1.409302
1.487005
1.226398
1.237020
1.406572
1.656751
1.403921
1.315748
1.535710
0.912954
0.978700
1.045676
0.849612
0.951907
0.951907
1.006663
0.812068
0.737258
1.004208
0.909517
1.070088
1.070088
0.682417
0.722418
1.327784
1.327784
1.348341
0.701181
1.377676
1.407315
1.463168
1.444328
1.375232
1.463168
1.447613
0.728773
1.345881
1.447999
1.447999
1.048151
0.769533
1.392739
1.414712
1.025896
1.003870
0.928629
1.411549
1.414712
1.473546
1.514245
1.473546
1.389252
1.418319
1.390904
1.418319
1.479873
1.366956
1.507529
1.562755
1.611420
1.507529
1.608950
1.515862
1.211070
1.156380
1.697330
1.758501
1.758501
1.265813
1.265813
1.749724
1.710044
1.783910
1.706997
1.423409
1.691564
1.706997
1.783910
1.404695
1.281143
1.406572
1.704681
1.691564
1.444383
1.535710
1.535710
1.549580
1.437078
1.444383
1.549580
1.490977
0.978700
0.912954
0.954984
1.071030
0.812068
0.828415
1.071030
0.945067
1.130722
0.797102
1.130722
1.130722
1.130722
1.143993
0.725623
1.181106
1.074810
1.266197
1.266197
1.304290
1.266197
1.231564
1.305315
1.352001
1.364853
0.701181
1.364853
1.447613
1.447613
1.431214
0.801384
0.754648
0.754648
1.340998
1.447999
0.942070
1.492864
1.478535
1.492864
1.411549
1.293723
1.485558
1.473546
1.522150
1.562755
1.562755
1.562755
1.515862
1.611420
1.698517
1.697330
1.697330
1.742871
1.783910
1.290146
1.272099
1.783910
1.704681
1.656751
1.706997
1.290146
1.290146
1.403628
1.637920
1.626872
1.644232
1.637920
1.394583
1.444383
1.637920
1.626872
1.444383
1.637920
1.591740
1.500861
1.437078
1.399983
1.591740
1.415043
1.399983
1.399983
0.896706
0.954984
0.849612
1.014715
1.045676
0.859473
0.902710
0.896378
0.854258
1.045676
0.945067
0.854258
0.812068
1.071030
1.013466
1.130722
0.722418
1.041244
0.696814
1.352001
1.352001
1.310446
0.701181
1.407315
1.367422
1.330765
1.330765
1.377676
1.367422
1.337053
1.367422
1.395405
1.375232
1.375232
1.375232
1.337053
1.449030
1.340998
0.942070
0.942070
1.392739
1.449030
1.478535
0.987184
1.293360
1.418319
1.473546
1.479873
1.391399
1.736393
1.611420
1.724164
1.515862
1.697330
1.926312
1.697330
1.235655
1.783910
1.742871
1.265813
1.691564
1.626872
1.437078
1.300406
1.576448
1.850555
1.637920
1.576448
1.519064
1.500861
1.589223
1.394583
1.415043
1.415043
0.954984
0.813119
1.014715
0.987838
1.057688
1.050769
0.941820
0.807469
0.794913
1.174292
1.260018
0.995012
1.184194
1.260018
1.266197
1.143993
1.143993
1.304290
1.305315
0.693549
1.446589
1.396179
0.683340
1.361808
1.315210
1.460971
1.569073
1.204140
1.318362
1.359595
1.237813
1.564861
1.283322
1.485558
1.041393
1.064408
1.376602
1.293360
1.290097
1.473546
1.462994
1.390904
1.507529
1.562755
1.515862
1.838318
1.655416
1.621316
1.621316
1.897368
1.942262
1.687425
1.958904
1.399095
1.290146
1.272099
1.471616
1.290146
1.706997
1.712389
1.712389
1.274560
1.892965
1.663844
1.677540
1.394583
1.262092
1.262092
1.850555
1.627427
1.663844
1.394583
1.515552
1.478948
1.784405
1.626816
1.589223
1.582278
1.465810
0.966849
1.065856
1.106945
1.106945
0.987838
0.979096
1.014496
0.957990
1.130217
1.155485
1.155485
1.046638
1.046638
0.896378
0.938808
0.938808
1.076652
1.203682
1.211214
0.794913
0.929768
0.849612
1.089120
0.772148
0.740865
1.442764
1.442764
1.392392
1.456125
1.439284
0.735633
1.377676
0.696814
1.396179
1.335650
1.479526
1.521386
1.414718
1.280849
1.280849
0.863774
0.942070
0.863774
1.363424
1.565727
1.365436
1.015435
1.547449
1.078710
1.455751
1.479873
1.660312
1.175403
1.072884
1.766852
1.614978
1.655416
1.798321
1.335645
1.946700
1.718821
1.968543
1.783910
1.265813
1.945828
1.281143
1.425812
1.919058
1.947193
1.984657
1.471616
1.919058
1.963982
1.947193
1.490029
1.853251
1.589619
1.564141
1.564141
1.490029
1.848743
1.870687
1.879623
1.853251
1.789744
1.853251
1.465810
1.714311
1.582278
1.732552
1.564141
1.054022
1.106945
1.020080
1.100393
0.979096
1.057784
0.957990
1.138963
0.931399
0.929768
0.945461
1.168252
1.203682
0.794913
0.794913
1.286324
1.254229
1.174564
1.174292
0.772148
1.385312
1.286324
1.389575
0.772499
1.442764
1.340880
1.392392
1.446589
1.449044
1.479526
1.449044
0.756638
1.479526
1.280849
1.521386
0.893860
1.524573
1.280849
1.329572
1.318362
1.565727
1.565727
1.343343
1.359595
1.376602
1.050921
1.599772
1.547449
1.379493
1.400759
1.565951
1.599772
1.660312
1.660312
1.614978
1.736393
1.766852
1.958904
1.954656
1.942262
1.991596
1.991596
1.964943
1.749724
2.000162
2.006904
2.000162
1.990802
1.990802
1.962841
1.968543
1.423409
2.001908
1.468939
1.965271
1.899909
1.300406
1.945828
1.300406
1.948357
1.452344
1.946933
1.978190
1.452344
1.490029
1.870687
1.899909
1.869586
1.869586
1.902050
1.902050
1.862900
1.862900
1.869586
1.515552
1.515552
1.780879
1.750240
1.780879
1.752553
1.780879
1.750240
1.788249
1.737580
1.626816
1.626816
1.508479
1.669594
1.008904
1.054022
0.953175
1.038075
1.005082
1.138963
1.094805
1.143328
1.076652
1.076652
0.929768
1.203682
1.203682
1.286324
0.789629
1.538359
1.324691
1.392392
1.411004
1.411004
1.466271
0.769033
1.335650
1.396179
1.245750
0.864070
0.864070
1.297213
1.498780
1.524573
1.565727
1.170470
1.343343
1.357964
1.526368
1.400759
1.614978
1.614978
1.736393
1.660312
1.897368
1.897368
1.897368
1.897368
1.958904
1.848108
1.859257
1.363574
1.964141
1.859257
1.964943
1.954656
1.991596
1.964141
1.928004
1.990802
1.859769
1.990802
1.990802
1.935640
1.990802
2.001908
2.100907
1.940673
1.969282
1.857500
1.945828
1.460458
1.960989
1.852432
2.152565
2.152565
1.479081
1.810212
1.919058
1.452344
1.876272
1.895826
1.761544
1.856166
1.880300
1.880300
1.880300
1.490029
1.803205
1.963982
1.437175
1.879623
1.856166
1.804802
1.869586
1.869586
1.465810
1.752553
1.378602
1.499336
1.862900
1.788249
1.612449
1.593347
1.737580
1.673595
1.516635
1.626816
1.465810
1.593347
1.645734
1.593347
1.401758
1.508479
0.964800
1.008904
1.100393
1.178429
1.094805
1.017645
1.070712
1.002960
0.953175
1.053081
1.127917
0.931399
1.000469
0.903121
0.953954
1.267958
1.170977
0.852556
1.203682
1.325105
1.145499
1.145499
1.199686
1.449361
1.286324
1.497051
0.826388
1.349059
0.790235
0.785222
1.302766
1.335650
1.449044
1.347766
1.437330
1.259730
1.376866
1.498780
1.329572
1.343343
1.565727
0.922660
0.897431
1.564861
0.922660
1.431605
1.547449
1.565951
1.340225
1.568750
1.531473
1.565951
1.400759
1.379493
1.442947
1.599772
1.660312
1.526368
1.469698
1.614978
1.816380
1.636072
1.966322
1.911237
2.012398
1.926312
2.133864
2.145343
1.942262
1.826232
1.912902
1.928566
2.118331
2.082960
2.069235
2.152098
2.000162
1.990802
2.084716
1.810703
2.053596
1.859769
2.183909
1.945828
1.947384
1.810703
2.001908
1.962841
2.062028
1.899909
1.999475
1.992840
1.805121
1.992840
1.774206
1.393973
1.880300
1.452344
1.548614
2.008703
1.465810
1.339435
1.659991
1.764306
1.750240
1.567566
1.505762
1.978825
1.858049
1.657363
1.399670
1.828821
1.612449
1.401758
1.516635
1.585851
1.757082
1.568790
1.064988
1.064988
1.127917
1.206095
1.170977
1.159677
1.051048
1.267958
0.929768
0.919773
1.267958
1.168252
1.364918
1.277213
1.303101
1.226370
1.328711
1.328711
1.455236
1.455236
1.497051
1.538359
1.538359
1.539498
1.558007
1.354321
1.413657
1.298458
1.335650
0.875253
0.732804
1.347766
1.376866
1.393224
1.648811
1.532850
1.532754
1.656277
1.531473
1.443072
1.618041
1.618041
1.618041
1.816380
1.955219
1.766852
1.966322
2.045125
2.068394
1.783427
1.906156
2.012398
1.927433
1.911237
2.092292
1.897368
2.133864
1.509413
2.144094
2.145343
2.134239
1.927433
2.147785
2.133864
1.991596
2.132328
2.145343
2.110471
2.132328
1.949043
2.152098
2.182537
1.949043
1.950890
2.152098
2.062028
2.129730
2.175642
2.062028
2.139327
2.060176
1.471616
2.117063
2.051356
2.002121
1.490029
1.594812
1.594812
1.548614
2.008703
1.874881
1.898223
1.881189
1.436494
1.944613
1.848164
1.858049
1.567566
1.567566
1.790195
1.790195
1.790195
1.828821
1.779026
1.599553
1.599553
1.567566
1.612449
1.816388
1.660339
1.706975
1.585851
1.488617
1.568790
1.660339
1.074868
1.074868
1.074868
1.041717
1.110553
1.070712
1.041717
1.074868
1.146792
1.078983
0.970773
0.973946
1.017645
1.178429
1.206095
1.137705
1.000469
1.206095
1.051048
0.953781
0.896281
1.364918
1.414875
1.497051
1.466271
1.511992
0.858722
1.302766
1.510836
1.302766
1.273652
0.802191
0.838321
1.416008
1.532850
0.838321
1.378923
1.416008
1.532850
1.443072
1.530747
1.530747
1.443072
1.452657
1.531473
1.464357
1.464357
1.491902
1.464357
1.491902
1.614978
1.966322
1.816380
1.724164
1.966322
2.108918
2.092292
2.092292
2.092292
2.015723
2.108918
2.133864
2.152098
2.182537
1.877723
2.082960
2.082960
2.129730
1.969282
1.926309
1.921829
2.118331
2.237248
1.950890
1.949043
2.152565
2.152565
2.129139
1.904571
1.947467
2.129139
2.129139
2.062028
1.904571
1.992840
1.821746
2.002121
2.002121
1.992840
1.777900
1.992840
1.917601
1.874881
1.917601
1.917601
1.548614
1.548614
2.003841
1.881189
1.898223
1.799830
1.898223
1.456573
1.832565
1.898223
1.963735
1.567566
1.706975
1.725366
1.706975
1.681693
1.681693
1.477120
1.488617
1.684344
1.568790
1.660339
1.681693
1.585851
1.585851
1.348176
1.424511
1.492457
1.652774
1.064988
0.970773
0.973946
1.134327
0.944896
0.953781
1.201952
1.170977
0.919773
1.364918
1.414875
1.414875
1.455236
1.489390
1.539498
1.413657
1.509106
1.495132
1.511992
1.466271
1.298458
1.331295
1.331295
1.491663
1.618720
1.562475
0.798347
1.393224
1.510559
1.376866
1.365080
1.365080
1.532850
1.421020
1.530747
1.568750
1.568750
1.722700
1.902312
2.142966
2.171754
1.911237
2.107117
1.849925
2.092292
1.668301
2.144094
1.892281
1.632882
2.109892
2.133864
1.927433
2.152098
2.083997
2.152098
2.175642
2.129730
2.132328
1.926309
1.950890
2.129139
2.157755
1.949043
2.129730
2.152565
1.828611
2.152565
1.947467
1.828611
1.917601
1.631058
1.631058
1.612001
1.874881
1.881189
1.551325
1.551325
1.898223
1.456573
1.599553
2.008770
1.858049
1.832565
1.858049
1.684344
1.698964
1.706975
1.531340
1.424511
1.488617
1.684344
1.445795
1.652774
1.585851
1.445795
1.492457
1.492457
1.424511
1.074868
1.013060
1.200660
1.106503
1.024821
1.113222
1.178429
1.220272
1.272689
1.201952
1.315269
0.953781
1.267958
1.224192
1.226370
1.455412
1.455412
0.995536
1.277213
1.492342
0.926015
0.809165
1.027975
0.826388
1.538359
1.590178
1.466271
1.337608
1.510836
1.562475
1.421822
1.273652
1.421822
0.802191
1.376866
1.365080
1.434144
1.606857
1.510559
1.532754
1.609767
0.971968
1.480540
1.624086
1.558672
1.642082
1.642082
1.419276
1.752221
1.752221
1.752221
1.618041
1.783347
1.783347
2.103114
2.068394
2.067907
1.902312
1.953311
1.619646
1.810264
2.142966
2.045125
1.966322
2.037833
2.183768
1.619646
1.561342
1.748379
1.619646
1.955219
1.940997
1.687371
2.108918
2.108918
1.849925
1.619646
2.107117
2.213849
2.225458
2.291867
1.789339
2.188391
1.877723
2.109892
1.610517
1.818909
2.083997
1.701893
1.579565
2.152098
2.227602
1.921829
1.921829
2.227602
1.949043
2.133464
1.719133
1.913814
2.129139
2.163860
2.288831
1.904571
1.912634
1.821746
1.828611
2.032651
2.154235
1.821746
1.821746
1.977030
1.799830
1.881189
1.775163
1.505762
1.958084
1.832565
1.768635
1.790195
1.791940
1.858049
1.488015
1.725366
1.488617
1.875577
1.698964
1.351924
1.477120
1.556285
1.709249
1.472173
1.531340
1.709249
1.531340
1.534361
1.488445
1.472173
1.424511
1.036688
1.112465
1.112465
1.032632
0.997681
1.057517
1.115405
1.122708
1.007265
1.060155
1.000469
0.973946
1.220158
1.274127
1.031162
1.043686
1.339206
1.339206
1.277213
1.328711
1.492342
1.554861
1.363609
1.540923
1.593777
1.589589
1.445487
1.396812
1.413657
1.511992
1.379108
1.287254
1.350778
1.379108
1.500234
0.771703
1.597989
1.447573
1.349879
1.618272
1.475695
1.664575
1.654875
1.996041
1.996041
1.907440
1.640174
1.816380
2.079658
2.131367
1.711792
1.779552
2.131413
1.940997
1.711792
1.674706
1.839625
1.966322
1.885366
2.053941
2.204089
2.314901
2.092292
2.276789
2.263630
2.188391
2.110471
2.276789
1.818909
2.227602
1.835106
2.098865
2.166829
2.263630
2.227602
2.227602
2.230874
2.157755
1.895994
1.885366
2.267761
2.129730
2.148307
2.129730
2.124941
1.904571
2.124941
2.032651
1.940361
2.032651
2.014586
2.014586
2.014586
1.995595
1.995595
1.995595
1.971980
1.971980
1.971980
1.886948
1.843143
1.883476
1.875577
1.727310
1.875577
1.743954
1.472173
1.709249
1.590996
1.674789
1.698408
1.352284
1.647138
1.647138
1.590996
1.072417
1.020845
1.220272
1.176408
1.020845
1.088626
1.014502
1.279726
1.315269
1.301256
1.339206
1.339206
1.455412
1.554861
1.492342
1.445487
1.342999
1.337608
0.858722
0.809165
1.337608
1.444538
1.500234
1.444538
1.350778
1.400437
1.415032
1.586955
0.786786
0.815521
0.823946
1.415032
1.456593
1.624086
1.609401
1.480540
1.463049
1.475695
1.642082
1.563174
1.563174
1.664575
1.664575
1.907440
1.752221
2.062148
1.640174
1.711792
2.079658
2.208263
2.142966
2.171754
2.171754
2.067907
2.131367
2.146969
2.164611
1.674706
2.208263
2.291867
2.183768
2.225458
1.839625
1.810264
2.204089
2.204089
2.139522
2.204089
2.254313
2.254313
2.213849
2.188391
2.263630
2.227602
1.835106
1.834235
2.227602
2.267761
2.237248
1.895994
1.844211
2.288831
1.579565
2.288831
1.748853
1.816942
2.160849
2.078606
1.977030
2.117755
2.032651
1.621114
1.830085
1.830085
1.505762
1.621114
2.014586
1.881517
1.881517
1.971980
1.971980
1.597310
1.958084
1.845200
1.494067
1.579055
1.626749
1.886948
1.886948
1.843143
1.739932
1.488445
1.340974
1.727310
1.743954
1.515937
1.674789
1.488445
1.516149
1.439783
1.563013
1.444715
1.516149
1.444715
0.953939
1.121540
0.997681
1.220272
1.220272
1.176595
1.115405
1.021847
1.060155
1.192395
1.007265
1.261599
1.279726
1.279726
1.301256
1.301256
1.120751
1.047878
1.047878
1.281810
1.281810
1.455412
1.554861
1.475794
1.445487
1.129272
1.593777
1.515786
1.054516
1.526775
1.273883
1.273883
1.396812
0.959354
1.337608
1.350778
1.350778
1.500234
1.421822
1.400437
1.604513
1.434144
1.463049
1.463049
1.609401
1.642082
1.527482
1.790976
1.793016
1.996041
2.062148
1.970677
2.103114
1.907440
1.654875
1.601806
2.208984
1.953311
1.953311
1.996041
1.907440
2.067907
1.654875
1.654875
2.107931
2.093139
1.953311
2.131413
2.079658
2.139522
2.208263
2.131413
2.107931
2.164611
2.139522
1.810264
2.171754
2.121194
2.166829
2.204089
1.913814
2.257137
1.674706
1.746562
2.227602
2.166829
2.275283
2.230874
2.230874
1.835106
1.746562
1.813724
1.567400
2.237248
1.844211
1.895994
1.834235
2.237248
2.237248
2.288831
2.288831
1.811105
2.032651
2.124941
1.710883
1.816942
1.899807
1.977030
1.665536
2.014586
1.725114
1.579055
2.014586
1.880318
1.880318
1.881517
1.881517
1.880318
1.845200
1.843143
1.845200
1.488015
1.886948
1.729154
1.556808
1.626749
1.739932
1.743954
1.585561
1.743954
1.488445
1.472173
1.709249
1.444715
1.515937
1.516149
1.444715
1.043403
1.045684
0.997681
1.112465
1.072990
1.233273
1.007265
1.233273
1.270744
1.301256
1.379812
1.365848
1.281810
1.127995
1.047878
1.440207
1.464212
1.419399
1.491019
1.492342
1.453484
1.352971
1.287254
1.512461
1.380761
1.444538
1.500234
0.791027
0.803213
1.358704
1.400437
1.657001
1.491711
1.415032
1.669128
1.604513
1.502787
1.694185
1.537593
1.541789
1.585682
1.475695
1.595512
1.625320
1.913707
1.664575
2.076524
2.076524
1.725592
1.752221
1.860283
1.703088
1.824746
1.918429
2.068600
2.131367
2.182846
2.079658
1.640174
1.601806
1.762869
1.853436
2.280027
2.164611
2.235881
2.235881
2.280663
2.072722
2.183007
1.640174
2.213849
2.171754
2.234567
1.839625
1.777801
2.356612
2.257137
2.263630
2.166829
2.166829
2.235625
2.235625
1.955824
2.322127
2.227602
1.908493
1.835106
2.085470
2.085470
2.124212
2.124212
1.844211
1.748853
1.816942
1.748853
1.748853
1.921054
1.940361
1.831833
1.977030
1.594812
1.831833
1.621114
1.725114
1.830085
1.988921
1.831833
1.880318
1.597310
2.107556
1.967772
2.036715
1.579055
1.845200
1.843143
1.590920
1.886948
1.488015
1.892387
1.739932
1.709249
1.673398
1.549042
1.472173
1.739932
1.716562
1.340974
1.439783
1.432268
1.720903
1.542246
1.542246
1.440900
1.439783
1.444715
1.432268
1.444715
1.610691
1.525445
1.112465
1.102795
1.027117
1.003142
1.160163
1.160163
0.993995
1.023771
1.261599
1.172202
1.261599
1.064061
1.023700
1.088626
1.237079
1.318526
1.176595
1.285224
1.218671
1.335461
1.385925
1.553603
1.491019
1.453484
1.273883
1.159951
1.159951
1.272916
1.409032
0.791027
0.812211
1.380761
1.449458
1.449458
1.358704
1.535781
1.621172
1.667524
1.456593
1.448894
1.479362
1.668699
1.659836
2.012140
1.944179
1.960201
1.541789
1.659836
1.659836
2.016462
1.676344
1.933522
1.933522
2.106473
2.012140
2.117127
1.676138
1.994043
2.204835
2.156127
2.176183
1.728721
1.994043
2.032354
2.106473
2.156127
2.094142
1.860283
1.779552
1.819809
2.243269
2.068600
2.087093
2.087093
2.094142
2.280027
2.253844
2.243269
2.196679
2.280027
2.367966
2.196013
2.183007
2.243269
2.139522
1.674706
1.773580
2.104617
2.191387
2.107965
2.356612
2.280663
2.351658
2.276789
1.913127
1.746562
2.100807
2.313347
1.955824
2.335135
1.897565
2.221773
2.125758
2.125758
2.133529
1.908493
2.046894
1.620079
2.082365
2.010011
1.749893
1.901658
1.901658
2.100046
2.100046
1.621114
2.106757
1.968500
2.100046
1.736135
1.988858
1.988858
1.556808
2.036715
1.366340
1.896614
1.896614
1.892387
1.892387
1.892387
1.730016
1.716562
1.525280
1.515937
1.432268
1.730016
1.525280
1.525445
1.390660
1.025476
1.047645
0.991354
1.003142
1.108375
1.077931
1.108375
0.944614
1.183562
1.237079
1.072417
1.229288
1.182358
1.155100
1.285224
1.191842
1.229288
1.191842
1.285224
1.351852
1.491019
1.491019
1.216304
1.040417
1.365373
1.553603
1.453484
1.266479
1.600497
1.528753
1.267773
1.272916
1.352971
1.380761
1.044973
1.449458
1.621172
1.621172
1.512461
1.669128
1.491711
1.669128
1.669128
1.467667
1.869368
2.016462
1.676344
1.812740
1.769216
1.625320
1.669257
1.748260
2.097598
2.032354
1.918429
1.676138
1.725592
1.790976
2.076524
2.094142
2.014967
2.117127
1.853436
2.191387
2.104617
2.243269
2.235881
1.853436
1.853436
2.196679
1.909784
2.346704
2.280663
2.191387
2.280663
2.108237
2.260960
1.909784
2.257137
2.191387
2.260960
1.881300
1.942016
1.942016
1.955824
2.403233
2.257137
2.322127
2.322127
2.322127
2.187253
2.235625
2.221773
2.221773
1.913127
1.925681
1.978797
2.046894
2.005116
2.082365
2.005116
2.010011
1.901658
2.005116
1.733419
1.901658
1.921054
1.806138
1.968500
2.107556
2.107556
1.967772
2.036715
1.576359
1.876227
1.876227
1.824731
1.876227
1.337077
1.916210
1.725415
1.673398
1.673398
1.627233
1.337077
1.298076
1.627233
1.720903
1.470644
1.390660
0.962145
0.986226
1.047645
0.964099
1.025476
1.108375
0.942796
1.172202
1.160163
1.081748
1.003142
1.237079
1.182358
1.182358
1.309052
1.191842
1.320995
1.102115
1.113512
1.309052
1.435080
1.464212
1.527793
1.365373
1.622486
1.266479
1.232105
1.266479
1.272916
1.272916
1.409032
1.415525
1.267773
1.415525
1.380761
1.512461
1.342351
0.928789
1.380761
0.904413
1.512461
0.746365
0.815065
1.375891
1.289558
1.621172
1.632640
1.596759
1.440058
1.483176
1.667524
1.643415
1.668699
1.659836
1.668699
1.814599
1.907058
1.878878
1.960201
2.115355
2.036890
1.669257
1.838761
2.036890
2.016462
1.918429
2.097598
1.824746
2.063001
2.076524
2.143467
2.043394
1.924843
1.627772
1.676138
2.094142
2.014967
1.819809
2.014967
1.853436
2.105158
2.104617
2.196013
2.191387
2.183007
2.183007
2.257137
2.257137
2.183007
2.257137
1.897565
2.235625
2.221773
1.978797
2.187253
1.897565
2.221773
1.955824
1.908493
1.837000
1.940165
1.912832
1.809643
1.769532
2.100046
1.968500
2.107556
1.690804
1.967772
1.988858
1.988858
1.876227
1.896614
1.725415
1.728505
1.432268
1.716562
1.432268
1.720903
1.730016
1.461707
1.496186
1.461707
1.383688
1.470644
1.555650
1.383688
1.390660
1.390660
1.541329
1.541329
1.470644
1.506781
0.983066
1.037337
0.914423
1.003142
1.172202
1.003142
1.114216
1.260560
1.126903
1.207785
1.182358
1.351852
1.289049
1.149066
1.309052
1.385925
1.428644
1.527793
1.322757
1.365373
1.220779
1.229016
1.528753
1.209942
1.384526
1.437396
1.401459
1.246247
1.346984
1.437396
1.249699
1.605822
1.435526
1.621172
0.912966
0.944703
1.409899
1.588179
1.640311
1.440058
1.596759
1.624458
1.604716
1.448894
1.502057
1.638090
1.907058
1.869368
1.717931
1.625320
1.598034
1.754042
1.953064
1.878878
2.121718
1.933522
1.922008
1.625320
1.625320
1.864706
2.012140
2.016462
2.012140
1.790976
1.920656
2.143467
1.794399
1.731478
2.043394
2.094142
1.994043
1.824746
2.117127
2.117127
2.117127
2.182846
2.076524
1.994043
2.152081
1.855002
1.731478
2.076524
2.282694
2.156127
2.280027
2.348138
2.243269
2.274197
2.105158
1.720793
1.908864
1.669782
1.627772
1.757825
2.105158
2.109097
2.196013
1.975995
2.105158
2.196679
2.278141
2.196013
2.054393
2.280663
2.356612
2.156877
2.166969
2.183007
2.108237
1.942016
2.335135
1.913127
1.978797
1.768802
1.986454
1.679064
1.943131
1.867088
1.928423
1.785338
1.936609
1.901658
1.921054
2.130309
1.988921
1.968500
1.988921
1.808201
2.118242
1.576359
1.948834
1.967772
1.465494
1.519470
1.337077
1.876227
1.725415
1.793589
1.905504
1.728505
1.673398
1.716562
1.730016
1.593727
1.461707
1.354442
1.383688
1.390660
1.524492
0.930202
0.994360
0.949423
0.949423
1.077335
1.106311
1.039158
1.187391
1.037675
0.959899
1.183257
1.187391
1.260560
1.021847
1.223154
1.161314
1.141293
1.102115
1.231373
1.231373
1.231373
1.216304
1.522563
1.232105
1.151270
1.306222
1.346984
1.437396
1.652412
1.907058
1.869251
1.907058
1.907058
1.635274
1.869251
1.869368
1.635274
1.717931
1.813738
1.661606
1.659836
1.960201
2.015697
2.038206
1.715929
1.922008
1.661606
2.015697
2.115355
1.534253
1.598034
1.618221
2.015697
2.115355
2.130161
2.005888
1.920656
1.866796
2.152081
2.274197
2.190838
2.282694
1.678554
1.588449
2.348138
2.196013
1.784229
1.853436
1.909784
1.967097
2.257137
1.895543
1.793225
2.182061
2.088910
1.925681
1.940165
2.055665
1.993016
2.055665
1.905335
1.877455
1.950730
1.877455
2.052132
1.950730
1.905335
1.663687
1.843658
1.760486
1.928423
1.832506
2.070805
1.936609
1.936609
1.769532
1.820004
1.806138
1.678341
2.130309
2.092844
1.852049
1.960680
2.118242
1.957465
2.118242
2.012325
1.378240
1.556808
1.818619
1.818619
1.793589
1.788785
1.631578
1.364098
1.432268
1.631578
1.593727
1.292400
1.437009
1.577272
1.446807
1.524492
1.265042
1.362120
0.983066
0.991354
0.990445
1.056685
1.087871
1.187391
1.037675
1.285354
1.285354
1.209213
1.103727
1.138589
1.285354
1.393349
1.393349
1.248711
1.322757
1.322757
1.254751
1.151640
1.229029
1.522563
1.522563
1.151640
1.303308
1.306222
1.232105
1.314330
1.246247
1.249699
0.880940
1.344187
1.605822
1.465319
1.515653
1.344187
1.471100
1.640311
1.605822
1.517196
1.604716
1.638090
1.856717
1.635274
1.813738
1.574498
1.661606
1.661606
1.598034
1.715531
1.715531
1.878878
1.717931
1.717931
1.661606
2.037265
2.037265
1.541788
1.954113
2.231302
1.794399
1.754042
2.121718
1.920656
1.618221
1.920656
2.063001
2.063001
1.908864
1.844356
1.844356
1.895543
1.912166
1.887513
1.912166
2.114304
2.161082
1.832270
1.887513
1.843658
1.710869
1.843658
1.943131
1.806080
2.130309
1.960680
1.957465
1.960680
1.590920
1.798873
1.905504
2.012325
2.012325
1.497305
1.617004
1.729935
1.818619
1.635992
1.354442
1.364098
1.635992
1.613739
1.635992
1.593727
1.364098
1.437009
1.527209
1.437009
1.364098
0.955228
1.095266
0.949423
0.872358
0.959899
0.949423
0.971407
1.153787
1.203471
1.175844
1.100030
1.145736
1.428644
1.151640
1.306222
1.151270
1.246247
1.226387
1.346984
1.344187
1.549596
1.515653
0.965261
1.399982
1.604716
1.592809
1.483176
1.592809
1.631983
1.476915
0.916261
0.895546
1.761068
1.812178
1.812178
1.869251
1.812178
1.574498
1.633412
1.717931
1.665663
1.869251
1.869251
1.534253
1.952863
2.038206
2.011585
1.715531
1.799040
1.849566
1.661606
1.663076
1.715531
1.864706
1.864706
1.754042
1.838761
1.944831
1.838761
2.037265
2.130161
2.037265
1.570435
1.570435
1.696729
2.063001
1.794399
1.855002
1.855002
1.908864
1.908864
2.109097
1.873104
1.873104
2.166969
1.897956
1.687582
1.912166
2.161082
2.182061
1.887513
1.999033
1.738279
1.970243
1.993016
2.052132
1.993016
1.905335
1.710869
1.659295
1.936609
1.806080
2.130309
1.820004
1.960680
1.948834
1.948834
1.948834
1.431262
1.470692
1.560926
1.497305
1.470692
1.840278
1.818619
1.378240
1.432268
1.818619
1.364098
1.593727
1.593727
1.214472
1.292027
1.397187
1.397187
1.613739
1.191677
1.265042
1.362120
0.902925
0.920967
0.951642
0.964099
0.991427
0.902925
1.016185
1.075443
0.906814
0.971407
1.117662
1.117662
1.106311
1.063431
1.187391
1.203471
1.161314
1.285354
1.138589
1.230569
1.322487
1.138589
1.428644
1.229478
1.098236
1.231373
1.303308
1.249915
1.145736
1.145736
1.229029
1.187201
1.151270
1.121336
1.075682
1.234618
1.344187
1.497354
1.601676
1.635301
1.869504
1.869504
1.791341
1.651613
1.665663
1.690056
1.589691
1.666950
1.633412
1.889078
1.869251
1.715531
1.999029
1.706904
1.889078
2.015697
1.690255
1.891428
1.772961
2.076630
1.541788
1.864706
1.696729
1.720793
1.908864
1.967097
1.844356
1.873104
1.965107
1.873104
1.895543
1.997858
1.950966
1.945036
2.052132
1.871375
1.950730
1.950730
1.843658
1.986139
1.727180
1.792777
1.951730
1.895752
1.806080
1.820004
1.806080
1.908678
1.820004
1.957465
1.957465
1.948834
1.960680
1.633270
1.860454
1.948834
1.905504
1.794921
1.837025
1.837025
1.378240
1.763657
1.793589
1.643120
1.641699
1.621366
1.247743
1.247743
1.631578
1.631578
1.364098
1.631578
1.629436
1.624867
1.527209
1.376447
1.292027
1.362120
0.991427
0.875602
0.927984
1.063431
1.216242
1.279674
1.174071
1.248711
1.160381
1.203716
1.161484
1.187201
1.297544
1.154998
1.169512
1.181537
1.209543
1.209543
1.246247
1.334576
0.928789
1.368697
1.540786
0.835280
1.651613
1.777529
1.791341
1.532774
1.574498
1.869504
1.869504
1.791341
1.645726
1.532774
1.724098
1.949606
1.999029
1.952863
1.666950
1.772961
1.813738
1.598034
1.904197
2.076630
1.662756
1.690255
1.772961
1.666950
1.891428
1.772961
1.964947
1.964947
1.534253
1.599279
2.137810
1.964947
1.891428
1.944831
1.599279
1.654132
2.034779
2.034779
2.282803
2.309521
2.282803
2.309521
1.965107
2.154485
1.751635
1.751635
2.154485
2.182061
1.944958
2.062821
2.062821
1.957647
1.907881
1.986454
1.790122
1.907923
1.907923
1.721980
1.836633
1.928106
2.032570
1.862387
1.862387
1.792777
1.928106
1.768588
1.928106
1.727180
1.908678
1.768588
1.895752
1.790491
2.053530
1.884150
1.790491
1.884150
1.973305
1.517148
1.840278
1.400841
1.521075
1.273969
1.642861
1.635992
1.641699
1.663994
1.364098
1.663994
1.248138
1.292027
1.468233
1.335284
1.392892
1.335284
1.265042
1.366909
1.366909
0.951642
0.826366
0.991427
0.866892
0.931659
0.875602
1.091754
1.117662
1.096009
1.043455
1.037675
1.197152
1.101956
1.274787
1.237082
1.285058
1.099242
1.160381
1.095287
1.275081
1.187201
1.209543
1.390694
1.316846
1.316846
1.519691
1.635301
1.791341
1.519691
1.589691
1.651613
1.791341
1.451360
1.532774
1.719745
0.998340
1.706904
1.610554
1.662756
1.792368
1.463683
1.463683
1.891428
1.842212
1.964947
1.999029
1.724098
2.011585
1.476221
1.541967
2.025630
1.561840
1.891428
2.025630
1.092893
1.721708
1.690255
1.690255
1.786694
1.152356
1.570435
1.902055
2.282803
1.965107
2.282803
2.132068
2.154485
2.132068
2.017443
1.733809
2.154485
2.114126
2.045575
2.028284
2.045575
1.907923
1.836633
1.867775
1.768588
1.908678
1.612758
1.612758
1.908678
1.908678
2.053530
1.884150
1.884150
1.973305
1.973305
1.860454
1.417268
1.417268
1.860454
1.763657
1.643120
1.381209
1.642861
1.642861
1.227400
1.444562
1.663994
1.444562
1.444562
1.392892
1.432902
1.432902
1.468233
0.967913
1.006535
0.843533
0.893431
1.117662
1.117662
1.117662
0.968079
1.203471
0.990035
0.980838
1.203471
0.982004
1.230569
1.230569
1.237082
1.099242
1.099242
1.249915
1.100614
1.100614
1.314685
1.196945
1.234618
1.417332
1.550344
0.925276
1.471100
1.631983
1.635301
0.835280
1.690056
1.777529
1.896177
0.941184
0.835280
0.895546
1.690056
1.589691
1.645726
1.949606
1.949606
1.906798
1.999029
1.792368
1.842212
1.706904
1.706904
1.792368
1.724098
1.904197
1.842212
1.891428
1.849566
1.964947
1.721708
1.599279
1.152356
1.152356
1.786694
1.284619
1.859893
1.859893
1.685849
2.034779
1.980414
1.859893
2.034779
1.965107
2.114126
1.897956
2.114126
1.945036
1.997858
2.062821
1.986454
1.957647
1.945036
1.993984
1.954030
2.007141
2.712084
2.562771
1.947495
2.679399
1.593162
1.651521
1.928106
1.790122
1.993984
2.520787
2.501007
2.532571
1.951730
1.875220
1.875220
2.258956
2.118325
2.410437
1.824942
1.678013
1.687179
1.827814
1.612758
1.951730
1.782174
1.790491
1.758424
2.053530
1.860454
1.519099
1.973305
1.794921
1.843908
1.691323
1.743500
1.641699
1.663994
1.641699
1.641699
1.151913
1.381209
1.458731
1.629436
1.478538
1.458731
1.458731
1.227400
1.245015
1.227400
1.335284
1.392892
1.300665
1.227400
1.366909
1.214279
0.843533
1.006535
1.016185
1.016185
1.075443
0.889475
1.063431
1.018034
0.906814
1.096009
1.238775
0.985726
1.216242
1.253846
1.187294
1.100560
1.319247
1.298270
1.230569
1.256799
1.237082
1.197152
1.237082
1.252261
1.172599
1.174071
1.095287
1.022121
1.095287
1.276995
1.275081
1.299846
1.275081
1.209543
1.062580
1.301339
1.316846
1.234618
1.314685
1.273604
0.965261
1.497354
0.880760
1.663137
1.663692
1.635301
1.949253
1.645726
1.681073
1.519691
1.651613
1.949253
1.532774
1.896177
1.888896
1.745188
1.437075
1.906798
1.688652
1.842212
1.690056
1.666950
1.970789
1.473510
1.822559
1.621829
1.822559
1.930058
1.964947
1.930058
1.949606
1.278214
1.394773
1.480371
1.438986
1.349361
1.349361
1.902055
2.311998
1.833392
1.777873
1.902055
2.341697
2.098814
1.773322
2.001867
2.005482
1.927100
2.173530
2.017443
1.722592
1.645782
1.999743
2.114126
1.751635
2.045575
2.028284
2.202784
1.999033
1.930184
1.907881
1.945036
1.836633
1.941959
2.882190
2.712084
2.686699
2.555906
2.774779
2.929471
2.712084
1.993984
2.717363
2.662720
1.790122
2.811170
2.562771
1.927095
1.947495
2.679399
2.679399
1.947495
2.170417
2.606190
2.657493
2.554790
2.374744
2.484031
2.258956
1.896117
2.168163
1.623895
1.593162
1.727180
2.496338
2.226992
2.071457
1.810174
2.496338
2.410437
2.410142
1.987439
1.639786
1.635065
1.910432
1.987439
1.639786
1.677323
2.053530
1.884150
1.885059
1.403543
1.400841
1.794921
1.400841
1.431432
1.837025
1.380178
1.593790
1.642861
1.642861
1.301475
1.473380
1.151913
1.478735
1.268810
1.156348
1.217584
1.154673
0.802883
0.875602
0.866892
0.976044
1.090772
0.966706
1.101592
1.101592
1.138421
1.091754
1.187294
1.187294
1.138421
1.213252
1.232446
1.171620
1.297418
1.161484
1.248241
1.188892
1.195015
1.107095
1.107095
1.184857
1.158468
1.199109
1.213076
1.141255
1.112395
1.243619
1.301339
1.141255
1.201645
1.093745
1.056885
1.440206
0.965261
1.300129
1.429040
1.002802
0.826348
1.519691
1.520184
1.949253
1.855001
1.682175
1.610001
1.610001
1.589691
1.520184
1.788707
1.949253
1.722846
1.719745
1.788707
1.729324
1.729324
1.471303
1.451360
1.669171
1.840828
1.840828
1.840828
1.896177
1.669171
1.722846
1.920011
1.740431
1.930058
1.476221
1.584722
1.483178
1.721708
1.706069
1.854994
1.786694
1.654132
1.654132
2.054644
1.894083
2.034779
2.034779
1.438986
2.118742
1.948810
2.005482
1.824798
1.866037
2.109383
1.796650
1.824176
1.833736
1.774893
2.202784
2.156638
2.156638
1.912289
1.925034
1.930184
2.879235
2.929471
1.860210
2.110032
1.941959
2.745147
2.805232
2.662720
2.593152
2.873074
2.805232
2.798824
2.873074
2.851347
2.532571
2.450370
2.672689
2.401786
2.401786
2.022074
2.520607
2.520607
1.668966
2.731719
2.557391
2.410142
2.401786
1.668966
1.651521
2.401786
2.520607
1.810174
1.496244
2.471380
2.311230
2.359526
2.520607
2.138461
2.138461
1.956927
2.080909
2.236145
1.987942
1.987942
1.910432
1.987942
1.833917
1.956927
2.311230
1.700228
1.833917
1.542857
1.788323
1.662142
1.717687
1.564712
1.676678
1.271191
1.631207
1.837025
1.227400
1.459750
1.485904
1.467966
1.473380
1.485904
1.248138
1.452644
1.419702
1.419702
1.419702
1.392892
1.154673
1.300665
1.468233
1.269141
1.266911
0.925253
0.960879
0.806018
0.889475
0.798878
0.832251
0.793748
0.991427
0.955803
0.850294
1.019155
0.909215
0.952267
0.909215
1.019155
1.090772
0.850294
0.910384
1.138421
1.238775
1.298270
1.256799
1.319247
1.279674
1.256799
1.172599
1.090741
1.090741
1.099242
1.090741
1.112395
1.100614
1.112395
1.263628
1.242084
1.263628
0.943366
1.454012
1.643399
1.608901
1.682175
1.608901
1.439811
1.520184
1.456118
1.439811
1.663137
1.727059
1.871353
1.905774
1.871353
1.905774
1.949253
1.610001
1.682175
1.682175
1.456118
1.585940
1.669171
1.788707
1.840828
1.905774
1.884171
1.585940
1.840828
1.473510
1.473510
1.634316
1.634316
2.118742
2.311998
1.975762
2.311998
1.431907
1.564493
1.833392
1.777873
1.833392
1.639714
1.878635
1.882059
1.733809
1.740000
1.796650
1.882601
1.897956
2.100103
2.879235
2.805232
2.593152
2.007141
1.962514
2.745147
2.829901
1.860210
2.929471
2.637532
2.815508
2.789572
2.835931
2.170417
2.798824
2.450370
2.170417
2.851347
2.664495
2.789572
1.721980
1.802723
1.802723
2.873074
2.700844
2.851347
2.798824
2.326338
2.717363
2.611335
2.717359
2.401786
2.326338
1.623895
1.623895
2.717359
2.220338
2.520787
2.767457
2.767457
2.717359
2.554790
2.496338
2.496338
1.668966
1.810174
2.220338
2.554790
2.410142
2.542174
2.554790
2.265222
2.410142
2.133787
1.810174
1.768588
1.678013
2.133787
2.257168
2.236145
2.359526
2.359526
1.678013
2.338043
2.080909
2.080909
2.236145
1.639786
2.236145
2.138461
1.700228
1.677323
1.788323
1.700228
1.885059
1.662142
1.885059
1.648364
1.885059
1.885059
1.782952
1.403543
1.782952
1.782952
1.301475
1.413508
1.273969
1.645426
1.245361
1.478735
1.178726
1.303468
1.217584
1.217584
1.154673
0.746878
0.866892
0.826366
0.988126
0.958168
1.006535
0.951428
0.978501
0.960879
1.057061
0.978501
1.090772
1.101592
1.101592
1.090772
1.195505
1.057061
1.195505
1.042827
1.213964
1.238775
1.238775
1.326586
1.325187
1.326586
1.256799
1.098672
1.237082
1.115033
1.115033
1.097701
1.213076
1.141255
1.141255
1.380281
1.358007
1.251119
1.251119
1.240403
1.411884
1.411884
1.475431
1.643399
1.663137
1.663137
1.610001
1.663692
1.871353
1.663692
1.594525
1.663692
1.944399
1.949253
1.949253
1.456118
1.856170
1.722846
1.888896
1.888896
1.619724
1.671846
1.521575
1.703088
1.854994
1.854994
1.740973
1.894083
1.943656
2.118742
1.975762
1.975762
1.263184
1.722592
1.563052
1.940406
1.942541
1.940406
1.748586
1.831394
1.747064
1.765390
1.870973
1.870973
1.882601
1.925034
1.870973
2.879235
2.931607
2.738131
2.738131
2.829901
2.835931
2.815508
2.110032
2.873074
2.929471
2.929471
2.805232
2.745147
1.933895
2.882190
2.915790
2.805232
2.110032
2.637532
1.802723
2.692914
2.789572
2.815508
2.818646
2.220338
2.022074
2.371624
2.371624
2.672689
2.774779
2.774779
2.733846
2.007141
2.168163
2.170417
2.637532
1.802723
2.662720
2.774779
2.700844
2.767457
2.202968
2.326338
1.668966
2.558952
1.668966
2.471380
2.492808
2.672689
2.558952
2.558952
2.265222
2.400117
1.542569
2.554790
1.987942
2.400117
2.133787
2.226992
2.338043
2.554790
2.338043
2.410142
2.400117
2.138461
2.257168
2.257168
1.952936
2.087539
2.116201
1.976340
2.087539
1.976340
2.088073
2.359526
1.788323
1.842611
1.700228
1.700228
1.826224
1.826224
1.952936
2.096733
2.100264
2.100264
1.677323
1.885059
1.564712
1.677472
1.677472
1.717687
1.676678
1.645426
1.590911
1.590911
1.590911
1.659832
1.171403
1.485904
1.485904
1.452644
1.108586
1.269141
0.844222
1.006535
1.101592
1.176259
1.101831
1.195505
1.212321
1.315118
1.296103
1.195505
1.319247
1.326586
1.292269
1.313134
1.313134
1.327766
1.330475
1.403838
1.329472
1.390411
1.329472
1.093196
1.090741
1.129834
1.118352
1.135609
1.112395
1.161117
1.263628
1.365234
1.242084
1.312245
1.629588
1.671323
1.870510
1.856634
1.392643
1.403424
1.758704
1.734596
1.758704
1.856502
1.870510
1.608901
1.824361
1.832794
1.870510
1.832794
1.456118
1.871353
1.856170
1.840828
1.474020
1.585940
1.643627
1.671846
2.054644
2.295846
1.943656
2.192531
1.962242
1.995958
1.564493
1.656300
1.733809
1.999743
1.870973
1.796650
2.841575
1.964128
2.886285
2.072468
2.851146
2.054062
2.851146
2.851146
1.601327
2.054062
2.072468
2.929471
2.879235
2.800624
2.395869
2.723702
2.395869
2.835931
2.851146
2.873074
2.882190
2.769514
2.138798
2.450370
2.224228
2.138798
2.371624
2.555906
2.643111
2.766311
2.843779
2.662720
2.662720
2.450370
2.409447
2.847891
2.843779
2.789572
2.371624
2.700844
2.700844
2.653079
2.653079
2.554790
2.226992
2.510224
2.471380
2.542174
2.379996
2.496338
2.138461
2.071457
2.236145
2.086244
2.324154
1.967805
2.093244
2.311230
2.234699
1.678013
2.138461
2.274765
1.967805
2.259629
1.678013
2.100264
1.788323
1.676935
1.791252
1.945479
1.648720
2.088073
1.894190
1.686378
1.791252
1.842611
1.671616
1.677472
1.488518
1.676678
1.698321
1.676678
1.570439
1.645426
1.171403
1.231220
1.459187
1.478538
1.473380
1.459750
1.482967
1.268810
1.286945
1.095799
1.099614
1.188335
1.178726
1.154673
1.154673
1.233055
0.793748
0.831348
0.831348
0.866892
0.920695
0.842534
0.960879
0.988126
0.988126
1.074405
1.076109
1.149286
1.024266
1.281855
1.315118
1.333710
1.333710
1.275913
1.315118
1.292269
1.053301
1.253846
1.438385
1.098672
1.119597
1.446320
1.438385
1.237082
1.237082
1.097607
1.237082
1.115033
1.112723
1.191188
1.252611
1.327779
1.316953
1.312908
1.340969
1.502638
1.447070
1.629588
1.629588
1.613688
1.582293
1.613688
1.498813
1.682429
1.577978
1.671323
1.944399
1.752944
1.682429
1.802023
1.824361
1.602229
1.695312
1.695312
1.881129
1.927975
1.943656
2.128558
1.962242
1.995958
1.837294
1.837294
1.910253
1.585721
1.639714
2.024470
2.001867
1.996197
2.005482
1.842110
1.910253
1.878635
1.942541
1.942541
1.909544
1.966635
1.796650
2.829901
2.938857
2.886285
2.710463
2.045492
2.899953
2.682467
2.886285
2.800624
2.535485
2.723702
2.829901
2.926003
2.938857
2.738131
2.510108
2.100103
1.610300
2.054062
2.043031
2.800624
2.297324
2.138798
2.867472
2.593152
2.102822
2.643111
2.806710
2.836198
2.574297
2.356737
2.319893
2.319893
1.933895
2.395869
2.102822
2.729036
2.817907
1.704451
2.817907
2.222014
2.449812
1.666830
1.666830
2.148555
2.766311
2.592659
2.677152
2.727170
2.767457
2.677152
2.677152
1.498522
2.055824
2.508152
2.259629
2.274765
2.342289
2.508152
2.324154
2.239433
2.055824
2.324154
2.296687
1.419953
1.639786
2.280143
2.086244
2.117635
2.239433
1.967805
2.280143
2.234699
1.642128
2.116201
1.778256
1.671616
1.905788
2.079086
1.662142
1.945479
1.632278
1.765060
1.413508
1.686378
1.717687
1.403543
1.631207
1.631207
1.645426
1.299366
1.409494
1.645426
1.613573
1.478538
1.484258
1.484258
1.482967
1.231220
1.231220
1.473380
1.286945
1.291470
1.303590
1.246959
1.108586
1.303468
1.188335
1.188335
1.233055
0.617573
0.745532
0.745532
0.831348
0.864470
0.958168
0.951428
0.910384
1.074405
1.076109
1.149286
1.196981
1.315118
1.315118
1.292269
1.459441
1.333710
1.315118
1.281855
1.446320
1.407920
1.329472
1.407920
1.426535
1.446320
1.243026
1.403838
1.243026
1.180521
1.180521
1.115033
1.044542
1.047137
1.107095
1.024520
1.168391
1.161117
1.161117
1.280077
1.334520
1.434829
1.438372
1.498813
1.856634
1.671323
1.582293
1.392643
1.437094
1.613688
1.758704
1.671323
1.832794
1.870510
1.870510
1.832794
1.470929
1.521891
1.643627
2.295846
2.128558
1.962242
1.772279
1.772279
1.636297
1.718167
1.638874
1.909544
2.216165
1.816686
2.926003
2.926003
2.899953
1.966635
2.800318
2.926003
2.800318
2.139852
2.574297
2.915790
2.851146
2.785351
2.899953
2.800624
2.245970
2.045492
2.739766
2.682467
2.841575
2.841575
2.297324
2.769514
2.785351
2.867472
2.643111
2.783385
2.739766
2.769514
2.245970
2.643111
2.395869
2.449812
2.867472
2.449812
1.704451
1.718805
2.817907
2.409447
2.817907
2.766311
2.729036
2.729036
2.592659
2.677152
2.843779
2.677152
1.666830
2.509291
2.510224
2.508152
2.458008
1.571828
1.927176
1.927176
2.653079
2.458008
2.509291
2.458008
2.510224
2.508152
1.676935
2.492808
2.259629
2.324154
1.927176
2.274765
1.676935
2.342289
2.296687
2.296687
2.324154
2.296687
1.808043
1.927176
2.259629
1.639786
1.534873
2.324154
2.116201
1.808043
1.967805
2.116201
2.116201
1.945479
1.945479
2.063161
1.945479
1.823695
2.020655
2.020655
1.894190
2.097395
1.823695
2.020655
2.063161
1.894190
1.689162
1.689162
1.876768
1.934160
1.778256
1.765060
1.632278
2.096733
1.953048
2.096733
1.534291
1.671616
1.857617
1.765060
1.857617
1.860980
1.660616
1.698321
1.602725
1.782952
1.660616
1.270870
1.649409
1.570439
1.572355
1.606493
1.372932
1.434664
1.231220
1.245015
1.459187
1.110318
1.110318
1.084508
1.256655
1.246959
1.110318
1.188335
1.110256
1.256655
0.745532
0.719573
0.588440
0.892568
0.831348
0.988126
1.044170
1.074405
1.161118
1.074405
1.149286
1.044170
1.121370
1.161118
1.196981
1.161118
1.234551
1.281855
0.962389
0.967378
1.038447
1.281855
1.459441
1.459441
1.404108
1.163374
1.281855
1.362967
1.411388
1.426535
1.446320
1.438385
1.446320
1.315864
1.329472
1.504942
1.243026
1.403838
1.187000
1.044542
1.118352
1.159442
1.161117
1.240403
1.312245
1.434829
1.447070
1.389943
1.501697
1.501697
1.581078
1.736165
1.582293
1.534264
1.856634
1.392643
1.372684
1.736165
1.540093
1.582293
1.392643
1.577978
1.832794
1.806360
1.758704
1.470929
1.437094
1.758704
1.602229
1.474020
1.649580
1.597823
1.530029
2.068995
1.881129
1.959063
1.927975
2.128558
2.128558
2.128558
2.295846
1.793036
1.636297
1.793036
1.942541
1.996197
2.854849
2.870442
2.817647
2.854849
1.755800
2.710463
2.013681
1.926276
1.966635
1.909544
2.714188
2.139852
2.682467
2.788916
2.806164
2.682196
2.139852
1.660657
2.938857
2.072468
2.677179
2.829901
2.829901
2.710463
2.806164
2.297324
2.535485
2.829901
2.806710
2.829901
2.899953
2.245970
1.601327
2.867472
2.643111
2.743303
2.409447
2.806710
2.769514
1.505532
1.487009
2.677152
2.222014
1.597138
2.592659
2.592659
2.518303
2.202968
2.432950
1.496244
1.571828
1.571828
1.666830
2.093244
2.148555
1.571828
2.458008
2.432950
1.505388
2.274765
2.508152
1.666491
1.776352
2.274765
2.274765
1.676935
1.676935
2.096733
2.296687
2.063161
2.096733
2.079086
2.171106
1.945479
1.810378
2.063161
1.905788
1.512174
2.116201
1.876768
1.894190
1.810378
1.778256
1.876768
1.905788
1.765060
1.689162
1.536785
1.632263
1.857617
1.685675
1.379152
1.632278
1.590520
1.299366
1.570439
1.510102
1.649409
1.484258
1.424990
1.424558
1.472011
1.084508
1.018155
0.588440
0.602055
0.703722
0.645182
0.609409
0.568605
0.645182
0.682323
0.746878
0.676930
0.794178
0.920695
0.746878
0.951428
0.958168
0.958168
0.908759
0.809433
0.889239
1.044170
1.020620
0.893818
1.109892
1.234551
1.221652
1.411388
1.411388
1.404108
1.404108
1.408072
1.383283
1.421600
1.428719
1.405631
1.470932
1.543835
1.438385
1.446320
1.087678
1.312318
1.187000
1.297622
1.312318
1.201693
1.115762
1.139021
1.139021
1.171237
1.280077
1.168391
1.383375
1.594383
1.594383
1.856634
1.824627
1.564129
1.629588
1.648568
1.582293
1.531117
1.665199
1.736165
1.736165
1.531117
1.856634
1.736165
1.832794
1.577978
1.474020
1.619724
1.529749
1.781734
1.743602
1.743602
2.118423
2.118423
1.925769
2.295846
2.118423
1.770459
1.995958
1.804947
1.585721
1.327544
1.370155
1.585721
1.750423
1.865797
2.610387
2.854849
2.816339
1.638874
1.755800
2.816339
1.770244
2.788916
2.926003
2.780088
2.710463
1.909544
1.791734
1.942541
2.886285
2.368012
2.636075
2.477675
2.477675
2.778171
2.778171
2.764952
2.009173
2.739766
2.714887
2.574297
2.800624
2.025586
2.297324
1.552097
2.692837
2.616019
2.542562
2.574297
2.817907
2.349619
2.245677
2.650354
2.349619
2.222014
2.650354
2.769514
2.222014
2.729036
2.126062
2.202968
2.148555
2.442825
2.677152
2.677152
2.508152
1.936923
2.361808
1.557632
1.411276
1.419953
1.927176
2.266500
1.666491
2.267032
2.054901
2.099133
1.642128
2.063918
2.116201
1.629296
1.718536
2.259629
2.038832
1.790933
1.876768
1.953048
2.099133
1.834166
1.730409
1.632278
1.765060
1.666822
1.689162
1.934160
1.635319
1.671616
1.857617
1.686378
1.834166
1.666822
1.701602
1.540650
1.502685
1.536785
1.590520
1.698321
1.566708
1.670860
1.572355
1.340903
1.470264
1.413508
1.491257
1.141893
1.449695
1.449695
1.484258
1.286945
1.482967
1.173907
1.060158
1.303590
1.306587
1.095799
1.303590
1.095799
1.127130
1.163390
0.450567
0.518816
0.502508
0.609409
0.745532
0.793748
0.819633
0.793772
0.809433
0.926974
0.926974
0.926974
0.958168
1.074405
1.020620
1.054254
1.157451
1.054254
1.278487
1.248859
1.383283
1.319972
1.383283
1.419540
1.397260
1.431520
1.514937
1.297622
1.431520
1.297622
1.190116
1.204015
1.139021
1.173269
1.173269
1.139021
1.175642
1.168391
1.263628
1.369347
1.534264
1.456483
1.824627
1.534264
1.372684
1.347461
1.540093
1.731166
1.638850
1.856634
1.812376
1.753993
1.495707
1.695312
1.724065
1.925769
2.104774
1.781734
1.781734
1.599283
1.599283
1.625256
1.370155
1.482948
1.629941
1.488495
1.747072
1.677631
1.424816
1.488495
2.709248
2.709248
1.894391
1.780054
2.616509
1.695967
2.495935
1.617475
2.780088
2.495935
2.593489
2.433669
1.942541
2.715309
2.715309
2.433669
1.903519
2.368012
2.593489
2.636075
2.025586
2.686746
2.013681
2.650578
2.692837
2.731749
2.692837
2.368012
2.105917
2.535485
2.542562
2.769514
2.796084
2.790362
2.512272
2.644187
2.512272
2.681961
2.650354
1.561390
1.487009
1.505532
2.687458
2.327379
2.717767
2.512272
2.681961
2.596884
2.084332
1.425468
2.588100
2.442825
2.717767
2.518303
2.377226
2.518303
2.345809
2.126062
1.999797
2.429377
2.509291
2.509291
2.429377
2.508152
2.084332
1.999797
2.055824
2.508152
2.246123
2.267032
2.206307
2.183925
2.246123
2.246123
2.267032
1.808043
2.342289
2.324154
2.263683
1.411276
1.666491
2.098002
2.116201
1.760272
2.097395
1.565894
1.565236
2.099133
2.099133
2.099133
2.098002
1.992023
2.116201
1.635319
1.931358
1.834166
1.848684
1.881063
1.797950
1.848684
1.891940
1.684835
1.730409
1.502685
1.585166
1.585166
1.701602
1.462569
1.684057
1.604357
1.604357
1.659093
1.389108
1.426457
1.659093
1.389108
1.470264
1.464426
1.532518
1.268950
1.268950
1.246959
1.045623
1.235128
0.559564
0.502508
0.518816
0.502508
0.702363
0.793772
0.746311
0.852790
0.889239
0.889239
1.017346
1.157451
1.509778
1.517662
1.530707
1.405631
1.493131
1.504942
1.362967
1.190116
1.514307
1.504942
1.514937
1.190116
1.297622
1.225776
1.201693
1.115762
1.129834
1.118352
1.125367
1.225776
1.125367
1.270057
1.173269
1.168391
1.255550
1.434829
1.406538
1.536204
1.456483
1.804757
1.668295
1.804757
1.310280
1.668295
1.648568
1.638850
1.617684
1.617684
1.746403
1.812376
1.812376
1.551316
1.731166
1.412954
1.634785
1.714748
2.047757
2.104774
2.255694
1.781734
1.804947
1.887606
2.787490
2.610387
2.610387
1.539284
2.616509
2.709248
2.787490
2.610387
2.610387
1.686302
1.686302
2.769555
2.817647
1.780054
2.686746
2.686746
2.686746
1.755800
1.893644
1.617475
2.495935
2.817647
2.810040
2.228618
2.317152
1.956645
2.555492
2.025586
2.555492
1.579482
2.009173
2.765892
2.765892
2.650757
2.692837
2.650578
2.731749
2.765892
2.452384
2.512272
1.671439
2.616019
1.815081
1.610300
2.796084
2.245677
2.687458
2.400700
2.245677
2.150273
1.704451
1.558224
2.327379
1.636366
2.442825
2.301822
2.290889
1.557632
1.557632
2.126062
2.046625
2.290889
2.377226
2.429377
1.557632
1.623126
2.442190
2.429377
2.361808
2.183925
2.098002
2.267032
2.005008
2.183925
1.666491
1.529912
2.098002
2.099133
1.565236
1.565236
1.881063
2.063918
1.585166
1.666822
1.518556
1.879010
1.891940
1.881063
1.881063
1.931358
1.819776
1.614164
1.730409
1.730409
1.462166
1.604357
1.502685
1.659093
1.566708
1.684057
1.684835
1.502685
1.462569
1.670860
1.566708
1.462569
1.502685
1.604357
1.602725
1.602725
1.572355
1.279009
1.340903
1.382818
1.208836
1.208836
1.424990
1.424990
1.095799
1.268950
1.272324
1.226978
1.246959
1.060158
0.949021
0.450567
0.520408
0.609409
0.721769
0.768614
0.793772
0.793772
0.892568
0.881746
1.017346
1.054254
1.157451
1.109892
1.248859
1.248859
1.362967
1.530707
1.530707
1.517662
1.481578
1.190116
1.397260
1.509778
1.514307
1.514937
1.514937
1.431520
1.431520
1.225776
1.367741
1.431520
1.201693
1.125367
1.125367
1.125367
1.227360
1.168391
1.254095
1.525911
1.406538
1.331899
1.406538
1.491645
1.594383
1.746403
1.472473
1.634785
1.505148
1.693980
1.693980
1.702730
2.033836
2.033836
1.887498
1.873702
1.873702
2.177112
2.255694
1.959063
2.118423
1.781734
1.625256
1.804947
1.778505
1.778505
1.703757
2.496126
2.709248
2.518127
1.617475
2.330506
1.686302
2.787490
2.610387
2.330506
2.330506
2.593489
2.228618
1.964409
2.433669
2.495935
1.964409
1.956645
2.025586
2.433669
2.433669
1.816686
2.765892
2.009173
2.692837
2.682196
1.903519
1.791734
2.765892
2.769555
2.009173
2.765892
1.791734
2.160107
2.616019
2.650757
2.731749
2.731749
2.160107
2.512272
2.512272
2.644187
2.687458
2.687458
2.687458
2.400700
2.349619
2.400700
2.687458
1.460396
1.487009
2.327379
2.329362
2.588100
2.285164
2.650354
2.596884
2.440706
2.301822
2.518303
2.650354
2.588100
2.084332
2.246141
2.285164
2.046625
2.046625
2.361808
2.361808
2.098827
2.429377
1.999797
2.311301
2.429377
2.246123
1.356004
1.411276
2.246123
2.157538
1.871122
2.054901
1.468192
2.099133
1.572499
1.791252
2.063918
2.063918
1.891940
2.038832
1.931358
1.881063
1.879010
1.834166
1.833798
1.832514
1.834166
1.848684
1.393990
1.423679
1.684835
1.440810
1.797950
1.684057
1.505539
1.505539
1.604357
1.518556
1.502685
1.659093
1.626039
1.462569
1.606493
1.141893
1.279009
1.424990
1.270836
1.270836
1.045623
0.986333
0.431165
0.602055
0.696518
0.676930
0.768614
0.860274
0.789805
0.746311
0.892568
0.838231
0.808667
0.892568
0.984096
1.017346
0.993145
1.020620
1.069585
1.223492
1.234551
1.234551
1.362967
1.321864
1.493131
1.530707
1.517662
1.482227
1.455654
1.237222
1.355283
1.273509
1.120348
1.270057
1.147859
1.141871
1.254095
1.360041
1.273520
1.232866
1.328354
1.328354
1.772397
1.525911
1.613120
1.472473
1.746089
1.688255
1.613120
1.668295
1.668295
1.741196
1.594383
1.746403
1.597492
1.478879
1.534264
1.746403
1.411954
1.442120
1.714748
1.724065
2.177112
2.061925
2.219360
1.900437
1.925769
2.255694
1.599283
1.370155
1.370155
1.783465
1.383884
1.629941
1.606129
1.370155
1.321548
2.709248
2.486306
1.517179
1.695967
2.693648
2.616167
1.674047
2.437749
2.693648
2.315853
2.540015
2.437749
2.686746
2.682196
1.759665
1.964409
1.893644
1.791734
2.080624
2.368012
2.317152
2.264721
2.368012
1.791734
2.542562
1.671439
2.536973
2.458515
2.587207
2.616019
1.561390
2.329362
2.329362
2.650354
2.423177
2.327379
1.543265
1.543265
2.246141
2.064435
1.999797
2.257804
2.155123
1.498522
1.871122
2.046625
2.098827
2.183925
2.098827
2.157538
1.623126
2.183925
1.964794
2.042459
2.099133
2.054901
1.512174
2.098002
1.941257
2.042459
1.644038
1.891940
1.832514
1.875725
1.684835
1.731990
1.637869
1.606185
1.670860
1.606185
1.731990
1.604357
1.559242
1.637869
1.637869
1.502685
1.471245
1.566708
1.412993
1.389108
1.426457
1.338354
1.449695
1.449695
1.208836
1.449695
1.292810
1.268950
1.030331
1.226978
1.268950
1.226978
1.057418
0.413421
0.412853
0.492671
0.838231
0.860274
0.904959
0.953887
1.082437
1.069585
1.189278
1.195443
1.223492
1.248859
1.362967
1.341777
1.341777
1.478827
1.294142
1.365509
1.554586
1.504398
1.450889
1.294142
1.533521
1.533521
1.237222
1.445715
1.355283
1.183692
1.183692
1.234308
1.173269
1.147859
1.141871
1.436901
1.264349
1.690805
1.701142
1.393695
1.427148
1.427148
1.525911
1.668295
1.597492
1.688255
1.363120
1.372684
1.668295
1.746089
1.500762
1.340804
1.340804
1.698309
1.678245
1.744986
1.702730
1.900437
2.010114
2.152881
2.040225
1.887498
2.061925
1.887498
1.744986
1.480518
1.383884
1.458224
1.458224
1.383884
2.407112
2.203188
2.561151
1.458224
1.458224
2.373705
1.887606
2.505044
1.928389
2.330506
1.780054
2.540015
2.540015
2.203188
2.189111
2.769555
2.260272
1.955044
2.189111
1.571793
1.759665
2.174491
1.466651
2.178801
2.178801
2.452384
2.542562
1.609496
2.442843
1.460396
1.706404
1.654260
2.596884
2.253376
2.434014
2.442843
2.329362
2.419745
1.613739
2.423177
2.329362
2.301822
2.150052
2.305019
2.442825
2.442825
2.518303
2.150052
2.204500
2.311301
2.429377
2.311301
2.046625
1.960714
1.827778
1.469169
1.827778
1.644038
2.098827
1.934674
1.946260
2.165061
2.267032
2.054901
1.875725
2.054901
1.790933
1.941257
1.629296
1.614164
1.964794
1.832514
1.832514
1.524373
1.875725
1.630792
1.606185
1.682012
1.833798
1.314745
1.460351
1.659093
1.606185
1.595863
1.637869
1.412993
1.473423
1.294633
1.428991
1.338354
1.389108
1.338354
1.294633
1.504734
1.491633
1.178297
1.375774
1.443744
1.235821
1.129538
1.237100
1.045623
0.573217
0.431165
0.634109
0.605852
0.559564
0.702421
0.668667
0.784959
0.748538
0.860274
0.993145
0.993145
0.953887
0.953887
1.052000
1.069585
1.082437
1.223492
1.341777
1.409578
1.504398
1.478827
1.496181
1.481578
1.481578
1.294142
1.640270
1.533521
1.573483
1.294142
1.294142
1.445715
1.355283
1.355283
1.234308
1.277632
1.273509
1.273509
0.926923
0.851065
1.173269
1.227360
1.232866
1.409381
1.436901
1.613120
1.478879
1.328354
1.701142
1.485575
1.340804
1.379282
1.634785
1.998788
1.900437
1.900437
2.219360
2.061925
1.899188
1.899188
1.750269
1.750269
1.604755
1.790970
1.759708
1.576999
1.142581
1.239113
1.517082
2.312794
1.407613
1.586571
1.517082
2.133747
1.582043
1.480518
1.480518
2.300062
1.665970
1.755950
2.486306
2.407112
2.123040
2.540015
2.486306
2.203188
2.133747
2.189111
2.133747
1.674047
1.539742
2.203188
1.928389
1.674047
1.667301
1.571793
1.964409
1.466651
1.741094
2.178801
1.609496
2.458515
2.434014
2.405058
2.405058
2.442843
2.423177
2.440706
2.333328
2.181502
2.305019
2.081558
2.081558
2.181502
2.230758
2.064435
2.246141
2.440706
2.064435
1.960714
2.081558
2.157538
2.429377
2.311301
2.157538
2.165061
2.098827
2.157538
1.827778
2.165061
2.042459
2.016370
1.721574
1.759672
2.016370
2.016370
1.875725
1.964794
1.721574
1.614164
1.832514
1.416150
1.614164
1.833798
1.800087
1.875725
1.682012
1.682012
1.539493
1.630792
1.428991
1.630792
1.682012
1.637869
1.637869
1.595863
1.504734
1.497111
1.606185
1.473423
1.412993
1.412993
1.338354
1.379222
1.434664
1.294633
1.178297
1.379222
1.379222
1.375774
1.410814
1.410515
1.063425
0.485850
0.431165
0.531710
0.492671
0.520408
0.483309
0.904959
0.838231
0.939469
1.069585
1.112299
1.189278
1.297746
1.297746
1.341777
1.481578
1.404552
1.481578
1.640270
1.640270
1.482227
1.450889
1.554586
1.450889
1.445715
1.453726
1.237222
1.237222
1.385595
1.355283
1.277632
1.255550
1.234308
1.147859
0.912109
1.255550
1.315359
1.409381
1.619731
1.619731
1.522073
1.478879
1.701142
1.270384
1.298535
1.482152
1.540820
1.362237
1.532206
1.855747
1.855747
1.855004
2.010114
2.010114
1.872311
2.219360
1.759708
1.407613
1.517082
1.284353
1.558599
2.123040
2.123040
1.789788
1.709942
2.407112
1.843399
2.561151
2.407112
1.586571
2.437749
1.731727
1.928389
2.540015
1.928389
2.123040
1.480518
1.674047
1.875694
1.928389
1.928389
2.189111
2.042732
2.178801
2.264721
2.080624
2.080624
1.495239
1.533469
1.344180
2.178801
2.042732
2.405058
1.395713
1.543265
2.342491
2.333328
1.553017
1.543265
1.604867
1.951092
2.333328
1.530526
1.567468
1.960714
1.635518
1.827778
1.529912
1.462284
1.644038
1.581916
1.581916
1.463037
1.348805
1.294633
1.572355
1.421512
1.568945
1.201079
1.277692
1.294633
1.415382
1.301178
1.410515
1.178297
1.235821
1.227406
1.160654
1.191551
1.100033
0.457425
0.502508
0.485850
0.531710
0.667235
0.590264
0.763240
0.679729
0.705414
0.748274
0.668667
0.680626
0.836299
0.743287
0.789805
0.680626
0.893326
0.871622
0.939469
0.893326
0.893326
1.028394
1.168422
1.189278
1.246595
1.260353
1.321864
1.409578
1.420704
1.373562
1.373562
1.481578
1.496181
1.573483
1.344153
1.294142
1.445715
1.234308
1.196679
1.147859
1.215006
1.227360
1.215006
1.215006
1.346799
1.315783
1.311315
1.360041
1.619731
1.205796
1.344120
1.619731
1.613120
1.409381
1.478879
1.298535
1.613120
1.598847
1.701142
1.701142
1.485575
1.485575
1.583387
1.532206
1.337946
1.704600
1.698309
1.702730
1.859690
1.538600
1.538600
1.709339
1.872311
1.848677
2.152881
2.040225
1.720316
1.750269
1.566574
1.595872
1.783465
1.790970
1.558599
1.755950
1.634634
2.025067
1.848904
2.205527
2.486306
1.495016
1.650775
2.381939
1.918932
1.715159
2.189111
1.731727
2.486306
1.553961
1.719484
1.968990
2.260272
1.571793
2.204271
2.080624
1.379822
1.639309
1.344180
2.597902
2.528771
1.521175
1.551054
2.597902
2.551755
2.458515
2.347548
2.277451
2.541968
2.028482
1.604867
2.333328
1.469169
1.494418
2.342491
2.057091
2.342491
2.028482
2.081558
1.852085
2.064435
1.888237
1.852085
1.623126
1.827778
1.764077
1.462284
1.644038
1.524373
1.340145
1.408045
1.238299
1.513709
1.504734
1.348805
1.550028
1.299495
1.375774
1.410515
1.258545
1.117549
1.227406
1.191551
1.100033
1.174460
0.462029
0.492671
0.505056
0.462029
0.609319
0.705414
0.705414
0.748538
0.838231
0.791395
0.893326
0.993145
0.997292
0.953887
1.028394
1.028394
0.968943
1.130043
1.130043
1.103395
1.246595
1.210781
1.249681
1.341777
1.352522
1.029928
1.373562
1.246595
1.280933
1.478827
1.404552
1.481465
1.462045
1.485912
1.537660
1.537660
1.481465
1.481465
1.261357
1.554586
1.320350
1.423911
1.397950
1.453726
1.385595
1.462624
1.233905
1.274622
1.273509
1.274622
1.227360
1.311315
1.522073
1.436901
1.205796
1.270384
1.311058
1.651232
1.658253
1.511580
1.533673
1.704600
1.838486
2.135226
1.708512
2.015993
1.998788
1.859690
2.015993
1.720316
1.859690
1.564820
1.724590
1.609824
1.600498
1.517082
1.600498
1.709942
1.849047
1.446648
1.446648
2.026555
2.182132
1.585059
1.550560
1.638275
2.205527
1.918932
2.354905
2.205660
1.898937
2.373705
2.182132
2.205660
2.354905
1.731727
1.638275
1.446648
2.381939
2.381939
1.709686
1.471603
1.786854
1.451712
2.127871
2.204271
2.079986
2.260205
2.136991
1.481829
1.481829
2.260205
2.347548
1.639309
1.593511
2.260205
1.460396
1.460396
2.347548
2.155119
2.174681
2.057091
1.951092
2.028482
1.680052
1.462284
1.635518
1.606185
1.425268
1.321466
1.504734
1.550028
1.117549
1.162189
1.185412
1.077346
1.162189
1.210320
0.462029
0.462029
0.534818
0.609319
0.642224
0.534818
0.680626
0.836299
0.817061
0.748538
0.817061
0.791395
0.871622
0.886647
0.886647
0.845751
0.833007
1.103395
1.103395
1.210781
1.103395
1.185161
1.210781
1.246595
1.527930
1.527930
1.537660
1.513311
1.397950
1.485912
1.504999
1.462624
1.504999
1.462624
1.233905
1.274622
1.385595
0.899369
0.999537
1.296448
1.248207
1.296448
1.296448
1.215006
1.346799
1.315783
1.346799
1.209405
1.522073
1.593828
1.593828
1.315783
1.385346
1.224072
1.457788
1.422319
1.478633
1.694670
1.694670
1.694670
1.510310
1.704600
1.848677
1.992404
1.848677
2.163456
1.720316
1.529444
1.564820
1.759784
1.759784
2.205527
2.182132
1.638275
2.205527
1.571554
1.571554
1.968990
1.755699
1.755699
1.761599
2.013790
1.835494
2.079986
2.136991
2.136991
2.240203
2.240203
2.388280
1.395713
1.481829
2.347548
2.318223
2.318223
2.277451
2.213691
2.213691
2.155119
1.939413
1.567468
1.891124
1.781524
1.523383
1.725923
1.680052
1.635518
1.725923
1.571629
1.680052
1.424032
1.518558
1.571629
1.463917
1.524373
1.364891
1.644422
1.408045
1.463917
1.606185
1.513709
1.518558
1.568945
1.277692
1.469949
1.238299
1.334440
1.334440
1.334440
1.002510
1.410814
1.351104
0.960886
1.170302
1.170302
1.130143
1.039912
0.540729
0.566527
0.668667
0.566527
0.566527
0.534818
0.534818
0.626188
0.626188
0.743287
0.817061
0.953175
0.833007
0.979450
0.886647
0.953175
0.912124
1.076287
0.953175
0.979450
1.103395
0.846859
0.982536
1.210781
1.246595
1.352522
1.352522
1.352522
1.373562
1.318195
1.491335
1.462045
1.612965
1.453726
1.397950
1.563458
1.385595
1.231980
1.369258
1.274622
1.316844
1.330525
1.215006
1.440790
1.440790
1.315783
1.209405
1.397399
1.315783
1.311315
1.593828
1.522073
1.270384
1.270384
1.337771
1.848677
1.838486
1.848677
1.720316
1.539007
1.555332
1.555332
1.849047
2.182132
1.527207
1.527207
1.849047
2.205527
2.182132
2.354905
1.849047
2.182132
2.354905
1.571554
2.013790
2.079986
1.623887
1.481829
2.328892
2.388280
2.346675
2.318223
2.346675
1.553017
1.553017
1.553017
2.277451
1.530526
1.553017
1.571538
2.100714
2.100714
2.100714
1.467027
1.467027
1.939413
2.057091
2.057091
1.567468
1.852085
1.769391
1.769391
1.680052
1.397578
1.468192
1.518558
1.491658
1.524373
1.346337
1.513709
1.408458
1.408045
1.277692
1.468803
1.385840
1.491633
1.117549
1.117933
1.039912
1.039912
1.107216
0.540729
0.540729
0.912124
0.953175
0.819073
0.979450
0.872513
1.043489
1.027050
1.076287
1.103395
0.927392
1.103395
0.978618
1.122044
1.283324
1.029928
1.122044
1.180549
1.069948
0.934001
0.987270
1.180549
1.318195
1.358350
1.302706
1.302706
1.491335
1.396455
1.527930
1.527930
1.415469
1.481465
1.484831
1.513311
1.347698
1.513311
1.523774
1.320350
1.295351
1.320350
1.330525
1.296448
1.274979
1.209405
1.593828
1.593828
1.317972
1.317972
1.514247
1.708512
1.988065
1.828107
1.988065
1.742070
1.572262
1.755183
1.692845
2.205527
1.677791
1.681775
2.092205
1.731727
1.630187
1.630187
1.731727
1.540776
2.057572
1.765933
1.388646
1.546783
1.822759
2.099530
2.388885
2.153792
2.388280
2.328892
2.285183
2.076809
2.042590
1.395713
2.175926
1.539825
2.346675
2.233394
1.595375
2.057091
1.833195
1.833195
1.852085
1.462284
1.891124
1.664171
1.654040
1.562183
1.361345
1.524373
1.610774
1.535740
1.725923
1.524373
1.424032
1.610774
1.476128
1.449697
1.385462
1.340145
1.425268
1.469949
1.277692
1.238299
1.117549
1.247104
1.162189
1.117933
1.070405
1.170302
1.053266
1.148143
0.872513
0.883392
0.963071
0.905446
0.946402
0.872513
0.910228
0.963071
0.982536
1.016227
0.963071
0.910228
0.967107
1.095703
1.016316
1.256972
1.256972
1.256972
1.012731
1.462045
0.980437
0.980437
1.416265
1.396455
1.557720
1.431931
1.431931
1.429895
1.429895
1.347698
1.402798
1.295351
1.390517
1.316844
1.345457
1.274979
1.522891
1.192142
1.457788
1.688676
1.511580
2.124431
2.136181
1.828107
1.539007
1.539007
1.552304
1.665292
1.726053
2.354905
1.849047
2.092205
1.918932
1.898937
1.709686
1.471603
1.822759
1.473365
1.802019
2.127871
1.400037
1.388646
1.988441
2.093040
2.122260
1.573613
2.193871
1.593511
1.481829
2.180894
1.395713
1.532223
2.175926
1.487128
2.277451
2.397821
2.233394
2.064000
2.134296
2.134296
2.134296
1.988799
2.277451
2.083176
1.992449
1.367300
1.559713
1.825410
1.888030
1.620980
1.472553
1.939901
1.943643
1.716540
1.472553
1.567468
1.664171
1.825410
1.742673
1.654040
1.397578
1.557587
1.545243
1.381120
1.408458
1.408458
1.304933
1.304933
1.375513
1.243376
1.149819
1.409215
1.385840
1.334440
1.247597
1.334440
1.144080
1.144080
1.222737
1.198595
1.077346
1.139467
1.209191
0.946402
0.946402
1.016227
0.872513
1.046250
1.095703
1.163038
0.934001
1.122044
1.239729
1.304771
1.256972
1.396455
1.424308
1.484831
0.803102
0.961839
1.396455
1.396455
1.416265
1.369014
1.523774
1.402798
1.402798
1.451155
1.414103
1.257110
1.397399
1.439988
1.192142
1.285601
1.257703
1.293205
1.257703
1.293205
1.635829
1.814388
1.666797
1.976934
1.814388
1.976934
2.136181
2.136181
1.687727
1.687727
1.860586
1.723229
1.722194
1.291140
1.420304
1.420304
1.740463
1.711828
1.354668
1.775634
2.009991
1.988441
2.009991
1.625782
2.009991
2.045816
1.639309
1.467005
1.344180
2.075223
2.045816
2.090654
2.180894
2.156140
2.076091
2.180894
1.539825
2.156140
1.539825
2.117069
2.156140
2.064000
2.076091
1.451041
1.451041
2.004100
2.004100
2.004100
2.004100
1.888030
1.992449
1.888030
1.833195
1.888030
1.472553
1.742673
1.742673
1.545243
1.608849
1.742673
1.545243
1.545243
1.557587
1.195936
1.535740
1.431769
1.366550
1.406415
1.366550
1.325026
1.185947
1.415382
1.243376
1.073399
1.368448
1.386221
1.409215
1.117933
1.256690
1.412870
1.222737
1.139467
1.084929
1.117933
0.949065
1.095703
1.095703
0.934001
1.046250
0.934001
1.046250
1.046250
1.239729
1.016316
1.304771
1.183234
1.179110
1.294016
1.351555
1.351555
1.424308
1.358350
1.351555
1.424308
1.424308
0.980437
1.328843
1.429895
1.431931
1.523774
1.557720
1.557720
0.912109
1.429895
1.420565
1.451155
1.414103
1.312881
1.316844
1.316844
1.316844
1.397399
1.257110
1.397399
1.274979
1.274979
1.270124
1.396694
1.485036
1.485036
1.397291
1.594769
1.688676
1.786662
1.625472
1.806979
2.124431
1.988065
1.842553
1.502233
1.515607
1.115292
1.486671
1.848904
1.365075
1.677791
1.681775
1.775634
1.573166
1.775634
1.988441
1.822759
1.988441
2.078858
1.295490
1.342687
1.342687
2.193871
2.212624
2.093040
1.623887
2.090654
2.090654
1.573613
1.421185
2.075223
2.132273
2.148180
2.132273
2.076091
1.412675
2.043247
2.117069
2.117069
2.009810
2.040031
2.054609
1.451041
2.064000
2.054609
1.514590
1.472553
2.054609
1.867628
1.992449
1.992449
1.472553
1.888030
1.419394
1.307945
1.562183
1.716540
1.602577
1.406415
1.535740
1.495406
1.406415
1.279261
1.431769
1.266038
1.266038
1.228989
1.256690
1.161952
0.949065
0.949065
0.876632
0.876632
1.122044
0.967107
1.179110
0.938969
1.168778
1.256972
1.231018
1.358350
1.231018
1.396455
1.300227
1.235977
1.399647
1.416265
1.523774
1.347698
1.490034
1.429895
1.402471
1.418125
1.390517
1.483738
1.292303
1.397399
1.359904
1.231361
1.407506
1.192142
1.564695
1.529565
1.397291
1.380530
1.430766
1.635829
1.635829
1.912902
1.786662
1.510310
1.688676
1.806979
1.786662
1.772519
1.666797
1.621029
1.814388
1.621029
1.687727
1.504236
1.532645
1.532645
1.512825
1.555332
1.385585
1.681775
1.398311
1.265910
1.300272
1.300272
1.711828
1.536273
1.775634
2.078858
2.099530
1.342687
1.342687
1.467005
1.379102
1.467005
2.012676
2.130122
1.532223
1.379102
2.130122
1.421185
2.075223
1.310768
1.969398
1.539825
1.909786
1.692436
1.528553
1.561774
1.975595
2.009810
1.852814
1.530956
1.539825
1.862673
1.514590
1.815198
1.988799
2.009810
1.435124
1.327348
1.435124
1.175159
1.419394
1.867628
1.402815
1.562183
1.777894
1.716540
1.742673
1.424032
1.554727
1.608849
1.497265
1.498425
1.498425
1.602577
1.284885
1.375513
1.406415
1.431769
1.245161
1.262896
1.189030
1.320948
1.250875
1.139467
1.145269
1.161952
1.161952
1.262113
1.161952
1.236662
1.154460
0.949065
0.938969
0.938969
1.033101
1.095147
1.033101
0.904393
0.904393
0.961839
1.095147
1.095147
1.168778
1.337691
1.460301
1.401239
1.439061
1.337691
1.300227
1.536633
1.342790
1.402471
1.381081
1.344669
1.397399
1.292303
1.381081
1.229154
1.257110
1.233902
1.285601
1.348082
1.406867
1.457788
1.588292
1.912902
2.056323
1.912902
2.056323
2.056323
2.124431
1.755592
1.765285
1.621029
1.813761
1.934898
1.490855
1.504236
1.726053
1.436995
1.436995
1.677791
1.677791
1.504241
1.675359
1.447055
1.554247
1.839831
1.318126
2.093040
2.212624
1.982137
2.212624
1.924930
2.027297
1.933161
1.986852
2.045230
1.995470
1.664892
1.636636
1.909672
1.506431
1.697042
1.697042
1.636636
1.918311
1.918311
1.963568
1.963568
1.963568
1.813347
1.435124
1.913162
1.383487
1.815090
1.913162
1.815198
1.257156
1.730689
1.815198
1.809551
1.809551
1.888030
1.736162
1.651500
1.730689
1.773008
1.464101
1.667307
1.651500
1.402815
1.667307
1.231385
1.497265
1.651500
1.495406
1.411237
1.339788
1.362098
1.361852
1.532522
1.323160
1.145269
1.262113
1.401895
1.250875
1.214623
1.145269
0.985345
1.056346
0.985345
1.095147
1.079955
1.154460
0.938969
1.014443
0.900784
0.900784
1.012731
0.912109
0.939991
1.168778
1.256326
1.179110
0.877762
1.231018
1.280395
1.300227
1.300227
1.399647
1.328843
1.403249
1.435170
1.420565
1.490034
1.519833
1.420565
1.420565
1.490034
1.402471
1.246770
1.344669
1.406370
1.340211
1.323190
1.149387
1.175871
1.149387
1.348082
1.203442
1.149387
1.269473
1.494061
1.334780
1.564695
1.564695
1.827640
1.755592
1.603649
2.056323
2.056323
2.072037
1.813761
1.813761
1.678168
1.692961
1.221061
1.454512
1.117481
1.277268
1.214846
1.483261
1.691566
1.691566
1.318126
1.259952
1.839831
1.839831
1.936970
1.396176
2.027297
2.035270
1.839831
1.518328
2.025098
1.936970
1.888456
1.888716
1.822369
1.664892
1.986852
1.986852
1.379102
1.863756
1.863756
1.636636
1.828055
1.849679
1.969398
1.775599
1.906782
1.863756
1.643854
1.528553
1.841950
1.475071
1.813347
1.739016
1.643854
1.898494
1.963568
1.615440
1.643854
1.903530
1.756759
1.813347
1.903530
1.913162
1.815090
1.756759
1.617851
1.809551
1.809551
1.721496
1.633337
1.730689
1.633337
1.464101
1.402815
1.667307
1.532522
1.231385
1.323160
1.411735
1.381120
1.339788
1.384498
1.511537
1.411237
1.497265
1.362098
1.387152
1.521593
1.401895
1.266038
1.280468
1.145269
0.985345
0.985345
0.904393
1.060557
1.079955
1.079955
0.900784
1.280395
1.179110
1.256326
1.235977
1.280395
1.337691
0.877762
1.300227
1.220796
1.391435
1.391435
1.295783
1.490034
1.519833
1.420565
1.325025
1.402471
1.381081
1.286676
1.233902
1.270365
1.155560
1.494061
1.397291
1.564695
1.912902
1.827640
1.594769
1.594769
1.594769
1.594769
1.504236
1.411788
1.502233
1.663051
1.692961
1.688102
1.467931
1.688102
1.380174
1.291140
1.117064
1.486671
1.467931
1.783022
1.684523
1.777234
1.787903
1.675359
1.514680
1.824274
1.354668
1.936970
1.828288
1.664892
1.888456
1.822369
1.689997
1.443110
1.443110
1.443110
1.945210
1.867694
1.945210
1.777382
1.764128
1.935719
1.433370
1.764128
1.506431
1.697042
1.764128
1.935719
1.615395
1.615395
1.615395
1.747244
1.841950
1.643854
1.530956
1.530956
1.898494
1.898494
1.833706
1.435124
1.903530
1.682202
1.913162
1.815090
1.507315
1.558615
1.678957
1.633025
1.588831
1.681048
1.344923
1.712018
1.712018
1.554727
1.510992
1.426607
1.463733
1.510992
1.541942
1.667307
1.633025
1.541942
1.411237
1.541942
1.362098
1.362098
1.426331
1.280468
1.214623
1.060557
1.056346
0.900784
0.985345
0.976367
0.984789
0.826759
1.179110
0.943046
0.939991
1.014443
0.839845
1.136211
1.074064
1.311621
1.300227
1.506201
1.447857
1.519833
1.536633
1.536633
1.418125
1.490034
1.347820
1.402471
1.353333
1.286676
1.231361
1.180753
1.231361
1.146455
1.146455
1.155560
1.208179
1.799990
2.056323
1.912902
1.418549
1.617616
1.602730
0.992620
0.830344
1.684523
1.282999
1.675359
1.422488
1.422488
1.255215
1.511143
1.614104
1.794587
1.794587
1.419822
1.218794
1.718000
1.787903
1.817467
1.982137
1.836478
1.698858
1.386043
1.979030
2.025098
1.721905
1.534263
1.878675
1.569226
1.386043
1.386043
1.433370
1.809303
1.695388
1.867694
1.666525
1.906782
1.615395
1.649114
1.803594
1.841950
1.803594
1.669348
1.833706
1.507315
1.598290
1.833706
1.810331
1.507315
1.667802
1.678957
1.554727
1.712018
1.502501
1.396107
1.424466
1.426607
1.273351
1.273351
1.403727
0.905318
0.944920
0.987049
0.917882
0.944920
1.014377
1.076008
0.839845
1.074064
1.168778
0.839845
1.008471
1.136211
1.008471
1.157109
1.136211
1.394041
1.394041
1.220796
1.295783
1.220796
1.428161
1.347820
1.426725
1.490580
1.309051
1.309051
1.344669
1.285002
1.353333
1.369488
1.223912
1.091506
1.175871
1.363591
1.294385
1.392120
1.377840
1.228581
1.295693
1.295693
1.650179
1.844134
1.844134
1.934898
1.612322
1.460846
1.502233
1.639242
1.467931
0.998334
0.777079
1.483261
1.483261
1.176820
1.554678
1.267634
1.476398
1.511143
1.614104
1.646603
1.646603
1.255215
1.765434
1.840863
1.723362
1.748026
1.712980
1.749345
1.464249
1.676813
1.464249
1.386043
1.749345
1.727309
1.379102
1.518891
1.573346
1.440372
1.525805
1.347489
1.617413
1.509191
1.723354
1.347489
1.667802
1.667802
1.367221
1.550502
1.550502
1.474070
1.555438
1.414427
1.474070
1.474070
1.426607
1.414427
1.157109
1.008471
1.086209
1.086209
0.839845
0.868955
1.189087
1.311621
1.447857
1.428161
1.447784
1.447784
1.402546
1.325025
1.425317
1.425317
1.180753
1.260969
1.377840
1.650179
1.709384
1.571218
1.429750
1.418549
1.376199
1.753667
1.411788
1.512825
1.532391
1.370391
1.267489
0.916711
1.198028
1.476780
1.518641
1.267634
1.476780
1.282999
1.282999
1.282999
1.610697
1.698858
1.419822
1.765434
1.765434
1.721905
1.857018
1.477158
1.623737
1.477158
1.477158
0.917882
0.917882
1.008471
0.987049
0.839845
0.800341
1.077493
1.008471
1.074064
1.189087
0.813349
0.868955
1.136211
1.220796
1.428161
1.394041
1.394041
1.311621
1.295783
1.295783
1.295783
1.486406
1.410374
1.362163
1.574621
1.325025
1.425317
1.309051
1.180753
1.180753
1.175871
1.317733
1.317733
1.260969
1.155560
1.155560
1.322130
1.228581
1.295693
1.563146
1.510148
1.571218
1.418549
1.490855
1.439845
1.287935
1.449671
1.353902
1.150067
1.421207
1.235111
1.117064
1.135960
1.518641
1.518641
1.751314
1.459653
1.176820
1.476780
1.316002
1.529820
1.846238
1.697375
1.282999
1.683540
1.840863
1.811283
1.552021
1.716411
1.579145
1.419337
1.710692
1.419337
1.546111
1.569863
1.569863
0.982884
1.011418
0.943586
1.082892
0.925980
0.859353
0.888443
0.784078
0.784078
0.859353
0.800341
0.886042
1.072934
1.158295
1.110937
0.784078
1.555869
1.201741
1.258633
1.135343
1.574621
1.425317
1.426725
1.353333
1.140899
1.245444
1.175871
1.217804
1.413495
1.563146
1.497844
1.580741
1.467005
1.650179
1.709384
1.364298
1.519994
1.229232
1.353902
1.554678
0.963343
1.467931
1.221061
1.220444
1.603505
1.577272
1.349703
1.599887
1.723792
1.698858
1.698858
1.483108
1.376654
1.579145
1.567289
1.889092
1.722587
1.836478
1.712980
1.712980
1.419337
1.017549
1.110937
1.017549
0.925980
0.943586
1.011418
0.943586
1.259854
0.925980
0.886042
0.857393
0.800341
1.169948
1.452152
0.779321
1.258633
1.410374
1.410374
1.313529
1.452152
1.452152
1.333690
1.343105
1.343105
1.309051
1.309051
1.245444
1.227556
1.140218
1.217804
1.217804
1.483896
1.416765
1.467005
1.642101
1.753667
1.471895
1.353902
1.367118
1.148989
1.467931
0.878095
0.908490
1.140035
1.340266
1.060822
0.908490
0.922317
1.459653
1.357242
1.474172
1.220444
1.664981
1.664981
1.685816
1.313400
1.332726
1.526746
1.376654
1.597920
1.697375
1.474339
1.466584
0.925980
0.800341
0.886042
1.110937
1.011418
1.011418
1.072934
1.350551
1.408755
1.408755
1.350551
1.257822
0.780381
0.779321
1.100986
1.100986
1.463500
1.258633
1.320317
1.320317
1.333690
1.224411
1.376908
1.224411
1.223230
1.223230
1.306508
1.140218
1.217804
1.409450
1.353793
1.289542
1.359847
1.489779
1.449671
0.663862
1.146697
1.074551
1.464146
1.464146
0.777079
1.117182
1.474172
1.346940
1.474339
1.474339
1.577272
1.474339
1.148406
1.017549
0.943586
0.871967
0.876834
1.376908
1.463500
1.376908
1.350551
0.857393
0.779321
0.780381
1.169948
1.258633
1.285762
1.463500
0.779321
1.169948
1.343105
1.343105
1.240224
1.313529
1.140899
1.245444
1.227556
1.309046
1.217804
1.217804
1.497844
1.467005
1.531725
1.357112
1.418549
1.376199
1.278021
1.489779
1.095938
0.663862
0.618335
1.241967
1.369964
1.469336
0.699735
0.663862
1.148989
1.235111
1.165325
0.692198
0.826415
0.826415
1.075646
1.459653
1.220444
1.235111
1.534768
1.664112
1.534768
1.564714
1.472678
1.474172
1.664981
1.596583
1.577272
1.578122
1.584233
1.601669
1.597920
1.257822
1.257822
1.148406
0.918434
0.871967
0.951001
0.800632
0.886943
0.815665
0.780381
1.025317
1.336208
1.463500
1.452152
1.408755
1.184817
0.734425
1.245444
1.224411
1.306508
1.306508
1.413495
1.322130
1.329793
1.309046
1.329793
1.467005
1.357112
1.289542
1.532391
1.486964
1.489779
1.353902
1.471895
1.073639
0.851387
0.826415
1.564714
1.146497
1.335783
1.140035
1.164847
1.435717
1.474172
1.138968
1.247507
1.373413
1.557290
1.722587
1.606710
1.592599
1.047132
0.876834
0.871967
1.056592
0.968783
0.876834
0.960167
0.876834
1.371792
1.335158
1.157473
1.279811
0.800632
0.729490
0.876834
1.025317
1.080247
1.184817
1.224411
1.270471
0.800632
0.734425
1.025317
1.140067
1.277833
1.151747
1.442159
1.277833
1.174755
1.174755
1.277833
1.245444
1.339638
1.249720
1.329793
1.249720
1.329793
1.271113
1.376199
1.376199
1.405040
1.259132
1.376199
1.528382
1.460846
1.486964
1.486964
1.278021
1.095938
1.212654
1.092742
1.370554
1.347914
0.753484
1.367118
1.423817
1.146697
1.060822
0.813054
1.004375
1.256667
1.347914
1.538099
1.519619
1.423817
1.446903
1.335783
1.480883
1.564714
1.497283
1.386045
1.335158
1.335158
1.279811
1.056592
0.886943
0.886943
0.886943
1.184817
1.253213
1.157473
1.056592
0.729490
1.025317
0.969320
0.629910
1.140067
0.725967
1.256194
0.744969
0.628658
1.272278
1.272278
1.357163
1.339638
1.580741
1.520496
1.352230
1.192085
1.209922
1.283626
1.410024
1.410024
1.148989
1.192085
1.396788
0.985822
1.347914
0.813054
0.757247
1.146497
0.729398
0.851387
0.841188
1.072430
1.146497
1.237151
1.004375
0.922082
1.269310
1.373521
1.373521
1.269310
1.335783
1.592599
1.500170
1.606710
1.606710
0.886943
0.968783
1.205998
0.888980
0.815665
1.053647
1.226922
1.288735
1.240224
1.372348
0.972524
1.127856
0.716663
0.716663
0.725967
1.174755
1.272278
1.162480
0.825647
0.904493
0.998635
0.911268
0.911268
1.339638
1.382107
1.436436
1.382107
1.264140
1.259132
1.413015
1.142064
1.287935
1.097824
0.874497
0.699359
0.888596
0.874497
1.060252
1.095938
0.786480
0.841188
0.736567
0.904476
0.985822
1.348725
1.370554
1.004375
0.922082
1.421346
0.813054
0.922082
1.004375
1.457024
0.989114
0.989114
0.895421
0.895421
1.388847
0.895421
0.989114
1.269310
1.497283
1.340353
1.557290
1.409580
1.351006
1.336208
1.371792
1.223865
1.279811
1.157473
1.056592
0.786281
0.864204
0.888980
1.253213
1.031773
0.716663
1.053647
1.372348
0.720170
0.806385
0.969320
1.278613
0.923895
1.372348
1.188689
1.272278
0.725967
1.278613
1.357163
0.882363
0.703197
0.943127
0.784406
0.904493
0.998635
1.477499
0.911268
0.919102
0.904493
0.951982
0.791829
1.249720
1.042312
0.903189
0.916708
0.924245
0.897385
0.916708
1.168526
1.531725
1.429828
0.916631
0.917798
0.924245
0.623418
0.996613
0.900185
1.003586
1.135374
0.801718
0.724491
1.429828
1.047067
1.313127
1.259132
1.161424
1.313127
0.731918
0.886173
1.065223
1.352230
1.486964
1.410024
0.880490
0.613775
0.729970
0.888596
0.826412
1.095938
0.874497
0.976021
0.702686
0.736567
0.987878
1.095938
0.699359
0.826412
0.834097
0.976021
0.736567
0.825309
0.926924
1.052905
1.111933
0.976021
0.965066
0.874497
0.792075
0.826412
1.060252
0.965066
0.786480
0.870779
0.841188
0.989114
1.066118
0.989114
1.457024
1.323118
1.093595
1.183858
1.368016
1.285753
1.245333
1.053647
1.277833
1.277833
0.923895
0.923895
1.195852
1.284168
0.874291
0.703197
0.744969
0.784329
0.874291
0.802645
0.802645
0.957827
1.219973
0.824167
0.824167
1.004122
1.004122
1.500567
1.333349
0.919102
0.917798
0.924245
0.821117
1.264140
0.826788
0.996613
1.047067
0.710595
0.724491
0.900185
1.262817
1.294764
1.271113
1.135374
1.135026
1.302128
1.135374
1.022435
1.065223
1.368359
0.914562
1.310625
1.107150
1.310625
0.914562
0.967774
0.987878
0.967774
1.287037
0.985822
0.926924
1.008966
1.092349
1.156672
1.092349
1.435972
1.156672
1.256667
1.409580
1.452783
1.373230
1.256667
1.230839
1.245333
1.148060
1.351006
0.985990
1.065842
1.092058
0.874291
1.188689
1.188689
0.874291
0.888758
1.188689
0.715858
0.707544
1.188689
0.716412
0.703197
0.715858
0.791829
1.248693
0.747634
0.919102
0.791829
1.248693
0.824167
1.441587
0.829613
0.903189
0.916708
0.916708
0.994854
0.924245
0.916708
1.219973
0.735569
0.838627
0.897385
1.262227
0.996613
1.382107
1.168526
1.401632
0.917798
0.917798
1.047067
0.816884
0.725031
0.812564
1.135026
1.003586
1.135026
1.135374
1.022435
1.161424
1.145052
1.089554
1.279107
1.089554
1.287037
1.348725
1.253443
1.348725
1.190587
1.435972
1.391309
1.240520
1.452515
1.355432
1.151968
1.226922
1.041537
1.127856
1.245333
1.256656
0.923895
1.195852
1.284168
0.926302
0.941535
0.829613
1.219973
1.219973
1.382200
1.287258
0.996613
0.957630
1.407305
1.047067
1.163927
1.135374
1.145052
1.189686
1.193306
1.145052
1.189026
1.413015
1.413015
1.142064
1.287037
1.363955
1.225809
1.034751
1.093595
1.037864
1.369576
1.190587
1.124888
1.156672
1.258680
1.244527
1.172565
1.340353
1.435972
1.387597
1.452783
1.037378
1.234525
1.284168
1.065842
1.393375
0.832957
0.832957
1.087126
1.186541
0.832957
1.188689
1.134153
1.361847
1.361847
0.888758
0.957827
1.309880
1.309880
0.855999
1.262227
1.262227
0.924245
1.401632
0.897385
1.003586
0.916631
1.037158
0.984044
0.877381
1.302128
1.078469
1.189026
1.068883
1.413015
1.363955
1.071391
1.071391
1.307451
1.017482
1.092349
1.092349
1.383443
1.435972
1.094672
1.203468
1.358687
1.178199
1.250536
1.234525
1.234525
1.041537
1.162377
1.031773
1.031773
1.135906
1.087126
0.831702
1.248693
0.845209
0.832957
1.441587
1.309880
0.789322
1.197032
1.156461
1.185093
0.954866
1.185093
1.035625
1.163927
1.254684
0.984044
1.003313
1.061231
1.189026
1.103413
1.265554
1.265554
1.218744
1.335207
1.218744
1.124426
1.061231
1.037864
1.234980
1.275455
1.094672
1.017482
1.264116
1.264116
1.240520
1.250536
1.151968
1.037378
1.065842
0.985990
1.135906
0.897538
1.092058
1.092058
1.276061
1.284168
0.897538
0.978103
1.195852
0.897538
1.186541
1.224150
0.900390
1.294585
1.224150
0.845209
1.134153
1.102036
1.249118
0.789322
0.789322
0.825903
0.873307
0.873020
0.873307
0.873307
1.401632
0.954866
1.003586
0.954866
1.135026
1.254684
1.063221
0.972874
1.047067
1.057439
1.202739
1.138842
1.252213
1.086243
1.265554
1.275455
1.094672
1.124888
1.264116
1.264116
1.149612
1.318492
1.275576
1.318492
1.294493
1.224939
1.128286
1.120047
1.037378
1.234525
0.956084
0.956084
1.135906
0.887346
0.956084
1.186541
0.900390
1.186541
0.916537
0.832957
0.832957
0.845209
0.832957
0.845209
1.134153
1.087126
0.917815
1.134153
1.294585
0.831702
0.917815
0.855999
0.945142
0.855999
1.156461
1.156461
1.339866
1.185093
1.267750
0.879174
0.917798
0.954866
0.957630
1.185093
1.063221
0.984044
0.876167
1.168311
1.063221
1.138842
1.209985
1.202739
1.202739
1.168311
1.113886
1.279107
1.279107
1.296301
1.333279
1.103413
1.068883
1.086243
1.059187
1.275455
1.275455
1.059187
1.124888
1.312615
1.016014
1.244527
1.268450
1.149612
1.318492
1.282439
1.308533
1.108331
1.035349
1.136058
1.162377
1.071963
1.234525
1.071963
0.941535
1.135906
1.119423
0.895446
0.864587
0.978103
1.201129
1.276061
0.830444
0.900390
1.091736
1.134153
1.168825
1.197032
1.197032
1.125060
1.294585
1.215483
1.168825
1.156461
1.339866
0.962094
0.945142
0.957630
1.267750
1.105256
1.092636
1.075435
1.138842
1.103413
1.055266
1.061231
1.061231
1.157205
1.202913
1.253443
1.294493
1.175975
1.224939
1.224939
0.968588
0.999014
1.096910
0.924882
1.250536
0.887346
1.030450
1.172898
1.108331
0.884731
1.097778
1.051960
1.129904
0.950267
0.914398
0.830444
0.973901
0.971203
0.971203
0.985258
0.985258
1.168311
1.125060
1.055031
1.003229
1.039790
1.098985
1.129706
1.129706
1.035442
1.055266
1.045182
1.172325
1.215638
1.247176
1.247176
1.202034
1.271238
1.016014
1.185930
1.138668
1.016014
1.135837
1.204794
1.133442
1.185930
1.096760
1.137637
0.887346
1.000884
1.071963
0.884731
1.071963
1.097778
1.097778
0.913039
1.051960
1.097778
0.884731
1.153746
1.041891
0.895446
1.103839
0.950267
1.091736
1.091736
0.914398
1.168825
0.973901
1.125060
1.125060
1.191660
1.105256
1.133348
1.137002
0.928922
1.231430
1.105256
1.133348
1.075435
1.018010
1.092636
1.092636
1.252213
1.129706
1.161445
1.229943
1.087644
1.234842
1.142066
1.059187
1.215638
1.140135
1.045182
1.061357
1.175975
1.199952
1.133442
1.061357
1.175975
1.133442
1.173910
1.096760
0.953472
1.137637
0.924882
1.035349
0.936280
1.174554
1.108331
0.863866
0.870680
0.892986
1.111530
1.027996
1.027996
1.119423
0.884731
1.129904
1.051960
0.884731
0.914398
1.129904
1.201129
1.153746
0.894133
0.971203
0.971203
0.926640
0.924985
1.077177
1.231430
1.276976
1.191660
1.077177
1.191660
1.133348
1.075435
1.176189
1.161445
1.161445
1.129706
1.087644
1.129706
1.143418
1.172325
1.087644
1.202034
1.126057
1.055266
1.271238
1.247176
1.247176
1.178960
1.288471
1.111001
1.173910
1.133442
1.204794
1.173910
1.173910
1.204794
0.968588
0.968588
0.891904
0.890785
1.035349
1.014447
1.108331
1.006086
0.868766
1.049487
1.149567
1.049487
0.855510
1.262116
1.073793
1.073972
1.215483
0.924985
1.049562
1.222723
1.193124
1.085998
1.022533
1.231430
1.061497
0.958533
1.105256
1.039790
1.064469
1.105256
1.004631
1.163778
1.153344
1.051070
1.163778
1.227139
1.111587
1.229943
1.098399
1.181371
1.066419
1.140135
1.176826
1.072024
1.121692
0.924882
0.936280
0.825943
0.825943
1.071963
1.027996
0.863866
0.826128
0.833133
1.011066
1.049487
1.063033
0.868766
1.094735
0.855510
1.130642
1.130642
1.161181
1.062914
0.880932
0.948321
0.995160
1.134141
0.995160
1.085998
1.164037
1.123405
1.148168
1.115489
1.132435
1.134141
1.243069
1.160023
1.176189
1.109019
1.126057
1.003068
1.015563
1.072024
1.247176
1.139656
1.139656
1.158477
1.015563
1.157098
1.182359
1.157098
1.267674
0.882099
0.975729
0.993364
0.975729
0.890785
0.936280
1.014447
1.053864
1.065485
0.836435
1.112213
1.073793
0.868766
1.130642
1.130642
0.982282
0.916720
1.161181
1.163368
0.982282
1.193711
0.956670
0.956670
1.203183
1.051070
1.064469
1.184176
1.064684
1.038300
1.115489
1.103379
1.115489
1.110082
1.148168
1.139656
1.143493
1.121692
1.182359
1.157098
1.157098
1.182359
0.891904
0.911274
0.891904
0.820291
0.872174
0.911274
0.872174
0.911274
0.936280
0.911274
0.936280
0.955159
1.065485
1.065485
1.053864
1.128415
1.063033
1.063033
1.094735
1.112213
0.894133
0.923322
1.094735
0.938240
1.180115
1.156258
0.982282
1.130593
1.180115
1.209393
1.209393
1.209393
0.948321
1.130593
1.155541
1.155541
1.120774
1.064469
1.103379
1.203183
1.175843
1.143493
1.223754
1.143493
1.173271
1.165134
1.184176
1.158477
1.173271
1.189760
1.205919
1.189760
1.176826
1.189760
0.975729
0.938890
0.857498
0.888414
0.993364
0.872174
0.890785
1.065485
0.863866
0.892986
0.780279
1.027996
0.890162
0.863866
0.928263
0.810807
1.063033
1.128415
0.989491
1.156258
1.009958
0.962786
1.061497
0.938683
1.061497
1.061497
0.965577
1.019089
0.943859
1.152182
0.996596
1.155541
1.132435
1.100494
1.132435
1.111587
0.867772
0.867772
0.867772
0.857498
0.811169
0.867772
0.822304
0.890162
0.780279
0.810807
0.810807
0.854561
0.816741
0.928263
0.816741
0.780279
0.882526
0.883245
0.837955
1.027100
0.962786
0.831948
0.831948
1.043447
1.077083
1.068224
0.938683
0.962786
0.996596
0.996596
0.973744
0.876891
1.077083
0.943859
1.013566
1.101193
1.096184
1.076064
1.097518
1.097518
0.857498
0.854561
0.919505
0.820291
0.854561
0.884071
0.854561
0.956868
0.816741
0.930536
0.890162
0.988485
0.930536
1.027100
0.988485
0.866166
0.880083
0.915651
0.883245
1.022846
0.944901
0.944674
1.027100
0.912441
0.986307
1.046713
1.071419
1.012821
1.086622
1.071419
1.097518
0.857498
0.867772
0.885239
0.820291
0.857498
0.835113
0.835113
0.884071
0.780279
0.880083
0.868907
0.994961
0.924121
0.956868
0.919505
0.835113
2.049448
0.895546
2.324154
2.682196
1.478879
2.330506
1.522891
1.462569
1.659093
1.595863
1.379222
1.701142
2.163456
1.715159
1.775634
1.814388
1.386045
1.256667
2.010114
1.701142
1.688255
1.701142
1.629588
1.758704
2.115355
1.814388
1.406538
1.393695
1.478879
1.406538
1.715159
0.874497
0.924245
1.371792
2.330506
2.099133
2.267032
2.098002
2.099133
1.604357
1.684835
1.637869
1.412993
1.502685
1.502685
2.410142
1.294633
1.566708
1.426457
1.379222
1.379222
1.848684
2.682196
2.745147
1.098672
1.119597
0.912109
0.877762
