9968 1 1
1.298697
1.344573
1.275588
1.298697
1.289438
1.358001
1.324933
1.263670
1.244751
1.272620
1.294770
1.214342
1.161179
1.189874
1.265138
1.189874
1.259244
1.283406
1.265466
1.284897
1.351578
1.297232
1.256303
1.263241
1.326696
1.358569
1.351578
1.251730
1.358569
1.358569
1.236483
1.358569
1.289438
1.289438
1.275588
1.358001
1.341244
1.263670
1.312897
1.289226
1.205536
1.210727
1.224031
1.224031
1.289226
1.249054
1.283091
1.272620
1.214342
1.249135
1.228707
1.198355
1.119050
1.141302
1.215973
1.130307
1.181281
1.184140
1.181281
1.196327
1.259244
1.205086
1.191803
1.156038
1.220163
1.161179
1.220163
1.279546
1.297232
1.332258
1.223579
1.191803
1.351578
1.347742
1.309132
1.196327
1.224648
1.360337
1.347918
1.212618
1.172431
1.347742
1.336421
1.263241
1.303987
1.291777
1.205536
1.172431
1.341244
1.283091
1.242432
1.270361
1.270361
1.169496
1.291777
1.201116
1.214342
1.198355
1.220974
1.251867
1.269268
1.251867
1.284385
1.190349
1.229594
1.250129
1.220974
1.204246
1.091843
1.119182
1.170259
1.234447
1.205086
1.267150
1.119050
1.164161
1.320062
1.234447
1.196327
1.305701
1.350573
1.350037
1.158979
1.189638
1.360038
1.358068
1.211539
1.211539
1.360061
1.361885
1.156008
1.360337
1.353958
1.347742
1.172431
1.184637
1.169496
1.353958
1.347918
1.154800
1.144038
1.333931
1.297390
1.289441
1.301851
1.301851
1.284338
1.169496
1.169496
1.284338
1.284338
1.235575
1.262604
1.196116
1.235575
1.163501
1.229594
1.259902
1.185865
1.225235
1.229594
1.203413
1.178854
1.229594
1.220974
1.225235
1.179699
1.190349
1.204246
1.190960
1.070093
1.089532
1.064894
1.192132
1.209113
1.113565
1.119050
1.130202
1.153584
1.170259
1.172973
1.260501
1.109140
1.221951
1.326700
1.223871
1.189638
1.211848
1.282117
1.402779
1.236088
1.294936
1.371238
1.319464
1.164161
1.336820
1.350573
1.457041
1.366372
1.366372
1.236483
1.366985
1.460964
1.287932
1.182035
1.358068
1.212618
1.449394
1.432421
1.322600
1.346663
1.441919
1.172431
1.229273
1.154800
1.340462
1.322600
1.345838
1.306878
1.352081
1.219765
1.147182
1.284385
1.343448
1.157686
1.163501
1.273067
1.326957
1.284385
1.266119
1.314948
1.190349
1.179699
1.266119
1.282011
1.230211
1.265560
1.203413
1.281820
1.282011
1.179699
1.173276
1.179699
1.268484
1.225235
1.089532
1.170519
1.133746
1.133746
1.152834
1.152834
1.152834
1.209113
1.209113
1.129402
1.144409
1.260501
1.240310
1.240310
1.311427
1.311427
1.410972
1.360160
1.371238
1.410014
1.277631
1.442118
1.434635
1.287932
1.460964
1.444912
1.450318
1.442118
1.450318
1.455102
1.335577
1.269630
1.455102
1.432421
1.441919
1.250088
1.417053
1.395604
1.420821
1.416151
1.417053
1.172431
1.395604
1.388642
1.352081
1.239604
1.395604
1.377334
1.219765
1.219765
1.326957
1.219226
1.316971
1.316971
1.314948
1.192957
1.192082
1.219226
1.281820
1.230382
1.220717
1.242346
1.184734
1.211201
1.174314
1.148080
1.223762
1.242346
1.230382
1.223762
1.207177
1.207177
1.169554
1.207177
0.997698
0.997698
1.027326
1.057547
1.057547
1.076196
1.076196
1.100300
1.101669
1.043240
1.135018
1.192145
1.209113
1.258212
1.192145
1.113565
1.157809
1.101669
1.274281
1.274281
1.265068
1.223871
1.144409
1.326700
1.379258
1.379258
1.410014
1.415655
1.371305
1.442118
1.444912
1.444912
1.442943
1.460279
1.455102
1.309847
1.262434
1.235084
1.422468
1.441919
1.156008
1.229273
1.406876
1.432421
1.422468
1.417053
1.417053
1.355337
1.349275
1.345838
1.345838
1.352081
1.354189
1.225007
1.233376
1.321761
1.282011
1.242346
1.242346
1.153509
1.191101
1.192082
1.186398
1.231789
1.193672
1.148080
1.124531
1.129635
1.186398
1.174314
1.129635
0.997698
1.053934
1.053934
1.039381
1.017272
1.118096
1.133746
1.176514
1.223541
1.057547
1.103735
1.074620
1.223541
1.223541
1.258212
1.287218
1.338676
1.371305
1.338676
1.410972
1.387048
1.363044
1.261900
1.450318
1.442118
1.438052
1.446932
1.437471
1.442094
1.442094
1.437471
1.335577
1.426015
1.422468
1.426015
1.437471
1.437471
1.229273
1.388642
1.388642
1.266985
1.349275
1.345838
1.333321
1.321761
1.192082
1.219226
1.219226
1.293513
1.293513
1.293513
1.162555
1.192957
1.268484
1.208528
1.242346
1.162555
1.124531
1.200297
1.200297
1.193672
1.153509
1.193672
1.159968
1.112830
1.112830
1.129635
1.112830
1.053374
1.005972
0.970910
0.993906
1.122877
1.039381
1.114456
1.100300
1.073664
1.133746
1.147563
1.148944
1.157866
1.131484
1.057547
1.225581
1.206037
1.268030
1.287218
1.303541
1.362552
1.249035
1.322735
1.379190
1.400206
1.288819
1.379258
1.482656
1.502807
1.442943
1.429023
1.410972
1.513390
1.442943
1.438052
1.390551
1.411837
1.518504
1.335577
1.493013
1.407846
1.464447
1.481768
1.417053
1.388642
1.468160
1.386560
1.395604
1.366272
1.354189
1.414544
1.362339
1.326957
1.334296
1.321761
1.281820
1.275267
1.245026
1.293513
1.287909
1.196690
1.161049
1.228724
1.260104
1.208528
1.124531
1.192383
1.245026
1.231789
1.208528
1.091484
1.186398
1.208528
1.153509
1.113693
1.144540
1.186625
1.148114
1.143216
1.127235
0.961765
0.984416
1.003482
0.929873
1.053374
1.053374
1.072376
1.017427
1.017272
1.129012
1.114456
1.148944
1.148944
1.043240
1.050267
1.303541
1.303541
1.335495
1.202232
1.346716
1.400206
1.482656
1.453203
1.446173
1.482656
1.414355
1.261900
1.415491
1.477469
1.477469
1.405501
1.256414
1.488040
1.489060
1.335577
1.381059
1.269630
1.497062
1.489060
1.506155
1.529843
1.506155
1.437471
1.480423
1.464447
1.480423
1.477687
1.416009
1.455732
1.468160
1.417966
1.455732
1.413580
1.415488
1.232763
1.268291
1.334296
1.287909
1.287909
1.155732
1.155732
1.238494
1.239926
1.250365
1.199749
1.181408
1.228327
1.199749
1.250365
1.159968
1.120478
1.144540
1.188102
1.228327
1.102296
1.127235
1.127235
1.120728
1.104547
1.102296
1.120728
1.079967
0.984416
0.961765
0.920171
1.084415
1.017427
1.005972
1.084415
1.067841
1.157890
1.064143
1.157890
1.157890
1.157890
1.208355
1.103735
1.225581
1.200277
1.233349
1.233349
1.238032
1.233349
1.275404
1.288107
1.318077
1.373330
1.202232
1.373330
1.414355
1.414355
1.445898
1.330408
1.288819
1.288819
1.464768
1.477469
1.339597
1.512078
1.503599
1.512078
1.497062
1.463417
1.507586
1.506155
1.459900
1.468160
1.468160
1.468160
1.415488
1.417966
1.358311
1.334296
1.334296
1.294112
1.250365
1.113775
1.152415
1.250365
1.188102
1.186625
1.199749
1.113775
1.113775
1.138185
1.139491
1.146408
1.178492
1.139491
1.066848
1.102296
1.139491
1.146408
1.102296
1.139491
1.110422
1.089352
1.104547
1.063347
1.110422
1.040208
1.063347
1.063347
0.905574
0.920171
0.929873
0.937060
1.003482
0.980571
1.056105
1.013305
1.037754
1.003482
1.067841
1.037754
1.017427
1.084415
1.137986
1.157890
1.050267
1.139773
1.156478
1.318077
1.318077
1.316347
1.202232
1.400206
1.410587
1.370448
1.370448
1.346716
1.410587
1.435054
1.410587
1.401000
1.446173
1.446173
1.446173
1.435054
1.476926
1.464768
1.339597
1.339597
1.488040
1.476926
1.503599
1.378210
1.460390
1.480423
1.506155
1.477687
1.437163
1.525097
1.417966
1.471630
1.415488
1.334296
1.352611
1.334296
1.196690
1.250365
1.294112
1.155732
1.228327
1.146408
1.104547
1.078062
1.096146
1.133937
1.139491
1.096146
1.058901
1.089352
1.067176
1.066848
1.040208
1.040208
0.920171
0.872433
0.937060
0.962827
0.949483
1.015162
0.993194
0.960378
0.987590
1.134939
1.160608
1.075684
1.163557
1.160608
1.233349
1.208355
1.208355
1.238032
1.288107
1.118217
1.385113
1.416978
1.190505
1.346683
1.405382
1.489741
1.538877
1.417331
1.472810
1.500773
1.447863
1.524496
1.465364
1.507586
1.302258
1.504133
1.537055
1.460390
1.456976
1.506155
1.490246
1.464447
1.455732
1.468160
1.415488
1.488577
1.374068
1.362339
1.362339
1.413733
1.370099
1.319332
1.362872
1.225063
1.113775
1.152415
1.145578
1.113775
1.199749
1.160605
1.160605
1.078016
1.146171
1.113215
1.126214
1.066848
1.040798
1.040798
1.133937
1.085572
1.113215
1.066848
1.044629
1.052216
1.091853
1.036705
1.067176
1.019829
1.001606
0.871287
0.906853
0.923593
0.923593
0.962827
0.893959
0.947410
0.854989
0.989673
0.998475
0.998475
0.978749
0.978749
1.013305
0.923209
0.923209
0.987036
1.084777
1.073821
0.987590
0.943876
0.929873
1.059350
1.043507
0.990734
1.247044
1.247044
1.331295
1.330316
1.365754
1.199705
1.346716
1.156478
1.416978
1.374232
1.419473
1.465618
1.452823
1.443057
1.443057
1.300496
1.339597
1.300496
1.524096
1.550543
1.535786
1.467917
1.562766
1.470188
1.480932
1.477687
1.510708
1.396917
1.296662
1.483881
1.500532
1.374068
1.418039
1.303640
1.304170
1.275267
1.294401
1.250365
1.155732
1.224956
1.120478
1.185163
1.185883
1.159311
1.246756
1.145578
1.185883
1.166789
1.159311
1.062304
1.105476
1.086938
1.054369
1.054369
1.062304
1.104155
1.145165
1.150783
1.105476
1.093693
1.105476
1.001606
1.078844
1.019829
1.051679
1.054369
0.840621
0.923593
0.886040
0.855437
0.893959
0.915076
0.854989
0.935080
0.872726
0.943876
0.933476
1.007313
1.084777
0.987590
0.987590
1.164207
1.205603
1.194655
1.134939
1.043507
1.234856
1.164207
1.294647
1.094874
1.247044
1.215793
1.331295
1.385113
1.369581
1.419473
1.369581
1.127262
1.419473
1.443057
1.465618
1.365758
1.495601
1.443057
1.479581
1.472810
1.550543
1.550543
1.500416
1.500773
1.537055
1.485919
1.535166
1.562766
1.529486
1.507815
1.562332
1.535166
1.510708
1.510708
1.500532
1.525097
1.483881
1.362872
1.332549
1.370099
1.328221
1.328221
1.317895
1.238494
1.288733
1.271145
1.288733
1.277869
1.277869
1.226949
1.294401
1.181408
1.239220
1.103316
1.194182
1.176734
1.078062
1.224956
1.078062
1.210723
1.065828
1.187116
1.208098
1.065828
1.062304
1.145165
1.176734
1.128588
1.128588
1.119560
1.119560
1.107100
1.107100
1.128588
1.044629
1.044629
1.064030
1.068012
1.064030
1.086664
1.064030
1.068012
1.079324
1.053572
1.036705
1.036705
0.988742
1.037237
0.786320
0.840621
0.833247
0.904251
0.854192
0.935080
0.865357
0.968460
0.987036
0.987036
0.943876
1.084777
1.084777
1.164207
1.074824
1.320441
1.326412
1.331295
1.295601
1.295601
1.364139
1.145888
1.374232
1.416978
1.405339
1.316811
1.316811
1.452526
1.458206
1.495601
1.550543
1.620740
1.500416
1.503816
1.558427
1.507815
1.500532
1.500532
1.525097
1.510708
1.413733
1.413733
1.413733
1.413733
1.362872
1.373408
1.337374
1.263788
1.310248
1.337374
1.317895
1.332549
1.328221
1.310248
1.275971
1.277869
1.301857
1.277869
1.277869
1.250991
1.277869
1.239220
1.282408
1.214121
1.266096
1.260890
1.224956
1.138366
1.254842
1.214668
1.254079
1.254079
1.099063
1.239758
1.185883
1.065828
1.197616
1.190644
1.144010
1.153282
1.171794
1.171794
1.171794
1.062304
1.136855
1.166789
1.027438
1.150783
1.153282
1.114104
1.128588
1.128588
1.001606
1.086664
0.989970
1.014740
1.107100
1.079324
1.014503
1.004359
1.053572
1.029004
0.996422
1.036705
1.001606
1.004359
1.018051
1.004359
0.974199
0.988742
0.758729
0.786320
0.855437
0.850092
0.865357
0.809247
0.796150
0.818970
0.833247
0.821201
0.896570
0.872726
0.844002
0.807715
0.781218
0.990892
0.975752
0.948892
1.084777
1.144678
1.068914
1.068914
1.138961
1.231037
1.164207
1.239668
1.083544
1.162958
1.134935
1.165492
1.394157
1.374232
1.369581
1.436119
1.409152
1.419331
1.460503
1.458206
1.479581
1.500416
1.550543
1.437533
1.454329
1.524496
1.437533
1.536626
1.562766
1.562332
1.505503
1.592839
1.593824
1.562332
1.507815
1.529486
1.527643
1.535166
1.510708
1.558427
1.453128
1.500532
1.559044
1.461946
1.534479
1.463970
1.468967
1.352611
1.399974
1.386143
1.370099
1.315042
1.355354
1.341725
1.342030
1.395057
1.410420
1.350559
1.288733
1.277869
1.366144
1.275952
1.300802
1.301857
1.264812
1.224956
1.268765
1.275952
1.239220
1.226949
1.259216
1.176734
1.218063
1.176740
1.199366
1.176740
1.153822
1.022760
1.171794
1.065828
1.038318
1.152850
1.001606
0.982146
1.079232
1.071188
1.068012
0.985112
0.999072
1.102008
1.058154
1.026828
0.974179
1.047479
1.014503
0.974199
0.996422
0.974403
1.023627
0.965171
0.827485
0.827485
0.896570
0.907049
0.975752
0.945000
0.903384
0.990892
0.943876
0.965840
0.990892
1.007313
1.150665
1.073003
1.072040
1.057544
1.134646
1.134646
1.218826
1.218826
1.239668
1.320441
1.320441
1.310142
1.376033
1.212536
1.305916
1.353310
1.374232
1.216422
1.256894
1.436119
1.460503
1.488597
1.541590
1.577550
1.559120
1.572623
1.593824
1.551572
1.568324
1.568324
1.568324
1.559044
1.524759
1.483881
1.534479
1.541491
1.534183
1.410317
1.407986
1.468967
1.407059
1.463970
1.461179
1.413733
1.399974
1.295384
1.459961
1.386143
1.394101
1.407059
1.407303
1.399974
1.328221
1.333408
1.386143
1.373614
1.333408
1.365667
1.350559
1.357336
1.365667
1.322829
1.350559
1.259216
1.292824
1.302244
1.259216
1.282661
1.244078
1.145578
1.199562
1.220442
1.200155
1.062304
1.048478
1.048478
1.038318
1.152850
1.133643
1.113375
1.097422
0.966331
1.090731
1.050082
1.058154
0.985112
0.985112
1.051485
1.051485
1.051485
1.047479
1.031198
0.992087
0.992087
0.985112
1.014503
1.037641
0.977997
1.005490
0.974403
0.949082
0.965171
0.977997
0.768885
0.768885
0.768885
0.738649
0.790919
0.796150
0.738649
0.768885
0.839014
0.842853
0.755807
0.784621
0.809247
0.850092
0.907049
0.901222
0.844002
0.907049
0.903384
0.880648
1.029531
1.150665
1.157342
1.239668
1.364139
1.369365
1.208866
1.394157
1.418048
1.394157
1.382292
1.368189
1.414005
1.522499
1.577550
1.414005
1.506892
1.522499
1.577550
1.551572
1.591647
1.591647
1.551572
1.556633
1.593824
1.547966
1.547966
1.525219
1.547966
1.525219
1.500532
1.534479
1.559044
1.471630
1.534479
1.470767
1.461179
1.461179
1.461179
1.456724
1.470767
1.399974
1.350559
1.357336
1.391689
1.395057
1.395057
1.292824
1.266096
1.296393
1.343286
1.342030
1.307876
1.322829
1.365667
1.254079
1.254079
1.238745
1.242512
1.279307
1.238745
1.238745
1.259216
1.242512
1.176740
1.200987
1.200155
1.200155
1.176740
1.176353
1.176740
1.157108
1.133643
1.157108
1.157108
1.038318
1.038318
1.133210
1.097422
1.113375
1.115220
1.113375
0.967700
1.065826
1.113375
1.105928
0.985112
1.005490
1.018836
1.005490
0.994506
0.994506
0.956472
0.949082
1.003815
0.965171
0.977997
0.994506
0.974403
0.974403
0.911577
0.928700
0.941387
0.992200
0.827485
0.755807
0.784621
0.860219
0.813851
0.880648
0.915784
0.975752
0.965840
1.150665
1.157342
1.157342
1.218826
1.239620
1.310142
1.305916
1.323951
1.304192
1.369365
1.364139
1.353310
1.419529
1.419529
1.492991
1.506904
1.462962
1.353614
1.488597
1.527049
1.460503
1.488397
1.488397
1.577550
1.539078
1.591647
1.592839
1.592839
1.589581
1.523607
1.580027
1.593529
1.463970
1.460615
1.507245
1.461179
1.358299
1.459961
1.453802
1.445113
1.390508
1.399974
1.407059
1.350559
1.338144
1.350559
1.302244
1.292824
1.333408
1.296393
1.322829
1.238745
1.286671
1.365667
1.292824
1.254079
1.223482
1.254079
1.279307
1.223482
1.157108
1.083277
1.083277
1.085067
1.133643
1.097422
1.006179
1.006179
1.113375
0.967700
0.992087
1.084004
1.058154
1.065826
1.058154
1.003815
1.010391
1.005490
0.947279
0.928700
0.949082
1.003815
0.933786
0.992200
0.974403
0.933786
0.941387
0.941387
0.928700
0.768885
0.714397
0.817860
0.801327
0.774418
0.804935
0.850092
0.831322
0.887155
0.915784
0.954643
0.880648
0.990892
0.982775
1.057544
1.125835
1.125835
1.067160
1.073003
1.214606
1.099500
1.113556
1.162516
1.083544
1.320441
1.282018
1.364139
1.313499
1.418048
1.462962
1.393388
1.382292
1.393388
1.368189
1.460503
1.488397
1.483577
1.546903
1.527049
1.559120
1.582295
1.501950
1.554460
1.602287
1.554553
1.604927
1.604927
1.674875
1.617607
1.617607
1.617607
1.568324
1.552369
1.552369
1.626270
1.534183
1.609121
1.523607
1.612928
1.491635
1.546091
1.580027
1.541491
1.534479
1.536831
1.579983
1.491635
1.528539
1.532022
1.491635
1.524759
1.597206
1.503782
1.470767
1.470767
1.507245
1.491635
1.460615
1.507219
1.574202
1.522905
1.478844
1.411203
1.391689
1.390508
1.326750
1.419916
1.338144
1.401841
1.216201
1.350559
1.367733
1.343286
1.343286
1.367733
1.365667
1.370809
1.363851
1.386319
1.238745
1.308363
1.262614
1.242512
1.224589
1.200987
1.223482
1.192386
1.279226
1.200987
1.200987
1.175304
1.115220
1.097422
1.097991
0.999072
1.070158
1.065826
1.055038
1.051485
1.072147
1.058154
0.946544
1.018836
0.949082
1.026698
1.010391
0.930193
0.956472
0.966314
0.982577
0.922015
0.947279
0.982577
0.947279
0.956549
0.928655
0.922015
0.928700
0.716200
0.763516
0.763516
0.765152
0.724569
0.780399
0.820513
0.764484
0.780211
0.813147
0.844002
0.784621
0.947896
1.026969
0.851589
1.006066
1.047365
1.047365
1.073003
1.134646
1.214606
1.214666
1.130937
1.192652
1.288682
1.337082
1.272104
1.329378
1.305916
1.369365
1.368890
1.297325
1.347177
1.368890
1.424590
1.313000
1.510912
1.431282
1.467727
1.612978
1.554589
1.602032
1.600015
1.638904
1.638904
1.622665
1.545634
1.559044
1.626316
1.621333
1.572821
1.588296
1.637927
1.597206
1.572821
1.506987
1.494613
1.534479
1.437015
1.445523
1.521338
1.439661
1.461179
1.422099
1.425210
1.411203
1.373614
1.422099
1.419916
1.367733
1.364325
1.322542
1.406551
1.425210
1.367733
1.367733
1.350775
1.286671
1.345151
1.437015
1.323475
1.292824
1.322419
1.292824
1.232674
1.242512
1.232674
1.192386
1.152794
1.192386
1.128843
1.128843
1.128843
1.115989
1.115989
1.115989
1.091373
1.091373
1.091373
1.042394
1.035725
1.034815
1.026698
0.982868
1.026698
0.995250
0.922015
0.982577
0.952128
0.969095
0.970545
0.881211
0.956456
0.956456
0.952128
0.733607
0.752916
0.831322
0.874778
0.752916
0.787210
0.760934
0.893752
0.954643
0.958167
1.047365
1.047365
1.125835
1.214666
1.214606
1.272104
1.262895
1.313499
1.208866
1.113556
1.313499
1.378025
1.424590
1.378025
1.347177
1.412716
1.451224
1.531782
1.370386
1.431702
1.479331
1.451224
1.516944
1.602287
1.590198
1.554460
1.536078
1.554589
1.604927
1.585039
1.585039
1.602032
1.602032
1.622665
1.617607
1.653121
1.545634
1.572821
1.626316
1.591067
1.580027
1.593529
1.593529
1.609121
1.621333
1.561972
1.593468
1.506987
1.591067
1.522905
1.579983
1.574202
1.494613
1.546091
1.521338
1.521338
1.578057
1.521338
1.510185
1.510185
1.507219
1.411203
1.425210
1.367733
1.364325
1.317697
1.367733
1.323475
1.307876
1.345151
1.305329
1.262614
1.216201
1.262614
1.212770
1.258607
1.262215
1.217501
1.175304
1.174030
1.192386
1.011849
1.108012
1.108012
0.999072
1.011849
1.128843
1.096898
1.096898
1.091373
1.091373
0.980084
1.070158
1.051079
0.935719
0.979959
0.958382
1.042394
1.042394
1.035725
0.987323
0.928655
0.886916
0.982868
0.995250
0.924075
0.969095
0.928655
0.917727
0.910313
0.940765
0.899874
0.917727
0.899874
0.694015
0.781592
0.724569
0.831322
0.831322
0.882950
0.820513
0.745627
0.813147
0.844015
0.780211
0.873808
0.893752
0.893752
0.958167
0.958167
0.949348
0.931520
0.931520
1.028791
1.028791
1.125835
1.214666
1.076217
1.272104
1.071839
1.288682
1.191471
1.138852
1.279457
1.260634
1.260634
1.329378
1.197426
1.313499
1.347177
1.347177
1.424590
1.393388
1.412716
1.564438
1.483577
1.536078
1.536078
1.590198
1.604927
1.595073
1.633510
1.633925
1.638904
1.653121
1.659675
1.626270
1.622665
1.600015
1.575673
1.670495
1.612928
1.612928
1.638904
1.622665
1.609121
1.600015
1.600015
1.640237
1.628680
1.612928
1.637927
1.626316
1.578057
1.591067
1.637927
1.640237
1.593468
1.578057
1.546091
1.593529
1.502946
1.406551
1.521338
1.386319
1.558386
1.506987
1.408381
1.367733
1.406551
1.359866
1.350775
1.350775
1.364325
1.408381
1.260318
1.253046
1.307876
1.305329
1.345151
1.317697
1.307876
1.307876
1.262614
1.262614
1.274102
1.192386
1.232674
1.189927
1.258607
1.177699
1.175304
1.057070
1.128843
1.028734
0.979959
1.128843
1.077122
1.077122
1.096898
1.096898
1.077122
1.051079
1.035725
1.051079
0.946544
1.042394
0.999689
0.931900
0.958382
0.987323
0.995250
0.940179
0.995250
0.928655
0.922015
0.982577
0.899874
0.924075
0.917727
0.899874
0.751194
0.746837
0.724569
0.763516
0.778945
0.901403
0.780211
0.901403
0.910990
0.958167
1.000169
1.031397
1.028791
1.032234
0.931520
1.103966
1.066321
1.122492
1.170820
1.214606
1.234757
1.308348
1.297325
1.373162
1.338305
1.378025
1.424590
1.310579
1.415812
1.370025
1.412716
1.434368
1.423356
1.451224
1.502324
1.564438
1.495693
1.576546
1.551032
1.571639
1.567634
1.554589
1.613254
1.612295
1.649649
1.602032
1.684560
1.684560
1.634775
1.617607
1.646572
1.631054
1.661085
1.651351
1.658974
1.621333
1.675903
1.626316
1.545634
1.575673
1.525552
1.595467
1.660095
1.593468
1.647540
1.647540
1.625763
1.584035
1.606494
1.545634
1.507219
1.593529
1.524530
1.494613
1.478026
1.571668
1.558386
1.425210
1.406551
1.406551
1.543146
1.543146
1.457180
1.468349
1.367733
1.329266
1.364325
1.293186
1.293186
1.321063
1.321063
1.305329
1.212770
1.258607
1.212770
1.212770
1.172601
1.152794
1.132747
1.175304
1.048478
1.132747
1.011849
1.028734
1.108012
1.091716
1.132747
1.077122
0.980084
1.109486
1.071546
1.065810
0.979959
1.051079
1.035725
0.960032
1.042394
0.946544
1.018639
0.987323
0.982577
0.949390
0.937252
0.922015
0.987323
0.963459
0.886916
0.910313
0.891129
0.953925
0.929633
0.929633
0.897662
0.910313
0.899874
0.891129
0.899874
0.925961
0.911320
0.763516
0.791590
0.749576
0.720921
0.804377
0.804377
0.686837
0.704352
0.873808
0.808189
0.873808
0.811133
0.748746
0.787210
0.876225
0.927891
0.882950
0.935016
0.945494
0.986597
1.069070
1.151131
1.170820
1.234757
1.260634
1.171171
1.171171
1.258723
1.284046
1.310579
1.249148
1.338305
1.379140
1.379140
1.370025
1.451165
1.417221
1.541958
1.516944
1.474465
1.525705
1.580009
1.591646
1.673892
1.659726
1.654179
1.571639
1.591646
1.591646
1.679572
1.631022
1.665580
1.665580
1.675847
1.673892
1.678622
1.610042
1.665444
1.691825
1.683397
1.699776
1.602589
1.665444
1.663505
1.675847
1.683397
1.702367
1.646572
1.588296
1.622771
1.665763
1.658974
1.638854
1.638854
1.702367
1.660095
1.649782
1.665763
1.649640
1.660095
1.619617
1.667474
1.606494
1.665763
1.578057
1.506987
1.576829
1.665981
1.623793
1.497402
1.571668
1.625763
1.556183
1.422099
1.377986
1.408381
1.471154
1.456245
1.457180
1.378307
1.433158
1.363183
1.365623
1.365623
1.410491
1.329266
1.247393
1.165881
1.278348
1.233037
1.106312
1.192616
1.192616
1.152473
1.152473
1.011849
1.128174
1.113309
1.152473
1.004519
1.054116
1.054116
0.931900
1.065810
0.905387
1.010001
1.010001
1.018639
1.018639
1.018639
0.954505
0.963459
0.917287
0.924075
0.891129
0.954505
0.917287
0.911320
0.858543
0.695581
0.720344
0.719575
0.720921
0.806768
0.738047
0.806768
0.684798
0.857000
0.876225
0.733607
0.916769
0.880062
0.861969
0.935016
0.937337
0.916769
0.937337
0.935016
0.987944
1.170820
1.170820
1.046253
0.980114
1.151254
1.151131
1.234757
1.222660
1.293788
1.232811
1.291935
1.258723
1.308348
1.338305
1.239665
1.379140
1.417221
1.417221
1.373162
1.502324
1.423356
1.502324
1.502324
1.503132
1.648568
1.679572
1.631022
1.648821
1.638487
1.612295
1.601011
1.631533
1.715570
1.663505
1.651351
1.610042
1.634775
1.633510
1.684560
1.702367
1.703516
1.678622
1.595467
1.623793
1.665981
1.665763
1.647540
1.595467
1.595467
1.649640
1.561574
1.624368
1.625763
1.623793
1.625763
1.527618
1.610739
1.561574
1.558386
1.623793
1.610739
1.491571
1.509489
1.509489
1.457180
1.484769
1.558386
1.468349
1.468349
1.468349
1.432786
1.543146
1.363183
1.363183
1.377986
1.313654
1.400465
1.247393
1.202152
1.278348
1.202152
1.233037
1.192616
1.202152
1.063334
1.192616
1.172601
1.125905
1.113309
1.109486
1.109486
1.071546
1.065810
0.950851
1.027344
1.027344
1.016344
1.027344
0.878932
1.002092
0.968495
0.949390
0.949390
0.933264
0.878932
0.859938
0.933264
0.953925
0.876847
0.858543
0.697587
0.670281
0.720344
0.664167
0.695581
0.806768
0.644766
0.808189
0.804377
0.812400
0.720921
0.876225
0.880062
0.880062
0.994042
0.937337
0.978348
0.890911
0.962809
0.994042
1.057467
1.066321
1.148701
1.151254
1.241829
1.222660
1.203167
1.222660
1.258723
1.258723
1.284046
1.323997
1.291935
1.323997
1.338305
1.373162
1.263447
1.312756
1.338305
1.258720
1.373162
1.512274
1.352239
1.357344
1.317332
1.417221
1.459019
1.482533
1.439222
1.479557
1.541958
1.552068
1.580009
1.591646
1.580009
1.619163
1.641521
1.646535
1.654179
1.721359
1.711903
1.601011
1.644585
1.711903
1.679572
1.651351
1.715570
1.661085
1.690291
1.684560
1.707846
1.721988
1.677731
1.566803
1.610042
1.702367
1.703516
1.622771
1.703516
1.595467
1.651667
1.665981
1.667474
1.623793
1.606494
1.606494
1.558386
1.558386
1.606494
1.558386
1.433158
1.543146
1.363183
1.400465
1.432786
1.433158
1.363183
1.457180
1.329266
1.237572
1.356718
1.134495
1.231678
1.150377
1.152473
1.113309
1.109486
0.994837
1.071546
1.054116
1.054116
1.027344
1.010001
0.968495
0.958723
0.891129
0.963459
0.891129
0.953925
0.954505
0.892533
0.904652
0.892533
0.876909
0.876847
0.911518
0.876909
0.858543
0.858543
0.897874
0.897874
0.876847
0.890072
0.684182
0.754143
0.669774
0.720921
0.808189
0.720921
0.838812
0.906408
0.865876
0.887608
0.880062
0.987944
0.941899
0.889453
0.994042
1.069070
1.091640
1.148701
1.103119
1.151254
1.203030
1.106614
1.232811
1.185446
1.231312
1.310740
1.273250
1.240144
1.301633
1.310740
1.277912
1.407727
1.343002
1.417221
1.264954
1.364310
1.402282
1.438129
1.444403
1.439222
1.482533
1.523157
1.507439
1.474465
1.512414
1.537261
1.641521
1.648568
1.633409
1.612295
1.580914
1.618079
1.658043
1.646535
1.716174
1.665580
1.659432
1.612295
1.612295
1.669654
1.673892
1.679572
1.673892
1.633510
1.672747
1.707846
1.619815
1.583253
1.721988
1.702367
1.665444
1.661085
1.678622
1.678622
1.678622
1.675903
1.684560
1.665444
1.683218
1.610898
1.583253
1.684560
1.693924
1.683397
1.660095
1.703339
1.665763
1.707621
1.651667
1.587882
1.592682
1.546906
1.566803
1.564449
1.651667
1.584612
1.667474
1.648560
1.651667
1.649640
1.648510
1.667474
1.514336
1.625763
1.571668
1.538143
1.485225
1.606494
1.527618
1.509489
1.378307
1.377986
1.400465
1.204267
1.210472
1.189111
1.139493
1.051764
1.102102
1.037938
1.164213
1.192616
1.172601
1.126570
1.091716
1.113309
1.091716
1.013759
1.081881
0.950851
1.039816
1.071546
0.920231
0.932118
0.878932
1.027344
0.968495
0.970247
1.029131
0.958723
0.949390
0.963459
0.954505
0.917959
0.892533
0.870401
0.876909
0.858543
0.888041
0.681037
0.719693
0.688385
0.688385
0.734793
0.766068
0.778876
0.839142
0.770973
0.706937
0.833289
0.839142
0.906408
0.745627
0.919014
0.889041
0.920105
0.890911
1.027979
1.027979
1.027979
1.046253
1.180132
1.203167
1.177249
1.212445
1.301633
1.310740
1.486116
1.641521
1.631130
1.641521
1.641521
1.562649
1.631130
1.648568
1.562649
1.633409
1.618689
1.608869
1.591646
1.654179
1.699401
1.693873
1.621660
1.659432
1.608869
1.699401
1.721359
1.556211
1.580914
1.597450
1.699401
1.721359
1.704588
1.716654
1.672747
1.652651
1.683218
1.707621
1.723187
1.693924
1.594168
1.580349
1.703339
1.667474
1.574521
1.595467
1.561574
1.561666
1.558386
1.437961
1.334764
1.424893
1.349028
1.313654
1.356718
1.301383
1.255194
1.301383
1.217855
1.270805
1.248344
1.270805
1.288150
1.248344
1.217855
1.164555
1.205962
1.099872
1.102102
1.082905
1.213137
1.164213
1.164213
1.150377
1.106369
1.125905
0.989592
1.126570
1.108873
1.054675
1.086225
1.081881
1.067576
1.081881
1.038578
0.892597
0.931900
0.986522
0.986522
0.970247
0.976154
0.925718
0.853012
0.891129
0.925718
0.917959
0.843826
0.890771
0.899056
0.867944
0.888041
0.836357
0.849607
0.684182
0.719575
0.702067
0.767670
0.777686
0.839142
0.770973
0.963495
0.963495
0.942315
0.867431
0.957620
0.963495
1.017547
1.017547
1.014404
1.103119
1.103119
1.071914
1.139799
1.158816
1.180132
1.180132
1.139799
1.167069
1.212445
1.203167
1.252497
1.240144
1.277912
1.394390
1.325291
1.407727
1.336617
1.383419
1.325291
1.412182
1.444403
1.407727
1.447634
1.507439
1.537261
1.611316
1.562649
1.618689
1.564935
1.608869
1.608869
1.580914
1.606257
1.606257
1.646535
1.633409
1.633409
1.608869
1.705590
1.705590
1.561234
1.687327
1.717248
1.619815
1.618079
1.716174
1.672747
1.597450
1.672747
1.690291
1.690291
1.592682
1.538977
1.538977
1.437961
1.385945
1.332739
1.385945
1.331855
1.374919
1.284994
1.332739
1.205962
1.161971
1.205962
1.139493
1.125628
1.126570
1.086225
1.067576
1.086225
0.960032
1.018597
1.029131
1.038578
1.038578
0.898372
0.941486
0.973453
0.986522
0.921845
0.870401
0.853012
0.921845
0.910868
0.921845
0.917959
0.853012
0.890771
0.904936
0.890771
0.853012
0.699204
0.754490
0.688385
0.635721
0.706937
0.688385
0.661493
0.858155
0.857286
0.899482
0.841631
1.091104
1.091640
1.139799
1.212445
1.177249
1.240144
1.187215
1.301633
1.325291
1.360328
1.383419
1.395962
1.365732
1.507439
1.467963
1.479557
1.467963
1.472867
1.445092
1.589116
1.588100
1.588368
1.604117
1.604117
1.631130
1.604117
1.564935
1.589943
1.633409
1.608150
1.631130
1.631130
1.556211
1.662317
1.693873
1.693509
1.606257
1.639187
1.646102
1.608869
1.587699
1.606257
1.669654
1.669654
1.618079
1.644585
1.681277
1.644585
1.705590
1.704588
1.705590
1.566567
1.566567
1.590381
1.690291
1.619815
1.610898
1.610898
1.592682
1.592682
1.584612
1.491968
1.491968
1.485225
1.291656
1.345411
1.385945
1.374919
1.424893
1.332739
1.349655
1.247156
1.192414
1.255194
1.288150
1.255194
1.217855
1.161971
1.138672
1.164213
1.125628
1.126570
1.106369
1.086225
1.039816
1.039816
1.039816
0.909624
0.916626
0.934598
0.898372
0.916626
0.995111
0.986522
0.892597
0.891129
0.986522
0.853012
0.917959
0.917959
0.827403
0.850917
0.857721
0.857721
0.910868
0.817035
0.836357
0.849607
0.660807
0.683301
0.705408
0.664167
0.701558
0.660807
0.720053
0.782084
0.676502
0.661493
0.785151
0.785151
0.766068
0.794840
0.839142
0.857286
0.889041
0.963495
0.957620
0.914223
0.997652
0.957620
1.091640
0.930715
0.808792
1.027979
1.167069
1.108950
1.091104
1.091104
1.158816
1.155115
1.177249
1.197667
1.277262
1.224347
1.325291
1.343919
1.429263
1.508512
1.607118
1.607118
1.594971
1.542370
1.608150
1.581746
1.539198
1.569529
1.589943
1.626423
1.631130
1.606257
1.671306
1.611510
1.626423
1.699401
1.586802
1.669008
1.614247
1.700186
1.561234
1.669654
1.590381
1.587882
1.592682
1.561666
1.538977
1.491968
1.554943
1.491968
1.437961
1.330946
1.243041
1.193218
1.288150
1.130823
1.248344
1.248344
1.205962
1.111665
1.147191
1.173772
1.066880
1.116440
1.125628
1.106369
1.125628
1.136538
1.106369
1.067576
1.067576
1.039816
1.086225
0.959157
1.026181
1.039816
1.029131
1.004362
1.003364
1.003364
0.892597
0.980755
0.970247
0.952939
0.929408
0.925804
0.848332
0.848332
0.925718
0.925718
0.853012
0.925718
0.922417
0.925844
0.904936
0.864611
0.850917
0.849607
0.701558
0.655202
0.639402
0.794840
0.855628
0.966313
1.019694
1.014404
1.112548
1.085392
0.947891
1.155115
1.242321
1.216867
1.064313
1.127115
1.193763
1.193763
1.240144
1.285643
1.312756
1.327311
1.442826
1.545849
1.542370
1.560611
1.594971
1.517657
1.564935
1.607118
1.607118
1.594971
1.563254
1.517657
1.596622
1.666385
1.671306
1.662317
1.569529
1.614247
1.618689
1.580914
1.653231
1.700186
1.591830
1.586802
1.614247
1.569529
1.669008
1.614247
1.678202
1.678202
1.556211
1.570630
1.713045
1.678202
1.669008
1.681277
1.570630
1.573211
1.612634
1.612634
1.605160
1.556765
1.605160
1.556765
1.554943
1.484932
1.417657
1.417657
1.484932
1.424893
1.361297
1.377505
1.377505
1.255143
1.297520
1.210472
1.248446
1.290366
1.290366
1.215323
1.260623
1.217178
1.261239
1.184025
1.184025
1.173772
1.217178
1.175752
1.217178
1.147191
1.136538
1.175752
1.116440
1.067824
1.092103
1.050188
1.067824
1.050188
1.048815
0.928929
0.995111
0.883763
0.904781
0.859646
0.947398
0.921845
0.929408
0.935771
0.853012
0.935771
0.836388
0.850917
0.877572
0.858381
0.874203
0.858381
0.836357
0.857207
0.857207
0.705408
0.640190
0.701558
0.639101
0.652063
0.655202
0.809113
0.785151
0.793145
0.793355
0.770973
0.972887
0.852901
1.049157
0.989550
1.031132
1.041299
1.112548
1.092891
1.158464
1.155115
1.193763
1.260340
1.283722
1.283722
1.482846
1.508512
1.594971
1.482846
1.539198
1.542370
1.594971
1.478092
1.517657
1.568182
1.620860
1.611510
1.568884
1.591830
1.620292
1.506257
1.506257
1.669008
1.638691
1.678202
1.671306
1.596622
1.693509
1.520790
1.541083
1.696350
1.561750
1.669008
1.696350
1.648987
1.599137
1.586802
1.586802
1.603486
1.679380
1.566567
1.586669
1.605160
1.554943
1.605160
1.537674
1.484932
1.537674
1.510333
1.443401
1.484932
1.431958
1.458924
1.404892
1.458924
1.290366
1.260623
1.085892
1.175752
1.136538
1.113847
1.113847
1.136538
1.136538
1.092103
1.050188
1.050188
1.048815
1.048815
1.026181
0.899076
0.899076
1.026181
0.980755
0.952939
0.858498
0.947398
0.947398
0.824801
0.882795
0.935771
0.882795
0.882795
0.874203
0.866331
0.866331
0.877572
0.681148
0.714895
0.628870
0.627405
0.785151
0.785151
0.785151
0.675336
0.857286
0.707853
0.715877
0.857286
0.743938
0.914223
0.914223
0.989550
1.041299
1.041299
1.108950
1.138452
1.138452
1.236997
1.172756
1.224347
1.294742
1.389331
1.485119
1.412182
1.472867
1.508512
1.545849
1.581746
1.560611
1.633589
1.584207
1.545849
1.588100
1.581746
1.539198
1.563254
1.666385
1.666385
1.638903
1.671306
1.620292
1.638691
1.611510
1.611510
1.620292
1.596622
1.653231
1.638691
1.669008
1.646102
1.678202
1.599137
1.570630
1.679380
1.679380
1.603486
1.699997
1.598914
1.598914
1.567047
1.612634
1.626960
1.598914
1.612634
1.554943
1.431958
1.291656
1.431958
1.193218
1.330946
1.377505
1.210472
1.255143
1.193218
1.163181
1.145577
1.174127
1.241323
1.225988
1.147475
1.218857
1.176533
1.210751
1.217178
1.248446
1.163181
1.172477
1.158991
1.179482
1.066880
1.050513
1.050513
1.111803
1.092076
1.131607
1.038871
1.137215
0.973554
1.020780
1.113847
1.066880
1.008094
1.067824
1.090030
1.092103
1.026181
0.933971
1.048815
1.004362
1.032739
0.983462
0.989532
0.929408
0.935771
0.929408
0.929408
0.815681
0.858498
0.884828
0.922417
0.900339
0.884828
0.884828
0.824801
0.826331
0.824801
0.858381
0.874203
0.840116
0.824801
0.857207
0.813550
0.628870
0.714895
0.720053
0.720053
0.782084
0.640950
0.794840
0.730574
0.676502
0.793145
0.861460
0.729387
0.855628
0.930780
0.869945
0.856635
0.925019
0.912694
0.914223
0.930060
0.989550
0.972887
0.989550
0.956665
0.891070
1.019694
1.092891
1.030362
1.092891
1.114767
1.158464
1.199948
1.158464
1.193763
1.265851
1.236382
1.283722
1.224347
1.236997
1.302549
1.395962
1.343919
1.454184
1.471805
1.509703
1.508512
1.599180
1.563254
1.549848
1.482846
1.542370
1.599180
1.517657
1.633589
1.625122
1.585788
1.453666
1.638903
1.566457
1.638691
1.581746
1.569529
1.669008
1.508054
1.625749
1.530763
1.625749
1.656374
1.678202
1.656374
1.666385
1.625078
1.686848
1.649462
1.654731
1.685741
1.685741
1.586669
1.644503
1.541209
1.557563
1.586669
1.615718
1.579944
1.530411
1.572120
1.524731
1.461956
1.592730
1.510333
1.467787
1.517272
1.477221
1.431958
1.417657
1.458924
1.404892
1.447595
1.349655
1.253968
1.297520
1.193218
1.260623
1.205777
1.313827
1.241323
1.293575
1.266673
1.240047
1.321479
1.241323
1.163181
1.230450
1.241837
1.248446
1.257393
1.225988
1.097437
1.147475
1.218857
1.218857
1.147475
1.180134
1.171752
1.194651
1.171731
1.108928
1.145253
1.111803
1.060348
1.128392
1.184750
1.176533
1.147191
1.160738
1.101228
1.083149
1.184431
1.160738
1.131607
1.147506
1.045275
1.109627
1.133924
1.146901
1.045275
1.109627
0.974237
1.092103
1.050188
1.057219
0.891048
0.883763
1.004362
0.883763
0.902434
1.003364
0.860408
0.932952
0.947398
0.947398
0.860572
0.892562
0.815681
0.884383
0.839762
0.799742
0.813578
0.803030
0.603327
0.655202
0.639101
0.732862
0.799051
0.686258
0.788192
0.788192
0.801378
0.809113
0.869945
0.869945
0.801378
0.869040
0.913901
0.929118
0.981209
0.947891
0.962404
1.017617
1.101344
1.107219
1.107219
1.027506
0.960811
1.151958
1.145964
1.178655
1.145031
1.179815
1.236382
1.178655
1.294964
1.355350
1.347889
1.292113
1.395962
1.291008
1.368804
1.401857
1.500286
1.482846
1.447163
1.599180
1.563752
1.534503
1.507227
1.507227
1.539198
1.447163
1.594832
1.599180
1.570285
1.568182
1.594832
1.550609
1.550609
1.480826
1.478092
1.545281
1.611838
1.611838
1.611838
1.633589
1.545281
1.570285
1.636284
1.598813
1.656374
1.520790
1.549075
1.521724
1.599137
1.569657
1.606589
1.603486
1.573211
1.573211
1.631121
1.604629
1.612634
1.612634
1.654731
1.625337
1.597240
1.524731
1.489234
1.403378
1.417791
1.399628
1.369634
1.351069
1.374446
1.447595
1.390028
1.390028
1.303041
1.272788
1.253968
1.368444
1.321479
1.266393
1.227659
1.205777
1.278298
1.302508
1.241837
1.292624
1.274948
1.302508
1.256776
1.274948
1.266913
1.179482
1.218907
1.191115
1.174934
1.174934
1.123321
1.151176
1.151176
1.217569
1.208439
1.192792
1.147506
1.174934
1.217569
1.210751
1.174934
1.151176
1.184431
1.148668
1.138915
1.096193
1.109129
1.151176
1.079736
1.079736
1.047760
1.064379
1.081173
1.059009
1.059009
1.146901
1.059009
1.035575
1.047760
1.096193
0.980034
1.035575
1.070336
1.099293
1.057749
1.012256
0.942065
0.989384
0.843318
0.965866
1.003364
0.824801
0.892957
0.893490
0.893605
0.892562
0.893490
0.836388
0.886397
0.873843
0.873843
0.873843
0.874203
0.803030
0.840116
0.877572
0.829381
0.825105
0.694262
0.715847
0.617323
0.640950
0.593646
0.603437
0.602611
0.701558
0.722012
0.640794
0.734208
0.655397
0.696180
0.655397
0.734208
0.799051
0.640794
0.688694
0.801378
0.861460
0.912694
0.930060
0.925019
0.966313
0.930060
0.891070
1.049933
1.049933
1.041299
1.049933
1.145031
1.138452
1.145031
1.226531
1.250818
1.226531
1.329198
1.369485
1.427970
1.474516
1.534503
1.474516
1.417019
1.447163
1.452955
1.417019
1.471805
1.533522
1.576581
1.589050
1.576581
1.589050
1.599180
1.507227
1.534503
1.534503
1.452955
1.512905
1.545281
1.594832
1.611838
1.589050
1.642584
1.512905
1.611838
1.508054
1.508054
1.551720
1.551720
1.625337
1.644503
1.589339
1.644503
1.635372
1.606652
1.541209
1.557563
1.541209
1.528742
1.449605
1.501434
1.443401
1.391858
1.399628
1.329196
1.291656
1.273372
1.368444
1.302508
1.292624
1.174127
1.220138
1.278298
1.339313
1.266393
1.321479
1.216697
1.293455
1.246163
1.287228
1.180134
1.256776
1.218907
1.180134
1.266913
1.204718
1.246163
1.215323
1.257073
1.257073
1.274948
1.195966
1.266913
1.256776
1.151944
1.230450
1.182311
1.214317
1.174934
1.151944
1.184750
1.184750
1.214317
1.150738
1.172477
1.228577
1.228577
1.214317
1.171731
1.160738
1.160738
1.217569
1.184431
1.150738
1.171731
1.147506
1.157089
1.171731
1.120944
1.147506
1.099719
1.184431
1.175752
1.137215
1.099719
1.100857
1.081173
1.109129
1.109129
1.137215
1.113801
1.064379
1.064379
1.081173
1.109627
1.081173
1.079736
0.980034
0.974237
1.099293
0.980034
1.057219
1.057749
1.057219
1.024958
1.057219
1.057219
1.010331
0.891048
1.010331
1.010331
0.860572
0.902824
0.859646
0.963866
0.830073
0.884383
0.810152
0.836522
0.813578
0.813578
0.803030
0.598213
0.639101
0.640190
0.722053
0.700740
0.714895
0.726103
0.734080
0.715847
0.787552
0.734080
0.799051
0.788192
0.788192
0.799051
0.863961
0.787552
0.863961
0.750041
0.859555
0.861460
0.861460
0.922526
0.921885
0.922526
0.930060
0.881553
0.989550
1.057522
1.057522
1.032897
1.145964
1.178655
1.178655
1.241341
1.242581
1.227695
1.227695
1.251345
1.312961
1.312961
1.359523
1.427970
1.471805
1.471805
1.507227
1.509703
1.576581
1.509703
1.480238
1.509703
1.547650
1.599180
1.599180
1.452955
1.575653
1.570285
1.625122
1.625122
1.528859
1.563314
1.529871
1.574755
1.606589
1.606589
1.567223
1.604629
1.599779
1.625337
1.589339
1.589339
1.605319
1.467787
1.572596
1.428923
1.439818
1.428923
1.420939
1.347241
1.361429
1.343019
1.308119
1.308119
1.329196
1.272788
1.308119
1.368444
1.371120
1.354726
1.354726
1.339313
1.287228
1.293455
1.227659
1.274948
1.321479
1.321479
1.302508
1.278298
1.298236
1.313827
1.375714
1.302508
1.227659
1.216697
1.257073
1.300276
1.246163
1.293455
1.297330
1.150738
1.123321
1.201387
1.201387
1.191115
1.240047
1.240047
1.236536
1.174127
1.128392
1.180134
1.216697
1.257073
1.241837
1.240047
1.195966
1.228577
1.154947
1.151944
1.217569
1.179629
1.217569
1.138915
1.158146
1.191115
1.179629
1.179629
1.120944
1.125141
1.176569
1.171731
1.059009
1.125141
1.099719
1.101228
1.113801
1.171731
1.113801
1.147506
1.125141
1.079736
1.100857
1.100857
1.016309
1.054283
1.075533
1.032865
1.054283
1.032865
1.039476
1.109129
1.099293
1.010720
0.980034
0.980034
0.996558
0.996558
1.016309
1.067605
1.055491
1.055491
0.974237
1.057219
0.942065
1.032773
1.032773
1.012256
0.989384
0.963866
0.944801
0.944801
0.944801
0.954887
0.817087
0.893490
0.893490
0.886397
0.797248
0.829381
0.617246
0.714895
0.788192
0.856041
0.795822
0.863961
0.845150
0.927602
0.929104
0.863961
0.925019
0.922526
0.937861
0.928623
0.928623
0.931981
0.939327
1.007872
1.002335
0.994546
1.002335
0.897196
1.049933
1.057526
1.100565
1.092348
1.145031
1.173009
1.226531
1.267268
1.250818
1.290725
1.425573
1.469138
1.533424
1.488913
1.382001
1.383463
1.491543
1.494328
1.491543
1.534931
1.533424
1.474516
1.556965
1.516763
1.533424
1.516763
1.452955
1.576581
1.575653
1.611838
1.479179
1.512905
1.552885
1.563314
1.631121
1.658635
1.599779
1.626826
1.598331
1.597696
1.606652
1.505843
1.443401
1.477221
1.308119
1.399628
1.349003
1.308743
1.459500
1.314973
1.354100
1.344026
1.354100
1.354100
1.293538
1.344026
1.314973
1.321479
1.368444
1.368040
1.279423
1.326309
1.279423
1.287228
1.354100
1.274948
1.313827
1.302006
1.255772
1.218907
1.196869
1.255772
1.201387
1.266673
1.272249
1.248106
1.281326
1.241837
1.241837
1.218907
1.203840
1.280065
1.281326
1.246163
1.201387
1.195966
1.195966
1.205442
1.205442
1.171731
1.101228
1.182424
1.138915
1.157089
1.127819
1.160738
1.079736
1.083149
1.081173
1.068295
1.135079
1.066868
1.109439
1.096193
1.087413
1.137215
1.079736
1.121445
1.066868
1.111071
1.137215
1.055491
1.099293
1.148274
1.105929
1.037264
0.956612
1.039476
1.024251
1.040077
1.105929
1.010720
0.968601
1.032773
0.937149
0.989384
1.022123
0.989384
0.950326
0.963866
0.817087
0.825233
0.889951
0.900339
0.892562
0.892957
0.902945
0.839762
0.845475
0.789825
0.786363
0.814660
0.810152
0.803030
0.803030
0.819401
0.602611
0.625753
0.625753
0.639101
0.704158
0.648978
0.715847
0.722053
0.722053
0.778129
0.795516
0.851277
0.757048
0.917256
0.927602
0.935634
0.935634
0.921790
0.927602
0.937861
0.782146
0.930780
1.008973
0.881553
0.830228
1.019049
1.008973
0.989550
0.989550
0.989286
0.989550
1.057522
1.084045
1.110549
1.150006
1.150172
1.167132
1.173974
1.264882
1.409428
1.367363
1.425573
1.425573
1.472394
1.429409
1.472394
1.406540
1.495686
1.441599
1.469138
1.547650
1.531665
1.495686
1.556100
1.556965
1.476975
1.556765
1.556765
1.607168
1.600147
1.599779
1.630849
1.598331
1.597696
1.559083
1.559083
1.503697
1.552157
1.528742
1.536722
1.572120
1.491751
1.524731
1.469757
1.503697
1.449605
1.439818
1.439818
1.425243
1.346576
1.399628
1.445788
1.382075
1.459500
1.440213
1.286859
1.384099
1.415658
1.459500
1.368040
1.326902
1.326309
1.445788
1.469451
1.382075
1.354726
1.340784
1.273372
1.306160
1.344026
1.351321
1.368040
1.337013
1.255772
1.337881
1.292624
1.227895
1.272249
1.296061
1.291321
1.354282
1.270166
1.252559
1.252559
1.298236
1.279423
1.227895
1.252038
1.288746
1.228750
1.288746
1.202245
1.226941
1.223735
1.223735
1.137336
1.248106
1.209258
1.244051
1.235000
1.228577
1.244051
1.244051
1.143480
1.090919
1.189808
1.111071
1.121445
1.139754
1.189808
1.135079
1.106879
1.090919
1.135079
1.123662
1.109506
1.109627
1.103227
1.068295
1.085631
1.106879
1.066868
1.103227
1.087413
1.114755
1.075533
0.992166
0.968601
1.016624
1.053202
1.057749
1.037264
0.960474
0.979700
0.902824
1.040077
1.012256
0.891048
0.965866
0.965866
0.963866
0.862739
0.893822
0.963866
0.935193
0.900339
0.910148
0.910148
0.902945
0.825233
0.825233
0.892562
0.845475
0.841107
0.832645
0.833983
0.797248
0.836522
0.814660
0.814660
0.819401
0.512723
0.582438
0.582438
0.625753
0.648053
0.700740
0.726103
0.688694
0.778129
0.795516
0.851277
0.853075
0.927602
0.927602
0.937861
1.007519
0.935634
0.927602
0.917256
1.019049
0.998167
1.002335
0.998167
1.012300
1.019049
0.997872
1.007872
0.997872
1.050197
1.050197
1.057522
1.044413
1.083950
1.107219
1.077737
1.168015
1.173009
1.173009
1.181631
1.271144
1.307365
1.311468
1.406540
1.488913
1.469138
1.429409
1.382001
1.412087
1.472394
1.491543
1.469138
1.516763
1.533424
1.533424
1.516763
1.446728
1.520138
1.552885
1.658635
1.630849
1.598331
1.566534
1.566534
1.525683
1.464915
1.466888
1.425243
1.464523
1.411373
1.469451
1.469451
1.384099
1.346576
1.438152
1.469451
1.438152
1.403484
1.354282
1.375714
1.354100
1.361866
1.384099
1.368040
1.311637
1.286859
1.340840
1.415658
1.349003
1.349003
1.337013
1.302006
1.361866
1.337881
1.272249
1.282022
1.340840
1.302006
1.311637
1.272249
1.279423
1.226941
1.337881
1.226941
1.228750
1.224651
1.288746
1.203840
1.288746
1.248106
1.252038
1.252038
1.209258
1.244051
1.281326
1.244051
1.223735
1.197823
1.182424
1.189808
1.163728
1.179628
1.049726
1.049726
1.205442
1.163728
1.197823
1.163728
1.182424
1.189808
1.148274
1.158146
1.111071
1.135079
1.049726
1.121445
1.148274
1.139754
1.123662
1.123662
1.135079
1.123662
1.036732
1.049726
1.111071
1.109627
1.080295
1.135079
1.075533
1.036732
1.066868
1.075533
1.075533
1.037264
1.037264
1.055506
1.037264
1.013613
1.041555
1.041555
1.024251
1.080340
1.013613
1.041555
1.055506
1.024251
1.063379
1.063379
1.014742
1.032168
0.992166
0.979700
0.960474
1.067605
1.027413
1.067605
0.947012
0.968601
0.998222
0.979700
0.998222
1.066164
0.994461
1.022123
0.966905
1.010331
0.994461
0.841524
0.965361
0.950326
0.973355
0.965805
0.862692
0.919386
0.825233
0.826331
0.889951
0.798775
0.798775
0.796585
0.822003
0.833983
0.798775
0.814660
0.782550
0.822003
0.582438
0.570898
0.505753
0.680557
0.625753
0.722053
0.776882
0.778129
0.839176
0.778129
0.851277
0.776882
0.835550
0.839176
0.853075
0.839176
0.919422
0.917256
0.760762
0.754385
0.816294
0.917256
1.007519
1.007519
1.000017
0.905612
0.917256
1.004757
1.005462
1.012300
1.019049
1.008973
1.019049
1.007383
1.002335
1.076795
0.997872
1.007872
1.060936
1.044413
1.100565
1.127612
1.173009
1.251345
1.290725
1.307365
1.367363
1.324750
1.358237
1.358237
1.382706
1.448611
1.429409
1.382647
1.488913
1.382001
1.336567
1.448611
1.398511
1.429409
1.382001
1.441599
1.516763
1.472959
1.491543
1.446728
1.412087
1.491543
1.476975
1.479179
1.524009
1.509386
1.499344
1.631437
1.607168
1.596401
1.600147
1.630849
1.630849
1.630849
1.658635
1.539801
1.525683
1.539801
1.439818
1.491751
1.537524
1.470826
1.537531
1.537524
1.436857
1.440213
1.378755
1.453494
1.346576
1.425243
1.504369
1.403484
1.415658
1.504998
1.448761
1.506201
1.403484
1.363597
1.382075
1.314973
1.450865
1.445788
1.445788
1.440213
1.448761
1.337013
1.326902
1.445788
1.296061
1.445788
1.384099
1.311637
1.293538
1.337881
1.272249
1.338299
1.203840
1.296061
1.302006
1.256626
1.261091
1.244051
1.202245
1.192134
1.209258
1.209258
1.213050
1.154947
1.168856
1.148668
1.179628
1.179628
1.223735
1.109439
1.137336
1.179628
1.163728
1.168856
1.148542
1.121445
1.189808
1.153472
1.023114
1.121445
1.121445
1.148274
1.148274
1.067605
1.123662
1.055506
1.067605
1.053202
1.087147
1.037264
1.001033
1.055506
1.016624
1.081405
1.075533
1.014742
1.024251
1.001033
0.992166
1.014742
1.016624
0.979700
1.063379
0.922419
0.945994
0.998222
0.944660
0.890501
0.960474
0.928443
0.862739
0.950326
0.942019
0.965361
0.910148
0.890191
0.885241
0.889912
0.796585
0.759973
0.505753
0.516848
0.561640
0.531188
0.534351
0.514044
0.531188
0.551956
0.598213
0.560519
0.624258
0.704158
0.598213
0.726103
0.700740
0.700740
0.702633
0.657562
0.708337
0.776882
0.782965
0.707418
0.843543
0.919422
0.914972
1.005462
1.005462
1.000017
1.000017
1.016816
1.007147
1.016445
1.006186
1.014201
1.089032
1.089880
1.008973
1.019049
0.910598
1.067452
1.060936
1.073607
1.067452
1.119406
1.062731
1.141843
1.141843
1.107979
1.181631
1.168015
1.227780
1.380949
1.380949
1.488913
1.440957
1.424284
1.425573
1.445341
1.429409
1.393070
1.453457
1.448611
1.448611
1.393070
1.488913
1.448611
1.516763
1.441599
1.479179
1.528859
1.511007
1.563802
1.572743
1.572743
1.629830
1.629830
1.597095
1.658635
1.629830
1.564208
1.597696
1.556705
1.552157
1.635601
1.610335
1.552157
1.513203
1.528027
1.590274
1.537524
1.534333
1.466888
1.436857
1.534333
1.418292
1.504998
1.469451
1.540732
1.440213
1.425243
1.392932
1.439818
1.459500
1.440495
1.458197
1.422122
1.422122
1.385572
1.385572
1.461485
1.386984
1.340840
1.450732
1.354282
1.368040
1.417516
1.337013
1.316928
1.452554
1.373189
1.363390
1.354282
1.288746
1.288478
1.256408
1.262376
1.288478
1.202245
1.262376
1.302006
1.202245
1.252038
1.164553
1.154947
1.137336
1.246414
1.244051
1.244051
1.189808
1.086830
1.176244
1.186280
1.113482
1.109506
1.049726
1.124174
1.153472
1.148232
1.085177
1.094991
1.114755
1.081768
1.075533
0.994123
1.004160
1.111071
1.074230
1.115232
1.014742
1.027413
1.094991
1.018063
0.994001
0.960474
0.979700
1.070712
1.063379
1.032168
0.976356
0.968601
0.998222
1.040077
1.018063
1.070712
0.981109
0.993081
0.923982
0.922419
0.928443
1.022123
0.929890
1.020148
0.973355
0.870019
0.945429
0.902824
0.912734
0.824425
0.912918
0.912918
0.910148
0.845475
0.902945
0.823348
0.780308
0.832645
0.840729
0.789825
0.832645
0.789825
0.790408
0.805894
0.461205
0.481470
0.472831
0.534351
0.582438
0.602611
0.633780
0.632066
0.657562
0.705550
0.705550
0.705550
0.700740
0.778129
0.782965
0.778578
0.841502
0.778578
0.922895
0.907650
1.007147
0.991912
1.007147
1.017185
1.073380
1.080163
1.086777
1.073607
1.080163
1.073607
1.065671
1.110995
1.141843
1.136889
1.136889
1.141843
1.129290
1.168015
1.226531
1.255592
1.382647
1.364617
1.440957
1.382647
1.336567
1.340738
1.398511
1.444562
1.420871
1.488913
1.464708
1.490079
1.469771
1.556765
1.552736
1.597095
1.627584
1.563802
1.563802
1.526024
1.526024
1.520993
1.610335
1.612814
1.503086
1.558409
1.520079
1.490937
1.583884
1.558409
1.587191
1.587191
1.460432
1.469523
1.547946
1.471436
1.531669
1.424194
1.540732
1.531669
1.507019
1.502657
1.439818
1.538020
1.538020
1.502657
1.449088
1.440495
1.507019
1.458197
1.417516
1.509283
1.378755
1.445325
1.452554
1.399610
1.452554
1.440495
1.316410
1.326902
1.363390
1.302006
1.336574
1.395562
1.305317
1.305338
1.305317
1.290106
1.262376
1.299086
1.261091
1.256626
1.336135
1.211196
1.291076
1.305317
1.290106
1.291393
1.143665
1.217943
1.244162
1.246414
1.291076
1.213050
1.215433
1.213050
1.202782
1.164553
1.098905
1.202088
1.197823
1.197823
1.202088
1.189808
1.143665
1.098905
1.090919
1.189808
1.152802
1.148232
1.126737
1.130840
1.152802
1.152802
1.148232
1.036732
1.139754
1.135079
1.140986
1.113482
1.153472
1.104888
1.075533
1.044386
1.080340
1.104996
1.109405
1.094991
1.094991
1.094991
1.104888
1.066228
1.075533
0.976356
1.044610
1.018063
1.021046
1.030088
1.001407
1.021046
1.027571
0.969872
0.994001
0.923982
0.962021
0.962021
0.981109
0.903167
0.960225
0.946908
0.946908
0.944722
0.883239
0.885156
0.944722
0.883239
0.945429
0.912661
0.944312
0.843621
0.843621
0.833983
0.770011
0.822518
0.499558
0.472831
0.481470
0.472831
0.584462
0.632066
0.606427
0.689896
0.708337
0.708337
0.754751
0.841502
1.080279
1.080615
1.078290
1.014201
1.068813
1.076795
1.004757
1.065671
1.084995
1.076795
1.086777
1.065671
1.073607
1.114525
1.119406
1.062731
1.057526
1.100565
1.104756
1.114525
1.104756
1.147789
1.136889
1.168015
1.172804
1.307365
1.319645
1.333939
1.364617
1.434724
1.401182
1.434724
1.290053
1.401182
1.445341
1.420871
1.401554
1.401554
1.421286
1.464708
1.464708
1.385023
1.444562
1.377984
1.506663
1.564852
1.627052
1.627584
1.659824
1.563802
1.556705
1.504519
1.582900
1.590274
1.590274
1.482732
1.547946
1.587191
1.582900
1.590274
1.590274
1.519413
1.519413
1.528929
1.537531
1.469523
1.509283
1.509283
1.509283
1.436857
1.471719
1.424194
1.531669
1.537531
1.483535
1.524156
1.413234
1.498468
1.433564
1.417516
1.433564
1.369177
1.386984
1.474564
1.474564
1.370963
1.452554
1.445325
1.399610
1.474564
1.334739
1.305317
1.345916
1.373189
1.275127
1.306160
1.336574
1.256408
1.336135
1.238760
1.256408
1.214351
1.228750
1.200613
1.211196
1.230923
1.246414
1.188165
1.175459
1.186280
1.186280
1.164553
1.119141
1.175459
1.215433
1.202088
1.186280
1.156876
1.196803
1.202088
1.176244
1.130840
1.104888
1.148232
1.091100
1.130840
1.153472
1.112502
1.104888
1.094991
1.109405
1.109405
1.030088
1.081768
0.962021
1.070712
0.948938
1.029315
1.027571
1.030088
1.030088
1.044610
1.070715
1.069396
0.994001
0.994001
1.020532
0.946908
0.923982
0.944722
0.929890
0.960225
0.969872
0.923982
0.903167
1.020148
0.929890
0.903167
0.923982
0.946908
0.966905
0.966905
0.973355
0.862059
0.870019
0.920127
0.825888
0.825888
0.890191
0.890191
0.789825
0.843621
0.844050
0.832320
0.833983
0.780308
0.755575
0.461205
0.495197
0.534351
0.580523
0.607543
0.632066
0.632066
0.680557
0.706826
0.754751
0.778578
0.841502
0.843543
0.907650
0.907650
1.004757
1.078290
1.078290
1.080615
1.071956
1.065671
1.073380
1.080279
1.084995
1.086777
1.086777
1.080163
1.080163
1.114525
1.133812
1.080163
1.119406
1.104756
1.104756
1.104756
1.177067
1.168015
1.222966
1.319463
1.319645
1.265494
1.319645
1.351855
1.380949
1.421286
1.335118
1.506663
1.492485
1.539961
1.539961
1.531259
1.627965
1.627965
1.596902
1.596931
1.596931
1.660622
1.659824
1.596401
1.629830
1.563802
1.520993
1.556705
1.542294
1.542294
1.520990
1.626419
1.587191
1.554011
1.424194
1.584853
1.519413
1.582900
1.590274
1.584853
1.584853
1.507019
1.524156
1.527355
1.502657
1.531669
1.527355
1.498468
1.417516
1.502657
1.502657
1.411373
1.474564
1.386984
1.452554
1.506201
1.449088
1.392932
1.474564
1.528929
1.386984
1.474564
1.392932
1.342539
1.373189
1.370963
1.399610
1.399610
1.342539
1.305317
1.305317
1.305338
1.336135
1.336135
1.336135
1.238760
1.288478
1.238760
1.336135
1.261840
1.261091
1.211196
1.260304
1.244162
1.163609
1.262376
1.291393
1.248600
1.188165
1.213050
1.262376
1.244162
1.143665
1.222781
1.163609
1.119141
1.119141
1.176244
1.176244
1.135852
1.202088
1.098905
1.204340
1.202088
1.152802
1.114470
1.113482
1.152802
1.159423
1.052206
1.085177
1.084698
1.094991
0.981717
1.105929
1.081768
1.081768
1.027571
1.074230
1.044610
1.030088
1.029315
1.018063
1.030005
1.017395
1.018063
1.021046
1.040477
1.040061
0.969872
0.990704
1.001407
0.960225
0.990980
0.990980
0.946908
0.948938
0.923982
0.944722
1.001844
0.903167
0.965805
0.824425
0.862059
0.890191
0.834508
0.834508
0.770011
0.757311
0.458583
0.516848
0.558073
0.560519
0.607543
0.686057
0.636783
0.606427
0.680557
0.685847
0.656024
0.680557
0.761486
0.754751
0.757321
0.782965
0.817994
0.908129
0.919422
0.919422
1.004757
0.992228
1.068813
1.078290
1.080615
1.078039
1.078061
1.107095
1.120197
1.142977
1.099654
1.147789
1.131203
1.157701
1.222966
1.220077
1.209688
1.204784
1.257717
1.257717
1.384720
1.319463
1.345561
1.335118
1.413708
1.389163
1.345561
1.401182
1.401182
1.377720
1.380949
1.421286
1.392873
1.325194
1.382647
1.421286
1.368704
1.409148
1.564852
1.552736
1.660622
1.621562
1.653430
1.585873
1.597095
1.659824
1.526024
1.610335
1.610335
1.541336
1.614765
1.503086
1.481808
1.610335
1.578299
1.587191
1.581369
1.510280
1.471436
1.576859
1.579293
1.531253
1.540867
1.576859
1.533765
1.541239
1.540867
1.509283
1.506201
1.472552
1.527355
1.471719
1.392932
1.451676
1.440495
1.413234
1.371321
1.440495
1.392932
1.363390
1.345916
1.340175
1.307104
1.273368
1.373189
1.299086
1.260304
1.260304
1.262376
1.295835
1.211196
1.191217
1.191217
1.222781
1.116861
1.098905
1.173522
1.176419
1.143480
1.052206
1.119141
1.135852
1.130840
1.135852
1.159423
1.156876
1.130840
1.089070
1.109990
1.094991
1.085177
1.081405
1.104888
1.054227
1.109990
1.001011
1.027571
1.017395
1.044698
0.969872
0.986502
0.965330
1.022564
1.020148
1.022564
0.986502
0.946908
0.944691
0.965330
0.965330
0.923982
0.899149
0.929890
0.898196
0.883239
0.885156
0.879159
0.912918
0.912918
0.825888
0.912918
0.851632
0.843621
0.774625
0.832320
0.843621
0.832320
0.771827
0.444744
0.433287
0.471581
0.685847
0.686057
0.740643
0.762830
0.839956
0.817994
0.904881
0.904151
0.908129
0.907650
1.004757
0.994391
0.994391
1.068730
1.121908
1.075642
1.127072
1.074776
1.128214
1.121908
1.130512
1.130512
1.107095
1.133568
1.120197
1.112902
1.112902
1.143206
1.136889
1.131203
1.157701
1.274848
1.204976
1.371226
1.362498
1.301580
1.300676
1.300676
1.319463
1.401182
1.392873
1.389163
1.319739
1.336567
1.401182
1.413708
1.340297
1.358502
1.358502
1.512527
1.552107
1.541617
1.531259
1.585873
1.606003
1.640019
1.616707
1.596902
1.621562
1.596902
1.541617
1.594929
1.614765
1.564541
1.564541
1.614765
1.619231
1.577777
1.616900
1.564541
1.564541
1.585820
1.504519
1.579988
1.571256
1.584853
1.469523
1.541239
1.541239
1.577777
1.545335
1.528929
1.500074
1.494803
1.545335
1.429001
1.472552
1.495502
1.380362
1.339270
1.339270
1.334739
1.363390
1.346465
1.226745
1.261840
1.282125
1.282176
1.291393
1.239707
1.259163
1.226745
1.260304
1.309877
1.240650
1.295835
1.260304
1.188165
1.164655
1.246899
1.246414
1.246414
1.213050
1.164655
1.206061
1.204340
1.202088
1.204340
1.119141
1.121112
1.070380
1.150431
1.070380
1.001011
1.135852
1.071157
1.085846
1.153483
1.148232
1.085177
1.044698
1.085177
1.115232
1.054227
0.994123
1.069396
1.089070
1.017395
1.017395
1.067355
1.044698
0.961318
1.022564
0.986745
1.030005
0.882607
0.935676
0.944722
1.022564
0.945789
0.965330
0.898196
0.921470
0.864711
0.905419
0.879159
0.883239
0.879159
0.864711
0.971124
0.937857
0.822407
0.891696
0.905370
0.842757
0.810460
0.830722
0.770011
0.521909
0.458583
0.538284
0.541169
0.499558
0.582626
0.584460
0.655247
0.655589
0.686057
0.757321
0.757321
0.762830
0.762830
0.817809
0.817994
0.839956
0.908129
0.994391
1.056753
1.074776
1.068730
1.071801
1.071956
1.071956
1.121908
1.131688
1.130512
1.126842
1.121908
1.121908
1.133568
1.120197
1.120197
1.143206
1.170225
1.142977
1.142977
1.077320
1.122434
1.136889
1.177067
1.204784
1.272411
1.274848
1.345561
1.325194
1.257717
1.362498
1.383179
1.358502
1.379868
1.506663
1.604739
1.585873
1.585873
1.653430
1.621562
1.587921
1.587921
1.554620
1.554620
1.510794
1.553522
1.553947
1.493408
1.619472
1.627674
1.621899
1.655410
1.641911
1.578966
1.621899
1.585467
1.542980
1.594929
1.594929
1.624150
1.478679
1.532158
1.581369
1.619231
1.617282
1.541239
1.581369
1.577777
1.585467
1.545335
1.585467
1.531253
1.514122
1.577777
1.571256
1.531253
1.424659
1.429001
1.527355
1.380362
1.403147
1.339270
1.346465
1.307104
1.259163
1.273486
1.273486
1.226745
1.295835
1.248600
1.210829
1.189755
1.246899
1.142332
1.142332
1.189755
1.136588
1.116861
1.222781
1.248600
1.116861
1.121112
1.142332
1.159423
1.202088
1.204340
1.159423
1.153483
1.135852
1.159423
1.070380
1.153483
1.109990
1.095021
1.021008
1.054145
1.095021
1.095021
1.044698
1.089070
1.021008
1.069396
1.017395
0.937466
1.069396
1.030005
1.001988
1.044698
0.986745
0.986745
0.963036
0.961318
0.905419
0.961318
0.986745
0.965330
0.965330
0.945789
0.971124
0.975733
1.022564
0.921470
0.898196
0.898196
0.879159
0.880138
0.919386
0.864711
0.822407
0.880138
0.880138
0.891696
0.900817
0.911762
0.795546
0.496591
0.458583
0.498596
0.471581
0.495197
0.489436
0.740643
0.685847
0.734673
0.817994
0.847098
0.904881
0.985835
0.985835
0.994391
1.071956
1.050831
1.071956
1.131688
1.131688
1.078039
1.128214
1.127072
1.128214
1.133568
1.121940
1.107095
1.107095
1.163834
1.120197
1.170225
1.172804
1.143206
1.131203
1.055971
1.172804
1.228890
1.272411
1.312416
1.312416
1.283438
1.325194
1.362498
1.258296
1.282451
1.325458
1.364325
1.354724
1.415104
1.573627
1.573627
1.576614
1.606003
1.606003
1.560088
1.653430
1.553947
1.641911
1.621899
1.635656
1.649094
1.617282
1.617282
1.584975
1.622175
1.619231
1.616079
1.616900
1.619231
1.578966
1.540867
1.612080
1.571256
1.541239
1.571256
1.617282
1.594929
1.531253
1.541293
1.571256
1.571256
1.545335
1.423669
1.339270
1.371321
1.451676
1.451676
1.374381
1.315839
1.333624
1.339270
1.423669
1.273486
1.261086
1.191217
1.184233
1.210829
1.229148
1.191217
1.230827
1.142193
1.210829
1.189123
1.153032
1.121112
1.022706
1.070380
1.112502
1.111407
1.001011
0.967854
0.967854
0.946474
0.898078
0.864711
0.973355
0.943334
0.997073
0.839549
0.876658
0.864711
0.936882
0.916069
0.911762
0.822407
0.842757
0.841549
0.833439
0.829592
0.786664
0.476878
0.472831
0.496591
0.498596
0.559263
0.539543
0.635091
0.590062
0.597847
0.611672
0.584460
0.604768
0.681108
0.622428
0.636783
0.604768
0.729398
0.741137
0.734673
0.729398
0.729398
0.811872
0.882432
0.904881
0.965413
0.984269
0.992228
1.056753
1.055514
1.054651
1.054651
1.071956
1.071801
1.126842
1.156179
1.121908
1.133568
1.143206
1.136478
1.131203
1.166094
1.177067
1.166094
1.166094
1.212602
1.212487
1.234828
1.220077
1.312416
1.218924
1.248673
1.312416
1.345561
1.272411
1.325194
1.282451
1.345561
1.328772
1.362498
1.362498
1.383179
1.383179
1.407279
1.415104
1.334866
1.498451
1.512527
1.531259
1.558360
1.452603
1.452603
1.539569
1.560088
1.541930
1.640019
1.616707
1.521814
1.554620
1.503098
1.512628
1.541336
1.553522
1.649094
1.532158
1.507659
1.653453
1.616852
1.646644
1.581369
1.567568
1.576605
1.569039
1.610775
1.524664
1.545335
1.612080
1.581369
1.602036
1.561384
1.531824
1.500074
1.429001
1.392369
1.451676
1.333472
1.337608
1.333624
1.322983
1.385767
1.302907
1.349424
1.322983
1.288819
1.307104
1.271235
1.225784
1.239350
1.135705
1.230827
1.210829
1.150431
1.189984
1.184233
1.163407
1.184233
1.135705
1.142332
1.088376
1.116861
1.068089
1.088376
1.156876
1.070380
1.023719
1.111407
1.001011
1.067355
0.902714
0.922776
0.857415
1.019366
0.971124
0.898078
0.964895
0.887183
0.891696
0.911762
0.852980
0.809896
0.841549
0.829592
0.786664
0.804526
0.469812
0.471581
0.477217
0.469812
0.557933
0.597847
0.597847
0.655589
0.685847
0.658080
0.729398
0.757321
0.815626
0.762830
0.811872
0.811872
0.764992
0.905021
0.905021
0.884111
0.965413
0.965778
0.973460
0.994391
1.043686
0.896112
1.054651
0.965413
0.983764
1.068730
1.050831
1.119213
1.116629
1.118164
1.119700
1.119700
1.119213
1.119213
1.110784
1.127072
1.148907
1.118772
1.158930
1.121940
1.163834
1.167017
1.129871
1.145650
1.142977
1.145650
1.177067
1.234828
1.283438
1.274848
1.218924
1.258296
1.321151
1.442580
1.489782
1.434529
1.479640
1.498451
1.535074
1.608677
1.500923
1.595015
1.604739
1.558360
1.595015
1.521814
1.558360
1.479359
1.511589
1.504712
1.619339
1.621899
1.619339
1.622175
1.648303
1.642026
1.642026
1.623713
1.616684
1.494474
1.478387
1.647771
1.646644
1.610775
1.614008
1.573548
1.578957
1.585820
1.616684
1.573548
1.614008
1.612080
1.647771
1.642026
1.569039
1.569039
1.491505
1.430984
1.514526
1.370563
1.466630
1.392369
1.435564
1.326692
1.357922
1.304245
1.304245
1.326692
1.271235
1.337608
1.283273
1.326692
1.261840
1.261840
1.271235
1.209308
1.179171
1.163407
1.142193
1.135705
1.025123
1.111407
1.022706
1.022564
0.965623
0.941229
0.971124
0.964895
0.809896
0.840836
0.848452
0.807369
0.840836
0.819196
0.469812
0.469812
0.513929
0.557933
0.559902
0.513929
0.604768
0.681108
0.707925
0.655589
0.707925
0.658080
0.741137
0.765019
0.765019
0.713134
0.699039
0.884111
0.884111
0.965778
0.884111
0.947064
0.965778
0.965413
1.122431
1.122431
1.119700
1.168701
1.158930
1.118164
1.168361
1.167017
1.168361
1.167017
1.129871
1.145650
1.163834
1.121006
1.153655
1.182650
1.165308
1.182650
1.182650
1.166094
1.212602
1.212487
1.212602
1.181033
1.283438
1.295681
1.295681
1.212487
1.267423
1.228594
1.311590
1.281416
1.405164
1.470142
1.470142
1.470142
1.401572
1.498451
1.541930
1.578014
1.541930
1.626317
1.521814
1.444282
1.479359
1.534194
1.534194
1.646644
1.616684
1.647771
1.646644
1.480151
1.480151
1.531824
1.564364
1.564364
1.465106
1.490795
1.419008
1.435564
1.357922
1.357922
1.288599
1.288599
1.336424
1.261086
1.304245
1.271235
1.242586
1.242586
1.225784
1.193295
1.193295
1.209308
1.114933
1.153032
1.088685
1.072948
1.119485
1.041010
1.025123
1.022706
1.041010
0.966636
1.025123
1.064759
0.969581
0.966636
0.944394
1.067355
1.038882
1.046293
0.922776
0.944394
1.022564
1.019366
0.969581
0.997073
0.876658
0.962240
0.857415
0.909753
0.909753
0.909753
0.791263
0.900817
0.893958
0.770071
0.823226
0.823226
0.825631
0.782627
0.518463
0.543451
0.584460
0.543451
0.543451
0.513929
0.513929
0.560389
0.560389
0.622428
0.707925
0.795995
0.699039
0.793847
0.765019
0.795995
0.760795
0.876323
0.795995
0.793847
0.884111
0.744774
0.826188
0.965778
0.965413
1.043686
1.043686
1.043686
1.054651
1.037814
1.117059
1.116629
1.171767
1.121940
1.158930
1.174248
1.163834
1.133042
1.203201
1.145650
1.176314
1.178813
1.166094
1.230751
1.230751
1.212487
1.181033
1.214703
1.212487
1.234828
1.295681
1.283438
1.258296
1.258296
1.303229
1.541930
1.535074
1.541930
1.521814
1.435936
1.490681
1.490681
1.648303
1.616684
1.481244
1.481244
1.648303
1.646644
1.616684
1.614008
1.648303
1.616684
1.614008
1.480151
1.490795
1.435564
1.388781
1.304245
1.299479
1.336424
1.247647
1.242586
1.247647
1.229148
1.229148
1.229148
1.225784
1.189123
1.229148
1.242627
1.152832
1.152832
1.152832
1.189440
1.189440
1.114933
1.163407
1.163407
1.153032
1.088376
1.045599
1.045599
1.025123
1.073230
1.084698
0.969581
1.037446
1.067355
0.989406
1.019366
1.020020
0.922776
0.876658
0.981802
0.957788
0.937857
0.809896
0.815051
0.782627
0.782627
0.802307
0.518463
0.518463
0.760795
0.795995
0.758495
0.793847
0.816814
0.855729
0.871595
0.876323
0.884111
0.826800
0.884111
0.887439
0.941011
1.033438
0.896112
0.941011
0.959690
0.968507
0.881167
0.829583
0.959690
1.037814
1.098473
1.032288
1.032288
1.117059
1.105060
1.122431
1.122431
1.108345
1.119213
1.164163
1.168701
1.147517
1.168701
1.158348
1.148907
1.136923
1.148907
1.178813
1.182650
1.198591
1.181033
1.295681
1.295681
1.196102
1.196102
1.249317
1.500923
1.554834
1.520281
1.554834
1.522159
1.490791
1.537462
1.519771
1.646644
1.605492
1.640110
1.597749
1.612080
1.460831
1.460831
1.612080
1.595734
1.522285
1.554088
1.429958
1.420565
1.473903
1.461573
1.404771
1.339211
1.336424
1.299479
1.374796
1.242547
1.299303
1.261086
1.276363
1.269973
1.247647
1.196799
1.194908
1.163407
1.110552
1.110552
1.088376
1.111407
1.088685
1.041096
1.038709
1.109573
1.107598
1.067355
0.990235
0.986640
1.041010
1.067355
1.064759
0.990235
0.957350
0.920539
1.033800
0.902714
0.965623
0.962240
0.876658
0.857415
0.809896
0.873442
0.840836
0.815051
0.810976
0.823226
0.815499
0.815427
0.816814
0.785180
0.847700
0.779287
0.847388
0.816814
0.819999
0.847700
0.826188
0.871608
0.847700
0.819999
0.882974
0.937601
0.945839
1.015642
1.015642
1.015642
1.016942
1.116629
1.085874
1.085874
1.157488
1.105060
1.164113
1.154390
1.154390
1.159019
1.159019
1.147517
1.145973
1.136923
1.182189
1.176314
1.145703
1.198591
0.924998
1.202148
1.311590
1.442572
1.434529
1.557294
1.591338
1.520281
1.435936
1.435936
1.472914
1.436058
1.491460
1.614008
1.648303
1.597749
1.610775
1.578957
1.491505
1.430984
1.473903
1.414819
1.508371
1.466630
1.382176
1.429958
1.478508
1.427977
1.407036
1.338542
1.414655
1.283273
1.304245
1.345952
1.261086
1.280748
1.276363
1.229097
1.225784
1.281239
1.196799
1.208629
1.230986
1.230986
1.230986
1.164733
1.225784
1.220132
1.153964
1.187379
1.193658
1.102189
1.128069
1.156248
1.153347
1.159805
1.141723
1.048768
1.153347
1.153032
1.041096
1.102189
1.061378
1.038709
1.073230
1.066729
0.981250
1.023348
1.020020
1.020020
0.913858
0.913858
0.984226
0.859553
0.842340
0.946323
0.957788
0.909753
0.898565
0.909753
0.828288
0.828288
0.877033
0.860203
0.807369
0.840213
0.853765
0.847388
0.847388
0.871608
0.816814
0.920259
0.937601
0.959749
0.881167
0.941011
1.015293
1.034320
1.015642
1.105060
1.106826
1.164163
1.027233
0.945692
1.105060
1.105060
1.157488
1.099679
1.158348
1.145973
1.145973
1.193974
1.197900
1.167558
1.214703
1.257609
1.202148
1.227201
1.241754
1.280000
1.241754
1.280000
1.418370
1.492855
1.450691
1.526084
1.492855
1.526084
1.591338
1.591338
1.476466
1.476466
1.537616
1.475256
1.508314
1.438094
1.467057
1.467057
1.598720
1.560702
1.452105
1.517778
1.428396
1.478508
1.428396
1.426399
1.428396
1.370157
1.337608
1.349981
1.333624
1.310121
1.370157
1.380969
1.345952
1.286016
1.251908
1.345952
1.269973
1.286016
1.269973
1.242304
1.286016
1.208629
1.251908
1.229786
1.229786
1.173440
1.173440
1.173440
1.173440
1.128069
1.153964
1.128069
1.110552
1.128069
1.153347
1.061378
1.061378
0.981250
1.006999
1.061378
0.981250
0.981250
1.066729
1.028812
0.986640
0.930509
0.917618
0.934739
0.917618
0.959991
0.868074
0.936882
0.859553
0.819420
0.930369
0.923671
0.946323
0.815051
0.888037
0.936338
0.877033
0.840213
0.846094
0.815051
0.901929
0.937601
0.937601
0.881167
0.920259
0.881167
0.920259
0.920259
1.015293
0.945839
1.034320
0.996084
1.068384
1.080466
1.094734
1.094734
1.106826
1.098473
1.094734
1.106826
1.106826
1.085874
1.133700
1.159019
1.154390
1.158348
1.164113
1.164113
1.055971
1.159019
1.190677
1.193974
1.197900
1.169403
1.176314
1.176314
1.176314
1.214703
1.167558
1.214703
1.198591
1.198591
1.181445
1.353465
1.383560
1.383560
1.313254
1.393777
1.442572
1.459733
1.427650
1.493341
1.557294
1.554834
1.513548
1.407412
1.471520
1.660842
1.639098
1.616852
1.590981
1.605492
1.640110
1.517778
1.479718
1.517778
1.478508
1.473903
1.478508
1.515072
1.328130
1.378855
1.378855
1.414655
1.464392
1.427977
1.388781
1.380969
1.380969
1.338542
1.296997
1.310121
1.289167
1.347277
1.289167
1.251908
1.260299
1.254556
1.242304
1.242304
1.209376
1.194231
1.184036
1.229786
1.208629
1.184036
1.157081
1.153347
1.184036
1.116929
1.153964
1.153964
1.153347
1.128069
1.107093
1.070144
1.109573
1.048768
0.998825
0.934739
0.986640
1.014958
0.934739
0.885367
0.930509
0.939574
0.939574
0.865542
0.888037
0.836725
0.901929
0.901929
0.868906
0.868906
0.941011
0.882974
1.068384
0.933822
1.054980
1.015642
1.067059
1.098473
1.067059
1.105060
1.140715
1.131564
1.148860
1.157488
1.158348
1.147517
1.186152
1.159019
1.175756
1.174042
1.182189
1.203998
1.162389
1.214703
1.213454
1.184403
1.260489
1.202148
1.359210
1.351534
1.313254
1.315051
1.360632
1.418370
1.418370
1.469828
1.459733
1.401572
1.442572
1.493341
1.459733
1.459879
1.450691
1.411416
1.492855
1.411416
1.476466
1.378531
1.416974
1.416974
1.383407
1.490681
1.624469
1.640110
1.469967
1.421079
1.454220
1.454220
1.560702
1.546597
1.517778
1.515072
1.461573
1.378855
1.378855
1.349981
1.345511
1.349981
1.351444
1.382435
1.280748
1.345511
1.382435
1.296997
1.310121
1.295842
1.348417
1.269973
1.248966
1.289457
1.230815
1.285092
1.285483
1.209376
1.250063
1.231992
1.269973
1.205167
1.157081
1.163930
1.164733
1.209376
1.190296
1.145724
1.190296
1.067963
1.107093
1.116929
1.104938
1.109573
1.077209
1.048768
1.061378
1.064759
1.108272
1.006999
0.997854
0.994399
0.994399
0.998825
0.924365
0.984226
0.934739
0.930509
0.916024
0.909436
0.871820
0.883089
0.916853
0.840213
0.873874
0.836725
0.836725
0.897311
0.836725
0.888983
1.002825
0.901929
0.933822
0.933822
0.963302
0.981788
0.963302
0.927392
0.927392
0.945692
0.981788
0.981788
1.054980
1.146127
1.155726
1.153788
1.147286
1.146127
1.140715
1.202193
1.135169
1.175756
1.170480
1.167971
1.214703
1.162389
1.170480
1.152435
1.167558
1.208408
1.227201
1.242517
1.285260
1.311590
1.387139
1.469828
1.502715
1.469828
1.502715
1.502715
1.557294
1.431904
1.437426
1.411416
1.487344
1.504798
1.352162
1.378531
1.491460
1.591920
1.591920
1.605492
1.605492
1.586756
1.549589
1.469693
1.537743
1.461049
1.421716
1.427977
1.464392
1.493253
1.464392
1.412834
1.453909
1.375622
1.407025
1.410232
1.450174
1.391030
1.352286
1.312339
1.306991
1.297484
1.297484
1.352286
1.286365
1.286365
1.244546
1.244546
1.244546
1.209772
1.190296
1.188045
1.140904
1.143619
1.188045
1.163930
1.103174
1.108346
1.163930
1.135677
1.135677
1.128069
1.101175
1.052003
1.108346
1.122463
1.107998
1.072712
1.052003
1.104938
1.072712
1.022695
0.997854
1.052003
1.014958
1.000902
1.002970
0.945632
0.931910
1.005966
0.969943
0.873874
0.897311
0.959645
0.916853
0.893677
0.873874
0.962934
0.983521
0.962934
0.981788
1.047386
1.002825
0.933822
1.029477
1.000093
1.000093
1.016942
1.055971
1.003130
1.054980
1.079192
1.068384
1.059226
1.067059
1.137331
1.140715
1.140715
1.148860
1.133700
1.138695
1.143088
1.190677
1.186152
1.197428
1.190677
1.190677
1.186152
1.175756
1.152283
1.167971
1.205711
1.194961
1.220057
1.185549
1.189320
1.185549
1.242517
1.228395
1.185549
1.262653
1.329734
1.289592
1.359210
1.359210
1.428958
1.431904
1.388291
1.502715
1.502715
1.535258
1.487344
1.487344
1.421503
1.655049
1.378066
1.457268
1.655939
1.611696
1.389391
1.622908
1.508575
1.508575
1.421716
1.369827
1.461049
1.461049
1.454875
1.401856
1.453909
1.492461
1.461049
1.385429
1.491660
1.454875
1.410990
1.368071
1.409767
1.391030
1.407025
1.407025
1.345511
1.312400
1.312400
1.352286
1.308666
1.366777
1.348417
1.252908
1.344272
1.312400
1.249494
1.230815
1.287367
1.188707
1.209772
1.212252
1.249494
1.246385
1.244546
1.197332
1.249494
1.196162
1.157763
1.209772
1.196162
1.188045
1.143619
1.157763
1.118091
1.135677
1.135677
1.109064
1.066857
1.108346
1.066857
1.107998
1.104938
1.072712
1.005966
1.022695
0.969943
1.058255
1.023348
1.002970
0.968042
1.015928
1.000902
0.997854
0.945632
0.944836
1.009698
0.959645
0.939574
0.929380
0.873874
0.962934
0.962934
0.927392
1.051563
1.047386
1.047386
1.000093
1.137331
1.068384
1.079192
1.131564
1.137331
1.146127
1.059226
1.140715
1.167015
1.190426
1.190426
1.158349
1.186152
1.197428
1.190677
1.159342
1.175756
1.170480
1.176798
1.208408
1.198436
1.195473
1.329734
1.313254
1.359210
1.469828
1.428958
1.393777
1.393777
1.393777
1.393777
1.378531
1.365906
1.407412
1.451803
1.655049
1.624634
1.606983
1.624634
1.432463
1.438094
1.649408
1.639098
1.606983
1.624297
1.589473
1.587567
1.541602
1.549589
1.444216
1.494726
1.452105
1.454875
1.444678
1.391030
1.410990
1.409767
1.431298
1.398406
1.398406
1.398406
1.445130
1.437989
1.445130
1.398286
1.360693
1.405708
1.357090
1.360693
1.306991
1.297484
1.360693
1.405708
1.272323
1.272323
1.272323
1.281870
1.287367
1.249494
1.231992
1.231992
1.246385
1.246385
1.196065
1.190296
1.196162
1.159117
1.188045
1.143619
1.148925
1.155850
1.133389
1.072812
1.066913
1.116825
1.070837
1.085357
1.085357
1.108272
1.070343
1.020318
1.018657
1.070343
1.017012
1.072712
1.072812
1.017012
1.000902
1.017012
0.945632
0.945632
0.978761
0.929380
0.893677
1.051563
0.983521
1.000093
0.962934
1.029066
1.029130
0.972205
1.068384
1.001599
1.003130
1.029477
1.042374
1.100978
1.090946
1.177018
1.140715
1.201275
1.165618
1.197428
1.202193
1.202193
1.174042
1.186152
1.155040
1.175756
1.186817
1.176798
1.184403
1.164297
1.184403
1.167540
1.167540
1.195473
1.178237
1.399009
1.502715
1.469828
1.288713
1.370432
1.472345
1.644693
1.619457
1.589473
1.430776
1.549589
1.464456
1.464456
1.424303
1.572548
1.529468
1.506184
1.506184
1.433107
1.401982
1.523373
1.541602
1.473063
1.493253
1.521508
1.487035
1.423933
1.487296
1.491660
1.468333
1.418071
1.450996
1.412638
1.423933
1.423933
1.357090
1.396051
1.388339
1.437989
1.320242
1.344272
1.272323
1.328936
1.245751
1.287367
1.245751
1.237538
1.196065
1.148925
1.190188
1.196065
1.149626
1.148925
1.136923
1.133389
1.108272
1.085357
1.053146
1.042500
0.991533
1.020318
0.965478
0.965478
0.965017
1.007350
1.065120
1.088569
1.068935
1.065120
1.019652
1.044898
1.042374
1.090946
1.054980
1.042374
1.084442
1.100978
1.084442
1.117310
1.100978
1.179825
1.179825
1.167015
1.158349
1.167015
1.182229
1.155040
1.195284
1.225850
1.177464
1.177464
1.167971
1.147356
1.186817
1.198570
1.156387
1.145969
1.189320
1.227732
1.217112
1.244995
1.250469
1.223170
1.238170
1.238170
1.367480
1.436236
1.436236
1.504798
1.388816
1.356336
1.407412
1.462033
1.606983
1.602822
1.588669
1.622908
1.622908
1.376468
1.646673
1.606660
1.532421
1.572548
1.529468
1.460251
1.460251
1.424303
1.502281
1.509004
1.432165
1.434798
1.476087
1.462324
1.435906
1.453311
1.435906
1.423933
1.462324
1.426960
1.345511
1.316211
1.376862
1.188263
1.233237
1.140403
1.139642
1.143396
1.187761
1.140403
1.136923
1.136923
1.098635
1.084105
1.084105
1.093503
1.076914
1.034048
1.093503
1.093503
1.020318
1.034048
1.117310
1.084442
1.101379
1.101379
1.042374
1.036490
1.166615
1.177018
1.165618
1.182229
1.170682
1.170682
1.214248
1.159342
1.198393
1.198393
1.164297
1.230109
1.250469
1.367480
1.396315
1.338416
1.312073
1.288713
1.270726
1.411285
1.365906
1.383407
1.420572
1.376262
1.650543
1.635778
1.392241
1.571376
1.607632
1.606660
1.571376
1.430776
1.430776
1.430776
1.488534
1.487035
1.433107
1.502281
1.502281
1.468333
1.518630
1.406810
1.417617
1.406810
1.406810
1.068935
1.068935
1.084442
1.088569
1.042374
1.056731
1.158246
1.084442
1.090946
1.166615
1.093292
1.036490
1.100978
1.167015
1.182229
1.179825
1.179825
1.177018
1.158349
1.158349
1.158349
1.207582
1.191511
1.158134
1.223336
1.159342
1.198393
1.177464
1.164297
1.164297
1.189320
1.201419
1.201419
1.230109
1.195473
1.195473
1.211329
1.223170
1.238170
1.331862
1.319749
1.338416
1.288713
1.352162
1.331016
1.303602
1.639391
1.614158
1.329212
1.431117
1.385576
1.649408
1.564171
1.607632
1.607632
1.603500
1.542729
1.376468
1.571376
1.432942
1.542470
1.562660
1.523293
1.430776
1.489707
1.509004
1.535094
1.470284
1.508909
1.448320
1.456002
1.563265
1.456002
1.441247
1.475954
1.475954
1.144081
1.111322
1.106482
1.153871
1.114527
1.092960
1.122735
1.065266
1.065266
1.092960
1.056731
1.086849
1.122358
1.158286
1.138544
1.065266
1.221278
1.146119
1.178810
1.127827
1.223336
1.198393
1.195284
1.186817
1.134796
1.178085
1.189320
1.191846
1.254010
1.331862
1.286997
1.312921
1.262854
1.367480
1.396315
1.282932
1.305795
1.257689
1.614158
1.646673
1.621049
1.606983
1.378066
1.387721
1.564835
1.502243
1.438396
1.502818
1.524948
1.487035
1.487035
1.463334
1.437468
1.448320
1.466936
1.545988
1.534494
1.521508
1.476087
1.476087
1.456002
1.128756
1.138544
1.128756
1.114527
1.106482
1.111322
1.106482
1.147436
1.114527
1.086849
1.147771
1.056731
1.181710
1.202826
1.120788
1.178810
1.191511
1.191511
1.168528
1.202826
1.202826
1.181877
1.176218
1.176218
1.177464
1.177464
1.178085
1.171388
1.160177
1.191846
1.191846
1.289169
1.243390
1.262854
1.340048
1.411285
1.604535
1.614158
1.625204
1.664570
1.606983
1.608212
1.582083
1.336984
1.587515
1.629082
1.582083
1.572070
1.542729
1.584866
1.485715
1.387721
1.515403
1.515403
1.542598
1.424800
1.433876
1.510269
1.437468
1.498337
1.523293
1.475114
1.450470
1.114527
1.056731
1.086849
1.138544
1.111322
1.111322
1.122358
1.202724
1.207557
1.207557
1.202724
1.196434
1.119404
1.120788
1.190172
1.190172
1.196372
1.178810
1.180981
1.180981
1.181877
1.156744
1.180812
1.156744
1.149516
1.149516
1.194389
1.160177
1.191846
1.228170
1.301295
1.319046
1.622948
1.607082
1.639391
1.609807
1.626582
1.594276
1.581578
1.581578
1.588669
1.332166
1.485715
1.436194
1.475114
1.475114
1.502243
1.475114
1.189778
1.128756
1.106482
1.146482
1.116108
1.180812
1.196372
1.180812
1.202724
1.147771
1.120788
1.119404
1.181710
1.178810
1.168028
1.196372
1.120788
1.181710
1.176218
1.176218
1.139395
1.168528
1.134796
1.178085
1.171388
1.226077
1.191846
1.191846
1.286997
1.262854
1.271666
1.237568
1.288713
1.270726
1.573457
1.607082
1.630192
1.609807
1.539944
1.573121
1.368256
1.426769
1.588447
1.609807
1.664570
1.385576
1.590110
1.560775
1.548539
1.548539
1.587029
1.542729
1.387721
1.385576
1.581224
1.574604
1.581224
1.534788
1.457319
1.485715
1.515403
1.525724
1.502243
1.529118
1.519673
1.487480
1.498337
1.196434
1.196434
1.189778
1.165987
1.146482
1.167106
1.112233
1.134882
1.092717
1.119404
1.144211
1.149245
1.196372
1.202826
1.207557
1.157791
1.060539
1.178085
1.156744
1.194389
1.194389
1.254010
1.211329
1.193788
1.226077
1.193788
1.262854
1.237568
1.319046
1.420572
1.556726
1.607082
1.614158
1.604535
1.631958
1.524826
1.548539
1.534788
1.333521
1.425431
1.336984
1.335957
1.512891
1.485715
1.330544
1.395854
1.443744
1.516106
1.534494
1.533075
1.541797
1.183165
1.116108
1.146482
1.166066
1.154392
1.116108
1.134319
1.116108
1.173472
1.178719
1.170814
1.172788
1.112233
1.081553
1.116108
1.144211
1.149882
1.157791
1.156744
1.137141
1.112233
1.060539
1.144211
1.210800
1.166741
1.124677
1.217718
1.166741
1.148199
1.148199
1.166741
1.178085
1.203571
1.173085
1.193788
1.173085
1.193788
1.216564
1.270726
1.270726
1.261028
1.222571
1.270726
1.317412
1.356336
1.556726
1.556726
1.573457
1.630192
1.327511
1.283772
1.565592
1.552449
1.496475
1.625204
1.587624
1.626582
1.629082
1.569031
1.555613
1.385513
1.552449
1.551209
1.583033
1.587624
1.473211
1.425431
1.507798
1.534788
1.500213
1.163215
1.178719
1.178719
1.172788
1.166066
1.134882
1.134882
1.134882
1.157791
1.155645
1.170814
1.166066
1.081553
1.144211
1.202381
1.105807
1.210800
1.136433
1.159022
1.187485
1.163770
1.185294
1.185294
1.201895
1.203571
1.312921
1.544601
1.566972
1.326233
1.318386
1.625744
1.564511
1.564511
1.664570
1.326233
1.661183
1.584903
1.552449
1.569031
1.524468
1.333521
1.543529
1.524826
1.562445
1.559150
1.333521
1.388885
1.555613
1.544113
1.376853
1.430358
1.430358
1.376853
1.425431
1.541797
1.527897
1.533075
1.533075
1.134882
1.154392
1.226950
1.185724
1.092717
1.211354
1.161536
1.150406
1.139395
1.180125
1.205991
1.185875
1.141613
1.141613
1.136433
1.148199
1.185294
1.138149
1.211323
1.303683
1.299422
1.284752
1.284752
1.203571
1.211442
1.232244
1.211442
1.189479
1.222571
1.473228
1.241268
1.303602
1.561201
1.630447
1.584714
1.573795
1.630447
1.584205
1.630192
1.616596
1.562445
1.526013
1.575714
1.584903
1.492738
1.565592
1.555613
1.544113
1.614499
1.569031
1.544113
1.555613
1.540894
1.594967
1.594967
1.584649
1.584649
1.539739
1.584649
1.594967
1.376853
1.500213
1.405027
1.516106
1.445509
1.160608
1.149245
1.173472
1.189866
1.172788
1.170814
1.166066
1.166146
1.190470
1.185724
1.155645
1.173480
1.141613
1.211354
1.180125
1.192685
1.161808
1.202381
1.153706
1.165785
1.180125
1.120480
1.185294
1.136433
1.153706
1.201895
1.242618
1.152225
1.211201
1.178504
1.303683
1.299422
1.244854
1.284752
1.320491
1.303683
1.340331
1.221221
1.173085
1.355619
1.299286
1.354368
1.384143
1.406872
1.354368
1.130759
1.271666
1.239942
1.481350
1.431252
1.384143
1.397486
1.414414
1.450109
1.457146
1.473736
1.454840
1.436906
1.239942
1.491137
1.493291
1.222571
1.544991
1.493291
1.525040
1.533094
1.505117
1.566972
1.556726
1.564511
1.491305
1.536035
1.515213
1.573795
1.554854
1.630192
1.630447
1.636698
1.574620
1.526013
1.517519
1.630192
1.584714
1.554854
1.500929
1.636698
1.526013
1.545793
1.517920
1.579821
1.271623
1.636698
1.633124
1.630447
1.612838
1.554854
1.584205
1.633124
1.616596
1.628706
1.562445
1.594967
1.280226
1.594967
1.540894
1.493850
1.275270
1.325324
1.426132
1.124301
1.145573
1.211354
1.166741
1.166741
1.165785
1.165785
1.125141
1.141599
1.201819
1.152225
1.187485
1.171724
1.201819
1.230295
1.230295
1.262027
1.120470
1.273587
1.273587
1.366840
1.366840
1.250452
1.156491
1.320491
1.431252
1.384143
1.411188
1.189479
1.466349
1.414414
1.491137
1.401901
1.436906
1.450109
1.202461
1.176862
1.216564
1.473736
1.457753
1.472118
1.473736
1.518716
1.505117
1.288834
1.513149
1.623141
1.494337
1.623141
1.513149
1.500807
1.517519
1.500807
1.497125
1.584903
1.517920
1.233676
1.280413
1.328471
1.280413
1.514025
1.328471
1.385513
1.445509
1.485793
1.473843
1.385513
1.168061
1.145573
1.103577
1.160608
1.153324
1.162467
1.044862
1.201819
1.120480
1.120480
1.201819
1.256914
1.120480
1.196914
1.142756
1.120480
1.205853
1.152225
1.196914
1.221221
1.157410
1.263046
1.320491
1.221221
1.157410
1.273587
1.212847
1.293328
1.299286
1.354368
1.354368
1.317250
1.384143
1.354368
1.120470
1.330275
1.327162
1.406872
1.147927
1.414414
1.211442
1.130759
1.215214
1.431252
1.431252
1.491137
1.436573
1.386506
1.384627
1.457753
1.457146
1.457753
1.473736
1.518716
1.544991
1.164661
1.183606
1.391501
1.183606
1.497125
1.492738
1.458598
1.492738
1.325669
1.514025
1.435945
1.372980
1.475906
1.429114
1.171584
1.161536
1.143900
1.185875
1.145573
1.157000
1.165785
1.125141
1.141599
1.140550
1.117247
1.293328
1.120470
1.120470
1.192533
1.176201
1.414414
1.353920
1.236740
1.491137
1.143633
1.473736
1.164661
1.518577
1.407222
1.164661
1.222527
1.473228
1.473228
1.241268
1.497125
1.495012
1.565508
1.219538
1.275270
1.194473
1.483622
1.325669
1.251001
1.328471
1.360563
1.328755
1.298750
1.405027
1.514025
1.537187
1.485793
1.131612
1.108304
1.141599
1.162467
1.186172
1.160422
1.160422
1.039361
1.082426
1.160422
1.120480
1.064929
1.187887
1.187887
1.256914
1.262027
1.172273
1.172273
1.248585
1.147927
1.147927
1.384143
1.215214
1.406872
1.457146
1.481350
1.079114
1.423383
1.408766
1.472118
1.459924
1.222527
1.161149
1.473228
1.495012
1.201685
1.201685
1.557901
1.210813
1.280413
1.280413
1.463339
1.514025
1.262704
1.345757
1.177440
1.149377
1.127621
1.108304
1.108304
1.143900
1.112437
1.173480
1.173480
1.078586
1.039361
1.186997
1.157410
1.207138
1.160422
1.212847
1.172273
1.232307
1.091341
1.077253
1.105559
1.375203
1.105559
1.100253
1.143633
1.153723
1.423383
1.117933
1.177024
1.222527
1.165983
1.410410
1.410410
1.468229
1.551759
1.468229
1.270798
1.177024
1.194473
1.411396
1.407697
1.262704
1.210813
1.386134
1.386134
1.372980
1.127621
1.171584
1.131612
1.162467
1.153324
1.078586
1.124187
1.044862
1.044862
1.121627
1.141599
1.124187
1.158400
1.125141
1.124187
1.082426
1.108431
1.147999
1.128252
1.108431
1.207138
1.064929
1.045024
1.120690
1.232307
1.232307
1.361841
1.294818
1.336908
1.294818
1.294818
1.215214
1.375203
1.457146
1.375203
1.457753
1.153723
1.370966
1.444330
1.491137
1.392959
1.387400
1.138431
1.459991
1.184867
1.410410
1.407697
1.262704
1.251001
1.386134
1.386134
1.303380
1.410252
1.383709
1.410252
1.434318
1.340494
1.307857
1.152233
1.131612
1.108304
1.135159
1.135159
1.078586
1.073301
1.135159
1.082426
1.147999
1.082426
1.175822
1.160422
1.160422
1.207138
1.160422
1.207138
1.064929
1.039361
1.208027
1.064929
1.128252
1.186997
1.208027
1.248585
1.260942
1.248585
1.077253
1.077253
1.160709
1.105559
1.141378
1.319301
1.431252
1.375203
1.353920
1.105559
1.370966
1.423383
1.373317
1.125136
1.370966
1.138431
1.179150
1.387400
1.387400
1.125136
1.448054
1.391501
1.391501
1.457392
1.395986
1.165983
1.161149
1.184867
1.155390
1.407697
1.407697
1.155390
1.251001
1.380759
1.177734
1.328755
1.321710
1.303380
1.410252
1.360036
1.346390
1.055599
1.044803
1.120957
1.112437
1.036501
1.108304
1.036501
1.117247
1.078586
1.052209
1.158019
1.121935
1.158400
1.076508
1.121627
1.187719
1.147999
1.015866
1.064929
1.065560
1.091341
1.091341
1.051090
1.128252
1.088195
1.065560
1.077253
1.160709
1.315007
1.260942
1.353920
1.141378
1.247722
1.265060
1.120912
1.138431
1.165983
1.137544
1.177024
1.177024
1.282796
1.290488
1.458598
1.434318
1.270001
1.340494
1.340494
1.080964
1.065855
1.132164
1.063438
1.127621
1.073301
1.007903
1.090393
1.055599
1.104584
1.051982
1.008838
1.033699
1.135184
1.206500
1.187719
1.210997
1.186383
1.186383
1.225125
1.225125
1.125136
1.051090
1.022549
1.242231
1.299971
1.094821
1.117506
1.117506
1.077924
1.137544
1.153596
1.286253
1.291378
1.270355
1.270355
1.360529
1.257349
1.177734
1.366113
1.251338
1.177734
1.299997
1.315682
1.267292
1.366113
1.077625
1.067657
1.073301
1.126823
1.036501
1.104584
1.036501
1.051982
1.051982
1.092970
1.008838
1.051982
1.104584
1.057120
0.992951
1.158019
1.036517
1.135184
1.015866
1.015866
1.206500
1.065560
1.210997
1.051090
1.051090
1.132613
1.247722
1.093576
1.074222
1.294891
1.110542
1.247722
1.093576
1.120912
1.325328
1.265060
1.265060
1.459991
1.117506
1.262905
1.276037
1.132571
1.345682
1.357427
1.155390
1.291378
1.200772
1.153596
1.214139
1.270001
1.236161
1.267292
1.214139
1.270001
1.267292
1.291703
1.077625
1.065289
1.067657
1.063438
1.044803
0.960468
1.084421
1.055599
1.050440
1.051740
1.022243
1.066931
0.978407
0.978407
1.052209
1.104584
1.033699
1.008838
1.104584
1.206500
1.033699
1.076508
1.057120
1.075148
1.186383
1.186383
1.277833
1.248969
1.228696
1.110542
1.171175
1.132613
1.228696
1.132613
1.093576
1.120912
1.153154
1.262905
1.262905
1.117506
1.132571
1.117506
1.179651
1.286253
1.132571
1.360529
1.118356
1.137544
1.257349
1.270355
1.270355
1.338811
1.326855
1.198552
1.291703
1.267292
1.315682
1.291703
1.291703
1.315682
1.080964
1.080964
1.018107
0.979636
1.044803
0.998367
1.055599
0.961464
1.042343
0.976635
1.069791
0.976635
1.111458
1.100388
1.001215
0.976733
1.088195
1.248969
1.210122
1.105352
1.080989
1.004537
1.281904
1.110542
1.126614
1.196615
1.247722
1.299971
1.142676
1.247722
1.151282
1.088968
1.329281
1.200577
1.088968
1.129531
1.239624
1.276037
1.069456
1.180622
1.091840
1.200772
1.238110
1.157961
1.189009
1.063438
0.960468
1.006408
1.006408
1.036501
0.978407
1.050440
1.033958
1.016861
0.979218
0.976635
1.011377
1.042343
1.022743
1.111458
1.027960
1.027960
1.070472
1.009912
1.139412
1.151390
1.130420
1.045076
1.130420
1.004537
1.074327
1.025324
1.111455
1.166440
1.213739
1.045076
1.256423
1.097769
1.153154
1.187144
1.118356
1.124012
1.102017
1.157961
1.270355
1.171576
1.171576
1.148595
1.102017
1.210099
1.228745
1.210099
1.351812
0.979028
1.012938
1.011235
1.012938
0.979636
0.960468
0.998367
1.007116
1.024038
1.070950
1.029200
1.001215
1.042343
1.027960
1.027960
1.099507
1.103740
1.070472
1.048641
1.099507
1.100652
1.170329
1.170329
1.117029
1.200577
1.142676
1.136507
1.168910
1.225205
1.166440
1.137565
1.166440
1.137504
1.111455
1.171576
1.150913
1.189009
1.228745
1.210099
1.210099
1.228745
1.018107
0.979864
1.018107
0.938714
0.986236
0.979864
0.986236
0.979864
0.960468
0.979864
0.960468
0.951427
1.024038
1.024038
1.007116
1.051115
1.011377
1.011377
1.022743
1.029200
1.075148
1.053170
1.022743
1.079094
1.077245
1.051831
1.099507
1.043180
1.077245
1.119868
1.119868
1.119868
1.151390
1.043180
1.064193
1.064193
1.106883
1.142676
1.137565
1.117029
1.093254
1.150913
1.165007
1.150913
1.116544
1.164991
1.136507
1.148595
1.116544
1.214213
1.192142
1.214213
1.238110
1.214213
1.012938
1.015674
0.943257
0.937099
1.011235
0.986236
0.979636
1.024038
1.050440
1.022243
0.961811
0.978407
0.913706
1.050440
0.963482
0.939659
1.011377
1.051115
0.966823
1.051831
0.966133
0.962604
1.126614
0.994092
1.126614
1.126614
0.992417
1.001879
1.074747
1.114713
1.006832
1.064193
1.213739
1.075714
1.213739
1.239624
0.946442
0.946442
0.946442
0.943257
0.900861
0.946442
0.902877
0.913706
0.961811
0.939659
0.939659
0.940493
1.000066
0.963482
1.000066
0.961811
1.087553
0.959784
0.956346
1.004209
0.962604
1.021983
1.021983
1.028289
1.053571
1.014057
0.994092
0.962604
1.006832
1.006832
1.012652
1.041548
1.053571
1.074747
1.090869
1.057359
1.034663
1.107911
1.091643
1.091643
0.943257
0.940493
0.971309
0.938714
0.940493
0.923984
0.940493
0.995589
1.000066
0.954134
0.913706
0.987836
0.954134
1.004209
0.987836
0.975291
1.029604
0.976444
0.959784
1.044551
0.968445
1.026350
1.004209
1.052387
1.049481
1.065215
1.086738
1.070280
1.073306
1.086738
1.091643
0.943257
0.946442
0.975051
0.938714
0.943257
0.974497
0.974497
0.923984
0.961811
1.029604
1.010005
1.018826
1.001063
0.995589
0.971309
0.974497
1.724914
1.588100
1.135079
1.506201
1.325194
1.584853
0.924998
0.903167
0.944722
0.945789
0.880138
1.362498
1.626317
1.524664
1.517778
1.492855
1.163215
1.385513
1.606003
1.362498
1.389163
1.362498
1.425573
1.491543
1.721359
1.492855
1.319645
1.301580
1.325194
1.319645
1.524664
1.630447
1.384143
1.173472
1.584853
1.094991
1.148232
1.104888
1.094991
0.946908
0.969872
0.965330
0.898196
0.923982
0.923982
1.147506
0.864711
0.929890
0.885156
0.880138
0.880138
1.021046
1.506201
1.278298
0.881553
0.830228
1.055971
1.059226
