9968 1 1
1.113920
1.204507
1.142494
1.113920
1.171164
1.273796
1.222499
1.203282
1.158990
1.293354
1.217683
1.199621
0.983628
1.022628
1.065401
1.022628
1.084879
1.094218
1.057601
1.086225
1.213260
1.125845
1.028408
1.069307
1.164763
1.248662
1.213260
1.030219
1.248662
1.248662
1.036551
1.248662
1.171164
1.171164
1.142494
1.273796
1.300360
1.203282
1.248224
1.275799
1.164030
1.146926
1.174249
1.174249
1.275799
1.219993
1.267886
1.293354
1.199621
1.248721
1.262672
1.205722
0.985134
1.036802
1.091692
0.980113
0.970258
1.138762
0.970258
0.947209
1.084879
1.034655
0.935502
0.928594
0.976129
0.983628
0.976129
1.135051
1.125845
1.188614
0.973160
0.935502
1.213260
1.264739
1.139837
0.947209
0.988783
1.307959
1.326473
1.070521
1.115730
1.264739
1.293121
1.069307
1.313756
1.343646
1.164030
1.115730
1.300360
1.267886
1.234734
1.282053
1.282053
1.137115
1.343646
1.178674
1.199621
1.205722
1.273790
1.312043
1.363993
1.312043
1.381154
1.222156
1.272126
1.325034
1.273790
1.281007
1.041005
1.084974
1.087788
1.140695
1.034655
1.090960
0.985134
0.941927
1.149340
1.140695
0.947209
1.130950
1.205107
1.232083
0.884009
0.901991
1.251948
1.295024
1.002946
1.002946
1.335490
1.273553
1.078899
1.307959
1.356639
1.264739
1.115730
1.094971
1.137115
1.356639
1.326473
1.097966
1.130995
1.355411
1.360065
1.331414
1.371095
1.371095
1.347066
1.137115
1.137115
1.347066
1.347066
1.260549
1.309824
1.192677
1.260549
1.150113
1.272126
1.316728
1.208183
1.322506
1.272126
1.272851
1.213522
1.272126
1.273790
1.322506
1.223268
1.222156
1.281007
1.327256
0.989506
1.065382
0.915940
1.172668
1.214732
1.008723
0.985134
0.920495
1.038975
1.087788
1.083383
1.245662
0.921009
1.089025
1.268450
0.950295
0.901991
0.950865
1.123688
1.278325
1.121876
1.166638
1.304755
1.176148
0.941927
1.198172
1.205107
1.369470
1.237323
1.237323
1.036551
1.293681
1.396963
1.055533
1.040352
1.295024
1.070521
1.436929
1.477145
1.351754
1.324844
1.459471
1.115730
1.193241
1.097966
1.375630
1.351754
1.527976
1.396282
1.485565
1.234184
1.116557
1.381154
1.498437
1.156821
1.150113
1.352745
1.497479
1.381154
1.361085
1.464463
1.222156
1.223268
1.361085
1.466402
1.314897
1.415893
1.272851
1.520278
1.466402
1.223268
1.280820
1.223268
1.477224
1.322506
1.065382
1.126194
1.147564
1.147564
1.072539
1.072539
1.072539
1.214732
1.214732
1.015032
0.948509
1.245662
1.202294
1.202294
1.255259
1.255259
1.304246
1.247547
1.304755
1.304926
1.045995
1.360927
1.333804
1.055533
1.396963
1.362759
1.430127
1.360927
1.430127
1.403432
1.155267
1.158920
1.403432
1.477145
1.459471
1.205629
1.485645
1.520773
1.506636
1.449764
1.485645
1.115730
1.520773
1.499365
1.485565
1.220280
1.520773
1.471571
1.234184
1.234184
1.497479
1.255705
1.507270
1.507270
1.464463
1.241214
1.253771
1.255705
1.520278
1.414925
1.314318
1.460559
1.314346
1.366227
1.346067
1.298826
1.416179
1.460559
1.414925
1.416179
1.374245
1.374245
1.357147
1.374245
0.925061
0.925061
1.020777
0.993961
0.993961
1.000905
1.000905
1.053042
0.933322
0.919791
1.125442
1.172891
1.214732
1.217065
1.172891
1.008723
1.001714
0.933322
1.247531
1.247531
1.246810
0.950295
0.948509
1.268450
1.321064
1.321064
1.304926
1.337727
1.286031
1.360927
1.362759
1.362759
1.368127
1.396950
1.403432
1.100484
1.078417
1.172948
1.469746
1.459471
1.078899
1.193241
1.500757
1.477145
1.469746
1.485645
1.485645
1.284125
1.536376
1.527976
1.527976
1.485565
1.524585
1.218098
1.230928
1.535251
1.466402
1.460559
1.460559
1.293886
1.305979
1.253771
1.402762
1.464809
1.390990
1.298826
1.239842
1.332283
1.402762
1.346067
1.332283
0.925061
1.075714
1.075714
1.026505
0.960143
1.085421
1.147564
1.115441
1.232194
0.993961
1.021464
0.920897
1.232194
1.232194
1.217065
1.269627
1.287913
1.286031
1.287913
1.304246
1.316289
1.140526
1.006882
1.430127
1.360927
1.399065
1.407941
1.473636
1.437952
1.437952
1.473636
1.155267
1.426936
1.469746
1.426936
1.473636
1.473636
1.193241
1.499365
1.499365
1.330669
1.536376
1.527976
1.530590
1.535251
1.253771
1.255705
1.255705
1.497258
1.497258
1.497258
1.244203
1.241214
1.477224
1.440149
1.460559
1.244203
1.239842
1.446783
1.446783
1.390990
1.293886
1.390990
1.373780
1.277815
1.277815
1.332283
1.277815
1.110231
0.948969
0.956260
1.039640
1.093504
1.026505
1.150711
1.053042
1.115501
1.147564
1.169749
1.209095
1.183587
1.177052
0.993961
1.277226
1.216144
1.298582
1.269627
1.334790
1.368860
1.030559
1.272112
1.296739
1.390024
1.061920
1.321064
1.456076
1.479665
1.368127
1.360270
1.304246
1.473982
1.368127
1.399065
1.174135
1.410113
1.510486
1.155267
1.623158
1.435979
1.617865
1.628671
1.485645
1.499365
1.642197
1.521295
1.520773
1.644987
1.524585
1.670950
1.676137
1.497479
1.649833
1.535251
1.520278
1.628374
1.503998
1.497258
1.606339
1.313597
1.250926
1.335683
1.497207
1.440149
1.239842
1.324139
1.503998
1.464809
1.440149
1.221524
1.402762
1.440149
1.293886
1.267738
1.348036
1.476789
1.389841
1.325941
1.403236
0.983003
1.058137
1.097139
0.901501
1.110231
1.110231
1.142960
0.981893
0.960143
1.187001
1.150711
1.209095
1.209095
0.919791
0.952294
1.334790
1.334790
1.334521
1.046335
1.339640
1.390024
1.456076
1.439385
1.417299
1.456076
1.394992
1.006882
1.339621
1.447225
1.447225
1.211691
1.012110
1.440030
1.522656
1.155267
1.228717
1.158920
1.477723
1.522656
1.596538
1.511561
1.596538
1.473636
1.572236
1.617865
1.572236
1.638360
1.503886
1.651400
1.642197
1.660412
1.651400
1.634814
1.660023
1.334315
1.326240
1.649833
1.606339
1.606339
1.300118
1.300118
1.615253
1.551028
1.593082
1.522716
1.379406
1.580504
1.522716
1.593082
1.373780
1.283074
1.348036
1.553187
1.580504
1.341768
1.403236
1.403236
1.414492
1.337599
1.341768
1.414492
1.396717
1.058137
0.983003
0.988461
1.168428
0.981893
0.948969
1.168428
1.136876
1.228959
1.014001
1.228959
1.228959
1.228959
1.274452
1.021464
1.277226
1.255865
1.290967
1.290967
1.288381
1.290967
1.318627
1.303185
1.312789
1.354540
1.046335
1.354540
1.394992
1.394992
1.415997
1.097594
1.061920
1.061920
1.414154
1.447225
1.131961
1.506594
1.472681
1.506594
1.477723
1.432349
1.546320
1.596538
1.651982
1.642197
1.642197
1.642197
1.660023
1.660412
1.662596
1.649833
1.649833
1.647547
1.593082
1.290591
1.308789
1.593082
1.553187
1.476789
1.522716
1.290591
1.290591
1.360011
1.474367
1.456903
1.502715
1.474367
1.314721
1.341768
1.474367
1.456903
1.341768
1.474367
1.435353
1.382146
1.337599
1.333591
1.435353
1.361201
1.333591
1.333591
0.925087
0.988461
0.901501
1.039726
1.097139
0.995981
1.111508
0.982786
1.067260
1.097139
1.136876
1.067260
0.981893
1.168428
1.207702
1.228959
0.952294
1.235465
1.046641
1.312789
1.312789
1.294991
1.046335
1.390024
1.377455
1.335541
1.335541
1.339640
1.377455
1.379751
1.377455
1.368997
1.417299
1.417299
1.417299
1.379751
1.440901
1.414154
1.131961
1.131961
1.440030
1.440901
1.472681
1.176439
1.474029
1.572236
1.596538
1.638360
1.629125
1.790099
1.660412
1.768294
1.660023
1.649833
1.753936
1.649833
1.313597
1.593082
1.647547
1.300118
1.580504
1.456903
1.337599
1.268538
1.453533
1.558867
1.474367
1.453533
1.418740
1.382146
1.395181
1.314721
1.361201
1.361201
0.988461
0.866490
1.039726
0.995974
1.071406
1.126258
1.055341
0.907461
0.896783
1.219051
1.247539
1.146206
1.248936
1.247539
1.290967
1.274452
1.274452
1.288381
1.303185
0.916404
1.376565
1.381601
0.936460
1.333952
1.345265
1.477413
1.562038
1.349291
1.434177
1.474394
1.381087
1.529046
1.393839
1.546320
1.181010
1.330531
1.619027
1.474029
1.534243
1.596538
1.481712
1.617865
1.651400
1.642197
1.660023
1.793825
1.674548
1.676137
1.676137
1.782135
1.789026
1.668874
1.767841
1.394020
1.290591
1.308789
1.359643
1.290591
1.522716
1.510716
1.510716
1.271134
1.550542
1.505343
1.488412
1.314721
1.257965
1.257965
1.558867
1.444952
1.505343
1.314721
1.363012
1.351105
1.456627
1.359948
1.395181
1.350468
1.300619
0.904461
0.962734
1.009695
1.009695
0.995974
0.931827
0.993884
0.829736
1.096616
1.114947
1.114947
1.047810
1.047810
0.982786
0.910192
0.910192
1.084725
1.195389
1.176611
0.896783
0.920568
0.901501
1.134485
0.960225
0.893775
1.326855
1.326855
1.358549
1.371107
1.396529
1.140972
1.339640
1.046641
1.381601
1.341293
1.426527
1.475813
1.448985
1.382618
1.382618
1.106646
1.131961
1.106646
1.515262
1.560366
1.577038
1.248559
1.657809
1.313579
1.580397
1.638360
1.770331
1.372414
1.305816
1.792276
1.730783
1.674548
1.792131
1.410729
1.716615
1.628374
1.734483
1.593082
1.300118
1.642738
1.283074
1.378275
1.605571
1.584244
1.702301
1.359643
1.605571
1.611125
1.584244
1.334780
1.496970
1.391883
1.358969
1.358969
1.334780
1.525187
1.580135
1.601347
1.496970
1.497246
1.496970
1.300619
1.465725
1.350468
1.401815
1.358969
0.896968
1.009695
0.898354
0.945716
0.931827
1.030502
0.829736
1.045954
0.859390
0.920568
0.883965
1.137854
1.195389
0.896783
0.896783
1.278400
1.324501
1.294943
1.219051
0.960225
1.330449
1.278400
1.362613
1.029438
1.326855
1.332226
1.358549
1.376565
1.371823
1.426527
1.371823
1.011531
1.426527
1.382618
1.475813
1.213779
1.478733
1.382618
1.422486
1.434177
1.560366
1.560366
1.446866
1.474394
1.619027
1.284134
1.739289
1.657809
1.664105
1.682337
1.715516
1.739289
1.770331
1.770331
1.730783
1.790099
1.792276
1.767841
1.767207
1.789026
1.744697
1.744697
1.714020
1.615253
1.723589
1.723840
1.723589
1.706107
1.706107
1.694786
1.734483
1.379406
1.681343
1.344807
1.643929
1.614653
1.268538
1.642738
1.268538
1.672094
1.317624
1.643315
1.657564
1.317624
1.334780
1.580135
1.614653
1.544047
1.544047
1.525424
1.525424
1.529868
1.529868
1.544047
1.363012
1.363012
1.448154
1.432362
1.448154
1.477137
1.448154
1.432362
1.463228
1.417874
1.359948
1.359948
1.299693
1.393754
0.830947
0.896968
0.860325
0.991133
0.920262
1.045954
0.987847
1.070837
1.084725
1.084725
0.920568
1.195389
1.195389
1.278400
0.973983
1.382708
1.323096
1.358549
1.351271
1.351271
1.399582
1.091254
1.341293
1.381601
1.350165
1.225699
1.225699
1.363408
1.432839
1.478733
1.560366
1.477204
1.446866
1.567670
1.781340
1.682337
1.730783
1.730783
1.790099
1.770331
1.782135
1.782135
1.782135
1.782135
1.767841
1.778377
1.765170
1.404256
1.740032
1.765170
1.714020
1.767207
1.744697
1.740032
1.729309
1.706107
1.737709
1.706107
1.706107
1.662715
1.706107
1.681343
1.752256
1.654430
1.702571
1.712490
1.642738
1.370322
1.720533
1.677686
1.716447
1.716447
1.351264
1.697474
1.605571
1.317624
1.663448
1.658231
1.499233
1.615810
1.632219
1.632219
1.632219
1.334780
1.564985
1.611125
1.294843
1.601347
1.615810
1.545004
1.544047
1.544047
1.300619
1.477137
1.254521
1.312590
1.529868
1.463228
1.351990
1.339288
1.417874
1.388344
1.306001
1.359948
1.300619
1.339288
1.371499
1.339288
1.252110
1.299693
0.796656
0.830947
0.945716
0.958425
0.987847
0.842278
0.825212
0.837637
0.860325
0.826151
1.006875
0.859390
0.850007
0.794087
0.793090
1.110687
1.091314
0.883038
1.195389
1.260044
1.159487
1.159487
1.257814
1.355138
1.278400
1.353283
1.029418
1.302261
1.101340
1.132061
1.380700
1.341293
1.371823
1.420135
1.386457
1.332348
1.402994
1.432839
1.422486
1.446866
1.560366
1.221696
1.296776
1.529046
1.221696
1.565833
1.657809
1.715516
1.504486
1.789793
1.760361
1.715516
1.682337
1.664105
1.684909
1.739289
1.770331
1.781340
1.545884
1.730783
1.857020
1.738541
1.890079
1.852368
1.872692
1.753936
1.864210
1.843773
1.789026
1.751176
1.758265
1.739499
1.828916
1.836746
1.867488
1.821845
1.723589
1.706107
1.846869
1.725111
1.795559
1.737709
1.746080
1.642738
1.667338
1.725111
1.681343
1.694786
1.763602
1.614653
1.681799
1.648937
1.668072
1.648937
1.606498
1.297720
1.632219
1.317624
1.353251
1.599642
1.300619
1.239225
1.477083
1.462554
1.432362
1.292398
1.297782
1.496645
1.441618
1.382599
1.258934
1.411638
1.351990
1.252110
1.306001
1.293430
1.373538
1.284920
0.895804
0.895804
1.006875
1.020748
1.091314
1.073378
0.875283
1.110687
0.920568
0.901297
1.110687
1.137854
1.288319
1.188263
1.164502
1.159480
1.257018
1.257018
1.332883
1.332883
1.353283
1.382708
1.382708
1.380101
1.418709
1.312771
1.369450
1.367939
1.341293
1.188312
1.168111
1.420135
1.402994
1.449361
1.580183
1.674106
1.595348
1.651302
1.760361
1.641408
1.814114
1.814114
1.814114
1.857020
1.865773
1.792276
1.890079
1.899260
1.873575
1.760252
1.780313
1.872692
1.843485
1.852368
1.881023
1.782135
1.864210
1.486202
1.868900
1.843773
1.845428
1.843485
1.871839
1.864210
1.744697
1.808141
1.843773
1.831468
1.808141
1.829721
1.821845
1.846670
1.829721
1.803352
1.821845
1.763602
1.759462
1.788320
1.763602
1.783260
1.732746
1.359643
1.653278
1.718876
1.678534
1.334780
1.336531
1.336531
1.353251
1.599642
1.590692
1.536755
1.508836
1.251975
1.496391
1.412712
1.441618
1.292398
1.292398
1.433285
1.433285
1.433285
1.411638
1.378158
1.296757
1.296757
1.292398
1.351990
1.400295
1.320233
1.351265
1.293430
1.243793
1.284920
1.320233
0.817194
0.817194
0.817194
0.781682
0.858120
0.825212
0.781682
0.817194
0.916166
0.931327
0.772084
0.783177
0.842278
0.958425
1.020748
1.031762
0.850007
1.020748
0.875283
0.845212
0.955897
1.288319
1.292503
1.353283
1.399582
1.383961
1.230452
1.380700
1.419709
1.380700
1.346910
1.313973
1.313498
1.523501
1.674106
1.313498
1.489969
1.523501
1.674106
1.641408
1.718227
1.718227
1.641408
1.671096
1.760361
1.701973
1.701973
1.721559
1.701973
1.721559
1.730783
1.890079
1.857020
1.768294
1.890079
1.881240
1.881023
1.881023
1.881023
1.849027
1.881240
1.864210
1.821845
1.846670
1.831709
1.836746
1.836746
1.759462
1.702571
1.775635
1.806374
1.828916
1.811216
1.803352
1.829721
1.716447
1.716447
1.721132
1.723648
1.773874
1.721132
1.721132
1.763602
1.723648
1.648937
1.675685
1.678534
1.678534
1.648937
1.656677
1.648937
1.610988
1.590692
1.610988
1.610988
1.353251
1.353251
1.575035
1.508836
1.536755
1.544532
1.536755
1.252846
1.455746
1.536755
1.512768
1.292398
1.351265
1.365400
1.351265
1.324087
1.324087
1.243471
1.243793
1.362103
1.284920
1.320233
1.324087
1.293430
1.293430
1.177551
1.225650
1.257147
1.341296
0.895804
0.772084
0.783177
0.858249
0.784852
0.845212
1.046596
1.091314
0.901297
1.288319
1.292503
1.292503
1.332883
1.354098
1.380101
1.369450
1.421031
1.353107
1.383961
1.399582
1.367939
1.369664
1.369664
1.467418
1.526808
1.474383
1.164525
1.449361
1.527262
1.402994
1.423676
1.423676
1.674106
1.596498
1.718227
1.789793
1.789793
1.818362
1.857098
1.981485
1.977376
1.852368
1.869898
1.829145
1.881023
1.623015
1.868900
1.815945
1.794832
1.843498
1.864210
1.843485
1.821845
1.779481
1.821845
1.788320
1.759462
1.808141
1.775635
1.803352
1.721132
1.778127
1.829721
1.759462
1.716447
1.692518
1.716447
1.773874
1.692518
1.610988
1.395619
1.395619
1.388663
1.590692
1.508836
1.294203
1.294203
1.536755
1.252846
1.296757
1.480811
1.441618
1.455746
1.441618
1.362103
1.371865
1.351265
1.254804
1.225650
1.243793
1.362103
1.220777
1.341296
1.293430
1.220777
1.257147
1.257147
1.225650
0.817194
0.756740
0.894480
0.870894
0.823899
0.894675
0.958425
0.931629
0.989724
1.046596
1.076909
0.845212
1.110687
1.128738
1.159480
1.264701
1.264701
1.016901
1.188263
1.328559
1.043037
1.041113
1.148019
1.029418
1.382708
1.408383
1.399582
1.374091
1.419709
1.474383
1.407063
1.346910
1.407063
1.313973
1.402994
1.423676
1.469922
1.644777
1.527262
1.595348
1.756863
1.311700
1.664846
1.780021
1.741576
1.816232
1.816232
1.691437
1.897755
1.897755
1.897755
1.814114
1.838373
1.838373
1.954689
1.873575
1.942285
1.857098
1.950603
1.798986
1.915608
1.981485
1.899260
1.890079
1.862020
1.952731
1.798986
1.793721
1.878800
1.798986
1.865773
1.913809
1.833107
1.881240
1.881240
1.829145
1.798986
1.869898
1.921754
1.951021
1.979101
1.874972
1.905755
1.831709
1.843498
1.560415
1.868009
1.779481
1.818299
1.456182
1.821845
1.876384
1.806374
1.806374
1.876384
1.829721
1.864992
1.809224
1.880083
1.721132
1.828603
1.762451
1.723648
1.629733
1.675685
1.692518
1.689251
1.808314
1.675685
1.675685
1.646469
1.544532
1.508836
1.519918
1.297782
1.466531
1.455746
1.448586
1.433285
1.467902
1.441618
1.228529
1.365400
1.243793
1.401675
1.371865
1.194169
1.243471
1.268190
1.307216
1.219706
1.254804
1.307216
1.254804
1.279770
1.214797
1.219706
1.225650
0.749601
0.811721
0.811721
0.838548
0.749317
0.821259
0.900941
0.810236
0.777274
0.827387
0.850007
0.783177
1.062024
1.131398
0.824532
0.950772
1.173497
1.173497
1.188263
1.257018
1.328559
1.339951
1.281511
1.331522
1.383723
1.415497
1.361803
1.392432
1.369450
1.383961
1.434134
1.328211
1.353778
1.434134
1.456663
1.282026
1.556714
1.444068
1.373192
1.799504
1.689039
1.823269
1.870130
1.938288
1.938288
1.903111
1.818723
1.857020
1.983398
1.958696
1.875577
1.915510
1.985901
1.913809
1.875577
1.827712
1.908966
1.890079
1.900173
1.865387
1.950475
1.957171
1.881023
1.910995
1.932602
1.905755
1.831468
1.910995
1.868009
1.876384
1.844403
1.769935
1.874789
1.932602
1.876384
1.876384
1.850268
1.778127
1.847221
1.900173
1.834870
1.759462
1.839187
1.759462
1.744622
1.723648
1.744622
1.689251
1.616111
1.689251
1.572409
1.572409
1.572409
1.544255
1.544255
1.544255
1.492476
1.492476
1.492476
1.416206
1.392979
1.395320
1.401675
1.293964
1.401675
1.333217
1.219706
1.307216
1.254049
1.285497
1.301778
1.132818
1.280331
1.280331
1.254049
0.769584
0.767633
0.931629
0.968588
0.767633
0.809978
0.782325
1.017822
1.076909
1.099585
1.173497
1.173497
1.264701
1.339951
1.328559
1.361803
1.356539
1.374091
1.230452
1.041113
1.374091
1.422361
1.456663
1.422361
1.353778
1.383248
1.412287
1.565000
1.410672
1.485324
1.590631
1.412287
1.547480
1.780021
1.746674
1.664846
1.629522
1.689039
1.816232
1.800003
1.800003
1.823269
1.823269
1.903111
1.897755
1.943052
1.818723
1.875577
1.983398
1.981482
1.981485
1.977376
1.977376
1.942285
1.958696
1.945422
1.960471
1.827712
1.981482
1.979101
1.952731
1.951021
1.908966
1.915608
1.950475
1.950475
1.937485
1.950475
1.946703
1.946703
1.921754
1.905755
1.932602
1.876384
1.844403
1.815687
1.876384
1.834870
1.811216
1.847221
1.814458
1.762451
1.456182
1.762451
1.718075
1.768973
1.778251
1.719730
1.646469
1.648569
1.689251
1.334812
1.544945
1.544945
1.297782
1.334812
1.572409
1.500127
1.500127
1.492476
1.492476
1.281212
1.466531
1.428025
1.229616
1.283784
1.273182
1.416206
1.416206
1.392979
1.307346
1.214797
1.154489
1.293964
1.333217
1.218915
1.285497
1.214797
1.187340
1.190063
1.256550
1.163443
1.187340
1.163443
0.709481
0.849533
0.749317
0.931629
0.931629
0.992086
0.900941
0.746999
0.827387
0.955745
0.777274
0.964843
1.017822
1.017822
1.099585
1.099585
0.872073
0.891962
0.891962
1.160580
1.160580
1.264701
1.339951
1.238424
1.361803
1.026145
1.383723
1.337301
1.139169
1.375853
1.334179
1.334179
1.392432
1.211834
1.374091
1.353778
1.353778
1.456663
1.407063
1.383248
1.664632
1.469922
1.629522
1.629522
1.746674
1.816232
1.784575
1.906489
1.889065
1.938288
1.943052
1.939024
1.954689
1.903111
1.870130
1.807209
2.027224
1.950603
1.950603
1.938288
1.903111
1.942285
1.870130
1.870130
1.970604
1.926330
1.950603
1.985901
1.983398
1.937485
1.981482
1.985901
1.970604
1.960471
1.937485
1.915608
1.977376
1.911943
1.874789
1.950475
1.880083
1.987964
1.827712
1.818321
1.876384
1.874789
1.881894
1.850268
1.850268
1.844403
1.818321
1.627935
1.478967
1.811216
1.814458
1.847221
1.815687
1.811216
1.811216
1.762451
1.762451
1.792645
1.689251
1.744622
1.682904
1.768973
1.529673
1.646469
1.397257
1.572409
1.356404
1.283784
1.572409
1.475868
1.475868
1.500127
1.500127
1.475868
1.428025
1.392979
1.428025
1.228529
1.416206
1.345999
1.239593
1.273182
1.307346
1.333217
1.222416
1.333217
1.214797
1.219706
1.307216
1.163443
1.218915
1.187340
1.163443
0.783148
0.798361
0.749317
0.811721
0.798693
1.035534
0.777274
1.035534
1.018112
1.099585
1.158522
1.191383
1.160580
0.993038
0.891962
1.266187
1.234610
1.270534
1.314523
1.328559
1.358724
1.383917
1.328211
1.427423
1.351316
1.422361
1.456663
1.325719
1.522304
1.328546
1.383248
1.521747
1.461351
1.412287
1.585665
1.664632
1.587300
1.784534
1.729387
1.758556
1.694966
1.689039
1.850027
1.882129
1.923576
1.823269
2.030189
2.030189
1.941720
1.897755
1.973852
1.895814
1.969705
1.991451
1.938227
1.958696
2.020823
1.983398
1.818723
1.807209
1.858248
1.925836
2.070018
1.960471
2.029209
2.029209
2.031929
1.912090
1.972940
1.818723
1.921754
1.977376
1.974033
1.908966
1.865020
2.023282
1.987964
1.932602
1.874789
1.874789
1.953102
1.953102
1.914360
1.973360
1.876384
1.819878
1.844403
1.829088
1.829088
1.867366
1.867366
1.814458
1.718075
1.768973
1.718075
1.718075
1.636795
1.616111
1.574627
1.646469
1.336531
1.574627
1.334812
1.356404
1.544945
1.470124
1.574627
1.475868
1.281212
1.520152
1.453686
1.452234
1.283784
1.428025
1.392979
1.254703
1.416206
1.228529
1.367408
1.307346
1.307216
1.260163
1.242349
1.219706
1.307346
1.279746
1.154489
1.190063
1.157525
1.249712
1.209224
1.209224
1.186323
1.190063
1.163443
1.157525
1.163443
1.208140
1.185285
0.811721
0.859934
0.823029
0.740492
0.869730
0.869730
0.719290
0.736363
0.964843
0.894189
0.964843
0.800861
0.763977
0.809978
0.989521
1.065894
0.992086
1.086287
1.082180
1.129534
1.249223
1.309757
1.314523
1.358724
1.334179
1.183712
1.183712
1.349576
1.406414
1.325719
1.247756
1.351316
1.381485
1.381485
1.328546
1.442962
1.461134
1.699299
1.547480
1.473167
1.572758
1.746060
1.791920
2.075943
2.086703
2.084487
1.758556
1.791920
1.791920
2.073232
1.950330
2.048375
2.048375
2.044574
2.075943
2.010053
1.884320
2.017692
2.056251
2.047980
2.039694
1.881678
2.017692
2.025037
2.044574
2.047980
2.024327
1.973852
1.915510
1.918414
2.054208
1.938227
2.027024
2.027024
2.024327
2.070018
2.059273
2.054208
2.000931
2.070018
2.065505
2.021236
1.972940
2.054208
1.937485
1.827712
1.879826
1.995466
1.990618
1.887625
2.023282
2.031929
1.999632
1.910995
1.856152
1.818321
1.965648
1.944796
1.914360
1.913124
1.891344
1.874646
1.905995
1.905995
1.936687
1.819878
1.780497
1.463855
1.816111
1.747706
1.438817
1.667981
1.667981
1.592998
1.592998
1.334812
1.562480
1.519689
1.592998
1.319770
1.399399
1.399399
1.239593
1.452234
1.175266
1.335303
1.335303
1.367408
1.367408
1.367408
1.256277
1.279746
1.211086
1.218915
1.157525
1.256277
1.211086
1.185285
1.110015
0.753227
0.778125
0.760248
0.740492
0.890114
0.772055
0.890114
0.703349
0.955486
0.989521
0.769584
1.044037
1.000325
0.977060
1.086287
1.071166
1.044037
1.071166
1.086287
1.143549
1.314523
1.314523
1.049332
0.919189
1.306550
1.309757
1.358724
1.340222
1.420077
1.363550
1.328908
1.349576
1.383917
1.351316
1.262707
1.381485
1.461134
1.461134
1.427423
1.585665
1.461351
1.585665
1.585665
1.531666
2.064452
2.073232
1.950330
2.002188
2.004820
1.882129
1.819892
1.911749
2.034466
2.025037
1.991451
1.884320
1.941720
1.906489
2.030189
2.024327
1.988411
2.010053
1.925836
1.990618
1.995466
2.054208
2.029209
1.925836
1.925836
2.000931
1.939971
2.054951
2.031929
1.990618
2.031929
1.912585
2.007375
1.939971
1.987964
1.990618
2.007375
1.895914
1.930113
1.930113
1.914360
2.006276
1.987964
1.973360
1.973360
1.973360
1.896830
1.953102
1.874646
1.874646
1.856152
1.843649
1.899696
1.780497
1.711400
1.816111
1.711400
1.747706
1.667981
1.711400
1.389523
1.667981
1.636795
1.547323
1.519689
1.520152
1.520152
1.453686
1.452234
1.250535
1.376566
1.376566
1.333667
1.376566
1.141729
1.324007
1.290642
1.260163
1.260163
1.236817
1.141729
1.116244
1.236817
1.249712
1.135892
1.110015
0.724543
0.727343
0.778125
0.730854
0.753227
0.890114
0.698233
0.894189
0.869730
0.910542
0.740492
0.989521
1.000325
1.000325
1.167905
1.071166
1.157246
0.868158
0.929029
1.167905
1.238921
1.234610
1.316865
1.306550
1.371709
1.340222
1.358412
1.340222
1.349576
1.349576
1.406414
1.403699
1.328908
1.403699
1.351316
1.427423
1.377618
1.405842
1.351316
1.303039
1.427423
1.735939
1.429312
1.308322
1.287269
1.461134
1.522901
1.493858
1.389134
1.559392
1.699299
1.680358
1.746060
1.791920
1.746060
2.060783
2.215629
2.112058
2.084487
2.197078
2.059041
1.819892
1.994853
2.059041
2.073232
1.991451
2.034466
1.969705
2.120375
2.030189
2.050054
2.015199
2.006031
1.799340
1.884320
2.024327
1.988411
1.918414
1.988411
1.925836
1.972628
1.995466
2.021236
1.990618
1.972940
1.972940
1.987964
1.987964
1.972940
1.987964
1.891344
1.953102
1.874646
1.899696
1.896830
1.891344
1.874646
1.914360
1.819878
1.754479
1.863290
1.506867
1.724999
1.594012
1.592998
1.519689
1.520152
1.309292
1.453686
1.399399
1.399399
1.376566
1.335303
1.290642
1.259395
1.157525
1.279746
1.157525
1.249712
1.256277
1.166125
1.190315
1.166125
1.142996
1.135892
1.180441
1.142996
1.110015
1.110015
1.174673
1.174673
1.135892
1.156904
0.755661
0.809319
0.696291
0.740492
0.894189
0.740492
0.939580
1.018201
0.989269
1.018775
1.000325
1.143549
1.110281
0.855809
1.167905
1.249223
1.269875
1.316865
1.281732
1.306550
1.213971
1.110948
1.363550
1.315922
1.381062
1.401409
1.412213
1.361982
1.377423
1.401409
1.287882
1.474004
1.431027
1.461134
1.273389
1.466614
1.325413
1.440909
1.515982
1.389134
1.493858
1.582385
1.585790
1.473167
1.632609
1.660134
2.215629
2.064452
2.051890
1.882129
1.838574
1.896039
2.177958
2.112058
2.206383
2.048375
2.115650
1.882129
1.882129
2.074611
2.075943
2.073232
2.075943
1.906489
2.073767
2.050054
1.905998
1.844520
2.015199
2.024327
2.017692
1.969705
2.010053
2.010053
2.010053
2.020823
2.030189
2.017692
2.090967
1.918741
1.844520
2.030189
2.120566
2.047980
2.070018
2.130491
2.054208
2.125895
1.972628
1.875296
1.928858
1.815355
1.799340
1.858108
1.972628
2.003128
2.021236
1.931771
1.972628
2.000931
2.065297
2.021236
1.952479
2.031929
2.023282
1.985995
1.973380
1.972940
1.912585
1.930113
1.913124
1.856152
1.899696
1.704415
1.580703
1.664093
1.569654
1.382552
1.445765
1.365749
1.614806
1.667981
1.636795
1.542383
1.470124
1.519689
1.470124
1.336433
1.470183
1.250535
1.404865
1.453686
1.201813
1.220386
1.141729
1.376566
1.290642
1.278417
1.351613
1.259395
1.260163
1.279746
1.256277
1.198815
1.166125
1.133238
1.142996
1.110015
1.153644
0.723209
0.746417
0.713624
0.713624
0.810395
0.849499
0.861341
0.932214
0.765472
0.721022
0.950987
0.932214
1.018201
0.746999
1.062536
1.031632
0.894963
0.868158
1.187238
1.187238
1.187238
1.049332
1.340349
1.358412
1.294707
1.360571
1.377423
1.401409
1.624851
2.215629
2.188711
2.215629
2.215629
1.701391
2.188711
2.064452
1.701391
2.051890
2.119082
1.954583
1.791920
2.084487
2.216163
2.224104
1.961749
2.115650
1.954583
2.216163
2.197078
1.721179
1.838574
1.850404
2.216163
2.197078
2.150336
2.012269
2.073767
1.993592
2.090967
2.125895
2.152784
2.120566
1.870679
1.797751
2.130491
2.021236
1.894105
1.925836
1.939971
1.931485
1.987964
1.878666
1.717025
1.956731
1.869503
1.843649
1.863290
1.839755
1.791734
1.839755
1.711098
1.790225
1.761854
1.790225
1.828205
1.761854
1.711098
1.617637
1.679330
1.445997
1.445765
1.423599
1.691299
1.614806
1.614806
1.594012
1.494133
1.547323
1.308075
1.542383
1.491377
1.398200
1.471462
1.470183
1.421800
1.470183
1.394816
1.152915
1.239593
1.306904
1.306904
1.278417
1.297129
1.204810
1.104699
1.157525
1.204810
1.198815
1.086782
1.156404
1.169918
1.133678
1.153644
1.057678
1.077140
0.755661
0.760248
0.772161
0.835770
0.867442
0.932214
0.765472
1.102173
1.102173
1.111830
0.846785
1.104552
1.102173
1.188396
1.188396
0.978258
1.281732
1.281732
1.077015
1.293421
1.340572
1.340349
1.340349
1.293421
1.325504
1.360571
1.358412
1.365799
1.361982
1.287882
1.568699
1.338365
1.474004
1.353108
1.394130
1.338365
1.519296
1.515982
1.474004
1.605205
1.585790
1.660134
2.203748
1.701391
2.119082
1.820965
1.954583
1.954583
1.838574
1.875794
1.875794
2.112058
2.051890
2.051890
1.954583
2.182815
2.182815
1.740070
2.135007
2.162782
1.905998
1.896039
2.206383
2.073767
1.850404
2.073767
2.120375
2.120375
1.928858
1.880418
1.880418
1.878666
1.849161
1.825083
1.849161
1.879174
1.920566
1.791628
1.825083
1.679330
1.606060
1.679330
1.569654
1.543370
1.542383
1.471462
1.421800
1.471462
1.254703
1.344264
1.351613
1.394816
1.394816
1.167068
1.257541
1.271492
1.306904
1.183545
1.133238
1.104699
1.183545
1.182207
1.183545
1.198815
1.104699
1.156404
1.177424
1.156404
1.104699
0.752142
0.827138
0.713624
0.664572
0.721022
0.713624
0.709443
0.965530
0.968716
1.030031
0.831946
1.264665
1.269875
1.293421
1.360571
1.294707
1.361982
1.320079
1.377423
1.338365
1.424582
1.394130
1.608357
1.368031
1.585790
1.508341
1.559392
1.508341
1.618157
1.489499
1.592124
1.810795
2.098686
2.171853
2.171853
2.188711
2.171853
1.820965
1.928778
2.051890
2.037328
2.188711
2.188711
1.721179
2.193744
2.224104
2.292607
1.875794
1.977726
2.071478
1.954583
1.785500
1.875794
2.074611
2.074611
1.896039
1.994853
2.163517
1.994853
2.182815
2.150336
2.182815
1.756503
1.756503
1.797290
2.120375
1.905998
1.918741
1.918741
1.928858
1.928858
2.003128
1.882753
1.882753
1.973380
1.707632
1.651955
1.849161
1.920566
1.956731
1.825083
1.860521
1.745154
1.559485
1.791734
1.828205
1.791734
1.711098
1.606060
1.553544
1.614806
1.543370
1.542383
1.494133
1.471462
1.404865
1.404865
1.404865
1.203442
1.214187
1.224396
1.167068
1.214187
1.311466
1.306904
1.152915
1.157525
1.306904
1.104699
1.198815
1.198815
1.050698
1.081145
1.095695
1.095695
1.182207
1.032728
1.057678
1.077140
0.695783
0.709088
0.745392
0.730854
0.758829
0.695783
0.789416
0.857096
0.680602
0.709443
0.868450
0.868450
0.849499
0.881864
0.932214
0.968716
1.031632
1.102173
1.104552
1.047028
1.188723
1.104552
1.269875
0.913224
0.797234
1.187238
1.325504
1.290865
1.264665
1.264665
1.340572
1.326846
1.294707
1.191180
1.349499
1.307545
1.338365
1.404747
1.534094
1.682132
2.250181
2.250181
2.186992
1.738125
2.037328
2.123685
1.849586
1.782244
1.928778
2.213913
2.188711
1.875794
2.303262
2.137193
2.213913
2.216163
1.818442
2.156862
1.944492
2.332091
1.740070
2.074611
1.797290
1.875296
1.928858
1.931485
1.880418
1.882753
1.923840
1.882753
1.878666
1.867077
1.654294
1.573962
1.828205
1.478093
1.761854
1.761854
1.679330
1.457107
1.572080
1.635294
1.397952
1.505430
1.543370
1.494133
1.543370
1.555869
1.494133
1.421800
1.421800
1.404865
1.471462
1.263347
1.352605
1.404865
1.351613
1.315571
1.321470
1.321470
1.152915
1.284112
1.278417
1.236102
1.203544
1.188789
1.089688
1.089688
1.204810
1.204810
1.104699
1.204810
1.199569
1.216333
1.177424
1.103709
1.081145
1.077140
0.758829
0.673935
0.703922
0.881864
0.957749
1.132972
1.211419
0.978258
1.293409
1.059998
0.931307
1.326846
1.399346
1.227135
1.024314
1.098156
1.340010
1.340010
1.361982
1.321828
1.405842
1.388192
1.439274
1.813313
1.738125
2.170014
2.186992
1.690248
1.820965
2.250181
2.250181
2.186992
2.020477
1.690248
1.924932
2.271302
2.303262
2.193744
1.782244
1.944492
2.119082
1.838574
2.216866
2.332091
2.039362
1.818442
1.944492
1.782244
2.156862
1.944492
2.229772
2.229772
1.721179
1.797757
2.284520
2.229772
2.156862
2.163517
1.797757
1.804703
1.975200
1.975200
2.052856
2.039741
2.052856
2.039741
1.923840
1.960661
1.768655
1.768655
1.960661
1.956731
1.872609
1.908879
1.908879
1.638990
1.812004
1.580703
1.762242
1.819958
1.819958
1.697619
1.769748
1.705154
1.776954
1.657207
1.657207
1.635294
1.705154
1.624967
1.705154
1.572080
1.555869
1.624967
1.505430
1.429504
1.486590
1.396599
1.429504
1.396599
1.418034
1.206981
1.311466
1.134615
1.181783
1.097220
1.232200
1.183545
1.203544
1.222144
1.104699
1.222144
1.062398
1.081145
1.117084
1.089664
1.115774
1.089664
1.057678
1.087424
1.087424
0.745392
0.653413
0.758829
0.687245
0.710153
0.673935
0.901168
0.868450
0.881030
0.793162
0.765472
1.136645
0.842101
1.218330
1.159270
1.005999
1.212976
1.293409
1.266951
1.326703
1.326846
1.340010
1.405207
1.341234
1.341234
1.656200
1.682132
2.186992
1.656200
1.849586
1.738125
2.186992
1.543813
1.690248
1.875193
1.710312
2.137193
1.886895
2.039362
2.043654
1.573942
1.573942
2.156862
2.147210
2.229772
2.303262
1.924932
2.292607
1.606517
1.736278
2.222603
1.779299
2.156862
2.222603
1.692130
1.844540
1.818442
1.818442
1.854089
1.750151
1.756503
1.924708
2.052856
1.923840
2.052856
1.971900
1.960661
1.971900
1.927682
1.812983
1.960661
1.941172
1.921921
1.880311
1.921921
1.819958
1.769748
1.445495
1.624967
1.555869
1.488450
1.488450
1.555869
1.555869
1.486590
1.396599
1.396599
1.418034
1.418034
1.352605
1.165207
1.165207
1.352605
1.284112
1.236102
1.111468
1.232200
1.232200
1.040183
1.131956
1.222144
1.131956
1.131956
1.115774
1.109809
1.109809
1.117084
0.736867
0.769984
0.642453
0.685198
0.868450
0.868450
0.868450
0.716587
0.968716
0.727300
0.740464
0.968716
0.755631
1.047028
1.047028
1.159270
1.212976
1.212976
1.290865
1.279793
1.279793
1.344181
1.289410
1.307545
1.368194
1.437531
1.643274
1.519296
1.618157
1.682132
1.813313
2.123685
2.170014
2.243839
1.732104
1.813313
1.810795
2.123685
1.849586
2.020477
2.271302
2.271302
2.267537
2.303262
2.043654
2.147210
2.137193
2.137193
2.043654
1.924932
2.216866
2.147210
2.156862
2.071478
2.229772
1.844540
1.797757
1.750151
1.750151
1.854089
1.731050
1.869608
1.869608
1.822834
1.975200
1.975568
1.869608
1.975200
1.923840
1.941172
1.707632
1.941172
1.573962
1.867077
1.908879
1.580703
1.638990
1.573962
1.518952
1.500917
1.523457
1.723564
1.680316
1.511890
1.702931
1.625535
1.685706
1.705154
1.762242
1.518952
1.585975
1.593186
1.615487
1.397952
1.389261
1.389261
1.495090
1.449510
1.535391
1.370277
1.541386
1.276123
1.346740
1.488450
1.397952
1.331370
1.429504
1.468151
1.486590
1.352605
1.215113
1.418034
1.315571
1.357501
1.265561
1.287463
1.203544
1.222144
1.203544
1.203544
1.014851
1.111468
1.121833
1.199569
1.143930
1.121833
1.121833
1.040183
1.041755
1.040183
1.089664
1.115774
1.065427
1.040183
1.087424
1.012623
0.642453
0.769984
0.789416
0.789416
0.857096
0.680886
0.881864
0.803736
0.680602
0.881030
0.971331
0.737091
0.957749
1.074149
0.980512
0.970924
1.070676
1.048066
1.047028
1.072060
1.159270
1.136645
1.159270
0.947181
0.896089
1.211419
1.266951
1.215039
1.266951
1.324304
1.326703
1.357566
1.326703
1.340010
1.290773
1.295549
1.341234
1.307545
1.344181
1.236453
1.608357
1.404747
1.741193
1.690436
1.731384
1.682132
2.262199
2.020477
2.089260
1.656200
1.738125
2.262199
1.690248
2.243839
2.243503
2.157950
1.483630
2.267537
2.070982
2.147210
2.123685
1.782244
2.329831
1.626420
2.106100
1.663973
2.106100
2.274773
2.229772
2.274773
2.271302
1.592304
1.764992
1.777508
1.808630
1.812651
1.812651
1.924708
2.095169
1.836821
1.842884
1.924708
2.094082
1.978785
1.830157
1.893675
1.904340
1.881673
2.012717
1.927682
1.846948
1.746238
1.895388
1.941172
1.768655
1.921921
1.880311
1.969313
1.860521
1.651718
1.812004
1.573962
1.769748
1.580052
1.842736
1.723564
1.787767
1.746737
1.737103
1.865602
1.723564
1.518952
1.717219
1.688634
1.762242
1.749547
1.680316
1.466312
1.511890
1.702931
1.702931
1.511890
1.575360
1.613162
1.647728
1.612425
1.508607
1.573872
1.495090
1.400495
1.517538
1.634607
1.625535
1.572080
1.583825
1.487800
1.445416
1.645482
1.583825
1.535391
1.551793
1.391338
1.496215
1.534052
1.571192
1.391338
1.496215
1.287224
1.486590
1.396599
1.402328
1.148325
1.134615
1.315571
1.134615
1.170505
1.321470
1.116297
1.201651
1.232200
1.232200
1.097683
1.124289
1.014851
1.123878
1.062566
0.994446
1.010077
0.993269
0.627338
0.673935
0.687245
0.789080
0.876198
0.735245
0.862254
0.862254
0.874614
0.901168
0.980512
0.980512
0.874614
0.983341
1.055540
1.072990
1.159736
0.931307
0.959575
0.991418
1.288655
1.295416
1.295416
1.015582
0.950733
1.122591
1.312912
1.292487
1.313591
1.321394
1.295549
1.292487
1.425108
1.550933
1.512015
1.401731
1.608357
1.282567
1.444761
1.645661
1.767728
1.656200
1.671480
2.262199
2.190417
2.029058
1.867094
1.867094
1.849586
1.671480
2.091858
2.262199
1.941908
1.875193
2.091858
2.130617
2.130617
1.585448
1.543813
1.778480
2.179774
2.179774
2.179774
2.243839
1.778480
1.941908
2.298839
1.974362
2.274773
1.606517
1.653261
1.655289
1.844540
1.738759
1.873819
1.854089
1.804703
1.804703
2.012791
1.882669
1.975200
1.975200
1.808630
2.008300
1.890474
1.904340
1.821187
1.816059
1.909350
1.798730
1.761365
1.761809
1.789418
1.969313
1.931193
1.931193
1.704139
1.659740
1.651718
1.911363
1.865602
1.794918
1.636903
1.580052
1.785368
1.802470
1.688634
1.768411
1.793514
1.802470
1.733931
1.793514
1.767628
1.615487
1.646113
1.651388
1.580859
1.580859
1.468787
1.578469
1.578469
1.703296
1.673604
1.629197
1.551793
1.580859
1.703296
1.685706
1.580859
1.578469
1.645482
1.557927
1.546349
1.484791
1.507790
1.578469
1.440702
1.440702
1.385905
1.425566
1.454854
1.396783
1.396783
1.571192
1.396783
1.354361
1.385905
1.484791
1.288028
1.354361
1.417811
1.476787
1.390592
1.311922
1.224142
1.274420
1.081936
1.231929
1.321470
1.040183
1.108922
1.143789
1.138835
1.124289
1.143789
1.062398
1.131075
1.105951
1.105951
1.105951
1.115774
0.993269
1.065427
1.117084
1.025551
1.035200
0.720453
0.752771
0.624780
0.680886
0.635068
0.656031
0.632154
0.758829
0.770159
0.651197
0.794487
0.698209
0.738539
0.698209
0.794487
0.876198
0.651197
0.695943
0.874614
0.971331
1.048066
1.072060
1.070676
1.132972
1.072060
0.896089
1.235958
1.235958
1.212976
1.235958
1.313591
1.279793
1.313591
1.362076
1.235822
1.362076
1.417027
1.544591
1.622340
1.828388
2.029058
1.828388
1.482975
1.671480
1.520994
1.482975
1.690436
1.905895
2.155489
2.212243
2.155489
2.212243
2.262199
1.867094
2.029058
2.029058
1.520994
1.616346
1.778480
2.091858
2.179774
2.212243
2.204970
1.616346
2.179774
1.626420
1.626420
1.687598
1.687598
2.008300
2.095169
1.960835
2.095169
1.837531
1.803498
1.836821
1.842884
1.836821
1.789656
1.825375
1.824935
1.812983
1.796525
1.798730
1.733334
1.707632
1.719769
1.911363
1.802470
1.768411
1.523457
1.587579
1.785368
1.880665
1.794918
1.865602
1.679343
1.842310
1.750005
1.817705
1.575360
1.733931
1.646113
1.575360
1.767628
1.656405
1.750005
1.697619
1.782739
1.782739
1.793514
1.672473
1.767628
1.733931
1.542938
1.717219
1.623419
1.686562
1.580859
1.542938
1.634607
1.634607
1.686562
1.527043
1.585975
1.719853
1.719853
1.686562
1.612425
1.583825
1.583825
1.703296
1.645482
1.527043
1.612425
1.551793
1.606008
1.612425
1.506742
1.551793
1.458374
1.645482
1.624967
1.541386
1.458374
1.476989
1.454854
1.507790
1.507790
1.541386
1.503435
1.425566
1.425566
1.454854
1.496215
1.454854
1.440702
1.288028
1.287224
1.476787
1.288028
1.402328
1.390592
1.402328
1.337942
1.402328
1.402328
1.336532
1.148325
1.336532
1.336532
1.097683
1.161966
1.097220
1.242233
1.026258
1.123878
1.007327
1.023880
1.010077
1.010077
0.993269
0.599293
0.687245
0.653413
0.773922
0.745190
0.769984
0.761281
0.776903
0.752771
0.845683
0.776903
0.876198
0.862254
0.862254
0.876198
0.968701
0.845683
0.968701
0.779324
0.949966
0.971331
0.971331
1.052364
1.020681
1.052364
1.072060
0.874638
1.159270
1.247557
1.247557
1.218232
1.312912
1.292487
1.292487
1.395786
1.373061
1.333845
1.333845
1.273683
1.308651
1.308651
1.346961
1.622340
1.690436
1.690436
1.867094
1.731384
2.155489
1.731384
1.565479
1.731384
2.165947
2.262199
2.262199
1.520994
2.161350
1.941908
2.243503
2.243503
1.685992
1.713757
1.667341
1.844075
1.873819
1.873819
1.835034
1.882669
1.965976
2.008300
1.960835
1.960835
1.639977
1.846948
1.851196
1.889992
1.892466
1.889992
1.815650
1.738259
1.794643
1.797503
1.723790
1.723790
1.733334
1.659740
1.723790
1.911363
1.939970
1.884057
1.884057
1.880665
1.817705
1.842310
1.636903
1.793514
1.865602
1.865602
1.802470
1.785368
1.836177
1.842736
1.921649
1.802470
1.636903
1.679343
1.782739
1.770127
1.750005
1.842310
1.858788
1.527043
1.468787
1.633637
1.633637
1.651388
1.737103
1.737103
1.735515
1.523457
1.517538
1.575360
1.679343
1.782739
1.688634
1.737103
1.672473
1.719853
1.533405
1.542938
1.703296
1.632667
1.703296
1.546349
1.591756
1.651388
1.632667
1.632667
1.506742
1.515481
1.611597
1.612425
1.396783
1.515481
1.458374
1.487800
1.503435
1.612425
1.503435
1.551793
1.515481
1.440702
1.476989
1.476989
1.358379
1.399559
1.441971
1.369863
1.399559
1.369863
1.374862
1.507790
1.476787
1.328673
1.288028
1.288028
1.325726
1.325726
1.358379
1.425976
1.398584
1.398584
1.287224
1.402328
1.224142
1.345315
1.345315
1.311922
1.274420
1.242233
1.203401
1.203401
1.203401
1.231875
1.018181
1.143789
1.143789
1.131075
0.970959
1.025551
0.656144
0.769984
0.862254
0.946920
0.868622
0.968701
0.925911
1.073525
1.067573
0.968701
1.070676
1.052364
1.090238
1.044028
1.044028
1.069162
1.079600
1.180321
1.186884
1.157164
1.186884
0.888918
1.235958
1.251228
1.309518
1.272891
1.313591
1.312312
1.362076
1.286277
1.235822
1.347483
1.693447
1.737871
2.107544
2.042381
1.486056
1.414563
1.901454
1.864061
1.901454
2.095077
2.107544
1.828388
2.049004
2.030775
2.107544
2.030775
1.520994
2.155489
2.161350
2.179774
1.600138
1.616346
1.726218
1.713757
2.012791
2.133528
1.965976
2.016284
1.972104
1.894365
1.803498
1.727173
1.812983
1.895388
1.723790
1.798730
1.891002
1.840760
2.000423
1.727435
1.913681
1.901699
1.913681
1.913681
1.798970
1.901699
1.727435
1.865602
1.911363
1.895113
1.708742
1.855006
1.708742
1.817705
1.913681
1.793514
1.842736
1.850170
1.661783
1.646113
1.594603
1.661783
1.633637
1.746737
1.750255
1.759038
1.799168
1.688634
1.688634
1.646113
1.638486
1.807975
1.799168
1.750005
1.633637
1.672473
1.672473
1.683157
1.683157
1.612425
1.487800
1.618126
1.546349
1.606008
1.526739
1.583825
1.440702
1.445416
1.454854
1.426899
1.530647
1.404123
1.467484
1.484791
1.462511
1.541386
1.440702
1.526277
1.404123
1.498121
1.541386
1.398584
1.476787
1.556482
1.478003
1.373864
1.251757
1.374862
1.342744
1.343316
1.478003
1.328673
1.269822
1.345315
1.212639
1.274420
1.303261
1.274420
1.186880
1.242233
1.018181
1.025376
1.094738
1.143930
1.124289
1.108922
1.131357
1.062566
1.030478
0.955767
0.965186
0.993011
1.007327
0.993269
0.993269
0.999212
0.632154
0.653990
0.653990
0.687245
0.718859
0.650520
0.752771
0.773922
0.773922
0.839005
0.860592
0.937018
0.788393
1.016231
1.073525
1.087105
1.087105
1.044909
1.073525
1.090238
0.797390
1.074149
1.173304
0.874638
0.835630
1.161270
1.173304
1.159270
1.159270
1.176311
1.159270
1.247557
1.259908
1.148115
1.350860
1.161476
1.187220
1.201520
1.278298
1.609781
1.598322
1.693447
1.693447
1.854915
1.813303
1.854915
1.661420
1.971014
1.560415
1.737871
2.165947
1.939737
1.971014
2.080141
2.049004
1.607420
1.753269
1.753269
1.905318
1.984578
1.965976
2.030082
1.972104
1.894365
1.832450
1.832450
1.823171
1.812475
1.789656
1.907928
1.893675
1.902677
1.904340
1.821811
1.823171
1.825375
1.892466
1.892466
1.861466
1.790374
1.798730
1.991754
1.951211
2.000423
1.974208
1.720311
1.969642
1.937604
2.000423
1.895113
1.826491
1.855006
1.991754
2.031476
1.951211
1.884057
1.842093
1.719769
1.768482
1.901699
1.910353
1.895113
1.794026
1.661783
1.894135
1.768411
1.642125
1.750255
1.853479
1.821849
1.857860
1.714275
1.705511
1.705511
1.836177
1.708742
1.642125
1.771713
1.819995
1.726573
1.819995
1.599490
1.657524
1.703768
1.703768
1.503827
1.759038
1.706787
1.743098
1.727091
1.719853
1.743098
1.743098
1.562707
1.449590
1.640765
1.498121
1.526277
1.561735
1.640765
1.530647
1.475929
1.449590
1.530647
1.518280
1.464184
1.496215
1.491650
1.426899
1.440159
1.475929
1.404123
1.491650
1.462511
1.500334
1.441971
1.307975
1.269822
1.338766
1.407829
1.390592
1.373864
1.254016
1.289969
1.161966
1.343316
1.311922
1.148325
1.231929
1.231929
1.242233
1.093156
1.083811
1.242233
1.208577
1.143930
1.135600
1.135600
1.131357
1.025376
1.025376
1.124289
1.030478
1.047504
1.013323
1.016335
0.970959
1.023880
0.993011
0.993011
0.999212
0.542352
0.612023
0.612023
0.653990
0.682938
0.745190
0.761281
0.695943
0.839005
0.860592
0.937018
0.938717
1.073525
1.073525
1.090238
1.182197
1.087105
1.073525
1.016231
1.161270
1.107735
1.186884
1.107735
1.124220
1.161270
1.173891
1.180321
1.173891
1.237763
1.237763
1.247557
1.227668
1.268650
1.295416
1.254935
1.308806
1.312312
1.312312
1.366277
1.442463
1.406357
1.340906
1.661420
2.042381
1.737871
1.813303
1.486056
1.523872
1.854915
1.901454
1.737871
2.030775
2.107544
2.107544
2.030775
1.572305
1.665028
1.726218
2.133528
2.030082
1.972104
1.843074
1.843074
1.730396
1.776673
1.833567
1.861466
1.981659
1.812100
2.031476
2.031476
1.969642
1.790374
1.965689
2.031476
1.965689
1.949503
1.857860
1.921649
1.913681
1.938450
1.969642
1.895113
1.776204
1.720311
1.861840
1.937604
1.891002
1.891002
1.794026
1.850170
1.938450
1.894135
1.750255
1.789274
1.861840
1.850170
1.776204
1.750255
1.708742
1.657524
1.894135
1.657524
1.726573
1.714394
1.819995
1.638486
1.819995
1.759038
1.771713
1.771713
1.706787
1.743098
1.799168
1.743098
1.703768
1.657505
1.618126
1.640765
1.611699
1.614407
1.386923
1.386923
1.683157
1.611699
1.657505
1.611699
1.618126
1.640765
1.556482
1.591756
1.498121
1.530647
1.386923
1.526277
1.556482
1.561735
1.518280
1.518280
1.530647
1.518280
1.352249
1.386923
1.498121
1.496215
1.411460
1.530647
1.441971
1.352249
1.404123
1.441971
1.441971
1.373864
1.373864
1.412155
1.373864
1.326401
1.379244
1.379244
1.342744
1.448695
1.326401
1.379244
1.412155
1.342744
1.381984
1.381984
1.344467
1.365880
1.307975
1.289969
1.254016
1.425976
1.341689
1.425976
1.228750
1.269822
1.313990
1.289969
1.313990
1.402607
1.269224
1.303261
1.217303
1.336532
1.269224
1.067463
1.233137
1.186880
1.191590
1.211682
1.104826
1.116537
1.025376
1.041755
1.094738
0.963166
0.963166
0.948341
0.997249
1.016335
0.963166
0.993011
0.917044
0.997249
0.612023
0.582691
0.515244
0.721731
0.653990
0.773922
0.828896
0.839005
0.912046
0.839005
0.937018
0.828896
0.904364
0.912046
0.938717
0.912046
1.038535
1.016231
0.772888
0.768921
0.822608
1.016231
1.182197
1.182197
1.135579
0.910407
1.016231
1.110919
1.186467
1.124220
1.161270
1.173304
1.161270
1.200936
1.186884
1.250119
1.173891
1.180321
1.262460
1.227668
1.309518
1.288153
1.312312
1.273683
1.347483
1.406357
1.598322
1.535592
1.421790
1.421790
1.624606
1.854560
1.813303
1.735225
2.042381
1.486056
1.463194
1.854560
1.492322
1.813303
1.486056
1.560415
2.030775
1.970045
1.901454
1.572305
1.523872
1.901454
1.607420
1.600138
1.714814
1.653013
1.688206
2.024610
1.905318
1.976253
1.984578
2.030082
2.030082
2.030082
2.133528
1.782405
1.730396
1.782405
1.892466
1.902677
2.103365
2.041748
2.139279
2.103365
1.869933
1.974208
1.806783
1.885830
1.790374
1.861466
2.040016
1.949503
1.937604
2.058139
1.997106
2.092157
1.949503
1.778696
1.951211
1.727435
1.981326
1.991754
1.991754
1.974208
1.997106
1.794026
1.826491
1.991754
1.853479
1.991754
1.969642
1.776204
1.798970
1.894135
1.750255
1.901875
1.638486
1.853479
1.850170
1.745498
1.724172
1.743098
1.599490
1.644521
1.706787
1.706787
1.691274
1.533405
1.606081
1.557927
1.614407
1.614407
1.703768
1.467484
1.503827
1.614407
1.611699
1.606081
1.553274
1.526277
1.640765
1.545960
1.349085
1.526277
1.526277
1.556482
1.556482
1.425976
1.518280
1.412155
1.425976
1.407829
1.469301
1.373864
1.310751
1.412155
1.338766
1.372659
1.441971
1.344467
1.342744
1.310751
1.307975
1.344467
1.338766
1.289969
1.381984
1.202655
1.235161
1.313990
1.237567
1.147306
1.254016
1.207556
1.093156
1.186880
1.149058
1.233137
1.135600
1.079969
1.083486
1.118766
0.948341
0.888727
0.515244
0.538563
0.588427
0.565360
0.535200
0.512201
0.565360
0.558083
0.599293
0.556150
0.617866
0.718859
0.599293
0.761281
0.745190
0.745190
0.703482
0.650599
0.729378
0.828896
0.834852
0.714492
0.909694
1.038535
1.013843
1.186467
1.186467
1.135579
1.135579
1.200075
1.162071
1.143705
1.170847
1.190619
1.279055
1.266719
1.173304
1.161270
0.904685
1.273705
1.262460
1.281318
1.273705
1.365288
1.269511
1.337303
1.337303
1.131798
1.366277
1.308806
1.422439
1.652803
1.652803
2.042381
1.972024
1.787999
1.693447
1.904874
1.813303
1.538922
1.934710
1.854560
1.854560
1.538922
2.042381
1.854560
2.030775
1.560415
1.600138
1.685992
1.689762
1.854048
1.859007
1.859007
2.031123
2.031123
1.909644
2.133528
2.031123
1.781361
1.894365
1.782265
1.812475
1.862683
1.814806
1.812475
1.798577
1.959190
2.177243
2.103365
2.075429
1.833567
1.869933
2.075429
1.799692
2.058139
2.031476
2.125195
1.974208
1.861466
1.855662
1.892466
2.000423
1.946090
1.985347
1.926963
1.926963
1.982721
1.982721
2.051489
1.846574
1.861840
2.001051
1.857860
1.895113
1.882109
1.794026
1.753202
2.013141
1.932209
1.858255
1.857860
1.819995
1.724742
1.714754
1.786563
1.724742
1.599490
1.786563
1.850170
1.599490
1.771713
1.530071
1.533405
1.503827
1.757336
1.743098
1.743098
1.640765
1.417323
1.613283
1.605997
1.430901
1.464184
1.386923
1.541043
1.545960
1.566762
1.449608
1.465535
1.500334
1.445090
1.441971
1.286423
1.311058
1.498121
1.424523
1.473493
1.344467
1.341689
1.465535
1.331561
1.294095
1.254016
1.289969
1.356992
1.381984
1.365880
1.262495
1.269822
1.313990
1.343316
1.331561
1.356992
1.285896
1.228040
1.191019
1.202655
1.207556
1.303261
1.195601
1.286108
1.191590
1.099657
1.134468
1.161966
1.178026
0.997595
1.114226
1.114226
1.135600
1.030478
1.131357
1.008787
0.947857
1.013323
1.011384
0.955767
1.013323
0.955767
0.946868
0.975691
0.463007
0.490363
0.470290
0.535200
0.612023
0.632154
0.656640
0.625898
0.650599
0.746029
0.746029
0.746029
0.745190
0.839005
0.834852
0.847148
0.918512
0.847148
1.025105
0.984812
1.162071
1.130253
1.162071
1.205844
1.297061
1.296404
1.288708
1.281318
1.296404
1.281318
1.280077
1.320468
1.337303
1.353764
1.353764
1.337303
1.293253
1.308806
1.362076
1.318684
1.735225
1.596691
1.972024
1.735225
1.463194
1.431329
1.492322
1.844127
1.706274
2.042381
1.962078
1.894990
1.627766
1.753269
1.771983
1.909644
2.095073
1.854048
1.854048
1.718303
1.718303
1.727224
1.814806
1.809623
1.717545
1.827681
1.787279
1.867511
1.882199
1.827681
2.206137
2.206137
1.825745
1.896878
2.148070
1.779587
2.065760
1.771313
2.125195
2.065760
2.049767
2.027763
1.892466
2.096068
2.096068
2.027763
1.880830
1.946090
2.049767
1.985347
1.882109
2.079160
1.806783
2.022401
2.013141
1.985394
2.013141
1.946090
1.771444
1.826491
1.858255
1.850170
1.907707
1.987102
1.868514
1.858987
1.868514
1.829461
1.786563
1.785431
1.724172
1.745498
1.915963
1.641883
1.828128
1.868514
1.829461
1.829470
1.508004
1.639702
1.745234
1.757336
1.828128
1.691274
1.709829
1.691274
1.671730
1.530071
1.441790
1.666235
1.657505
1.657505
1.666235
1.640765
1.508004
1.441790
1.449590
1.640765
1.577811
1.566762
1.529414
1.541296
1.577811
1.577811
1.566762
1.352249
1.561735
1.530647
1.539740
1.430901
1.545960
1.485433
1.441971
1.344216
1.448695
1.445210
1.437079
1.465535
1.465535
1.465535
1.485433
1.406458
1.441971
1.262495
1.380340
1.331561
1.327758
1.367623
1.310842
1.327758
1.333091
1.253687
1.294095
1.191019
1.252767
1.252767
1.285896
1.164998
1.245911
1.226510
1.226510
1.224425
1.113655
1.131928
1.224425
1.113655
1.134468
1.128609
1.150831
1.018092
1.018092
1.016335
0.897401
0.982585
0.510184
0.470290
0.490363
0.470290
0.578694
0.625898
0.602742
0.690687
0.729378
0.729378
0.807966
0.918512
1.302497
1.281280
1.301499
1.190619
1.260254
1.250119
1.110919
1.280077
1.267389
1.250119
1.288708
1.280077
1.281318
1.340536
1.365288
1.269511
1.251228
1.309518
1.330010
1.340536
1.330010
1.369771
1.353764
1.308806
1.357343
1.406357
1.551851
1.600080
1.596691
1.969671
1.793374
1.969671
1.404701
1.793374
1.904874
1.706274
1.862345
1.862345
1.907770
1.962078
1.962078
1.561491
1.844127
1.509222
1.683930
1.861986
2.093029
2.095073
2.144128
1.854048
1.782265
1.813527
2.207542
2.177243
2.177243
1.852827
2.148070
2.206137
2.207542
2.177243
2.177243
1.933367
1.933367
2.138205
2.139279
1.896878
2.079160
2.079160
2.079160
1.869933
1.924019
1.771313
2.065760
2.139279
2.060349
2.014495
1.898764
1.965678
1.943040
1.882109
1.943040
1.742246
1.846574
2.067331
2.067331
1.947017
2.013141
2.022401
1.985394
2.067331
1.824229
1.868514
1.824030
1.932209
1.813075
1.768482
1.907707
1.714754
1.915963
1.648638
1.714754
1.602666
1.726573
1.641120
1.641883
1.709262
1.757336
1.578377
1.623698
1.605997
1.605997
1.530071
1.466207
1.623698
1.709829
1.666235
1.605997
1.531650
1.645811
1.666235
1.613283
1.541296
1.485433
1.566762
1.440338
1.541296
1.545960
1.411201
1.485433
1.465535
1.437079
1.437079
1.367623
1.445090
1.252767
1.356992
1.222121
1.350540
1.333091
1.367623
1.367623
1.380340
1.383846
1.338085
1.294095
1.294095
1.232837
1.226510
1.191019
1.224425
1.195601
1.245911
1.253687
1.191019
1.164998
1.286108
1.195601
1.164998
1.191019
1.226510
1.217303
1.217303
1.191590
1.072358
1.099657
1.096533
1.015612
1.015612
1.079969
1.079969
0.955767
1.018092
1.002682
0.998528
1.016335
0.947857
0.862324
0.463007
0.480646
0.535200
0.618590
0.634213
0.625898
0.625898
0.721731
0.725928
0.807966
0.847148
0.918512
0.909694
0.984812
0.984812
1.110919
1.301499
1.301499
1.281280
1.242592
1.280077
1.297061
1.302497
1.267389
1.288708
1.288708
1.296404
1.296404
1.340536
1.383315
1.296404
1.365288
1.330010
1.330010
1.330010
1.453659
1.308806
1.409351
1.578917
1.551851
1.500765
1.551851
1.485292
1.652803
1.907770
1.666567
1.683930
1.645750
1.740308
1.740308
1.749179
2.020147
2.020147
1.977689
1.900895
1.900895
2.136420
2.144128
1.976253
2.031123
1.854048
1.727224
1.782265
1.781667
1.781667
1.772177
2.231127
2.206137
2.126835
1.771313
2.146963
1.933367
2.207542
2.177243
2.146963
2.146963
2.049767
2.014495
2.027741
2.027763
2.065760
2.027741
1.965678
1.882109
2.027763
2.027763
1.812100
2.067331
1.846574
2.013141
2.092157
1.880830
1.855662
2.067331
2.138205
1.846574
2.067331
1.855662
1.799940
1.932209
1.947017
1.985394
1.985394
1.799940
1.868514
1.868514
1.858987
1.915963
1.915963
1.915963
1.648638
1.724742
1.648638
1.915963
1.702593
1.724172
1.641883
1.786458
1.745234
1.542072
1.786563
1.829470
1.740962
1.578377
1.691274
1.786563
1.745234
1.508004
1.703471
1.542072
1.466207
1.466207
1.613283
1.613283
1.526540
1.666235
1.441790
1.666185
1.666235
1.577811
1.406723
1.430901
1.577811
1.580073
1.369316
1.449608
1.346197
1.465535
1.271201
1.478003
1.445090
1.445090
1.333091
1.424523
1.380340
1.367623
1.350540
1.331561
1.347174
1.317320
1.331561
1.327758
1.281185
1.291748
1.253687
1.182889
1.310842
1.245911
1.209281
1.209281
1.226510
1.222121
1.191019
1.224425
1.235957
1.164998
1.211682
0.997595
1.072358
1.079969
0.984127
0.984127
0.897401
0.876141
0.453122
0.538563
0.590768
0.556150
0.634213
0.715012
0.658898
0.602742
0.721731
0.691460
0.677034
0.721731
0.796216
0.807966
0.814479
0.834852
0.863635
0.994204
1.038535
1.038535
1.110919
1.137498
1.260254
1.301499
1.281280
1.277266
1.315801
1.352140
1.392534
1.374057
1.336862
1.369771
1.358699
1.325608
1.409351
1.457603
1.261388
1.404271
1.480829
1.480829
1.885716
1.578917
1.705895
1.666567
1.872136
1.757682
1.705895
1.793374
1.793374
1.876111
1.652803
1.907770
1.801197
1.619783
1.735225
1.907770
1.491609
1.561755
1.861986
1.771983
2.136420
2.008266
2.123452
1.887281
1.909644
2.144128
1.718303
1.814806
1.814806
1.785947
1.951643
1.717545
1.723240
1.814806
1.888325
2.206137
2.191178
1.887721
1.779587
2.215633
2.214701
2.000161
2.125493
2.215633
2.067939
2.150795
2.125493
2.079160
2.092157
1.924077
2.027741
1.924019
1.855662
1.947495
1.946090
1.898764
1.864463
1.946090
1.855662
1.858255
1.824030
1.920354
1.778648
1.753031
1.932209
1.785431
1.786458
1.786458
1.786563
1.835940
1.641883
1.625972
1.625972
1.703471
1.453075
1.441790
1.607366
1.618634
1.562707
1.369316
1.466207
1.526540
1.541296
1.526540
1.580073
1.531650
1.541296
1.417473
1.466169
1.465535
1.449608
1.372659
1.485433
1.404895
1.466169
1.302167
1.333091
1.317320
1.363255
1.253687
1.281999
1.236001
1.256109
1.286108
1.256109
1.281999
1.226510
1.208204
1.236001
1.236001
1.191019
1.147466
1.195601
1.130342
1.113655
1.131928
1.096256
1.114226
1.114226
1.015612
1.114226
1.025190
1.018092
0.906042
0.998528
1.018092
0.998528
0.889037
0.437887
0.418187
0.467359
0.691460
0.715012
0.753351
0.795640
0.911944
0.863635
1.003677
0.996502
0.994204
0.984812
1.110919
1.115987
1.115987
1.255783
1.387023
1.304814
1.400464
1.312471
1.405201
1.387023
1.386649
1.386649
1.352140
1.400628
1.392534
1.373735
1.373735
1.430724
1.353764
1.358699
1.325608
1.536928
1.281807
1.831321
1.811588
1.536289
1.445593
1.445593
1.578917
1.793374
1.801197
1.757682
1.443393
1.463194
1.793374
1.872136
1.505991
1.418101
1.418101
1.719961
1.851669
1.774010
1.749179
1.887281
1.993447
2.098077
2.040272
1.977689
2.008266
1.977689
1.774010
2.023258
1.951643
1.941683
1.941683
1.951643
2.240892
2.152346
2.259363
1.941683
1.941683
2.169509
1.813527
2.189445
2.101535
2.146963
1.896878
2.150795
2.150795
2.152346
2.093136
2.138205
2.020719
1.980707
2.093136
1.753949
1.924077
1.976703
1.725099
1.823679
1.823679
1.824229
1.858255
1.797984
1.667827
1.702593
1.814497
1.788118
1.829470
1.642863
1.698604
1.667827
1.786458
1.854548
1.724737
1.835940
1.786458
1.578377
1.538989
1.752847
1.757336
1.757336
1.691274
1.538989
1.665648
1.666185
1.666235
1.666185
1.466207
1.451712
1.386420
1.513631
1.386420
1.302167
1.526540
1.397712
1.429529
1.568527
1.566762
1.449608
1.363255
1.449608
1.473493
1.404895
1.286423
1.338085
1.417473
1.317320
1.317320
1.302701
1.363255
1.232743
1.256109
1.256300
1.347174
1.116786
1.216018
1.224425
1.256109
1.218682
1.236001
1.130342
1.177507
1.080295
1.153421
1.096256
1.113655
1.096256
1.080295
1.174394
1.135426
1.002065
1.055303
1.111615
0.999365
0.959136
0.970735
0.897401
0.533881
0.453122
0.560871
0.560851
0.510184
0.611111
0.604357
0.655420
0.650654
0.715012
0.814479
0.814479
0.795640
0.795640
0.866755
0.863635
0.911944
0.994204
1.115987
1.230196
1.312471
1.255783
1.296515
1.242592
1.242592
1.387023
1.404841
1.386649
1.387361
1.387023
1.387023
1.400628
1.392534
1.392534
1.430724
1.467704
1.374057
1.374057
1.120884
1.191157
1.353764
1.453659
1.404271
1.571232
1.536928
1.705895
1.619783
1.480829
1.811588
1.484173
1.418101
1.464808
1.683930
2.030301
1.887281
1.887281
2.123452
2.008266
1.977456
1.977456
1.834903
1.834903
1.728054
1.794965
1.784591
1.699923
1.835148
1.861905
2.045373
2.284012
2.016643
2.036160
2.045373
2.139208
1.986047
2.023258
2.023258
2.215768
1.768495
1.776191
2.191178
2.240892
2.213082
2.150795
2.191178
2.152346
2.139208
2.093136
2.139208
2.000161
1.940830
2.152346
2.101535
2.000161
1.783244
1.753949
2.027741
1.725099
1.818822
1.823679
1.797984
1.778648
1.698604
1.758412
1.758412
1.667827
1.835940
1.740962
1.618372
1.572920
1.752847
1.495236
1.495236
1.572920
1.506610
1.453075
1.703471
1.740962
1.453075
1.451712
1.495236
1.580073
1.666235
1.666185
1.580073
1.568527
1.526540
1.580073
1.386420
1.568527
1.466169
1.453004
1.316925
1.360116
1.453004
1.453004
1.363255
1.417473
1.316925
1.338085
1.317320
1.203974
1.338085
1.347174
1.308689
1.363255
1.256300
1.256300
1.240238
1.232743
1.153421
1.232743
1.256300
1.236001
1.236001
1.218682
1.174394
1.180399
1.256109
1.177507
1.130342
1.130342
1.096256
1.115203
1.116537
1.080295
1.002065
1.115203
1.115203
1.055303
1.085768
1.098386
0.924172
0.493116
0.453122
0.498688
0.467359
0.480646
0.483517
0.753351
0.691460
0.778310
0.863635
0.912949
1.003677
1.069660
1.069660
1.115987
1.242592
1.234672
1.242592
1.404841
1.404841
1.277266
1.405201
1.400464
1.405201
1.400628
1.378728
1.352140
1.352140
1.480997
1.392534
1.467704
1.357343
1.430724
1.358699
1.081772
1.357343
1.513597
1.571232
1.729432
1.729432
1.586385
1.619783
1.811588
1.355304
1.392215
1.468501
1.528182
1.442732
1.518228
1.932902
1.932902
1.873565
1.993447
1.993447
1.855594
2.123452
1.784591
2.016643
2.045373
2.009661
2.120727
2.213082
2.213082
2.090952
2.124421
2.240892
2.160779
2.259363
2.240892
2.036160
2.125493
2.164859
2.101535
2.150795
2.101535
2.213082
2.023258
2.000161
2.055278
2.101535
2.101535
2.093136
1.903694
1.823679
1.864463
1.947495
1.947495
1.726542
1.723874
1.663480
1.823679
1.903694
1.758412
1.653409
1.625972
1.588253
1.618372
1.648596
1.625972
1.689712
1.469731
1.618372
1.576608
1.480623
1.451712
1.291185
1.386420
1.411201
1.390893
1.302167
1.246347
1.246347
1.209587
1.138552
1.080295
1.191590
1.112384
1.212009
1.011946
1.067137
1.080295
1.110479
1.069466
1.098386
1.002065
0.999365
0.978755
0.952546
0.982374
0.930668
0.468785
0.470290
0.493116
0.498688
0.579167
0.534119
0.631656
0.582933
0.628764
0.633237
0.604357
0.601159
0.705522
0.657330
0.658898
0.601159
0.775926
0.752125
0.778310
0.775926
0.775926
0.859502
0.945665
1.003677
1.069254
1.129321
1.137498
1.230196
1.257524
1.196895
1.196895
1.242592
1.296515
1.387361
1.441612
1.387023
1.400628
1.430724
1.421787
1.358699
1.405321
1.453659
1.405321
1.405321
1.441715
1.459614
1.424238
1.457603
1.729432
1.312154
1.361223
1.729432
1.705895
1.571232
1.619783
1.392215
1.705895
1.636368
1.811588
1.811588
1.484173
1.484173
1.587592
1.518228
1.384605
1.714715
1.719961
1.749179
1.878493
1.616130
1.616130
1.828150
1.855594
1.844679
2.098077
2.040272
1.791222
1.834903
1.708402
1.724620
1.785947
1.794965
2.120727
1.776191
1.751747
2.255467
2.162570
2.288777
2.191178
2.023559
2.086017
2.164817
2.214172
2.041349
2.093136
2.164859
2.191178
2.105129
2.042577
2.086450
2.020719
1.753949
1.904652
1.947495
1.681301
1.785854
1.663480
1.827560
1.909099
1.756531
1.767499
1.827560
1.795508
1.778648
1.729478
1.651749
1.697727
1.482360
1.689712
1.618372
1.513631
1.573230
1.588253
1.523581
1.588253
1.482360
1.495236
1.407327
1.453075
1.393809
1.407327
1.531650
1.386420
1.336717
1.390893
1.302167
1.302701
1.129268
1.145303
1.059313
1.224372
1.174394
1.138552
1.188462
1.027015
1.055303
1.098386
1.001365
0.979053
0.978755
0.982374
0.930668
0.947587
0.459481
0.467359
0.481836
0.459481
0.545811
0.628764
0.628764
0.650654
0.691460
0.672486
0.775926
0.814479
0.850640
0.795640
0.859502
0.859502
0.792920
0.994147
0.994147
0.934629
1.069254
1.080853
1.084323
1.115987
1.224595
0.901955
1.196895
1.069254
1.105586
1.255783
1.234672
1.362947
1.331737
1.404112
1.391311
1.391311
1.362947
1.362947
1.379777
1.400464
1.436501
1.396592
1.475837
1.378728
1.480997
1.486279
1.372871
1.463798
1.374057
1.463798
1.453659
1.424238
1.586385
1.536928
1.312154
1.355304
1.373771
1.636046
1.694273
1.581831
1.655229
1.714715
1.814322
2.008312
1.744522
1.944612
2.030301
1.878493
1.944612
1.791222
1.878493
1.689878
1.730853
1.723462
2.105149
2.045373
2.105149
2.124421
2.256053
2.120372
2.120372
2.180783
2.206711
1.689370
1.687920
2.193807
2.288777
2.214172
2.240072
2.162503
2.131484
2.169509
2.206711
2.162503
2.240072
2.164859
2.193807
2.120372
2.164817
2.164817
1.791162
1.711992
2.018894
1.667312
1.986435
1.904652
1.940425
1.816380
1.866645
1.719871
1.719871
1.816380
1.729478
1.785854
1.758863
1.816380
1.702593
1.702593
1.729478
1.606777
1.561083
1.523581
1.469731
1.482360
1.312500
1.390893
1.291185
1.256109
1.157786
1.093036
1.174394
1.188462
0.979053
0.970192
0.975054
0.926901
0.970192
0.958377
0.459481
0.459481
0.501828
0.545811
0.552327
0.501828
0.601159
0.705522
0.705986
0.650654
0.705986
0.672486
0.752125
0.764924
0.764924
0.709742
0.732560
0.934629
0.934629
1.080853
0.934629
1.018718
1.080853
1.069254
1.374150
1.374150
1.391311
1.497814
1.475837
1.404112
1.478153
1.486279
1.478153
1.486279
1.372871
1.463798
1.480997
1.168798
1.245450
1.504890
1.364738
1.504890
1.504890
1.405321
1.441715
1.459614
1.441715
1.316365
1.586385
1.691236
1.691236
1.459614
1.515562
1.338593
1.433520
1.419969
1.550336
1.679901
1.679901
1.679901
1.542521
1.714715
1.844679
1.916212
1.844679
2.039759
1.791222
1.643851
1.689878
1.778612
1.778612
2.288777
2.206711
2.193807
2.288777
1.737691
1.737691
2.086450
2.111315
2.111315
1.802964
2.013201
1.895189
1.940425
1.866645
1.866645
1.772385
1.772385
1.853020
1.653409
1.719871
1.729478
1.695788
1.695788
1.651749
1.602597
1.602597
1.606777
1.445561
1.480623
1.405003
1.374927
1.414443
1.332524
1.312500
1.291185
1.332524
1.236623
1.312500
1.248125
1.220665
1.236623
1.198728
1.302701
1.253252
1.305923
1.145303
1.198728
1.256109
1.224372
1.220665
1.212009
1.067137
1.159164
1.059313
1.068537
1.068537
1.068537
0.895331
1.085768
1.056699
0.885012
0.945255
0.945255
0.953276
0.909557
0.526747
0.545335
0.604357
0.545335
0.545335
0.501828
0.501828
0.570532
0.570532
0.657330
0.705986
0.809832
0.732560
0.818508
0.764924
0.809832
0.785662
0.940214
0.809832
0.818508
0.934629
0.772588
0.844340
1.080853
1.069254
1.224595
1.224595
1.224595
1.196895
1.145578
1.344509
1.331737
1.492762
1.378728
1.475837
1.498686
1.480997
1.412725
1.538739
1.463798
1.501641
1.468533
1.405321
1.544998
1.544998
1.459614
1.316365
1.478599
1.459614
1.424238
1.691236
1.586385
1.355304
1.355304
1.393637
1.844679
1.814322
1.844679
1.791222
1.610523
1.691168
1.691168
2.256053
2.206711
1.676622
1.676622
2.256053
2.288777
2.206711
2.240072
2.256053
2.206711
2.240072
1.737691
2.013201
1.940425
1.761610
1.719871
1.805194
1.853020
1.709412
1.695788
1.709412
1.648596
1.648596
1.648596
1.651749
1.576608
1.648596
1.685725
1.526269
1.526269
1.526269
1.545860
1.545860
1.445561
1.523581
1.523581
1.480623
1.407327
1.340901
1.340901
1.312500
1.323582
1.346197
1.220665
1.250958
1.302701
1.157318
1.224372
1.179539
1.145303
1.067137
1.169145
1.128477
1.135426
0.979053
0.942733
0.909557
0.909557
0.925781
0.526747
0.526747
0.785662
0.809832
0.758581
0.818508
0.820823
0.893994
0.929542
0.940214
0.934629
0.833335
0.934629
0.900893
0.993757
1.174922
0.901955
0.993757
1.054396
0.964877
0.875948
0.842249
1.054396
1.145578
1.308396
1.186534
1.186534
1.344509
1.311360
1.374150
1.374150
1.370358
1.362947
1.458560
1.497814
1.453665
1.497814
1.483570
1.436501
1.413887
1.436501
1.468533
1.504890
1.396606
1.316365
1.691236
1.691236
1.394056
1.394056
1.619745
1.744522
1.845407
1.789960
1.845407
1.762579
1.708122
1.780150
1.762793
2.288777
2.141596
2.233787
2.196589
2.164859
1.773736
1.773736
2.164859
2.138004
2.071836
2.147157
1.690760
1.742371
2.011413
2.014166
1.931182
1.839348
1.853020
1.805194
1.884287
1.696544
1.781521
1.653409
1.746646
1.690132
1.709412
1.632220
1.603372
1.523581
1.414689
1.414689
1.407327
1.390893
1.405003
1.305190
1.305043
1.378803
1.321737
1.302701
1.254512
1.215775
1.332524
1.302701
1.248125
1.254512
1.210634
1.167427
1.210198
1.129268
1.157786
1.159164
1.067137
1.059313
0.979053
1.000201
0.970192
0.942733
0.909021
0.945255
0.925287
0.939108
0.820823
0.807179
0.879836
0.820927
0.870107
0.820823
0.837813
0.879836
0.844340
0.925156
0.879836
0.837813
0.891813
1.014680
0.949252
1.144350
1.144350
1.144350
1.035788
1.331737
1.109200
1.109200
1.441895
1.311360
1.479056
1.473221
1.473221
1.458324
1.458324
1.453665
1.453088
1.413887
1.499444
1.501641
1.440957
1.396606
1.189539
1.269298
1.433520
1.634851
1.581831
1.898181
1.932241
1.789960
1.610523
1.610523
1.658217
1.663948
1.722094
2.240072
2.256053
2.196589
2.214172
2.131484
1.791162
1.711992
2.011413
1.689139
2.070246
1.986435
1.689351
1.690760
2.029863
1.973587
1.926949
1.733140
1.958777
1.758863
1.719871
1.870726
1.653409
1.692976
1.746646
1.614833
1.651749
1.757359
1.632220
1.629872
1.663664
1.663664
1.663664
1.544673
1.651749
1.633419
1.532085
1.501420
1.564761
1.417329
1.457249
1.534171
1.459461
1.499477
1.507098
1.326988
1.459461
1.480623
1.305190
1.417329
1.343006
1.305043
1.323582
1.286966
1.238059
1.199468
1.179539
1.179539
1.122202
1.122202
1.152566
1.052573
1.028776
1.129983
1.128477
1.068537
1.034168
1.068537
0.982416
0.982416
1.017829
0.996943
0.926901
0.966976
0.985374
0.870107
0.870107
0.925156
0.820823
0.953668
1.014680
1.077023
0.875948
0.993757
1.153588
1.205024
1.144350
1.311360
1.340969
1.458560
0.972353
0.952130
1.311360
1.311360
1.441895
1.341482
1.483570
1.453088
1.453088
1.535813
1.532280
1.439289
1.478599
1.491176
1.269298
1.365949
1.311315
1.356656
1.311315
1.356656
1.592090
1.755152
1.645245
1.813722
1.755152
1.813722
1.932241
1.932241
1.679919
1.679919
1.805670
1.706660
1.741922
1.587492
1.641923
1.641923
2.191223
2.103397
1.652761
2.071435
1.951171
2.029863
1.951171
1.789723
1.951171
1.871369
1.785854
1.729390
1.663480
1.811347
1.871369
1.888534
1.870726
1.780230
1.726255
1.870726
1.690132
1.780230
1.690132
1.693411
1.780230
1.629872
1.726255
1.608606
1.608606
1.541929
1.541929
1.541929
1.541929
1.457249
1.532085
1.457249
1.414689
1.457249
1.459461
1.343006
1.343006
1.238059
1.255189
1.343006
1.238059
1.238059
1.286966
1.164394
1.215775
1.157852
1.130506
1.146166
1.130506
1.119016
1.033818
1.110479
1.052573
0.940256
1.087297
1.100160
1.129983
0.942733
1.030541
1.114535
1.017829
0.966976
0.969274
0.942733
0.923270
1.014680
1.014680
0.875948
0.953668
0.875948
0.953668
0.953668
1.153588
0.949252
1.205024
1.093443
1.219489
1.230241
1.278819
1.278819
1.340969
1.308396
1.278819
1.340969
1.340969
1.109200
1.393004
1.458324
1.473221
1.483570
1.479056
1.479056
1.081772
1.458324
1.502295
1.535813
1.532280
1.422437
1.501641
1.501641
1.501641
1.478599
1.439289
1.478599
1.396606
1.396606
1.340873
1.448581
1.494239
1.494239
1.397820
1.522601
1.634851
1.708643
1.607670
1.732031
1.898181
1.845407
1.769225
1.578217
1.663798
1.975395
2.170231
2.162570
1.987390
2.141596
2.233787
2.071435
1.719313
2.071435
2.029863
2.011413
2.029863
2.099206
1.611812
1.659655
1.659655
1.958777
2.030456
1.973587
1.761610
1.888534
1.888534
1.733140
1.666418
1.811347
1.800367
1.880427
1.800367
1.726255
1.624149
1.742104
1.693411
1.693411
1.650450
1.602325
1.573523
1.608606
1.629872
1.573523
1.485568
1.459461
1.573523
1.436081
1.532085
1.532085
1.459461
1.457249
1.376354
1.264251
1.378803
1.326988
1.253976
1.146166
1.215775
1.212167
1.146166
1.062516
1.157852
1.080929
1.080929
0.996074
1.030541
0.967930
0.923270
0.923270
0.860890
0.860890
0.993757
0.891813
1.219489
0.924850
1.185789
1.144350
1.235922
1.308396
1.235922
1.311360
1.372120
1.336002
1.424646
1.441895
1.483570
1.453665
1.506973
1.458324
1.489739
1.492674
1.499444
1.554609
1.435715
1.478599
1.483383
1.333327
1.389439
1.269298
1.494806
1.486736
1.397820
1.402108
1.442497
1.592090
1.592090
1.692681
1.708643
1.542521
1.634851
1.732031
1.708643
1.650592
1.645245
1.558821
1.755152
1.558821
1.679919
1.519110
1.577764
1.577764
1.555023
1.691168
2.082151
2.233787
1.673498
1.572683
1.603520
1.603520
2.103397
2.031399
2.071435
2.099206
2.014166
1.659655
1.659655
1.729390
1.663054
1.729390
1.854282
1.903737
1.692976
1.663054
1.903737
1.666418
1.811347
1.610200
1.860550
1.690132
1.699472
1.773400
1.617473
1.707342
1.760323
1.650450
1.703445
1.609943
1.690132
1.594096
1.485568
1.502797
1.544673
1.650450
1.500226
1.379854
1.500226
1.214913
1.376354
1.436081
1.302446
1.378803
1.370949
1.326988
1.343006
1.248125
1.339416
1.255189
1.215398
1.218825
1.218825
1.253976
1.110719
1.152566
1.146166
1.157852
1.052387
1.055987
1.021982
1.072074
1.064956
0.966976
1.019902
0.967930
0.967930
1.051575
0.967930
1.038562
1.126062
0.923270
0.924850
0.924850
0.991498
1.056350
0.991498
0.915248
0.915248
0.952130
1.056350
1.056350
1.185789
1.393234
1.424733
1.408411
1.440162
1.393234
1.372120
1.535023
1.401276
1.489739
1.473511
1.437669
1.478599
1.435715
1.473511
1.356038
1.439289
1.307951
1.365949
1.347367
1.394992
1.433520
1.539313
1.692681
1.765835
1.692681
1.765835
1.765835
1.898181
1.621612
1.613208
1.558821
1.701651
1.725385
1.477936
1.519110
1.722094
2.061360
2.061360
2.141596
2.141596
2.127659
2.053431
1.698553
2.101819
1.993723
1.634997
1.973587
2.030456
2.082220
2.030456
1.943028
2.020717
1.870920
1.936020
1.937729
1.999429
1.781283
1.741794
1.791159
1.695819
1.750496
1.750496
1.741794
1.774637
1.774637
1.669668
1.669668
1.669668
1.594999
1.500226
1.553205
1.419127
1.453103
1.553205
1.502797
1.312505
1.406492
1.502797
1.427287
1.427287
1.457249
1.385281
1.309109
1.406492
1.404275
1.358847
1.317127
1.309109
1.302446
1.317127
1.167708
1.215398
1.309109
1.212167
1.170080
1.155926
1.137269
1.147318
1.235340
1.126582
1.019902
1.051575
1.131606
1.064956
1.047119
1.019902
1.007954
1.075970
1.007954
1.056350
1.142362
1.126062
0.924850
1.072860
0.998159
0.998159
1.035788
1.081772
0.992027
1.185789
1.267532
1.219489
1.087302
1.235922
1.363182
1.372120
1.372120
1.424646
1.393004
1.438630
1.444599
1.502295
1.506973
1.531466
1.502295
1.502295
1.506973
1.489739
1.364334
1.437669
1.488971
1.406643
1.347255
1.219059
1.244918
1.219059
1.347367
1.269350
1.219059
1.314016
1.441696
1.355754
1.494806
1.494806
1.650798
1.621612
1.545055
1.765835
1.765835
1.808337
1.701651
1.701651
1.623588
2.097473
1.518683
1.620315
2.013683
1.934862
1.530669
2.175162
2.040825
2.040825
1.634997
1.606005
1.993723
1.993723
1.993913
1.640668
2.020717
2.076708
1.993723
1.694533
2.043565
1.993913
1.931658
1.872854
1.890132
1.781283
1.936020
1.936020
1.663054
1.802371
1.802371
1.741794
1.785508
1.853458
1.860550
1.682793
1.849465
1.802371
1.673892
1.617473
1.756474
1.511874
1.594999
1.592895
1.673892
1.675842
1.669668
1.577263
1.673892
1.560643
1.508255
1.594999
1.560643
1.553205
1.453103
1.508255
1.389913
1.427287
1.427287
1.421759
1.329230
1.406492
1.329230
1.358847
1.302446
1.317127
1.235340
1.167708
1.126582
1.235598
1.199468
1.155926
1.129806
1.231930
1.170080
1.215398
1.137269
1.140347
1.245051
1.131606
1.080929
1.082389
1.019902
1.007954
1.007954
0.915248
1.167807
1.142362
1.142362
0.998159
1.363182
1.219489
1.267532
1.336002
1.363182
1.393234
1.087302
1.372120
1.410453
1.492485
1.492485
1.428923
1.506973
1.531466
1.502295
1.440704
1.489739
1.473511
1.333093
1.307951
1.308686
1.210777
1.441696
1.397820
1.494806
1.692681
1.650798
1.522601
1.522601
1.522601
1.522601
1.519110
1.507422
1.578217
1.682531
2.097473
2.100361
1.956238
2.100361
1.600033
1.587492
1.972643
2.170231
1.956238
2.192614
2.095949
2.151525
2.115648
2.053431
1.706447
2.065357
1.652761
1.993913
1.905367
1.781283
1.931658
1.890132
1.810957
1.704103
1.704103
1.704103
1.969867
1.911010
1.969867
1.839161
1.806598
1.916076
1.681828
1.806598
1.695819
1.750496
1.806598
1.916076
1.697109
1.697109
1.697109
1.739205
1.756474
1.673892
1.609943
1.609943
1.675842
1.675842
1.572683
1.500226
1.560643
1.501391
1.553205
1.453103
1.426165
1.453860
1.397743
1.334917
1.312160
1.420720
1.252893
1.342757
1.342757
1.339416
1.284122
1.199758
1.217232
1.284122
1.241539
1.317127
1.334917
1.241539
1.170080
1.241539
1.137269
1.137269
1.176661
1.082389
1.047119
1.167807
1.075970
0.998159
1.007954
1.126554
1.096040
0.956160
1.219489
1.019568
0.992027
1.072860
1.026169
1.276371
1.222049
1.450120
1.372120
1.531896
1.455485
1.531466
1.535023
1.535023
1.492674
1.506973
1.433544
1.489739
1.389138
1.333093
1.333327
1.266736
1.333327
1.260238
1.260238
1.210777
1.261444
1.580575
1.765835
1.692681
1.373669
1.560860
1.691539
1.863946
1.526207
2.095949
1.605535
2.053431
1.668857
1.668857
1.595412
2.019582
1.918184
2.044711
2.044711
1.658396
1.573097
1.996067
2.115648
1.910517
2.082220
1.985702
1.884556
1.669891
1.997701
2.043565
1.847025
1.714210
1.947895
1.729185
1.669891
1.669891
1.681828
1.864669
1.792621
1.911010
1.770708
1.849465
1.697109
1.738650
1.666989
1.756474
1.666989
1.591613
1.572683
1.426165
1.487346
1.572683
1.473995
1.426165
1.399561
1.397743
1.339416
1.342757
1.265519
1.209705
1.173449
1.199758
1.126333
1.126333
1.170422
1.047362
1.103917
1.195081
1.121903
1.103917
1.079514
1.175203
1.026169
1.222049
1.185789
1.026169
1.171626
1.276371
1.171626
1.311737
1.276371
1.481008
1.481008
1.410453
1.428923
1.410453
1.492319
1.433544
1.458712
1.555677
1.344721
1.344721
1.437669
1.357834
1.389138
1.410685
1.274976
1.191873
1.244918
1.374644
1.302484
1.365152
1.353359
1.253690
1.295317
1.295317
1.507852
1.618276
1.618276
1.725385
1.587899
1.541885
1.578217
1.686276
1.956238
1.624218
1.394717
2.175162
2.175162
1.514534
2.068377
2.024602
1.909882
2.019582
1.918184
1.812800
1.812800
1.595412
1.899117
1.941283
1.832672
1.856738
1.864789
1.876011
1.673059
1.818626
1.673059
1.669891
1.876011
1.842130
1.663054
1.699839
1.752944
1.459706
1.574489
1.344559
1.397531
1.375074
1.505275
1.344559
1.399561
1.399561
1.273122
1.299708
1.299708
1.304080
1.291600
1.211255
1.304080
1.304080
1.199758
1.211255
1.311737
1.171626
1.262013
1.262013
1.026169
1.015271
1.415060
1.450120
1.455485
1.492319
1.483461
1.483461
1.540825
1.440704
1.507028
1.507028
1.266736
1.279587
1.353359
1.507852
1.554384
1.444132
1.413682
1.373669
1.336519
1.595728
1.507422
1.555023
1.627805
1.528363
2.043218
1.721355
1.508958
1.951903
2.066262
2.024602
1.951903
1.605535
1.605535
1.605535
1.897927
1.884556
1.658396
1.899117
1.899117
1.847025
1.976560
1.717053
1.785465
1.717053
1.717053
1.121903
1.121903
1.171626
1.195081
1.026169
1.021768
1.322656
1.171626
1.222049
1.415060
1.119308
1.015271
1.276371
1.410453
1.492319
1.481008
1.481008
1.450120
1.428923
1.428923
1.428923
1.467679
1.405356
1.411938
1.572181
1.440704
1.507028
1.344721
1.266736
1.266736
1.244918
1.317259
1.317259
1.279587
1.210777
1.210777
1.309657
1.253690
1.295317
1.459409
1.408759
1.444132
1.373669
1.477936
1.447336
1.453054
1.941852
1.814596
1.449495
1.598085
1.554471
1.972643
1.754574
2.066262
2.066262
2.079981
1.845896
1.514534
1.951903
1.616242
1.942855
2.038459
1.920131
1.605535
1.839471
1.941283
1.925344
1.765517
1.876687
1.771148
1.683205
2.040904
1.683205
1.749930
1.769688
1.769688
1.256271
1.245135
1.182878
1.359620
1.222534
1.142956
1.218893
1.059984
1.059984
1.142956
1.021768
1.111239
1.295544
1.381186
1.346094
1.059984
1.528699
1.382719
1.434668
1.318654
1.572181
1.507028
1.458712
1.389138
1.197165
1.236747
1.244918
1.226303
1.348671
1.459409
1.396246
1.443021
1.331016
1.507852
1.554384
1.369508
1.449169
1.306756
1.814596
2.068377
1.713997
1.956238
1.518683
1.541091
1.970663
1.841454
1.596517
1.769685
1.883796
1.884556
1.884556
1.689939
1.608549
1.771148
1.764261
1.973099
1.925272
1.985702
1.864789
1.864789
1.683205
1.294956
1.346094
1.294956
1.222534
1.182878
1.245135
1.182878
1.405132
1.222534
1.111239
1.225995
1.021768
1.412421
1.472229
1.128185
1.434668
1.405356
1.405356
1.331106
1.472229
1.472229
1.393174
1.335941
1.335941
1.344721
1.344721
1.236747
1.265279
1.175968
1.226303
1.226303
1.414387
1.301083
1.331016
1.480927
1.595728
1.836002
1.814596
1.935834
1.901943
1.956238
1.586534
1.468252
1.450338
1.941339
1.820843
1.468252
1.490942
1.845896
1.834908
1.720148
1.541091
1.841044
1.841044
1.944873
1.592567
1.615712
1.761544
1.608549
1.824114
1.920131
1.710352
1.683758
1.222534
1.021768
1.111239
1.346094
1.245135
1.245135
1.295544
1.496152
1.500079
1.500079
1.496152
1.468565
1.085034
1.128185
1.386022
1.386022
1.420814
1.434668
1.424103
1.424103
1.393174
1.253831
1.377826
1.253831
1.270873
1.270873
1.312179
1.175968
1.226303
1.350486
1.400680
1.423407
1.792355
1.808945
1.941852
1.161349
1.904444
1.750480
1.843562
1.843562
1.394717
1.443463
1.720148
1.645578
1.710352
1.710352
1.841454
1.710352
1.439153
1.294956
1.182878
1.192145
1.164222
1.377826
1.420814
1.377826
1.496152
1.225995
1.128185
1.085034
1.412421
1.434668
1.304072
1.420814
1.128185
1.412421
1.335941
1.335941
1.209019
1.331106
1.197165
1.236747
1.265279
1.266533
1.226303
1.226303
1.396246
1.331016
1.407656
1.305211
1.373669
1.336519
1.652380
1.808945
1.703294
1.161349
1.044404
1.687886
1.561365
1.630666
1.243533
1.161349
1.901943
1.554471
1.798758
1.181739
1.338828
1.338828
1.724316
1.845896
1.541091
1.554471
1.969740
1.967618
1.969740
1.853542
1.662404
1.720148
1.841044
1.845093
1.841454
1.796116
1.829572
1.804009
1.824114
1.468565
1.468565
1.439153
1.317926
1.192145
1.262096
1.128402
1.206672
1.078230
1.085034
1.287741
1.286744
1.420814
1.472229
1.500079
1.320873
0.966483
1.236747
1.253831
1.312179
1.312179
1.348671
1.309657
1.219355
1.266533
1.219355
1.331016
1.305211
1.423407
1.627805
1.644415
1.808945
1.814596
1.836002
1.731036
1.367724
1.338828
1.853542
1.464746
1.639139
1.450338
1.445364
1.757600
1.720148
1.445936
1.542679
1.631210
1.768139
1.925272
1.808458
1.835802
1.386726
1.164222
1.192145
1.334449
1.288048
1.164222
1.232920
1.164222
1.360176
1.383179
1.366373
1.385039
1.128402
1.010986
1.164222
1.287741
1.300105
1.320873
1.253831
1.245297
1.128402
0.966483
1.287741
1.344001
1.199318
1.165323
1.380724
1.199318
1.160810
1.160810
1.199318
1.236747
1.284393
1.188325
1.219355
1.188325
1.219355
1.260551
1.336519
1.336519
1.406233
1.279804
1.336519
1.484129
1.541885
1.644415
1.644415
1.652380
1.703294
1.439639
1.365146
1.706702
1.735862
1.211734
1.935834
1.836562
1.904444
1.820843
1.427148
1.562842
1.561174
1.735862
1.849515
1.841354
1.836562
1.659729
1.639139
1.752857
1.853542
1.715467
1.323800
1.383179
1.383179
1.385039
1.334449
1.206672
1.206672
1.206672
1.320873
1.265703
1.366373
1.334449
1.010986
1.287741
1.278603
0.894417
1.344001
0.987473
1.244843
1.002933
0.911991
1.197318
1.197318
1.290462
1.284393
1.443021
1.594316
1.612109
1.467980
1.467157
1.782807
1.682582
1.682582
1.901943
1.467980
1.917325
1.569237
1.735862
1.427148
1.205238
1.464746
1.262859
1.367724
1.349079
1.653039
1.464746
1.551079
1.562842
1.460892
1.522455
1.609393
1.609393
1.522455
1.639139
1.835802
1.737278
1.808458
1.808458
1.206672
1.288048
1.419698
1.204874
1.078230
1.323474
1.307083
1.239846
1.209019
1.288343
1.339484
1.284090
1.032071
1.032071
0.987473
1.160810
1.197318
1.158145
1.129823
1.302120
1.334507
1.248390
1.248390
1.284393
1.254840
1.327528
1.254840
1.232027
1.279804
1.472892
1.360422
1.453054
1.526955
1.515433
1.233877
1.450754
1.515433
1.641487
1.703294
1.416129
1.349079
1.200459
1.459457
1.569237
1.561658
1.706702
1.562842
1.460892
1.809470
1.427148
1.460892
1.562842
1.749318
1.669533
1.669533
1.566283
1.566283
1.702156
1.566283
1.669533
1.522455
1.715467
1.518124
1.768139
1.634605
1.239802
1.286744
1.360176
1.304971
1.385039
1.366373
1.334449
1.156080
1.247259
1.204874
1.265703
1.261286
1.032071
1.323474
1.288343
1.035461
1.106157
1.278603
1.221599
1.196149
1.288343
1.121625
1.197318
0.987473
1.221599
1.290462
1.278411
0.923125
1.154928
1.022815
1.302120
1.334507
1.335759
1.248390
1.165880
1.302120
1.273549
1.010333
1.188325
1.369678
1.118814
1.152414
1.193062
1.176370
1.152414
1.150205
1.407656
1.378429
1.252768
1.226781
1.193062
0.882576
1.252596
1.194447
1.269913
1.368169
1.137240
1.039629
1.378429
1.331628
1.444542
1.279804
1.474138
1.444542
1.192483
1.296378
1.464731
1.612109
1.644415
1.682582
1.275812
1.031745
1.165957
1.450754
1.332641
1.703294
1.515433
1.624565
1.215227
1.200459
1.485869
1.703294
1.233877
1.332641
1.286885
1.624565
1.200459
1.324454
1.393916
1.634141
1.356760
1.624565
1.647310
1.515433
1.379869
1.332641
1.641487
1.647310
1.416129
1.538803
1.349079
1.669533
1.357690
1.669533
1.749318
1.592747
1.339197
1.413138
1.589988
1.229602
1.151391
1.323474
1.199318
1.199318
1.196149
1.196149
1.122979
1.205215
1.119929
0.923125
1.002933
0.986581
1.119929
1.043502
1.043502
1.167207
1.144956
1.048226
1.048226
1.229246
1.229246
1.376026
1.247968
1.165880
1.226781
1.193062
1.142940
1.232027
1.160893
1.252596
1.331628
0.991526
1.039629
1.194447
1.319922
1.295123
1.260551
1.368169
1.329652
1.406137
1.368169
1.364205
1.464731
1.428288
1.389117
1.742828
1.407068
1.742828
1.389117
1.370948
1.485869
1.370948
1.522253
1.569237
1.393916
1.269395
1.383471
1.458024
1.383471
1.695899
1.458024
1.561174
1.634605
1.670152
1.588721
1.561174
1.217443
1.151391
1.114369
1.239802
1.193197
1.220446
1.038544
1.119929
1.121625
1.121625
1.119929
1.135283
1.121625
0.918102
0.889776
1.121625
0.933265
0.923125
0.918102
1.010333
1.161384
0.954965
1.165880
1.010333
1.161384
1.048226
1.298808
1.068418
1.118814
1.152414
1.152414
1.190501
1.193062
1.152414
1.144956
0.994469
1.068532
1.176370
1.176343
1.252596
1.254840
1.150205
1.332515
1.226781
1.226781
1.331628
1.114236
1.016370
1.094389
1.329652
1.269913
1.329652
1.368169
1.364205
1.474138
1.185291
1.204535
1.337776
1.204535
1.522253
1.561658
1.529194
1.561658
1.394875
1.695899
1.555254
1.538104
1.707352
1.646336
1.232750
1.307083
1.156921
1.284090
1.151391
1.188773
1.196149
1.122979
1.205215
1.142173
1.044593
1.068418
1.144956
1.144956
1.287517
1.196931
1.252596
1.115497
1.355711
1.331628
1.173532
1.368169
1.185291
1.431959
1.307625
1.185291
1.339321
1.472892
1.472892
1.360422
1.522253
1.488332
1.604122
1.252746
1.339197
1.283804
1.525727
1.394875
1.243674
1.458024
1.473386
1.348532
1.309794
1.518124
1.695899
1.661142
1.670152
1.110607
1.152120
1.205215
1.220446
1.256472
0.991126
0.991126
1.043334
1.071864
0.991126
1.121625
1.071056
1.261027
1.261027
1.135283
1.167207
1.189965
1.189965
1.011697
1.176343
1.176343
1.193062
1.332515
1.176370
1.269913
1.252768
1.088923
1.195699
1.115064
1.406137
1.333014
1.339321
1.250890
1.472892
1.488332
1.236598
1.236598
1.561213
1.295741
1.383471
1.383471
1.555910
1.695899
1.364019
1.467155
1.267481
1.203354
1.171655
1.152120
1.152120
1.156921
1.073089
1.261286
1.261286
1.060730
1.043334
0.988083
1.161384
1.020499
0.991126
1.298808
1.189965
0.972831
1.102628
1.082129
1.107529
1.143625
1.107529
1.109247
1.173532
1.259106
1.195699
1.117714
1.273389
1.339321
1.168211
1.361924
1.361924
1.485082
1.621280
1.485082
1.318528
1.273389
1.283804
1.411186
1.383844
1.364019
1.295741
1.394028
1.394028
1.538104
1.171655
1.232750
1.110607
1.220446
1.193197
1.060730
1.052115
1.038544
1.038544
1.168626
1.205215
1.052115
1.078296
1.122979
1.052115
1.071864
1.177204
1.025748
1.209551
1.177204
1.020499
1.071056
1.060084
1.201369
0.972831
0.972831
1.116217
1.042928
1.047952
1.042928
1.042928
1.332515
1.143625
1.269913
1.143625
1.329652
1.259106
1.209177
1.231110
1.331628
1.231458
1.277272
1.159544
1.383599
1.191731
1.361924
1.383844
1.364019
1.243674
1.394028
1.394028
1.408547
1.508445
1.483715
1.508445
1.529360
1.445661
1.420159
1.191302
1.110607
1.152120
1.114251
1.114251
1.060730
0.982838
1.114251
1.071864
1.025748
1.071864
1.068447
0.991126
0.991126
1.020499
0.991126
1.020499
1.071056
1.043334
1.045885
1.071056
1.209551
0.988083
1.045885
1.011697
1.077998
1.011697
1.082129
1.082129
1.242424
1.107529
1.226897
1.074359
1.226781
1.143625
1.115497
1.107529
1.209177
1.195699
1.090524
1.131673
1.209177
1.159544
1.281707
1.277272
1.277272
1.131673
1.298900
1.337776
1.337776
1.456202
1.362219
1.168211
1.250890
1.191731
1.130737
1.383844
1.383844
1.130737
1.243674
1.375464
1.238047
1.348532
1.321266
1.408547
1.508445
1.372630
1.346874
1.064137
0.992333
1.104792
1.073089
0.985685
1.152120
0.985685
1.044593
1.060730
1.087548
0.991839
0.931129
1.078296
1.117386
1.168626
0.937029
1.025748
1.012504
1.071056
1.113518
1.102628
1.102628
1.046358
1.209551
1.138118
1.113518
1.082129
1.242424
1.091608
1.077998
1.115497
1.226897
1.097717
1.117279
1.185249
1.159544
1.168211
1.200434
1.273389
1.273389
1.223914
1.287535
1.529194
1.529360
1.210400
1.445661
1.445661
1.028386
1.000283
1.117515
0.963179
1.171655
0.982838
0.984637
1.132348
1.064137
0.959105
0.996511
0.982187
1.007404
0.970032
1.002848
0.937029
1.022627
1.004056
1.004056
1.046409
1.046409
1.131673
1.046358
1.029860
1.060517
1.125635
1.155897
1.099321
1.099321
1.064638
1.200434
1.220527
1.158568
1.196545
1.193733
1.193733
1.312515
1.183068
1.238047
1.357892
1.189793
1.238047
1.359772
1.359882
1.313027
1.357892
1.080726
1.072975
0.982838
1.079574
0.985685
0.959105
0.985685
0.996511
0.996511
0.948947
0.982187
0.996511
0.959105
1.043947
0.980154
0.991839
1.095454
0.970032
1.012504
1.012504
1.002848
1.113518
1.022627
1.046358
1.046358
1.196921
1.097717
1.084473
1.060999
1.056127
1.163302
1.097717
1.084473
1.185249
1.157360
1.117279
1.117279
1.383599
1.099321
1.145032
1.177055
1.111052
1.280151
1.233423
1.130737
1.196545
1.155762
1.220527
1.279733
1.210400
1.173203
1.313027
1.279733
1.210400
1.313027
1.342264
1.080726
0.987428
1.072975
0.963179
0.992333
0.899130
1.107902
1.064137
0.911106
0.927345
0.868865
1.022202
0.915906
0.915906
1.087548
0.959105
1.007404
0.982187
0.959105
1.002848
1.007404
1.117386
1.043947
0.892270
1.004056
1.004056
1.034587
1.021087
1.079236
1.163302
1.225731
1.196921
1.079236
1.196921
1.084473
1.185249
1.225786
1.145032
1.145032
1.099321
1.111052
1.099321
1.240951
1.158568
1.111052
1.312515
1.051617
1.200434
1.183068
1.193733
1.193733
1.367823
1.336920
1.264357
1.342264
1.313027
1.359882
1.342264
1.342264
1.359882
1.028386
1.028386
0.918258
0.871123
0.992333
0.979317
1.064137
0.919755
0.867905
0.950600
1.032820
0.950600
0.897420
1.142207
1.018901
0.956420
1.138118
1.021087
1.056354
1.088466
1.073332
0.972460
1.103267
1.163302
0.987315
1.013573
1.097717
1.125635
0.999764
1.097717
0.972777
1.119205
1.206803
1.053709
1.119205
1.098926
1.132131
1.177055
1.020972
1.135141
1.033099
1.155762
1.165497
1.170783
1.194774
0.963179
0.899130
0.881025
0.881025
0.985685
0.915906
0.911106
0.858546
0.852076
0.985824
0.950600
0.960754
0.867905
0.981639
0.897420
1.047370
1.047370
1.099809
0.971373
0.907841
0.971753
0.953091
1.007881
0.953091
0.972460
1.025643
0.993587
1.144374
1.034137
1.110688
1.007881
1.160532
1.036429
1.225786
1.040578
1.051617
1.153817
1.142028
1.170783
1.193733
1.051341
1.051341
1.062210
1.142028
1.210989
1.210497
1.210989
1.334294
0.921624
0.968440
0.980011
0.968440
0.871123
0.899130
0.979317
1.003583
1.012173
0.887623
1.033521
1.018901
0.867905
1.047370
1.047370
0.942533
0.917241
1.099809
1.075495
0.942533
1.114709
0.995806
0.995806
1.138487
1.053709
0.999764
1.163534
1.004484
1.070908
1.034137
1.016973
1.034137
1.157987
1.144374
1.051341
1.040476
1.194774
1.210497
1.210989
1.210989
1.210497
0.918258
0.893477
0.918258
0.821445
0.859876
0.893477
0.859876
0.893477
0.899130
0.893477
0.899130
0.904349
1.012173
1.012173
1.003583
1.034833
0.960754
0.960754
0.981639
1.033521
0.892270
0.899916
0.981639
0.929113
1.098180
1.067456
0.942533
0.994484
1.098180
1.121136
1.121136
1.121136
0.971753
0.994484
1.021601
1.021601
1.001638
0.999764
1.016973
1.138487
1.030699
1.040476
1.171132
1.040476
1.048290
1.177461
1.163534
1.062210
1.048290
1.179087
1.188994
1.179087
1.165497
1.179087
0.968440
0.953377
0.857199
0.888441
0.980011
0.859876
0.871123
1.012173
0.911106
0.868865
0.800953
0.915906
0.839102
0.911106
0.922719
0.794926
0.960754
1.034833
0.960232
1.067456
0.899517
0.890031
0.987315
0.864940
0.987315
0.987315
0.892947
0.913592
0.929450
1.027783
0.903482
1.021601
1.110688
1.041014
1.110688
1.132131
0.877899
0.877899
0.877899
0.857199
0.803982
0.877899
0.804277
0.839102
0.800953
0.794926
0.794926
0.824186
0.832870
0.922719
0.832870
0.800953
0.934500
0.836221
0.814645
0.967819
0.890031
0.852080
0.852080
0.984717
1.012814
0.985592
0.864940
0.890031
0.903482
0.903482
0.887918
0.868746
1.012814
0.929450
0.975472
1.028319
1.006848
1.023969
1.037565
1.037565
0.857199
0.824186
0.906105
0.821445
0.824186
0.840226
0.824186
0.934026
0.832870
0.853208
0.839102
0.944050
0.853208
0.967819
0.944050
0.819823
0.887506
0.852866
0.836221
0.970088
0.876068
0.931452
0.967819
0.916665
0.947388
0.990032
1.010136
0.971219
1.018133
1.010136
1.037565
0.857199
0.877899
0.885976
0.821445
0.857199
0.842866
0.842866
0.840226
0.800953
0.887506
0.868774
0.952294
0.906283
0.934026
0.906105
0.842866
2.177213
1.810795
1.530647
2.092157
1.619783
2.146963
1.189539
1.164998
1.224425
1.218682
1.115203
1.811588
2.039759
2.041349
2.071435
1.755152
1.323800
1.561174
1.993447
1.811588
1.757682
1.811588
1.693447
1.901454
2.197078
1.755152
1.551851
1.536289
1.619783
1.551851
2.041349
1.515433
1.193062
1.360176
2.146963
1.465535
1.566762
1.485433
1.465535
1.226510
1.253687
1.236001
1.130342
1.191019
1.191019
1.551793
1.080295
1.195601
1.131928
1.115203
1.115203
1.327758
2.092157
1.785368
0.874638
0.835630
1.081772
1.087302
