5103 1 3
1.171164
1.222499
1.203282
1.094218
1.086225
1.028408
1.069307
1.030219
1.171164
1.171164
1.203282
1.248224
1.164030
1.146926
1.219993
1.267886
0.980113
0.970258
0.970258
1.034655
0.935502
0.928594
0.976129
0.976129
1.188614
0.973160
0.935502
1.264739
1.139837
1.264739
1.293121
1.069307
1.313756
1.164030
1.267886
1.234734
1.282053
1.282053
1.178674
1.272126
1.034655
1.090960
1.149340
1.130950
1.205107
1.232083
0.884009
0.901991
1.251948
1.295024
1.002946
1.002946
1.078899
1.264739
1.097966
1.130995
1.360065
1.331414
1.347066
1.347066
1.347066
1.260549
1.309824
1.192677
1.260549
1.272126
1.316728
1.208183
1.272126
1.272851
1.213522
1.272126
0.915940
1.038975
1.083383
0.921009
1.089025
0.950295
0.901991
0.950865
1.123688
1.278325
1.121876
1.205107
1.369470
1.055533
1.040352
1.295024
1.351754
1.324844
1.459471
1.193241
1.097966
1.351754
1.485565
1.234184
1.116557
1.352745
1.497479
1.464463
1.466402
1.314897
1.415893
1.272851
1.466402
1.072539
1.072539
1.072539
1.015032
0.948509
1.202294
1.202294
1.255259
1.255259
1.304246
1.247547
1.360927
1.055533
1.430127
1.360927
1.430127
1.158920
1.459471
1.485645
1.449764
1.485645
1.499365
1.485565
1.471571
1.234184
1.234184
1.497479
1.464463
1.241214
1.414925
1.314318
1.460559
1.366227
1.346067
1.460559
1.414925
1.000905
1.000905
1.053042
0.933322
0.919791
1.125442
1.172891
1.217065
1.172891
0.933322
1.246810
0.950295
0.948509
1.286031
1.360927
1.396950
1.100484
1.172948
1.459471
1.078899
1.193241
1.485645
1.485645
1.485565
1.524585
1.218098
1.466402
1.460559
1.460559
1.293886
1.305979
1.390990
1.346067
1.026505
0.960143
1.115441
1.021464
1.217065
1.286031
1.304246
1.140526
1.006882
1.430127
1.360927
1.407941
1.473636
1.437952
1.437952
1.473636
1.473636
1.473636
1.193241
1.499365
1.499365
1.530590
1.497258
1.497258
1.497258
1.244203
1.241214
1.440149
1.460559
1.244203
1.390990
1.293886
1.390990
1.373780
1.093504
1.026505
1.150711
1.053042
1.177052
1.216144
1.298582
1.030559
1.272112
1.296739
1.390024
1.061920
1.456076
1.304246
1.473982
1.174135
1.623158
1.485645
1.499365
1.642197
1.644987
1.524585
1.497479
1.649833
1.497258
1.606339
1.313597
1.497207
1.440149
1.440149
1.440149
1.293886
1.267738
1.348036
1.476789
1.325941
1.403236
0.981893
0.960143
1.150711
0.919791
0.952294
1.334521
1.046335
1.339640
1.390024
1.456076
1.456076
1.006882
1.228717
1.158920
1.596538
1.511561
1.596538
1.473636
1.638360
1.503886
1.642197
1.660412
1.634814
1.334315
1.326240
1.649833
1.606339
1.606339
1.300118
1.300118
1.551028
1.593082
1.522716
1.522716
1.593082
1.373780
1.283074
1.348036
1.403236
1.403236
1.337599
0.981893
1.136876
1.274452
1.021464
1.255865
1.318627
1.303185
1.046335
1.415997
1.097594
1.061920
1.061920
1.506594
1.472681
1.506594
1.546320
1.596538
1.651982
1.642197
1.642197
1.642197
1.660412
1.649833
1.649833
1.647547
1.593082
1.593082
1.476789
1.522716
1.456903
1.314721
1.456903
1.435353
1.382146
1.337599
1.435353
0.995981
1.111508
0.982786
1.067260
1.136876
1.067260
0.981893
1.207702
0.952294
1.235465
1.046641
1.046335
1.390024
1.339640
1.368997
1.440901
1.440901
1.472681
1.596538
1.638360
1.790099
1.660412
1.649833
1.649833
1.313597
1.593082
1.647547
1.300118
1.456903
1.337599
1.382146
1.395181
1.314721
0.995974
1.055341
0.907461
0.896783
1.219051
1.146206
1.274452
1.274452
1.303185
1.333952
1.562038
1.529046
1.546320
1.596538
1.481712
1.642197
1.793825
1.674548
1.782135
1.789026
1.767841
1.394020
1.359643
1.522716
1.510716
1.510716
1.271134
1.550542
1.488412
1.314721
1.444952
1.314721
1.351105
1.456627
1.359948
1.395181
0.995974
0.931827
1.047810
1.047810
0.982786
1.084725
0.896783
0.920568
1.134485
0.960225
0.893775
1.396529
1.140972
1.339640
1.046641
1.426527
1.475813
1.560366
1.248559
1.657809
1.313579
1.580397
1.638360
1.770331
1.372414
1.305816
1.792276
1.674548
1.792131
1.410729
1.734483
1.593082
1.300118
1.642738
1.283074
1.378275
1.605571
1.584244
1.702301
1.359643
1.605571
1.611125
1.584244
1.496970
1.391883
1.358969
1.358969
1.496970
1.496970
1.401815
1.358969
0.931827
1.030502
0.859390
0.920568
0.896783
0.896783
1.324501
1.294943
1.219051
0.960225
1.362613
1.029438
1.332226
1.371823
1.426527
1.371823
1.426527
1.475813
1.478733
1.560366
1.560366
1.284134
1.739289
1.657809
1.715516
1.739289
1.770331
1.770331
1.790099
1.792276
1.767841
1.767207
1.789026
1.744697
1.744697
1.714020
1.723589
1.723589
1.706107
1.706107
1.734483
1.681343
1.344807
1.643929
1.642738
1.672094
1.317624
1.657564
1.317624
1.544047
1.544047
1.525424
1.525424
1.544047
1.432362
1.477137
1.432362
1.463228
1.359948
1.359948
0.860325
0.991133
0.920262
1.070837
1.084725
1.084725
0.920568
1.351271
1.351271
1.091254
1.432839
1.478733
1.560366
1.477204
1.790099
1.770331
1.782135
1.782135
1.782135
1.782135
1.767841
1.778377
1.765170
1.404256
1.765170
1.714020
1.767207
1.744697
1.706107
1.737709
1.706107
1.706107
1.706107
1.681343
1.712490
1.642738
1.720533
1.677686
1.716447
1.716447
1.605571
1.317624
1.632219
1.632219
1.632219
1.564985
1.611125
1.294843
1.544047
1.544047
1.477137
1.254521
1.312590
1.463228
1.351990
1.306001
1.359948
0.842278
0.860325
1.006875
0.859390
0.850007
0.794087
1.091314
1.159487
1.159487
1.257814
1.029418
1.101340
1.371823
1.386457
1.432839
1.560366
1.221696
1.296776
1.529046
1.221696
1.565833
1.657809
1.715516
1.789793
1.760361
1.715516
1.684909
1.739289
1.770331
1.545884
1.857020
1.890079
1.852368
1.872692
1.864210
1.789026
1.867488
1.821845
1.723589
1.706107
1.846869
1.737709
1.746080
1.642738
1.667338
1.681343
1.632219
1.317624
1.599642
1.432362
1.496645
1.441618
1.382599
1.258934
1.411638
1.351990
1.306001
1.293430
0.895804
0.895804
1.006875
1.091314
0.920568
0.901297
1.159480
1.257018
1.257018
1.332883
1.332883
1.380101
1.418709
1.312771
1.168111
1.580183
1.674106
1.595348
1.651302
1.760361
1.814114
1.814114
1.814114
1.857020
1.792276
1.890079
1.899260
1.872692
1.843485
1.852368
1.881023
1.782135
1.864210
1.486202
1.843485
1.871839
1.864210
1.744697
1.829721
1.821845
1.846670
1.829721
1.803352
1.821845
1.759462
1.788320
1.783260
1.732746
1.359643
1.678534
1.336531
1.336531
1.599642
1.536755
1.441618
1.411638
1.378158
1.296757
1.296757
1.351990
1.351265
1.293430
0.931327
0.772084
0.783177
0.842278
1.031762
0.850007
0.845212
0.955897
1.383961
1.419709
1.313973
1.313498
1.674106
1.313498
1.674106
1.718227
1.718227
1.760361
1.890079
1.857020
1.890079
1.881240
1.881023
1.881023
1.881023
1.881240
1.864210
1.821845
1.846670
1.759462
1.803352
1.829721
1.716447
1.716447
1.723648
1.773874
1.723648
1.675685
1.678534
1.678534
1.610988
1.610988
1.610988
1.536755
1.544532
1.536755
1.252846
1.455746
1.536755
1.512768
1.351265
1.365400
1.351265
1.324087
1.324087
1.243471
1.324087
1.293430
1.293430
1.177551
0.895804
0.772084
0.783177
0.784852
0.845212
1.091314
0.901297
1.332883
1.380101
1.353107
1.383961
1.467418
1.526808
1.474383
1.164525
1.527262
1.674106
1.718227
1.789793
1.789793
1.857098
1.981485
1.977376
1.852368
1.881023
1.623015
1.843498
1.864210
1.843485
1.821845
1.779481
1.821845
1.788320
1.759462
1.803352
1.829721
1.759462
1.716447
1.716447
1.773874
1.610988
1.388663
1.294203
1.294203
1.536755
1.252846
1.296757
1.480811
1.441618
1.455746
1.441618
1.351265
1.254804
1.220777
1.293430
1.220777
0.870894
0.823899
0.845212
1.159480
1.016901
1.148019
1.029418
1.419709
1.474383
1.313973
1.644777
1.527262
1.595348
1.756863
1.311700
1.780021
1.741576
1.816232
1.816232
1.897755
1.897755
1.897755
1.814114
1.857098
1.950603
1.915608
1.981485
1.899260
1.890079
1.833107
1.881240
1.881240
1.979101
1.905755
1.843498
1.560415
1.779481
1.818299
1.456182
1.821845
1.876384
1.876384
1.829721
1.809224
1.880083
1.828603
1.723648
1.675685
1.675685
1.675685
1.646469
1.544532
1.455746
1.467902
1.441618
1.228529
1.365400
1.194169
1.243471
1.307216
1.254804
1.307216
1.254804
1.214797
0.838548
0.749317
0.821259
0.900941
0.777274
0.827387
0.850007
0.783177
1.062024
1.131398
0.824532
0.950772
1.257018
1.281511
1.331522
1.383723
1.415497
1.392432
1.383961
1.456663
1.282026
1.556714
1.799504
1.823269
1.857020
1.983398
1.915510
1.985901
1.908966
1.890079
1.900173
1.865387
1.950475
1.957171
1.881023
1.932602
1.905755
1.876384
1.932602
1.876384
1.876384
1.847221
1.900173
1.834870
1.759462
1.759462
1.723648
1.572409
1.572409
1.572409
1.492476
1.492476
1.492476
1.416206
1.395320
1.333217
1.307216
1.254049
1.285497
1.254049
0.767633
0.968588
0.767633
1.356539
1.422361
1.456663
1.422361
1.565000
1.410672
1.485324
1.590631
1.780021
1.746674
1.816232
1.823269
1.823269
1.897755
1.983398
1.981482
1.981485
1.977376
1.977376
1.960471
1.981482
1.979101
1.908966
1.915608
1.950475
1.950475
1.950475
1.905755
1.932602
1.876384
1.876384
1.834870
1.847221
1.814458
1.456182
1.718075
1.768973
1.778251
1.719730
1.646469
1.648569
1.572409
1.500127
1.500127
1.492476
1.492476
1.281212
1.428025
1.416206
1.416206
1.214797
1.154489
1.333217
1.218915
1.285497
1.214797
1.190063
0.709481
0.749317
0.992086
0.900941
0.746999
0.827387
0.777274
0.891962
0.891962
1.160580
1.160580
1.383723
1.337301
1.375853
1.392432
1.456663
1.664632
1.746674
1.816232
1.906489
1.950603
1.950603
1.970604
1.950603
1.985901
1.983398
1.981482
1.985901
1.970604
1.960471
1.915608
1.977376
1.911943
1.950475
1.880083
1.987964
1.876384
1.627935
1.478967
1.814458
1.847221
1.768973
1.529673
1.646469
1.572409
1.572409
1.500127
1.500127
1.428025
1.428025
1.228529
1.416206
1.345999
1.333217
1.333217
1.214797
1.307216
1.218915
0.783148
0.798361
0.749317
0.798693
0.777274
1.018112
1.160580
0.993038
0.891962
1.266187
1.234610
1.427423
1.422361
1.456663
1.325719
1.522304
1.521747
1.585665
1.664632
1.784534
1.694966
1.823269
1.897755
1.973852
1.895814
1.969705
1.983398
1.858248
1.925836
2.070018
1.960471
2.031929
1.912090
1.977376
1.974033
1.908966
1.865020
2.023282
1.987964
1.932602
1.914360
1.973360
1.876384
1.867366
1.867366
1.814458
1.718075
1.768973
1.718075
1.718075
1.574627
1.646469
1.336531
1.574627
1.574627
1.281212
1.520152
1.453686
1.452234
1.428025
1.254703
1.416206
1.228529
1.367408
1.307216
1.260163
1.242349
1.279746
1.154489
1.190063
1.186323
1.190063
0.859934
0.823029
0.740492
0.800861
0.992086
1.082180
1.129534
1.309757
1.406414
1.325719
1.247756
1.442962
1.461134
1.699299
1.746060
1.791920
1.791920
1.791920
2.017692
2.056251
2.047980
2.039694
2.017692
2.047980
2.024327
1.973852
1.915510
1.918414
2.054208
2.027024
2.027024
2.024327
2.070018
2.059273
2.054208
2.070018
2.065505
2.021236
2.054208
1.995466
1.990618
2.023282
2.031929
1.965648
1.914360
1.905995
1.905995
1.936687
1.816111
1.747706
1.438817
1.667981
1.667981
1.592998
1.592998
1.519689
1.592998
1.452234
1.175266
1.367408
1.367408
1.367408
1.279746
1.211086
1.218915
1.211086
0.760248
0.740492
0.890114
0.890114
0.703349
0.955486
1.044037
0.977060
1.044037
1.143549
1.309757
1.420077
1.363550
1.461134
1.461134
1.427423
1.585665
1.585665
1.585665
1.819892
1.911749
2.034466
1.906489
2.024327
1.988411
1.925836
1.990618
1.995466
2.054208
1.925836
1.925836
1.939971
2.054951
2.031929
1.990618
2.031929
1.939971
1.987964
1.990618
1.930113
1.930113
1.914360
2.006276
1.987964
1.973360
1.973360
1.973360
1.843649
1.899696
1.816111
1.747706
1.667981
1.389523
1.667981
1.519689
1.520152
1.520152
1.453686
1.452234
1.376566
1.376566
1.376566
1.141729
1.290642
1.260163
1.260163
1.236817
1.141729
1.116244
1.236817
0.724543
0.890114
0.910542
0.740492
1.157246
0.868158
0.929029
1.238921
1.234610
1.316865
1.371709
1.406414
1.403699
1.403699
1.427423
1.377618
1.405842
1.427423
1.735939
1.429312
1.461134
1.522901
1.493858
1.699299
1.680358
1.746060
1.791920
1.746060
2.197078
2.059041
1.819892
1.994853
2.059041
2.034466
1.969705
2.120375
2.050054
2.015199
2.006031
2.024327
1.988411
1.918414
1.988411
1.925836
1.995466
2.021236
1.990618
1.987964
1.987964
1.987964
1.899696
1.914360
1.863290
1.724999
1.594012
1.592998
1.519689
1.520152
1.309292
1.453686
1.376566
1.290642
1.279746
1.166125
1.190315
1.166125
1.142996
1.142996
0.809319
0.696291
0.740492
0.740492
0.939580
0.989269
1.018775
1.143549
1.110281
1.269875
1.316865
1.363550
1.381062
1.401409
1.412213
1.401409
1.474004
1.461134
1.440909
1.515982
1.493858
1.582385
1.585790
1.660134
1.896039
2.206383
2.074611
1.906489
2.073767
2.050054
1.905998
1.844520
2.015199
2.024327
2.017692
1.969705
2.017692
2.090967
1.918741
1.844520
2.120566
2.047980
2.070018
2.130491
2.054208
2.125895
1.928858
1.858108
2.003128
2.021236
2.065297
2.021236
2.031929
2.023282
1.985995
1.973380
1.930113
1.899696
1.580703
1.664093
1.382552
1.445765
1.365749
1.614806
1.667981
1.542383
1.519689
1.470183
1.404865
1.453686
1.201813
1.220386
1.141729
1.376566
1.290642
1.260163
1.279746
1.198815
1.166125
1.133238
1.142996
0.723209
0.746417
0.713624
0.713624
0.861341
0.765472
0.721022
0.746999
1.062536
1.031632
0.894963
0.868158
1.340349
1.360571
1.401409
1.624851
1.701391
1.701391
1.791920
2.216163
2.224104
2.216163
2.197078
2.216163
2.197078
2.150336
2.012269
2.073767
1.993592
2.090967
2.125895
2.152784
2.120566
2.130491
2.021236
1.925836
1.939971
1.931485
1.987964
1.717025
1.956731
1.843649
1.863290
1.790225
1.761854
1.790225
1.828205
1.761854
1.679330
1.445765
1.423599
1.691299
1.614806
1.614806
1.594012
1.542383
1.471462
1.470183
1.470183
1.394816
1.152915
1.306904
1.306904
1.297129
1.204810
1.204810
1.198815
1.156404
0.760248
0.835770
0.765472
1.111830
0.846785
1.188396
1.188396
1.340349
1.340349
1.325504
1.360571
1.365799
1.568699
1.474004
1.353108
1.394130
1.515982
1.474004
1.585790
1.660134
1.701391
1.875794
1.875794
2.182815
2.182815
2.135007
2.162782
1.905998
1.896039
2.206383
2.073767
2.073767
2.120375
2.120375
1.928858
1.879174
1.920566
1.679330
1.606060
1.679330
1.543370
1.542383
1.471462
1.471462
1.254703
1.394816
1.394816
1.306904
1.133238
1.198815
1.156404
1.177424
1.156404
0.752142
0.713624
0.664572
0.721022
0.713624
0.965530
0.831946
1.269875
1.360571
1.320079
1.424582
1.394130
1.585790
1.508341
1.508341
1.618157
1.592124
2.193744
2.224104
2.292607
1.875794
1.977726
2.071478
1.785500
1.875794
2.074611
2.074611
1.896039
1.994853
2.163517
1.994853
2.182815
2.150336
2.182815
1.797290
2.120375
1.905998
1.918741
1.918741
1.928858
1.928858
2.003128
1.973380
1.920566
1.956731
1.559485
1.828205
1.606060
1.614806
1.543370
1.542383
1.471462
1.404865
1.404865
1.404865
1.224396
1.311466
1.306904
1.152915
1.306904
1.198815
1.198815
1.050698
1.081145
0.695783
0.709088
0.745392
0.695783
0.857096
0.680602
0.881864
1.031632
1.188723
1.269875
1.325504
1.290865
1.191180
1.349499
1.404747
1.534094
1.682132
1.738125
1.782244
1.875794
2.303262
2.216163
1.818442
2.156862
1.944492
2.332091
2.074611
1.797290
1.928858
1.931485
1.867077
1.828205
1.478093
1.761854
1.761854
1.679330
1.457107
1.397952
1.543370
1.543370
1.555869
1.404865
1.471462
1.404865
1.315571
1.321470
1.321470
1.152915
1.236102
1.089688
1.089688
1.204810
1.204810
1.204810
1.216333
1.177424
1.103709
1.081145
0.673935
0.881864
1.132972
1.211419
1.059998
0.931307
1.227135
1.024314
1.098156
1.321828
1.405842
1.439274
1.738125
1.924932
2.271302
2.303262
2.193744
1.782244
1.944492
2.216866
2.332091
1.818442
1.944492
1.782244
2.156862
1.944492
2.229772
2.229772
2.284520
2.229772
2.156862
2.163517
1.975200
1.975200
2.052856
2.039741
2.052856
2.039741
1.960661
1.960661
1.956731
1.872609
1.908879
1.908879
1.638990
1.580703
1.762242
1.819958
1.819958
1.705154
1.776954
1.705154
1.624967
1.705154
1.555869
1.624967
1.486590
1.396599
1.396599
1.418034
1.311466
1.097220
1.232200
1.222144
1.222144
1.062398
1.081145
1.089664
1.115774
1.089664
0.745392
0.653413
0.673935
0.901168
0.793162
0.765472
1.326703
1.405207
1.682132
1.738125
1.875193
2.043654
2.156862
2.147210
2.229772
2.303262
1.924932
2.292607
2.222603
2.156862
2.222603
1.844540
1.818442
1.818442
1.854089
2.052856
2.052856
1.971900
1.960661
1.971900
1.960661
1.941172
1.819958
1.624967
1.555869
1.555869
1.555869
1.486590
1.396599
1.396599
1.418034
1.418034
1.165207
1.165207
1.236102
1.232200
1.232200
1.131956
1.222144
1.131956
1.131956
1.115774
0.642453
0.755631
1.290865
1.344181
1.289410
1.368194
1.437531
1.618157
1.682132
2.243839
2.271302
2.271302
2.267537
2.303262
2.043654
2.147210
2.043654
1.924932
2.216866
2.147210
2.156862
2.071478
2.229772
1.844540
1.854089
1.869608
1.869608
1.975200
1.975568
1.869608
1.975200
1.941172
1.941172
1.867077
1.908879
1.580703
1.638990
1.518952
1.500917
1.523457
1.723564
1.680316
1.685706
1.705154
1.762242
1.518952
1.615487
1.397952
1.495090
1.449510
1.535391
1.541386
1.276123
1.346740
1.397952
1.331370
1.468151
1.486590
1.418034
1.315571
1.222144
1.014851
1.143930
1.089664
1.115774
0.642453
0.857096
0.881864
0.680602
0.737091
1.074149
0.980512
0.970924
1.211419
1.324304
1.326703
1.357566
1.326703
1.344181
1.404747
1.690436
1.731384
1.682132
2.262199
1.738125
2.262199
2.243839
2.243503
2.267537
2.147210
1.782244
2.329831
2.106100
1.663973
2.106100
2.274773
2.229772
2.274773
2.271302
1.592304
2.095169
2.094082
1.978785
1.893675
1.904340
1.881673
2.012717
1.846948
1.746238
1.895388
1.941172
1.969313
1.842736
1.723564
1.787767
1.865602
1.723564
1.518952
1.688634
1.762242
1.749547
1.680316
1.647728
1.612425
1.573872
1.495090
1.583825
1.645482
1.583825
1.535391
1.551793
1.391338
1.534052
1.571192
1.391338
1.486590
1.396599
1.402328
1.315571
1.170505
1.321470
1.232200
1.232200
1.097683
1.014851
1.062566
0.627338
0.673935
0.789080
0.876198
0.901168
0.980512
0.980512
1.055540
1.072990
1.159736
0.931307
0.991418
1.288655
1.015582
0.950733
1.122591
1.312912
1.321394
1.401731
2.262199
2.091858
2.262199
1.941908
1.875193
2.091858
1.778480
2.179774
2.179774
2.179774
2.243839
1.778480
1.941908
2.298839
1.974362
2.274773
1.653261
1.844540
1.738759
1.873819
1.854089
2.012791
1.882669
1.975200
1.975200
2.008300
1.890474
1.904340
1.798730
1.761365
1.969313
1.931193
1.931193
1.704139
1.659740
1.911363
1.865602
1.802470
1.688634
1.768411
1.793514
1.802470
1.733931
1.793514
1.767628
1.615487
1.646113
1.580859
1.580859
1.468787
1.703296
1.673604
1.629197
1.551793
1.580859
1.703296
1.685706
1.580859
1.645482
1.440702
1.440702
1.396783
1.396783
1.571192
1.396783
1.354361
1.288028
1.354361
1.476787
1.390592
1.311922
1.224142
1.231929
1.321470
1.143789
1.138835
1.143789
1.062398
1.131075
1.105951
1.105951
1.105951
1.115774
0.720453
0.752771
0.624780
0.770159
0.651197
0.876198
0.651197
0.695943
1.132972
1.622340
1.690436
1.905895
2.155489
2.212243
2.155489
2.212243
2.262199
1.616346
1.778480
2.091858
2.179774
2.212243
2.204970
1.616346
2.179774
1.687598
1.687598
2.008300
2.095169
2.095169
1.837531
1.798730
1.733334
1.911363
1.802470
1.768411
1.523457
1.587579
1.865602
1.733931
1.646113
1.767628
1.656405
1.782739
1.782739
1.793514
1.767628
1.733931
1.686562
1.580859
1.686562
1.527043
1.719853
1.719853
1.686562
1.612425
1.583825
1.583825
1.703296
1.645482
1.527043
1.612425
1.551793
1.612425
1.506742
1.551793
1.458374
1.645482
1.624967
1.541386
1.458374
1.476989
1.541386
1.503435
1.440702
1.288028
1.476787
1.288028
1.402328
1.390592
1.402328
1.402328
1.402328
1.336532
1.336532
1.336532
1.097683
1.161966
1.097220
1.242233
1.026258
1.007327
0.599293
0.653413
0.761281
0.776903
0.752771
0.845683
0.776903
0.876198
0.876198
0.968701
0.845683
0.968701
0.874638
1.218232
1.312912
1.395786
1.373061
1.308651
1.308651
1.346961
1.622340
1.690436
1.690436
1.731384
2.155489
1.731384
1.565479
1.731384
2.165947
2.262199
2.262199
2.161350
1.941908
2.243503
2.243503
1.685992
1.713757
1.873819
1.873819
1.882669
2.008300
1.639977
1.846948
1.851196
1.889992
1.892466
1.889992
1.815650
1.738259
1.733334
1.659740
1.911363
1.939970
1.884057
1.884057
1.793514
1.865602
1.865602
1.802470
1.836177
1.842736
1.921649
1.802470
1.782739
1.770127
1.527043
1.468787
1.735515
1.523457
1.782739
1.688634
1.719853
1.533405
1.703296
1.632667
1.703296
1.632667
1.632667
1.506742
1.611597
1.612425
1.396783
1.458374
1.503435
1.612425
1.503435
1.551793
1.440702
1.476989
1.476989
1.399559
1.441971
1.369863
1.399559
1.369863
1.476787
1.328673
1.288028
1.288028
1.402328
1.224142
1.311922
1.242233
1.231875
1.018181
1.143789
1.143789
1.131075
0.970959
0.946920
0.968701
1.073525
1.067573
0.968701
1.090238
1.186884
1.186884
0.888918
1.251228
1.272891
1.286277
1.693447
1.737871
2.107544
2.042381
1.901454
1.864061
1.901454
2.095077
2.107544
2.049004
2.030775
2.107544
2.030775
2.155489
2.161350
2.179774
1.616346
1.726218
1.713757
2.012791
2.133528
2.016284
1.894365
1.895388
1.798730
2.000423
1.727435
1.901699
1.798970
1.901699
1.727435
1.865602
1.911363
1.895113
1.708742
1.708742
1.793514
1.842736
1.661783
1.646113
1.594603
1.661783
1.799168
1.688634
1.688634
1.646113
1.807975
1.799168
1.612425
1.618126
1.526739
1.583825
1.440702
1.530647
1.404123
1.467484
1.541386
1.440702
1.404123
1.541386
1.476787
1.556482
1.478003
1.373864
1.478003
1.328673
1.269822
1.303261
1.242233
1.018181
1.143930
1.131357
1.062566
1.030478
0.993011
1.007327
0.718859
0.650520
0.752771
0.860592
0.937018
1.073525
1.087105
1.087105
1.044909
1.073525
1.090238
1.074149
0.874638
1.176311
1.259908
1.350860
1.278298
1.693447
1.693447
1.560415
1.737871
2.165947
1.939737
2.080141
2.049004
1.607420
1.753269
1.753269
1.905318
2.030082
1.894365
1.907928
1.893675
1.902677
1.904340
1.892466
1.892466
1.798730
1.951211
2.000423
1.974208
1.969642
2.000423
1.895113
2.031476
1.951211
1.884057
1.842093
1.901699
1.910353
1.895113
1.794026
1.661783
1.894135
1.768411
1.857860
1.714275
1.836177
1.708742
1.819995
1.819995
1.599490
1.657524
1.703768
1.703768
1.743098
1.727091
1.719853
1.743098
1.743098
1.640765
1.561735
1.640765
1.530647
1.475929
1.530647
1.518280
1.440159
1.475929
1.404123
1.441971
1.307975
1.269822
1.390592
1.373864
1.161966
1.311922
1.231929
1.231929
1.242233
1.093156
1.242233
1.143930
1.135600
1.135600
1.131357
1.030478
1.047504
1.016335
0.970959
0.993011
0.993011
0.761281
0.695943
0.860592
0.937018
1.073525
1.073525
1.090238
1.182197
1.087105
1.073525
1.186884
1.237763
1.237763
1.366277
1.406357
1.340906
2.042381
1.737871
1.901454
1.737871
2.030775
2.107544
2.107544
2.030775
1.726218
2.133528
2.030082
1.776673
1.981659
2.031476
2.031476
1.969642
2.031476
1.949503
1.857860
1.921649
1.969642
1.895113
1.794026
1.894135
1.708742
1.657524
1.894135
1.657524
1.819995
1.819995
1.743098
1.799168
1.743098
1.703768
1.657505
1.618126
1.640765
1.614407
1.657505
1.618126
1.640765
1.556482
1.530647
1.556482
1.561735
1.518280
1.518280
1.530647
1.518280
1.352249
1.530647
1.441971
1.352249
1.404123
1.441971
1.441971
1.373864
1.373864
1.412155
1.373864
1.326401
1.326401
1.412155
1.381984
1.381984
1.344467
1.365880
1.307975
1.228750
1.269822
1.402607
1.303261
1.217303
1.336532
1.233137
1.191590
1.211682
1.116537
0.963166
0.963166
0.948341
1.016335
0.963166
0.993011
0.582691
0.515244
0.828896
0.937018
0.828896
0.904364
1.038535
0.772888
0.768921
0.822608
1.182197
1.182197
1.135579
1.186467
1.200936
1.186884
1.262460
1.288153
1.406357
1.421790
1.421790
1.624606
1.854560
2.042381
1.854560
1.492322
1.560415
2.030775
1.970045
1.901454
1.901454
1.607420
1.714814
1.653013
2.024610
1.905318
2.030082
2.030082
2.030082
2.133528
1.782405
1.782405
1.892466
1.902677
2.103365
2.041748
2.139279
2.103365
1.974208
1.806783
1.885830
1.949503
1.949503
1.951211
1.727435
1.974208
1.794026
1.969642
1.798970
1.894135
1.901875
1.745498
1.724172
1.743098
1.599490
1.533405
1.614407
1.614407
1.703768
1.467484
1.614407
1.640765
1.545960
1.556482
1.556482
1.518280
1.412155
1.469301
1.373864
1.412155
1.441971
1.344467
1.307975
1.344467
1.381984
1.202655
1.235161
1.093156
1.233137
1.135600
0.948341
0.515244
0.535200
0.512201
0.558083
0.599293
0.556150
0.617866
0.718859
0.599293
0.761281
0.703482
0.650599
0.729378
0.828896
0.834852
0.714492
0.909694
1.038535
1.013843
1.186467
1.186467
1.135579
1.135579
1.200075
1.162071
1.170847
1.190619
1.262460
1.131798
1.366277
1.422439
1.652803
1.652803
2.042381
1.972024
1.693447
1.538922
1.854560
1.854560
1.538922
2.042381
1.854560
2.030775
1.560415
1.685992
2.031123
2.031123
1.909644
2.133528
2.031123
1.781361
1.894365
1.782265
1.862683
1.798577
1.959190
2.177243
2.103365
2.075429
2.075429
2.031476
2.125195
1.974208
1.855662
1.892466
2.000423
1.946090
1.985347
1.926963
1.926963
1.982721
1.982721
2.051489
1.857860
1.895113
1.882109
1.794026
1.858255
1.857860
1.819995
1.724742
1.724742
1.599490
1.599490
1.530071
1.533405
1.757336
1.743098
1.743098
1.640765
1.417323
1.605997
1.545960
1.566762
1.465535
1.445090
1.441971
1.286423
1.473493
1.344467
1.465535
1.331561
1.294095
1.356992
1.381984
1.365880
1.262495
1.269822
1.331561
1.356992
1.191019
1.202655
1.303261
1.286108
1.191590
1.161966
0.997595
1.114226
1.114226
1.135600
1.030478
1.131357
1.008787
0.470290
0.535200
0.625898
0.650599
0.834852
1.162071
1.130253
1.162071
1.205844
1.297061
1.280077
1.320468
1.293253
1.318684
1.972024
1.492322
1.844127
1.706274
2.042381
1.962078
1.894990
1.753269
1.771983
1.909644
1.787279
1.867511
1.882199
2.206137
2.206137
1.896878
1.779587
2.065760
1.771313
2.125195
2.065760
1.892466
2.096068
2.096068
1.880830
1.946090
1.985347
1.882109
1.806783
1.985394
1.946090
1.858255
1.907707
1.987102
1.829461
1.785431
1.724172
1.745498
1.915963
1.828128
1.829461
1.829470
1.639702
1.745234
1.757336
1.828128
1.671730
1.530071
1.666235
1.657505
1.657505
1.666235
1.640765
1.640765
1.577811
1.566762
1.577811
1.577811
1.566762
1.352249
1.561735
1.530647
1.539740
1.545960
1.485433
1.441971
1.344216
1.445210
1.437079
1.465535
1.465535
1.465535
1.485433
1.406458
1.441971
1.262495
1.380340
1.331561
1.367623
1.253687
1.294095
1.191019
1.226510
1.226510
1.113655
1.113655
1.128609
1.018092
1.018092
1.016335
0.470290
0.470290
0.578694
0.625898
0.602742
0.690687
0.729378
0.729378
1.302497
1.281280
1.301499
1.190619
1.260254
1.280077
1.280077
1.340536
1.251228
1.340536
1.369771
1.357343
1.406357
1.600080
1.969671
1.793374
1.969671
1.793374
1.706274
1.907770
1.962078
1.962078
1.561491
1.844127
1.683930
2.144128
1.782265
2.207542
2.177243
2.177243
2.206137
2.207542
2.177243
2.177243
2.138205
2.139279
1.896878
1.771313
2.065760
2.139279
2.060349
2.014495
1.965678
1.882109
2.067331
2.067331
1.985394
2.067331
1.824030
1.907707
1.915963
1.648638
1.602666
1.709262
1.757336
1.578377
1.605997
1.605997
1.530071
1.466207
1.666235
1.605997
1.531650
1.645811
1.666235
1.485433
1.566762
1.545960
1.411201
1.485433
1.465535
1.437079
1.437079
1.367623
1.445090
1.356992
1.222121
1.367623
1.367623
1.380340
1.383846
1.338085
1.294095
1.294095
1.232837
1.226510
1.191019
1.253687
1.191019
1.286108
1.191019
1.226510
1.217303
1.217303
1.191590
1.072358
1.096533
1.018092
0.998528
1.016335
0.480646
0.535200
0.625898
0.625898
0.725928
0.909694
1.301499
1.301499
1.281280
1.280077
1.297061
1.302497
1.340536
1.578917
1.485292
1.652803
1.907770
1.683930
1.740308
1.740308
1.749179
2.020147
2.020147
1.900895
1.900895
2.136420
2.144128
2.031123
1.782265
1.781667
1.781667
1.772177
2.231127
2.206137
1.771313
2.146963
2.207542
2.177243
2.146963
2.146963
2.014495
2.027741
2.065760
2.027741
1.965678
1.882109
2.067331
1.880830
1.855662
2.067331
2.138205
2.067331
1.855662
1.799940
1.985394
1.985394
1.799940
1.915963
1.915963
1.915963
1.648638
1.724742
1.648638
1.915963
1.702593
1.724172
1.745234
1.829470
1.740962
1.578377
1.745234
1.466207
1.466207
1.666235
1.666185
1.666235
1.577811
1.577811
1.580073
1.465535
1.478003
1.445090
1.445090
1.380340
1.367623
1.331561
1.347174
1.331561
1.253687
1.226510
1.222121
1.191019
1.211682
0.997595
1.072358
0.556150
0.602742
0.691460
0.796216
0.834852
1.038535
1.038535
1.137498
1.260254
1.301499
1.281280
1.315801
1.352140
1.374057
1.369771
1.457603
1.261388
1.885716
1.578917
1.705895
1.872136
1.757682
1.705895
1.793374
1.793374
1.876111
1.652803
1.907770
1.907770
1.771983
2.136420
2.008266
2.123452
1.887281
1.909644
2.144128
1.785947
1.888325
2.206137
1.887721
1.779587
2.215633
2.214701
2.215633
2.067939
2.027741
1.855662
1.947495
1.946090
1.864463
1.946090
1.855662
1.858255
1.824030
1.920354
1.778648
1.785431
1.835940
1.466207
1.580073
1.531650
1.466169
1.465535
1.485433
1.404895
1.466169
1.363255
1.253687
1.281999
1.236001
1.256109
1.286108
1.256109
1.281999
1.226510
1.208204
1.236001
1.236001
1.191019
1.147466
1.130342
1.113655
1.096256
1.114226
1.114226
1.114226
1.025190
1.018092
0.998528
1.018092
0.998528
0.418187
0.467359
0.691460
0.753351
0.795640
0.911944
1.003677
0.996502
1.255783
1.387023
1.304814
1.400464
1.312471
1.405201
1.387023
1.352140
1.536928
1.281807
1.831321
1.811588
1.445593
1.445593
1.578917
1.793374
1.757682
1.793374
1.872136
1.505991
1.719961
1.774010
1.749179
1.887281
1.993447
2.098077
2.008266
1.774010
2.023258
2.240892
2.152346
2.259363
2.189445
2.101535
2.146963
1.896878
2.152346
2.138205
1.753949
1.725099
1.858255
1.797984
1.702593
1.829470
1.642863
1.698604
1.835940
1.578377
1.752847
1.757336
1.757336
1.665648
1.666185
1.666235
1.666185
1.466207
1.451712
1.386420
1.386420
1.397712
1.568527
1.566762
1.363255
1.473493
1.404895
1.286423
1.338085
1.302701
1.363255
1.256109
1.256300
1.347174
1.256109
1.236001
1.130342
1.177507
1.096256
1.113655
1.096256
1.174394
1.111615
0.999365
0.959136
0.655420
0.650654
0.795640
0.795640
0.866755
0.911944
1.230196
1.312471
1.255783
1.296515
1.387023
1.404841
1.387023
1.387023
1.374057
1.374057
1.120884
1.191157
1.536928
1.705895
1.811588
1.484173
1.683930
1.887281
1.887281
2.123452
2.008266
1.794965
1.784591
1.835148
1.861905
2.284012
2.016643
1.986047
2.023258
2.023258
1.768495
1.776191
2.240892
2.213082
2.152346
2.152346
2.101535
1.753949
2.027741
1.725099
1.818822
1.797984
1.778648
1.698604
1.835940
1.740962
1.618372
1.572920
1.752847
1.495236
1.495236
1.572920
1.740962
1.451712
1.495236
1.580073
1.666235
1.666185
1.580073
1.568527
1.580073
1.386420
1.568527
1.466169
1.453004
1.316925
1.453004
1.453004
1.363255
1.316925
1.338085
1.338085
1.347174
1.363255
1.256300
1.256300
1.256300
1.236001
1.236001
1.174394
1.180399
1.256109
1.177507
1.130342
1.130342
1.096256
1.116537
1.085768
1.098386
0.924172
0.467359
0.480646
0.483517
0.753351
0.691460
1.003677
1.404841
1.404841
1.405201
1.400464
1.405201
1.352140
1.352140
1.357343
1.357343
1.729432
1.729432
1.586385
1.811588
1.468501
1.528182
1.518228
1.873565
1.993447
1.993447
1.855594
2.123452
1.784591
2.016643
2.009661
2.120727
2.213082
2.213082
2.240892
2.160779
2.259363
2.240892
2.164859
2.101535
2.101535
2.213082
2.023258
2.101535
2.101535
1.864463
1.947495
1.947495
1.663480
1.653409
1.618372
1.648596
1.689712
1.469731
1.618372
1.576608
1.480623
1.451712
1.291185
1.386420
1.411201
1.390893
1.246347
1.246347
1.209587
1.138552
1.191590
1.011946
1.067137
1.069466
1.098386
0.999365
0.982374
0.470290
0.534119
0.631656
0.582933
0.601159
0.601159
0.752125
1.003677
1.129321
1.137498
1.230196
1.257524
1.296515
1.441612
1.387023
1.441715
1.457603
1.729432
1.361223
1.729432
1.705895
1.705895
1.636368
1.811588
1.811588
1.484173
1.484173
1.587592
1.518228
1.714715
1.719961
1.749179
1.855594
2.098077
1.785947
1.794965
2.120727
1.776191
1.751747
2.255467
2.288777
2.214172
2.164859
2.105129
2.042577
1.753949
1.904652
1.947495
1.681301
1.663480
1.827560
1.909099
1.756531
1.767499
1.827560
1.778648
1.729478
1.651749
1.689712
1.618372
1.523581
1.495236
1.407327
1.407327
1.531650
1.386420
1.390893
1.302701
1.145303
1.224372
1.174394
1.138552
1.188462
1.098386
1.001365
0.982374
0.459481
0.467359
0.459481
0.545811
0.650654
0.691460
0.850640
0.795640
0.994147
0.994147
1.080853
1.084323
1.224595
1.255783
1.404112
1.391311
1.391311
1.379777
1.400464
1.436501
1.396592
1.475837
1.372871
1.374057
1.586385
1.536928
1.636046
1.694273
1.714715
1.814322
2.008312
1.944612
1.944612
1.730853
2.256053
2.120372
2.120372
2.193807
2.288777
2.214172
2.164859
2.193807
2.120372
1.711992
2.018894
1.986435
1.904652
1.816380
1.719871
1.719871
1.816380
1.729478
1.816380
1.702593
1.702593
1.729478
1.606777
1.523581
1.469731
1.390893
1.291185
1.256109
1.157786
1.174394
1.188462
0.970192
0.975054
0.926901
0.970192
0.459481
0.459481
0.501828
0.545811
0.552327
0.501828
0.601159
0.705986
0.650654
0.705986
0.752125
0.764924
0.764924
0.709742
1.080853
1.080853
1.374150
1.374150
1.391311
1.497814
1.475837
1.404112
1.372871
1.364738
1.441715
1.441715
1.586385
1.691236
1.691236
1.433520
1.419969
1.679901
1.679901
1.679901
1.714715
1.916212
2.039759
1.778612
1.778612
2.288777
2.193807
2.288777
1.737691
1.737691
2.111315
2.111315
1.853020
1.653409
1.719871
1.729478
1.651749
1.606777
1.445561
1.480623
1.332524
1.291185
1.332524
1.248125
1.220665
1.302701
1.145303
1.256109
1.224372
1.220665
1.067137
1.159164
1.068537
1.068537
1.068537
0.895331
1.085768
1.056699
0.953276
0.501828
0.501828
0.705986
0.809832
0.764924
0.809832
0.940214
0.809832
1.080853
1.224595
1.224595
1.224595
1.344509
1.492762
1.475837
1.498686
1.468533
1.544998
1.544998
1.478599
1.691236
1.586385
1.814322
2.256053
2.256053
2.288777
2.256053
1.737691
1.719871
1.853020
1.648596
1.648596
1.648596
1.651749
1.576608
1.648596
1.545860
1.545860
1.445561
1.523581
1.523581
1.480623
1.407327
1.220665
1.302701
1.224372
1.179539
1.145303
1.067137
1.128477
0.809832
0.758581
0.820823
0.940214
0.833335
0.900893
1.174922
0.875948
0.842249
1.308396
1.344509
1.374150
1.374150
1.370358
1.458560
1.497814
1.453665
1.497814
1.483570
1.436501
1.413887
1.436501
1.468533
1.691236
1.691236
1.394056
1.394056
1.619745
1.845407
1.845407
1.762579
1.780150
1.762793
2.288777
2.233787
2.164859
2.164859
2.138004
2.071836
2.147157
1.690760
2.014166
1.931182
1.839348
1.853020
1.653409
1.746646
1.690132
1.523581
1.414689
1.414689
1.407327
1.390893
1.305043
1.378803
1.321737
1.302701
1.254512
1.215775
1.332524
1.302701
1.248125
1.254512
1.157786
1.159164
1.067137
0.970192
0.925287
0.820823
0.807179
0.870107
0.820823
0.925156
1.014680
1.479056
1.473221
1.473221
1.453665
1.413887
1.499444
1.433520
1.634851
1.898181
1.932241
1.663948
1.722094
2.256053
2.214172
1.711992
2.070246
1.986435
1.689351
1.690760
1.926949
1.958777
1.719871
1.870726
1.653409
1.746646
1.651749
1.757359
1.663664
1.663664
1.663664
1.651749
1.633419
1.501420
1.564761
1.457249
1.459461
1.499477
1.459461
1.480623
1.343006
1.305043
1.286966
1.179539
1.179539
1.122202
1.122202
1.129983
1.128477
1.068537
1.034168
1.068537
0.982416
0.982416
1.017829
0.996943
0.926901
0.966976
0.870107
0.870107
0.925156
0.820823
1.014680
1.077023
0.875948
1.153588
1.205024
1.340969
1.458560
0.972353
0.952130
1.483570
1.535813
1.478599
1.491176
1.592090
1.813722
1.813722
1.932241
1.932241
1.805670
1.706660
1.741922
2.191223
1.652761
1.729390
1.663480
1.870726
1.780230
1.870726
1.690132
1.780230
1.690132
1.693411
1.780230
1.608606
1.608606
1.541929
1.541929
1.541929
1.541929
1.457249
1.457249
1.414689
1.457249
1.459461
1.343006
1.343006
1.255189
1.343006
1.286966
1.215775
1.146166
1.119016
1.033818
0.940256
1.129983
1.030541
1.114535
1.017829
0.966976
0.969274
0.923270
1.014680
1.014680
0.875948
0.875948
1.153588
1.205024
1.219489
1.340969
1.308396
1.340969
1.340969
1.473221
1.483570
1.479056
1.479056
1.535813
1.422437
1.478599
1.478599
1.340873
1.634851
1.732031
1.898181
1.845407
1.769225
1.975395
2.170231
2.233787
2.099206
1.611812
1.659655
1.659655
1.958777
2.030456
1.666418
1.800367
1.880427
1.800367
1.624149
1.693411
1.693411
1.602325
1.573523
1.608606
1.573523
1.459461
1.573523
1.459461
1.457249
1.378803
1.146166
1.215775
1.212167
1.146166
1.062516
1.080929
1.080929
1.030541
0.923270
0.923270
0.860890
0.860890
1.219489
1.308396
1.424646
1.483570
1.453665
1.506973
1.492674
1.499444
1.478599
1.389439
1.494806
1.486736
1.592090
1.592090
1.692681
1.634851
1.732031
2.233787
1.673498
1.572683
1.603520
1.603520
2.099206
2.014166
1.659655
1.659655
1.729390
1.663054
1.729390
1.854282
1.663054
1.666418
1.610200
1.860550
1.690132
1.760323
1.609943
1.690132
1.500226
1.379854
1.500226
1.302446
1.378803
1.370949
1.343006
1.248125
1.339416
1.255189
1.215398
1.110719
1.146166
1.064956
0.966976
1.019902
1.126062
0.923270
0.915248
0.915248
0.952130
1.393234
1.424733
1.440162
1.393234
1.535023
1.437669
1.478599
1.347367
1.394992
1.433520
1.539313
1.692681
1.765835
1.692681
1.765835
1.765835
1.898181
1.621612
1.701651
1.725385
1.722094
2.127659
1.698553
2.101819
1.634997
2.030456
2.082220
2.030456
2.020717
1.936020
1.937729
1.999429
1.695819
1.774637
1.774637
1.669668
1.669668
1.669668
1.500226
1.553205
1.453103
1.553205
1.427287
1.427287
1.457249
1.404275
1.317127
1.302446
1.317127
1.215398
1.212167
1.170080
1.155926
1.137269
1.019902
1.064956
1.047119
1.019902
1.007954
1.075970
1.007954
1.126062
0.998159
0.998159
1.267532
1.219489
1.087302
1.363182
1.424646
1.438630
1.444599
1.506973
1.531466
1.506973
1.364334
1.437669
1.347255
1.347367
1.441696
1.494806
1.494806
1.650798
1.621612
1.545055
1.765835
1.765835
1.808337
1.701651
1.701651
1.623588
1.518683
1.620315
2.013683
2.175162
1.634997
1.606005
2.020717
2.076708
2.043565
1.936020
1.936020
1.663054
1.860550
1.849465
1.756474
1.675842
1.669668
1.560643
1.560643
1.553205
1.453103
1.427287
1.427287
1.302446
1.317127
1.235598
1.155926
1.170080
1.215398
1.137269
1.080929
1.082389
1.019902
1.007954
1.007954
0.915248
1.167807
0.998159
1.363182
1.219489
1.267532
1.363182
1.393234
1.087302
1.506973
1.531466
1.308686
1.441696
1.494806
1.692681
1.650798
1.682531
1.972643
2.170231
2.192614
2.151525
2.115648
2.065357
1.652761
1.704103
1.704103
1.704103
1.969867
1.911010
1.969867
1.916076
1.681828
1.695819
1.916076
1.697109
1.697109
1.697109
1.739205
1.756474
1.609943
1.609943
1.675842
1.675842
1.572683
1.500226
1.560643
1.553205
1.453103
1.426165
1.397743
1.342757
1.342757
1.339416
1.199758
1.241539
1.317127
1.241539
1.170080
1.241539
1.137269
1.137269
1.176661
1.082389
1.047119
1.167807
1.075970
0.998159
1.007954
1.126554
1.096040
0.956160
1.219489
1.026169
1.450120
1.531896
1.455485
1.531466
1.535023
1.535023
1.492674
1.506973
1.261444
1.580575
1.765835
1.692681
1.560860
1.691539
1.863946
1.526207
1.605535
1.595412
2.019582
1.573097
1.996067
2.115648
1.910517
2.082220
1.985702
1.669891
1.997701
2.043565
1.669891
1.669891
1.681828
1.864669
1.792621
1.911010
1.770708
1.849465
1.697109
1.738650
1.666989
1.756474
1.666989
1.591613
1.572683
1.426165
1.487346
1.572683
1.473995
1.426165
1.399561
1.397743
1.339416
1.342757
1.265519
1.209705
1.173449
1.199758
1.126333
1.126333
1.170422
1.047362
1.195081
1.121903
1.175203
1.026169
1.026169
1.311737
1.481008
1.481008
1.492319
1.344721
1.344721
1.437669
1.357834
1.410685
1.274976
1.374644
1.302484
1.365152
1.353359
1.507852
1.618276
1.618276
1.725385
1.587899
1.541885
1.686276
1.394717
2.175162
2.175162
1.514534
2.068377
2.024602
2.019582
1.595412
1.899117
1.941283
1.876011
1.818626
1.669891
1.876011
1.842130
1.663054
1.699839
1.752944
1.459706
1.574489
1.344559
1.397531
1.375074
1.505275
1.344559
1.399561
1.399561
1.273122
1.299708
1.299708
1.304080
1.291600
1.211255
1.304080
1.304080
1.199758
1.211255
1.311737
1.262013
1.262013
1.026169
1.415060
1.450120
1.455485
1.492319
1.483461
1.483461
1.353359
1.507852
1.554384
1.595728
1.627805
2.043218
1.721355
2.066262
2.024602
1.605535
1.605535
1.605535
1.899117
1.899117
1.976560
1.717053
1.785465
1.717053
1.717053
1.121903
1.121903
1.195081
1.026169
1.415060
1.119308
1.492319
1.481008
1.481008
1.450120
1.467679
1.405356
1.411938
1.572181
1.344721
1.317259
1.317259
1.309657
1.459409
1.453054
1.554471
1.972643
2.066262
2.066262
2.079981
1.514534
1.616242
1.942855
2.038459
1.605535
1.839471
1.941283
1.925344
1.683205
2.040904
1.683205
1.749930
1.769688
1.769688
1.359620
1.222534
1.142956
1.218893
1.059984
1.059984
1.142956
1.346094
1.059984
1.528699
1.382719
1.572181
1.348671
1.459409
1.396246
1.443021
1.507852
1.554384
1.449169
2.068377
1.713997
1.518683
1.541091
1.769685
1.883796
1.764261
1.973099
1.925272
1.985702
1.683205
1.294956
1.346094
1.294956
1.222534
1.405132
1.222534
1.225995
1.472229
1.128185
1.405356
1.405356
1.331106
1.472229
1.472229
1.344721
1.344721
1.265279
1.414387
1.480927
1.595728
1.935834
1.901943
1.586534
1.941339
1.820843
1.720148
1.541091
1.841044
1.841044
1.944873
1.592567
1.615712
1.710352
1.683758
1.222534
1.346094
1.496152
1.500079
1.500079
1.496152
1.468565
1.128185
1.420814
1.377826
1.270873
1.270873
1.312179
1.350486
1.161349
1.904444
1.750480
1.394717
1.720148
1.645578
1.710352
1.710352
1.710352
1.439153
1.294956
1.377826
1.420814
1.377826
1.496152
1.225995
1.128185
1.420814
1.128185
1.331106
1.265279
1.396246
1.407656
1.703294
1.161349
1.044404
1.561365
1.630666
1.243533
1.161349
1.901943
1.554471
1.181739
1.541091
1.554471
1.969740
1.967618
1.969740
1.720148
1.841044
1.796116
1.468565
1.468565
1.439153
1.317926
1.128402
1.206672
1.286744
1.420814
1.472229
1.500079
1.312179
1.312179
1.348671
1.309657
1.627805
1.731036
1.464746
1.639139
1.720148
1.768139
1.925272
1.808458
1.835802
1.386726
1.334449
1.288048
1.360176
1.383179
1.366373
1.385039
1.128402
1.010986
1.245297
1.128402
1.380724
1.284393
1.406233
1.484129
1.541885
1.703294
1.935834
1.836562
1.904444
1.820843
1.427148
1.561174
1.849515
1.841354
1.836562
1.639139
1.323800
1.383179
1.383179
1.385039
1.334449
1.206672
1.206672
1.206672
1.366373
1.334449
1.010986
0.894417
1.244843
0.911991
1.290462
1.284393
1.443021
1.467980
1.467157
1.782807
1.901943
1.467980
1.917325
1.427148
1.464746
1.262859
1.464746
1.551079
1.639139
1.835802
1.808458
1.808458
1.206672
1.288048
1.419698
1.288343
1.339484
1.284090
1.032071
1.032071
1.302120
1.284393
1.327528
1.360422
1.453054
1.526955
1.515433
1.233877
1.515433
1.703294
1.416129
1.809470
1.427148
1.669533
1.669533
1.566283
1.566283
1.702156
1.566283
1.669533
1.768139
1.634605
1.239802
1.286744
1.360176
1.304971
1.385039
1.366373
1.334449
1.156080
1.247259
1.261286
1.032071
1.288343
1.035461
1.221599
1.196149
1.288343
1.221599
1.290462
1.278411
0.923125
1.022815
1.302120
1.335759
1.165880
1.302120
1.193062
1.407656
1.378429
1.252768
1.226781
1.193062
0.882576
1.039629
1.378429
1.331628
1.474138
1.296378
1.031745
1.703294
1.515433
1.624565
1.215227
1.703294
1.233877
1.624565
1.624565
1.647310
1.515433
1.379869
1.647310
1.416129
1.538803
1.669533
1.669533
1.229602
1.196149
1.196149
1.205215
1.119929
0.923125
1.119929
1.043502
1.043502
1.376026
1.247968
1.165880
1.226781
1.193062
1.142940
1.160893
1.331628
1.039629
1.319922
1.295123
1.364205
1.428288
1.742828
1.742828
1.383471
1.458024
1.383471
1.695899
1.458024
1.561174
1.634605
1.670152
1.561174
1.239802
1.119929
1.119929
1.135283
0.933265
0.923125
0.954965
1.165880
1.298808
1.068418
1.193062
0.994469
1.332515
1.226781
1.226781
1.331628
1.016370
1.364205
1.474138
1.529194
1.695899
1.538104
1.707352
1.646336
1.156921
1.284090
1.196149
1.205215
1.068418
1.287517
1.355711
1.331628
1.431959
1.339321
1.360422
1.604122
1.283804
1.458024
1.695899
1.661142
1.670152
1.152120
1.205215
1.256472
0.991126
0.991126
0.991126
1.261027
1.261027
1.135283
1.193062
1.332515
1.252768
1.195699
1.115064
1.333014
1.339321
1.250890
1.561213
1.295741
1.383471
1.383471
1.695899
1.364019
1.467155
1.267481
1.203354
1.171655
1.152120
1.152120
1.156921
1.261286
1.261286
1.020499
0.991126
1.298808
0.972831
1.259106
1.195699
1.273389
1.339321
1.485082
1.621280
1.485082
1.273389
1.283804
1.364019
1.295741
1.538104
1.171655
1.052115
1.168626
1.205215
1.052115
1.052115
1.177204
1.209551
1.177204
1.020499
1.201369
0.972831
0.972831
1.116217
1.332515
1.259106
1.231110
1.331628
1.383599
1.364019
1.408547
1.508445
1.483715
1.508445
1.529360
1.445661
1.420159
1.191302
1.152120
1.114251
1.114251
0.982838
1.114251
1.068447
0.991126
0.991126
1.020499
0.991126
1.020499
1.209551
1.242424
1.226897
1.074359
1.226781
1.195699
1.090524
1.281707
1.298900
1.456202
1.250890
1.238047
1.408547
1.508445
1.064137
1.152120
1.087548
0.991839
1.117386
1.168626
0.937029
1.113518
1.209551
1.138118
1.113518
1.242424
1.226897
1.185249
1.200434
1.273389
1.273389
1.529194
1.529360
1.445661
1.445661
1.028386
1.171655
0.982838
1.132348
1.064137
0.959105
1.002848
0.937029
1.125635
1.155897
1.200434
1.220527
1.312515
1.238047
1.357892
1.238047
1.359772
1.359882
1.313027
1.357892
1.080726
1.072975
0.982838
0.959105
0.959105
0.991839
1.095454
1.002848
1.113518
1.196921
1.056127
1.163302
1.185249
1.157360
1.383599
1.280151
1.233423
1.220527
1.279733
1.313027
1.279733
1.313027
1.342264
1.080726
1.072975
1.107902
1.064137
0.911106
1.087548
0.959105
0.959105
1.002848
1.117386
1.034587
1.021087
1.163302
1.225731
1.196921
1.196921
1.185249
1.225786
1.240951
1.312515
1.200434
1.367823
1.336920
1.264357
1.342264
1.313027
1.359882
1.342264
1.342264
1.359882
1.028386
1.028386
0.918258
0.979317
1.064137
0.897420
1.142207
1.018901
1.138118
1.021087
1.103267
1.163302
1.013573
1.125635
1.119205
1.206803
1.053709
1.119205
1.132131
1.165497
1.170783
1.194774
0.881025
0.881025
0.911106
0.858546
0.985824
0.897420
1.047370
1.047370
1.099809
0.907841
0.971753
1.144374
1.110688
1.225786
1.153817
1.142028
1.170783
1.142028
1.210989
1.210497
1.210989
1.334294
0.921624
0.968440
0.980011
0.968440
0.979317
1.003583
1.012173
0.887623
1.033521
1.018901
1.047370
1.047370
1.099809
1.075495
1.114709
0.995806
0.995806
1.138487
1.053709
1.163534
1.070908
1.157987
1.144374
1.194774
1.210497
1.210989
1.210989
1.210497
0.918258
0.918258
0.821445
1.012173
1.012173
1.003583
1.034833
1.033521
1.098180
1.067456
1.098180
1.121136
1.121136
1.121136
0.971753
1.138487
1.171132
1.177461
1.163534
1.179087
1.188994
1.179087
1.165497
1.179087
0.968440
0.953377
0.857199
0.888441
0.980011
1.012173
0.911106
0.800953
0.911106
0.922719
1.034833
0.960232
1.067456
0.929450
1.110688
1.041014
1.110688
1.132131
0.877899
0.877899
0.877899
0.857199
0.877899
0.800953
0.832870
0.922719
0.832870
0.800953
0.934500
0.967819
0.852080
0.852080
0.984717
1.012814
0.985592
0.868746
1.012814
0.929450
0.975472
1.028319
1.006848
1.023969
1.037565
1.037565
0.857199
0.906105
0.821445
0.934026
0.832870
0.944050
0.967819
0.944050
0.887506
0.970088
0.931452
0.967819
0.916665
0.947388
0.990032
1.010136
0.971219
1.018133
1.010136
1.037565
0.857199
0.877899
0.885976
0.821445
0.857199
0.842866
0.842866
0.800953
0.887506
0.868774
0.952294
0.906283
0.934026
0.906105
0.842866
2.177213
1.530647
2.146963
1.811588
2.039759
1.323800
1.561174
1.993447
1.811588
1.757682
1.811588
1.693447
1.901454
2.197078
1.515433
1.193062
1.360176
2.146963
1.465535
1.566762
1.485433
1.465535
1.226510
1.253687
1.236001
1.130342
1.191019
1.191019
1.551793
0.874638
1.087302
