5103 1 3
1.289438
1.324933
1.263670
1.283406
1.284897
1.256303
1.263241
1.251730
1.289438
1.289438
1.263670
1.312897
1.205536
1.210727
1.249054
1.283091
1.130307
1.181281
1.181281
1.205086
1.191803
1.156038
1.220163
1.220163
1.332258
1.223579
1.191803
1.347742
1.309132
1.347742
1.336421
1.263241
1.303987
1.205536
1.283091
1.242432
1.270361
1.270361
1.201116
1.229594
1.205086
1.267150
1.320062
1.305701
1.350573
1.350037
1.158979
1.189638
1.360038
1.358068
1.211539
1.211539
1.156008
1.347742
1.154800
1.144038
1.297390
1.289441
1.284338
1.284338
1.284338
1.235575
1.262604
1.196116
1.235575
1.229594
1.259902
1.185865
1.229594
1.203413
1.178854
1.229594
1.064894
1.153584
1.172973
1.109140
1.221951
1.223871
1.189638
1.211848
1.282117
1.402779
1.236088
1.350573
1.457041
1.287932
1.182035
1.358068
1.322600
1.346663
1.441919
1.229273
1.154800
1.322600
1.352081
1.219765
1.147182
1.273067
1.326957
1.314948
1.282011
1.230211
1.265560
1.203413
1.282011
1.152834
1.152834
1.152834
1.129402
1.144409
1.240310
1.240310
1.311427
1.311427
1.410972
1.360160
1.442118
1.287932
1.450318
1.442118
1.450318
1.269630
1.441919
1.417053
1.416151
1.417053
1.388642
1.352081
1.377334
1.219765
1.219765
1.326957
1.314948
1.192957
1.230382
1.220717
1.242346
1.211201
1.174314
1.242346
1.230382
1.076196
1.076196
1.100300
1.101669
1.043240
1.135018
1.192145
1.258212
1.192145
1.101669
1.265068
1.223871
1.144409
1.371305
1.442118
1.460279
1.309847
1.235084
1.441919
1.156008
1.229273
1.417053
1.417053
1.352081
1.354189
1.225007
1.282011
1.242346
1.242346
1.153509
1.191101
1.193672
1.174314
1.039381
1.017272
1.176514
1.103735
1.258212
1.371305
1.410972
1.363044
1.261900
1.450318
1.442118
1.446932
1.437471
1.442094
1.442094
1.437471
1.437471
1.437471
1.229273
1.388642
1.388642
1.333321
1.293513
1.293513
1.293513
1.162555
1.192957
1.208528
1.242346
1.162555
1.193672
1.153509
1.193672
1.159968
1.122877
1.039381
1.114456
1.100300
1.131484
1.206037
1.268030
1.249035
1.322735
1.379190
1.400206
1.288819
1.482656
1.410972
1.513390
1.390551
1.493013
1.417053
1.388642
1.468160
1.366272
1.354189
1.326957
1.334296
1.293513
1.287909
1.196690
1.260104
1.208528
1.208528
1.208528
1.153509
1.113693
1.144540
1.186625
1.143216
1.127235
1.017427
1.017272
1.114456
1.043240
1.050267
1.335495
1.202232
1.346716
1.400206
1.482656
1.482656
1.261900
1.381059
1.269630
1.506155
1.529843
1.506155
1.437471
1.477687
1.416009
1.468160
1.417966
1.413580
1.232763
1.268291
1.334296
1.287909
1.287909
1.155732
1.155732
1.239926
1.250365
1.199749
1.199749
1.250365
1.159968
1.120478
1.144540
1.127235
1.127235
1.104547
1.017427
1.067841
1.208355
1.103735
1.200277
1.275404
1.288107
1.202232
1.445898
1.330408
1.288819
1.288819
1.512078
1.503599
1.512078
1.507586
1.506155
1.459900
1.468160
1.468160
1.468160
1.417966
1.334296
1.334296
1.294112
1.250365
1.250365
1.186625
1.199749
1.146408
1.066848
1.146408
1.110422
1.089352
1.104547
1.110422
0.980571
1.056105
1.013305
1.037754
1.067841
1.037754
1.017427
1.137986
1.050267
1.139773
1.156478
1.202232
1.400206
1.346716
1.401000
1.476926
1.476926
1.503599
1.506155
1.477687
1.525097
1.417966
1.334296
1.334296
1.196690
1.250365
1.294112
1.155732
1.146408
1.104547
1.089352
1.067176
1.066848
0.962827
0.993194
0.960378
0.987590
1.134939
1.075684
1.208355
1.208355
1.288107
1.346683
1.538877
1.524496
1.507586
1.506155
1.490246
1.468160
1.488577
1.374068
1.413733
1.370099
1.362872
1.225063
1.145578
1.199749
1.160605
1.160605
1.078016
1.146171
1.126214
1.066848
1.085572
1.066848
1.052216
1.091853
1.036705
1.067176
0.962827
0.893959
0.978749
0.978749
1.013305
0.987036
0.987590
0.943876
1.059350
1.043507
0.990734
1.365754
1.199705
1.346716
1.156478
1.419473
1.465618
1.550543
1.467917
1.562766
1.470188
1.480932
1.477687
1.510708
1.396917
1.296662
1.483881
1.374068
1.418039
1.303640
1.294401
1.250365
1.155732
1.224956
1.120478
1.185163
1.185883
1.159311
1.246756
1.145578
1.185883
1.166789
1.159311
1.105476
1.086938
1.054369
1.054369
1.105476
1.105476
1.051679
1.054369
0.893959
0.915076
0.872726
0.943876
0.987590
0.987590
1.205603
1.194655
1.134939
1.043507
1.294647
1.094874
1.215793
1.369581
1.419473
1.369581
1.419473
1.465618
1.495601
1.550543
1.550543
1.485919
1.535166
1.562766
1.562332
1.535166
1.510708
1.510708
1.525097
1.483881
1.362872
1.332549
1.370099
1.328221
1.328221
1.317895
1.288733
1.288733
1.277869
1.277869
1.294401
1.239220
1.103316
1.194182
1.224956
1.210723
1.065828
1.208098
1.065828
1.128588
1.128588
1.119560
1.119560
1.128588
1.068012
1.086664
1.068012
1.079324
1.036705
1.036705
0.833247
0.904251
0.854192
0.968460
0.987036
0.987036
0.943876
1.295601
1.295601
1.145888
1.458206
1.495601
1.550543
1.620740
1.525097
1.510708
1.413733
1.413733
1.413733
1.413733
1.362872
1.373408
1.337374
1.263788
1.337374
1.317895
1.332549
1.328221
1.277869
1.301857
1.277869
1.277869
1.277869
1.239220
1.260890
1.224956
1.254842
1.214668
1.254079
1.254079
1.185883
1.065828
1.171794
1.171794
1.171794
1.136855
1.166789
1.027438
1.128588
1.128588
1.086664
0.989970
1.014740
1.079324
1.014503
0.996422
1.036705
0.809247
0.833247
0.896570
0.872726
0.844002
0.807715
0.975752
1.068914
1.068914
1.138961
1.083544
1.134935
1.369581
1.409152
1.458206
1.550543
1.437533
1.454329
1.524496
1.437533
1.536626
1.562766
1.562332
1.592839
1.593824
1.562332
1.527643
1.535166
1.510708
1.453128
1.559044
1.534479
1.463970
1.468967
1.399974
1.370099
1.410420
1.350559
1.288733
1.277869
1.366144
1.301857
1.264812
1.224956
1.268765
1.239220
1.171794
1.065828
1.152850
1.068012
1.102008
1.058154
1.026828
0.974179
1.047479
1.014503
0.996422
0.974403
0.827485
0.827485
0.896570
0.975752
0.943876
0.965840
1.057544
1.134646
1.134646
1.218826
1.218826
1.310142
1.376033
1.212536
1.256894
1.541590
1.577550
1.559120
1.572623
1.593824
1.568324
1.568324
1.568324
1.559044
1.483881
1.534479
1.541491
1.468967
1.407059
1.463970
1.461179
1.413733
1.399974
1.295384
1.407059
1.407303
1.399974
1.328221
1.365667
1.350559
1.357336
1.365667
1.322829
1.350559
1.292824
1.302244
1.282661
1.244078
1.145578
1.200155
1.048478
1.048478
1.152850
1.113375
1.058154
1.047479
1.031198
0.992087
0.992087
1.014503
1.005490
0.974403
0.842853
0.755807
0.784621
0.809247
0.901222
0.844002
0.880648
1.029531
1.369365
1.418048
1.368189
1.414005
1.577550
1.414005
1.577550
1.591647
1.591647
1.593824
1.534479
1.559044
1.534479
1.470767
1.461179
1.461179
1.461179
1.470767
1.399974
1.350559
1.357336
1.292824
1.322829
1.365667
1.254079
1.254079
1.242512
1.279307
1.242512
1.200987
1.200155
1.200155
1.157108
1.157108
1.157108
1.113375
1.115220
1.113375
0.967700
1.065826
1.113375
1.105928
1.005490
1.018836
1.005490
0.994506
0.994506
0.956472
0.994506
0.974403
0.974403
0.911577
0.827485
0.755807
0.784621
0.813851
0.880648
0.975752
0.965840
1.218826
1.310142
1.304192
1.369365
1.492991
1.506904
1.462962
1.353614
1.527049
1.577550
1.591647
1.592839
1.592839
1.523607
1.580027
1.593529
1.463970
1.461179
1.358299
1.390508
1.399974
1.407059
1.350559
1.338144
1.350559
1.302244
1.292824
1.322829
1.365667
1.292824
1.254079
1.254079
1.279307
1.157108
1.085067
1.006179
1.006179
1.113375
0.967700
0.992087
1.084004
1.058154
1.065826
1.058154
1.005490
0.947279
0.933786
0.974403
0.933786
0.801327
0.774418
0.880648
1.057544
1.067160
1.162516
1.083544
1.418048
1.462962
1.368189
1.546903
1.527049
1.559120
1.582295
1.501950
1.602287
1.554553
1.604927
1.604927
1.617607
1.617607
1.617607
1.568324
1.523607
1.612928
1.546091
1.580027
1.541491
1.534479
1.503782
1.470767
1.470767
1.522905
1.411203
1.390508
1.326750
1.338144
1.401841
1.216201
1.350559
1.367733
1.367733
1.365667
1.363851
1.386319
1.308363
1.242512
1.200987
1.200987
1.200987
1.175304
1.115220
1.065826
1.072147
1.058154
0.946544
1.018836
0.930193
0.956472
0.982577
0.947279
0.982577
0.947279
0.928655
0.765152
0.724569
0.780399
0.820513
0.780211
0.813147
0.844002
0.784621
0.947896
1.026969
0.851589
1.006066
1.134646
1.130937
1.192652
1.288682
1.337082
1.329378
1.369365
1.424590
1.313000
1.510912
1.612978
1.602032
1.559044
1.626316
1.588296
1.637927
1.494613
1.534479
1.437015
1.445523
1.521338
1.439661
1.461179
1.425210
1.411203
1.367733
1.425210
1.367733
1.367733
1.345151
1.437015
1.323475
1.292824
1.292824
1.242512
1.128843
1.128843
1.128843
1.091373
1.091373
1.091373
1.042394
1.034815
0.995250
0.982577
0.952128
0.969095
0.952128
0.752916
0.874778
0.752916
1.262895
1.378025
1.424590
1.378025
1.531782
1.370386
1.431702
1.479331
1.602287
1.590198
1.604927
1.602032
1.602032
1.617607
1.626316
1.591067
1.580027
1.593529
1.593529
1.593468
1.591067
1.522905
1.494613
1.546091
1.521338
1.521338
1.521338
1.411203
1.425210
1.367733
1.367733
1.323475
1.345151
1.305329
1.216201
1.212770
1.258607
1.262215
1.217501
1.175304
1.174030
1.128843
1.096898
1.096898
1.091373
1.091373
0.980084
1.051079
1.042394
1.042394
0.928655
0.886916
0.995250
0.924075
0.969095
0.928655
0.910313
0.694015
0.724569
0.882950
0.820513
0.745627
0.813147
0.780211
0.931520
0.931520
1.028791
1.028791
1.288682
1.191471
1.279457
1.329378
1.424590
1.564438
1.590198
1.604927
1.633510
1.612928
1.612928
1.640237
1.612928
1.637927
1.626316
1.591067
1.637927
1.640237
1.593468
1.546091
1.593529
1.502946
1.521338
1.386319
1.558386
1.367733
1.260318
1.253046
1.305329
1.345151
1.258607
1.177699
1.175304
1.128843
1.128843
1.096898
1.096898
1.051079
1.051079
0.946544
1.042394
0.999689
0.995250
0.995250
0.928655
0.982577
0.924075
0.751194
0.746837
0.724569
0.778945
0.780211
0.910990
1.028791
1.032234
0.931520
1.103966
1.066321
1.373162
1.378025
1.424590
1.310579
1.415812
1.434368
1.502324
1.564438
1.576546
1.567634
1.602032
1.617607
1.646572
1.631054
1.661085
1.626316
1.525552
1.595467
1.660095
1.593468
1.625763
1.584035
1.593529
1.524530
1.494613
1.478026
1.571668
1.558386
1.425210
1.457180
1.468349
1.367733
1.321063
1.321063
1.305329
1.212770
1.258607
1.212770
1.212770
1.132747
1.175304
1.048478
1.132747
1.132747
0.980084
1.109486
1.071546
1.065810
1.051079
0.960032
1.042394
0.946544
1.018639
0.982577
0.949390
0.937252
0.963459
0.886916
0.910313
0.897662
0.910313
0.791590
0.749576
0.720921
0.811133
0.882950
0.945494
0.986597
1.151131
1.284046
1.310579
1.249148
1.451165
1.417221
1.541958
1.580009
1.591646
1.591646
1.591646
1.665444
1.691825
1.683397
1.699776
1.665444
1.683397
1.702367
1.646572
1.588296
1.622771
1.665763
1.638854
1.638854
1.702367
1.660095
1.649782
1.665763
1.660095
1.619617
1.667474
1.665763
1.665981
1.623793
1.571668
1.625763
1.471154
1.457180
1.365623
1.365623
1.410491
1.278348
1.233037
1.106312
1.192616
1.192616
1.152473
1.152473
1.113309
1.152473
1.065810
0.905387
1.018639
1.018639
1.018639
0.963459
0.917287
0.924075
0.917287
0.719575
0.720921
0.806768
0.806768
0.684798
0.857000
0.916769
0.861969
0.916769
0.987944
1.151131
1.293788
1.232811
1.417221
1.417221
1.373162
1.502324
1.502324
1.502324
1.601011
1.631533
1.715570
1.633510
1.702367
1.703516
1.595467
1.623793
1.665981
1.665763
1.595467
1.595467
1.561574
1.624368
1.625763
1.623793
1.625763
1.561574
1.558386
1.623793
1.509489
1.509489
1.457180
1.484769
1.558386
1.468349
1.468349
1.468349
1.313654
1.400465
1.278348
1.233037
1.192616
1.063334
1.192616
1.113309
1.109486
1.109486
1.071546
1.065810
1.027344
1.027344
1.027344
0.878932
0.968495
0.949390
0.949390
0.933264
0.878932
0.859938
0.933264
0.697587
0.806768
0.812400
0.720921
0.978348
0.890911
0.962809
1.057467
1.066321
1.148701
1.241829
1.284046
1.323997
1.323997
1.373162
1.263447
1.312756
1.373162
1.512274
1.352239
1.417221
1.459019
1.482533
1.541958
1.552068
1.580009
1.591646
1.580009
1.721359
1.711903
1.601011
1.644585
1.711903
1.715570
1.661085
1.690291
1.707846
1.721988
1.677731
1.702367
1.703516
1.622771
1.703516
1.595467
1.665981
1.667474
1.623793
1.558386
1.558386
1.558386
1.400465
1.457180
1.356718
1.231678
1.150377
1.152473
1.113309
1.109486
0.994837
1.071546
1.027344
0.968495
0.963459
0.892533
0.904652
0.892533
0.876909
0.876909
0.754143
0.669774
0.720921
0.720921
0.838812
0.865876
0.887608
0.987944
0.941899
1.091640
1.148701
1.232811
1.231312
1.310740
1.273250
1.310740
1.407727
1.417221
1.438129
1.444403
1.482533
1.523157
1.507439
1.537261
1.618079
1.716174
1.669654
1.633510
1.672747
1.707846
1.619815
1.583253
1.721988
1.702367
1.665444
1.661085
1.665444
1.683218
1.610898
1.583253
1.693924
1.683397
1.660095
1.703339
1.665763
1.707621
1.592682
1.564449
1.584612
1.667474
1.648510
1.667474
1.625763
1.571668
1.538143
1.485225
1.509489
1.400465
1.210472
1.189111
1.051764
1.102102
1.037938
1.164213
1.192616
1.126570
1.113309
1.081881
1.039816
1.071546
0.920231
0.932118
0.878932
1.027344
0.968495
0.949390
0.963459
0.917959
0.892533
0.870401
0.876909
0.681037
0.719693
0.688385
0.688385
0.778876
0.770973
0.706937
0.745627
0.919014
0.889041
0.920105
0.890911
1.180132
1.212445
1.310740
1.486116
1.562649
1.562649
1.591646
1.699401
1.693873
1.699401
1.721359
1.699401
1.721359
1.704588
1.716654
1.672747
1.652651
1.683218
1.707621
1.723187
1.693924
1.703339
1.667474
1.595467
1.561574
1.561666
1.558386
1.334764
1.424893
1.313654
1.356718
1.270805
1.248344
1.270805
1.288150
1.248344
1.205962
1.102102
1.082905
1.213137
1.164213
1.164213
1.150377
1.126570
1.086225
1.081881
1.081881
1.038578
0.892597
0.986522
0.986522
0.976154
0.925718
0.925718
0.917959
0.890771
0.719575
0.767670
0.770973
0.942315
0.867431
1.017547
1.017547
1.180132
1.180132
1.167069
1.212445
1.252497
1.394390
1.407727
1.336617
1.383419
1.444403
1.407727
1.507439
1.537261
1.562649
1.606257
1.606257
1.705590
1.705590
1.687327
1.717248
1.619815
1.618079
1.716174
1.672747
1.672747
1.690291
1.690291
1.592682
1.331855
1.374919
1.205962
1.161971
1.205962
1.125628
1.126570
1.086225
1.086225
0.960032
1.038578
1.038578
0.986522
0.870401
0.917959
0.890771
0.904936
0.890771
0.699204
0.688385
0.635721
0.706937
0.688385
0.858155
0.841631
1.091640
1.212445
1.187215
1.360328
1.383419
1.507439
1.467963
1.467963
1.472867
1.589116
1.662317
1.693873
1.693509
1.606257
1.639187
1.646102
1.587699
1.606257
1.669654
1.669654
1.618079
1.644585
1.681277
1.644585
1.705590
1.704588
1.705590
1.590381
1.690291
1.619815
1.610898
1.610898
1.592682
1.592682
1.584612
1.485225
1.374919
1.424893
1.192414
1.288150
1.161971
1.164213
1.125628
1.126570
1.086225
1.039816
1.039816
1.039816
0.934598
0.995111
0.986522
0.892597
0.986522
0.917959
0.917959
0.827403
0.850917
0.660807
0.683301
0.705408
0.660807
0.782084
0.676502
0.794840
0.889041
0.997652
1.091640
1.167069
1.108950
1.197667
1.277262
1.343919
1.429263
1.508512
1.542370
1.569529
1.606257
1.671306
1.699401
1.586802
1.669008
1.614247
1.700186
1.669654
1.590381
1.592682
1.561666
1.330946
1.288150
1.130823
1.248344
1.248344
1.205962
1.111665
1.066880
1.125628
1.125628
1.136538
1.039816
1.086225
1.039816
1.004362
1.003364
1.003364
0.892597
0.952939
0.848332
0.848332
0.925718
0.925718
0.925718
0.925844
0.904936
0.864611
0.850917
0.655202
0.794840
0.966313
1.019694
1.085392
0.947891
1.216867
1.064313
1.127115
1.285643
1.312756
1.442826
1.542370
1.596622
1.666385
1.671306
1.662317
1.569529
1.614247
1.653231
1.700186
1.586802
1.614247
1.569529
1.669008
1.614247
1.678202
1.678202
1.713045
1.678202
1.669008
1.681277
1.612634
1.612634
1.605160
1.556765
1.605160
1.556765
1.484932
1.484932
1.424893
1.361297
1.377505
1.377505
1.255143
1.210472
1.248446
1.290366
1.290366
1.217178
1.261239
1.217178
1.175752
1.217178
1.136538
1.175752
1.092103
1.050188
1.050188
1.048815
0.995111
0.859646
0.947398
0.935771
0.935771
0.836388
0.850917
0.858381
0.874203
0.858381
0.705408
0.640190
0.655202
0.809113
0.793355
0.770973
1.158464
1.260340
1.508512
1.542370
1.568182
1.620292
1.669008
1.638691
1.678202
1.671306
1.596622
1.693509
1.696350
1.669008
1.696350
1.599137
1.586802
1.586802
1.603486
1.605160
1.605160
1.537674
1.484932
1.537674
1.484932
1.431958
1.290366
1.175752
1.136538
1.136538
1.136538
1.092103
1.050188
1.050188
1.048815
1.048815
0.899076
0.899076
0.952939
0.947398
0.947398
0.882795
0.935771
0.882795
0.882795
0.874203
0.628870
0.743938
1.108950
1.236997
1.172756
1.294742
1.389331
1.472867
1.508512
1.633589
1.666385
1.666385
1.638903
1.671306
1.620292
1.638691
1.620292
1.596622
1.653231
1.638691
1.669008
1.646102
1.678202
1.599137
1.603486
1.598914
1.598914
1.612634
1.626960
1.598914
1.612634
1.431958
1.431958
1.330946
1.377505
1.210472
1.255143
1.163181
1.145577
1.174127
1.241323
1.225988
1.210751
1.217178
1.248446
1.163181
1.179482
1.066880
1.111803
1.092076
1.131607
1.137215
0.973554
1.020780
1.066880
1.008094
1.090030
1.092103
1.048815
1.004362
0.935771
0.815681
0.900339
0.858381
0.874203
0.628870
0.782084
0.794840
0.676502
0.729387
0.930780
0.869945
0.856635
1.019694
1.114767
1.158464
1.199948
1.158464
1.236997
1.343919
1.471805
1.509703
1.508512
1.599180
1.542370
1.599180
1.633589
1.625122
1.638903
1.638691
1.569529
1.669008
1.625749
1.530763
1.625749
1.656374
1.678202
1.656374
1.666385
1.625078
1.644503
1.615718
1.579944
1.572120
1.524731
1.461956
1.592730
1.467787
1.517272
1.477221
1.431958
1.447595
1.313827
1.241323
1.293575
1.321479
1.241323
1.163181
1.241837
1.248446
1.257393
1.225988
1.194651
1.171731
1.145253
1.111803
1.160738
1.184431
1.160738
1.131607
1.147506
1.045275
1.133924
1.146901
1.045275
1.092103
1.050188
1.057219
1.004362
0.902434
1.003364
0.947398
0.947398
0.860572
0.815681
0.839762
0.603327
0.655202
0.732862
0.799051
0.809113
0.869945
0.869945
0.913901
0.929118
0.981209
0.947891
1.017617
1.101344
1.027506
0.960811
1.151958
1.145964
1.179815
1.292113
1.599180
1.594832
1.599180
1.570285
1.568182
1.594832
1.545281
1.611838
1.611838
1.611838
1.633589
1.545281
1.570285
1.636284
1.598813
1.656374
1.549075
1.599137
1.569657
1.606589
1.603486
1.631121
1.604629
1.612634
1.612634
1.625337
1.597240
1.524731
1.399628
1.369634
1.447595
1.390028
1.390028
1.303041
1.272788
1.368444
1.321479
1.302508
1.241837
1.292624
1.274948
1.302508
1.256776
1.274948
1.266913
1.179482
1.218907
1.174934
1.174934
1.123321
1.217569
1.208439
1.192792
1.147506
1.174934
1.217569
1.210751
1.174934
1.184431
1.079736
1.079736
1.059009
1.059009
1.146901
1.059009
1.035575
0.980034
1.035575
1.099293
1.057749
1.012256
0.942065
0.965866
1.003364
0.893490
0.893605
0.893490
0.836388
0.886397
0.873843
0.873843
0.873843
0.874203
0.694262
0.715847
0.617323
0.722012
0.640794
0.799051
0.640794
0.688694
0.966313
1.427970
1.471805
1.533522
1.576581
1.589050
1.576581
1.589050
1.599180
1.512905
1.545281
1.594832
1.611838
1.589050
1.642584
1.512905
1.611838
1.551720
1.551720
1.625337
1.644503
1.644503
1.635372
1.399628
1.329196
1.368444
1.302508
1.292624
1.174127
1.220138
1.321479
1.256776
1.218907
1.266913
1.204718
1.257073
1.257073
1.274948
1.266913
1.256776
1.214317
1.174934
1.214317
1.150738
1.228577
1.228577
1.214317
1.171731
1.160738
1.160738
1.217569
1.184431
1.150738
1.171731
1.147506
1.171731
1.120944
1.147506
1.099719
1.184431
1.175752
1.137215
1.099719
1.100857
1.137215
1.113801
1.079736
0.980034
1.099293
0.980034
1.057219
1.057749
1.057219
1.057219
1.057219
1.010331
1.010331
1.010331
0.860572
0.902824
0.859646
0.963866
0.830073
0.810152
0.598213
0.640190
0.726103
0.734080
0.715847
0.787552
0.734080
0.799051
0.799051
0.863961
0.787552
0.863961
0.881553
1.032897
1.145964
1.241341
1.242581
1.312961
1.312961
1.359523
1.427970
1.471805
1.471805
1.509703
1.576581
1.509703
1.480238
1.509703
1.547650
1.599180
1.599180
1.575653
1.570285
1.625122
1.625122
1.528859
1.563314
1.606589
1.606589
1.604629
1.625337
1.605319
1.467787
1.572596
1.428923
1.439818
1.428923
1.420939
1.347241
1.329196
1.272788
1.368444
1.371120
1.354726
1.354726
1.274948
1.321479
1.321479
1.302508
1.298236
1.313827
1.375714
1.302508
1.257073
1.300276
1.150738
1.123321
1.236536
1.174127
1.257073
1.241837
1.228577
1.154947
1.217569
1.179629
1.217569
1.179629
1.179629
1.120944
1.176569
1.171731
1.059009
1.099719
1.113801
1.171731
1.113801
1.147506
1.079736
1.100857
1.100857
1.054283
1.075533
1.032865
1.054283
1.032865
1.099293
1.010720
0.980034
0.980034
1.057219
0.942065
1.012256
0.963866
0.954887
0.817087
0.893490
0.893490
0.886397
0.797248
0.856041
0.863961
0.927602
0.929104
0.863961
0.937861
1.002335
1.002335
0.897196
1.057526
1.092348
1.267268
1.425573
1.469138
1.533424
1.488913
1.491543
1.494328
1.491543
1.534931
1.533424
1.556965
1.516763
1.533424
1.516763
1.576581
1.575653
1.611838
1.512905
1.552885
1.563314
1.631121
1.658635
1.626826
1.597696
1.477221
1.399628
1.459500
1.314973
1.344026
1.293538
1.344026
1.314973
1.321479
1.368444
1.368040
1.279423
1.279423
1.274948
1.313827
1.255772
1.218907
1.196869
1.255772
1.281326
1.241837
1.241837
1.218907
1.280065
1.281326
1.171731
1.182424
1.127819
1.160738
1.079736
1.135079
1.066868
1.109439
1.137215
1.079736
1.066868
1.137215
1.099293
1.148274
1.105929
1.037264
1.105929
1.010720
0.968601
1.022123
0.963866
0.817087
0.900339
0.902945
0.839762
0.845475
0.814660
0.810152
0.704158
0.648978
0.715847
0.795516
0.851277
0.927602
0.935634
0.935634
0.921790
0.927602
0.937861
0.930780
0.881553
0.989286
1.084045
1.150006
1.264882
1.425573
1.425573
1.441599
1.469138
1.547650
1.531665
1.556100
1.556965
1.476975
1.556765
1.556765
1.607168
1.630849
1.597696
1.536722
1.572120
1.491751
1.524731
1.439818
1.439818
1.399628
1.382075
1.459500
1.440213
1.384099
1.459500
1.368040
1.469451
1.382075
1.354726
1.340784
1.344026
1.351321
1.368040
1.337013
1.255772
1.337881
1.292624
1.354282
1.270166
1.298236
1.279423
1.288746
1.288746
1.202245
1.226941
1.223735
1.223735
1.244051
1.235000
1.228577
1.244051
1.244051
1.189808
1.139754
1.189808
1.135079
1.106879
1.135079
1.123662
1.085631
1.106879
1.066868
1.075533
0.992166
0.968601
1.057749
1.037264
0.902824
1.012256
0.965866
0.965866
0.963866
0.862739
0.963866
0.900339
0.910148
0.910148
0.902945
0.845475
0.841107
0.833983
0.797248
0.814660
0.814660
0.726103
0.688694
0.795516
0.851277
0.927602
0.927602
0.937861
1.007519
0.935634
0.927602
1.002335
1.050197
1.050197
1.181631
1.307365
1.311468
1.488913
1.469138
1.491543
1.469138
1.516763
1.533424
1.533424
1.516763
1.552885
1.658635
1.630849
1.464915
1.464523
1.469451
1.469451
1.384099
1.469451
1.403484
1.354282
1.375714
1.384099
1.368040
1.337013
1.337881
1.279423
1.226941
1.337881
1.226941
1.288746
1.288746
1.244051
1.281326
1.244051
1.223735
1.197823
1.182424
1.189808
1.179628
1.197823
1.182424
1.189808
1.148274
1.135079
1.148274
1.139754
1.123662
1.123662
1.135079
1.123662
1.036732
1.135079
1.075533
1.036732
1.066868
1.075533
1.075533
1.037264
1.037264
1.055506
1.037264
1.013613
1.013613
1.055506
1.063379
1.063379
1.014742
1.032168
0.992166
0.947012
0.968601
1.066164
1.022123
0.966905
1.010331
0.965361
0.973355
0.965805
0.919386
0.798775
0.798775
0.796585
0.833983
0.798775
0.814660
0.570898
0.505753
0.776882
0.851277
0.776882
0.835550
0.919422
0.760762
0.754385
0.816294
1.007519
1.007519
1.000017
1.005462
1.007383
1.002335
1.060936
1.127612
1.307365
1.358237
1.358237
1.382706
1.448611
1.488913
1.448611
1.398511
1.441599
1.516763
1.472959
1.491543
1.491543
1.476975
1.524009
1.509386
1.631437
1.607168
1.630849
1.630849
1.630849
1.658635
1.539801
1.539801
1.439818
1.491751
1.537524
1.470826
1.537531
1.537524
1.440213
1.378755
1.453494
1.403484
1.403484
1.382075
1.314973
1.440213
1.337013
1.384099
1.293538
1.337881
1.338299
1.256626
1.261091
1.244051
1.202245
1.154947
1.179628
1.179628
1.223735
1.109439
1.179628
1.189808
1.153472
1.148274
1.148274
1.123662
1.055506
1.087147
1.037264
1.055506
1.075533
1.014742
0.992166
1.014742
1.063379
0.922419
0.945994
0.862739
0.965361
0.910148
0.796585
0.505753
0.534351
0.514044
0.551956
0.598213
0.560519
0.624258
0.704158
0.598213
0.726103
0.702633
0.657562
0.708337
0.776882
0.782965
0.707418
0.843543
0.919422
0.914972
1.005462
1.005462
1.000017
1.000017
1.016816
1.007147
1.006186
1.014201
1.060936
1.107979
1.181631
1.227780
1.380949
1.380949
1.488913
1.440957
1.425573
1.393070
1.448611
1.448611
1.393070
1.488913
1.448611
1.516763
1.441599
1.528859
1.629830
1.629830
1.597095
1.658635
1.629830
1.564208
1.597696
1.556705
1.635601
1.513203
1.528027
1.590274
1.537524
1.534333
1.534333
1.469451
1.540732
1.440213
1.392932
1.439818
1.459500
1.440495
1.458197
1.422122
1.422122
1.385572
1.385572
1.461485
1.354282
1.368040
1.417516
1.337013
1.363390
1.354282
1.288746
1.288478
1.288478
1.202245
1.202245
1.164553
1.154947
1.246414
1.244051
1.244051
1.189808
1.086830
1.186280
1.153472
1.148232
1.094991
1.081768
1.075533
0.994123
1.115232
1.014742
1.094991
1.018063
0.994001
1.070712
1.063379
1.032168
0.976356
0.968601
1.018063
1.070712
0.923982
0.922419
1.022123
1.020148
0.973355
0.902824
0.824425
0.912918
0.912918
0.910148
0.845475
0.902945
0.823348
0.472831
0.534351
0.632066
0.657562
0.782965
1.007147
0.991912
1.007147
1.017185
1.073380
1.065671
1.110995
1.129290
1.255592
1.440957
1.398511
1.444562
1.420871
1.488913
1.464708
1.490079
1.556765
1.552736
1.597095
1.520079
1.490937
1.583884
1.587191
1.587191
1.469523
1.471436
1.531669
1.424194
1.540732
1.531669
1.439818
1.538020
1.538020
1.449088
1.440495
1.458197
1.417516
1.378755
1.399610
1.440495
1.363390
1.336574
1.395562
1.290106
1.299086
1.261091
1.256626
1.336135
1.291076
1.290106
1.291393
1.217943
1.244162
1.246414
1.291076
1.202782
1.164553
1.202088
1.197823
1.197823
1.202088
1.189808
1.189808
1.152802
1.148232
1.152802
1.152802
1.148232
1.036732
1.139754
1.135079
1.140986
1.153472
1.104888
1.075533
1.044386
1.104996
1.109405
1.094991
1.094991
1.094991
1.104888
1.066228
1.075533
0.976356
1.044610
1.018063
1.030088
0.969872
0.994001
0.923982
0.946908
0.946908
0.883239
0.883239
0.912661
0.843621
0.843621
0.833983
0.472831
0.472831
0.584462
0.632066
0.606427
0.689896
0.708337
0.708337
1.080279
1.080615
1.078290
1.014201
1.068813
1.065671
1.065671
1.114525
1.057526
1.114525
1.147789
1.172804
1.307365
1.333939
1.434724
1.401182
1.434724
1.401182
1.420871
1.421286
1.464708
1.464708
1.385023
1.444562
1.506663
1.659824
1.556705
1.582900
1.590274
1.590274
1.587191
1.582900
1.590274
1.590274
1.528929
1.537531
1.469523
1.424194
1.531669
1.537531
1.483535
1.524156
1.498468
1.417516
1.474564
1.474564
1.399610
1.474564
1.345916
1.336574
1.336135
1.238760
1.214351
1.230923
1.246414
1.188165
1.186280
1.186280
1.164553
1.119141
1.202088
1.186280
1.156876
1.196803
1.202088
1.104888
1.148232
1.153472
1.112502
1.104888
1.094991
1.109405
1.109405
1.030088
1.081768
1.070712
0.948938
1.030088
1.030088
1.044610
1.070715
1.069396
0.994001
0.994001
1.020532
0.946908
0.923982
0.969872
0.923982
1.020148
0.923982
0.946908
0.966905
0.966905
0.973355
0.862059
0.920127
0.843621
0.832320
0.833983
0.495197
0.534351
0.632066
0.632066
0.706826
0.843543
1.078290
1.078290
1.080615
1.065671
1.073380
1.080279
1.114525
1.319463
1.351855
1.380949
1.421286
1.506663
1.539961
1.539961
1.531259
1.627965
1.627965
1.596931
1.596931
1.660622
1.659824
1.629830
1.556705
1.542294
1.542294
1.520990
1.626419
1.587191
1.424194
1.584853
1.582900
1.590274
1.584853
1.584853
1.524156
1.527355
1.531669
1.527355
1.498468
1.417516
1.474564
1.449088
1.392932
1.474564
1.528929
1.474564
1.392932
1.342539
1.399610
1.399610
1.342539
1.336135
1.336135
1.336135
1.238760
1.288478
1.238760
1.336135
1.261840
1.261091
1.244162
1.291393
1.248600
1.188165
1.244162
1.119141
1.119141
1.202088
1.204340
1.202088
1.152802
1.152802
1.159423
1.094991
1.105929
1.081768
1.081768
1.044610
1.030088
1.018063
1.030005
1.018063
0.969872
0.946908
0.948938
0.923982
0.965805
0.824425
0.862059
0.560519
0.606427
0.685847
0.761486
0.782965
0.919422
0.919422
0.992228
1.068813
1.078290
1.080615
1.078061
1.107095
1.142977
1.147789
1.220077
1.209688
1.384720
1.319463
1.345561
1.413708
1.389163
1.345561
1.401182
1.401182
1.377720
1.380949
1.421286
1.421286
1.552736
1.660622
1.621562
1.653430
1.585873
1.597095
1.659824
1.541336
1.578299
1.587191
1.510280
1.471436
1.576859
1.579293
1.576859
1.533765
1.527355
1.392932
1.451676
1.440495
1.371321
1.440495
1.392932
1.363390
1.345916
1.340175
1.307104
1.299086
1.295835
1.119141
1.159423
1.156876
1.109990
1.094991
1.104888
1.054227
1.109990
1.044698
0.969872
0.986502
0.965330
1.022564
1.020148
1.022564
0.986502
0.946908
0.944691
0.965330
0.965330
0.923982
0.899149
0.898196
0.883239
0.879159
0.912918
0.912918
0.912918
0.851632
0.843621
0.832320
0.843621
0.832320
0.433287
0.471581
0.685847
0.740643
0.762830
0.839956
0.904881
0.904151
1.068730
1.121908
1.075642
1.127072
1.074776
1.128214
1.121908
1.107095
1.274848
1.204976
1.371226
1.362498
1.300676
1.300676
1.319463
1.401182
1.389163
1.401182
1.413708
1.340297
1.512527
1.541617
1.531259
1.585873
1.606003
1.640019
1.621562
1.541617
1.594929
1.619231
1.577777
1.616900
1.579988
1.571256
1.584853
1.469523
1.577777
1.528929
1.429001
1.380362
1.363390
1.346465
1.261840
1.291393
1.239707
1.259163
1.295835
1.188165
1.246899
1.246414
1.246414
1.206061
1.204340
1.202088
1.204340
1.119141
1.121112
1.070380
1.070380
1.071157
1.153483
1.148232
1.044698
1.115232
1.054227
0.994123
1.069396
1.067355
1.044698
1.022564
0.986745
1.030005
1.022564
0.965330
0.898196
0.921470
0.879159
0.883239
0.879159
0.971124
0.905370
0.842757
0.810460
0.655247
0.655589
0.762830
0.762830
0.817809
0.839956
1.056753
1.074776
1.068730
1.071801
1.121908
1.131688
1.121908
1.121908
1.142977
1.142977
1.077320
1.122434
1.274848
1.345561
1.362498
1.383179
1.506663
1.585873
1.585873
1.653430
1.621562
1.553522
1.553947
1.619472
1.627674
1.655410
1.641911
1.542980
1.594929
1.594929
1.478679
1.532158
1.619231
1.617282
1.577777
1.577777
1.571256
1.429001
1.527355
1.380362
1.403147
1.346465
1.307104
1.259163
1.295835
1.248600
1.210829
1.189755
1.246899
1.142332
1.142332
1.189755
1.248600
1.121112
1.142332
1.159423
1.202088
1.204340
1.159423
1.153483
1.159423
1.070380
1.153483
1.109990
1.095021
1.021008
1.095021
1.095021
1.044698
1.021008
1.069396
1.069396
1.030005
1.044698
0.986745
0.986745
0.986745
0.965330
0.965330
0.971124
0.975733
1.022564
0.921470
0.898196
0.898196
0.879159
0.919386
0.900817
0.911762
0.795546
0.471581
0.495197
0.489436
0.740643
0.685847
0.904881
1.131688
1.131688
1.128214
1.127072
1.128214
1.107095
1.107095
1.172804
1.172804
1.312416
1.312416
1.283438
1.362498
1.325458
1.364325
1.415104
1.576614
1.606003
1.606003
1.560088
1.653430
1.553947
1.641911
1.635656
1.649094
1.617282
1.617282
1.619231
1.616079
1.616900
1.619231
1.612080
1.571256
1.571256
1.617282
1.594929
1.571256
1.571256
1.371321
1.451676
1.451676
1.333624
1.261086
1.210829
1.229148
1.230827
1.142193
1.210829
1.189123
1.153032
1.121112
1.022706
1.070380
1.112502
1.111407
0.967854
0.967854
0.946474
0.898078
0.973355
0.839549
0.876658
0.916069
0.911762
0.842757
0.829592
0.472831
0.539543
0.635091
0.590062
0.604768
0.604768
0.741137
0.904881
0.984269
0.992228
1.056753
1.055514
1.071801
1.156179
1.121908
1.212602
1.220077
1.312416
1.248673
1.312416
1.345561
1.345561
1.328772
1.362498
1.362498
1.383179
1.383179
1.407279
1.415104
1.498451
1.512527
1.531259
1.560088
1.640019
1.541336
1.553522
1.649094
1.532158
1.507659
1.653453
1.646644
1.610775
1.612080
1.602036
1.561384
1.429001
1.392369
1.451676
1.333472
1.333624
1.322983
1.385767
1.302907
1.349424
1.322983
1.307104
1.271235
1.225784
1.230827
1.210829
1.163407
1.142332
1.088376
1.088376
1.156876
1.070380
1.111407
1.067355
0.922776
1.019366
0.971124
0.898078
0.964895
0.911762
0.852980
0.829592
0.469812
0.471581
0.469812
0.557933
0.655589
0.685847
0.815626
0.762830
0.905021
0.905021
0.965778
0.973460
1.043686
1.068730
1.118164
1.119700
1.119700
1.110784
1.127072
1.148907
1.118772
1.158930
1.129871
1.142977
1.283438
1.274848
1.442580
1.489782
1.498451
1.535074
1.608677
1.595015
1.595015
1.511589
1.648303
1.642026
1.642026
1.647771
1.646644
1.610775
1.612080
1.647771
1.642026
1.430984
1.514526
1.466630
1.392369
1.326692
1.304245
1.304245
1.326692
1.271235
1.326692
1.261840
1.261840
1.271235
1.209308
1.163407
1.142193
1.111407
1.022706
1.022564
0.965623
0.971124
0.964895
0.840836
0.848452
0.807369
0.840836
0.469812
0.469812
0.513929
0.557933
0.559902
0.513929
0.604768
0.707925
0.655589
0.707925
0.741137
0.765019
0.765019
0.713134
0.965778
0.965778
1.122431
1.122431
1.119700
1.168701
1.158930
1.118164
1.129871
1.165308
1.212602
1.212602
1.283438
1.295681
1.295681
1.311590
1.281416
1.470142
1.470142
1.470142
1.498451
1.578014
1.626317
1.534194
1.534194
1.646644
1.647771
1.646644
1.480151
1.480151
1.564364
1.564364
1.336424
1.261086
1.304245
1.271235
1.225784
1.209308
1.114933
1.153032
1.041010
1.022706
1.041010
1.064759
0.969581
1.067355
0.922776
1.022564
1.019366
0.969581
0.876658
0.962240
0.909753
0.909753
0.909753
0.791263
0.900817
0.893958
0.825631
0.513929
0.513929
0.707925
0.795995
0.765019
0.795995
0.876323
0.795995
0.965778
1.043686
1.043686
1.043686
1.117059
1.171767
1.158930
1.174248
1.178813
1.230751
1.230751
1.214703
1.295681
1.283438
1.535074
1.648303
1.648303
1.646644
1.648303
1.480151
1.304245
1.336424
1.229148
1.229148
1.229148
1.225784
1.189123
1.229148
1.189440
1.189440
1.114933
1.163407
1.163407
1.153032
1.088376
0.969581
1.067355
1.019366
1.020020
0.922776
0.876658
0.957788
0.795995
0.758495
0.816814
0.876323
0.826800
0.887439
1.033438
0.881167
0.829583
1.098473
1.117059
1.122431
1.122431
1.108345
1.164163
1.168701
1.147517
1.168701
1.158348
1.148907
1.136923
1.148907
1.178813
1.295681
1.295681
1.196102
1.196102
1.249317
1.554834
1.554834
1.522159
1.537462
1.519771
1.646644
1.640110
1.612080
1.612080
1.595734
1.522285
1.554088
1.429958
1.461573
1.404771
1.339211
1.336424
1.261086
1.276363
1.269973
1.163407
1.110552
1.110552
1.088376
1.111407
1.038709
1.109573
1.107598
1.067355
0.990235
0.986640
1.041010
1.067355
1.064759
0.990235
0.965623
0.962240
0.876658
0.840836
0.815499
0.816814
0.785180
0.847388
0.816814
0.871608
0.937601
1.164113
1.154390
1.154390
1.147517
1.136923
1.182189
1.311590
1.442572
1.557294
1.591338
1.436058
1.491460
1.648303
1.610775
1.430984
1.508371
1.466630
1.382176
1.429958
1.407036
1.414655
1.304245
1.345952
1.261086
1.276363
1.225784
1.281239
1.230986
1.230986
1.230986
1.225784
1.220132
1.187379
1.193658
1.128069
1.153347
1.159805
1.153347
1.153032
1.061378
1.038709
1.066729
1.020020
1.020020
0.913858
0.913858
0.946323
0.957788
0.909753
0.898565
0.909753
0.828288
0.828288
0.877033
0.860203
0.807369
0.840213
0.847388
0.847388
0.871608
0.816814
0.937601
0.959749
0.881167
1.015293
1.034320
1.106826
1.164163
1.027233
0.945692
1.158348
1.193974
1.214703
1.257609
1.418370
1.526084
1.526084
1.591338
1.591338
1.537616
1.475256
1.508314
1.598720
1.452105
1.349981
1.333624
1.345952
1.286016
1.345952
1.269973
1.286016
1.269973
1.242304
1.286016
1.229786
1.229786
1.173440
1.173440
1.173440
1.173440
1.128069
1.128069
1.110552
1.128069
1.153347
1.061378
1.061378
1.006999
1.061378
1.066729
0.986640
0.934739
0.959991
0.868074
0.819420
0.946323
0.888037
0.936338
0.877033
0.840213
0.846094
0.901929
0.937601
0.937601
0.881167
0.881167
1.015293
1.034320
1.068384
1.106826
1.098473
1.106826
1.106826
1.154390
1.158348
1.164113
1.164113
1.193974
1.169403
1.214703
1.214703
1.181445
1.442572
1.493341
1.557294
1.554834
1.513548
1.660842
1.639098
1.640110
1.515072
1.328130
1.378855
1.378855
1.414655
1.464392
1.296997
1.289167
1.347277
1.289167
1.260299
1.242304
1.242304
1.194231
1.184036
1.229786
1.184036
1.153347
1.184036
1.153347
1.128069
1.109573
0.934739
0.986640
1.014958
0.934739
0.885367
0.939574
0.939574
0.888037
0.901929
0.901929
0.868906
0.868906
1.068384
1.098473
1.148860
1.158348
1.147517
1.186152
1.174042
1.182189
1.214703
1.260489
1.359210
1.351534
1.418370
1.418370
1.469828
1.442572
1.493341
1.640110
1.469967
1.421079
1.454220
1.454220
1.515072
1.461573
1.378855
1.378855
1.349981
1.345511
1.349981
1.351444
1.345511
1.296997
1.295842
1.348417
1.269973
1.285483
1.231992
1.269973
1.190296
1.145724
1.190296
1.104938
1.109573
1.077209
1.061378
1.064759
1.108272
1.006999
0.997854
0.924365
0.934739
0.916853
0.840213
0.873874
1.002825
0.901929
0.927392
0.927392
0.945692
1.146127
1.155726
1.147286
1.146127
1.202193
1.167971
1.214703
1.242517
1.285260
1.311590
1.387139
1.469828
1.502715
1.469828
1.502715
1.502715
1.557294
1.431904
1.487344
1.504798
1.491460
1.586756
1.469693
1.537743
1.421716
1.464392
1.493253
1.464392
1.453909
1.407025
1.410232
1.450174
1.306991
1.286365
1.286365
1.244546
1.244546
1.244546
1.190296
1.188045
1.143619
1.188045
1.135677
1.135677
1.128069
1.122463
1.072712
1.104938
1.072712
0.997854
1.014958
1.000902
1.002970
0.945632
0.873874
0.916853
0.893677
0.873874
0.962934
0.983521
0.962934
1.002825
1.000093
1.000093
1.079192
1.068384
1.059226
1.137331
1.148860
1.138695
1.143088
1.186152
1.197428
1.186152
1.152283
1.167971
1.220057
1.242517
1.329734
1.359210
1.359210
1.428958
1.431904
1.388291
1.502715
1.502715
1.535258
1.487344
1.487344
1.421503
1.378066
1.457268
1.655939
1.622908
1.421716
1.369827
1.453909
1.492461
1.491660
1.407025
1.407025
1.345511
1.348417
1.344272
1.287367
1.246385
1.244546
1.196162
1.196162
1.188045
1.143619
1.135677
1.135677
1.104938
1.072712
1.058255
1.002970
1.000902
0.997854
0.945632
0.939574
0.929380
0.873874
0.962934
0.962934
0.927392
1.051563
1.000093
1.137331
1.068384
1.079192
1.137331
1.146127
1.059226
1.186152
1.197428
1.198436
1.329734
1.359210
1.469828
1.428958
1.451803
1.649408
1.639098
1.624297
1.587567
1.541602
1.494726
1.452105
1.398406
1.398406
1.398406
1.445130
1.437989
1.445130
1.405708
1.357090
1.306991
1.405708
1.272323
1.272323
1.272323
1.281870
1.287367
1.231992
1.231992
1.246385
1.246385
1.196065
1.190296
1.196162
1.188045
1.143619
1.148925
1.133389
1.085357
1.085357
1.108272
1.020318
1.017012
1.072712
1.017012
1.000902
1.017012
0.945632
0.945632
0.978761
0.929380
0.893677
1.051563
0.983521
1.000093
0.962934
1.029066
1.029130
0.972205
1.068384
1.042374
1.177018
1.201275
1.165618
1.197428
1.202193
1.202193
1.174042
1.186152
1.178237
1.399009
1.502715
1.469828
1.370432
1.472345
1.644693
1.619457
1.430776
1.424303
1.572548
1.401982
1.523373
1.541602
1.473063
1.493253
1.521508
1.423933
1.487296
1.491660
1.423933
1.423933
1.357090
1.396051
1.388339
1.437989
1.320242
1.344272
1.272323
1.328936
1.245751
1.287367
1.245751
1.237538
1.196065
1.148925
1.190188
1.196065
1.149626
1.148925
1.136923
1.133389
1.108272
1.085357
1.053146
1.042500
0.991533
1.020318
0.965478
0.965478
0.965017
1.007350
1.088569
1.068935
1.044898
1.042374
1.042374
1.117310
1.179825
1.179825
1.182229
1.177464
1.177464
1.167971
1.147356
1.198570
1.156387
1.227732
1.217112
1.244995
1.250469
1.367480
1.436236
1.436236
1.504798
1.388816
1.356336
1.462033
1.588669
1.622908
1.622908
1.376468
1.646673
1.606660
1.572548
1.424303
1.502281
1.509004
1.462324
1.453311
1.423933
1.462324
1.426960
1.345511
1.316211
1.376862
1.188263
1.233237
1.140403
1.139642
1.143396
1.187761
1.140403
1.136923
1.136923
1.098635
1.084105
1.084105
1.093503
1.076914
1.034048
1.093503
1.093503
1.020318
1.034048
1.117310
1.101379
1.101379
1.042374
1.166615
1.177018
1.165618
1.182229
1.170682
1.170682
1.250469
1.367480
1.396315
1.411285
1.420572
1.650543
1.635778
1.607632
1.606660
1.430776
1.430776
1.430776
1.502281
1.502281
1.518630
1.406810
1.417617
1.406810
1.406810
1.068935
1.068935
1.088569
1.042374
1.166615
1.093292
1.182229
1.179825
1.179825
1.177018
1.207582
1.191511
1.158134
1.223336
1.177464
1.201419
1.201419
1.211329
1.331862
1.303602
1.385576
1.649408
1.607632
1.607632
1.603500
1.376468
1.432942
1.542470
1.562660
1.430776
1.489707
1.509004
1.535094
1.456002
1.563265
1.456002
1.441247
1.475954
1.475954
1.153871
1.114527
1.092960
1.122735
1.065266
1.065266
1.092960
1.138544
1.065266
1.221278
1.146119
1.223336
1.254010
1.331862
1.286997
1.312921
1.367480
1.396315
1.305795
1.646673
1.621049
1.378066
1.387721
1.502818
1.524948
1.466936
1.545988
1.534494
1.521508
1.456002
1.128756
1.138544
1.128756
1.114527
1.147436
1.114527
1.147771
1.202826
1.120788
1.191511
1.191511
1.168528
1.202826
1.202826
1.177464
1.177464
1.171388
1.289169
1.340048
1.411285
1.625204
1.664570
1.608212
1.587515
1.629082
1.485715
1.387721
1.515403
1.515403
1.542598
1.424800
1.433876
1.475114
1.450470
1.114527
1.138544
1.202724
1.207557
1.207557
1.202724
1.196434
1.120788
1.196372
1.180812
1.149516
1.149516
1.194389
1.228170
1.609807
1.626582
1.594276
1.588669
1.485715
1.436194
1.475114
1.475114
1.475114
1.189778
1.128756
1.180812
1.196372
1.180812
1.202724
1.147771
1.120788
1.196372
1.120788
1.168528
1.171388
1.286997
1.271666
1.630192
1.609807
1.539944
1.368256
1.426769
1.588447
1.609807
1.664570
1.385576
1.560775
1.387721
1.385576
1.581224
1.574604
1.581224
1.485715
1.515403
1.529118
1.196434
1.196434
1.189778
1.165987
1.112233
1.134882
1.149245
1.196372
1.202826
1.207557
1.194389
1.194389
1.254010
1.211329
1.420572
1.631958
1.333521
1.425431
1.485715
1.516106
1.534494
1.533075
1.541797
1.183165
1.166066
1.154392
1.173472
1.178719
1.170814
1.172788
1.112233
1.081553
1.137141
1.112233
1.217718
1.203571
1.261028
1.317412
1.356336
1.630192
1.625204
1.587624
1.626582
1.629082
1.569031
1.385513
1.551209
1.583033
1.587624
1.425431
1.163215
1.178719
1.178719
1.172788
1.166066
1.134882
1.134882
1.134882
1.170814
1.166066
1.081553
1.105807
1.159022
1.163770
1.201895
1.203571
1.312921
1.326233
1.318386
1.625744
1.664570
1.326233
1.661183
1.569031
1.333521
1.543529
1.333521
1.388885
1.425431
1.541797
1.533075
1.533075
1.134882
1.154392
1.226950
1.180125
1.205991
1.185875
1.141613
1.141613
1.303683
1.203571
1.232244
1.241268
1.303602
1.561201
1.630447
1.584714
1.630447
1.630192
1.616596
1.614499
1.569031
1.594967
1.594967
1.584649
1.584649
1.539739
1.584649
1.594967
1.516106
1.445509
1.160608
1.149245
1.173472
1.189866
1.172788
1.170814
1.166066
1.166146
1.190470
1.173480
1.141613
1.180125
1.192685
1.153706
1.165785
1.180125
1.153706
1.201895
1.242618
1.152225
1.178504
1.303683
1.244854
1.320491
1.303683
1.384143
1.271666
1.239942
1.481350
1.431252
1.384143
1.397486
1.436906
1.239942
1.491137
1.544991
1.533094
1.536035
1.630192
1.630447
1.636698
1.574620
1.630192
1.584714
1.636698
1.636698
1.633124
1.630447
1.612838
1.633124
1.616596
1.628706
1.594967
1.594967
1.124301
1.165785
1.165785
1.141599
1.201819
1.152225
1.201819
1.230295
1.230295
1.250452
1.156491
1.320491
1.431252
1.384143
1.411188
1.466349
1.491137
1.436906
1.202461
1.176862
1.518716
1.288834
1.623141
1.623141
1.280413
1.328471
1.280413
1.514025
1.328471
1.385513
1.445509
1.485793
1.385513
1.160608
1.201819
1.201819
1.256914
1.205853
1.152225
1.263046
1.320491
1.212847
1.293328
1.384143
1.330275
1.215214
1.431252
1.431252
1.491137
1.386506
1.518716
1.544991
1.458598
1.514025
1.372980
1.475906
1.429114
1.143900
1.185875
1.165785
1.141599
1.293328
1.192533
1.236740
1.491137
1.518577
1.222527
1.241268
1.565508
1.194473
1.328471
1.514025
1.537187
1.485793
1.108304
1.141599
1.186172
1.160422
1.160422
1.160422
1.187887
1.187887
1.256914
1.384143
1.215214
1.481350
1.423383
1.408766
1.459924
1.222527
1.161149
1.557901
1.210813
1.280413
1.280413
1.514025
1.262704
1.345757
1.177440
1.149377
1.127621
1.108304
1.108304
1.143900
1.173480
1.173480
1.207138
1.160422
1.212847
1.232307
1.153723
1.423383
1.177024
1.222527
1.468229
1.551759
1.468229
1.177024
1.194473
1.262704
1.210813
1.372980
1.127621
1.124187
1.121627
1.141599
1.124187
1.124187
1.108431
1.128252
1.108431
1.207138
1.120690
1.232307
1.232307
1.361841
1.215214
1.153723
1.444330
1.491137
1.459991
1.262704
1.303380
1.410252
1.383709
1.410252
1.434318
1.340494
1.307857
1.152233
1.108304
1.135159
1.135159
1.073301
1.135159
1.175822
1.160422
1.160422
1.207138
1.160422
1.207138
1.128252
1.160709
1.141378
1.319301
1.431252
1.423383
1.373317
1.179150
1.448054
1.457392
1.161149
1.177734
1.303380
1.410252
1.055599
1.108304
1.052209
1.158019
1.076508
1.121627
1.187719
1.065560
1.128252
1.088195
1.065560
1.160709
1.141378
1.120912
1.137544
1.177024
1.177024
1.458598
1.434318
1.340494
1.340494
1.080964
1.127621
1.073301
1.090393
1.055599
1.104584
1.206500
1.187719
1.299971
1.094821
1.137544
1.153596
1.360529
1.177734
1.366113
1.177734
1.299997
1.315682
1.267292
1.366113
1.077625
1.067657
1.073301
1.104584
1.104584
1.158019
1.036517
1.206500
1.065560
1.132613
1.294891
1.110542
1.120912
1.325328
1.459991
1.345682
1.357427
1.153596
1.214139
1.267292
1.214139
1.267292
1.291703
1.077625
1.067657
1.084421
1.055599
1.050440
1.052209
1.104584
1.104584
1.206500
1.076508
1.277833
1.248969
1.110542
1.171175
1.132613
1.132613
1.120912
1.153154
1.179651
1.360529
1.137544
1.338811
1.326855
1.198552
1.291703
1.267292
1.315682
1.291703
1.291703
1.315682
1.080964
1.080964
1.018107
0.998367
1.055599
1.111458
1.100388
1.001215
1.088195
1.248969
1.281904
1.110542
1.196615
1.299971
1.088968
1.329281
1.200577
1.088968
1.239624
1.238110
1.157961
1.189009
1.006408
1.006408
1.050440
1.033958
0.979218
1.111458
1.027960
1.027960
1.070472
1.139412
1.151390
1.111455
1.213739
1.153154
1.124012
1.102017
1.157961
1.102017
1.210099
1.228745
1.210099
1.351812
0.979028
1.012938
1.011235
1.012938
0.998367
1.007116
1.024038
1.070950
1.029200
1.001215
1.027960
1.027960
1.070472
1.048641
1.100652
1.170329
1.170329
1.117029
1.200577
1.136507
1.225205
1.137504
1.111455
1.189009
1.228745
1.210099
1.210099
1.228745
1.018107
1.018107
0.938714
1.024038
1.024038
1.007116
1.051115
1.029200
1.077245
1.051831
1.077245
1.119868
1.119868
1.119868
1.151390
1.117029
1.165007
1.164991
1.136507
1.214213
1.192142
1.214213
1.238110
1.214213
1.012938
1.015674
0.943257
0.937099
1.011235
1.024038
1.050440
0.961811
1.050440
0.963482
1.051115
0.966823
1.051831
1.074747
1.213739
1.075714
1.213739
1.239624
0.946442
0.946442
0.946442
0.943257
0.946442
0.961811
1.000066
0.963482
1.000066
0.961811
1.087553
1.004209
1.021983
1.021983
1.028289
1.053571
1.014057
1.041548
1.053571
1.074747
1.090869
1.057359
1.034663
1.107911
1.091643
1.091643
0.943257
0.971309
0.938714
0.995589
1.000066
0.987836
1.004209
0.987836
1.029604
1.044551
1.026350
1.004209
1.052387
1.049481
1.065215
1.086738
1.070280
1.073306
1.086738
1.091643
0.943257
0.946442
0.975051
0.938714
0.943257
0.974497
0.974497
0.961811
1.029604
1.010005
1.018826
1.001063
0.995589
0.971309
0.974497
1.724914
1.135079
1.584853
1.362498
1.626317
1.163215
1.385513
1.606003
1.362498
1.389163
1.362498
1.425573
1.491543
1.721359
1.630447
1.384143
1.173472
1.584853
1.094991
1.148232
1.104888
1.094991
0.946908
0.969872
0.965330
0.898196
0.923982
0.923982
1.147506
0.881553
1.059226
