4865 1 3
0.657824
0.466222
0.516134
0.657824
0.514358
0.366445
0.610512
0.395303
0.476904
0.526519
0.621473
0.580311
0.621473
0.535370
0.597848
0.384080
0.457759
0.357554
0.357086
0.384080
0.357086
0.357086
0.496269
0.357086
0.516134
0.514358
0.543641
0.503760
0.403822
0.403822
0.503760
0.610512
0.476904
0.531190
0.639374
0.544925
0.615214
0.692527
0.669889
0.630069
0.451359
0.535370
0.526519
0.506104
0.457759
0.384080
0.451359
0.569099
0.424745
0.430606
0.505874
0.397356
0.675861
0.397356
0.543641
0.438530
0.675861
0.476904
0.544925
0.773174
0.731297
0.809770
0.731297
0.598488
0.663208
0.844915
0.773174
0.859004
0.763283
0.724717
0.727640
0.590608
0.615214
0.509938
0.590608
0.451359
0.510492
0.415362
0.424745
0.533420
0.397356
0.366445
0.438530
0.533420
0.430606
0.472171
0.516548
0.516548
0.438530
0.438530
0.475524
0.799568
0.773174
0.799568
0.742860
0.663208
0.859004
0.943733
0.725668
0.848710
0.840883
0.780280
0.665841
0.615214
0.446596
0.727640
0.759220
0.643596
0.535095
0.571995
0.440368
0.509938
0.488949
0.434883
0.434883
0.496269
0.520977
0.593935
0.505874
0.812500
0.930452
0.397356
0.567639
1.156131
0.605188
0.598488
0.994446
0.572056
0.475524
0.598488
0.779588
0.663208
0.742860
0.779588
1.163436
0.742860
0.838792
0.742860
1.268329
0.799568
0.848710
0.841627
0.886576
0.886576
0.780280
0.780280
0.759220
0.571995
0.497533
0.546559
0.438347
0.593935
0.575342
0.718748
0.509995
0.718748
0.930452
0.397356
1.144444
1.043735
0.397356
1.144444
0.438530
1.144444
0.594961
1.081566
1.081566
0.695707
0.594961
1.163436
0.806962
0.919155
1.262159
1.262159
1.089249
1.089249
1.180701
1.089249
0.761383
0.761383
0.897206
0.739097
0.739097
0.780280
0.665841
0.553588
0.677865
0.677865
0.643596
0.659632
0.659632
0.497533
0.621478
0.575342
0.575342
0.681615
0.718748
0.509995
1.047017
1.098826
0.930452
1.047017
0.559161
1.193066
1.156131
1.156131
0.500632
1.199852
0.695707
1.271250
1.289421
0.919155
0.722210
1.201009
1.271250
1.201009
0.761383
0.958110
0.958110
0.824708
0.886576
0.718975
0.739097
0.587312
0.718975
0.718975
0.732392
0.724505
0.724505
0.725818
0.805268
0.509995
0.913916
1.047017
0.913916
0.840357
1.193066
1.156131
1.199852
0.695707
0.594961
0.594961
1.268329
0.722210
1.259213
1.259213
0.981285
0.981285
1.201009
0.981285
1.134145
0.889262
0.929449
0.952056
0.921723
0.886576
0.801903
0.953035
0.769090
0.739097
0.831988
0.732392
0.813701
0.802457
0.659632
1.041751
0.681615
0.738571
0.681615
0.805268
0.904015
1.256129
0.509995
1.017186
1.483290
1.565948
1.148042
1.144444
1.500231
1.487570
1.199852
1.163436
1.397305
1.185308
0.607779
0.906548
0.722210
0.891033
1.185308
1.289421
0.800221
1.271250
1.204141
1.087307
1.147100
1.020187
0.954954
1.134145
1.134145
1.060666
1.033886
0.953035
0.953035
0.813701
0.813701
0.814527
0.878672
0.852086
0.717785
0.895559
0.895559
0.546559
0.569099
1.139683
1.454574
0.509995
1.346722
1.454574
1.514488
1.483290
1.514488
1.469691
1.469691
1.444146
1.326573
1.171714
1.474262
1.415453
1.474262
1.052962
1.237953
1.052962
1.237953
1.200294
1.147100
1.087307
1.049961
0.960361
0.889262
0.960361
0.878021
0.902665
0.878021
0.878021
0.878021
0.831988
0.870909
0.870909
0.880138
0.870909
0.887304
0.878745
0.878745
0.852086
0.852086
0.973403
0.895559
0.572454
1.346722
1.215156
1.444146
1.550470
0.882668
1.000706
1.415453
0.882668
0.882668
1.126269
1.312546
1.380513
1.312546
1.052962
1.312546
1.052962
1.312546
1.003833
1.116398
1.003833
1.003833
1.010958
1.049961
0.954954
0.959955
1.020187
1.020187
0.960361
0.878021
0.887304
0.887304
0.889728
0.897468
0.889179
0.889179
0.897468
0.928378
0.897468
0.878672
0.878672
0.878672
0.928378
0.973403
0.572454
0.572454
1.139683
0.569099
1.333227
1.514488
1.387035
1.755161
1.444146
1.702311
1.474262
0.854056
1.294329
1.400241
1.312546
1.294329
1.175502
1.116398
1.116398
1.049961
0.870419
0.959955
0.914337
0.949203
0.981326
0.883697
0.981326
0.870909
0.880138
0.484331
0.963008
0.988074
0.520817
0.921324
1.156803
0.871079
1.134126
1.402464
0.918422
1.071674
0.528251
0.729996
1.791667
1.333227
1.364513
1.483290
1.469691
1.444146
1.487570
1.487570
1.475006
0.882668
1.000706
0.882668
1.276428
0.855878
0.855878
1.400241
1.276428
1.078737
1.188913
1.016942
0.921383
1.127014
1.101667
1.101667
1.180979
0.922918
1.149741
1.016938
1.016938
1.021947
1.021947
0.958263
1.019719
0.954954
0.988459
0.988459
0.978630
0.961398
0.988074
0.962670
1.022562
0.978277
0.978277
0.639847
0.572454
0.639847
1.607683
1.704419
1.731606
1.514934
1.397305
1.009292
1.009292
1.143670
1.213474
1.152146
1.271301
1.016942
1.316323
1.188913
1.038100
1.101667
1.085424
0.997125
0.922918
1.034173
0.954037
0.940486
0.958263
1.011244
0.980956
1.011244
0.988459
0.978630
0.963008
0.755398
0.978277
0.747133
0.978277
1.232350
1.134126
1.411856
1.402464
1.791667
1.695985
1.608417
1.731606
1.326573
1.537820
1.419204
1.171714
1.502756
0.854056
0.854056
1.347933
1.009292
1.213474
1.502756
1.049521
1.049521
1.078737
1.078737
1.014925
1.014925
1.014925
1.118109
1.010700
1.129813
0.967130
1.038100
1.034173
0.970852
0.958263
0.958263
1.011244
0.854404
0.964772
0.928743
0.978630
0.974839
0.962670
0.988074
0.937527
0.836727
0.836727
0.992124
1.411856
1.556591
1.895432
1.608417
1.731606
1.731606
1.643232
1.643232
1.513163
1.581775
1.750697
1.513637
1.457887
1.219879
1.025432
1.276978
1.258750
1.312105
1.335686
1.110496
1.009292
1.152146
1.110496
0.969321
1.016942
1.049521
1.022315
1.118109
0.930092
1.016942
1.022315
0.970842
1.022315
0.892840
1.010700
0.926472
0.967130
0.997125
1.026117
0.970852
1.075785
0.988307
0.961845
0.891162
1.025460
0.907507
0.958263
0.961442
0.988693
1.011244
0.970476
0.965323
0.916276
0.993312
0.962670
1.022351
0.889191
1.233524
1.232350
1.411856
1.520797
1.608417
1.695985
1.895432
1.731606
1.619728
1.702311
1.705019
1.612477
1.725353
1.564647
1.656847
1.779358
1.450872
1.462623
1.450872
1.419204
1.329880
1.502756
1.412569
1.048120
1.090741
1.048120
0.922583
0.906120
1.019026
1.016942
0.881779
0.837464
0.942655
1.014200
0.944912
0.892840
1.209789
1.062039
1.122464
0.944651
1.050601
1.025460
1.025460
0.940486
0.959856
0.992570
0.974632
0.970476
0.964772
0.964772
0.966862
0.981623
0.962670
0.844547
1.022351
1.233524
1.507248
1.839541
1.971777
1.936455
1.692791
1.785582
1.926618
1.705019
1.858649
1.512889
1.705019
1.562295
1.512889
1.329880
1.329880
1.499702
1.184975
1.009292
1.019026
0.935214
0.954173
0.864617
1.093422
1.064659
1.014200
1.014200
0.968688
0.968688
0.968688
1.014200
1.161417
1.055762
0.939240
1.062039
1.055762
1.000526
1.000526
1.000526
0.950259
0.975809
1.075785
0.950259
1.000526
1.045724
1.026117
1.122464
1.122464
1.050601
0.959856
0.985128
0.970476
0.974839
1.013602
0.993312
0.993312
0.961741
1.648123
1.513790
1.648123
1.839541
1.839541
1.746282
1.681640
1.681640
1.640326
1.681640
1.640326
1.731606
1.755161
1.906583
1.594301
1.779358
1.779358
1.457887
1.239514
1.384366
1.656847
1.701463
1.522084
1.522084
1.522084
1.329880
1.048120
1.048120
0.879996
1.048120
0.935214
1.019026
1.019026
1.068611
0.954173
1.014200
0.939240
0.999083
1.062039
1.055762
0.946712
0.959501
1.049471
1.094992
0.982922
0.959856
0.985128
0.985128
0.964632
0.966862
0.986888
0.974839
0.981623
1.049368
1.049368
1.507248
1.233524
1.391884
1.391884
1.764752
1.959331
1.755113
1.896428
1.926618
1.725967
1.529693
1.512889
1.239514
1.522084
1.448302
0.944740
0.944740
1.032832
1.032832
0.935214
0.954173
0.999083
0.889668
0.946712
0.939240
0.999083
1.049471
0.959501
0.959501
0.946712
1.000526
0.852767
1.143893
0.951684
1.026117
1.115326
1.162029
0.982922
1.083747
1.025460
0.979517
0.973933
0.973933
0.992570
0.979913
0.954989
1.023009
0.964772
0.960233
0.974839
0.970169
1.059948
0.961741
1.059948
1.233524
1.391884
1.596942
1.706974
0.609631
1.914416
1.914416
1.649092
1.936455
2.022531
1.688991
1.811959
1.714524
1.688991
1.779070
1.715172
1.688991
1.971777
2.005863
1.896428
1.688991
1.755113
1.503138
1.863185
1.523058
1.594301
1.351949
1.384366
1.384366
1.435150
1.522084
1.685963
1.355965
0.944740
0.997369
1.133797
0.954173
0.902165
0.944912
1.091523
0.918240
0.968688
0.939240
1.106180
0.889668
0.905104
1.054690
0.948204
1.054690
0.946712
0.987092
1.039369
1.039369
1.136820
0.971899
0.971899
0.992570
0.979913
0.974379
0.969069
0.966862
1.007076
0.952663
0.957299
1.007076
1.328873
1.308458
1.725207
1.964812
2.004525
2.004525
2.062939
1.682859
1.859912
1.900417
2.005863
1.900417
1.505760
1.465828
1.562295
1.465828
1.351949
1.249083
1.800487
1.504241
1.642588
1.448302
1.287603
1.058126
1.058126
0.997369
0.978207
0.997369
1.026586
1.026586
1.026586
1.014822
1.106180
1.130824
1.106180
1.054690
1.175076
0.889153
1.220751
1.220751
1.017093
1.115326
1.025263
0.941780
1.082438
1.083747
1.033430
0.971899
0.971899
0.973933
0.974379
0.979913
0.969069
0.970169
1.013602
1.023009
0.970169
0.957299
1.216362
1.422055
1.422055
1.680800
1.706974
1.729354
1.725207
1.834982
1.834982
2.062939
1.879298
1.682859
1.900417
2.022531
1.859912
1.938133
1.505760
1.714524
1.863185
1.456336
1.693640
1.693640
1.503138
1.249083
1.078276
1.701463
1.685963
1.685963
0.997369
1.163034
0.923824
0.923824
0.944912
1.163034
1.091523
0.989655
1.055864
1.169570
1.014822
0.990683
1.130824
1.000641
1.209447
1.022473
1.000641
1.022473
1.013240
1.115326
1.115326
1.031860
1.173108
1.082438
1.082438
1.033430
1.033430
0.953197
0.973933
0.974379
1.088242
0.969069
0.947150
1.067312
0.953864
0.953864
1.090384
0.970169
0.957299
0.957299
1.059948
1.216362
1.596942
1.729354
1.729354
1.911327
2.059086
2.004525
1.879298
1.785606
1.649092
2.062939
1.964812
1.760303
1.640871
2.004525
2.062939
2.022531
1.964812
1.964812
1.390678
1.456336
1.456336
1.504241
1.505760
1.158494
1.504241
1.416499
1.642588
1.642588
1.249083
1.158494
1.701463
1.078276
1.701463
1.701463
1.685963
1.685963
0.990220
0.997369
1.058126
0.987555
1.164141
1.359262
1.055864
0.989811
0.989811
0.989811
1.014822
1.342496
1.169570
0.990683
0.980165
1.054690
1.022473
1.000641
1.022473
1.039369
1.017945
1.017945
1.033430
1.093523
0.975198
0.959437
1.015119
0.979913
0.978177
1.055801
0.952663
1.108692
0.984787
1.216362
1.461738
1.422055
1.716840
1.797306
1.843324
1.725207
2.008683
2.077929
1.987374
1.198572
1.198572
2.086998
2.001540
1.608025
1.859912
1.315369
1.682859
1.760303
1.401101
1.401101
1.328609
1.682859
1.503138
1.504241
1.504241
1.249996
1.249996
0.964930
1.249083
0.984914
0.984914
1.011311
0.978207
1.163034
1.359262
0.923824
1.026757
0.989811
1.055864
1.014822
0.990683
1.054690
0.990683
1.177517
1.247186
1.005293
1.005293
1.022473
1.177517
1.022473
1.431712
1.349994
1.039369
1.168407
1.168407
0.859724
1.040173
1.173108
1.084257
1.173108
0.871121
1.025263
1.079495
1.146535
1.049689
1.084155
1.015119
0.978177
0.953864
0.883265
0.883265
1.021571
1.108692
1.313283
1.313283
0.984787
1.680800
1.547256
1.519883
1.454969
0.859647
1.278112
1.843324
1.067035
2.055885
1.747669
1.747669
1.582392
1.454969
1.050632
2.013014
1.865517
1.827438
1.582392
1.608025
1.176114
1.328609
1.456336
1.505760
1.720920
1.440062
1.242676
1.465828
1.068175
1.158494
1.345429
1.631210
1.197998
1.580595
0.964930
1.023942
1.316922
1.163034
1.067626
1.509034
1.109581
1.109581
1.342496
1.131337
1.131337
1.080272
1.177517
1.080272
1.349994
1.109332
1.162509
1.046896
1.214607
1.079495
1.017093
0.984739
1.049689
0.987641
0.987641
1.049689
1.015119
1.015119
1.078020
0.955560
1.009763
0.978177
0.989391
0.964007
1.021571
1.055801
1.108692
0.872738
1.313283
1.461738
1.573446
1.649927
1.067035
2.055885
1.968353
1.848168
2.077929
1.827438
2.001540
2.013014
2.086998
1.198572
1.050632
1.401101
1.176114
1.310027
1.194224
1.194224
1.341881
1.391219
1.249996
1.580595
1.580595
1.068175
1.023942
1.011563
1.011563
1.011563
1.011311
0.949699
1.246755
0.976399
1.307538
1.247186
1.142950
1.109332
1.053450
1.046896
1.125360
1.162509
0.905499
1.084257
1.168407
1.079495
0.984739
0.984739
1.035307
0.987641
1.035307
1.009763
0.989391
1.085285
0.989391
1.021571
1.021571
0.964007
1.108692
1.108692
0.991544
1.166720
0.976315
1.449355
1.600070
1.558934
0.899332
1.724201
1.278112
1.067035
2.001540
1.198572
1.621933
2.013014
1.082643
1.328609
1.328609
1.328609
1.197998
1.249996
1.580595
1.391219
1.197998
1.580595
0.964930
0.944182
1.387533
1.109581
1.109581
1.131337
0.985792
1.177517
1.177517
1.247186
1.080272
1.142950
0.917952
1.109332
1.109332
1.053249
1.053249
1.142950
1.078192
1.105494
1.084257
1.084709
0.984739
0.883801
1.035307
1.084155
1.100368
1.009763
0.732716
1.034155
0.960742
1.023558
1.168123
1.073302
1.308647
0.948470
0.674763
1.285476
1.449355
1.547256
1.623960
0.899332
1.649927
2.006650
2.077929
2.033954
1.419288
1.724201
1.747669
1.815992
2.077929
2.077929
1.454969
1.067035
1.454969
1.050632
1.050632
1.050632
1.315369
1.198572
1.198572
1.082643
1.731515
1.459037
1.621933
1.082643
1.201718
1.082643
1.176114
1.341228
1.328609
1.310027
1.631210
1.068175
0.914227
1.114726
1.011311
1.026757
1.026757
1.579731
1.246755
1.238484
1.245611
0.985792
1.080272
1.109332
1.569195
1.010693
1.007408
1.020542
0.933213
1.020542
1.084709
1.055491
1.055491
1.055491
1.078020
1.085285
0.944365
1.168123
0.899332
1.270738
0.899332
0.899332
1.270738
1.649927
2.006650
1.588301
2.116204
1.278112
2.116727
1.815992
2.116204
1.783494
2.033954
2.023463
1.847961
1.783945
1.517220
1.033792
1.025406
0.970734
1.001586
0.970734
0.961622
0.961622
0.892839
1.175455
1.077869
0.949699
1.298358
1.339481
0.948162
1.218976
1.342496
1.238484
1.235203
1.177517
0.953253
1.520408
1.438977
1.569195
1.150989
1.199338
1.105494
0.963152
0.905378
1.020542
1.051036
1.051036
0.969303
1.051036
0.928124
1.100368
1.100368
0.827861
0.987589
1.081725
0.987589
1.085285
1.023558
1.073302
1.226500
1.226500
1.443584
1.539274
0.692367
1.588301
1.899371
2.116204
2.116204
2.033954
1.724201
2.006650
2.006650
2.116204
1.740225
2.023463
1.354090
1.354090
1.033792
0.953105
0.939619
0.953105
0.874053
0.939619
1.114726
1.218976
1.042025
1.245611
1.448186
1.620391
1.079173
1.166671
1.235203
1.166671
1.395948
1.166671
1.235203
1.235203
1.134966
1.090767
1.005692
0.946977
1.024918
0.987589
0.944365
1.023558
1.168123
1.226500
0.574176
1.320119
1.600070
1.535760
0.471827
1.535032
1.160158
1.160158
1.270738
1.160158
1.899371
1.962711
2.006650
1.869571
1.270738
1.270738
1.783494
2.116204
1.553602
1.553602
1.162580
1.162580
1.245872
1.084738
0.953105
0.939619
0.921078
0.886194
1.001586
1.001586
0.961622
0.899814
1.077869
1.118444
1.334804
1.448186
1.334804
1.177517
1.235203
1.156108
1.156108
1.395948
0.999359
1.150989
1.199338
1.125360
1.193527
1.097479
1.090767
0.978732
0.978732
1.007408
1.020542
1.005692
1.051036
0.969303
0.983823
0.969303
1.002080
0.904336
1.055491
1.024918
1.024918
1.081725
1.079875
0.944365
1.128934
1.226500
0.931611
0.931611
1.334645
1.869571
1.685565
1.822008
1.962711
1.383497
1.270738
1.854055
1.383497
1.740225
1.731515
1.354090
1.162580
1.287921
1.162580
1.033792
1.389615
1.491734
1.056243
0.918888
1.309068
1.077869
1.077869
1.218976
1.218976
1.469382
1.300073
1.245611
1.267850
1.238484
1.255461
1.017171
1.235203
1.413564
1.199338
1.193527
1.092076
1.092566
0.928124
1.088680
1.079875
1.258450
1.076196
1.076196
1.023558
1.318492
0.515134
1.249738
1.334645
1.724585
1.899371
0.931611
0.931611
1.334645
1.886681
1.724585
1.588301
2.033954
1.995557
1.783494
1.775437
1.775437
1.635341
1.287921
1.094466
1.094466
0.933698
0.918295
0.940541
1.131076
1.131076
0.918888
1.056243
1.309068
1.168691
1.168691
1.483061
1.373135
1.626289
1.166671
1.255461
1.235203
1.336804
1.150989
1.448131
1.448131
1.193527
1.261069
1.226005
0.978732
0.949261
1.001849
0.957711
1.079359
0.964112
0.836897
0.987557
1.088680
0.996219
1.079875
1.076196
1.233193
1.233193
1.620339
1.334645
1.620339
1.822008
1.334645
1.481719
1.724585
0.533372
1.854055
1.973759
1.995557
1.596776
1.596776
1.580185
1.817408
1.853679
0.565316
0.495823
1.553602
1.463344
1.287921
1.114007
1.148157
1.032681
0.984070
1.032681
0.940541
1.503605
0.992383
0.992383
1.300073
1.300073
1.267850
1.441854
1.170556
1.461920
1.461920
1.336804
1.278381
1.363932
1.114305
0.978732
0.978732
0.978732
1.255038
1.005692
1.097016
1.219608
1.005692
0.983823
0.983823
0.964112
0.987557
0.987557
0.974445
0.974445
1.128934
0.718190
1.443584
0.515134
1.685565
1.249738
0.526238
0.515134
0.471827
1.685565
1.822008
1.886681
1.854055
1.854055
1.775437
0.495823
0.495823
0.386254
1.430830
1.287921
1.245872
1.491734
1.491734
1.422275
2.010154
0.883104
2.344047
2.079825
1.593478
1.593478
1.502090
0.992383
1.168691
1.300073
1.562280
1.398705
1.086192
1.407715
1.255461
1.255461
1.255461
1.441854
1.127361
1.413564
1.127361
1.127361
1.170556
1.267317
1.170556
1.350868
1.170556
1.448131
1.128968
1.363932
1.097479
1.097479
1.246389
0.882579
0.949261
1.056512
1.092566
1.092600
1.079276
0.983823
1.005903
0.964112
1.001849
0.964112
1.018653
1.187543
0.996219
0.935975
0.996219
1.076196
0.497267
0.620801
1.233193
1.128934
1.202463
0.574176
0.417879
1.886681
1.572342
1.620339
1.724585
1.631660
1.384116
1.874552
1.685565
1.692421
0.672628
0.764026
0.752552
0.481218
0.481218
1.463344
1.131033
1.270010
1.463344
1.130255
1.114007
1.094466
1.032681
0.984070
0.921078
1.453030
0.933698
1.491734
0.940541
1.345786
2.175980
2.053646
2.303791
1.491796
1.422275
2.010154
2.010154
1.422275
1.707762
2.002716
2.205921
1.556646
1.833824
0.966760
0.883104
1.056243
2.214284
1.916532
1.114184
1.114184
1.624851
1.435541
1.373135
1.373135
1.537649
1.033342
1.278152
1.512256
1.061861
1.267161
1.155220
1.261069
1.410319
1.274277
1.274277
1.017215
1.017215
0.990823
1.040454
1.020207
1.020207
1.072774
1.037812
0.620801
1.072774
0.497267
0.474160
0.561112
0.574176
1.254161
1.382711
0.464085
0.389312
1.620339
1.549787
0.928217
1.668762
1.753031
1.753031
1.822008
1.549787
1.464008
1.464008
1.665372
1.481719
1.580185
1.671676
1.635341
1.635341
0.752552
1.002659
0.944083
1.034188
1.158822
1.226270
1.453030
1.011828
1.627321
1.345786
2.183374
2.090862
2.100600
2.100600
2.100600
0.913614
2.248001
2.267188
2.127805
2.100600
1.917446
2.174384
2.326786
1.917446
2.267188
0.992689
1.180805
1.314426
1.170556
1.134816
1.278152
1.155220
1.350868
1.336804
1.244289
1.097310
1.246389
1.122719
1.052587
1.108091
1.193527
1.130695
1.247152
1.417200
1.247152
1.130695
1.017215
1.056512
1.079276
1.005903
1.092600
1.005903
1.187543
1.018753
1.018753
0.987557
1.018753
1.037812
0.974445
1.037812
1.204979
1.138636
1.204979
0.474160
1.415056
1.635877
1.668762
1.635877
1.426626
1.549787
1.550805
1.426626
1.753031
1.668762
1.668762
1.550805
1.692421
1.692421
1.423147
0.854928
1.131033
1.270010
1.131033
0.991343
0.993228
1.090864
1.148157
1.281030
1.245872
1.685693
2.183374
1.785392
1.011828
2.249602
1.698017
1.800605
1.931839
1.707762
1.707762
1.800605
0.918295
1.867520
2.167703
2.303791
2.260645
2.167703
0.966760
0.966760
2.344047
1.875202
2.326786
2.127805
2.127805
2.174384
2.174384
2.326786
1.114184
2.326786
1.624851
1.021170
1.435541
1.512256
1.182466
1.267161
1.267161
1.155220
1.261069
1.432237
1.520275
1.363932
1.274277
1.274277
1.418124
1.147188
1.056512
1.056512
1.189902
1.244211
1.189902
1.005903
0.964112
1.005287
1.005287
1.072774
1.072774
1.167942
1.167942
1.171803
1.753031
1.550805
1.558702
1.587209
1.416076
1.571412
1.423147
1.423147
0.986554
0.916343
1.318609
1.318609
1.318609
1.785392
1.931839
1.698017
1.627321
2.183374
1.627321
2.249602
1.800605
1.698017
1.486721
2.050814
2.050814
2.090862
2.053646
2.053646
1.833824
1.707762
2.249602
2.053646
1.867520
2.167703
2.248001
2.223005
2.090862
2.309236
2.309236
2.214284
2.309236
2.174576
2.360661
2.127805
1.924302
1.924302
2.174576
2.239594
2.365108
2.365108
1.624851
1.136913
1.136913
1.180805
1.187859
1.187859
1.187859
1.244289
1.209517
1.363932
1.274277
1.322955
1.323079
1.092600
1.189902
1.127006
1.127006
1.139964
1.046436
1.053227
1.090237
1.018753
1.049569
1.037812
1.114860
1.204979
1.138636
1.276000
1.398062
1.336382
1.635877
1.550805
1.684527
1.571412
1.425591
0.854928
1.053546
1.148157
1.318609
2.003500
1.020477
1.795308
1.795308
1.795308
2.028082
1.931839
1.795308
1.619842
2.050814
2.175980
2.262156
1.994719
2.083869
1.800605
2.050814
1.867520
1.867520
1.977767
1.977767
2.214284
2.248001
1.875202
1.916532
2.326786
2.183223
2.267188
2.302466
1.991100
2.171341
2.365108
1.846738
2.360661
2.112729
1.224196
1.136913
1.522599
1.180805
1.180805
1.249116
1.344935
1.201179
1.278152
1.134816
1.078853
1.009277
1.155220
1.155220
1.386156
1.108091
1.216158
1.216158
1.261069
1.432237
1.432237
1.586423
1.475716
1.386123
1.109094
1.146424
1.410635
1.162867
1.146424
0.964112
0.964112
0.964112
1.005287
0.808657
0.751491
0.650556
0.668670
1.442981
1.390506
1.655840
1.494637
1.655840
1.448377
1.475031
1.475031
1.654349
1.571412
1.425591
1.178921
1.178921
1.062689
1.038878
0.991343
1.080868
1.062689
0.993228
1.624691
1.723827
1.621069
1.587164
2.024062
2.132885
2.028082
1.621069
1.685693
0.944067
1.655619
2.262156
1.930515
2.168632
1.998480
1.998480
1.655619
1.685534
1.073115
1.840222
1.994719
1.716243
0.964919
1.890800
2.171341
1.991100
1.890800
0.929038
1.114184
2.221252
2.183223
2.221252
2.302466
1.169243
2.450486
2.269809
1.864781
2.147492
1.224196
1.435541
0.994603
1.370566
1.344935
1.344935
1.278152
1.282216
1.182466
1.386156
0.776633
1.031572
1.031572
1.216158
1.270745
1.520275
1.586423
1.369108
1.386123
1.162867
1.247963
1.247963
1.113313
1.162867
0.986412
1.053227
0.986412
1.005287
0.894825
0.921894
1.020207
0.878676
1.110839
1.114860
1.114860
1.313854
1.448377
1.494637
1.398062
1.529187
1.655840
1.635182
1.587834
1.425591
1.337152
1.337152
1.116010
1.131731
1.624691
1.012707
1.723827
1.838829
1.838829
1.795308
1.501033
1.921607
1.587164
2.166583
2.024062
2.003500
2.003500
1.619842
1.501033
2.262156
2.302859
2.166583
1.619842
1.921607
2.262156
1.073115
0.989136
2.083869
1.994719
1.685534
1.685534
1.716243
1.957762
1.904859
1.904859
1.977767
1.957762
1.957762
2.223005
2.171341
1.904859
1.991100
1.904859
2.171341
1.114184
1.061606
2.263140
2.263140
2.112729
2.006375
2.263140
2.112729
2.147492
1.864781
2.239594
2.275256
2.239594
2.357651
2.147492
2.357651
1.227418
1.227418
1.345461
1.249116
1.648130
1.344935
1.267317
1.201179
1.406543
1.000754
1.406543
1.031572
1.374058
1.216158
1.432237
1.586423
1.666384
1.586423
1.666384
1.369108
1.666384
1.386123
1.386123
1.211834
1.386123
1.224021
1.113313
1.162867
1.146424
1.162867
0.962134
0.986412
1.053227
0.894825
1.049569
1.114860
1.171803
1.276000
1.390506
1.378170
1.494637
1.371568
1.398062
1.314070
1.494637
1.398062
1.635182
1.529187
1.684527
1.361716
1.428636
1.654349
1.116010
1.456013
1.723827
1.624691
1.739717
2.024062
1.486745
1.350049
1.423002
0.980301
2.025643
1.621069
1.621069
1.350049
2.132885
1.621069
1.930515
1.621069
1.921607
2.262156
2.083869
1.930515
1.619842
1.038582
1.716243
1.716243
1.882138
1.799127
0.913614
1.840222
1.957762
1.799127
1.021254
1.991100
1.558736
1.991100
1.991100
2.239594
2.239594
2.269809
1.885801
2.450486
1.156995
2.112729
1.885801
2.450486
2.147492
2.357651
2.327044
1.457266
1.864781
2.113234
1.249116
1.053792
1.209764
1.432554
1.356347
0.951492
0.744040
0.976208
0.836285
0.836285
1.520275
1.520275
1.013824
1.170865
1.192413
1.146424
1.162867
1.190625
1.080016
1.012439
1.080016
1.104764
0.977709
1.098824
1.098824
1.110839
1.484215
1.362100
1.494637
1.362258
1.684527
1.567533
1.366894
1.541657
1.541657
1.038878
0.764076
1.038878
1.131731
1.456013
1.053017
1.486745
1.624691
1.914330
2.166583
1.851387
1.006333
1.668032
1.636956
2.046063
1.889115
1.889115
1.619842
1.685534
1.840222
2.021528
0.941483
0.929038
1.904859
1.837672
2.250225
1.169243
1.749710
2.171341
2.373999
2.275256
1.864781
2.147492
2.357651
1.224196
2.076135
1.056779
2.113234
2.068246
1.578664
1.109996
1.820315
1.093772
1.282216
1.061432
1.078853
1.282216
1.078853
1.246114
1.250493
0.439777
0.565669
1.031572
1.108091
1.180880
1.456275
1.456275
1.456275
1.520275
1.586423
1.496422
1.589145
1.496422
1.344325
1.466834
1.072252
1.036755
1.012439
1.072252
1.012439
1.098824
1.088117
1.088117
1.098824
1.110839
1.204979
1.371568
1.349070
1.371568
1.314070
1.339822
1.625116
1.261968
1.366894
1.366894
1.245624
1.245624
1.168829
0.764076
0.949520
1.073462
0.791688
0.791688
1.045937
1.418110
1.804384
1.935543
1.935543
1.804384
1.648482
1.454126
1.668032
1.668032
1.976034
2.132885
1.619842
1.708302
1.861043
1.708302
1.889115
2.123296
1.708302
1.807798
1.882138
2.063555
1.882138
1.916830
1.807798
1.916830
1.890800
2.194280
2.159432
0.941483
2.006375
2.618964
2.368453
2.618964
2.518907
1.815522
1.815522
2.076135
1.728690
2.499766
2.340256
1.797578
2.340256
1.109996
1.309415
1.029070
1.445955
0.592410
0.565669
1.589896
1.589145
0.962134
1.224021
0.989936
0.962134
1.036755
1.012439
1.104764
0.977709
1.049569
1.032823
1.032823
1.088117
1.110839
1.309147
1.349070
1.250118
1.362100
1.221917
1.221917
1.421063
1.557551
1.521996
1.261968
1.366894
1.092802
0.932781
1.418110
1.300182
1.300182
1.648482
1.648482
1.648482
1.456013
1.790486
2.088804
2.104091
2.104091
0.957494
1.914330
1.768635
1.668032
1.454126
2.151598
1.708302
1.636956
1.080214
0.944067
2.046063
2.046063
1.073115
1.089953
2.123296
2.058014
2.058014
2.063555
2.021528
2.159432
2.168622
2.159432
1.815522
2.254712
2.518907
2.340256
2.068246
2.499766
1.728690
2.068246
1.728690
1.578664
1.332487
1.332487
1.209764
1.209764
1.078853
1.093197
1.093772
0.913290
0.439777
1.006096
1.102340
1.374058
1.589896
1.496422
1.589145
1.466834
1.466834
1.224021
0.975070
0.989936
1.036755
1.036755
1.072252
1.072252
1.127334
1.072252
1.104764
1.032823
1.032823
1.032823
1.198310
1.110839
1.217010
1.309147
1.309816
1.309147
1.360732
1.594922
1.647180
1.428636
1.366894
1.168829
1.586591
1.300182
1.804384
1.935543
1.935543
1.935543
1.012707
1.914330
1.668032
1.423002
1.914330
1.636956
1.768635
1.708302
1.708302
1.861043
2.123296
1.922030
2.168670
1.889115
1.882138
1.889115
1.807798
2.032903
2.168670
2.021528
2.021528
2.169805
1.916830
0.976142
0.941483
1.874802
2.250225
1.159343
1.485948
2.518907
2.373999
2.254712
2.371073
2.618964
0.984812
0.954505
1.110617
2.368453
2.499766
1.111291
1.111291
2.340256
1.330376
1.728690
1.209764
1.335944
1.335944
1.029070
0.948481
0.409789
0.744040
0.933549
1.102340
1.290575
1.071223
1.374058
1.188426
1.374058
1.589896
1.399335
1.489995
1.322176
1.224021
0.988628
1.016716
0.962607
1.074172
1.077600
1.217010
1.190467
1.223597
1.223597
1.360732
1.270209
1.339098
1.371568
1.410704
1.535229
1.557551
1.245624
0.764076
0.764076
0.959243
1.073462
1.063914
0.764076
1.325006
1.602067
1.633843
1.558403
1.633843
1.648482
1.423002
1.715894
1.790486
2.088804
2.308452
1.636956
1.922030
1.922030
1.889115
2.123296
1.115044
1.115044
2.032903
2.166518
1.916830
2.026687
2.103933
0.964919
1.874802
2.169805
2.159432
2.169805
2.159432
2.186964
2.250225
1.156995
1.647823
2.518907
2.371073
2.068246
1.797578
1.332487
1.003244
0.998859
0.409789
1.290575
1.489995
1.322176
1.466834
1.224021
1.170837
1.170837
0.987786
0.987786
0.997680
1.016716
1.018210
1.018210
1.119071
1.088117
1.074172
1.077600
1.285781
1.270209
1.313363
1.314070
1.394801
1.394801
1.680697
1.113813
1.647180
1.647180
0.959243
1.158817
1.158817
0.959243
1.158817
1.158817
1.418023
1.092802
1.558403
1.558403
1.663866
1.868241
1.825372
1.663866
1.715894
1.906796
2.017719
2.017719
2.151598
2.335487
1.115375
1.115843
2.335487
1.922030
1.838436
1.120064
1.922030
2.091948
1.882138
2.091948
1.041163
1.647823
2.169805
2.180610
2.250225
2.250225
2.186964
2.371073
2.371073
2.281168
1.273870
1.480672
2.340256
2.173409
1.450549
1.564720
1.450549
1.354264
1.228735
1.254328
1.326761
1.029070
0.686605
0.409789
0.795879
0.726006
0.592410
0.905325
0.808637
1.290575
1.399335
1.399335
1.489995
1.322176
1.170837
0.975070
0.975070
0.987786
0.965423
0.997680
1.016716
1.016716
1.119071
1.136526
1.088117
1.198310
1.190467
1.302576
1.339098
1.223597
1.394801
1.410188
1.301490
1.301859
1.301859
1.272676
1.272676
1.208726
1.248573
1.189418
1.408741
1.189418
1.479815
1.176284
1.325006
1.558403
1.325006
1.479815
1.663866
1.479815
1.602067
1.334081
1.602067
0.994351
2.017719
2.190664
2.190664
2.335487
2.460559
2.166518
2.032903
2.166518
2.169805
1.692833
2.186964
2.371073
1.329406
2.328889
1.593774
2.281168
1.564720
2.281168
2.173409
1.674377
1.450549
1.228735
1.674377
1.674377
1.254328
0.493187
0.409789
0.549957
1.375995
1.489995
1.400443
1.336388
1.336388
1.170837
0.975070
0.990679
0.975070
0.988628
0.997680
0.957931
1.075695
1.016716
1.136526
1.119071
1.074172
0.787637
1.296282
1.302576
1.339098
1.159160
1.228030
1.292030
1.479895
1.479895
1.189418
1.507235
1.279309
1.408741
1.633843
1.558403
1.602067
1.669162
1.663866
1.985568
2.017719
0.986478
0.969458
2.017719
1.985568
2.190664
1.115044
2.460354
1.115044
1.647823
1.450549
1.112444
1.330660
1.450549
1.270024
1.228735
1.120687
1.031874
1.194441
0.493187
0.493187
0.549957
0.846271
0.885127
0.996859
0.808637
1.134439
0.938748
1.071223
1.236124
1.375995
1.236124
1.236124
1.271499
1.481846
1.214371
1.210083
1.210083
0.975070
0.965423
0.997680
1.119071
1.091776
1.074172
1.153466
1.198310
1.153466
1.153466
1.232948
1.214569
1.112117
1.302576
1.339098
1.228030
1.297607
1.224155
1.267890
1.267890
1.429480
1.332369
1.113813
1.217569
1.272676
1.249253
1.260992
1.306627
1.325006
1.396223
1.415491
1.416621
1.567322
1.663866
1.325006
1.628710
1.868241
1.133631
2.324767
2.541859
2.163147
1.041163
1.122441
2.460354
2.460354
2.163147
2.166518
2.013458
1.894298
1.647823
1.368189
1.268365
1.181759
1.254328
1.076836
1.120687
1.194441
1.331272
0.538280
0.885127
0.885127
1.071640
1.236124
1.399335
1.271499
1.271499
1.312201
1.300692
1.214371
1.170837
1.090375
1.210083
1.214371
1.132176
0.990679
0.958365
0.965477
0.958365
0.958365
0.957931
1.075695
1.020217
1.088072
1.088072
1.198310
1.214569
1.112117
1.159160
1.309557
1.364806
1.497389
1.319295
1.301490
1.224155
1.217569
1.224155
1.238474
1.171861
1.255822
1.189418
1.255822
1.279309
1.244824
1.284637
1.089351
1.071627
1.199584
1.502495
1.474332
1.418023
1.284637
1.502495
1.199584
1.416621
1.416621
1.069908
0.924850
2.002325
2.031970
1.133631
1.122558
2.103529
2.163147
1.704203
1.082052
1.076836
1.369920
1.134439
1.071640
1.130075
1.300692
1.300692
1.300692
1.300147
1.214371
0.989590
1.020217
0.989590
1.020217
1.088072
1.075695
0.646446
0.608282
1.204283
1.204283
1.204283
1.153466
1.232948
1.079724
1.232948
1.294309
1.130071
1.432960
1.148489
1.332369
1.332369
1.217569
1.229460
1.238474
1.284637
1.628710
1.051649
1.807158
1.812292
2.002325
2.031970
2.031970
2.164180
2.164180
2.342719
2.342719
2.397750
2.397750
2.044125
1.709421
1.246691
1.704203
1.702828
1.704203
1.702828
1.412367
0.995627
1.314350
1.412367
1.330660
1.268365
0.865864
1.169083
1.169083
1.010197
0.602799
0.623176
0.808637
0.623176
0.623176
0.761964
0.761964
0.938748
1.130075
1.216392
1.116263
1.216392
1.300692
0.897457
1.141650
1.214371
1.210083
1.208848
0.965477
0.957931
1.075695
1.040514
1.163372
1.088072
1.094338
1.153466
1.232948
1.079724
1.232948
1.214569
1.159160
1.159160
1.305475
1.332369
1.332369
1.217569
1.185295
1.186208
1.186208
1.284637
1.133134
1.133134
1.284637
1.199584
1.284637
1.199584
1.807158
2.002325
1.045404
2.176333
2.307514
2.342719
2.307514
1.145895
2.296897
2.296897
2.296897
1.948563
1.948563
1.704203
1.132623
1.159343
1.281555
1.083740
1.210977
1.354264
1.076836
1.042653
1.010197
1.010197
1.154194
0.602799
0.602799
1.116263
1.216392
1.262280
1.201823
1.300692
1.300692
1.134164
1.090375
1.134164
1.126453
0.954696
1.126453
1.208848
1.186035
1.186035
0.981401
0.958365
1.204283
1.211777
1.079724
1.319295
1.155675
1.271993
1.373241
1.334944
1.031276
1.031276
0.980945
1.674513
2.176333
2.099899
1.590978
1.766806
2.307514
2.278459
1.131657
2.044125
1.519942
1.344164
1.644773
1.061682
1.368189
1.268365
1.076836
1.086160
1.042653
0.955370
1.169083
1.185949
1.076877
0.998088
0.969835
1.076877
1.141650
1.076877
0.969835
0.891128
0.864011
1.165996
1.165996
1.165996
0.830209
0.965477
0.746501
0.746501
1.015113
0.981401
0.982934
0.982934
1.054631
1.094338
1.032905
1.211777
1.883190
1.048111
1.364806
1.155675
1.185295
1.185295
1.206564
1.199584
1.334944
1.474332
1.069908
1.674513
0.985103
1.783527
1.742022
1.026177
1.122558
1.001553
0.966414
2.278459
1.506660
1.547194
1.540232
1.590282
1.334710
1.487361
1.648676
1.519942
1.590282
1.132623
1.558583
1.000974
1.083573
1.213823
1.047147
1.215591
1.015770
1.134164
1.165996
0.981401
0.981401
0.981401
1.015113
0.996989
1.054631
1.054631
1.072903
1.121865
1.048111
1.139081
1.160099
1.224327
1.160099
1.224327
1.174661
1.174661
1.174661
1.155675
1.155675
0.978473
1.042255
1.042255
1.484976
1.529598
1.858591
1.783527
1.858591
1.092269
1.858591
1.823369
1.133631
1.710716
1.823369
1.753420
1.545456
1.506660
1.545456
1.540232
1.558583
1.558583
1.558583
0.818943
1.522174
1.298437
1.298437
1.270024
1.213823
1.152461
1.272044
1.042653
1.042653
1.015770
1.015770
1.015770
0.864011
1.122700
1.137475
1.193769
1.193769
1.193769
0.746501
1.003117
0.982934
0.787637
0.982934
0.968312
1.072903
1.094338
1.094338
1.094338
1.121865
1.211777
1.211777
1.385287
1.279174
1.279174
1.150529
1.126182
1.303814
1.303814
1.278452
1.230382
1.306627
1.298065
1.373241
1.529598
1.055921
1.529598
1.783527
1.674513
1.783527
1.742022
1.045404
1.753420
1.753420
1.026177
1.710716
1.545456
1.528571
1.539601
1.506660
1.081686
1.618872
1.540232
1.540232
1.022634
0.964449
1.648676
1.725956
1.522174
1.207340
1.161094
1.134164
0.891128
0.822241
1.133751
1.165996
1.069384
1.069384
0.981401
0.998601
1.090515
1.015113
0.982934
1.007297
1.010512
1.057217
1.210589
1.091859
1.048111
1.150529
1.317232
1.318060
1.303814
1.148489
1.303814
1.085475
1.174661
1.085475
1.174661
1.085475
1.155675
1.135806
1.149080
1.149080
1.199527
1.186208
1.319788
1.484976
1.479546
1.529598
1.674552
1.001553
1.674552
1.710716
1.160893
1.179329
0.977550
1.006992
1.539601
1.224197
1.204524
1.081686
1.293229
1.547194
1.539601
0.775930
1.022634
1.618872
1.648676
1.212525
1.212525
1.725956
1.083573
1.522174
0.921417
1.039435
1.049461
1.357881
1.161094
1.161094
1.102639
1.161094
1.109891
0.822241
0.822241
0.919733
1.028712
0.919733
1.028712
1.028712
1.133751
0.950583
0.998601
0.993777
1.007297
1.032067
1.057217
1.032067
1.068648
1.121865
1.107228
1.139081
1.126182
1.085475
1.077778
1.135806
1.366749
1.366749
1.373241
1.373241
1.491141
1.476032
1.742022
1.377915
1.243400
1.013315
1.053384
1.122383
1.127981
1.127981
1.053384
1.229570
0.886913
1.293229
0.840930
1.265663
1.293229
1.172515
1.214772
1.265663
1.042134
1.214772
0.850670
1.214772
1.200914
1.245245
0.996935
1.102639
1.157429
1.028712
1.023596
0.822241
0.897197
0.830209
0.787637
0.782372
1.133751
1.069384
0.998601
0.998601
1.003117
0.968312
0.968312
0.968312
1.007297
1.104933
1.133203
0.987236
1.029517
0.987236
1.076306
0.987236
1.151307
1.204430
1.095404
1.307542
0.938435
1.527314
1.527314
1.476032
1.476032
1.391751
0.938407
1.476032
0.969755
1.391751
1.325082
1.270889
1.214446
1.013315
1.223101
1.223101
1.053384
1.225656
1.220070
1.245626
1.223101
1.099390
0.977550
0.934055
1.229570
1.272618
1.099390
1.114590
1.099390
1.263701
1.229570
1.263701
1.196508
1.350535
1.260854
1.265663
1.260854
1.042134
1.245245
0.850670
0.996935
1.000974
1.084185
1.197430
1.223161
1.224529
1.157429
1.023596
1.023596
1.090515
0.998601
1.025491
0.972685
0.972685
1.033346
0.968312
1.019457
1.007297
1.032067
1.097477
1.107228
0.977224
1.150529
1.126182
1.126182
1.126182
1.126182
1.135806
1.228469
1.278452
1.095404
1.267081
1.279605
1.267081
1.064835
0.978473
1.279605
1.330513
1.491141
1.017064
1.391751
1.225905
1.013315
1.325082
1.214446
1.090675
1.144634
1.141401
1.141401
1.127981
1.141401
1.099390
1.236122
1.084974
1.293930
1.211166
1.272135
0.962247
1.101243
1.118283
1.101243
1.293930
0.887417
0.782372
0.897197
1.043058
0.986504
0.998601
1.054004
1.007297
1.041242
1.097477
1.091859
1.046513
1.091859
0.983047
0.983047
0.977224
1.077166
1.330513
1.491141
1.008187
1.008187
1.386533
1.506255
1.506255
1.013900
1.238094
1.089444
1.048773
1.296992
1.027502
0.824239
0.824239
0.995424
0.986504
1.133751
0.943520
1.043058
0.943520
1.043058
1.025491
1.033346
1.025491
1.054004
1.005957
1.015440
1.041242
0.923553
1.029517
1.049587
1.068440
1.068440
1.278452
1.279605
0.602170
1.370968
1.386533
1.087245
1.087245
1.051219
1.084074
1.174330
1.053640
1.053640
0.943520
0.694377
0.926671
1.019457
0.966623
0.966623
1.046513
1.108905
1.077166
1.105978
1.077166
1.141747
1.228469
1.199527
1.177409
0.891634
1.366083
1.366083
1.362466
1.238094
1.013900
1.089444
0.943520
0.582659
0.978153
0.943520
0.986504
0.694377
1.043058
1.025491
1.033346
1.033346
1.033346
1.019457
0.966623
1.046513
1.046513
1.029517
1.108905
0.977224
0.977224
1.049587
1.068440
1.088596
1.077166
1.077166
1.077778
1.135374
1.214708
1.218873
0.945776
1.212024
1.046362
1.245450
1.366083
1.286577
1.054436
1.071485
1.057610
0.949261
0.986915
0.886814
0.582659
0.744063
1.042427
1.042328
1.014297
1.047216
0.966623
1.005957
1.041242
0.923853
1.033423
1.029517
1.019470
1.119706
1.192896
1.043331
1.218873
1.279605
1.400597
1.193118
0.965297
1.238094
1.238094
1.064548
1.016059
1.057610
1.174330
1.174330
0.886814
0.986915
0.886814
0.744063
0.582659
1.027028
1.014297
1.009062
1.036242
1.036242
1.033423
0.910753
1.019470
1.019470
1.117608
1.119706
1.262654
1.218873
1.279605
0.578569
0.876015
0.578569
0.676927
1.245450
1.286138
1.106728
1.016059
1.090631
1.286577
0.582659
0.744063
0.986915
0.986915
1.042427
0.633308
1.060556
1.060556
1.014297
0.992060
0.992060
1.009062
0.984918
0.984918
0.910753
1.019470
1.203895
1.144713
1.083302
1.083651
1.214708
1.281065
1.281065
0.849002
1.193118
0.886814
0.786540
0.902745
0.633308
1.027028
1.014297
1.026148
1.027028
1.036242
1.036242
0.956513
0.923853
1.033423
1.076664
1.019470
1.019470
1.119706
1.153845
1.077166
1.141747
1.152428
1.083651
1.172500
1.258750
0.463787
0.463787
1.080071
1.245450
1.224823
1.060502
1.108220
1.193118
1.095699
1.031182
1.090631
0.786540
0.910216
0.751364
0.633308
1.070613
1.064867
0.595980
1.033423
0.984918
1.066356
1.076664
1.066356
1.119706
1.153845
1.144713
1.092471
1.083651
1.218873
1.262654
0.574305
0.463787
1.224823
0.876015
0.929802
1.073144
0.841102
0.961255
1.082220
0.902745
0.786540
0.902745
0.991361
0.902745
0.902745
1.070613
1.072463
1.064867
0.984918
0.595980
1.070613
1.104025
1.035317
0.896971
1.035317
0.945857
0.945857
1.035317
1.033423
1.007587
1.066356
1.007587
1.066356
1.074451
1.141747
1.141747
1.066964
1.141747
1.092471
1.092471
1.152428
1.035652
0.888421
1.259833
1.229756
0.440109
0.984934
1.229756
0.975775
1.057007
1.224823
0.996542
1.064867
1.054857
1.070613
1.013752
1.104025
0.618122
0.605440
1.070382
1.070382
1.053173
1.131563
1.130885
1.130885
1.050051
1.229756
0.475867
0.574305
0.654441
1.105338
0.984934
0.813479
1.043087
1.004483
1.004483
1.043087
1.128099
0.906220
0.751364
1.104064
1.065827
1.008815
0.956513
0.618122
0.945857
1.070382
0.952954
0.776975
1.070646
0.930428
0.930428
1.099855
1.099855
1.046536
1.066964
1.112252
0.973101
1.091681
0.654441
0.516021
0.897571
1.050051
1.159979
1.259833
0.984934
0.813479
0.813479
0.984934
1.138509
1.043087
0.996542
1.005921
0.906220
1.054857
1.104064
0.762821
1.013752
1.015482
1.070382
0.618122
1.069457
1.070646
0.930428
0.843738
0.819450
1.007587
1.013222
0.944469
0.864592
0.854968
0.864592
0.955328
0.963958
0.874995
0.967507
1.085081
0.716902
1.170119
1.066964
1.170119
0.568933
1.151735
1.131563
1.092471
1.130885
0.925563
0.562478
0.973101
0.750592
0.516021
1.148925
0.750592
0.929688
0.516021
0.774523
0.998564
1.157290
0.942381
0.750592
1.091681
0.654441
0.808479
1.138509
1.081294
0.923675
0.964513
1.078091
1.019912
1.104064
1.035317
1.035317
0.971704
0.605440
0.769039
1.127505
0.968650
0.751708
0.751708
1.001392
1.001392
1.046536
0.963958
0.576470
0.874995
1.074451
1.085081
1.039171
1.112291
1.085081
1.151735
1.045603
1.149729
1.045603
1.051734
1.148925
1.051734
1.181562
1.050051
0.998564
0.815082
1.061110
1.171007
1.019912
0.911157
1.138251
1.170591
0.906647
1.015482
1.015482
1.015482
0.645643
0.597579
1.015482
0.645643
0.819450
1.097373
0.819450
1.097373
0.751708
0.944469
0.864592
0.864592
1.091104
0.864592
0.968650
0.711946
0.854968
1.038159
0.963958
1.099855
0.955328
0.730133
0.738795
1.039171
0.967507
1.039171
1.085081
0.957961
0.933802
1.185315
0.933802
1.181562
1.159979
1.159979
1.049084
0.986955
1.190649
1.065827
1.019912
1.081636
0.971704
1.023496
1.123950
0.968650
0.968650
1.053099
0.963958
1.042501
0.957313
1.085081
0.957961
1.193804
0.957961
1.112252
1.112252
1.181562
1.161272
0.864484
0.923675
1.216127
1.049084
1.027798
0.990589
1.012798
0.984337
1.005921
1.196412
1.170591
0.923986
1.008378
1.015482
0.979650
1.127505
1.112997
1.112997
0.966046
1.038159
1.038159
0.854968
0.967507
0.853299
1.112291
1.112252
1.161272
0.893400
0.893400
1.101992
1.067961
1.002286
0.923986
0.975895
1.097373
1.112997
1.010571
0.960008
0.990776
1.034757
0.990776
0.843664
0.957313
0.812800
0.968532
1.116100
1.116100
0.987419
1.124760
1.156563
1.064791
1.064791
1.190649
1.196412
1.170591
1.138251
1.002286
0.906647
0.906647
1.221537
0.971704
1.008378
1.085455
0.979650
0.939687
0.923341
0.904892
0.923341
0.923341
1.034757
0.967507
1.034757
1.039171
1.131594
1.149957
1.209634
0.982161
0.933679
1.116100
1.156563
1.027798
1.064791
1.064791
1.196412
1.002286
1.008378
1.085455
1.008378
0.979650
0.923986
1.142509
0.979650
0.975895
1.142509
0.966046
1.134734
0.966046
0.960008
0.960008
0.990776
1.034757
1.042501
0.990776
1.131594
0.961140
1.131594
0.982161
1.209634
1.209634
0.961140
1.185315
1.185315
1.125382
0.968532
0.933679
0.929944
1.156563
1.156563
0.929944
1.027798
1.155622
1.012798
1.114263
1.044355
1.097273
1.020253
1.140092
1.067961
0.977324
0.977324
1.123950
1.002286
1.131800
1.221537
1.085455
0.912715
0.979650
1.010571
1.010571
0.949434
0.960008
1.088573
1.134734
1.042501
1.225661
1.143651
0.982161
0.968532
0.995578
1.079747
0.973545
1.076184
1.180604
1.077061
0.891458
1.001840
0.936353
0.992420
1.251902
1.262940
1.232692
1.232692
1.172865
1.172865
0.961140
0.949434
0.881191
1.102434
1.012345
1.012345
0.868147
1.118891
1.067651
1.091509
1.091509
1.007428
0.944614
1.153419
0.977324
0.977324
1.001840
1.001840
1.178445
0.936353
1.001840
1.021156
0.891134
1.251902
0.912715
0.912715
1.262940
0.949434
0.949434
1.225661
0.979079
0.998041
1.225661
0.979079
1.143651
1.143651
1.012345
1.149742
1.091101
0.971153
0.929944
1.067651
0.954662
0.973545
0.984372
0.973545
1.047413
1.077061
1.020253
0.874218
1.055639
1.018896
1.099865
0.953267
0.953267
0.992420
0.936353
0.992420
1.021156
1.123049
1.232692
1.232692
1.230854
1.230854
0.979079
1.149742
1.149742
1.012345
0.971153
1.012345
1.118891
0.971153
0.878692
1.007428
1.091509
1.091509
0.911944
1.020253
0.836102
1.091781
0.944671
1.075805
0.944671
0.901110
1.395828
1.045410
1.055109
0.929462
1.095713
1.225661
0.998767
1.225661
1.037364
1.096405
1.091101
0.912758
1.012405
0.868150
0.954662
1.077061
0.874218
0.977324
0.953267
1.008865
0.944671
1.029906
1.091781
1.085266
0.990314
1.108334
0.961982
1.108334
0.929462
1.017793
0.995867
1.043425
0.961982
1.145277
0.986224
0.988712
0.878692
1.091509
0.952954
0.952954
0.942669
0.911944
0.874218
1.091781
1.184658
1.079897
1.184658
0.998767
1.001631
1.043425
1.044239
1.043425
0.952954
1.016601
0.904993
0.866095
0.904993
0.866095
0.904993
0.874218
0.904993
0.874218
0.842352
1.029906
1.029906
1.085266
1.123049
1.117867
1.085266
1.183005
1.184658
1.096179
1.096179
1.060992
1.060992
1.077867
0.998767
1.044239
1.071881
1.016601
1.016601
1.063146
0.942669
1.063146
0.866095
0.911944
1.018896
0.953267
0.890512
0.834534
1.029906
0.959258
1.057051
1.095713
0.975687
1.095713
1.095713
1.024784
0.984349
1.040533
0.940081
1.060992
0.742001
0.751295
0.890512
0.834534
0.834534
0.860438
0.961742
0.955327
1.057051
0.975687
1.057051
0.940081
0.940081
0.891706
0.860438
0.860438
0.893458
0.860438
0.993932
0.890512
0.993932
0.998414
0.992314
0.961742
1.010252
0.893458
0.471827
1.423002
1.339098
1.883190
1.728690
2.340256
2.173409
1.674377
1.567322
1.529598
1.174661
1.174661
1.309147
1.285781
1.339098
1.309147
1.567322
1.450549
2.068246
1.797578
1.674377
1.674377
2.618964
1.423002
2.183374
1.410635
0.787637
