4865 1 3
1.298697
1.344573
1.275588
1.298697
1.358001
1.244751
1.272620
1.294770
1.214342
1.161179
1.189874
1.265138
1.189874
1.259244
1.265466
1.351578
1.297232
1.326696
1.358569
1.351578
1.358569
1.358569
1.236483
1.358569
1.275588
1.358001
1.341244
1.289226
1.224031
1.224031
1.289226
1.272620
1.214342
1.249135
1.228707
1.198355
1.119050
1.141302
1.215973
1.184140
1.196327
1.259244
1.161179
1.279546
1.297232
1.351578
1.196327
1.224648
1.360337
1.347918
1.212618
1.172431
1.291777
1.172431
1.341244
1.169496
1.291777
1.214342
1.198355
1.220974
1.251867
1.269268
1.251867
1.284385
1.190349
1.250129
1.220974
1.204246
1.091843
1.119182
1.170259
1.234447
1.119050
1.164161
1.234447
1.196327
1.360061
1.361885
1.360337
1.353958
1.172431
1.184637
1.169496
1.353958
1.347918
1.333931
1.301851
1.301851
1.169496
1.169496
1.163501
1.225235
1.220974
1.225235
1.179699
1.190349
1.204246
1.190960
1.070093
1.089532
1.192132
1.209113
1.113565
1.119050
1.130202
1.170259
1.260501
1.326700
1.294936
1.371238
1.319464
1.164161
1.336820
1.366372
1.366372
1.236483
1.366985
1.460964
1.212618
1.449394
1.432421
1.172431
1.340462
1.345838
1.306878
1.284385
1.343448
1.157686
1.163501
1.284385
1.266119
1.190349
1.179699
1.266119
1.281820
1.179699
1.173276
1.179699
1.268484
1.225235
1.089532
1.170519
1.133746
1.133746
1.209113
1.209113
1.260501
1.371238
1.410014
1.277631
1.434635
1.460964
1.444912
1.455102
1.335577
1.455102
1.432421
1.250088
1.395604
1.420821
1.172431
1.395604
1.239604
1.395604
1.219226
1.316971
1.316971
1.192082
1.219226
1.281820
1.184734
1.148080
1.223762
1.223762
1.207177
1.207177
1.169554
1.207177
0.997698
0.997698
1.027326
1.057547
1.057547
1.209113
1.113565
1.157809
1.274281
1.274281
1.326700
1.379258
1.379258
1.410014
1.415655
1.444912
1.444912
1.442943
1.455102
1.262434
1.422468
1.406876
1.432421
1.422468
1.355337
1.349275
1.345838
1.345838
1.233376
1.321761
1.192082
1.186398
1.231789
1.148080
1.124531
1.129635
1.186398
1.129635
0.997698
1.053934
1.053934
1.118096
1.133746
1.223541
1.057547
1.074620
1.223541
1.223541
1.287218
1.338676
1.338676
1.387048
1.438052
1.335577
1.426015
1.422468
1.426015
1.266985
1.349275
1.345838
1.321761
1.192082
1.219226
1.219226
1.268484
1.124531
1.200297
1.200297
1.112830
1.112830
1.129635
1.112830
1.053374
1.005972
0.970910
0.993906
1.073664
1.133746
1.147563
1.148944
1.157866
1.057547
1.225581
1.287218
1.303541
1.362552
1.379258
1.502807
1.442943
1.429023
1.442943
1.438052
1.411837
1.518504
1.335577
1.407846
1.464447
1.481768
1.386560
1.395604
1.414544
1.362339
1.321761
1.281820
1.275267
1.245026
1.161049
1.228724
1.124531
1.192383
1.245026
1.231789
1.091484
1.186398
1.148114
0.961765
0.984416
1.003482
0.929873
1.053374
1.053374
1.072376
1.129012
1.148944
1.148944
1.303541
1.303541
1.453203
1.446173
1.414355
1.415491
1.477469
1.477469
1.405501
1.256414
1.488040
1.489060
1.335577
1.497062
1.489060
1.480423
1.464447
1.480423
1.455732
1.455732
1.415488
1.238494
1.181408
1.228327
1.188102
1.228327
1.102296
1.120728
1.102296
1.120728
1.079967
0.984416
0.961765
0.920171
1.084415
1.005972
1.084415
1.157890
1.064143
1.157890
1.157890
1.157890
1.225581
1.233349
1.233349
1.238032
1.233349
1.318077
1.373330
1.373330
1.414355
1.414355
1.464768
1.477469
1.339597
1.497062
1.463417
1.415488
1.358311
1.113775
1.152415
1.188102
1.113775
1.113775
1.138185
1.139491
1.178492
1.139491
1.102296
1.139491
1.102296
1.139491
1.063347
1.040208
1.063347
1.063347
0.905574
0.920171
0.929873
0.937060
1.003482
1.003482
1.084415
1.157890
1.318077
1.318077
1.316347
1.410587
1.370448
1.370448
1.410587
1.435054
1.410587
1.446173
1.446173
1.446173
1.435054
1.464768
1.339597
1.339597
1.488040
1.378210
1.460390
1.480423
1.437163
1.471630
1.415488
1.352611
1.228327
1.078062
1.096146
1.133937
1.139491
1.096146
1.058901
1.040208
1.040208
0.920171
0.872433
0.937060
0.949483
1.015162
1.160608
1.163557
1.160608
1.233349
1.238032
1.118217
1.385113
1.416978
1.190505
1.405382
1.489741
1.417331
1.472810
1.500773
1.447863
1.465364
1.302258
1.504133
1.537055
1.460390
1.456976
1.464447
1.455732
1.415488
1.362339
1.362339
1.319332
1.113775
1.152415
1.113775
1.113215
1.040798
1.040798
1.133937
1.113215
1.044629
1.019829
1.001606
0.871287
0.906853
0.923593
0.923593
0.947410
0.854989
0.989673
0.998475
0.998475
0.923209
0.923209
1.084777
1.073821
0.929873
1.247044
1.247044
1.331295
1.330316
1.416978
1.374232
1.452823
1.443057
1.443057
1.300496
1.339597
1.300496
1.524096
1.535786
1.500532
1.304170
1.275267
1.062304
1.062304
1.104155
1.145165
1.150783
1.093693
1.001606
1.078844
1.019829
0.840621
0.923593
0.886040
0.855437
0.854989
0.935080
0.933476
1.007313
1.084777
1.164207
1.234856
1.164207
1.247044
1.331295
1.385113
1.127262
1.443057
1.365758
1.443057
1.479581
1.472810
1.500416
1.500773
1.537055
1.529486
1.507815
1.500532
1.238494
1.271145
1.226949
1.181408
1.176734
1.078062
1.078062
1.187116
1.062304
1.145165
1.176734
1.107100
1.107100
1.044629
1.044629
1.064030
1.064030
1.064030
1.053572
0.988742
1.037237
0.786320
0.840621
0.935080
0.865357
1.084777
1.084777
1.164207
1.074824
1.320441
1.326412
1.331295
1.364139
1.374232
1.416978
1.405339
1.316811
1.316811
1.452526
1.500416
1.503816
1.558427
1.507815
1.500532
1.500532
1.310248
1.310248
1.275971
1.250991
1.282408
1.214121
1.266096
1.138366
1.099063
1.239758
1.197616
1.190644
1.144010
1.153282
1.062304
1.150783
1.153282
1.114104
1.001606
1.107100
1.004359
1.053572
1.029004
1.001606
1.004359
1.018051
1.004359
0.974199
0.988742
0.758729
0.786320
0.855437
0.850092
0.865357
0.796150
0.818970
0.821201
0.781218
0.990892
0.948892
1.084777
1.144678
1.231037
1.164207
1.239668
1.162958
1.165492
1.394157
1.374232
1.436119
1.419331
1.460503
1.479581
1.500416
1.505503
1.507815
1.529486
1.558427
1.500532
1.461946
1.352611
1.386143
1.315042
1.355354
1.341725
1.342030
1.395057
1.275952
1.300802
1.275952
1.226949
1.259216
1.176734
1.218063
1.176740
1.199366
1.176740
1.153822
1.022760
1.038318
1.001606
0.982146
1.079232
1.071188
0.985112
0.999072
0.974199
1.023627
0.965171
0.907049
0.945000
0.903384
0.990892
0.990892
1.007313
1.150665
1.073003
1.072040
1.239668
1.320441
1.320441
1.305916
1.353310
1.374232
1.216422
1.436119
1.460503
1.488597
1.551572
1.524759
1.534183
1.410317
1.407986
1.459961
1.386143
1.394101
1.333408
1.386143
1.373614
1.333408
1.259216
1.259216
1.199562
1.220442
1.062304
1.038318
1.133643
1.097422
0.966331
1.090731
1.050082
0.985112
0.985112
1.051485
1.051485
1.051485
0.985112
1.037641
0.977997
0.949082
0.965171
0.977997
0.768885
0.768885
0.768885
0.738649
0.790919
0.796150
0.738649
0.768885
0.839014
0.850092
0.907049
0.907049
0.903384
1.150665
1.157342
1.239668
1.364139
1.208866
1.394157
1.394157
1.382292
1.522499
1.506892
1.522499
1.551572
1.551572
1.556633
1.547966
1.547966
1.525219
1.547966
1.525219
1.500532
1.471630
1.456724
1.391689
1.395057
1.395057
1.266096
1.296393
1.343286
1.342030
1.307876
1.238745
1.238745
1.238745
1.259216
1.176740
1.176740
1.176353
1.176740
1.133643
1.038318
1.038318
1.133210
1.097422
0.985112
0.949082
1.003815
0.965171
0.977997
0.928700
0.941387
0.992200
0.860219
0.915784
1.150665
1.157342
1.157342
1.239620
1.305916
1.323951
1.364139
1.353310
1.419529
1.419529
1.488597
1.460503
1.488397
1.488397
1.539078
1.589581
1.460615
1.507245
1.459961
1.453802
1.445113
1.333408
1.296393
1.238745
1.286671
1.223482
1.223482
1.083277
1.083277
1.133643
1.097422
1.003815
1.010391
0.928700
0.949082
1.003815
0.992200
0.941387
0.941387
0.928700
0.768885
0.714397
0.817860
0.804935
0.850092
0.831322
0.887155
0.915784
0.954643
0.990892
0.982775
1.125835
1.125835
1.073003
1.214606
1.099500
1.113556
1.320441
1.282018
1.364139
1.313499
1.393388
1.382292
1.393388
1.460503
1.488397
1.483577
1.554460
1.674875
1.552369
1.552369
1.626270
1.534183
1.609121
1.491635
1.536831
1.579983
1.491635
1.528539
1.532022
1.491635
1.524759
1.597206
1.507245
1.491635
1.460615
1.507219
1.574202
1.478844
1.391689
1.419916
1.343286
1.343286
1.370809
1.238745
1.262614
1.224589
1.223482
1.192386
1.279226
1.097422
1.097991
0.999072
1.070158
1.055038
1.051485
0.949082
1.026698
1.010391
0.966314
0.922015
0.956549
0.922015
0.928700
0.716200
0.763516
0.763516
0.764484
1.047365
1.047365
1.073003
1.214606
1.214666
1.272104
1.305916
1.368890
1.297325
1.347177
1.368890
1.431282
1.467727
1.554589
1.600015
1.638904
1.638904
1.622665
1.545634
1.621333
1.572821
1.597206
1.572821
1.506987
1.422099
1.373614
1.422099
1.419916
1.364325
1.322542
1.406551
1.350775
1.286671
1.322419
1.232674
1.232674
1.192386
1.152794
1.192386
1.115989
1.115989
1.115989
1.035725
1.026698
0.982868
1.026698
0.922015
0.970545
0.881211
0.956456
0.956456
0.733607
0.831322
0.787210
0.760934
0.893752
0.954643
0.958167
1.047365
1.047365
1.125835
1.214666
1.214606
1.272104
1.313499
1.208866
1.113556
1.313499
1.347177
1.412716
1.451224
1.451224
1.516944
1.554460
1.536078
1.554589
1.585039
1.585039
1.622665
1.653121
1.545634
1.572821
1.609121
1.621333
1.561972
1.506987
1.579983
1.574202
1.578057
1.510185
1.510185
1.507219
1.364325
1.317697
1.307876
1.262614
1.262614
1.192386
1.011849
1.108012
1.108012
0.999072
1.011849
1.070158
0.935719
0.979959
0.958382
1.035725
0.987323
0.982868
0.917727
0.940765
0.899874
0.917727
0.899874
0.781592
0.831322
0.831322
0.844015
0.873808
0.893752
0.893752
0.958167
0.958167
0.949348
1.125835
1.214666
1.076217
1.272104
1.071839
1.138852
1.260634
1.260634
1.197426
1.313499
1.347177
1.347177
1.393388
1.412716
1.483577
1.536078
1.536078
1.595073
1.633925
1.638904
1.653121
1.659675
1.626270
1.622665
1.600015
1.575673
1.670495
1.638904
1.622665
1.609121
1.600015
1.600015
1.628680
1.578057
1.578057
1.406551
1.506987
1.408381
1.406551
1.359866
1.350775
1.350775
1.364325
1.408381
1.307876
1.317697
1.307876
1.307876
1.262614
1.262614
1.274102
1.192386
1.232674
1.189927
1.057070
1.028734
0.979959
1.077122
1.077122
1.077122
1.035725
0.931900
0.958382
0.987323
0.940179
0.922015
0.899874
0.917727
0.899874
0.763516
0.901403
0.901403
0.958167
1.000169
1.031397
1.122492
1.170820
1.214606
1.234757
1.308348
1.297325
1.338305
1.370025
1.412716
1.423356
1.451224
1.495693
1.551032
1.571639
1.554589
1.613254
1.612295
1.649649
1.684560
1.684560
1.634775
1.651351
1.658974
1.621333
1.675903
1.545634
1.575673
1.647540
1.647540
1.606494
1.545634
1.507219
1.406551
1.406551
1.543146
1.543146
1.329266
1.364325
1.293186
1.293186
1.172601
1.152794
1.011849
1.028734
1.108012
1.091716
1.077122
0.979959
1.035725
0.987323
0.922015
0.987323
0.891129
0.953925
0.929633
0.929633
0.899874
0.891129
0.899874
0.925961
0.911320
0.763516
0.804377
0.804377
0.686837
0.704352
0.873808
0.808189
0.873808
0.748746
0.787210
0.876225
0.927891
0.935016
1.069070
1.170820
1.234757
1.260634
1.171171
1.171171
1.258723
1.338305
1.379140
1.379140
1.370025
1.516944
1.474465
1.525705
1.673892
1.659726
1.654179
1.571639
1.679572
1.631022
1.665580
1.665580
1.675847
1.673892
1.678622
1.610042
1.602589
1.663505
1.675847
1.658974
1.649640
1.606494
1.578057
1.506987
1.576829
1.497402
1.556183
1.422099
1.377986
1.408381
1.456245
1.378307
1.433158
1.363183
1.329266
1.247393
1.165881
1.011849
1.128174
1.004519
1.054116
1.054116
0.931900
1.010001
1.010001
0.954505
0.891129
0.954505
0.911320
0.858543
0.695581
0.720344
0.738047
0.876225
0.733607
0.880062
0.935016
0.937337
0.937337
0.935016
1.170820
1.170820
1.046253
0.980114
1.151254
1.234757
1.222660
1.291935
1.258723
1.308348
1.338305
1.239665
1.379140
1.423356
1.503132
1.648568
1.679572
1.631022
1.648821
1.638487
1.612295
1.663505
1.651351
1.610042
1.634775
1.684560
1.678622
1.647540
1.649640
1.527618
1.610739
1.610739
1.491571
1.432786
1.543146
1.363183
1.363183
1.377986
1.247393
1.202152
1.202152
1.202152
1.172601
1.125905
0.950851
1.016344
1.002092
0.953925
0.876847
0.858543
0.670281
0.720344
0.664167
0.695581
0.644766
0.808189
0.804377
0.876225
0.880062
0.880062
0.994042
0.937337
0.994042
1.151254
1.222660
1.203167
1.222660
1.258723
1.258723
1.291935
1.338305
1.338305
1.258720
1.357344
1.317332
1.439222
1.479557
1.619163
1.641521
1.646535
1.654179
1.679572
1.651351
1.684560
1.566803
1.610042
1.651667
1.606494
1.606494
1.606494
1.433158
1.543146
1.363183
1.432786
1.433158
1.363183
1.329266
1.237572
1.134495
1.054116
1.054116
1.010001
0.958723
0.891129
0.891129
0.953925
0.954505
0.876847
0.911518
0.858543
0.858543
0.897874
0.897874
0.876847
0.890072
0.684182
0.808189
0.906408
0.880062
0.889453
0.994042
1.069070
1.103119
1.151254
1.203030
1.106614
1.185446
1.240144
1.301633
1.277912
1.343002
1.264954
1.364310
1.402282
1.439222
1.474465
1.512414
1.641521
1.648568
1.633409
1.612295
1.580914
1.658043
1.646535
1.665580
1.659432
1.612295
1.612295
1.673892
1.679572
1.673892
1.678622
1.678622
1.678622
1.675903
1.684560
1.684560
1.651667
1.587882
1.546906
1.566803
1.651667
1.648560
1.651667
1.649640
1.514336
1.606494
1.527618
1.378307
1.377986
1.204267
1.139493
1.172601
1.091716
1.091716
1.013759
0.950851
0.970247
1.029131
0.958723
0.954505
0.858543
0.888041
0.734793
0.766068
0.839142
0.833289
0.839142
0.906408
1.027979
1.027979
1.027979
1.046253
1.203167
1.177249
1.301633
1.641521
1.631130
1.641521
1.641521
1.631130
1.648568
1.633409
1.618689
1.608869
1.654179
1.621660
1.659432
1.608869
1.556211
1.580914
1.597450
1.594168
1.580349
1.574521
1.437961
1.349028
1.301383
1.255194
1.301383
1.217855
1.217855
1.164555
1.099872
1.106369
1.125905
0.989592
1.108873
1.054675
1.067576
0.931900
0.970247
0.853012
0.891129
0.843826
0.899056
0.867944
0.888041
0.836357
0.849607
0.684182
0.702067
0.777686
0.839142
0.963495
0.963495
0.957620
0.963495
1.014404
1.103119
1.103119
1.071914
1.139799
1.158816
1.139799
1.203167
1.240144
1.277912
1.325291
1.325291
1.412182
1.447634
1.611316
1.618689
1.564935
1.608869
1.608869
1.580914
1.646535
1.633409
1.633409
1.608869
1.561234
1.597450
1.538977
1.538977
1.437961
1.385945
1.332739
1.385945
1.284994
1.332739
1.139493
1.067576
1.018597
1.029131
0.898372
0.941486
0.973453
0.921845
0.853012
0.921845
0.910868
0.921845
0.853012
0.853012
0.754490
0.661493
0.857286
0.899482
1.091104
1.139799
1.177249
1.240144
1.301633
1.325291
1.395962
1.365732
1.479557
1.445092
1.588100
1.588368
1.604117
1.604117
1.631130
1.604117
1.564935
1.589943
1.633409
1.608150
1.631130
1.631130
1.556211
1.608869
1.566567
1.566567
1.491968
1.491968
1.291656
1.345411
1.385945
1.332739
1.349655
1.247156
1.255194
1.255194
1.217855
1.138672
1.106369
0.909624
0.916626
0.898372
0.916626
0.891129
0.853012
0.857721
0.857721
0.910868
0.817035
0.836357
0.849607
0.664167
0.701558
0.720053
0.661493
0.785151
0.785151
0.766068
0.839142
0.857286
0.963495
0.957620
0.914223
0.957620
0.930715
0.808792
1.027979
1.091104
1.091104
1.158816
1.155115
1.177249
1.224347
1.325291
1.607118
1.607118
1.594971
1.608150
1.581746
1.539198
1.589943
1.626423
1.631130
1.611510
1.626423
1.561234
1.587882
1.538977
1.491968
1.554943
1.491968
1.437961
1.243041
1.193218
1.147191
1.173772
1.116440
1.106369
1.106369
1.067576
1.067576
0.959157
1.026181
1.029131
0.980755
0.970247
0.929408
0.925804
0.853012
0.922417
0.849607
0.701558
0.639402
0.855628
1.014404
1.112548
1.155115
1.242321
1.193763
1.193763
1.240144
1.327311
1.545849
1.560611
1.594971
1.517657
1.564935
1.607118
1.607118
1.594971
1.563254
1.517657
1.618689
1.580914
1.591830
1.556211
1.570630
1.570630
1.573211
1.554943
1.417657
1.417657
1.297520
1.215323
1.260623
1.184025
1.184025
1.173772
1.147191
1.116440
1.067824
1.067824
0.928929
0.883763
0.904781
0.921845
0.929408
0.853012
0.877572
0.836357
0.857207
0.857207
0.701558
0.639101
0.652063
0.785151
0.793145
0.972887
0.852901
1.049157
0.989550
1.031132
1.041299
1.112548
1.092891
1.155115
1.193763
1.283722
1.283722
1.482846
1.594971
1.482846
1.539198
1.594971
1.478092
1.517657
1.620860
1.611510
1.568884
1.591830
1.506257
1.506257
1.520790
1.541083
1.561750
1.648987
1.679380
1.566567
1.586669
1.554943
1.510333
1.443401
1.458924
1.404892
1.458924
1.260623
1.085892
1.113847
1.113847
1.026181
1.026181
0.980755
0.858498
0.824801
0.866331
0.866331
0.877572
0.681148
0.714895
0.627405
0.785151
0.785151
0.785151
0.675336
0.857286
0.707853
0.715877
0.857286
0.914223
0.914223
0.989550
1.041299
1.041299
1.138452
1.138452
1.224347
1.485119
1.412182
1.545849
1.581746
1.560611
1.584207
1.545849
1.588100
1.581746
1.539198
1.563254
1.611510
1.611510
1.570630
1.679380
1.679380
1.699997
1.567047
1.554943
1.291656
1.193218
1.193218
1.147475
1.218857
1.176533
1.172477
1.158991
1.050513
1.050513
1.038871
1.113847
1.067824
1.026181
0.933971
1.032739
0.983462
0.989532
0.929408
0.929408
0.929408
0.858498
0.884828
0.922417
0.884828
0.884828
0.824801
0.826331
0.824801
0.840116
0.824801
0.857207
0.813550
0.714895
0.720053
0.720053
0.640950
0.730574
0.793145
0.861460
0.855628
0.925019
0.912694
0.914223
0.930060
0.989550
0.972887
0.989550
0.956665
0.891070
1.092891
1.030362
1.092891
1.193763
1.265851
1.236382
1.283722
1.224347
1.302549
1.395962
1.454184
1.563254
1.549848
1.482846
1.517657
1.585788
1.453666
1.566457
1.581746
1.508054
1.686848
1.649462
1.654731
1.685741
1.685741
1.586669
1.541209
1.557563
1.586669
1.530411
1.510333
1.417657
1.458924
1.404892
1.349655
1.253968
1.297520
1.193218
1.260623
1.205777
1.266673
1.240047
1.230450
1.097437
1.147475
1.218857
1.218857
1.147475
1.180134
1.171752
1.108928
1.060348
1.128392
1.184750
1.176533
1.147191
1.101228
1.083149
1.109627
1.109627
0.974237
0.891048
0.883763
0.883763
0.860408
0.932952
0.892562
0.884383
0.799742
0.813578
0.803030
0.639101
0.686258
0.788192
0.788192
0.801378
0.801378
0.869040
0.962404
1.107219
1.107219
1.178655
1.145031
1.236382
1.178655
1.294964
1.355350
1.347889
1.395962
1.291008
1.368804
1.401857
1.500286
1.482846
1.447163
1.563752
1.534503
1.507227
1.507227
1.539198
1.447163
1.550609
1.550609
1.480826
1.478092
1.520790
1.521724
1.573211
1.573211
1.654731
1.489234
1.403378
1.417791
1.351069
1.374446
1.253968
1.266393
1.227659
1.205777
1.278298
1.191115
1.151176
1.151176
1.151176
1.148668
1.138915
1.096193
1.109129
1.151176
1.047760
1.064379
1.081173
1.047760
1.096193
1.070336
0.989384
0.843318
0.824801
0.892957
0.892562
0.803030
0.840116
0.877572
0.829381
0.825105
0.640950
0.593646
0.603437
0.602611
0.701558
0.734208
0.655397
0.696180
0.655397
0.734208
0.801378
0.861460
0.912694
0.930060
0.925019
0.930060
0.891070
1.049933
1.049933
1.041299
1.049933
1.145031
1.138452
1.145031
1.226531
1.250818
1.226531
1.329198
1.369485
1.474516
1.534503
1.474516
1.417019
1.447163
1.452955
1.417019
1.507227
1.534503
1.534503
1.452955
1.508054
1.508054
1.589339
1.606652
1.541209
1.557563
1.541209
1.528742
1.449605
1.501434
1.443401
1.391858
1.291656
1.273372
1.278298
1.339313
1.266393
1.216697
1.293455
1.246163
1.287228
1.180134
1.180134
1.246163
1.215323
1.195966
1.151944
1.230450
1.182311
1.151944
1.184750
1.184750
1.172477
1.157089
1.081173
1.109129
1.109129
1.064379
1.064379
1.081173
1.109627
1.081173
0.974237
1.024958
0.891048
0.884383
0.836522
0.813578
0.813578
0.803030
0.639101
0.722053
0.700740
0.714895
0.788192
0.788192
0.750041
0.859555
0.861460
0.861460
0.922526
0.921885
0.922526
0.930060
0.989550
1.057522
1.057522
1.178655
1.178655
1.227695
1.227695
1.251345
1.507227
1.452955
1.529871
1.574755
1.567223
1.599779
1.589339
1.589339
1.361429
1.343019
1.308119
1.308119
1.308119
1.339313
1.287228
1.293455
1.227659
1.278298
1.227659
1.216697
1.246163
1.293455
1.297330
1.201387
1.201387
1.191115
1.240047
1.240047
1.128392
1.180134
1.216697
1.240047
1.195966
1.151944
1.138915
1.158146
1.191115
1.125141
1.125141
1.101228
1.125141
1.016309
1.039476
1.109129
0.996558
0.996558
1.016309
1.067605
1.055491
1.055491
0.974237
1.032773
1.032773
0.989384
0.944801
0.944801
0.944801
0.829381
0.617246
0.714895
0.788192
0.795822
0.845150
0.925019
0.922526
0.928623
0.928623
0.931981
0.939327
1.007872
0.994546
1.049933
1.100565
1.145031
1.173009
1.226531
1.250818
1.290725
1.382001
1.383463
1.474516
1.452955
1.479179
1.599779
1.598331
1.606652
1.505843
1.443401
1.308119
1.349003
1.308743
1.354100
1.354100
1.354100
1.326309
1.287228
1.354100
1.302006
1.201387
1.266673
1.272249
1.248106
1.203840
1.246163
1.201387
1.195966
1.195966
1.205442
1.205442
1.101228
1.138915
1.157089
1.083149
1.081173
1.068295
1.096193
1.087413
1.121445
1.111071
1.055491
0.956612
1.039476
1.024251
1.040077
1.032773
0.937149
0.989384
0.989384
0.950326
0.825233
0.889951
0.892562
0.892957
0.789825
0.786363
0.803030
0.803030
0.819401
0.602611
0.625753
0.625753
0.639101
0.722053
0.722053
0.778129
0.757048
0.917256
0.782146
1.008973
0.830228
1.019049
1.008973
0.989550
0.989550
0.989550
1.057522
1.110549
1.150172
1.167132
1.173974
1.409428
1.367363
1.472394
1.429409
1.472394
1.406540
1.495686
1.495686
1.600147
1.599779
1.598331
1.559083
1.559083
1.503697
1.552157
1.528742
1.469757
1.503697
1.449605
1.425243
1.346576
1.445788
1.286859
1.415658
1.326902
1.326309
1.445788
1.273372
1.306160
1.227895
1.272249
1.296061
1.291321
1.252559
1.252559
1.227895
1.252038
1.228750
1.137336
1.248106
1.209258
1.143480
1.090919
1.111071
1.121445
1.090919
1.109506
1.109627
1.103227
1.068295
1.103227
1.087413
1.114755
1.016624
1.053202
0.960474
0.979700
1.040077
0.891048
0.893822
0.935193
0.825233
0.825233
0.892562
0.832645
0.836522
0.819401
0.512723
0.582438
0.582438
0.625753
0.648053
0.700740
0.778129
0.853075
0.917256
1.019049
0.998167
0.998167
1.012300
1.019049
0.997872
1.007872
0.997872
1.057522
1.044413
1.083950
1.107219
1.077737
1.168015
1.173009
1.173009
1.271144
1.406540
1.429409
1.382001
1.412087
1.472394
1.446728
1.520138
1.598331
1.566534
1.566534
1.525683
1.466888
1.425243
1.411373
1.346576
1.438152
1.438152
1.354100
1.361866
1.311637
1.286859
1.340840
1.415658
1.349003
1.349003
1.302006
1.361866
1.272249
1.282022
1.340840
1.302006
1.311637
1.272249
1.228750
1.224651
1.203840
1.248106
1.252038
1.252038
1.209258
1.163728
1.049726
1.049726
1.205442
1.163728
1.163728
1.158146
1.111071
1.049726
1.121445
1.049726
1.111071
1.109627
1.080295
1.041555
1.041555
1.024251
1.080340
1.041555
1.024251
0.979700
0.960474
1.067605
1.027413
1.067605
0.998222
0.979700
0.998222
0.994461
0.994461
0.841524
0.950326
0.862692
0.825233
0.826331
0.889951
0.822003
0.782550
0.822003
0.582438
0.680557
0.625753
0.722053
0.778129
0.839176
0.778129
0.839176
0.853075
0.839176
0.917256
0.917256
0.905612
0.917256
1.004757
1.012300
1.019049
1.008973
1.019049
1.076795
0.997872
1.007872
1.044413
1.100565
1.173009
1.251345
1.290725
1.367363
1.324750
1.429409
1.382647
1.382001
1.336567
1.429409
1.382001
1.446728
1.412087
1.479179
1.499344
1.596401
1.600147
1.525683
1.436857
1.346576
1.425243
1.504369
1.415658
1.504998
1.448761
1.506201
1.363597
1.450865
1.445788
1.445788
1.448761
1.326902
1.445788
1.296061
1.445788
1.311637
1.272249
1.203840
1.296061
1.302006
1.192134
1.209258
1.209258
1.213050
1.168856
1.148668
1.137336
1.163728
1.168856
1.148542
1.121445
1.023114
1.121445
1.121445
1.067605
1.067605
1.053202
1.001033
1.016624
1.081405
1.024251
1.001033
1.016624
0.979700
0.998222
0.944660
0.890501
0.960474
0.928443
0.950326
0.942019
0.890191
0.885241
0.889912
0.759973
0.516848
0.561640
0.531188
0.531188
0.700740
0.700740
1.016445
1.089032
1.089880
1.008973
1.019049
0.910598
1.067452
1.073607
1.067452
1.119406
1.062731
1.141843
1.141843
1.168015
1.424284
1.445341
1.429409
1.453457
1.479179
1.511007
1.563802
1.572743
1.572743
1.552157
1.610335
1.552157
1.466888
1.436857
1.418292
1.504998
1.425243
1.386984
1.340840
1.450732
1.316928
1.452554
1.373189
1.256408
1.262376
1.262376
1.302006
1.252038
1.137336
1.176244
1.113482
1.109506
1.049726
1.124174
1.085177
1.114755
1.004160
1.111071
1.074230
1.027413
0.960474
0.979700
0.998222
1.040077
0.981109
0.993081
0.928443
0.929890
0.870019
0.945429
0.912734
0.780308
0.832645
0.840729
0.789825
0.832645
0.789825
0.790408
0.805894
0.461205
0.481470
0.582438
0.602611
0.633780
0.705550
0.705550
0.705550
0.700740
0.778129
0.778578
0.841502
0.778578
0.922895
0.907650
1.080163
1.086777
1.073607
1.080163
1.073607
1.141843
1.136889
1.136889
1.141843
1.168015
1.226531
1.382647
1.364617
1.382647
1.336567
1.340738
1.469771
1.627584
1.563802
1.563802
1.526024
1.526024
1.520993
1.610335
1.612814
1.503086
1.558409
1.558409
1.460432
1.547946
1.507019
1.502657
1.502657
1.507019
1.509283
1.445325
1.452554
1.452554
1.316410
1.326902
1.302006
1.305317
1.305338
1.305317
1.262376
1.211196
1.305317
1.143665
1.213050
1.215433
1.213050
1.098905
1.143665
1.098905
1.090919
1.126737
1.130840
1.113482
1.080340
1.021046
1.001407
1.021046
1.027571
0.962021
0.962021
0.981109
0.903167
0.960225
0.944722
0.885156
0.944722
0.945429
0.944312
0.770011
0.822518
0.499558
0.481470
0.754751
0.841502
1.076795
1.004757
1.084995
1.076795
1.086777
1.073607
1.119406
1.062731
1.100565
1.104756
1.104756
1.136889
1.168015
1.319645
1.364617
1.290053
1.445341
1.401554
1.401554
1.377984
1.564852
1.627052
1.627584
1.563802
1.504519
1.482732
1.547946
1.519413
1.519413
1.509283
1.509283
1.509283
1.436857
1.471719
1.413234
1.433564
1.433564
1.369177
1.386984
1.370963
1.452554
1.445325
1.334739
1.305317
1.373189
1.275127
1.306160
1.256408
1.256408
1.228750
1.200613
1.211196
1.175459
1.175459
1.215433
1.176244
1.130840
1.091100
1.130840
0.962021
1.029315
1.027571
0.944722
0.929890
0.960225
0.903167
0.929890
0.903167
0.870019
0.825888
0.825888
0.890191
0.890191
0.789825
0.844050
0.780308
0.755575
0.461205
0.580523
0.607543
0.680557
0.754751
0.778578
0.841502
0.907650
0.907650
1.004757
1.071956
1.084995
1.086777
1.086777
1.080163
1.080163
1.133812
1.080163
1.119406
1.104756
1.104756
1.104756
1.177067
1.168015
1.222966
1.319645
1.265494
1.319645
1.335118
1.492485
1.596902
1.596401
1.563802
1.520993
1.554011
1.519413
1.507019
1.502657
1.502657
1.502657
1.411373
1.386984
1.452554
1.506201
1.386984
1.373189
1.370963
1.305317
1.305317
1.305338
1.211196
1.260304
1.163609
1.262376
1.213050
1.262376
1.143665
1.222781
1.163609
1.176244
1.176244
1.135852
1.098905
1.114470
1.113482
1.052206
1.085177
1.084698
0.981717
1.027571
1.074230
1.029315
1.017395
1.021046
1.040477
1.040061
0.990704
1.001407
0.960225
0.990980
0.990980
0.944722
1.001844
0.903167
0.890191
0.834508
0.834508
0.770011
0.757311
0.458583
0.516848
0.558073
0.607543
0.686057
0.636783
0.680557
0.656024
0.680557
0.754751
0.757321
0.817994
0.908129
1.004757
1.078039
1.120197
1.099654
1.131203
1.157701
1.222966
1.204784
1.257717
1.257717
1.335118
1.392873
1.325194
1.382647
1.368704
1.409148
1.564852
1.526024
1.610335
1.610335
1.614765
1.503086
1.481808
1.610335
1.581369
1.531253
1.540867
1.541239
1.540867
1.509283
1.506201
1.472552
1.471719
1.413234
1.273368
1.373189
1.260304
1.260304
1.262376
1.211196
1.191217
1.191217
1.222781
1.116861
1.098905
1.173522
1.176419
1.143480
1.052206
1.135852
1.130840
1.135852
1.130840
1.089070
1.085177
1.081405
1.001011
1.027571
1.017395
0.929890
0.885156
0.825888
0.774625
0.771827
0.444744
0.686057
0.817994
0.908129
0.907650
1.004757
0.994391
0.994391
1.130512
1.130512
1.133568
1.120197
1.112902
1.112902
1.143206
1.136889
1.131203
1.157701
1.301580
1.392873
1.319739
1.336567
1.358502
1.358502
1.552107
1.616707
1.596902
1.596902
1.614765
1.564541
1.564541
1.614765
1.564541
1.564541
1.585820
1.504519
1.541239
1.541239
1.545335
1.500074
1.494803
1.545335
1.472552
1.495502
1.339270
1.339270
1.334739
1.226745
1.282125
1.282176
1.226745
1.260304
1.309877
1.240650
1.260304
1.164655
1.213050
1.164655
1.150431
1.001011
1.135852
1.085846
1.085177
1.085177
1.089070
1.017395
1.017395
0.961318
0.882607
0.935676
0.944722
0.945789
0.864711
0.905419
0.864711
0.937857
0.822407
0.891696
0.830722
0.770011
0.521909
0.458583
0.538284
0.541169
0.499558
0.582626
0.584460
0.686057
0.757321
0.757321
0.817994
0.908129
0.994391
1.071956
1.071956
1.130512
1.126842
1.133568
1.120197
1.120197
1.143206
1.170225
1.136889
1.177067
1.204784
1.272411
1.325194
1.257717
1.358502
1.379868
1.604739
1.587921
1.587921
1.554620
1.554620
1.510794
1.493408
1.621899
1.578966
1.621899
1.585467
1.624150
1.581369
1.541239
1.581369
1.585467
1.545335
1.585467
1.531253
1.514122
1.531253
1.424659
1.339270
1.273486
1.273486
1.226745
1.136588
1.116861
1.222781
1.116861
1.135852
1.054145
1.089070
1.017395
0.937466
1.001988
0.963036
0.961318
0.905419
0.961318
0.945789
0.880138
0.864711
0.822407
0.880138
0.880138
0.891696
0.496591
0.458583
0.498596
0.734673
0.817994
0.847098
0.985835
0.985835
0.994391
1.071956
1.050831
1.071956
1.078039
1.133568
1.121940
1.163834
1.120197
1.170225
1.143206
1.131203
1.055971
1.228890
1.272411
1.325194
1.258296
1.282451
1.354724
1.573627
1.573627
1.621899
1.584975
1.622175
1.578966
1.540867
1.541239
1.531253
1.541293
1.545335
1.423669
1.339270
1.374381
1.315839
1.339270
1.423669
1.273486
1.191217
1.184233
1.191217
1.001011
0.864711
0.943334
0.997073
0.864711
0.936882
0.822407
0.841549
0.833439
0.786664
0.476878
0.496591
0.498596
0.559263
0.597847
0.611672
0.584460
0.681108
0.622428
0.636783
0.729398
0.734673
0.729398
0.729398
0.811872
0.882432
0.965413
1.054651
1.054651
1.071956
1.126842
1.133568
1.143206
1.136478
1.131203
1.166094
1.177067
1.166094
1.166094
1.212487
1.234828
1.218924
1.272411
1.325194
1.282451
1.334866
1.558360
1.452603
1.452603
1.539569
1.541930
1.616707
1.521814
1.554620
1.503098
1.512628
1.616852
1.581369
1.567568
1.576605
1.569039
1.524664
1.545335
1.581369
1.531824
1.500074
1.337608
1.288819
1.239350
1.135705
1.150431
1.189984
1.184233
1.184233
1.135705
1.116861
1.068089
1.023719
1.001011
0.902714
0.857415
0.887183
0.891696
0.809896
0.841549
0.786664
0.804526
0.477217
0.597847
0.597847
0.658080
0.729398
0.757321
0.811872
0.811872
0.764992
0.884111
0.965413
0.994391
0.896112
1.054651
0.965413
0.983764
1.050831
1.119213
1.116629
1.119213
1.119213
1.121940
1.163834
1.167017
1.145650
1.145650
1.177067
1.234828
1.218924
1.258296
1.321151
1.434529
1.479640
1.500923
1.604739
1.558360
1.521814
1.558360
1.479359
1.504712
1.619339
1.621899
1.619339
1.622175
1.623713
1.616684
1.494474
1.478387
1.614008
1.573548
1.578957
1.585820
1.616684
1.573548
1.614008
1.569039
1.569039
1.491505
1.370563
1.435564
1.357922
1.337608
1.283273
1.179171
1.135705
1.025123
0.941229
0.809896
0.819196
0.681108
0.658080
0.699039
0.884111
0.884111
0.884111
0.947064
0.965413
1.168361
1.167017
1.168361
1.167017
1.145650
1.163834
1.121006
1.153655
1.182650
1.182650
1.182650
1.166094
1.212487
1.181033
1.212487
1.267423
1.228594
1.405164
1.401572
1.541930
1.541930
1.521814
1.444282
1.479359
1.616684
1.531824
1.465106
1.490795
1.419008
1.435564
1.357922
1.357922
1.288599
1.288599
1.242586
1.242586
1.193295
1.193295
1.088685
1.072948
1.119485
1.025123
0.966636
1.025123
0.966636
0.944394
1.038882
1.046293
0.944394
0.997073
0.857415
0.770071
0.823226
0.823226
0.782627
0.518463
0.543451
0.584460
0.543451
0.543451
0.560389
0.560389
0.622428
0.699039
0.793847
0.760795
0.793847
0.884111
0.744774
0.826188
0.965413
1.054651
1.037814
1.116629
1.121940
1.163834
1.133042
1.203201
1.145650
1.176314
1.166094
1.212487
1.181033
1.212487
1.234828
1.258296
1.258296
1.303229
1.541930
1.541930
1.521814
1.435936
1.490681
1.490681
1.616684
1.481244
1.481244
1.616684
1.614008
1.616684
1.614008
1.490795
1.435564
1.388781
1.299479
1.247647
1.242586
1.247647
1.242627
1.152832
1.152832
1.152832
1.045599
1.045599
1.025123
1.073230
1.084698
1.037446
0.989406
0.981802
0.937857
0.809896
0.815051
0.782627
0.782627
0.802307
0.518463
0.518463
0.760795
0.793847
0.855729
0.871595
0.884111
0.884111
0.941011
0.896112
0.941011
0.959690
0.968507
0.959690
1.037814
1.032288
1.032288
1.105060
1.119213
1.182650
1.198591
1.181033
1.500923
1.520281
1.490791
1.605492
1.597749
1.460831
1.460831
1.420565
1.473903
1.299479
1.374796
1.242547
1.299303
1.247647
1.196799
1.194908
1.088685
1.041096
0.957350
0.920539
1.033800
0.902714
0.857415
0.809896
0.873442
0.815051
0.810976
0.823226
0.815427
0.847700
0.779287
0.819999
0.847700
0.826188
0.847700
0.819999
0.882974
0.945839
1.015642
1.015642
1.015642
1.016942
1.116629
1.085874
1.085874
1.157488
1.105060
1.159019
1.159019
1.145973
1.176314
1.145703
1.198591
0.924998
1.202148
1.434529
1.520281
1.435936
1.435936
1.472914
1.614008
1.597749
1.578957
1.491505
1.473903
1.414819
1.478508
1.427977
1.338542
1.283273
1.280748
1.229097
1.196799
1.208629
1.164733
1.153964
1.102189
1.156248
1.141723
1.048768
1.041096
1.102189
1.073230
0.981250
1.023348
0.984226
0.859553
0.842340
0.853765
0.920259
0.941011
1.015642
1.105060
1.105060
1.105060
1.157488
1.099679
1.145973
1.145973
1.197900
1.167558
1.202148
1.227201
1.241754
1.280000
1.241754
1.280000
1.492855
1.450691
1.492855
1.476466
1.476466
1.438094
1.467057
1.467057
1.560702
1.517778
1.428396
1.478508
1.428396
1.426399
1.428396
1.370157
1.337608
1.310121
1.370157
1.380969
1.251908
1.208629
1.251908
1.153964
0.981250
0.981250
0.981250
1.028812
0.930509
0.917618
0.917618
0.936882
0.859553
0.930369
0.923671
0.815051
0.815051
0.920259
0.920259
0.920259
0.945839
0.996084
1.080466
1.094734
1.094734
1.094734
1.085874
1.133700
1.159019
1.055971
1.159019
1.190677
1.197900
1.176314
1.176314
1.176314
1.167558
1.198591
1.198591
1.353465
1.383560
1.383560
1.313254
1.393777
1.459733
1.427650
1.407412
1.471520
1.616852
1.590981
1.605492
1.517778
1.479718
1.517778
1.478508
1.473903
1.478508
1.427977
1.388781
1.380969
1.380969
1.338542
1.310121
1.251908
1.254556
1.209376
1.208629
1.157081
1.116929
1.153964
1.153964
1.107093
1.070144
1.048768
0.998825
0.930509
0.865542
0.836725
0.941011
0.882974
0.933822
1.054980
1.015642
1.067059
1.067059
1.105060
1.140715
1.131564
1.157488
1.159019
1.175756
1.203998
1.162389
1.213454
1.184403
1.202148
1.313254
1.315051
1.360632
1.459733
1.401572
1.459733
1.459879
1.450691
1.411416
1.492855
1.411416
1.476466
1.378531
1.416974
1.416974
1.383407
1.490681
1.624469
1.560702
1.546597
1.517778
1.382435
1.280748
1.382435
1.310121
1.248966
1.289457
1.230815
1.285092
1.209376
1.250063
1.205167
1.157081
1.163930
1.164733
1.209376
1.067963
1.107093
1.116929
1.048768
0.994399
0.994399
0.998825
0.984226
0.930509
0.916024
0.909436
0.871820
0.883089
0.836725
0.836725
0.897311
0.836725
0.888983
0.933822
0.933822
0.963302
0.981788
0.963302
0.981788
0.981788
1.054980
1.153788
1.140715
1.135169
1.175756
1.170480
1.162389
1.170480
1.152435
1.167558
1.208408
1.227201
1.437426
1.411416
1.352162
1.378531
1.591920
1.591920
1.605492
1.605492
1.549589
1.461049
1.427977
1.412834
1.375622
1.391030
1.352286
1.312339
1.297484
1.297484
1.352286
1.209772
1.140904
1.163930
1.103174
1.108346
1.163930
1.101175
1.052003
1.108346
1.107998
1.052003
1.022695
1.052003
0.931910
1.005966
0.969943
0.897311
0.959645
0.981788
1.047386
0.933822
1.029477
1.016942
1.055971
1.003130
1.054980
1.067059
1.140715
1.140715
1.133700
1.190677
1.190677
1.190677
1.175756
1.205711
1.194961
1.185549
1.189320
1.185549
1.228395
1.185549
1.262653
1.289592
1.655049
1.611696
1.389391
1.508575
1.508575
1.461049
1.461049
1.454875
1.401856
1.461049
1.385429
1.454875
1.410990
1.368071
1.409767
1.391030
1.312400
1.312400
1.352286
1.308666
1.366777
1.252908
1.312400
1.249494
1.230815
1.188707
1.209772
1.212252
1.249494
1.197332
1.249494
1.157763
1.209772
1.157763
1.118091
1.109064
1.066857
1.108346
1.066857
1.107998
1.005966
1.022695
0.969943
1.023348
0.968042
1.015928
0.944836
1.009698
0.959645
1.047386
1.047386
1.131564
1.140715
1.167015
1.190426
1.190426
1.158349
1.190677
1.159342
1.175756
1.170480
1.176798
1.208408
1.195473
1.313254
1.393777
1.393777
1.393777
1.393777
1.378531
1.365906
1.407412
1.655049
1.624634
1.606983
1.624634
1.432463
1.438094
1.606983
1.589473
1.549589
1.444216
1.454875
1.444678
1.391030
1.410990
1.409767
1.431298
1.398286
1.360693
1.360693
1.297484
1.360693
1.249494
1.159117
1.155850
1.072812
1.066913
1.116825
1.070837
1.070343
1.018657
1.070343
1.072812
1.001599
1.003130
1.029477
1.100978
1.090946
1.140715
1.155040
1.175756
1.186817
1.176798
1.184403
1.164297
1.184403
1.167540
1.167540
1.195473
1.288713
1.589473
1.549589
1.464456
1.464456
1.529468
1.506184
1.506184
1.433107
1.487035
1.468333
1.418071
1.450996
1.412638
1.065120
1.065120
1.019652
1.090946
1.054980
1.084442
1.100978
1.084442
1.100978
1.167015
1.158349
1.167015
1.155040
1.195284
1.225850
1.186817
1.145969
1.189320
1.223170
1.238170
1.238170
1.407412
1.606983
1.602822
1.532421
1.529468
1.460251
1.460251
1.432165
1.434798
1.476087
1.435906
1.435906
1.084442
1.036490
1.214248
1.159342
1.198393
1.198393
1.164297
1.230109
1.338416
1.312073
1.288713
1.270726
1.365906
1.383407
1.376262
1.392241
1.571376
1.571376
1.488534
1.487035
1.433107
1.468333
1.084442
1.056731
1.158246
1.084442
1.090946
1.036490
1.100978
1.167015
1.158349
1.158349
1.158349
1.159342
1.198393
1.164297
1.164297
1.189320
1.230109
1.195473
1.195473
1.223170
1.238170
1.319749
1.338416
1.288713
1.352162
1.331016
1.639391
1.614158
1.329212
1.431117
1.564171
1.542729
1.571376
1.523293
1.470284
1.508909
1.448320
1.144081
1.111322
1.106482
1.056731
1.086849
1.122358
1.158286
1.178810
1.127827
1.198393
1.195284
1.186817
1.134796
1.178085
1.189320
1.191846
1.262854
1.282932
1.257689
1.614158
1.606983
1.564835
1.502243
1.438396
1.487035
1.487035
1.463334
1.437468
1.448320
1.476087
1.476087
1.106482
1.111322
1.106482
1.086849
1.056731
1.181710
1.178810
1.181877
1.176218
1.176218
1.178085
1.160177
1.191846
1.191846
1.243390
1.262854
1.604535
1.614158
1.606983
1.582083
1.336984
1.582083
1.572070
1.542729
1.584866
1.510269
1.437468
1.498337
1.523293
1.056731
1.086849
1.111322
1.111322
1.122358
1.119404
1.190172
1.190172
1.178810
1.180981
1.180981
1.181877
1.156744
1.156744
1.160177
1.191846
1.301295
1.319046
1.622948
1.607082
1.639391
1.581578
1.581578
1.332166
1.502243
1.106482
1.146482
1.116108
1.119404
1.181710
1.178810
1.168028
1.181710
1.176218
1.176218
1.139395
1.134796
1.178085
1.226077
1.191846
1.191846
1.262854
1.237568
1.288713
1.270726
1.573457
1.607082
1.573121
1.590110
1.548539
1.548539
1.587029
1.542729
1.534788
1.457319
1.525724
1.502243
1.519673
1.487480
1.498337
1.146482
1.167106
1.092717
1.119404
1.144211
1.157791
1.060539
1.178085
1.156744
1.193788
1.226077
1.193788
1.262854
1.237568
1.319046
1.556726
1.607082
1.614158
1.604535
1.524826
1.548539
1.534788
1.336984
1.335957
1.512891
1.330544
1.395854
1.443744
1.116108
1.146482
1.116108
1.134319
1.116108
1.116108
1.144211
1.149882
1.157791
1.156744
1.060539
1.144211
1.210800
1.166741
1.124677
1.166741
1.148199
1.148199
1.166741
1.178085
1.173085
1.193788
1.173085
1.193788
1.216564
1.270726
1.270726
1.222571
1.270726
1.556726
1.556726
1.573457
1.327511
1.283772
1.565592
1.552449
1.496475
1.555613
1.552449
1.473211
1.507798
1.534788
1.500213
1.157791
1.155645
1.144211
1.202381
1.210800
1.136433
1.187485
1.185294
1.185294
1.544601
1.566972
1.564511
1.564511
1.584903
1.552449
1.524468
1.524826
1.562445
1.559150
1.555613
1.544113
1.376853
1.430358
1.430358
1.376853
1.527897
1.185724
1.092717
1.211354
1.161536
1.150406
1.139395
1.136433
1.148199
1.185294
1.138149
1.211323
1.299422
1.284752
1.284752
1.211442
1.211442
1.189479
1.222571
1.473228
1.573795
1.584205
1.562445
1.526013
1.575714
1.584903
1.492738
1.565592
1.555613
1.544113
1.544113
1.555613
1.540894
1.376853
1.500213
1.405027
1.185724
1.155645
1.211354
1.161808
1.202381
1.120480
1.185294
1.136433
1.211201
1.299422
1.284752
1.340331
1.221221
1.173085
1.355619
1.299286
1.354368
1.406872
1.354368
1.130759
1.414414
1.450109
1.457146
1.473736
1.454840
1.493291
1.222571
1.493291
1.525040
1.505117
1.566972
1.556726
1.564511
1.491305
1.515213
1.573795
1.554854
1.526013
1.517519
1.554854
1.500929
1.526013
1.545793
1.517920
1.579821
1.271623
1.554854
1.584205
1.562445
1.280226
1.540894
1.493850
1.275270
1.325324
1.426132
1.145573
1.211354
1.166741
1.166741
1.125141
1.187485
1.171724
1.262027
1.120470
1.273587
1.273587
1.366840
1.366840
1.189479
1.414414
1.401901
1.450109
1.216564
1.473736
1.457753
1.472118
1.473736
1.505117
1.513149
1.494337
1.513149
1.500807
1.517519
1.500807
1.497125
1.584903
1.517920
1.233676
1.473843
1.168061
1.145573
1.103577
1.153324
1.162467
1.044862
1.120480
1.120480
1.120480
1.196914
1.142756
1.120480
1.196914
1.221221
1.157410
1.221221
1.157410
1.273587
1.299286
1.354368
1.354368
1.317250
1.354368
1.120470
1.327162
1.406872
1.147927
1.414414
1.211442
1.130759
1.436573
1.384627
1.457753
1.457146
1.457753
1.473736
1.164661
1.183606
1.391501
1.183606
1.497125
1.492738
1.492738
1.325669
1.435945
1.171584
1.161536
1.145573
1.157000
1.125141
1.140550
1.117247
1.120470
1.120470
1.176201
1.414414
1.353920
1.143633
1.473736
1.164661
1.407222
1.164661
1.473228
1.473228
1.497125
1.495012
1.219538
1.275270
1.483622
1.325669
1.251001
1.360563
1.328755
1.298750
1.405027
1.131612
1.162467
1.039361
1.082426
1.120480
1.064929
1.262027
1.172273
1.172273
1.248585
1.147927
1.147927
1.406872
1.457146
1.079114
1.472118
1.473228
1.495012
1.201685
1.201685
1.463339
1.112437
1.078586
1.039361
1.186997
1.157410
1.172273
1.091341
1.077253
1.105559
1.375203
1.105559
1.100253
1.143633
1.117933
1.165983
1.410410
1.410410
1.270798
1.411396
1.407697
1.386134
1.386134
1.171584
1.131612
1.162467
1.153324
1.078586
1.044862
1.044862
1.158400
1.125141
1.082426
1.147999
1.064929
1.045024
1.294818
1.336908
1.294818
1.294818
1.375203
1.457146
1.375203
1.457753
1.370966
1.392959
1.387400
1.138431
1.184867
1.410410
1.407697
1.251001
1.386134
1.386134
1.131612
1.078586
1.082426
1.147999
1.082426
1.064929
1.039361
1.208027
1.064929
1.186997
1.208027
1.248585
1.260942
1.248585
1.077253
1.077253
1.105559
1.375203
1.353920
1.105559
1.370966
1.125136
1.370966
1.138431
1.387400
1.387400
1.125136
1.391501
1.391501
1.395986
1.165983
1.184867
1.155390
1.407697
1.407697
1.155390
1.251001
1.380759
1.328755
1.321710
1.360036
1.346390
1.044803
1.120957
1.112437
1.036501
1.036501
1.117247
1.078586
1.121935
1.158400
1.147999
1.015866
1.064929
1.091341
1.091341
1.051090
1.077253
1.315007
1.260942
1.353920
1.247722
1.265060
1.138431
1.165983
1.282796
1.290488
1.270001
1.065855
1.132164
1.063438
1.007903
1.051982
1.008838
1.033699
1.135184
1.210997
1.186383
1.186383
1.225125
1.225125
1.125136
1.051090
1.022549
1.242231
1.117506
1.117506
1.077924
1.286253
1.291378
1.270355
1.270355
1.257349
1.251338
1.126823
1.036501
1.036501
1.051982
1.051982
1.092970
1.008838
1.051982
1.057120
0.992951
1.135184
1.015866
1.015866
1.210997
1.051090
1.051090
1.247722
1.093576
1.074222
1.247722
1.093576
1.265060
1.265060
1.117506
1.262905
1.276037
1.132571
1.155390
1.291378
1.200772
1.270001
1.236161
1.270001
1.065289
1.063438
1.044803
0.960468
1.051740
1.022243
1.066931
0.978407
0.978407
1.033699
1.008838
1.033699
1.057120
1.075148
1.186383
1.186383
1.228696
1.228696
1.093576
1.262905
1.262905
1.117506
1.132571
1.117506
1.286253
1.132571
1.118356
1.257349
1.270355
1.270355
0.979636
1.044803
0.961464
1.042343
0.976635
1.069791
0.976635
0.976733
1.210122
1.105352
1.080989
1.004537
1.126614
1.247722
1.142676
1.247722
1.151282
1.129531
1.276037
1.069456
1.180622
1.091840
1.200772
1.063438
0.960468
1.036501
0.978407
1.016861
0.976635
1.011377
1.042343
1.022743
1.009912
1.130420
1.045076
1.130420
1.004537
1.074327
1.025324
1.166440
1.045076
1.256423
1.097769
1.187144
1.118356
1.270355
1.171576
1.171576
1.148595
0.979636
0.960468
1.042343
1.099507
1.103740
1.099507
1.142676
1.168910
1.166440
1.137565
1.166440
1.171576
1.150913
0.979864
0.986236
0.979864
0.986236
0.979864
0.960468
0.979864
0.960468
0.951427
1.011377
1.011377
1.022743
1.075148
1.053170
1.022743
1.079094
1.099507
1.043180
1.043180
1.064193
1.064193
1.106883
1.142676
1.137565
1.093254
1.150913
1.150913
1.116544
1.148595
1.116544
0.986236
0.979636
1.022243
0.978407
0.913706
0.939659
1.011377
0.966133
0.962604
1.126614
0.994092
1.126614
1.126614
0.992417
1.001879
1.114713
1.006832
1.064193
0.900861
0.902877
0.913706
0.939659
0.939659
0.940493
0.959784
0.956346
0.962604
0.994092
0.962604
1.006832
1.006832
1.012652
0.940493
0.940493
0.923984
0.940493
0.954134
0.913706
0.954134
0.975291
0.976444
0.959784
0.968445
0.923984
1.588100
1.506201
1.325194
0.924998
0.903167
0.944722
0.945789
0.880138
1.524664
1.517778
1.492855
1.492855
1.319645
1.301580
1.325194
1.319645
1.524664
0.864711
0.929890
0.885156
0.880138
0.880138
1.021046
1.506201
1.278298
0.830228
1.055971
