4865 1 3
1.113920
1.204507
1.142494
1.113920
1.273796
1.158990
1.293354
1.217683
1.199621
0.983628
1.022628
1.065401
1.022628
1.084879
1.057601
1.213260
1.125845
1.164763
1.248662
1.213260
1.248662
1.248662
1.036551
1.248662
1.142494
1.273796
1.300360
1.275799
1.174249
1.174249
1.275799
1.293354
1.199621
1.248721
1.262672
1.205722
0.985134
1.036802
1.091692
1.138762
0.947209
1.084879
0.983628
1.135051
1.125845
1.213260
0.947209
0.988783
1.307959
1.326473
1.070521
1.115730
1.343646
1.115730
1.300360
1.137115
1.343646
1.199621
1.205722
1.273790
1.312043
1.363993
1.312043
1.381154
1.222156
1.325034
1.273790
1.281007
1.041005
1.084974
1.087788
1.140695
0.985134
0.941927
1.140695
0.947209
1.335490
1.273553
1.307959
1.356639
1.115730
1.094971
1.137115
1.356639
1.326473
1.355411
1.371095
1.371095
1.137115
1.137115
1.150113
1.322506
1.273790
1.322506
1.223268
1.222156
1.281007
1.327256
0.989506
1.065382
1.172668
1.214732
1.008723
0.985134
0.920495
1.087788
1.245662
1.268450
1.166638
1.304755
1.176148
0.941927
1.198172
1.237323
1.237323
1.036551
1.293681
1.396963
1.070521
1.436929
1.477145
1.115730
1.375630
1.527976
1.396282
1.381154
1.498437
1.156821
1.150113
1.381154
1.361085
1.222156
1.223268
1.361085
1.520278
1.223268
1.280820
1.223268
1.477224
1.322506
1.065382
1.126194
1.147564
1.147564
1.214732
1.214732
1.245662
1.304755
1.304926
1.045995
1.333804
1.396963
1.362759
1.403432
1.155267
1.403432
1.477145
1.205629
1.520773
1.506636
1.115730
1.520773
1.220280
1.520773
1.255705
1.507270
1.507270
1.253771
1.255705
1.520278
1.314346
1.298826
1.416179
1.416179
1.374245
1.374245
1.357147
1.374245
0.925061
0.925061
1.020777
0.993961
0.993961
1.214732
1.008723
1.001714
1.247531
1.247531
1.268450
1.321064
1.321064
1.304926
1.337727
1.362759
1.362759
1.368127
1.403432
1.078417
1.469746
1.500757
1.477145
1.469746
1.284125
1.536376
1.527976
1.527976
1.230928
1.535251
1.253771
1.402762
1.464809
1.298826
1.239842
1.332283
1.402762
1.332283
0.925061
1.075714
1.075714
1.085421
1.147564
1.232194
0.993961
0.920897
1.232194
1.232194
1.269627
1.287913
1.287913
1.316289
1.399065
1.155267
1.426936
1.469746
1.426936
1.330669
1.536376
1.527976
1.535251
1.253771
1.255705
1.255705
1.477224
1.239842
1.446783
1.446783
1.277815
1.277815
1.332283
1.277815
1.110231
0.948969
0.956260
1.039640
1.115501
1.147564
1.169749
1.209095
1.183587
0.993961
1.277226
1.269627
1.334790
1.368860
1.321064
1.479665
1.368127
1.360270
1.368127
1.399065
1.410113
1.510486
1.155267
1.435979
1.617865
1.628671
1.521295
1.520773
1.670950
1.676137
1.535251
1.520278
1.628374
1.503998
1.250926
1.335683
1.239842
1.324139
1.503998
1.464809
1.221524
1.402762
1.389841
0.983003
1.058137
1.097139
0.901501
1.110231
1.110231
1.142960
1.187001
1.209095
1.209095
1.334790
1.334790
1.439385
1.417299
1.394992
1.339621
1.447225
1.447225
1.211691
1.012110
1.440030
1.522656
1.155267
1.477723
1.522656
1.572236
1.617865
1.572236
1.651400
1.651400
1.660023
1.615253
1.379406
1.580504
1.553187
1.580504
1.341768
1.414492
1.341768
1.414492
1.396717
1.058137
0.983003
0.988461
1.168428
0.948969
1.168428
1.228959
1.014001
1.228959
1.228959
1.228959
1.277226
1.290967
1.290967
1.288381
1.290967
1.312789
1.354540
1.354540
1.394992
1.394992
1.414154
1.447225
1.131961
1.477723
1.432349
1.660023
1.662596
1.290591
1.308789
1.553187
1.290591
1.290591
1.360011
1.474367
1.502715
1.474367
1.341768
1.474367
1.341768
1.474367
1.333591
1.361201
1.333591
1.333591
0.925087
0.988461
0.901501
1.039726
1.097139
1.097139
1.168428
1.228959
1.312789
1.312789
1.294991
1.377455
1.335541
1.335541
1.377455
1.379751
1.377455
1.417299
1.417299
1.417299
1.379751
1.414154
1.131961
1.131961
1.440030
1.176439
1.474029
1.572236
1.629125
1.768294
1.660023
1.753936
1.580504
1.268538
1.453533
1.558867
1.474367
1.453533
1.418740
1.361201
1.361201
0.988461
0.866490
1.039726
1.071406
1.126258
1.247539
1.248936
1.247539
1.290967
1.288381
0.916404
1.376565
1.381601
0.936460
1.345265
1.477413
1.349291
1.434177
1.474394
1.381087
1.393839
1.181010
1.330531
1.619027
1.474029
1.534243
1.617865
1.651400
1.660023
1.676137
1.676137
1.668874
1.290591
1.308789
1.290591
1.505343
1.257965
1.257965
1.558867
1.505343
1.363012
1.350468
1.300619
0.904461
0.962734
1.009695
1.009695
0.993884
0.829736
1.096616
1.114947
1.114947
0.910192
0.910192
1.195389
1.176611
0.901501
1.326855
1.326855
1.358549
1.371107
1.381601
1.341293
1.448985
1.382618
1.382618
1.106646
1.131961
1.106646
1.515262
1.577038
1.730783
1.716615
1.628374
1.334780
1.334780
1.525187
1.580135
1.601347
1.497246
1.300619
1.465725
1.350468
0.896968
1.009695
0.898354
0.945716
0.829736
1.045954
0.883965
1.137854
1.195389
1.278400
1.330449
1.278400
1.326855
1.358549
1.376565
1.011531
1.382618
1.213779
1.382618
1.422486
1.434177
1.446866
1.474394
1.619027
1.664105
1.682337
1.730783
1.615253
1.723840
1.694786
1.379406
1.614653
1.268538
1.268538
1.643315
1.334780
1.580135
1.614653
1.529868
1.529868
1.363012
1.363012
1.448154
1.448154
1.448154
1.417874
1.299693
1.393754
0.830947
0.896968
1.045954
0.987847
1.195389
1.195389
1.278400
0.973983
1.382708
1.323096
1.358549
1.399582
1.341293
1.381601
1.350165
1.225699
1.225699
1.363408
1.446866
1.567670
1.781340
1.682337
1.730783
1.730783
1.740032
1.740032
1.729309
1.662715
1.752256
1.654430
1.702571
1.370322
1.351264
1.697474
1.663448
1.658231
1.499233
1.615810
1.334780
1.601347
1.615810
1.545004
1.300619
1.529868
1.339288
1.417874
1.388344
1.300619
1.339288
1.371499
1.339288
1.252110
1.299693
0.796656
0.830947
0.945716
0.958425
0.987847
0.825212
0.837637
0.826151
0.793090
1.110687
0.883038
1.195389
1.260044
1.355138
1.278400
1.353283
1.302261
1.132061
1.380700
1.341293
1.420135
1.332348
1.402994
1.422486
1.446866
1.504486
1.682337
1.664105
1.781340
1.730783
1.738541
1.753936
1.843773
1.751176
1.758265
1.739499
1.828916
1.836746
1.725111
1.795559
1.725111
1.694786
1.763602
1.614653
1.681799
1.648937
1.668072
1.648937
1.606498
1.297720
1.353251
1.300619
1.239225
1.477083
1.462554
1.292398
1.297782
1.252110
1.373538
1.284920
1.020748
1.073378
0.875283
1.110687
1.110687
1.137854
1.288319
1.188263
1.164502
1.353283
1.382708
1.382708
1.369450
1.367939
1.341293
1.188312
1.420135
1.402994
1.449361
1.641408
1.865773
1.873575
1.760252
1.780313
1.868900
1.843773
1.845428
1.808141
1.843773
1.831468
1.808141
1.763602
1.763602
1.653278
1.718876
1.334780
1.353251
1.590692
1.508836
1.251975
1.496391
1.412712
1.292398
1.292398
1.433285
1.433285
1.433285
1.292398
1.400295
1.320233
1.243793
1.284920
1.320233
0.817194
0.817194
0.817194
0.781682
0.858120
0.825212
0.781682
0.817194
0.916166
0.958425
1.020748
1.020748
0.875283
1.288319
1.292503
1.353283
1.399582
1.230452
1.380700
1.380700
1.346910
1.523501
1.489969
1.523501
1.641408
1.641408
1.671096
1.701973
1.701973
1.721559
1.701973
1.721559
1.730783
1.768294
1.849027
1.831709
1.836746
1.836746
1.702571
1.775635
1.806374
1.828916
1.811216
1.721132
1.721132
1.721132
1.763602
1.648937
1.648937
1.656677
1.648937
1.590692
1.353251
1.353251
1.575035
1.508836
1.292398
1.243793
1.362103
1.284920
1.320233
1.225650
1.257147
1.341296
0.858249
1.046596
1.288319
1.292503
1.292503
1.354098
1.369450
1.421031
1.399582
1.367939
1.369664
1.369664
1.449361
1.402994
1.423676
1.423676
1.596498
1.818362
1.869898
1.829145
1.868900
1.815945
1.794832
1.808141
1.775635
1.721132
1.778127
1.692518
1.692518
1.395619
1.395619
1.590692
1.508836
1.362103
1.371865
1.225650
1.243793
1.362103
1.341296
1.257147
1.257147
1.225650
0.817194
0.756740
0.894480
0.894675
0.958425
0.931629
0.989724
1.046596
1.076909
1.110687
1.128738
1.264701
1.264701
1.188263
1.328559
1.043037
1.041113
1.382708
1.408383
1.399582
1.374091
1.407063
1.346910
1.407063
1.402994
1.423676
1.469922
1.664846
1.691437
1.838373
1.838373
1.954689
1.873575
1.942285
1.798986
1.862020
1.952731
1.798986
1.793721
1.878800
1.798986
1.865773
1.913809
1.829145
1.798986
1.869898
1.921754
1.951021
1.874972
1.831709
1.868009
1.806374
1.806374
1.864992
1.721132
1.762451
1.629733
1.692518
1.689251
1.808314
1.508836
1.519918
1.297782
1.466531
1.448586
1.433285
1.243793
1.401675
1.371865
1.268190
1.219706
1.279770
1.219706
1.225650
0.749601
0.811721
0.811721
0.810236
1.173497
1.173497
1.188263
1.328559
1.339951
1.361803
1.369450
1.434134
1.328211
1.353778
1.434134
1.444068
1.373192
1.689039
1.870130
1.938288
1.938288
1.903111
1.818723
1.958696
1.875577
1.913809
1.875577
1.827712
1.910995
1.831468
1.910995
1.868009
1.844403
1.769935
1.874789
1.850268
1.778127
1.839187
1.744622
1.744622
1.689251
1.616111
1.689251
1.544255
1.544255
1.544255
1.392979
1.401675
1.293964
1.401675
1.219706
1.301778
1.132818
1.280331
1.280331
0.769584
0.931629
0.809978
0.782325
1.017822
1.076909
1.099585
1.173497
1.173497
1.264701
1.339951
1.328559
1.361803
1.374091
1.230452
1.041113
1.374091
1.353778
1.383248
1.412287
1.412287
1.547480
1.664846
1.629522
1.689039
1.800003
1.800003
1.903111
1.943052
1.818723
1.875577
1.942285
1.958696
1.945422
1.827712
1.952731
1.951021
1.937485
1.946703
1.946703
1.921754
1.844403
1.815687
1.811216
1.762451
1.762451
1.689251
1.334812
1.544945
1.544945
1.297782
1.334812
1.466531
1.229616
1.283784
1.273182
1.392979
1.307346
1.293964
1.187340
1.256550
1.163443
1.187340
1.163443
0.849533
0.931629
0.931629
0.955745
0.964843
1.017822
1.017822
1.099585
1.099585
0.872073
1.264701
1.339951
1.238424
1.361803
1.026145
1.139169
1.334179
1.334179
1.211834
1.374091
1.353778
1.353778
1.407063
1.383248
1.469922
1.629522
1.629522
1.784575
1.889065
1.938288
1.943052
1.939024
1.954689
1.903111
1.870130
1.807209
2.027224
1.938288
1.903111
1.942285
1.870130
1.870130
1.926330
1.937485
1.937485
1.874789
1.827712
1.818321
1.874789
1.881894
1.850268
1.850268
1.844403
1.818321
1.811216
1.815687
1.811216
1.811216
1.762451
1.762451
1.792645
1.689251
1.744622
1.682904
1.397257
1.356404
1.283784
1.475868
1.475868
1.475868
1.392979
1.239593
1.273182
1.307346
1.222416
1.219706
1.163443
1.187340
1.163443
0.811721
1.035534
1.035534
1.099585
1.158522
1.191383
1.270534
1.314523
1.328559
1.358724
1.383917
1.328211
1.351316
1.328546
1.383248
1.461351
1.412287
1.587300
1.729387
1.758556
1.689039
1.850027
1.882129
1.923576
2.030189
2.030189
1.941720
1.991451
1.938227
1.958696
2.020823
1.818723
1.807209
2.029209
2.029209
1.972940
1.818723
1.921754
1.874789
1.874789
1.953102
1.953102
1.819878
1.844403
1.829088
1.829088
1.636795
1.616111
1.334812
1.356404
1.544945
1.470124
1.475868
1.283784
1.392979
1.307346
1.219706
1.307346
1.157525
1.249712
1.209224
1.209224
1.163443
1.157525
1.163443
1.208140
1.185285
0.811721
0.869730
0.869730
0.719290
0.736363
0.964843
0.894189
0.964843
0.763977
0.809978
0.989521
1.065894
1.086287
1.249223
1.314523
1.358724
1.334179
1.183712
1.183712
1.349576
1.351316
1.381485
1.381485
1.328546
1.547480
1.473167
1.572758
2.075943
2.086703
2.084487
1.758556
2.073232
1.950330
2.048375
2.048375
2.044574
2.075943
2.010053
1.884320
1.881678
2.025037
2.044574
1.938227
2.000931
1.972940
1.937485
1.827712
1.879826
1.887625
1.999632
1.910995
1.856152
1.818321
1.944796
1.913124
1.891344
1.874646
1.819878
1.780497
1.463855
1.334812
1.562480
1.319770
1.399399
1.399399
1.239593
1.335303
1.335303
1.256277
1.157525
1.256277
1.185285
1.110015
0.753227
0.778125
0.772055
0.989521
0.769584
1.000325
1.086287
1.071166
1.071166
1.086287
1.314523
1.314523
1.049332
0.919189
1.306550
1.358724
1.340222
1.328908
1.349576
1.383917
1.351316
1.262707
1.381485
1.461351
1.531666
2.064452
2.073232
1.950330
2.002188
2.004820
1.882129
2.025037
1.991451
1.884320
1.941720
2.030189
2.010053
2.029209
2.000931
1.912585
2.007375
2.007375
1.895914
1.896830
1.953102
1.874646
1.874646
1.856152
1.780497
1.711400
1.711400
1.711400
1.636795
1.547323
1.250535
1.333667
1.324007
1.249712
1.135892
1.110015
0.727343
0.778125
0.730854
0.753227
0.698233
0.894189
0.869730
0.989521
1.000325
1.000325
1.167905
1.071166
1.167905
1.306550
1.340222
1.358412
1.340222
1.349576
1.349576
1.328908
1.351316
1.351316
1.303039
1.308322
1.287269
1.389134
1.559392
2.060783
2.215629
2.112058
2.084487
2.073232
1.991451
2.030189
1.799340
1.884320
1.972628
1.972940
1.972940
1.972940
1.891344
1.953102
1.874646
1.896830
1.891344
1.874646
1.819878
1.754479
1.506867
1.399399
1.399399
1.335303
1.259395
1.157525
1.157525
1.249712
1.256277
1.135892
1.180441
1.110015
1.110015
1.174673
1.174673
1.135892
1.156904
0.755661
0.894189
1.018201
1.000325
0.855809
1.167905
1.249223
1.281732
1.306550
1.213971
1.110948
1.315922
1.361982
1.377423
1.287882
1.431027
1.273389
1.466614
1.325413
1.389134
1.473167
1.632609
2.215629
2.064452
2.051890
1.882129
1.838574
2.177958
2.112058
2.048375
2.115650
1.882129
1.882129
2.075943
2.073232
2.075943
2.010053
2.010053
2.010053
2.020823
2.030189
2.030189
1.972628
1.875296
1.815355
1.799340
1.972628
1.931771
1.972628
2.000931
1.952479
1.972940
1.912585
1.913124
1.856152
1.704415
1.569654
1.636795
1.470124
1.470124
1.336433
1.250535
1.278417
1.351613
1.259395
1.256277
1.110015
1.153644
0.810395
0.849499
0.932214
0.950987
0.932214
1.018201
1.187238
1.187238
1.187238
1.049332
1.358412
1.294707
1.377423
2.215629
2.188711
2.215629
2.215629
2.188711
2.064452
2.051890
2.119082
1.954583
2.084487
1.961749
2.115650
1.954583
1.721179
1.838574
1.850404
1.870679
1.797751
1.894105
1.878666
1.869503
1.839755
1.791734
1.839755
1.711098
1.711098
1.617637
1.445997
1.494133
1.547323
1.308075
1.491377
1.398200
1.421800
1.239593
1.278417
1.104699
1.157525
1.086782
1.169918
1.133678
1.153644
1.057678
1.077140
0.755661
0.772161
0.867442
0.932214
1.102173
1.102173
1.104552
1.102173
0.978258
1.281732
1.281732
1.077015
1.293421
1.340572
1.293421
1.358412
1.361982
1.287882
1.338365
1.338365
1.519296
1.605205
2.203748
2.119082
1.820965
1.954583
1.954583
1.838574
2.112058
2.051890
2.051890
1.954583
1.740070
1.850404
1.880418
1.880418
1.878666
1.849161
1.825083
1.849161
1.791628
1.825083
1.569654
1.421800
1.344264
1.351613
1.167068
1.257541
1.271492
1.183545
1.104699
1.183545
1.182207
1.183545
1.104699
1.104699
0.827138
0.709443
0.968716
1.030031
1.264665
1.293421
1.294707
1.361982
1.377423
1.338365
1.608357
1.368031
1.559392
1.489499
1.810795
2.098686
2.171853
2.171853
2.188711
2.171853
1.820965
1.928778
2.051890
2.037328
2.188711
2.188711
1.721179
1.954583
1.756503
1.756503
1.882753
1.882753
1.707632
1.651955
1.849161
1.825083
1.860521
1.745154
1.791734
1.791734
1.711098
1.553544
1.494133
1.203442
1.214187
1.167068
1.214187
1.157525
1.104699
1.095695
1.095695
1.182207
1.032728
1.057678
1.077140
0.730854
0.758829
0.789416
0.709443
0.868450
0.868450
0.849499
0.932214
0.968716
1.102173
1.104552
1.047028
1.104552
0.913224
0.797234
1.187238
1.264665
1.264665
1.340572
1.326846
1.294707
1.307545
1.338365
2.250181
2.250181
2.186992
2.037328
2.123685
1.849586
1.928778
2.213913
2.188711
2.137193
2.213913
1.740070
1.875296
1.880418
1.882753
1.923840
1.882753
1.878666
1.654294
1.573962
1.572080
1.635294
1.505430
1.494133
1.494133
1.421800
1.421800
1.263347
1.352605
1.351613
1.284112
1.278417
1.203544
1.188789
1.104699
1.199569
1.077140
0.758829
0.703922
0.957749
0.978258
1.293409
1.326846
1.399346
1.340010
1.340010
1.361982
1.388192
1.813313
2.170014
2.186992
1.690248
1.820965
2.250181
2.250181
2.186992
2.020477
1.690248
2.119082
1.838574
2.039362
1.721179
1.797757
1.797757
1.804703
1.923840
1.768655
1.768655
1.812004
1.697619
1.769748
1.657207
1.657207
1.635294
1.572080
1.505430
1.429504
1.429504
1.206981
1.134615
1.181783
1.183545
1.203544
1.104699
1.117084
1.057678
1.087424
1.087424
0.758829
0.687245
0.710153
0.868450
0.881030
1.136645
0.842101
1.218330
1.159270
1.005999
1.212976
1.293409
1.266951
1.326846
1.340010
1.341234
1.341234
1.656200
2.186992
1.656200
1.849586
2.186992
1.543813
1.690248
1.710312
2.137193
1.886895
2.039362
1.573942
1.573942
1.606517
1.736278
1.779299
1.692130
1.750151
1.756503
1.924708
1.923840
1.927682
1.812983
1.921921
1.880311
1.921921
1.769748
1.445495
1.488450
1.488450
1.352605
1.352605
1.284112
1.111468
1.040183
1.109809
1.109809
1.117084
0.736867
0.769984
0.685198
0.868450
0.868450
0.868450
0.716587
0.968716
0.727300
0.740464
0.968716
1.047028
1.047028
1.159270
1.212976
1.212976
1.279793
1.279793
1.307545
1.643274
1.519296
1.813313
2.123685
2.170014
1.732104
1.813313
1.810795
2.123685
1.849586
2.020477
2.137193
2.137193
1.797757
1.750151
1.750151
1.731050
1.822834
1.923840
1.707632
1.573962
1.573962
1.511890
1.702931
1.625535
1.585975
1.593186
1.389261
1.389261
1.370277
1.488450
1.429504
1.352605
1.215113
1.357501
1.265561
1.287463
1.203544
1.203544
1.203544
1.111468
1.121833
1.199569
1.121833
1.121833
1.040183
1.041755
1.040183
1.065427
1.040183
1.087424
1.012623
0.769984
0.789416
0.789416
0.680886
0.803736
0.881030
0.971331
0.957749
1.070676
1.048066
1.047028
1.072060
1.159270
1.136645
1.159270
0.947181
0.896089
1.266951
1.215039
1.266951
1.340010
1.290773
1.295549
1.341234
1.307545
1.236453
1.608357
1.741193
2.020477
2.089260
1.656200
1.690248
2.157950
1.483630
2.070982
2.123685
1.626420
1.764992
1.777508
1.808630
1.812651
1.812651
1.924708
1.836821
1.842884
1.924708
1.830157
1.927682
1.768655
1.921921
1.880311
1.860521
1.651718
1.812004
1.573962
1.769748
1.580052
1.746737
1.737103
1.717219
1.466312
1.511890
1.702931
1.702931
1.511890
1.575360
1.613162
1.508607
1.400495
1.517538
1.634607
1.625535
1.572080
1.487800
1.445416
1.496215
1.496215
1.287224
1.148325
1.134615
1.134615
1.116297
1.201651
1.124289
1.123878
0.994446
1.010077
0.993269
0.687245
0.735245
0.862254
0.862254
0.874614
0.874614
0.983341
0.959575
1.295416
1.295416
1.292487
1.313591
1.295549
1.292487
1.425108
1.550933
1.512015
1.608357
1.282567
1.444761
1.645661
1.767728
1.656200
1.671480
2.190417
2.029058
1.867094
1.867094
1.849586
1.671480
2.130617
2.130617
1.585448
1.543813
1.606517
1.655289
1.804703
1.804703
1.808630
1.821187
1.816059
1.909350
1.761809
1.789418
1.651718
1.794918
1.636903
1.580052
1.785368
1.651388
1.578469
1.578469
1.578469
1.557927
1.546349
1.484791
1.507790
1.578469
1.385905
1.425566
1.454854
1.385905
1.484791
1.417811
1.274420
1.081936
1.040183
1.108922
1.124289
0.993269
1.065427
1.117084
1.025551
1.035200
0.680886
0.635068
0.656031
0.632154
0.758829
0.794487
0.698209
0.738539
0.698209
0.794487
0.874614
0.971331
1.048066
1.072060
1.070676
1.072060
0.896089
1.235958
1.235958
1.212976
1.235958
1.313591
1.279793
1.313591
1.362076
1.235822
1.362076
1.417027
1.544591
1.828388
2.029058
1.828388
1.482975
1.671480
1.520994
1.482975
1.867094
2.029058
2.029058
1.520994
1.626420
1.626420
1.960835
1.803498
1.836821
1.842884
1.836821
1.789656
1.825375
1.824935
1.812983
1.796525
1.707632
1.719769
1.785368
1.880665
1.794918
1.679343
1.842310
1.750005
1.817705
1.575360
1.575360
1.750005
1.697619
1.672473
1.542938
1.717219
1.623419
1.542938
1.634607
1.634607
1.585975
1.606008
1.454854
1.507790
1.507790
1.425566
1.425566
1.454854
1.496215
1.454854
1.287224
1.337942
1.148325
1.123878
1.023880
1.010077
1.010077
0.993269
0.687245
0.773922
0.745190
0.769984
0.862254
0.862254
0.779324
0.949966
0.971331
0.971331
1.052364
1.020681
1.052364
1.072060
1.159270
1.247557
1.247557
1.292487
1.292487
1.333845
1.333845
1.273683
1.867094
1.520994
1.667341
1.844075
1.835034
1.965976
1.960835
1.960835
1.794643
1.797503
1.723790
1.723790
1.723790
1.880665
1.817705
1.842310
1.636903
1.785368
1.636903
1.679343
1.750005
1.842310
1.858788
1.633637
1.633637
1.651388
1.737103
1.737103
1.517538
1.575360
1.679343
1.737103
1.672473
1.542938
1.546349
1.591756
1.651388
1.515481
1.515481
1.487800
1.515481
1.358379
1.374862
1.507790
1.325726
1.325726
1.358379
1.425976
1.398584
1.398584
1.287224
1.345315
1.345315
1.274420
1.203401
1.203401
1.203401
1.025551
0.656144
0.769984
0.862254
0.868622
0.925911
1.070676
1.052364
1.044028
1.044028
1.069162
1.079600
1.180321
1.157164
1.235958
1.309518
1.313591
1.312312
1.362076
1.235822
1.347483
1.486056
1.414563
1.828388
1.520994
1.600138
1.965976
1.972104
1.803498
1.727173
1.812983
1.723790
1.891002
1.840760
1.913681
1.913681
1.913681
1.855006
1.817705
1.913681
1.850170
1.633637
1.746737
1.750255
1.759038
1.638486
1.750005
1.633637
1.672473
1.672473
1.683157
1.683157
1.487800
1.546349
1.606008
1.445416
1.454854
1.426899
1.484791
1.462511
1.526277
1.498121
1.398584
1.251757
1.374862
1.342744
1.343316
1.345315
1.212639
1.274420
1.274420
1.186880
1.025376
1.094738
1.124289
1.108922
0.955767
0.965186
0.993269
0.993269
0.999212
0.632154
0.653990
0.653990
0.687245
0.773922
0.773922
0.839005
0.788393
1.016231
0.797390
1.173304
0.835630
1.161270
1.173304
1.159270
1.159270
1.159270
1.247557
1.148115
1.161476
1.187220
1.201520
1.609781
1.598322
1.854915
1.813303
1.854915
1.661420
1.971014
1.971014
1.984578
1.965976
1.972104
1.832450
1.832450
1.823171
1.812475
1.789656
1.821811
1.823171
1.825375
1.861466
1.790374
1.991754
1.720311
1.937604
1.826491
1.855006
1.991754
1.719769
1.768482
1.642125
1.750255
1.853479
1.821849
1.705511
1.705511
1.642125
1.771713
1.726573
1.503827
1.759038
1.706787
1.562707
1.449590
1.498121
1.526277
1.449590
1.464184
1.496215
1.491650
1.426899
1.491650
1.462511
1.500334
1.338766
1.407829
1.254016
1.289969
1.343316
1.148325
1.083811
1.208577
1.025376
1.025376
1.124289
1.013323
1.023880
0.999212
0.542352
0.612023
0.612023
0.653990
0.682938
0.745190
0.839005
0.938717
1.016231
1.161270
1.107735
1.107735
1.124220
1.161270
1.173891
1.180321
1.173891
1.247557
1.227668
1.268650
1.295416
1.254935
1.308806
1.312312
1.312312
1.442463
1.661420
1.813303
1.486056
1.523872
1.854915
1.572305
1.665028
1.972104
1.843074
1.843074
1.730396
1.833567
1.861466
1.812100
1.790374
1.965689
1.965689
1.913681
1.938450
1.776204
1.720311
1.861840
1.937604
1.891002
1.891002
1.850170
1.938450
1.750255
1.789274
1.861840
1.850170
1.776204
1.750255
1.726573
1.714394
1.638486
1.759038
1.771713
1.771713
1.706787
1.611699
1.386923
1.386923
1.683157
1.611699
1.611699
1.591756
1.498121
1.386923
1.526277
1.386923
1.498121
1.496215
1.411460
1.379244
1.379244
1.342744
1.448695
1.379244
1.342744
1.289969
1.254016
1.425976
1.341689
1.425976
1.313990
1.289969
1.313990
1.269224
1.269224
1.067463
1.186880
1.104826
1.025376
1.041755
1.094738
0.997249
0.917044
0.997249
0.612023
0.721731
0.653990
0.773922
0.839005
0.912046
0.839005
0.912046
0.938717
0.912046
1.016231
1.016231
0.910407
1.016231
1.110919
1.124220
1.161270
1.173304
1.161270
1.250119
1.173891
1.180321
1.227668
1.309518
1.312312
1.273683
1.347483
1.598322
1.535592
1.813303
1.735225
1.486056
1.463194
1.813303
1.486056
1.572305
1.523872
1.600138
1.688206
1.976253
1.984578
1.730396
1.869933
1.790374
1.861466
2.040016
1.937604
2.058139
1.997106
2.092157
1.778696
1.981326
1.991754
1.991754
1.997106
1.826491
1.991754
1.853479
1.991754
1.776204
1.750255
1.638486
1.853479
1.850170
1.644521
1.706787
1.706787
1.691274
1.606081
1.557927
1.503827
1.611699
1.606081
1.553274
1.526277
1.349085
1.526277
1.526277
1.425976
1.425976
1.407829
1.310751
1.338766
1.372659
1.342744
1.310751
1.338766
1.289969
1.313990
1.237567
1.147306
1.254016
1.207556
1.186880
1.149058
1.079969
1.083486
1.118766
0.888727
0.538563
0.588427
0.565360
0.565360
0.745190
0.745190
1.143705
1.279055
1.266719
1.173304
1.161270
0.904685
1.273705
1.281318
1.273705
1.365288
1.269511
1.337303
1.337303
1.308806
1.787999
1.904874
1.813303
1.934710
1.600138
1.689762
1.854048
1.859007
1.859007
1.812475
1.814806
1.812475
1.833567
1.869933
1.799692
2.058139
1.861466
1.846574
1.861840
2.001051
1.753202
2.013141
1.932209
1.714754
1.786563
1.786563
1.850170
1.771713
1.503827
1.613283
1.430901
1.464184
1.386923
1.541043
1.449608
1.500334
1.311058
1.498121
1.424523
1.341689
1.254016
1.289969
1.313990
1.343316
1.285896
1.228040
1.207556
1.195601
1.099657
1.134468
1.178026
0.947857
1.013323
1.011384
0.955767
1.013323
0.955767
0.946868
0.975691
0.463007
0.490363
0.612023
0.632154
0.656640
0.746029
0.746029
0.746029
0.745190
0.839005
0.847148
0.918512
0.847148
1.025105
0.984812
1.296404
1.288708
1.281318
1.296404
1.281318
1.337303
1.353764
1.353764
1.337303
1.308806
1.362076
1.735225
1.596691
1.735225
1.463194
1.431329
1.627766
2.095073
1.854048
1.854048
1.718303
1.718303
1.727224
1.814806
1.809623
1.717545
1.827681
1.827681
1.825745
2.148070
2.049767
2.027763
2.027763
2.049767
2.079160
2.022401
2.013141
2.013141
1.771444
1.826491
1.850170
1.868514
1.858987
1.868514
1.786563
1.641883
1.868514
1.508004
1.691274
1.709829
1.691274
1.441790
1.508004
1.441790
1.449590
1.529414
1.541296
1.430901
1.448695
1.327758
1.310842
1.327758
1.333091
1.252767
1.252767
1.285896
1.164998
1.245911
1.224425
1.131928
1.224425
1.134468
1.150831
0.897401
0.982585
0.510184
0.490363
0.807966
0.918512
1.250119
1.110919
1.267389
1.250119
1.288708
1.281318
1.365288
1.269511
1.309518
1.330010
1.330010
1.353764
1.308806
1.551851
1.596691
1.404701
1.904874
1.862345
1.862345
1.509222
1.861986
2.093029
2.095073
1.854048
1.813527
1.852827
2.148070
1.933367
1.933367
2.079160
2.079160
2.079160
1.869933
1.924019
1.898764
1.943040
1.943040
1.742246
1.846574
1.947017
2.013141
2.022401
1.824229
1.868514
1.932209
1.813075
1.768482
1.714754
1.714754
1.726573
1.641120
1.641883
1.623698
1.623698
1.709829
1.613283
1.541296
1.440338
1.541296
1.252767
1.350540
1.333091
1.224425
1.195601
1.245911
1.164998
1.195601
1.164998
1.099657
1.015612
1.015612
1.079969
1.079969
0.955767
1.002682
0.947857
0.862324
0.463007
0.618590
0.634213
0.721731
0.807966
0.847148
0.918512
0.984812
0.984812
1.110919
1.242592
1.267389
1.288708
1.288708
1.296404
1.296404
1.383315
1.296404
1.365288
1.330010
1.330010
1.330010
1.453659
1.308806
1.409351
1.551851
1.500765
1.551851
1.666567
1.645750
1.977689
1.976253
1.854048
1.727224
2.126835
1.933367
2.049767
2.027763
2.027763
2.027763
1.812100
1.846574
2.013141
2.092157
1.846574
1.932209
1.947017
1.868514
1.868514
1.858987
1.641883
1.786458
1.542072
1.786563
1.691274
1.786563
1.508004
1.703471
1.542072
1.613283
1.613283
1.526540
1.441790
1.406723
1.430901
1.369316
1.449608
1.346197
1.271201
1.333091
1.424523
1.350540
1.317320
1.327758
1.281185
1.291748
1.182889
1.310842
1.245911
1.209281
1.209281
1.224425
1.235957
1.164998
1.079969
0.984127
0.984127
0.897401
0.876141
0.453122
0.538563
0.590768
0.634213
0.715012
0.658898
0.721731
0.677034
0.721731
0.807966
0.814479
0.863635
0.994204
1.110919
1.277266
1.392534
1.336862
1.358699
1.325608
1.409351
1.404271
1.480829
1.480829
1.666567
1.801197
1.619783
1.735225
1.491609
1.561755
1.861986
1.718303
1.814806
1.814806
1.951643
1.717545
1.723240
1.814806
2.191178
2.000161
2.125493
2.150795
2.125493
2.079160
2.092157
1.924077
1.924019
1.898764
1.753031
1.932209
1.786458
1.786458
1.786563
1.641883
1.625972
1.625972
1.703471
1.453075
1.441790
1.607366
1.618634
1.562707
1.369316
1.526540
1.541296
1.526540
1.541296
1.417473
1.449608
1.372659
1.302167
1.333091
1.317320
1.195601
1.131928
1.015612
0.906042
0.889037
0.437887
0.715012
0.863635
0.994204
0.984812
1.110919
1.115987
1.115987
1.386649
1.386649
1.400628
1.392534
1.373735
1.373735
1.430724
1.353764
1.358699
1.325608
1.536289
1.801197
1.443393
1.463194
1.418101
1.418101
1.851669
2.040272
1.977689
1.977689
1.951643
1.941683
1.941683
1.951643
1.941683
1.941683
2.169509
1.813527
2.150795
2.150795
2.093136
2.020719
1.980707
2.093136
1.924077
1.976703
1.823679
1.823679
1.824229
1.667827
1.814497
1.788118
1.667827
1.786458
1.854548
1.724737
1.786458
1.538989
1.691274
1.538989
1.513631
1.302167
1.526540
1.429529
1.449608
1.449608
1.417473
1.317320
1.317320
1.232743
1.116786
1.216018
1.224425
1.218682
1.080295
1.153421
1.080295
1.135426
1.002065
1.055303
0.970735
0.897401
0.533881
0.453122
0.560871
0.560851
0.510184
0.611111
0.604357
0.715012
0.814479
0.814479
0.863635
0.994204
1.115987
1.242592
1.242592
1.386649
1.387361
1.400628
1.392534
1.392534
1.430724
1.467704
1.353764
1.453659
1.404271
1.571232
1.619783
1.480829
1.418101
1.464808
2.030301
1.977456
1.977456
1.834903
1.834903
1.728054
1.699923
2.045373
2.036160
2.045373
2.139208
2.215768
2.191178
2.150795
2.191178
2.139208
2.093136
2.139208
2.000161
1.940830
2.000161
1.783244
1.823679
1.758412
1.758412
1.667827
1.506610
1.453075
1.703471
1.453075
1.526540
1.360116
1.417473
1.317320
1.203974
1.308689
1.240238
1.232743
1.153421
1.232743
1.218682
1.115203
1.080295
1.002065
1.115203
1.115203
1.055303
0.493116
0.453122
0.498688
0.778310
0.863635
0.912949
1.069660
1.069660
1.115987
1.242592
1.234672
1.242592
1.277266
1.400628
1.378728
1.480997
1.392534
1.467704
1.430724
1.358699
1.081772
1.513597
1.571232
1.619783
1.355304
1.392215
1.442732
1.932902
1.932902
2.045373
2.090952
2.124421
2.036160
2.125493
2.150795
2.000161
2.055278
2.093136
1.903694
1.823679
1.726542
1.723874
1.823679
1.903694
1.758412
1.625972
1.588253
1.625972
1.302167
1.080295
1.112384
1.212009
1.080295
1.110479
1.002065
0.978755
0.952546
0.930668
0.468785
0.493116
0.498688
0.579167
0.628764
0.633237
0.604357
0.705522
0.657330
0.658898
0.775926
0.778310
0.775926
0.775926
0.859502
0.945665
1.069254
1.196895
1.196895
1.242592
1.387361
1.400628
1.430724
1.421787
1.358699
1.405321
1.453659
1.405321
1.405321
1.459614
1.424238
1.312154
1.571232
1.619783
1.392215
1.384605
1.878493
1.616130
1.616130
1.828150
1.844679
2.040272
1.791222
1.834903
1.708402
1.724620
2.162570
2.191178
2.023559
2.086017
2.164817
2.041349
2.093136
2.191178
2.086450
2.020719
1.785854
1.795508
1.697727
1.482360
1.513631
1.573230
1.588253
1.588253
1.482360
1.453075
1.393809
1.336717
1.302167
1.129268
1.059313
1.027015
1.055303
0.979053
0.978755
0.930668
0.947587
0.481836
0.628764
0.628764
0.672486
0.775926
0.814479
0.859502
0.859502
0.792920
0.934629
1.069254
1.115987
0.901955
1.196895
1.069254
1.105586
1.234672
1.362947
1.331737
1.362947
1.362947
1.378728
1.480997
1.486279
1.463798
1.463798
1.453659
1.424238
1.312154
1.355304
1.373771
1.581831
1.655229
1.744522
2.030301
1.878493
1.791222
1.878493
1.689878
1.723462
2.105149
2.045373
2.105149
2.124421
2.180783
2.206711
1.689370
1.687920
2.240072
2.162503
2.131484
2.169509
2.206711
2.162503
2.240072
2.164817
2.164817
1.791162
1.667312
1.940425
1.866645
1.785854
1.758863
1.561083
1.482360
1.312500
1.093036
0.979053
0.958377
0.705522
0.672486
0.732560
0.934629
0.934629
0.934629
1.018718
1.069254
1.478153
1.486279
1.478153
1.486279
1.463798
1.480997
1.168798
1.245450
1.504890
1.504890
1.504890
1.405321
1.459614
1.316365
1.459614
1.515562
1.338593
1.550336
1.542521
1.844679
1.844679
1.791222
1.643851
1.689878
2.206711
2.086450
1.802964
2.013201
1.895189
1.940425
1.866645
1.866645
1.772385
1.772385
1.695788
1.695788
1.602597
1.602597
1.405003
1.374927
1.414443
1.312500
1.236623
1.312500
1.236623
1.198728
1.253252
1.305923
1.198728
1.212009
1.059313
0.885012
0.945255
0.945255
0.909557
0.526747
0.545335
0.604357
0.545335
0.545335
0.570532
0.570532
0.657330
0.732560
0.818508
0.785662
0.818508
0.934629
0.772588
0.844340
1.069254
1.196895
1.145578
1.331737
1.378728
1.480997
1.412725
1.538739
1.463798
1.501641
1.405321
1.459614
1.316365
1.459614
1.424238
1.355304
1.355304
1.393637
1.844679
1.844679
1.791222
1.610523
1.691168
1.691168
2.206711
1.676622
1.676622
2.206711
2.240072
2.206711
2.240072
2.013201
1.940425
1.761610
1.805194
1.709412
1.695788
1.709412
1.685725
1.526269
1.526269
1.526269
1.340901
1.340901
1.312500
1.323582
1.346197
1.250958
1.157318
1.169145
1.135426
0.979053
0.942733
0.909557
0.909557
0.925781
0.526747
0.526747
0.785662
0.818508
0.893994
0.929542
0.934629
0.934629
0.993757
0.901955
0.993757
1.054396
0.964877
1.054396
1.145578
1.186534
1.186534
1.311360
1.362947
1.504890
1.396606
1.316365
1.744522
1.789960
1.708122
2.141596
2.196589
1.773736
1.773736
1.742371
2.011413
1.805194
1.884287
1.696544
1.781521
1.709412
1.632220
1.603372
1.405003
1.305190
1.210634
1.167427
1.210198
1.129268
1.059313
0.979053
1.000201
0.942733
0.909021
0.945255
0.939108
0.879836
0.820927
0.837813
0.879836
0.844340
0.879836
0.837813
0.891813
0.949252
1.144350
1.144350
1.144350
1.035788
1.331737
1.109200
1.109200
1.441895
1.311360
1.458324
1.458324
1.453088
1.501641
1.440957
1.396606
1.189539
1.269298
1.581831
1.789960
1.610523
1.610523
1.658217
2.240072
2.196589
2.131484
1.791162
2.011413
1.689139
2.029863
1.973587
1.733140
1.758863
1.692976
1.614833
1.632220
1.629872
1.544673
1.532085
1.417329
1.534171
1.507098
1.326988
1.305190
1.417329
1.323582
1.238059
1.199468
1.152566
1.052573
1.028776
0.985374
0.953668
0.993757
1.144350
1.311360
1.311360
1.311360
1.441895
1.341482
1.453088
1.453088
1.532280
1.439289
1.269298
1.365949
1.311315
1.356656
1.311315
1.356656
1.755152
1.645245
1.755152
1.679919
1.679919
1.587492
1.641923
1.641923
2.103397
2.071435
1.951171
2.029863
1.951171
1.789723
1.951171
1.871369
1.785854
1.811347
1.871369
1.888534
1.726255
1.629872
1.726255
1.532085
1.238059
1.238059
1.238059
1.164394
1.157852
1.130506
1.130506
1.110479
1.052573
1.087297
1.100160
0.942733
0.942733
0.953668
0.953668
0.953668
0.949252
1.093443
1.230241
1.278819
1.278819
1.278819
1.109200
1.393004
1.458324
1.081772
1.458324
1.502295
1.532280
1.501641
1.501641
1.501641
1.439289
1.396606
1.396606
1.448581
1.494239
1.494239
1.397820
1.522601
1.708643
1.607670
1.578217
1.663798
2.162570
1.987390
2.141596
2.071435
1.719313
2.071435
2.029863
2.011413
2.029863
1.973587
1.761610
1.888534
1.888534
1.733140
1.811347
1.726255
1.742104
1.650450
1.629872
1.485568
1.436081
1.532085
1.532085
1.376354
1.264251
1.326988
1.253976
1.157852
0.996074
0.967930
0.993757
0.891813
0.924850
1.185789
1.144350
1.235922
1.235922
1.311360
1.372120
1.336002
1.441895
1.458324
1.489739
1.554609
1.435715
1.483383
1.333327
1.269298
1.397820
1.402108
1.442497
1.708643
1.542521
1.708643
1.650592
1.645245
1.558821
1.755152
1.558821
1.679919
1.519110
1.577764
1.577764
1.555023
1.691168
2.082151
2.103397
2.031399
2.071435
1.903737
1.692976
1.903737
1.811347
1.699472
1.773400
1.617473
1.707342
1.650450
1.703445
1.594096
1.485568
1.502797
1.544673
1.650450
1.214913
1.376354
1.436081
1.326988
1.218825
1.218825
1.253976
1.152566
1.157852
1.052387
1.055987
1.021982
1.072074
0.967930
0.967930
1.051575
0.967930
1.038562
0.924850
0.924850
0.991498
1.056350
0.991498
1.056350
1.056350
1.185789
1.408411
1.372120
1.401276
1.489739
1.473511
1.435715
1.473511
1.356038
1.439289
1.307951
1.365949
1.613208
1.558821
1.477936
1.519110
2.061360
2.061360
2.141596
2.141596
2.053431
1.993723
1.973587
1.943028
1.870920
1.781283
1.741794
1.791159
1.750496
1.750496
1.741794
1.594999
1.419127
1.502797
1.312505
1.406492
1.502797
1.385281
1.309109
1.406492
1.358847
1.309109
1.167708
1.309109
1.147318
1.235340
1.126582
1.051575
1.131606
1.056350
1.142362
0.924850
1.072860
1.035788
1.081772
0.992027
1.185789
1.235922
1.372120
1.372120
1.393004
1.502295
1.502295
1.502295
1.489739
1.488971
1.406643
1.219059
1.244918
1.219059
1.269350
1.219059
1.314016
1.355754
2.097473
1.934862
1.530669
2.040825
2.040825
1.993723
1.993723
1.993913
1.640668
1.993723
1.694533
1.993913
1.931658
1.872854
1.890132
1.781283
1.802371
1.802371
1.741794
1.785508
1.853458
1.682793
1.802371
1.673892
1.617473
1.511874
1.594999
1.592895
1.673892
1.577263
1.673892
1.508255
1.594999
1.508255
1.389913
1.421759
1.329230
1.406492
1.329230
1.358847
1.235340
1.167708
1.126582
1.199468
1.129806
1.231930
1.140347
1.245051
1.131606
1.142362
1.142362
1.336002
1.372120
1.410453
1.492485
1.492485
1.428923
1.502295
1.440704
1.489739
1.473511
1.333093
1.307951
1.210777
1.397820
1.522601
1.522601
1.522601
1.522601
1.519110
1.507422
1.578217
2.097473
2.100361
1.956238
2.100361
1.600033
1.587492
1.956238
2.095949
2.053431
1.706447
1.993913
1.905367
1.781283
1.931658
1.890132
1.810957
1.839161
1.806598
1.806598
1.750496
1.806598
1.673892
1.501391
1.453860
1.334917
1.312160
1.420720
1.252893
1.284122
1.217232
1.284122
1.334917
1.019568
0.992027
1.072860
1.276371
1.222049
1.372120
1.433544
1.489739
1.389138
1.333093
1.333327
1.266736
1.333327
1.260238
1.260238
1.210777
1.373669
2.095949
2.053431
1.668857
1.668857
1.918184
2.044711
2.044711
1.658396
1.884556
1.847025
1.714210
1.947895
1.729185
1.103917
1.103917
1.079514
1.222049
1.185789
1.171626
1.276371
1.171626
1.276371
1.410453
1.428923
1.410453
1.433544
1.458712
1.555677
1.389138
1.191873
1.244918
1.253690
1.295317
1.295317
1.578217
1.956238
1.624218
1.909882
1.918184
1.812800
1.812800
1.832672
1.856738
1.864789
1.673059
1.673059
1.171626
1.015271
1.540825
1.440704
1.507028
1.507028
1.266736
1.279587
1.444132
1.413682
1.373669
1.336519
1.507422
1.555023
1.528363
1.508958
1.951903
1.951903
1.897927
1.884556
1.658396
1.847025
1.171626
1.021768
1.322656
1.171626
1.222049
1.015271
1.276371
1.410453
1.428923
1.428923
1.428923
1.440704
1.507028
1.266736
1.266736
1.244918
1.279587
1.210777
1.210777
1.253690
1.295317
1.408759
1.444132
1.373669
1.477936
1.447336
1.941852
1.814596
1.449495
1.598085
1.754574
1.845896
1.951903
1.920131
1.765517
1.876687
1.771148
1.256271
1.245135
1.182878
1.021768
1.111239
1.295544
1.381186
1.434668
1.318654
1.507028
1.458712
1.389138
1.197165
1.236747
1.244918
1.226303
1.331016
1.369508
1.306756
1.814596
1.956238
1.970663
1.841454
1.596517
1.884556
1.884556
1.689939
1.608549
1.771148
1.864789
1.864789
1.182878
1.245135
1.182878
1.111239
1.021768
1.412421
1.434668
1.393174
1.335941
1.335941
1.236747
1.175968
1.226303
1.226303
1.301083
1.331016
1.836002
1.814596
1.956238
1.468252
1.450338
1.468252
1.490942
1.845896
1.834908
1.761544
1.608549
1.824114
1.920131
1.021768
1.111239
1.245135
1.245135
1.295544
1.085034
1.386022
1.386022
1.434668
1.424103
1.424103
1.393174
1.253831
1.253831
1.175968
1.226303
1.400680
1.423407
1.792355
1.808945
1.941852
1.843562
1.843562
1.443463
1.841454
1.182878
1.192145
1.164222
1.085034
1.412421
1.434668
1.304072
1.412421
1.335941
1.335941
1.209019
1.197165
1.236747
1.266533
1.226303
1.226303
1.331016
1.305211
1.373669
1.336519
1.652380
1.808945
1.687886
1.798758
1.338828
1.338828
1.724316
1.845896
1.853542
1.662404
1.845093
1.841454
1.829572
1.804009
1.824114
1.192145
1.262096
1.078230
1.085034
1.287741
1.320873
0.966483
1.236747
1.253831
1.219355
1.266533
1.219355
1.331016
1.305211
1.423407
1.644415
1.808945
1.814596
1.836002
1.367724
1.338828
1.853542
1.450338
1.445364
1.757600
1.445936
1.542679
1.631210
1.164222
1.192145
1.164222
1.232920
1.164222
1.164222
1.287741
1.300105
1.320873
1.253831
0.966483
1.287741
1.344001
1.199318
1.165323
1.199318
1.160810
1.160810
1.199318
1.236747
1.188325
1.219355
1.188325
1.219355
1.260551
1.336519
1.336519
1.279804
1.336519
1.644415
1.644415
1.652380
1.439639
1.365146
1.706702
1.735862
1.211734
1.562842
1.735862
1.659729
1.752857
1.853542
1.715467
1.320873
1.265703
1.287741
1.278603
1.344001
0.987473
1.002933
1.197318
1.197318
1.594316
1.612109
1.682582
1.682582
1.569237
1.735862
1.205238
1.367724
1.349079
1.653039
1.562842
1.460892
1.522455
1.609393
1.609393
1.522455
1.737278
1.204874
1.078230
1.323474
1.307083
1.239846
1.209019
0.987473
1.160810
1.197318
1.158145
1.129823
1.334507
1.248390
1.248390
1.254840
1.254840
1.232027
1.279804
1.472892
1.450754
1.641487
1.349079
1.200459
1.459457
1.569237
1.561658
1.706702
1.562842
1.460892
1.460892
1.562842
1.749318
1.522455
1.715467
1.518124
1.204874
1.265703
1.323474
1.106157
1.278603
1.121625
1.197318
0.987473
1.154928
1.334507
1.248390
1.273549
1.010333
1.188325
1.369678
1.118814
1.152414
1.176370
1.152414
1.150205
1.252596
1.194447
1.269913
1.368169
1.137240
1.444542
1.279804
1.444542
1.192483
1.464731
1.612109
1.644415
1.682582
1.275812
1.165957
1.450754
1.332641
1.200459
1.485869
1.332641
1.286885
1.200459
1.324454
1.393916
1.634141
1.356760
1.332641
1.641487
1.349079
1.357690
1.749318
1.592747
1.339197
1.413138
1.589988
1.151391
1.323474
1.199318
1.199318
1.122979
1.002933
0.986581
1.167207
1.144956
1.048226
1.048226
1.229246
1.229246
1.232027
1.252596
0.991526
1.194447
1.260551
1.368169
1.329652
1.406137
1.368169
1.464731
1.389117
1.407068
1.389117
1.370948
1.485869
1.370948
1.522253
1.569237
1.393916
1.269395
1.588721
1.217443
1.151391
1.114369
1.193197
1.220446
1.038544
1.121625
1.121625
1.121625
0.918102
0.889776
1.121625
0.918102
1.010333
1.161384
1.010333
1.161384
1.048226
1.118814
1.152414
1.152414
1.190501
1.152414
1.144956
1.068532
1.176370
1.176343
1.252596
1.254840
1.150205
1.114236
1.094389
1.329652
1.269913
1.329652
1.368169
1.185291
1.204535
1.337776
1.204535
1.522253
1.561658
1.561658
1.394875
1.555254
1.232750
1.307083
1.151391
1.188773
1.122979
1.142173
1.044593
1.144956
1.144956
1.196931
1.252596
1.115497
1.173532
1.368169
1.185291
1.307625
1.185291
1.472892
1.472892
1.522253
1.488332
1.252746
1.339197
1.525727
1.394875
1.243674
1.473386
1.348532
1.309794
1.518124
1.110607
1.220446
1.043334
1.071864
1.121625
1.071056
1.167207
1.189965
1.189965
1.011697
1.176343
1.176343
1.176370
1.269913
1.088923
1.406137
1.472892
1.488332
1.236598
1.236598
1.555910
1.073089
1.060730
1.043334
0.988083
1.161384
1.189965
1.102628
1.082129
1.107529
1.143625
1.107529
1.109247
1.173532
1.117714
1.168211
1.361924
1.361924
1.318528
1.411186
1.383844
1.394028
1.394028
1.232750
1.110607
1.220446
1.193197
1.060730
1.038544
1.038544
1.078296
1.122979
1.071864
1.025748
1.071056
1.060084
1.042928
1.047952
1.042928
1.042928
1.143625
1.269913
1.143625
1.329652
1.209177
1.231458
1.277272
1.159544
1.191731
1.361924
1.383844
1.243674
1.394028
1.394028
1.110607
1.060730
1.071864
1.025748
1.071864
1.071056
1.043334
1.045885
1.071056
0.988083
1.045885
1.011697
1.077998
1.011697
1.082129
1.082129
1.107529
1.143625
1.115497
1.107529
1.209177
1.131673
1.209177
1.159544
1.277272
1.277272
1.131673
1.337776
1.337776
1.362219
1.168211
1.191731
1.130737
1.383844
1.383844
1.130737
1.243674
1.375464
1.348532
1.321266
1.372630
1.346874
0.992333
1.104792
1.073089
0.985685
0.985685
1.044593
1.060730
0.931129
1.078296
1.025748
1.012504
1.071056
1.102628
1.102628
1.046358
1.082129
1.091608
1.077998
1.115497
1.097717
1.117279
1.159544
1.168211
1.223914
1.287535
1.210400
1.000283
1.117515
0.963179
0.984637
0.996511
0.982187
1.007404
0.970032
1.022627
1.004056
1.004056
1.046409
1.046409
1.131673
1.046358
1.029860
1.060517
1.099321
1.099321
1.064638
1.158568
1.196545
1.193733
1.193733
1.183068
1.189793
1.079574
0.985685
0.985685
0.996511
0.996511
0.948947
0.982187
0.996511
1.043947
0.980154
0.970032
1.012504
1.012504
1.022627
1.046358
1.046358
1.097717
1.084473
1.060999
1.097717
1.084473
1.117279
1.117279
1.099321
1.145032
1.177055
1.111052
1.130737
1.196545
1.155762
1.210400
1.173203
1.210400
0.987428
0.963179
0.992333
0.899130
0.927345
0.868865
1.022202
0.915906
0.915906
1.007404
0.982187
1.007404
1.043947
0.892270
1.004056
1.004056
1.079236
1.079236
1.084473
1.145032
1.145032
1.099321
1.111052
1.099321
1.158568
1.111052
1.051617
1.183068
1.193733
1.193733
0.871123
0.992333
0.919755
0.867905
0.950600
1.032820
0.950600
0.956420
1.056354
1.088466
1.073332
0.972460
0.987315
1.097717
0.999764
1.097717
0.972777
1.098926
1.177055
1.020972
1.135141
1.033099
1.155762
0.963179
0.899130
0.985685
0.915906
0.852076
0.950600
0.960754
0.867905
0.981639
0.971373
0.953091
1.007881
0.953091
0.972460
1.025643
0.993587
1.034137
1.007881
1.160532
1.036429
1.040578
1.051617
1.193733
1.051341
1.051341
1.062210
0.871123
0.899130
0.867905
0.942533
0.917241
0.942533
0.999764
1.004484
1.034137
1.016973
1.034137
1.051341
1.040476
0.893477
0.859876
0.893477
0.859876
0.893477
0.899130
0.893477
0.899130
0.904349
0.960754
0.960754
0.981639
0.892270
0.899916
0.981639
0.929113
0.942533
0.994484
0.994484
1.021601
1.021601
1.001638
0.999764
1.016973
1.030699
1.040476
1.040476
1.048290
1.062210
1.048290
0.859876
0.871123
0.868865
0.915906
0.839102
0.794926
0.960754
0.899517
0.890031
0.987315
0.864940
0.987315
0.987315
0.892947
0.913592
1.027783
0.903482
1.021601
0.803982
0.804277
0.839102
0.794926
0.794926
0.824186
0.836221
0.814645
0.890031
0.864940
0.890031
0.903482
0.903482
0.887918
0.824186
0.824186
0.840226
0.824186
0.853208
0.839102
0.853208
0.819823
0.852866
0.836221
0.876068
0.840226
1.810795
2.092157
1.619783
1.189539
1.164998
1.224425
1.218682
1.115203
2.041349
2.071435
1.755152
1.755152
1.551851
1.536289
1.619783
1.551851
2.041349
1.080295
1.195601
1.131928
1.115203
1.115203
1.327758
2.092157
1.785368
0.835630
1.081772
