6230 1 3
1.390376
1.440670
1.412859
1.353373
1.503043
1.300557
1.312853
1.577371
1.541261
1.193143
1.319086
1.219981
1.353055
1.411568
1.452378
1.506266
1.445226
1.293279
1.398660
1.466963
1.480805
1.299156
1.550851
1.592436
1.335607
1.328941
1.513199
1.541261
1.445504
1.506135
1.583938
1.655170
1.689902
1.208306
1.283189
1.381879
1.279542
1.267204
1.452378
1.525371
1.267204
1.335607
1.638171
1.635131
1.635131
1.627798
1.380914
1.691971
1.657654
1.610812
1.630466
1.706622
1.121689
1.197996
1.192452
1.174237
1.198853
1.164972
1.331421
1.467793
1.553453
1.165259
1.501328
1.545342
1.219981
1.508559
1.678246
1.673564
1.313988
1.703966
1.744918
1.661473
1.536858
1.742728
1.630466
1.842710
1.170213
1.282496
1.617677
1.225810
1.714892
1.310921
1.299156
1.813291
1.850638
1.406581
1.874372
1.715520
1.730789
1.857863
1.881230
1.756349
1.795285
1.128039
1.230314
1.273044
1.288538
1.327709
1.405873
1.500474
1.593788
1.627238
1.672263
1.694993
1.631613
1.664549
1.238499
1.310921
1.744778
1.829523
1.358542
1.526964
1.493243
1.551304
1.637315
1.915959
1.905213
1.831809
1.746604
1.788778
1.781065
1.209584
1.181537
1.163526
1.279769
1.135738
1.161109
1.621655
1.270065
1.643667
1.778621
1.664549
1.743790
1.858139
1.899566
1.916134
1.929401
1.737890
1.746111
1.746111
1.173936
1.212460
1.124878
1.342102
1.409746
1.371478
1.401951
1.574934
1.177216
1.180347
1.701540
1.238499
1.757637
1.649442
1.668408
1.870224
1.867652
1.464315
1.431114
1.363059
1.916134
1.737890
1.746604
1.771839
1.948273
1.827409
1.914179
1.871809
1.253430
1.252259
1.313632
1.188854
1.343349
1.144075
1.370008
1.151641
1.143027
1.233638
1.743790
1.895054
1.797447
1.993306
1.585591
1.925870
1.730050
1.800692
2.027581
2.051839
2.027368
1.871768
2.000324
1.766783
1.981980
1.089192
1.161157
1.079392
1.203107
1.112667
1.152926
1.475214
1.679723
1.750300
1.613005
1.373772
2.036061
2.027368
2.022300
2.074441
1.981980
1.951619
2.039592
2.069933
1.122627
1.122627
1.050654
1.073557
1.114531
1.657383
1.245955
1.299392
1.721363
1.852026
1.356273
1.893479
1.780697
1.780697
1.778621
1.811755
1.782312
1.954022
1.932786
1.994885
2.135616
1.694026
2.041732
1.800692
1.825369
1.771839
1.951619
1.768520
1.817387
1.817387
1.941743
2.102707
1.941743
1.762872
1.809773
1.722248
1.887601
1.681440
1.681440
1.095081
1.131817
1.089192
1.255679
1.101229
1.066484
1.299044
1.230440
1.102794
1.124878
1.147619
1.201166
1.816115
1.707908
1.912695
1.946210
1.873298
1.910613
1.442742
1.408127
2.095301
2.051839
2.055547
1.874989
1.883753
1.833004
2.136081
1.769677
2.127140
2.074441
1.777450
1.987928
1.854083
1.768520
1.880923
2.078566
1.953883
1.910572
1.819844
1.809773
2.080181
1.742005
1.787837
1.799013
1.815156
1.076444
1.283793
1.076454
1.388193
1.590735
1.707839
1.852026
1.824055
1.747785
1.861647
2.041976
1.987421
1.987421
1.910613
2.010083
1.686682
2.031437
1.477276
2.060712
2.060712
1.961582
2.131460
2.131460
2.131460
1.742821
2.135636
2.052708
2.136081
2.178485
2.172547
2.172547
2.186087
2.178485
1.991721
2.103617
1.856846
1.996035
2.049183
1.934843
1.899101
1.795693
1.754809
1.799013
1.138776
1.158078
1.070327
1.188921
1.373744
1.090244
1.201166
1.711778
1.721258
1.785933
1.745920
1.785933
1.824055
1.880340
2.016176
1.976190
1.743790
1.874989
1.852747
1.797206
2.150487
2.156721
1.752185
1.814019
2.185488
2.027368
2.194371
2.176705
2.193142
2.178485
1.769677
1.769499
2.275702
1.777450
2.021543
2.080181
2.009646
1.742005
1.737660
1.871653
1.753515
1.123327
1.109093
1.101226
1.076454
1.104778
1.062979
1.110934
1.435288
1.654396
1.330557
1.356273
1.912695
1.869884
1.842227
2.118291
1.832666
2.060712
2.097094
1.662362
1.745306
1.794278
1.918582
2.178611
2.266251
1.874989
2.172547
1.760725
2.185720
2.039592
2.275702
1.742005
2.111572
2.172528
1.803590
1.971227
2.009646
1.944128
1.754871
1.893202
1.806868
1.162274
1.212929
1.266722
1.193019
1.116093
1.532417
1.208321
1.834876
1.908287
1.339604
2.055399
2.055399
2.055399
2.093145
2.106022
1.873298
1.500173
2.145995
2.140689
2.240117
1.858849
2.265482
2.269197
2.392900
2.149171
2.295743
2.298167
2.222594
2.166262
2.151019
2.282837
2.193142
2.300682
2.103617
2.004693
1.925916
1.925916
1.901963
2.228096
1.805669
2.077485
2.022311
2.089988
2.057106
1.944128
1.675134
1.972587
1.697379
1.713198
1.770964
1.766613
1.765674
1.162274
1.161466
1.094136
1.205442
1.753793
1.833183
1.443076
1.956905
2.105179
2.058513
2.066221
2.020905
1.873298
2.190186
2.241957
2.254147
2.206551
2.228724
2.392900
2.259184
2.188067
2.295582
2.282837
2.160112
1.828733
1.813280
2.057094
1.875580
1.880923
2.030604
1.762048
2.139570
1.900172
1.900172
1.997207
1.158861
1.186072
1.252074
1.086097
1.123327
1.385870
1.159786
1.290041
1.142191
1.450732
1.242000
1.302738
1.908287
1.956905
2.118611
2.118291
1.743455
1.694529
1.908313
1.908313
2.218948
1.829831
2.235904
2.266251
2.363795
2.265482
1.794278
1.826971
1.810380
2.401288
2.125952
2.185105
2.217416
1.915546
1.970833
1.826668
1.915546
2.169022
1.805669
2.089988
2.078357
2.093568
1.932027
1.739965
1.700867
1.136710
1.448878
1.757702
1.595117
1.287056
1.790190
1.822889
1.833183
1.225569
1.862255
1.343991
2.114496
2.027782
2.079577
1.977574
1.660546
1.688166
1.529701
2.075474
1.660785
2.248653
2.224626
1.983985
1.869816
1.940592
1.868210
1.965949
1.995585
2.363796
2.269899
2.317657
2.256561
1.845888
2.296105
2.299650
2.185105
2.340140
2.236411
2.291077
2.295582
2.348786
2.264313
2.261981
2.118143
1.936813
2.125679
2.057094
2.273300
2.234311
2.012841
1.839809
1.707305
1.712473
1.183800
1.116213
1.090896
1.292686
1.454435
1.622235
1.367397
1.158307
1.903358
1.947845
1.947845
2.095188
1.982797
2.020905
2.118611
2.026539
1.553963
1.718298
1.895463
1.953573
1.723881
1.813492
1.772644
2.254147
2.330293
2.400179
2.377671
2.383064
2.275702
2.154626
2.057094
2.268037
2.474335
2.371392
1.875580
2.471056
2.366766
2.223561
2.061861
2.204692
1.826668
2.007681
1.932027
1.923735
1.832817
1.769368
1.792075
1.685440
1.756843
1.685440
1.183800
1.167497
1.128728
1.343270
1.398378
1.208297
1.526139
1.673541
2.043448
2.044451
1.991691
2.206243
2.147545
2.174578
2.199704
1.809905
2.199704
1.895463
2.176896
2.027694
2.323166
2.295674
2.252395
1.749921
1.813492
2.252395
2.337912
2.381983
2.350730
2.295720
2.260458
1.901537
1.837127
2.125952
2.345019
2.373361
2.214229
2.214229
2.357921
2.366766
2.273300
1.812492
2.234311
2.176339
1.751787
2.106307
2.074974
1.718288
1.777710
2.027373
1.792075
1.832817
1.167866
1.151889
1.209695
1.128728
1.553310
1.789668
1.301712
2.031267
1.977564
2.086159
2.006954
2.149672
2.121326
2.043448
2.067637
1.523782
1.643811
2.133051
2.153677
1.643811
1.754124
2.027694
1.678303
2.323166
2.445806
1.790306
2.350730
2.428254
2.363641
1.775906
2.332300
2.433632
2.316127
2.407970
2.197175
2.374284
2.417266
2.001276
2.081516
2.152650
2.229983
2.355610
2.307950
2.204692
1.981645
1.899665
1.899665
2.417547
2.307950
1.777710
1.174025
1.382241
1.183793
1.700775
1.903358
1.388833
1.432591
2.093146
2.149672
2.206243
1.677321
1.472730
2.095188
1.982797
2.091272
2.229488
2.092043
2.118611
2.219491
1.882716
1.947832
1.850016
2.063178
2.410405
2.326566
2.555232
2.297516
2.481359
2.396810
2.292739
1.963343
1.793543
2.401288
2.391256
2.332300
2.329431
2.406326
2.436317
2.429796
2.373462
2.373361
2.448539
2.345019
1.997481
2.340227
1.899665
1.778710
2.226587
2.036155
1.777710
1.783299
1.998854
1.685440
1.075130
1.105459
1.089036
1.164451
1.246568
1.079871
1.116822
1.627524
1.753085
1.824069
1.918195
1.815297
1.367157
1.495513
1.984376
2.086159
2.195440
2.132822
2.114496
2.147545
2.092043
2.118611
1.865786
1.754124
2.246371
2.302095
2.037726
1.793757
2.332926
2.363333
2.027694
2.417582
2.352654
2.445806
2.337912
2.428254
2.435414
2.449499
2.425611
2.358439
2.506075
2.487768
2.373305
2.611270
2.500877
2.495073
2.458030
2.394164
1.882725
2.422046
2.225087
2.312723
2.069630
2.316796
2.069630
2.333571
2.152650
2.058134
1.870129
2.150263
2.005238
1.884750
1.783299
1.939622
1.727698
1.089036
1.062933
1.102571
1.069521
1.438565
1.494868
1.615500
1.728493
1.918195
1.591572
1.427176
1.630154
2.236459
2.140592
2.248380
1.720774
2.211001
1.776623
2.177582
2.239326
1.882716
1.724485
1.750607
2.267053
1.829497
1.997899
2.037726
1.895463
2.286399
2.295674
2.410405
1.830497
2.379115
2.387246
2.387524
2.433959
2.443268
2.410055
2.443268
2.401288
2.500877
2.413901
2.333748
2.291077
2.458030
2.472509
2.553207
2.009943
2.381526
2.316796
2.214229
2.428586
2.428586
2.377773
2.358484
2.358484
2.296726
1.790787
2.150263
2.187975
1.884750
2.072292
1.928905
1.810847
2.041500
1.757413
1.902110
1.830679
1.914101
1.854455
1.727698
1.771650
1.312196
1.117298
1.240014
1.329426
1.374883
1.866637
1.983245
1.645383
2.104764
2.148978
2.219491
1.851350
1.994893
1.805517
2.088368
2.117707
1.740007
2.428254
1.839534
2.424730
2.377330
2.493984
2.391256
2.394164
2.027201
1.944579
2.521325
2.407970
2.459878
2.256264
2.241355
2.333571
2.388350
2.060305
1.989454
2.417547
1.977642
2.144611
2.482036
2.408930
2.367461
2.358484
2.296726
1.767819
1.768712
2.020493
2.140278
1.884750
1.977376
1.819789
1.914158
1.817588
1.884750
1.817588
1.872793
1.864050
1.771650
1.098969
1.081440
1.215964
1.517727
1.860082
1.354788
1.556823
1.528012
1.882667
1.882667
2.151289
1.790643
2.195445
2.248380
2.345898
1.923397
1.938194
1.740902
1.740902
1.770946
2.121497
2.037726
2.246371
2.290306
2.441031
2.430775
2.445402
2.484241
2.504862
2.495067
2.471021
2.453564
2.489063
2.491766
2.424730
2.502590
2.521325
2.522474
2.503559
2.388650
2.417266
2.540997
2.476342
2.415222
2.336398
1.869872
1.928944
1.810847
2.020493
1.943760
1.977938
1.879996
1.843368
1.836084
1.115409
1.079285
1.104674
1.761141
1.415806
1.517695
1.517695
1.522204
1.641077
2.067170
1.743991
1.776952
2.108333
1.977564
2.108187
2.151289
1.790643
2.158766
1.847166
1.923397
1.985728
2.195440
2.300508
1.873146
1.770946
1.806230
1.724485
2.117707
2.302095
2.364477
2.387453
2.559976
2.535466
2.484241
2.516341
2.481359
2.611270
2.027436
2.596518
2.027201
2.439245
2.503559
2.663366
2.478243
2.522474
2.546192
2.470261
2.256264
2.482160
2.135138
1.977642
2.336398
1.839113
0.806064
2.271417
2.263005
2.187975
2.177708
2.103328
2.020493
1.750850
1.914158
1.819789
1.796008
1.795057
1.965900
1.731396
1.674394
1.119297
1.225182
1.083981
1.114337
1.318393
1.463031
1.725849
1.826445
1.505811
1.616435
2.060612
1.743991
2.182022
2.132305
1.790643
2.114069
2.009388
2.152451
2.088368
2.117707
2.631423
2.519772
2.642741
2.519772
2.570192
1.890508
2.471021
2.613518
2.719646
2.620403
2.009943
2.533431
2.422046
2.510489
2.510489
1.990983
1.985187
2.539749
2.431659
2.539749
2.499908
2.401587
2.387105
2.430485
2.019927
2.384207
1.929558
1.797824
2.294363
2.020493
2.014820
2.014820
1.831693
1.964904
1.749212
1.773293
1.697595
1.699815
1.614320
1.097676
1.081440
1.262899
1.130464
1.660976
1.466838
1.826445
1.834563
1.922917
1.505811
1.681880
1.972726
1.629442
2.108333
1.690149
1.678833
2.124359
2.104764
2.150180
2.300508
2.009388
2.088368
2.009388
1.783399
2.238398
1.665535
1.711341
2.468280
2.512859
2.483180
2.459513
2.355497
2.654105
2.538193
2.555320
2.392058
2.491766
2.626464
2.516341
2.667387
2.576555
2.094885
2.027201
2.481645
2.118867
1.985187
2.573056
2.603622
2.333571
2.429202
2.456847
2.151309
2.134452
2.060305
2.458259
2.060305
2.108888
2.230848
2.158794
2.393342
2.369290
2.158794
2.158794
2.408930
2.445431
2.342640
2.263861
1.973201
1.890013
2.300375
2.263005
2.185456
1.850822
1.797824
2.209811
2.094864
1.835423
1.899476
1.805063
1.835423
1.725686
1.784932
1.564373
1.643910
1.301123
1.784849
1.320810
1.505674
1.435466
1.665915
1.768560
1.768560
1.795892
1.820404
1.795892
1.646057
1.889783
1.889783
1.780015
1.646057
2.195243
2.320810
2.039137
1.988809
2.248380
2.365456
1.773672
2.009388
2.114069
2.194441
2.194441
1.837066
2.509991
2.422793
2.602262
2.647118
2.486617
2.609591
2.485978
2.573545
2.590824
2.569126
2.709349
2.575712
2.530548
2.424730
2.520669
2.439245
2.502780
2.627777
2.584733
2.655500
2.546192
2.502236
2.502236
2.426906
2.399692
2.284560
2.210977
2.332537
2.386038
2.384207
2.381829
1.887885
2.027841
2.305516
2.117783
1.796650
2.084972
1.943760
2.045212
1.750850
1.905951
1.940096
1.784992
1.643910
1.642092
1.108934
1.074974
1.161442
1.299426
1.311196
1.394464
1.463553
1.604468
1.782905
1.564603
1.623574
1.623574
1.795892
1.795892
1.899215
2.019818
2.230759
2.171372
2.337399
1.615316
2.290864
2.073018
2.463797
2.248380
1.611979
1.749661
2.238398
2.365272
2.555335
2.621645
2.537090
2.711465
2.621529
2.675871
2.569126
2.422945
2.815501
2.815501
2.719646
2.089130
2.054475
2.632489
2.632489
2.534498
2.444553
2.354228
2.072594
2.421719
2.421719
2.109454
2.300375
1.825143
2.134942
1.914158
1.784992
2.034132
1.831693
1.796650
1.760284
1.835423
1.733255
1.723734
1.564373
1.590179
1.546287
1.079127
1.058901
1.158653
1.104674
1.087324
1.362887
1.324105
1.519509
1.927095
1.909569
1.965333
1.774489
1.857257
1.704096
1.768560
1.921042
1.623384
2.040158
1.994815
1.615316
2.098653
1.858348
1.546165
2.179743
2.039137
2.177644
2.337399
1.690627
2.111945
2.248380
1.776919
2.398492
2.365272
1.848839
2.475704
2.451496
2.626199
2.422793
2.399690
2.459513
2.609591
2.514438
2.153921
2.524797
2.804689
2.815501
2.615251
2.548567
2.690353
2.533431
2.665969
2.655500
2.578238
2.665969
2.587770
2.698392
2.108888
2.287503
2.300375
1.967489
2.310681
2.339685
2.000227
1.761971
1.844305
1.822280
1.634702
1.613232
1.530651
1.564373
1.126423
1.198265
1.104674
1.117298
1.934618
1.707299
1.834470
1.857257
2.010259
2.195243
2.248066
2.345898
2.401281
2.248403
2.398492
2.485531
2.701766
2.555335
2.435055
2.577911
2.676326
2.674839
2.734956
2.690359
2.094885
2.142982
2.621950
2.674029
2.719882
2.498549
2.666183
2.606605
2.456847
2.447942
2.544501
2.498549
2.444553
2.460707
2.402400
2.284560
2.394637
2.210977
2.386038
2.384491
2.278810
2.432455
2.145282
2.207293
2.124133
2.401007
2.072594
2.383997
2.068408
2.145282
2.006029
2.326094
2.067287
2.067287
1.917892
2.014820
2.045212
1.881442
1.862102
1.741478
1.810985
1.862102
1.723734
1.496824
1.013480
1.079791
1.518714
1.610501
1.697724
1.694231
1.639396
1.738542
2.052357
1.573864
1.633071
2.098653
2.184833
2.184833
2.179743
2.290471
2.230759
2.257264
2.068919
2.339038
1.813186
2.612742
2.714365
2.731369
2.455066
2.385479
2.385479
2.732041
2.735568
2.711465
2.675871
1.919680
2.506314
2.532943
2.532943
2.752999
2.705450
2.596518
2.540281
2.660203
2.525802
2.552197
2.499908
2.402400
2.342994
2.336603
2.278810
2.310681
2.293734
2.160650
2.081158
2.067287
1.634702
1.559185
1.460841
0.995176
1.079051
1.113754
1.371110
1.109909
1.050799
1.438597
1.518714
1.687381
1.519509
1.834470
1.553696
1.660145
1.965333
2.076072
2.164029
2.101868
2.102646
2.160605
2.069816
2.160605
2.211163
2.485133
2.385479
2.711465
2.621529
2.499917
2.455066
2.078658
2.676326
2.651615
2.779654
2.804689
2.767453
2.610905
2.815501
2.764850
2.779654
2.683985
2.773807
2.774732
2.579654
2.022183
2.587770
2.384491
2.480397
2.295827
2.006029
2.225902
2.089264
1.969046
1.969046
2.008338
1.832268
1.885000
1.869607
1.546287
1.496824
1.034524
1.025584
1.015919
1.033363
1.233741
1.109909
1.073989
1.206417
1.655662
1.420575
1.753045
1.859477
1.517824
1.637054
1.950569
1.612742
1.793807
1.707299
1.702450
1.975451
2.244684
2.110604
2.344951
2.344951
2.401363
2.355890
2.208361
2.545996
2.545996
2.666188
2.704438
2.527455
2.485133
2.731369
2.341283
1.945819
1.854868
2.718636
2.652826
2.424928
2.672712
2.598897
2.615251
1.958733
2.642444
2.208189
2.207887
2.651615
2.772582
2.133248
2.825624
2.736512
2.698392
2.718986
2.715510
2.715510
2.549999
2.036961
2.385499
2.385499
2.371191
2.485090
2.521105
2.378366
2.339685
2.449903
1.894365
2.023769
1.939219
1.848515
1.812010
1.885000
1.739891
1.739891
1.634702
1.785949
1.643355
1.524769
1.673482
1.546287
1.469159
1.530651
1.013623
1.013623
1.013480
1.033363
1.575838
1.641440
1.604468
1.771140
1.767187
1.389778
1.942908
1.857234
1.942908
1.523390
1.905434
1.639396
1.667893
2.061354
1.966678
2.106563
2.471977
2.060402
2.128327
2.704438
2.764315
2.683766
2.764315
2.734498
2.764315
2.630557
2.723582
2.810862
2.731369
2.711465
2.042487
2.659956
2.711465
1.938696
1.968089
2.675871
2.652826
2.672712
2.676326
2.861216
2.774732
2.869752
2.794867
2.879644
2.779091
2.774732
2.593385
2.540281
2.192204
2.736512
2.698392
2.587770
2.345439
2.419082
2.278810
2.371191
2.491317
2.419082
2.265646
2.416348
2.295827
2.295827
2.262088
2.367709
2.339685
1.923492
2.079635
2.200407
2.089264
2.101120
1.910511
1.910511
1.997223
1.988553
1.927033
1.932576
1.909530
1.843312
1.940115
1.822580
1.769056
1.426179
1.594761
1.449624
1.496824
1.418328
1.057885
1.500413
1.450375
1.654419
1.724104
1.462912
1.840595
1.523390
1.944265
2.098036
2.081965
1.711614
2.652377
2.693000
2.818447
2.731369
2.280823
2.380598
2.481575
2.481575
2.861216
2.823398
2.794867
2.841022
2.774732
2.192204
2.628490
2.668655
2.095027
2.598498
2.339738
2.404530
2.222760
1.828864
1.765204
1.794097
1.634702
1.695113
1.709803
1.578410
1.418328
1.025584
0.969949
1.029837
1.322528
1.131385
1.579037
1.654419
1.724104
1.641440
1.778008
1.767187
1.667871
1.560426
1.753045
1.771140
1.771140
1.767187
1.863848
1.890981
1.637054
1.609998
1.995659
1.616037
2.158917
2.184833
1.789508
2.264966
2.530097
2.128327
2.280823
2.111794
1.961226
2.456098
2.456098
2.525409
2.770576
2.836058
2.938369
2.870623
2.861537
2.248088
2.541137
2.182093
2.463356
2.785931
2.623256
2.431533
2.485090
2.557011
2.444553
2.381919
2.384632
2.419082
2.439383
2.297964
2.403863
2.339738
2.335614
2.195717
2.297964
2.014593
2.027731
2.104126
1.850006
2.023769
1.721663
1.712252
1.943965
1.677956
1.643355
1.521122
1.588562
1.269637
1.641440
1.324070
1.778008
1.809823
1.724104
1.857702
1.857702
1.978972
1.949503
1.610057
1.560326
2.005541
1.979521
2.038232
1.536698
1.563874
1.680437
1.939662
1.657163
1.879932
1.992062
2.010576
2.140479
2.081965
2.264966
2.471977
2.290471
2.471977
2.337399
2.076726
1.822599
2.015829
1.948523
1.881173
2.119060
2.886906
2.829813
2.966325
2.757866
2.886906
2.870623
2.855622
2.299062
2.445357
2.371191
2.364787
1.993608
1.909237
1.913597
2.124538
1.925749
1.925749
2.101120
2.023769
2.006690
1.724994
1.797858
1.974532
1.721394
1.765204
1.766852
1.958496
1.748895
1.869607
1.723455
1.677956
1.439411
1.523777
1.469159
1.388477
1.449624
1.480864
1.457706
0.983011
1.100984
1.015919
1.136352
1.123701
1.426724
1.426724
1.778008
1.560426
1.507343
1.523390
1.893846
1.978972
1.969421
1.503410
2.005541
2.008601
1.978721
1.708526
1.747275
1.678426
2.139291
1.666540
2.392756
1.717176
2.259654
2.146367
2.492483
2.392756
1.985535
2.012005
2.395339
2.706850
2.621640
2.673127
2.879517
2.930091
2.321950
2.375344
2.375344
2.182093
2.229810
2.713709
2.711245
2.552087
2.441416
2.292992
2.403863
2.341019
2.152026
2.145144
2.023769
1.848515
1.890180
1.890941
1.795895
1.655486
1.396726
1.396726
0.967952
1.005018
0.935392
0.945745
1.211858
1.179302
1.273762
1.042042
1.560426
1.426724
1.890981
1.899989
1.969421
1.857702
2.057467
1.634964
1.919524
1.924296
2.045951
2.010576
1.984402
2.530097
1.859493
1.916300
1.933678
2.511995
2.472923
2.550443
2.136310
2.193534
2.763254
2.251041
2.898620
2.964571
2.692624
2.620901
2.251041
2.861537
2.898620
2.785931
2.238900
2.785931
2.238900
2.515696
2.381919
2.468662
2.295827
2.458618
2.449903
2.295827
2.458618
2.453517
2.219205
2.259721
2.221758
2.100401
1.954008
1.991383
1.864590
1.721394
1.690141
1.690141
1.861760
1.878582
1.778560
1.554881
1.606835
0.964469
0.952362
1.084146
1.440124
1.376597
1.385338
1.474942
1.967248
1.976261
1.480200
1.997508
2.059928
1.632226
2.048050
2.069610
2.259654
2.380155
2.380155
2.521891
2.538411
2.804456
2.938369
2.812868
2.305046
2.381567
2.913778
2.568701
2.785931
2.375752
2.462913
2.628490
2.628490
2.552087
2.431595
2.431595
2.431595
1.995880
2.364787
2.259721
2.364282
2.298225
2.138197
2.205724
2.052274
2.052274
1.988553
2.017849
1.797423
1.738955
1.713862
1.028546
1.128951
1.050358
1.722436
1.820252
1.385338
1.992734
1.987074
1.987074
1.951647
1.951647
2.083668
1.645621
2.059309
1.958793
2.069610
2.020416
1.931343
1.961226
2.240360
2.879517
2.711638
2.375344
2.281222
2.206775
2.161970
2.116216
2.439383
2.389213
2.317961
2.145144
2.119621
1.862985
1.876197
2.039615
1.864590
1.926359
1.862761
1.838078
1.663132
1.648643
1.663132
1.702350
1.648643
1.622808
1.723455
1.575133
1.484377
1.442253
1.439411
1.340916
1.335019
1.360872
0.902053
0.927422
0.935392
0.951960
1.009043
1.257594
1.376597
1.304300
1.503410
2.006860
1.932413
2.380155
1.969312
1.995887
1.995887
2.214880
2.247817
1.997640
2.288530
2.714421
2.935877
2.906889
2.966325
3.004288
2.911841
3.037712
2.957650
2.994432
2.298532
2.437776
2.541137
2.386835
2.411609
2.401866
2.512981
2.396733
2.278339
2.346367
2.298225
2.145144
2.089731
1.925749
2.119621
2.096905
1.869023
2.019716
1.865764
1.997389
1.820727
1.868108
1.862761
1.742839
1.791472
1.882363
1.797982
1.888608
1.738955
1.678692
1.759957
1.622808
1.713862
1.442253
1.484377
1.627248
1.635147
1.382243
1.398195
0.970335
1.396379
1.347912
1.299548
1.347912
1.762683
1.757188
1.556605
1.524333
2.014464
1.998815
2.044555
2.066579
2.066579
2.079499
1.589017
1.928696
1.990621
1.937175
2.210481
2.380155
2.054669
2.149102
2.061629
2.278811
2.206455
2.167064
2.103710
2.538411
2.883664
2.561520
3.046183
2.980790
2.935877
3.007082
2.930091
2.994432
2.584862
2.427726
2.515301
2.444371
2.417667
2.398887
2.147421
2.011637
2.487023
2.379667
2.389524
2.390064
2.317961
2.008220
2.246371
2.008220
2.131100
1.983415
1.608045
1.571719
1.709448
1.371103
1.340916
1.404818
1.320573
1.224735
1.299548
1.266350
1.320376
1.266350
1.333185
1.918071
1.834522
2.016804
1.997508
1.987074
1.987074
2.088218
2.088009
2.098565
2.083668
2.045451
1.634964
1.542608
1.608189
1.973520
1.973520
1.932413
2.300009
2.521891
1.966250
2.138900
2.978667
2.728654
2.690919
2.813249
2.897815
2.832369
2.996959
2.980790
2.955485
3.022354
2.821859
2.994432
2.860914
2.997414
2.961030
2.251040
2.493104
2.301382
2.470430
2.453517
2.256107
2.205496
2.328018
2.046113
1.797499
1.893871
1.856715
1.866721
1.957414
1.772438
1.742839
1.900640
1.793269
1.792220
1.564331
1.618250
1.479407
1.549807
1.340916
1.338752
0.916969
1.039589
1.101477
1.195236
1.232865
1.299548
1.320376
1.665368
1.899989
1.912073
2.003664
1.963923
2.467836
2.063162
2.331779
3.016823
2.532150
3.046183
2.980790
2.446830
2.880279
2.436985
2.501662
2.463111
2.544818
2.401600
2.422870
2.025578
2.256476
2.072737
2.153639
2.275889
2.254236
1.936409
1.936409
2.181294
2.042572
1.866600
1.780949
1.617429
1.698820
1.527799
1.636590
1.382243
0.916969
0.930175
0.970335
1.243998
1.136426
1.496575
1.430718
1.232865
1.247122
1.771729
1.993253
1.964079
1.868474
1.975588
2.143749
2.713283
2.931207
2.929774
2.596330
2.585821
2.857685
3.037712
2.447236
2.552719
2.348039
2.464805
2.487528
2.598333
2.247720
2.241885
2.678222
2.521346
2.428715
2.322727
2.105784
2.083067
2.406958
2.171082
2.256107
2.188552
2.320125
2.105784
2.015593
2.213704
2.231369
1.797423
1.983415
1.902423
2.093103
2.093103
1.902423
1.783514
1.690562
1.885118
1.779830
1.862761
1.801610
1.897945
1.787238
1.618250
1.636590
1.422599
1.402962
1.300625
1.265640
0.897817
1.168184
1.232865
1.203450
1.168342
1.299548
1.610088
1.271034
1.299654
1.410835
1.912073
2.066579
1.984826
1.974381
1.883914
2.388585
2.467836
2.388585
2.020416
2.326602
2.363900
3.081454
2.562165
2.870804
2.835277
2.740569
2.745794
2.835277
2.901546
2.994432
3.037712
2.447236
2.873418
2.267118
2.220496
2.386835
2.417268
2.557763
2.588569
2.484584
2.570342
2.557763
2.521346
2.453517
2.425060
2.410574
2.604415
2.497054
2.256107
2.275444
2.498911
2.411699
2.231369
2.329887
2.310334
2.021702
2.021702
2.185376
2.186075
1.990437
1.865764
1.992100
1.820636
1.819324
1.939241
1.779830
1.759607
1.557149
1.709448
1.475582
1.630640
1.516542
1.372179
1.449114
1.372179
1.068179
1.093935
0.940477
1.154812
1.251685
1.450151
1.694988
1.610088
1.707156
1.831382
1.918071
2.023705
1.971796
1.966257
1.864585
1.927251
1.877966
2.300009
2.132575
2.296025
2.907087
3.053170
3.046183
2.876278
3.029729
2.864514
2.377522
2.956780
2.907403
2.396277
2.709029
2.709029
2.322727
2.428288
2.428288
2.507877
2.670640
2.573811
2.486863
2.591374
2.498911
2.503918
2.340286
2.484667
2.105911
1.939388
2.098319
2.181294
1.950576
1.773558
1.997389
1.563536
1.678692
1.475582
1.563536
1.442253
1.442253
1.563262
1.520981
1.395319
1.324225
1.338752
0.915185
0.884141
0.989495
1.011159
1.146677
1.343270
1.234500
1.438357
1.438357
1.206472
1.179388
1.770460
1.705639
1.707156
1.995303
2.023705
2.095998
2.046859
1.902810
1.859764
2.129052
2.283471
2.065377
3.050837
2.983838
3.000825
3.004702
2.194971
2.176808
2.870804
2.943440
2.876278
2.869643
2.372450
2.344673
2.943440
2.943440
2.907403
2.836015
2.957650
2.496396
2.802987
2.331805
2.411252
2.828493
2.103874
2.176335
2.275444
2.256529
2.304329
2.119155
2.190446
2.096012
2.093103
2.093103
2.006655
1.785898
1.837186
1.783514
1.730163
1.900640
1.886050
1.766187
1.637534
1.557149
1.697311
1.618250
1.654724
1.402122
1.554439
1.306359
1.293266
0.889754
0.882525
1.027125
1.018290
0.899881
0.922836
1.344567
1.263500
1.175114
1.146677
1.168342
1.627970
1.543560
1.703395
1.617818
1.488298
1.345191
2.030025
1.890349
2.014190
1.888435
2.029899
2.032557
2.157686
2.326711
2.362942
2.362798
2.535922
2.809445
2.176808
2.929021
2.939075
2.176808
2.731592
2.738105
2.738782
2.727035
2.943440
2.922754
2.802987
2.767708
2.852978
2.376447
2.320436
2.584113
2.639333
2.518410
2.276197
2.320436
2.670640
2.330153
2.591374
2.604339
2.513428
2.460804
2.103145
2.267236
1.871465
2.023261
2.137397
2.085282
1.992829
1.943867
1.844523
1.926191
1.902746
1.886050
1.739285
1.468183
1.584778
1.677096
1.355820
1.363283
0.892906
0.902568
0.977185
1.367211
1.146677
1.468308
1.293894
1.561683
1.123722
1.617818
1.550395
1.631953
1.543936
1.551946
1.616958
1.626191
1.636143
1.707156
1.892086
2.110258
3.165305
3.165305
2.980235
2.907087
3.012761
3.053170
2.535922
2.539244
3.049343
2.535922
2.839630
2.585551
2.397844
2.592909
2.999399
3.029729
3.048352
2.648169
2.367932
2.442544
2.486863
2.518410
2.518410
2.367932
2.555504
2.184269
2.402162
2.304329
2.275870
2.192792
2.219970
2.345010
2.260990
2.265419
1.989564
2.178856
2.186075
2.068950
2.068950
1.992829
1.986607
1.777718
1.493555
1.698820
1.801610
1.766187
1.673422
1.677096
0.881002
0.858790
1.101019
1.248796
1.200965
1.118611
1.050079
1.367211
1.470724
1.235265
1.427515
1.306723
1.999376
1.832353
1.961319
1.926005
2.110258
2.195582
2.020975
1.936437
2.109341
2.067747
3.106968
2.305248
2.911183
2.585551
2.206798
2.368696
2.303572
2.452435
2.552719
2.852978
2.692238
2.220981
2.689166
2.183629
2.708326
2.484667
2.249827
2.225533
2.131849
2.220885
2.306923
2.260990
2.072737
1.903333
1.793994
1.899053
1.897945
1.807241
1.886050
1.586332
1.437731
1.315722
1.318594
1.280711
0.861658
0.946707
0.864539
0.963571
1.177211
0.982245
1.060882
1.293894
1.195963
1.118611
1.334025
1.118611
1.138001
1.079732
1.402621
1.402621
1.453783
1.426501
1.505983
1.613803
1.714848
1.306723
1.843903
1.933065
1.889750
2.195582
2.183372
3.165305
2.198580
2.198580
3.008656
3.104830
3.094057
3.104830
3.096004
2.678634
3.001864
3.089237
2.788918
2.826007
2.389288
2.204067
2.445341
2.596330
2.592909
3.026233
3.018322
2.956780
2.960044
2.971236
2.605486
2.852978
2.753770
2.557058
2.489842
2.178695
2.432966
2.387094
1.987977
2.108454
2.260990
2.103145
2.161142
2.102551
2.096012
2.185376
1.754660
1.607275
1.731509
1.777718
1.483414
1.777718
1.708507
1.695531
1.419750
1.551510
1.289730
1.289730
1.407838
1.265640
0.841482
1.101019
1.221931
1.286160
1.356546
1.384407
1.248796
1.633741
1.631413
1.714848
1.631953
2.030025
2.048098
2.080256
1.887963
1.905046
1.961319
1.951195
3.048243
2.347440
2.912951
3.106968
2.522126
2.800968
2.579489
2.204067
2.585551
2.443743
2.738782
3.048352
2.836015
2.302356
2.580000
2.888231
2.287564
2.862616
2.920060
2.729725
2.786444
2.411252
2.803999
2.814169
2.177254
2.714373
2.396687
2.572270
2.533106
2.269748
2.603595
2.275781
2.420658
2.352390
2.352390
2.020590
2.280674
2.352390
2.352390
2.177506
2.192699
2.098003
1.999658
1.836030
1.997389
1.618742
1.894868
1.894868
1.493555
1.726424
1.695531
1.630060
1.377608
1.289730
1.439097
1.324195
0.888820
1.033669
0.900265
0.902568
1.098151
1.141065
1.208152
1.175688
1.284755
1.296817
1.426501
1.248516
1.248516
1.321975
1.416334
1.093877
1.221029
1.164482
1.524671
1.631953
1.631953
1.277423
2.048098
2.076021
1.906887
1.893370
2.976975
3.066974
3.002301
2.994664
2.169109
2.110664
2.187300
3.007920
2.215256
2.343796
2.924451
2.522126
2.929021
2.402175
2.392475
2.727035
3.018322
2.830481
2.708935
2.869643
2.988875
2.862616
2.323931
2.220981
2.689166
2.159380
2.091413
2.479893
2.432966
1.956449
1.956449
2.178856
2.178856
1.981933
1.894868
1.993301
1.675442
1.895657
1.762054
1.894868
1.809954
1.672881
1.611806
1.579841
1.569391
1.305142
1.355820
1.538952
1.399566
1.225455
1.191389
1.284755
1.344211
1.416334
1.551946
1.318725
1.763704
1.616283
1.953621
1.958576
1.964418
2.080256
2.080256
2.062165
1.902712
1.865828
2.901568
3.070092
2.976975
1.947287
3.115134
2.664332
3.007906
2.700111
2.554668
2.537675
2.446572
2.402175
2.558024
3.026233
2.952631
2.910423
2.588326
2.660425
2.518403
2.446068
2.446068
2.260990
2.352390
2.280674
2.197726
2.098003
2.062184
1.968981
2.142841
2.030325
1.999658
2.098003
1.974430
1.816862
1.906210
1.890593
1.777718
1.483414
1.796195
1.796195
1.796195
1.569391
1.342554
1.386064
1.308065
1.302681
0.837884
0.888820
0.880567
1.055521
1.128602
1.098151
1.158095
1.175688
1.098151
1.248516
1.046389
1.076472
1.269660
1.108774
1.344211
1.779245
2.042076
2.020254
2.901568
2.053617
2.983202
2.976975
3.093910
2.881141
3.109459
3.025331
3.007920
2.519145
2.519145
2.916918
2.790767
2.214526
2.312900
2.738782
3.026233
2.605859
2.907964
2.960044
3.061329
2.829529
2.819041
2.275781
2.149117
2.703330
2.602597
2.206039
2.229112
2.152998
2.068950
2.019254
2.152998
1.890593
1.419750
1.490926
1.519482
1.298763
0.837884
0.941313
1.224657
1.257210
1.248516
1.204635
1.298479
1.257210
1.478030
1.379721
1.270097
2.101690
1.828634
2.697173
2.697173
2.811054
1.966672
2.933298
2.944710
2.347440
2.356001
2.671395
2.421551
2.420108
2.578825
2.830481
2.792695
2.792695
3.075936
2.931100
3.017328
2.478604
2.574647
2.729725
2.729725
2.654352
2.177254
2.703330
2.557058
2.480825
2.446068
2.179410
2.243960
2.267861
2.310673
2.099432
2.062184
2.058368
1.779085
1.762054
1.809954
1.599972
1.570175
1.305142
1.343179
1.392650
1.271949
1.271949
1.313024
1.256285
0.823075
0.895577
1.130525
1.231713
1.388366
1.538700
1.937520
1.872384
2.891815
2.774378
2.108528
2.067747
2.857832
3.038221
2.978917
2.911490
2.900917
2.811926
3.031874
2.487897
2.656745
2.433097
2.563610
2.577771
2.591628
2.529851
2.721805
2.952631
2.298095
2.762327
2.634204
2.251768
2.684394
2.603595
2.310779
2.357273
2.491613
2.326263
2.372065
2.179410
1.826653
1.796906
1.411928
1.245732
1.271083
1.230616
0.812301
0.855918
0.801792
1.093693
1.070434
1.164974
1.829135
1.759249
1.857792
1.848289
2.000244
2.005144
1.970482
1.904768
2.976504
2.080478
2.989261
2.152805
2.487897
2.339008
2.329536
2.802585
2.910415
2.651099
2.501099
2.510860
2.404244
2.800108
2.792602
2.811215
2.903847
3.061329
2.753741
2.660858
2.221767
2.806601
2.814169
2.684394
2.448305
2.703330
2.618273
2.585520
2.491613
2.720373
2.618273
2.448305
2.104563
2.448177
2.416263
2.416263
2.168586
2.227657
2.049527
2.037922
1.831069
1.923798
2.028246
2.028246
1.859367
1.826653
1.684745
1.630514
1.757810
1.754242
1.971097
1.860354
1.726424
1.518316
1.607275
1.578128
1.655115
1.532506
1.682028
1.330845
1.278906
1.277100
1.256528
0.837532
1.065970
1.052219
1.052219
1.017576
0.934459
0.896394
1.283410
1.616283
2.708683
2.876979
1.855710
2.924972
2.876979
2.160570
2.160570
2.863750
2.779366
2.465574
2.367306
2.402357
2.285966
2.437569
2.574712
2.206909
2.535770
2.691092
2.652661
2.903847
2.845557
3.075936
2.926781
2.702024
2.201924
2.673648
2.585520
2.574647
2.148912
2.247351
2.028784
2.046636
1.958428
1.717513
1.810230
1.860354
1.490926
0.808220
0.965498
0.992814
1.022215
0.966397
1.089231
1.030087
1.187675
1.460139
2.021536
2.005144
1.940164
2.640996
2.640380
2.697173
2.891815
2.758957
2.429563
2.760012
2.679057
2.792695
3.075936
3.061329
2.840772
2.817765
2.628894
2.525287
2.168586
2.349978
1.991915
2.140217
2.142386
1.935257
1.935257
1.902214
1.910189
1.740578
1.676767
1.640291
1.670112
1.447551
1.545637
1.370627
1.349676
1.387081
1.172139
1.279886
1.203470
1.044268
1.174901
1.091908
1.091908
1.301157
1.456034
1.280368
1.675339
1.951773
1.970482
1.857792
1.883758
2.057329
1.815754
1.846531
1.916938
2.047048
2.296164
2.646917
2.501099
2.393519
2.412731
2.352255
2.792602
3.075936
3.017328
2.926781
2.806601
2.126952
2.171782
2.440024
2.106387
2.106387
2.217037
2.106387
2.140217
2.217037
1.899012
1.923798
2.142386
2.002219
2.072923
1.910189
1.910189
1.947238
1.713899
1.745313
1.686520
1.754242
1.498423
1.782995
1.782995
1.570175
1.356423
0.786043
0.889376
0.786043
0.973840
0.836320
1.044268
1.030087
0.886653
0.992848
1.522935
1.435864
1.672182
1.271895
1.215324
1.759182
1.953195
1.929806
1.877861
1.994479
2.708683
2.844094
2.926104
2.898295
2.961551
2.786907
2.608391
2.587302
2.644240
2.529851
2.599583
2.784680
2.298720
2.277022
2.686962
2.702126
2.130365
2.529069
2.606579
2.142386
2.121791
1.810238
1.824883
1.860354
1.498423
1.782995
1.640291
1.538448
1.463425
1.463425
1.261850
0.921283
0.965516
1.030087
1.241966
1.505313
1.339478
1.756322
1.756322
1.870600
1.893662
2.005144
1.983391
2.542934
2.809953
2.705803
2.296164
2.109315
2.258795
2.873365
2.258931
2.493515
2.535770
2.930635
2.760012
2.982678
2.864031
2.029963
2.335958
2.387887
2.387887
2.305080
2.327373
2.320391
2.106387
2.154969
2.227609
2.108564
2.028246
2.002219
2.028246
1.910189
1.772689
1.860354
1.613731
1.640291
1.416466
1.362860
1.386064
1.267464
1.260315
1.213389
0.765637
0.965498
0.904716
0.882138
1.242368
1.231713
0.992848
1.114931
1.596010
1.282950
1.560934
2.517172
2.809953
1.995780
2.781573
2.436298
2.334708
2.412731
2.421027
2.574712
2.526428
2.600648
2.920871
2.821926
2.760012
2.699679
2.699679
2.966337
2.151289
2.320391
2.320391
2.045298
2.257976
1.994464
1.887051
1.778607
1.740578
1.903360
1.831545
1.700202
1.648838
1.640291
1.507140
1.583811
1.618220
1.591502
1.533866
1.523080
1.503811
1.181936
1.175836
0.839108
0.997445
1.002848
1.015912
1.094353
0.932248
0.932248
1.367468
1.359251
1.751145
1.383966
2.474528
1.869804
1.961167
2.619643
2.605183
2.655641
2.827227
2.641232
2.641232
2.744264
2.526428
2.368313
2.298720
2.886255
2.054848
2.513969
2.096095
2.313916
2.305080
2.153510
2.305080
2.180439
2.141686
2.214212
2.335958
1.945516
2.180439
2.092644
2.002707
1.835653
1.811512
1.898056
2.002707
1.810238
1.743058
1.903360
1.808277
1.808277
1.648838
1.518352
1.523080
1.503811
1.417234
1.319689
0.765637
0.800101
1.165541
0.998099
0.995182
1.404868
1.176350
1.226422
1.549358
1.708412
1.870600
1.501114
1.923527
1.620228
1.805090
2.404935
2.605183
2.714356
2.047048
2.080478
2.282651
2.807222
2.463265
2.279351
2.287496
2.264575
1.884815
2.035981
2.394696
2.418303
2.694986
2.054162
2.604517
2.772783
2.147253
2.513969
2.423308
2.097922
2.313916
2.258782
2.032442
2.132864
2.141686
2.072574
2.066881
1.894884
2.028569
1.963205
1.832624
1.835942
1.772689
1.631159
1.772689
1.700202
1.606106
1.663396
1.682549
1.732840
1.509079
1.609329
1.480352
1.380886
1.533866
1.509079
1.293939
1.427988
1.319689
1.310749
1.232645
1.275444
1.221402
0.836622
0.821928
0.910147
0.936443
1.097907
1.311492
1.864823
1.560808
1.856126
2.337870
2.337870
2.337870
2.456962
2.701693
2.095355
2.731418
2.648221
2.396371
2.504941
2.264575
2.649140
2.738203
2.550392
2.694986
2.694986
2.750588
2.928587
2.885859
2.835600
2.614918
2.147253
1.962854
2.400124
2.015258
2.018347
2.060925
2.153510
2.305080
2.330010
2.134075
2.165911
1.868106
2.014623
1.903818
1.969558
1.879211
1.795672
1.903818
1.903360
1.648838
1.831545
1.545420
1.750034
1.509561
1.601447
1.432916
1.624945
1.635324
1.634909
1.468519
1.635324
1.412349
1.261850
1.355635
1.424128
1.417234
1.392275
1.328124
1.261850
1.293939
1.249938
0.749843
1.165541
0.872475
1.305958
1.311492
1.305958
1.052008
1.056055
1.511556
1.410103
1.381570
1.521053
1.511556
1.634131
1.335003
1.966194
1.865271
1.893662
1.757889
1.620228
1.711440
1.767457
2.437433
2.039481
2.076729
2.626169
2.757435
2.688897
2.419719
2.556543
2.699679
2.642036
2.281727
2.241477
2.906362
2.767576
2.387490
2.040019
1.969982
2.338712
2.423188
2.183029
2.400124
2.357646
2.255968
2.356644
2.058050
1.945724
2.263283
1.945724
2.033835
1.945724
1.945724
2.033835
1.858750
1.933849
1.963205
1.903360
1.743058
1.806135
1.744099
1.842498
1.744099
1.570314
1.586516
1.640291
1.352991
1.470829
1.460480
1.493715
1.385383
1.378464
1.424128
1.262416
0.806414
0.781672
1.008909
1.169320
1.355616
1.387098
1.277966
1.519194
1.531255
1.537267
1.865271
1.847085
1.877634
2.401469
2.299037
1.911135
2.372310
2.390794
2.509113
2.575156
2.585420
2.551103
2.427775
2.417256
2.265864
2.239627
2.395613
2.737495
2.738203
2.928587
2.248591
2.135248
2.034628
2.034628
2.479101
2.519106
2.429298
2.400124
2.148175
2.352416
2.455961
2.089148
1.978857
2.054683
1.835653
1.937853
1.895255
1.802163
1.758074
1.705165
1.744099
1.773432
1.704238
1.546316
1.601447
1.470829
1.311489
1.311489
1.281170
1.235919
1.235919
1.328124
1.212633
0.855744
1.087356
1.153427
1.237373
1.348692
1.367468
1.353948
1.531255
1.449853
1.508213
1.537267
1.781549
1.927637
1.805481
1.810044
2.282219
1.824073
1.757085
1.974698
1.857562
2.474528
1.939025
2.054011
2.373058
2.208313
2.565409
2.307689
2.227500
2.256436
2.339465
2.474844
2.511188
2.612519
2.688897
2.300370
2.598838
2.365364
2.257553
2.679688
2.821926
2.459181
2.583407
2.025911
2.048522
2.048522
2.176691
2.387490
2.085937
2.310019
2.423188
2.217344
2.097244
2.533969
2.357646
2.093970
1.978857
1.691492
1.432916
1.410545
1.446158
0.797043
0.825457
0.930278
0.828010
0.999372
1.079018
1.079018
1.239243
1.282346
1.371229
1.371298
1.312469
1.355616
1.236357
1.371229
1.312603
1.333203
1.708412
1.619585
1.696097
1.708412
2.018073
2.644056
2.465291
2.495023
2.143126
2.448509
2.530927
2.427775
2.691697
2.308558
2.687241
2.461953
2.420713
2.708038
2.560205
2.262367
2.203184
2.668902
2.116610
2.761325
2.665625
2.099165
2.310019
2.592628
2.198101
2.561961
2.533969
2.538763
2.538763
2.533969
2.533969
2.441382
2.313916
2.347099
2.179873
1.955441
1.923269
1.795672
1.773432
1.428170
1.546316
1.480352
1.340462
1.388112
0.792436
0.767172
0.785305
0.898170
1.065301
0.813778
0.938536
1.150170
1.134883
1.046955
0.998099
1.296340
1.207559
1.282346
1.353948
1.363680
1.442442
1.426718
1.426200
1.432220
1.476333
1.457682
1.494997
1.203979
1.393029
1.832317
1.761943
1.521191
1.512039
1.769474
1.663574
1.700811
2.282219
2.352328
2.180031
2.440967
2.229941
2.355045
2.239627
2.200269
2.506676
2.420725
2.852921
2.761325
2.852308
2.099165
2.282345
2.538763
2.240817
2.083716
1.987690
2.048514
2.181668
1.935171
1.769503
1.855447
1.655109
1.782347
1.550693
1.543395
1.541118
1.440711
0.797043
0.836034
0.817046
0.775792
0.744164
0.909245
0.880492
1.053396
1.185601
1.212984
1.333203
1.296340
1.422294
1.333203
1.358193
1.476333
1.508213
1.573767
1.573767
1.265473
1.304860
1.418728
1.696097
1.700811
2.162107
2.282219
1.691715
2.600207
1.958564
2.457404
2.162118
2.283458
2.283458
2.572316
2.334486
2.265864
2.132894
2.236347
2.614552
2.687241
2.319684
2.649140
2.005347
2.679688
2.884112
2.310019
2.561961
2.638752
2.265317
2.358323
1.997036
1.952139
1.952139
1.775145
1.812415
1.923269
1.698122
1.588463
1.624926
1.431346
1.464167
1.419014
0.797043
0.986457
1.085766
1.387098
1.446753
1.519676
1.767524
1.649923
1.649923
1.895438
2.354461
2.373058
2.412309
2.530927
2.195780
2.691697
2.450333
2.504135
2.527464
2.840208
2.547040
2.840208
2.783445
1.998231
1.968442
2.110506
2.064986
2.142784
2.611163
2.615058
2.198101
2.265317
2.390977
2.457139
2.180562
2.013361
1.959470
1.943189
2.141681
2.141681
1.905828
1.923269
1.885802
1.725289
1.390521
1.368767
1.382205
0.874542
0.874542
0.881666
0.819895
0.767172
0.898289
0.776308
0.930843
1.154167
1.428664
1.458832
1.412026
1.542775
1.660991
1.479688
1.512039
1.736486
1.781529
2.226723
2.241054
2.273452
2.409256
2.231951
2.031106
2.091060
2.338054
2.176304
2.265115
2.266857
2.134229
2.511188
2.115408
2.297880
2.351716
1.903617
2.001286
2.045282
2.775872
2.405864
2.055583
1.978972
2.017887
2.198664
2.240817
1.943039
1.620695
1.580019
1.491181
1.390521
1.382205
0.912571
0.844527
1.003426
0.856187
0.978618
0.856187
0.909739
1.025381
0.930843
0.987295
1.149471
1.406116
1.406116
1.428664
1.508213
1.584765
1.485132
1.577253
1.725319
2.228429
2.460743
2.206921
2.031106
2.176304
2.247684
2.326137
2.580918
2.580918
2.250629
2.358329
2.092139
2.543682
2.668902
2.615809
1.934054
2.726461
2.715780
2.055583
1.928346
2.300982
1.809224
1.855651
1.897893
1.766973
1.523316
1.499134
1.442210
1.390521
1.498719
0.931105
1.039648
1.342964
1.212984
1.406116
1.565303
1.522186
1.570801
1.558033
1.459541
1.669066
2.122957
2.112814
1.825084
2.150880
2.160092
2.104758
2.069705
2.286025
2.296734
2.374739
2.499205
2.374739
2.179099
2.128642
2.372789
2.627435
2.699813
2.539533
2.436674
2.537812
2.208856
2.659971
1.878998
2.390977
2.300982
2.390977
2.198664
1.812415
1.849232
1.659344
1.580019
1.410545
1.440516
1.031808
0.996952
1.104688
1.085766
1.428664
1.260666
1.101315
1.370167
1.493707
1.522186
1.564714
1.592651
1.340922
1.768276
1.682230
2.046857
1.536375
2.071345
1.603883
2.172407
2.310546
2.396187
2.396187
2.064888
2.219012
2.061305
2.542899
2.467627
2.543682
2.802462
2.582136
2.714456
2.064986
2.628150
1.935583
2.209516
2.487452
1.928346
1.959470
1.899090
1.892288
2.098911
1.794643
1.655109
1.460777
1.559591
1.498719
0.960536
1.169541
1.395462
1.478552
1.412026
1.619475
1.640326
1.606650
1.847370
1.709093
1.794044
2.135557
1.989151
1.944417
2.094637
2.318017
2.318017
2.098330
2.104338
2.067476
2.537550
2.527583
2.339056
2.280364
2.260740
2.221111
2.236784
1.956221
2.139238
1.929085
1.965354
2.667961
2.556669
2.064986
1.974434
1.925805
1.809224
1.941935
2.040429
1.628452
1.777797
1.612630
1.529022
1.435093
1.052360
0.960536
1.169541
1.016498
1.389121
1.388147
1.567159
1.507979
1.459541
1.653145
1.619475
1.540415
1.637666
1.654916
2.013057
1.570881
1.476008
1.530356
2.096905
2.019277
2.021783
2.113054
2.177169
2.113297
2.189021
2.140320
2.172468
2.022973
2.440967
2.002939
2.471369
2.374739
2.069285
2.206852
2.413102
2.505751
2.194268
2.194268
2.709448
1.810708
2.488021
2.302441
2.405864
1.878998
1.925805
1.925805
1.899090
2.302441
2.115031
2.045259
2.036842
1.759782
1.863927
1.743993
1.757365
1.664371
1.646068
1.448496
1.556077
1.075595
1.016498
1.202979
1.081437
1.360554
1.474423
1.479394
1.450909
1.463612
1.401830
1.622698
1.465015
1.606650
1.663564
1.592651
1.671008
1.359052
1.920268
2.013057
2.050785
1.817410
1.905158
2.053127
2.053555
2.209092
2.348841
2.179099
2.432206
2.092139
2.079795
1.929960
2.466980
2.123702
2.295973
1.874856
1.895576
1.824291
1.679097
1.599772
1.545111
1.546913
1.663612
1.119710
1.119710
1.038128
1.027314
1.057358
1.096027
1.119710
1.272458
1.439941
1.443712
1.707041
1.720862
1.595679
1.606650
1.668831
1.556326
2.141734
2.216887
1.702130
1.489720
1.937153
2.168290
2.296734
2.283959
2.014322
2.007631
2.056051
2.458522
2.007631
2.213275
2.486928
2.374263
2.387803
1.985335
2.588962
2.553810
2.418074
2.418074
2.532221
2.556669
1.935583
2.357722
1.881554
1.864299
1.929041
1.784313
1.940619
1.941935
1.694534
1.585291
1.663854
1.633067
1.625592
1.566723
1.088412
1.064339
1.163402
1.429201
1.527540
1.487103
1.685649
1.685649
1.633242
1.668831
1.865072
1.992993
1.964024
1.821991
2.217540
1.545588
1.970065
2.137761
2.168290
1.326585
1.543529
2.102408
1.986416
2.285900
2.315700
2.281116
2.302042
2.013339
2.008295
1.960338
1.855022
2.390203
2.390203
2.390203
2.628150
2.366342
2.459207
2.421864
2.379921
1.856344
1.816924
2.252527
1.921498
2.096205
1.876646
1.770126
1.703101
1.825060
1.735119
1.145423
1.178149
1.201698
1.429201
1.226700
1.431745
1.707041
1.448193
1.476008
1.930564
2.053815
1.890833
2.021783
1.531120
1.975464
2.215792
2.061758
2.116816
2.058238
2.121172
2.276871
2.141793
2.299053
2.382348
2.374263
1.935083
2.555906
2.449569
2.450430
1.858730
1.888158
1.810708
2.366342
2.313904
2.379921
1.896124
1.856344
2.288124
1.950296
2.180924
1.895576
1.057358
1.476858
1.527540
1.389047
1.662420
1.569736
1.736212
1.714207
1.769462
1.693106
1.706776
1.795089
1.614607
1.584463
1.814232
2.012966
1.949197
1.978103
1.909545
1.890833
1.794739
1.544778
1.624995
2.165434
2.043213
2.131277
2.242014
1.459163
2.251706
1.460908
2.055797
2.458522
2.333286
2.580918
2.285900
2.218795
2.107804
2.583277
2.607440
2.310624
2.246437
1.823036
1.746645
2.313904
2.191190
1.856344
1.848631
2.033849
2.180924
1.088412
1.088412
1.092763
1.130578
1.170767
1.453602
1.318422
1.178349
1.228464
1.542165
1.278843
1.661658
1.733511
1.865072
1.865072
1.695798
1.758994
1.794218
1.854231
2.031824
1.531120
2.043213
2.095490
2.102769
2.072321
2.207962
2.242014
2.137089
2.469644
2.376374
1.883200
2.246437
1.847960
2.265158
2.363853
1.858730
1.872820
1.925727
1.864923
1.976612
1.092763
1.486743
1.769777
1.674343
1.661658
1.662122
1.971599
1.926519
2.053815
2.035023
1.382823
2.140980
1.676271
1.996931
2.003381
1.934710
1.617769
1.609859
1.460908
1.598710
2.017999
1.945485
1.966932
1.462805
2.016226
2.315700
2.458522
1.946685
2.199708
2.374263
1.801945
2.092261
1.917668
2.280138
1.768616
2.223975
2.224133
2.366342
2.075362
2.191190
2.092395
1.123319
1.195692
1.431745
1.675781
1.790537
1.789393
1.845053
1.567987
1.651413
1.603662
1.814232
1.675452
1.737236
1.811353
1.620796
1.950748
1.854231
1.592441
1.992537
2.000775
1.949608
2.065798
2.164736
1.545141
1.661906
2.158235
1.516106
1.965740
2.070386
2.302590
1.846819
1.902146
1.799495
2.184581
2.310624
2.432113
1.823036
1.778541
1.824159
1.961804
1.989905
1.124973
1.099154
1.247705
1.137596
1.137596
1.206553
1.453602
1.496528
1.361598
1.500641
1.486743
1.494714
1.511709
1.550400
1.640565
1.771485
1.572525
1.815546
1.733511
1.888233
1.459835
1.855663
2.039043
1.992537
1.954242
1.679567
1.695799
1.692412
2.036125
1.691807
1.909153
2.068272
1.807863
1.908677
1.807863
1.882390
2.060757
2.129217
1.661906
1.970668
2.226860
2.055797
2.203302
1.939627
2.398347
2.200920
2.083683
1.661633
2.344944
2.089645
2.233649
1.982076
1.821416
1.889109
1.854182
1.879721
1.150127
1.107306
1.203411
1.152918
1.488227
1.484042
1.526967
1.408959
1.376198
1.740164
1.427177
1.837907
1.777619
1.777619
1.756566
1.384140
1.507856
1.765787
1.929466
1.936767
1.805235
1.903886
2.020020
1.977613
1.573982
1.446367
1.430500
1.691807
2.036125
2.000775
2.060757
1.518633
1.634283
1.631830
1.635124
1.391967
2.065466
1.989684
2.189834
2.051204
2.053320
2.137589
2.045354
1.935083
1.833665
1.442315
2.326368
2.232996
2.288149
1.700154
1.823396
1.952856
1.247705
1.256490
1.502170
1.602022
1.511709
1.814232
1.808439
1.625863
1.625863
1.736262
1.725378
1.879849
1.924119
1.908677
1.687548
1.409006
2.078735
1.669151
1.934710
1.511713
1.400467
1.400467
1.839878
2.199916
1.912004
2.296994
2.226860
1.938073
2.038154
1.842048
1.973727
1.563672
1.839269
1.949922
1.679561
1.964067
1.845053
1.766890
1.793977
1.841781
1.442315
2.059244
2.025400
2.163698
2.213576
2.321839
2.257214
1.791825
2.002167
1.750260
1.761567
1.854182
1.315082
1.513321
1.307318
1.570876
1.606851
1.366357
1.525583
1.361598
1.743492
1.694618
1.790783
1.678232
1.718292
1.553861
1.872402
1.794939
1.589252
1.546144
1.922175
1.674081
1.890955
1.931929
1.996457
2.027852
1.920598
1.760338
1.899693
1.973284
1.678289
1.733214
1.809849
2.065466
1.995389
2.090357
1.835421
2.137589
2.065898
2.278201
2.050150
2.059244
2.207442
2.329714
2.182070
1.914390
1.589020
1.525728
1.280196
1.360440
1.313610
1.360440
1.416654
1.821993
1.694618
1.593769
1.503991
1.718292
1.664271
1.755440
1.823809
1.444787
1.821993
1.414681
1.774609
1.685971
1.454029
1.794939
1.850582
1.619447
1.887111
1.988047
1.780737
1.806990
1.747474
1.895668
1.841311
1.854267
1.929907
1.919036
2.027852
1.846061
1.952990
1.611896
1.880732
1.912004
2.171758
2.120873
2.017071
1.912004
1.938073
1.912004
2.179358
2.163426
1.773339
1.966276
2.131982
1.966276
1.761567
1.550934
1.660388
1.528400
1.388551
1.674010
1.732126
1.743530
1.790783
1.388551
1.570315
1.786153
1.694743
1.774609
1.766083
1.694743
1.774717
1.741618
1.774717
1.719275
1.773780
1.858711
1.877048
1.651699
1.773780
1.847395
1.871625
1.914519
1.821558
1.963011
1.956682
1.932693
1.846061
1.973284
1.551128
1.757361
1.987549
2.065798
1.511049
1.510998
1.912004
1.904979
1.906292
1.974146
2.226860
2.100689
2.046391
1.990650
2.054574
2.118017
2.097141
2.232996
2.141142
1.691859
1.761567
1.889333
1.916476
1.660388
1.647111
1.610538
1.647111
1.694743
1.773105
1.792933
1.768940
1.805892
1.884496
1.794261
1.821585
1.781333
1.874386
1.938189
1.897640
2.005796
1.956682
1.959192
1.678592
1.876152
1.909153
1.533850
1.549062
1.533850
1.424352
1.873223
2.100689
1.789462
1.809569
2.112409
1.732143
1.800453
1.981061
1.670856
1.880237
1.749388
1.863474
1.732505
1.589020
1.834705
1.814739
1.814113
1.741907
1.869032
1.797654
1.830210
1.828648
1.764208
1.892726
1.821990
1.790572
1.601411
1.877856
1.832949
1.927239
1.927239
1.904338
1.810288
2.050409
1.746280
1.749388
1.808374
1.833052
1.687938
1.848696
1.839177
1.841967
1.792933
1.778038
1.819091
1.848696
1.846061
1.427961
1.809857
1.825907
1.997733
1.876712
1.997733
1.922364
2.001268
2.079340
2.037174
1.737195
1.951660
1.608984
1.670856
1.841967
1.847395
1.710425
1.800875
1.714391
1.800875
1.715057
1.623005
1.528932
1.787847
1.555535
1.455662
1.691468
1.969964
1.939886
1.988186
1.931214
1.715872
2.052423
2.183503
1.937474
1.692172
1.788141
1.981964
1.930911
2.050150
1.995118
1.923787
1.725910
1.738670
1.659435
1.818308
1.771085
1.623005
1.761163
1.778059
1.458698
1.354194
1.427961
1.891097
1.979411
1.898640
1.615977
1.688352
1.772325
1.796943
1.784811
1.640412
1.938931
1.938931
1.951660
1.886480
1.981061
2.026297
1.709478
1.938226
1.687252
1.777866
1.779657
1.721880
1.713333
1.741568
1.629575
1.741568
1.738143
1.706062
1.819091
1.723937
1.521303
1.809207
1.739842
1.794909
1.785108
1.797150
1.837666
1.953625
1.973721
2.069527
1.629077
1.715984
1.711606
1.746070
1.847395
1.681924
1.681924
1.604691
1.435141
1.435141
1.762066
1.802491
1.889899
1.786085
1.376095
1.786085
1.901190
1.901190
1.604359
1.713795
1.650243
1.999145
1.853869
1.945933
1.545677
2.019907
1.715984
1.598829
1.669579
1.601317
1.719832
1.719832
1.697066
1.540566
1.604691
1.656173
1.437370
1.901190
1.849580
1.861100
1.850408
1.537961
1.529403
1.742750
1.938931
1.792115
1.855330
1.938226
1.869319
1.938226
1.645788
1.714433
1.742706
1.715197
1.715197
1.635841
1.881404
1.876712
1.818998
1.805287
1.516345
1.801709
1.880692
1.753565
1.755598
1.852790
1.846476
1.871009
1.860786
1.940856
1.585562
1.601317
1.597285
1.706245
1.593380
1.603711
1.577399
1.596435
1.577399
1.540566
1.714131
1.364429
1.696465
1.724504
1.787724
1.802491
1.755783
1.764235
1.584813
1.760096
1.578878
1.885620
1.885620
1.883243
1.621175
1.653780
1.348818
1.497929
1.454365
1.374042
1.307368
1.672193
1.669989
1.778800
1.719126
1.708653
1.789134
1.790383
1.860786
1.520309
1.643214
1.885620
1.855330
1.824944
1.826065
1.587979
1.550534
1.631447
1.604661
1.497929
1.413093
1.585020
1.633585
1.706538
1.704095
1.757200
1.724504
1.668108
1.763355
1.583907
1.687796
1.652965
1.702772
1.560349
1.871901
1.528046
1.526164
1.602044
1.641795
1.495657
1.403958
1.506181
1.448240
1.553223
1.562476
1.402200
1.597220
1.378900
1.642857
1.685758
1.669076
1.642857
1.653592
1.306377
1.754005
1.775269
1.697830
1.439968
1.779503
1.767459
1.778483
1.794216
1.771465
1.778263
1.808855
1.531111
1.708859
1.573822
1.630146
1.525205
1.525205
1.478398
1.559924
1.236078
1.629961
1.364726
1.713220
1.697830
1.686624
1.628178
1.614394
1.779503
1.765087
1.767459
1.760297
1.760297
1.767459
1.779503
1.788593
1.728745
1.539123
1.537638
1.531763
1.501086
1.540827
1.591787
1.295986
1.691097
1.649469
1.649469
1.704017
1.721589
1.395243
1.447916
1.530346
1.702990
1.663374
1.778483
1.566634
1.593873
1.449672
1.451227
1.455655
1.356240
1.449424
1.328191
1.363832
1.306418
1.703083
1.615432
1.365966
1.382282
1.453549
1.382282
1.518937
1.558900
1.658202
1.751326
1.658202
1.632550
1.668593
1.511139
1.560400
1.601651
1.535109
1.594994
1.606250
1.703083
1.309730
1.666032
1.703083
1.296539
1.302869
1.658202
1.669279
1.616284
1.632550
1.471331
1.502370
1.530628
1.695030
1.591534
1.668593
1.455655
1.523576
1.488743
1.488743
1.501086
1.510423
1.594994
1.307368
1.245366
1.245797
1.647661
1.490093
1.445601
1.596746
1.589177
1.602769
1.588615
1.683630
1.601050
1.511139
1.455655
1.415115
1.266389
1.356240
1.540827
1.508324
1.478677
1.336604
1.575628
1.278862
1.221131
1.297065
1.576727
1.594994
1.624874
1.249746
1.596849
1.378982
1.444635
1.424863
1.596746
1.424595
1.603782
1.603782
1.689198
1.689198
1.733775
1.591534
1.445478
1.403958
1.278862
1.234158
1.315710
1.590719
1.590104
1.589177
1.543317
1.508621
1.588153
1.551835
1.526849
1.658202
1.580443
1.589008
1.678935
1.449703
1.338787
1.449672
1.428932
1.410520
1.445201
1.508607
1.488122
1.434126
1.606250
1.234158
1.147140
1.378982
1.496307
1.534903
1.527343
1.558900
1.387626
1.467941
1.489266
1.516385
1.538913
1.496833
1.487758
1.451815
1.436284
1.442070
1.541419
1.424002
1.573664
1.561338
1.672498
1.277879
1.373470
1.363061
1.338787
1.332221
1.373470
1.310594
1.267385
1.310594
1.371176
1.410520
1.370112
1.471925
1.445201
1.255256
1.214108
1.255256
1.538856
1.548160
1.462038
1.251961
1.174638
1.532871
1.532042
1.458970
1.303970
1.288653
1.544004
1.461132
1.474136
1.472748
1.524393
1.474136
1.423865
1.544934
1.493003
1.356190
1.392382
1.463633
1.475071
1.488376
1.260835
1.234884
1.260573
1.391778
1.398601
1.209102
1.413760
1.215101
1.474981
1.478849
1.483084
1.498060
1.488203
1.315208
1.315208
1.456811
1.457381
1.457381
1.474190
1.347826
1.435893
1.368745
1.237710
1.148025
1.223716
1.458661
1.458661
1.471050
1.404629
1.454306
1.462038
1.471466
1.359820
1.458813
1.435279
1.468696
1.388809
1.225926
1.305902
1.379160
1.474136
1.301765
1.387124
1.480426
1.493104
1.419323
1.500505
1.414006
1.489321
1.505226
1.501142
1.493003
1.486046
1.496307
1.477631
1.498560
1.497085
1.505226
1.509840
1.517156
1.507429
1.507429
1.498957
1.509385
1.507976
1.430220
1.390195
1.429288
1.330459
1.510971
1.551835
1.503344
1.407180
1.504679
1.449220
1.551835
1.482267
1.392976
1.494873
1.504679
1.497426
1.196038
1.270616
1.287338
1.295146
1.332221
1.188115
1.222283
1.234884
1.214108
1.159728
1.187518
1.187781
1.129615
1.215101
1.133720
1.340907
1.389694
1.456811
1.319973
1.398170
1.357118
1.397294
1.217406
1.472748
1.403666
1.472748
1.412579
1.415424
1.410763
1.274754
1.353911
1.311123
1.307500
1.423207
1.345093
1.407180
1.379381
1.407735
1.311270
1.245967
1.208978
1.343370
1.332856
1.187781
1.357509
1.413760
1.357509
1.333665
1.306147
1.377135
1.206433
1.329774
1.408719
1.385905
1.363472
1.411935
1.404629
1.387124
1.411442
1.398924
1.274754
1.406144
1.314409
1.413345
1.419984
1.404541
1.250408
1.300015
1.266637
1.228604
1.239064
1.349704
1.316652
1.188327
1.188327
1.370888
1.377135
1.356351
1.286745
1.387432
1.253371
1.389694
1.251564
1.402476
1.335985
1.277032
1.266971
1.411935
1.290133
1.296144
1.391787
1.256889
1.394274
1.413345
1.373932
1.365685
1.386716
1.301827
1.236722
1.242671
1.267914
1.270543
1.267914
1.285850
1.285850
1.695795
3.046183
1.709111
1.695531
2.760128
2.437907
1.771650
1.820404
1.637054
1.581798
1.974532
1.564331
1.695531
1.695531
1.695531
1.482505
1.384711
1.807288
1.807288
1.807288
1.905951
1.943760
1.879996
2.021702
2.176335
2.099724
2.094992
3.094057
3.070092
3.070092
2.720373
2.829529
2.829529
2.420658
2.413502
2.190446
2.200383
2.190446
1.541653
1.482089
1.516542
1.551510
1.510170
1.395319
1.384711
1.541653
1.541653
1.384711
1.510170
1.510170
1.618250
1.953573
1.850016
1.809905
1.591154
1.728140
1.637054
1.974532
2.167506
2.143215
2.243020
1.234578
1.319086
1.341367
1.356910
1.279542
1.279542
1.270065
1.480016
1.405446
1.530960
1.538436
1.807618
1.807618
1.846995
2.732041
2.385479
2.295529
2.287257
2.472923
2.094992
2.323931
2.072923
1.555271
1.507140
1.558033
2.115031
1.619475
2.045259
2.052317
1.381749
1.549592
1.787392
1.251894
1.244748
1.796897
1.715510
1.534200
1.262600
1.454722
2.081158
2.067287
2.081158
2.243020
2.164435
2.164435
2.164435
