6230 1 3
0.926087
1.026876
1.018120
0.925151
1.079282
0.867632
0.834653
1.189191
1.185260
1.029612
1.080087
0.909457
0.982481
1.124012
0.954212
0.949766
1.072955
1.022594
0.972078
1.036556
1.081823
0.891818
1.019538
1.099731
0.915845
0.855966
1.218763
1.185260
1.101162
1.105514
1.196967
1.148576
1.163176
0.964356
0.985009
0.919983
0.905778
0.877677
0.954212
1.028102
0.877677
0.915845
1.030488
0.991426
0.991426
1.143864
0.967450
1.188686
1.148352
1.201708
1.137637
1.025810
0.827172
0.975388
0.978876
1.044479
0.988457
0.943223
0.950135
0.911003
0.973935
0.784786
0.994712
1.018636
0.909457
0.958011
0.941551
0.981618
0.864454
1.038863
0.895836
1.192426
1.074262
1.145878
1.137637
1.398983
0.977299
0.941736
1.160426
0.788092
1.150586
0.977320
0.891818
1.166281
1.124413
0.966575
1.272861
1.204124
1.105573
1.390872
1.422459
1.111403
1.276073
0.870042
1.007212
1.047910
0.976440
0.950395
0.919191
0.939605
1.028841
1.164916
1.194848
1.213053
1.086334
1.152970
0.924299
0.977320
1.217387
1.069651
0.940035
1.160798
1.227189
1.110713
1.243559
1.339121
1.488654
1.394789
1.185369
1.367621
1.301464
0.958890
0.966122
1.041681
0.936014
0.928745
0.953899
1.017424
0.927506
1.209336
1.309128
1.152970
1.155371
0.989550
1.175603
1.290385
1.280163
1.220430
1.193189
1.193189
1.037845
1.137856
0.924345
0.893192
0.945202
0.891302
0.861594
0.943163
1.013680
0.918750
1.236216
0.924299
1.311671
1.004361
1.080127
1.316539
1.105479
1.218593
1.330621
1.036805
1.290385
1.220430
1.185369
1.226364
1.825574
1.353004
1.656171
1.624406
1.062967
0.959226
0.958108
0.991181
0.993266
0.989362
0.890264
0.880379
0.927747
1.014215
1.155371
1.266246
1.126613
1.359108
1.392599
1.218953
1.415551
1.435087
1.685066
1.558978
1.721703
1.499784
1.769952
1.234251
1.757216
0.968196
0.986717
0.913777
0.989708
0.944113
0.988623
0.873098
1.088126
1.347181
1.028680
1.220028
1.580417
1.721703
1.752051
2.053045
1.757216
1.684847
1.994566
1.991207
0.917066
0.917066
0.863750
0.867724
1.021110
0.960016
1.209696
1.112306
1.273018
1.442023
1.345221
1.413658
1.339298
1.339298
1.309128
1.323897
1.251574
1.383360
1.185048
1.310575
1.752961
1.459703
1.471378
1.435087
1.501788
1.226364
1.684847
1.224736
1.483694
1.483694
1.450323
1.874735
1.450323
1.299281
1.387268
1.138313
1.415070
0.977072
0.977072
0.885584
0.988362
0.968196
0.971760
1.064779
0.923734
0.894487
0.896522
0.928898
0.924345
0.997751
1.134886
1.342306
1.079802
1.371909
1.350416
1.270521
1.255800
1.337264
1.272773
1.590325
1.558978
1.540238
1.553011
1.539491
1.385275
1.890487
1.151906
2.063902
2.053045
1.231388
2.058222
1.554772
1.224736
1.670278
1.785407
1.828283
1.587468
1.543993
1.387268
1.489496
1.204157
1.131086
1.192446
1.117573
0.945757
0.962175
0.988061
0.873968
1.033734
1.008233
1.442023
1.369149
1.252204
1.382022
1.402596
1.395341
1.395341
1.255800
1.421563
1.285937
1.452588
1.392821
1.464265
1.464265
1.272338
1.623671
1.623671
1.623671
1.249901
1.832555
1.624129
1.890487
1.875012
1.756706
1.756706
1.703434
1.875012
1.916556
1.623737
1.610134
1.489625
1.569495
1.451760
1.203074
1.103084
1.187204
1.192446
0.926237
1.117185
0.899074
1.012326
0.976479
0.860823
1.134886
0.953675
0.986945
1.268694
1.073397
1.268694
1.369149
1.219615
1.335624
1.210656
1.155371
1.553011
1.524654
1.513332
1.807808
1.730722
1.323129
1.422704
1.666443
1.721703
1.451290
1.881142
1.634065
1.875012
1.151906
1.173613
2.048503
1.231388
1.971929
1.489496
1.078453
1.204157
1.091745
1.413910
1.070550
1.029488
0.992603
0.989333
0.988061
0.971203
0.878825
1.010601
0.880531
0.972081
1.132647
1.345221
1.371909
1.363416
1.167615
1.498223
1.371179
1.464265
1.487331
1.437333
1.585268
1.358285
1.534408
1.523474
1.801091
1.553011
1.756706
1.185871
1.518177
1.994566
2.048503
1.204157
1.273157
1.418090
1.493350
1.170213
1.078453
1.131899
1.119691
1.101362
1.248777
1.034488
1.014235
1.036945
0.915060
1.024109
0.950791
1.088671
1.238481
1.424436
1.152096
1.454445
1.454445
1.454445
1.487805
1.558423
1.270521
1.307643
1.529646
1.690740
1.947696
1.526251
1.983827
2.079172
1.820414
1.833308
1.836320
1.782645
2.180436
2.032692
2.005818
1.857230
1.634065
1.731792
1.623737
2.124655
1.786955
1.786955
1.729986
1.792308
1.403749
1.170030
0.932262
0.981306
1.169795
1.131899
0.890603
1.313191
1.028279
1.053208
1.240909
1.225451
1.218111
1.034488
1.080224
0.956854
1.203132
0.949955
1.267264
1.475711
1.458434
1.447714
1.429439
1.265527
1.242544
1.270521
1.715713
2.042424
1.994302
2.013092
2.059884
1.820414
2.182561
2.160723
1.544162
1.857230
2.268920
1.344329
1.442168
2.229656
1.615811
1.670278
2.085496
1.300421
1.200645
1.259978
1.259978
1.291880
0.965569
0.964057
0.920735
0.958871
1.029488
0.947382
1.004328
0.971856
0.994632
0.968248
1.246410
1.280726
1.424436
1.458434
1.134822
1.498223
1.739915
1.556020
1.464107
1.464107
1.730088
1.540527
1.632405
1.801091
2.034910
1.983827
1.358285
1.213915
1.241827
2.058573
2.217087
2.234785
2.267526
1.873483
1.998320
1.509496
1.873483
1.378211
1.403749
0.981306
1.079147
1.303767
1.293391
1.156277
1.121585
0.977666
0.997730
0.900786
0.907501
1.249241
1.069214
1.010304
1.267264
1.204710
1.298831
1.339859
1.544106
1.281506
1.375549
1.173223
1.600981
1.598756
1.433561
1.287762
1.611115
1.792909
1.584043
1.166691
1.537155
1.402404
1.574960
1.415623
1.521477
1.907327
1.697157
2.247099
2.290104
1.148007
1.385830
1.743253
2.234785
2.456454
2.258627
2.445287
1.544162
2.450433
1.404068
1.672953
2.293480
1.887804
2.418316
2.229656
1.608794
1.430366
1.139027
1.254458
1.145415
1.298476
1.038267
0.988134
0.905652
0.979410
0.967973
1.012685
0.929756
1.012556
1.322699
1.345466
1.345466
1.347065
1.441630
1.242544
1.134822
1.147277
1.569890
1.603816
1.403530
1.322945
1.351509
1.387995
1.434540
1.994302
2.240313
1.700928
1.544301
1.631757
2.048503
2.415124
2.229656
2.464875
1.891413
1.817106
1.615811
1.781030
1.676401
2.071872
2.279222
1.590998
1.509496
1.383762
1.293391
1.457353
1.488923
1.161511
1.442037
1.296514
1.362605
1.296514
1.038267
1.043190
0.941289
0.999633
0.937944
1.006762
0.991365
0.947725
1.483111
1.479530
1.422967
1.490108
1.273182
1.529902
1.581512
1.603816
1.581512
1.403530
1.589024
1.180224
1.999686
1.912073
1.981180
1.295996
1.387995
1.981180
2.222002
1.871833
1.747164
2.272997
2.272927
1.184203
1.248471
2.217087
1.314627
1.480290
2.422677
2.422677
1.465544
1.676401
1.608794
1.517882
1.430366
1.238142
1.196531
1.125518
1.365001
1.140000
1.304634
1.272952
1.442037
1.488923
1.030337
0.904124
0.996732
0.941289
1.077275
0.901139
1.301908
1.502154
1.397148
1.525676
1.506493
1.440926
1.538307
1.483111
1.477332
1.571494
1.656141
1.339740
1.625159
1.656141
1.567430
1.180224
1.422751
1.999686
2.095383
1.340945
1.747164
1.675889
1.721267
1.206882
2.385618
2.655725
2.487971
2.491783
2.206313
2.273541
1.425393
2.051128
2.280811
2.253886
2.410048
2.136029
1.700913
1.590998
2.037796
1.709012
1.709012
1.801533
1.700913
1.304634
0.897207
1.095197
1.022511
0.869243
1.322699
1.405163
1.444679
1.497972
1.440926
1.490108
1.667888
1.494505
1.347065
1.441630
1.292237
1.478770
1.128404
1.134822
0.969225
1.439980
1.383877
1.617359
1.124714
1.958190
2.057408
2.069389
2.088607
1.772017
1.961460
2.255437
1.174189
1.109065
2.058573
2.138980
2.385618
1.851433
2.048245
2.528042
2.361651
2.430280
1.480290
1.495396
1.314627
1.827336
1.699759
1.709012
1.289777
1.287379
1.126351
1.304634
1.353114
1.444335
1.296514
0.847516
0.994061
1.010696
0.894673
1.008336
0.894413
0.988992
0.982794
0.889108
0.921750
1.261387
0.975996
1.343234
1.457761
1.446235
1.525676
1.226989
1.471976
1.544106
1.273182
1.128404
1.134822
1.405907
1.567430
1.546299
1.463201
1.183358
1.579553
1.709768
1.883171
1.180224
1.936898
2.095402
2.095383
2.222002
1.675889
2.215119
2.238503
2.172499
2.307819
1.744196
1.983392
1.657212
1.915274
2.199877
1.703835
1.542802
2.268850
1.416128
2.358572
2.382880
2.447402
2.060057
2.510427
2.060057
2.290957
2.253886
2.048183
1.449258
1.208555
1.301949
1.598972
1.353114
1.426010
1.531749
1.010696
0.966826
0.974328
0.884000
1.169203
1.079256
0.957869
0.984583
1.261387
1.551049
1.411556
1.618370
1.535575
1.531956
1.219836
1.663775
1.363258
1.700739
1.245956
1.422885
1.439980
1.595822
1.629847
1.373018
1.632581
1.235544
1.183358
1.403530
1.828481
1.912073
1.958190
1.289080
1.798528
1.632124
1.789838
2.074815
1.690019
2.040609
1.690019
2.058573
2.199877
1.246174
2.362498
2.445287
1.542802
2.405869
2.483348
1.222077
2.522247
2.510427
2.422677
1.298444
1.298444
2.205041
1.739569
1.739569
1.532286
1.265446
1.208555
1.271399
1.598972
1.150828
1.652979
1.321427
1.522652
1.502841
1.607367
1.529051
1.533196
1.424170
1.531749
1.613151
1.067230
1.047770
1.131077
1.309247
1.361825
1.087852
1.350431
1.560367
1.493607
1.257830
0.969225
1.438123
1.423676
1.666718
1.141694
1.103929
1.426398
1.675889
1.217236
1.450219
1.816776
2.149919
2.138980
2.268850
1.044199
1.314626
2.418587
2.491783
2.146692
2.169282
2.439114
2.290957
1.247575
1.878833
1.793950
1.801533
1.742693
2.175445
1.638464
1.503877
1.606475
1.739569
1.532286
1.275316
1.179315
1.787189
1.133236
1.598972
1.885329
1.541073
1.806759
1.553748
1.598972
1.553748
1.674845
1.812450
1.613151
1.073687
1.028894
0.992742
1.200949
1.012752
1.359979
1.461663
1.422117
1.368390
1.368390
1.533319
1.528025
1.435782
1.219836
1.252170
1.369143
1.436426
1.588774
1.588774
1.562925
1.229543
1.183358
1.546299
1.617818
1.670627
1.520769
2.041994
1.551681
1.654266
1.555886
1.469142
1.544468
1.903003
1.660702
1.450219
1.920429
2.418587
1.553965
1.458748
1.059472
1.425393
1.699041
1.571723
1.559133
1.534714
1.749542
1.833573
1.321427
1.787189
1.802688
1.735259
1.872820
1.758465
1.906071
0.949673
0.959124
1.147845
1.415165
1.242482
1.315097
1.315097
1.329295
1.490800
1.434494
1.560367
1.312871
1.467421
1.397148
1.516706
1.533319
1.528025
1.497498
1.623615
1.369143
1.112696
1.226989
1.185799
1.595776
1.562925
1.606267
1.595822
1.103929
1.463201
1.529464
1.527565
2.090450
1.872000
1.551681
1.531398
1.772017
1.915274
1.094560
1.711246
1.044199
2.010886
1.458748
2.152557
1.204100
1.553965
2.285191
2.381267
2.169282
1.444807
1.941603
1.742693
1.534714
1.344867
0.792691
1.316399
1.318293
1.271399
1.243530
1.218009
1.787189
1.264598
1.806759
1.541073
1.584657
1.347351
1.606238
1.743401
1.603032
0.915641
1.029860
0.961996
1.086691
1.094625
1.187235
1.161422
1.225055
1.255414
1.427296
1.391933
1.560367
1.539060
1.537011
1.528025
1.041271
1.142096
1.154757
1.141694
1.103929
1.332525
1.864807
1.503030
1.864807
2.137948
1.225602
1.469142
2.207884
1.850306
1.745333
1.222077
1.399424
2.358572
2.376765
2.376765
1.385176
1.457861
1.743458
1.571067
1.743458
1.911968
1.740170
1.261323
1.169348
1.716377
1.510312
1.456707
1.169467
1.482116
1.787189
1.934409
1.934409
1.869277
1.381904
1.503194
1.688638
1.502362
1.967472
1.514472
1.017374
1.028894
0.939109
0.896909
1.178258
1.186888
1.225055
0.910051
1.032396
1.255414
1.220482
1.088761
1.305251
1.467421
1.360636
1.488599
1.147066
1.493607
1.378165
1.185799
1.142096
1.141694
1.142096
1.386571
1.228741
1.502583
1.466554
1.789950
1.501261
1.808436
1.390844
1.299783
1.605098
1.899361
1.244217
1.205785
1.660702
1.708475
1.531398
1.723354
1.681731
0.973892
1.044199
2.312552
1.350499
1.457861
1.850130
1.738446
2.290957
1.039792
1.142027
2.132058
1.748902
1.878833
1.575940
1.878833
1.698380
2.009349
1.837857
1.489271
1.448385
1.837857
1.837857
1.503877
1.550696
1.519803
1.351308
1.697893
1.396186
1.517350
1.318293
1.349350
1.278645
1.169467
1.401519
1.153304
2.173908
1.034346
1.892633
2.173908
1.728568
1.511104
1.545642
1.823017
1.158036
1.074815
1.131110
1.176623
1.269983
1.217786
1.114156
1.114156
1.084772
1.169783
1.084772
1.377130
1.214409
1.214409
1.400439
1.377130
1.518898
1.424496
1.024398
1.257405
1.219836
1.026789
1.367493
1.142096
1.041271
1.245562
1.245562
1.352343
1.565165
1.339197
1.249480
1.692842
1.407368
1.428591
1.570888
1.295270
1.435658
1.581184
1.730916
1.582592
1.450587
1.450219
2.070140
2.010886
1.225554
2.087358
2.330022
1.912272
2.285191
1.648555
1.648555
1.536052
1.276271
1.925050
1.953745
1.244904
1.431637
1.510312
1.532613
1.343799
1.604969
1.462380
1.205709
1.380355
1.371196
1.802688
1.886425
1.264598
1.858994
2.109900
1.628771
1.823017
1.592536
1.209733
1.058896
1.081001
1.072716
1.040696
1.098319
1.181100
1.275837
1.408088
1.113282
1.226777
1.226777
1.084772
1.084772
0.950019
1.327522
1.469949
1.495085
1.232720
1.314805
1.206539
1.048333
0.995698
1.219836
1.503124
1.441625
1.228741
1.370751
1.525817
1.496300
1.755263
1.102281
0.961319
1.112802
1.581184
1.285759
1.470760
1.470760
1.850306
0.940707
1.306547
1.913722
1.913722
1.671930
1.492455
1.842319
1.637216
1.506921
1.506921
1.792754
1.517350
1.231835
1.255498
1.806759
1.628771
1.122925
1.869277
1.380355
1.884980
2.173908
1.439340
2.075242
1.545642
1.622678
1.658825
1.289290
1.170071
1.017430
1.147845
1.131735
1.150562
1.126408
1.129052
0.946023
0.916013
0.930449
1.190667
1.002219
1.155633
1.114156
1.218005
1.157911
1.135737
0.992818
1.314805
1.441582
1.197833
1.316675
1.491637
1.024398
1.473398
1.232720
1.389442
1.447851
1.219836
1.183919
1.264166
1.370751
1.143903
1.523405
1.453306
1.651464
1.339197
1.121238
1.390844
1.428591
1.141440
0.909003
1.254378
1.558392
1.470760
1.131034
1.454877
1.863529
1.399424
1.804961
1.912272
1.936341
1.804961
1.684025
1.608820
1.698380
1.618333
1.517350
1.561046
1.443203
1.621378
2.169968
1.468476
1.301928
1.388345
1.975622
1.607615
1.729080
1.545642
1.178528
0.995805
1.147845
1.047770
1.140738
1.178206
0.970581
1.002219
1.390236
1.518898
1.358140
1.252170
1.046606
1.365003
1.264166
1.375924
1.320914
1.525817
1.308869
0.946729
1.299680
1.405122
1.908236
1.694701
0.973892
0.991519
1.628118
1.767406
1.747377
2.053712
1.875776
1.700517
1.142027
1.227909
1.983613
2.053712
1.492455
1.941925
1.717984
1.925050
2.102557
1.953745
1.431637
1.448550
1.818332
1.530767
1.806843
1.820590
1.638706
1.632280
1.637216
1.522393
1.645743
1.806843
1.564043
1.549360
2.030793
2.030793
2.110018
1.934409
1.886425
1.981263
2.553126
1.859653
1.801548
2.553126
2.075242
1.637168
1.124700
1.246829
1.258168
1.261639
1.384422
1.369884
1.113282
1.039793
0.984615
1.177736
1.204681
1.441582
1.505692
1.505692
1.491637
1.344362
1.469949
1.355156
1.386464
1.215636
1.303625
1.436120
1.009734
1.127384
1.268039
1.225613
1.225613
1.170696
1.396593
1.102281
1.112802
1.123485
1.182499
1.463166
1.463166
1.856216
1.893670
1.711246
1.419588
1.558793
1.625853
1.611367
1.911968
1.717984
1.882580
1.444384
1.818332
1.443203
1.559867
1.374319
2.152068
2.030793
1.975622
1.739145
1.346892
1.141575
0.976208
0.994909
1.053934
1.241322
1.046848
1.160631
1.258168
1.313491
1.129052
0.970581
1.123785
1.151510
0.930449
1.418771
1.425928
1.431124
1.252587
1.092257
1.050521
1.092257
1.168032
1.302983
1.225613
1.102281
0.961319
1.312292
1.268039
0.902968
1.299680
1.739100
1.688952
1.558392
1.021766
1.271016
1.470760
1.833493
1.688952
1.653731
1.387186
1.246278
1.735112
1.455442
1.684025
1.448550
1.483108
1.429806
1.564043
1.434014
2.230608
2.296817
2.296817
2.218980
2.408007
2.493664
1.289855
1.658825
1.637168
1.182484
1.124572
1.165411
1.044847
0.914809
1.241322
1.000963
1.129235
1.412102
1.149925
1.366413
1.448146
1.042685
1.034239
1.048332
1.178206
0.979510
1.178206
0.982482
1.321482
1.381806
1.488985
1.267289
1.267289
1.198599
1.200388
1.039358
1.288475
1.288475
1.235105
0.968518
1.335680
1.302983
1.127384
1.144135
0.808977
1.115580
1.227686
1.058240
1.129918
1.127458
1.028930
1.131034
0.962700
1.814801
0.929284
0.938777
1.739100
1.135044
1.019113
1.492709
1.429820
1.608820
1.621304
1.584106
1.584106
1.415576
1.440228
1.245658
1.245658
1.430684
1.380129
1.431891
1.358901
1.621378
1.638996
1.435904
2.410277
2.421116
2.692017
2.452656
2.493664
2.472411
2.472411
1.975622
1.390117
2.249965
1.858998
1.743510
1.658825
1.736950
1.729080
1.143697
1.143697
1.124700
1.044847
1.321290
1.181238
1.275837
1.481452
1.548762
1.145506
1.469795
1.464442
1.469795
1.024067
1.368700
1.113282
1.025505
1.105938
0.909958
1.429499
1.048420
1.374712
1.022858
0.968518
1.028688
1.135392
1.028688
1.082006
1.028688
1.263081
1.259792
0.878862
1.127384
1.102281
0.748899
0.972530
1.102281
0.971613
0.942215
1.112802
1.058240
1.127458
1.299680
1.744209
1.246278
1.446209
1.877663
1.264211
1.696297
1.246278
1.581639
1.419588
1.140185
1.429820
1.608820
1.684025
1.422385
1.519104
1.818332
1.430684
1.492928
1.519104
1.573905
1.587142
1.429806
1.429806
1.512937
1.683220
1.621378
1.348794
1.123428
1.381896
2.230608
2.194690
1.768519
1.768519
1.212910
2.593585
1.145070
2.719074
2.352499
2.790451
1.108322
2.849353
1.392672
1.366651
2.021690
1.689502
1.637168
1.521578
0.915637
1.172335
1.321163
1.309806
1.085563
1.145506
1.286229
1.024067
1.177853
1.252565
1.422938
1.186359
1.108941
1.156192
1.064021
1.127384
1.063357
1.147215
1.341093
1.341093
1.744209
1.946570
1.877663
1.693203
1.246278
1.140185
1.439067
1.465476
1.394471
1.401914
1.303019
1.185428
1.443824
1.394836
2.027522
2.812211
1.975622
1.710661
1.647484
1.626481
1.521578
1.124572
0.985845
1.123285
1.039061
1.184142
1.305087
1.309806
1.085563
1.181238
1.081072
1.548762
1.440650
0.886980
1.366413
1.481452
1.481452
1.548762
1.494988
1.635055
1.034239
0.973514
1.178311
0.968589
1.443533
1.505692
0.967424
1.417527
0.994320
1.022858
1.063357
0.950330
0.597979
1.170099
1.170099
1.600875
2.098636
2.167354
1.386768
1.540486
1.853880
1.190181
1.480101
0.991527
1.170132
1.290076
1.487832
1.377187
1.380129
1.417303
1.492455
1.293074
1.397062
1.519104
1.613882
1.537244
1.537130
1.303019
1.754674
1.350690
1.537244
1.094007
2.654538
2.326496
1.390484
2.410277
1.642911
1.552016
2.609518
2.549057
2.249965
1.772790
1.378813
1.253694
1.181238
1.256435
1.081072
1.649579
1.085563
1.012752
1.012752
1.305764
1.348365
0.972572
0.950755
1.541884
1.399455
1.459302
0.947036
1.034239
0.819157
1.031276
1.041415
0.930105
1.176316
1.392135
1.465361
1.422938
1.417527
1.048420
1.344362
1.048420
1.232720
1.383054
0.947540
1.263768
0.597159
0.770492
0.855585
1.202270
2.113783
1.028356
2.035777
1.202270
1.540486
1.088185
1.162347
1.469028
1.430684
1.435245
1.288986
1.178578
1.369317
1.172840
1.831768
1.831768
2.194690
2.410277
2.795316
1.744557
1.576221
2.724900
2.388067
2.027522
2.107864
2.761505
3.031886
1.289855
3.036117
2.549057
1.692671
1.632905
1.736950
1.391287
1.689502
1.726721
1.942821
1.188713
1.025289
1.165411
1.004205
1.280444
1.120676
1.120676
1.081072
0.886980
1.091024
1.024067
1.448510
1.305764
1.167104
0.991029
1.541884
1.337789
0.986906
0.876530
0.815699
1.020326
1.249819
0.517690
1.264028
0.999254
1.372579
1.431750
1.056039
1.264028
1.197311
1.076844
1.293886
1.970704
1.794503
2.025338
1.949067
1.326833
1.003439
0.992760
0.992760
0.991527
1.105712
1.337480
1.502436
1.450774
1.663547
1.473199
1.537130
1.703156
1.255259
2.382699
2.410277
2.692017
2.804491
3.118446
1.657198
2.470539
1.601495
1.601495
1.120009
1.078532
1.052089
0.920640
0.971806
1.073259
1.194946
1.195886
0.886980
1.120676
1.635055
1.657750
1.167104
1.012752
1.372009
0.854956
0.912776
1.035437
1.327470
1.392135
1.295379
0.994320
0.913341
0.563007
0.564428
1.408771
1.399419
1.728534
0.727332
0.743760
2.271042
0.971042
1.661210
1.544630
1.853087
1.580577
0.971042
1.853880
1.661210
1.290076
1.027280
1.290076
1.027280
1.305397
1.293074
1.402375
1.429806
1.823414
1.638996
1.429806
1.823414
1.633396
1.432958
1.373819
2.270824
1.180003
2.891077
2.979113
2.925470
2.388067
2.124539
2.124539
3.043529
2.693686
2.979689
1.497850
1.682320
1.046379
1.203147
1.248383
0.930162
1.150958
1.007131
0.966208
1.570878
1.503165
0.931931
1.543028
1.242885
0.740931
1.370535
1.336571
1.372579
1.281859
1.281859
1.135207
1.721394
2.065803
1.386768
2.006308
0.956656
1.017623
1.418404
1.582460
1.290076
1.152988
1.291241
1.439067
1.439067
1.450774
1.337280
1.337280
1.337280
1.224366
1.435245
1.373819
1.755422
2.244806
1.168459
2.035997
2.543169
2.543169
2.593585
2.846493
1.584454
3.126829
1.460709
0.954332
1.333263
1.283830
1.591290
1.618990
1.007131
1.672841
1.145601
1.145601
0.864555
0.864555
1.205866
0.440399
1.173175
1.175861
1.336571
1.206578
1.119742
0.597979
1.024192
1.949067
2.065195
0.992760
0.941167
1.202427
1.284891
1.196767
1.613882
1.419259
2.048420
2.382699
2.548936
1.445015
1.030285
1.187757
2.925470
2.992689
2.934672
3.112219
2.596893
2.887004
2.596893
2.957433
2.887004
2.696235
3.036117
2.299352
2.182330
1.892387
1.692671
1.452613
1.345877
1.559133
0.884297
0.959812
1.052089
1.092008
1.173815
1.383964
1.150958
1.150958
0.991029
1.427540
1.234678
1.281859
1.275872
0.416342
0.416342
1.137829
1.172146
0.479589
1.198117
2.164659
1.933034
2.248405
1.028356
1.301694
1.832331
1.232242
1.369978
1.234924
0.955026
0.955026
1.480101
1.323358
1.171165
1.372184
1.338337
1.893542
1.356141
1.371868
2.244806
2.382699
1.078026
1.831768
2.548936
2.891939
1.490204
3.025903
2.936527
2.249571
2.658791
2.921456
2.934672
2.712120
1.227108
1.245771
2.610945
2.443243
3.126829
2.772297
3.054054
2.696235
1.460709
1.892387
2.182330
1.704440
1.609004
1.702144
1.555875
1.124106
1.367844
1.127103
1.082382
1.127103
1.633042
1.770319
0.695138
0.794694
1.615772
1.378710
1.540835
1.541909
1.541909
1.429795
0.778224
0.954362
0.989895
0.982881
1.348333
1.281859
1.088652
1.130178
0.961517
1.247716
1.126779
0.651145
0.482231
1.721394
2.153005
1.730473
1.353475
1.902596
1.933034
1.017299
1.326833
1.234924
1.687152
1.238960
0.997578
0.970664
1.312342
1.328309
1.128459
1.107158
1.928246
2.139971
1.976219
2.153608
2.048420
1.739739
2.049207
1.739739
2.722600
2.514988
2.260992
2.418217
1.323605
1.529175
1.452613
1.665258
1.468222
1.402205
1.082382
1.090131
1.090131
1.090131
0.950089
1.517548
1.677162
1.523530
1.543028
1.145601
1.145601
1.523132
1.511917
1.106127
1.205866
1.429015
0.854956
0.646251
0.529784
1.245581
1.245581
1.234678
1.372805
1.135207
1.151196
1.119146
1.701045
2.208111
1.963016
2.294688
1.941588
2.251606
1.965589
1.902596
2.021176
1.040828
2.219762
1.234924
2.018763
1.398777
1.749613
1.113399
2.024520
1.352583
1.729287
1.633396
1.312387
1.369804
2.161017
1.078279
1.623173
3.164804
2.041984
1.056339
1.096058
3.096112
2.712120
2.363165
1.434168
1.132837
2.578295
2.717348
2.236931
1.597847
1.452613
1.497233
0.961796
1.230174
1.329257
1.357501
1.330332
1.082382
1.090131
1.581102
1.657750
1.599849
1.318980
1.252294
1.334848
0.419216
1.390804
1.113330
1.736045
1.353475
1.902596
1.605112
1.722764
1.367866
1.353251
1.370920
1.442871
1.288457
1.316693
0.993908
1.906487
0.951158
1.224558
2.154028
1.942296
1.862307
1.862307
1.827951
2.678953
2.875566
2.929080
2.191042
2.332819
2.137366
1.348551
1.702144
0.961796
1.020820
1.124106
1.492347
1.374002
1.420237
1.359143
1.330332
1.201700
1.817145
1.605772
1.181981
1.074781
1.309873
0.536870
2.056210
2.200024
2.128878
1.911603
1.821518
2.191952
1.232242
1.438811
1.036091
0.960969
0.978560
1.257147
1.732231
1.103465
0.944849
1.779198
1.265143
1.424068
1.132190
1.173428
0.939650
2.029305
1.168441
1.312387
1.250713
1.995926
1.173428
1.240969
2.513473
2.357705
1.584454
2.514988
3.154138
2.053200
2.053200
3.154138
2.848908
2.228759
2.613925
2.826493
2.934672
2.345020
2.172751
1.185674
2.717348
1.348551
1.557163
1.772677
1.269288
1.253412
0.957172
1.490968
1.330332
1.127869
1.099218
1.082382
1.453869
1.014074
0.997153
0.776084
1.599849
1.541909
1.167959
1.045812
1.111970
1.460027
1.334848
1.460027
1.206578
1.250896
1.464808
1.296662
1.794283
2.324337
2.006739
1.953602
2.189319
2.006739
1.952938
1.234924
1.232242
1.438811
1.887528
1.027420
1.077693
1.323358
1.354519
1.316169
1.891795
2.132443
1.985694
1.316169
1.265143
1.633396
1.427316
1.882503
1.558210
1.825155
1.312387
1.333848
1.998500
1.822236
2.357705
1.863461
2.299526
1.784739
1.784739
1.631667
1.813975
3.000107
2.936527
2.399192
2.540891
2.597054
0.976540
2.826493
2.947231
1.824650
1.323605
1.614384
1.130817
2.417526
1.677818
1.308085
1.677818
1.117489
1.444896
1.054030
1.398494
1.136794
1.391283
1.758243
1.453869
1.607106
1.504002
1.517548
1.534082
1.248905
1.038519
0.985702
0.983054
1.185911
1.372805
1.263692
1.417773
1.662525
1.054240
1.353475
2.154715
1.310530
1.956810
0.848222
1.380087
1.705897
1.113648
1.542291
1.542291
1.132190
1.356299
1.356299
1.371579
1.859415
2.067847
1.124232
1.898896
1.998500
1.845508
1.942048
2.253418
2.867629
1.844326
1.698840
1.827951
2.663042
2.171795
2.249571
1.862284
2.772297
1.614384
1.862284
1.917825
1.917825
2.511326
2.331845
1.952141
1.382701
1.497233
1.083719
0.864482
1.192442
1.224592
1.412960
1.485078
1.488625
1.420366
1.420366
1.201700
1.072792
1.639427
1.562574
1.607106
1.449804
1.534082
1.358658
1.012831
1.008254
1.141119
1.294038
1.395998
1.029868
1.019949
1.327645
1.659547
1.957937
0.661469
0.528892
2.324337
1.817677
2.154715
1.916856
0.934834
0.950878
1.817677
1.817677
1.705897
1.789095
1.369978
0.975465
1.465834
0.952283
0.991929
1.341522
1.009690
0.957720
1.333848
1.859694
2.521918
0.988263
1.222843
1.875527
2.053200
2.053200
1.895310
1.589277
1.004388
2.848908
1.041876
2.363165
2.397109
1.010538
1.818635
1.824650
1.120351
2.717348
2.873787
1.507549
1.124312
1.302825
1.373412
0.924598
0.930990
1.300686
1.254949
0.930194
1.034485
1.419935
1.534916
1.483164
1.412960
1.099218
1.366595
1.388709
1.555087
1.293519
0.729926
0.580263
1.430396
1.178480
1.291372
1.162450
1.249952
1.076896
1.176697
1.476042
1.519429
1.586072
1.746001
1.889727
0.528892
1.662618
2.182989
0.528892
2.358444
2.241595
2.217236
2.004074
1.817677
1.493956
1.465834
1.586144
1.517512
1.294465
1.199678
1.199121
1.136072
1.150106
1.161728
1.199678
1.859415
1.150214
1.898896
1.683700
1.616257
2.317694
1.089548
1.863591
1.575488
2.990471
2.784018
2.190949
2.901043
2.377459
1.844260
1.856331
3.052490
2.397109
2.621452
1.631649
2.083640
2.597808
1.670523
1.648811
0.998670
0.945894
1.151302
1.470505
1.412960
1.341119
1.452813
1.253795
1.099218
1.293519
1.275141
0.980033
1.205075
1.170822
1.161667
1.252007
1.285704
1.607106
1.125792
1.357873
0.912548
0.912548
1.324817
1.662525
1.313452
1.054240
1.746001
1.766823
1.057779
1.746001
2.247247
2.188212
0.826701
1.917455
1.516637
1.310530
1.251690
1.916220
1.288809
1.231424
1.124232
1.150106
1.150106
1.288809
2.244951
1.179562
2.344263
2.521918
2.257620
2.660436
2.643482
1.389199
1.503116
1.656846
0.889823
1.849378
1.813975
2.474804
2.474804
2.901043
2.701994
2.706572
1.315517
2.332819
2.345020
1.010538
2.319749
2.597808
0.928019
0.990116
1.444857
1.409300
1.432817
1.116130
1.295165
1.470505
1.251762
1.016483
0.704826
0.503951
1.049860
1.010956
1.123661
1.151215
1.357873
1.414865
1.123056
1.124840
1.243991
1.196410
1.054794
1.475622
1.600259
2.188212
0.541668
0.766641
1.298500
1.619018
1.036091
1.517512
1.696895
1.095741
1.883592
1.039137
1.674480
2.253418
1.242361
1.205367
1.030748
2.670947
2.569864
1.503116
0.951158
2.142275
1.015186
0.915100
2.172751
1.953901
2.397109
2.321667
1.880545
1.417716
1.450011
1.337198
0.873837
1.145764
0.785609
1.127120
1.417334
1.096954
1.230698
1.452813
1.520200
1.116130
1.340435
1.116130
1.072703
1.092768
1.063460
1.063460
1.343370
1.258647
0.937638
0.833046
1.305673
0.503951
1.577400
1.569669
0.959209
1.414865
1.402539
0.912548
1.261140
1.261140
1.263486
1.125367
1.001651
1.125367
1.094112
1.935066
1.303056
1.009814
1.906177
1.988822
0.705830
0.677791
1.662226
1.911603
1.917455
1.266678
1.451785
1.380087
1.221337
1.141824
0.982232
1.517512
1.760721
2.248320
2.368097
1.174234
1.657003
2.386652
0.913024
1.063181
1.503116
1.089548
2.331108
2.711154
1.875527
1.631667
1.803707
1.506190
2.476082
2.706572
1.198307
2.706572
2.107570
2.182988
1.074034
2.400069
1.290867
1.290867
1.254026
1.253412
0.770058
1.444857
1.430876
1.333020
1.490620
1.364578
1.409300
1.170819
1.253139
1.305673
0.980033
1.430396
1.375937
1.102853
1.085923
1.086942
1.123661
1.119842
1.132322
1.572842
1.656580
1.054794
1.752703
1.884102
2.194498
0.677791
2.188212
1.881395
2.217236
1.251690
1.789095
1.357815
0.976136
1.420411
1.306472
1.607086
1.290719
1.726414
1.658007
0.991929
1.506805
1.255995
1.070101
1.356435
1.192752
2.134296
2.058915
1.178134
1.293429
1.157281
1.477381
1.605203
1.605203
1.714709
2.236940
1.605203
1.605203
1.318793
1.540582
1.786376
1.802849
0.874135
2.249571
1.691156
1.964422
1.964422
1.315517
1.250401
2.182988
1.321583
1.885633
1.290867
1.438412
1.294511
0.974822
1.238622
0.954689
0.945894
1.318520
1.460716
1.478274
1.370457
1.440514
1.234882
1.258647
1.218480
1.218480
1.048891
0.947984
1.046600
0.927655
0.921724
0.972669
0.980033
0.980033
0.841470
1.375937
1.479650
0.957546
1.108489
1.082313
0.956336
1.180477
1.328931
1.174663
1.142499
1.270094
1.362156
1.341016
1.546569
1.634012
1.752703
1.662618
0.709126
0.771287
2.004074
1.451785
1.750997
1.846820
1.916856
1.131318
1.607086
1.110063
1.095741
1.883592
1.277819
1.054549
2.366375
1.657003
1.042947
1.042947
1.849378
1.849378
2.073046
1.964422
2.088754
2.097362
2.906421
2.495283
1.964422
2.524529
1.106349
1.082949
1.105291
2.180912
1.295854
1.670523
1.524860
1.384249
1.160864
1.346689
1.440514
1.202329
0.947984
1.170822
0.840004
1.534012
1.180797
1.569925
1.491661
1.403290
1.102853
1.102853
1.409122
1.034536
1.019985
0.974862
1.100781
1.082313
1.086564
1.164840
1.924582
1.298009
2.041010
2.207930
1.927249
1.851712
0.709126
1.816159
1.266678
1.499755
1.231605
1.093559
1.998942
1.483512
2.215538
2.215538
1.503116
1.605203
2.236940
2.554929
1.786376
1.990865
1.971424
1.731377
2.221032
1.802849
1.786376
2.273714
1.108335
1.219772
2.576825
2.706572
1.198307
2.141191
2.141191
2.141191
2.180912
1.573339
1.174843
1.292961
1.468202
0.803691
0.974822
0.926415
1.347075
1.417225
1.318520
1.368237
1.370457
1.318520
1.218480
0.960844
1.100902
1.394002
0.917413
1.202329
1.521766
1.383624
1.476305
0.974862
1.237743
1.319252
1.082313
1.136950
1.718156
1.156859
1.444718
1.362156
1.902546
1.902546
1.637365
1.836807
0.628250
1.357258
2.217236
1.266678
0.840298
1.245300
1.221337
1.047112
1.571318
1.140610
1.157281
1.039703
1.188510
1.419082
1.236453
1.226640
2.177449
2.474804
2.046791
2.177449
2.576825
1.074034
1.275224
1.199674
0.993184
0.803691
1.003995
1.282854
1.357067
1.218480
1.669020
1.224660
1.357067
1.185579
1.099588
0.627560
1.000087
0.925537
0.968356
0.968356
0.886365
1.108371
1.434185
1.295676
1.572842
1.601689
2.010118
1.854931
1.821353
2.133305
1.750997
1.578903
1.578903
0.911814
1.191836
1.131517
1.450260
1.391305
1.726414
1.726414
2.028088
1.070101
1.188510
2.248320
1.418028
2.215538
1.834310
2.060541
2.011971
1.649387
2.089288
1.990865
2.184980
1.794440
2.495283
2.524529
1.239759
1.382554
1.295854
1.006607
1.408473
1.228605
1.228605
1.157937
1.286316
0.862250
1.003760
1.612650
1.350530
1.322973
1.042587
1.023339
1.016569
1.398709
1.117444
1.353528
1.196410
1.647606
1.187235
1.424622
1.691694
1.697675
1.815685
1.401696
1.891733
2.039497
1.891651
2.033847
1.912249
0.782342
1.830151
2.080065
1.499755
1.382296
1.006784
0.997605
1.208895
1.121163
1.293429
1.490167
2.172684
1.811034
1.835317
1.712918
1.834310
2.115422
2.202070
1.101910
1.129181
1.255834
1.140227
0.700674
0.797860
0.661337
1.337613
1.284672
1.321483
1.369565
1.348620
1.195826
1.501889
1.054559
0.968129
1.289051
1.082324
1.177816
1.340886
1.465649
1.355255
1.891733
1.727535
1.760172
1.831251
1.639670
2.020013
1.881725
1.836295
1.800875
0.917891
0.774782
1.567908
1.290003
1.047112
1.592247
1.262237
1.146149
1.013472
1.255995
1.121163
1.646626
1.188510
1.963286
1.759228
1.811034
1.818735
1.963286
1.646626
1.082071
1.975638
1.851163
1.851163
1.269994
1.450203
1.112310
1.287426
1.023434
1.101621
1.562334
1.562334
1.709086
2.115422
1.459722
1.670427
1.442589
1.707495
1.710918
1.681172
1.250401
1.346238
1.506190
1.305129
1.258895
1.601886
1.469825
0.951885
1.144081
1.405283
1.214655
0.747356
1.450729
1.471630
1.471630
1.048994
0.973680
0.927745
0.691945
1.180797
1.113906
0.943814
1.001796
1.098384
0.943814
1.392425
1.392425
1.794004
2.080322
1.998912
1.611523
1.802218
1.485415
1.804715
0.745002
0.611122
1.978539
1.677074
1.739368
1.290003
1.052614
0.911814
1.107171
1.467709
1.063780
1.669238
1.759228
1.391305
1.197592
1.244849
1.829302
1.922295
1.951795
1.525840
2.133736
1.681172
1.275224
0.744882
1.240804
1.255835
1.247588
1.117846
1.281225
1.375522
1.486148
1.064388
1.310086
0.968129
1.264522
0.954669
0.828896
0.968356
1.398709
1.859914
1.683781
1.632792
1.843276
1.578903
0.911814
1.047112
1.124275
1.570998
1.515792
2.035634
1.269994
1.736670
1.415020
2.012087
1.440651
1.679594
1.679594
2.067154
1.764649
1.497887
1.654822
1.667870
1.543724
1.306103
1.230680
1.257389
1.093577
1.212165
0.915601
1.152682
1.093880
1.400076
1.319571
1.419762
1.419762
1.016426
1.006719
0.656078
1.279027
1.345427
1.289051
1.195826
1.199811
1.316758
1.025831
0.998280
1.043819
1.213774
1.702723
1.967795
1.881725
1.689586
1.811195
0.690825
0.774782
0.911814
1.131517
1.107171
1.013472
1.029620
1.064311
1.743013
1.433774
1.433774
1.851543
1.433774
2.012087
1.851543
1.278895
1.101621
1.440651
1.693555
1.473230
1.764649
1.764649
1.664509
1.329237
1.560033
1.293691
1.707495
1.144372
1.728629
1.728629
1.382554
1.263884
0.655371
1.101827
0.655371
1.268817
0.767677
1.400076
1.375522
0.880415
0.937538
1.009820
0.933882
1.214835
0.570436
0.620303
1.206951
1.242848
1.370992
0.960019
1.098693
1.113906
1.434906
1.522355
1.557847
1.541250
1.788638
2.085526
1.851360
1.980878
1.830151
1.665590
1.028725
1.446010
1.363328
1.603932
1.760060
1.043067
1.827044
1.860493
1.440651
1.824054
1.647819
1.599021
1.681172
1.144372
1.728629
1.667870
1.376870
1.256093
1.256093
0.998769
0.988842
1.122097
1.375522
1.230445
1.146013
0.519381
1.229326
1.229326
1.112011
0.986190
0.968129
1.124445
0.866395
1.427900
1.578917
1.702723
1.411634
1.751613
1.790582
1.437654
1.925331
1.978539
0.922333
1.632792
1.184823
1.337969
1.104688
1.441508
1.016729
1.016729
1.191132
1.306024
1.239248
1.433774
1.809921
1.429450
1.562127
1.562334
1.693555
1.562334
1.764649
1.467792
1.681172
1.341869
1.667870
1.165112
1.250920
1.174843
1.050719
1.045682
1.050207
0.563185
1.240804
0.973151
0.924652
1.232497
1.350530
0.937538
0.916836
1.120310
0.680783
1.040216
1.491581
1.427900
1.108986
1.617780
2.050788
1.660515
1.811195
1.850159
0.745002
0.722022
1.818372
0.778685
0.898817
1.632792
1.470638
1.470638
1.178831
1.046071
1.239248
1.239248
1.497985
1.773625
1.569996
1.768763
1.328049
1.497887
1.639106
1.742319
1.472625
1.468955
1.667870
1.148141
1.425514
1.422870
1.299113
1.434465
1.487143
1.522630
0.972572
0.866454
0.698617
1.128918
1.195404
1.142507
1.263244
0.935999
0.935999
1.136966
1.050691
1.169485
0.509956
1.201859
1.018851
1.038291
1.304777
1.153237
1.787232
1.647200
2.096693
2.096693
0.794921
0.722022
1.764787
1.446010
1.260880
0.939745
1.513336
1.305575
1.409939
1.191132
1.382588
1.191132
1.381018
1.462294
1.372754
1.441508
1.453090
1.381018
1.364918
1.451970
1.506963
1.114536
1.492374
1.451970
1.647819
1.336190
1.639106
1.672643
1.672643
1.468955
1.245945
1.487143
1.522630
1.245113
1.132361
0.563185
0.617918
1.244184
1.037939
0.920415
1.004380
0.855448
0.797920
1.123640
1.188048
1.112011
0.385557
1.188620
0.289975
0.957258
1.081372
1.153237
1.459977
1.213774
1.340886
1.708720
1.826083
1.944829
1.483342
1.534456
0.677315
0.453914
0.524942
1.789598
0.749785
1.441596
0.995988
1.621232
1.447735
1.099505
1.513336
1.504080
1.186154
1.409939
1.381525
1.707180
1.545665
1.462294
1.198327
1.399579
1.605016
1.554595
1.234768
1.453861
1.258647
1.467792
1.269738
1.467792
1.472625
1.279279
1.723714
1.588820
1.721429
1.392411
1.521993
1.438301
1.004817
1.434465
1.392411
1.134065
1.281892
1.132361
1.127986
1.089495
1.143296
1.028273
0.846076
0.871638
0.864644
0.992575
1.117097
1.142792
1.218195
0.304301
1.308494
1.084012
1.084012
1.084012
1.718954
1.882759
1.434563
1.188023
1.424821
1.835826
1.880040
0.677315
0.803085
1.060802
1.534531
1.441596
1.441596
0.947951
1.044949
0.933634
1.321077
1.383157
1.099505
1.075747
1.172919
1.261724
1.175548
1.414012
1.382588
1.191132
1.286063
1.526927
1.463876
1.328852
1.567911
1.757693
1.598914
1.618524
1.209040
1.757693
1.639106
1.468955
1.742319
1.251790
1.771287
1.178998
1.647231
1.126876
1.612378
1.628569
1.784108
1.374782
1.628569
1.337082
0.998769
1.121812
1.310765
1.245113
1.332333
1.194495
0.998769
1.134065
1.027009
0.503862
1.244184
0.866402
1.073342
1.142792
1.073342
0.963444
0.972717
0.940195
1.073080
1.027219
0.990998
0.940195
1.140299
0.655560
1.079894
1.020217
0.986190
1.127461
0.289975
0.983535
0.985431
1.050186
1.273981
1.354996
2.019909
1.647628
1.821740
1.967669
1.832075
1.470638
1.375719
1.572668
1.469301
1.199018
1.215479
1.082514
1.075251
1.084798
1.215050
1.065669
1.509815
1.172919
1.291297
1.417512
1.271950
1.562641
1.688194
1.249952
1.688194
1.848527
1.688194
1.688194
1.848527
1.667218
1.265656
1.234768
1.639106
1.336190
1.681980
1.724491
1.729428
1.724491
1.548923
1.585894
1.667870
1.106695
1.406019
1.410720
1.497527
1.282662
1.272418
1.310765
0.971939
0.833640
0.631648
1.069414
1.110450
1.016363
0.967315
0.688845
1.060465
1.190653
1.012284
1.020217
1.094760
1.004870
0.838669
1.256006
1.222863
2.003285
1.651898
1.870208
1.575164
1.995710
1.964248
1.974248
1.871292
1.643383
1.490807
1.880333
1.079610
1.060802
1.044949
1.336054
1.049512
1.073803
1.073803
0.912904
1.320947
1.287863
1.172919
1.385300
1.465081
1.241908
1.670016
1.318761
1.192881
1.506963
1.847607
1.947035
1.823352
1.549407
1.608801
1.724491
1.877424
1.846847
1.550384
1.647231
1.406019
1.098001
1.098001
1.048520
0.971051
0.971051
1.194495
0.918210
0.721717
1.250610
1.045675
1.045297
0.938019
1.136966
1.000413
1.190653
1.168749
1.164119
1.012284
1.147971
1.188160
1.016795
1.134181
0.907232
1.158556
1.004063
1.329679
1.218336
1.201859
1.173509
1.289106
2.356457
1.816619
2.081416
2.092287
1.745245
1.760190
2.140599
2.099673
1.816060
1.845188
1.821740
1.677326
1.511316
1.903514
1.583786
1.074374
0.898817
1.829467
1.268154
1.024923
1.113156
1.113156
1.138536
1.082514
1.130038
1.163070
1.065669
1.259382
1.202948
1.064280
1.291297
1.300372
1.318761
1.775998
1.126876
1.272618
1.373754
0.672070
0.783303
0.893867
0.717557
0.918371
1.009467
1.009467
1.287037
1.046024
1.146286
1.088996
1.163757
1.016363
1.212447
1.146286
1.121694
1.222901
1.188048
1.235899
1.238145
1.188048
1.188600
1.647164
2.118697
2.005237
1.767604
2.153130
1.954117
1.974248
1.148122
1.855625
1.104912
1.925791
1.851025
0.964809
1.624199
1.594914
1.547934
1.012389
1.091644
1.039833
1.096507
1.207823
1.163070
1.063058
1.226658
1.053865
1.064280
1.043581
1.043581
1.064280
1.064280
1.050204
1.409939
1.093119
1.601172
1.848694
1.198518
1.209040
1.877424
1.034722
1.550384
1.438301
0.957842
1.204736
0.705505
0.532430
0.594100
0.791370
1.122029
0.683206
0.924349
1.183993
1.253987
1.097165
1.037939
1.222809
1.274202
1.046024
1.000413
1.068249
1.081649
1.155755
1.182990
1.170180
0.999142
0.923568
0.906521
1.159479
0.484712
1.085500
1.140437
0.402468
0.564201
0.328617
0.497707
0.351097
0.907232
1.351960
1.829340
1.712075
1.635294
1.858538
1.490807
1.604984
1.879858
1.854669
1.218508
1.039833
1.009582
1.207823
1.546168
1.043581
1.094646
1.694430
1.749186
1.901634
1.097843
1.219557
1.737253
1.780140
1.619459
1.190514
1.391193
1.259837
1.548290
1.331508
0.672070
0.610327
0.650666
0.601919
0.496654
0.811891
0.783738
1.132690
1.356009
1.058771
1.222901
1.222809
1.105813
1.222901
1.230506
0.999142
1.164119
0.975218
0.975218
0.860313
1.133561
0.846266
1.238145
0.351097
1.062870
0.907232
0.232855
1.545258
1.112771
2.118187
1.769400
2.095146
2.095146
1.757707
1.938511
1.643383
1.349498
1.487481
1.147334
1.104912
1.862370
0.803085
0.572856
1.074374
1.118164
1.163070
1.053865
1.047588
1.296446
1.117205
1.104435
1.376948
1.376948
1.523398
1.704541
1.198518
1.742185
1.066436
1.719485
1.337565
1.143224
1.253218
0.672070
0.967484
1.089636
0.967315
1.193864
1.127159
1.219518
0.328617
0.328617
1.198085
0.959532
2.356457
1.976632
1.954117
1.367015
1.148122
1.635784
1.615656
1.432709
1.024045
0.851397
1.024045
0.988422
1.051522
0.975031
1.087288
1.128383
1.147035
1.026687
1.027985
1.226658
1.296446
0.976288
1.065272
1.412603
1.579512
1.605057
1.734106
1.088431
1.088431
1.706394
1.198518
1.074988
1.547578
1.216347
1.077140
1.164611
0.742562
0.742562
0.856070
0.698206
0.532430
0.686205
0.550758
0.825326
1.302526
1.121199
0.977473
1.000689
1.069649
1.066667
0.754217
0.564201
1.010765
1.032559
2.336563
2.168301
2.357543
1.488708
2.005544
1.489223
1.616730
2.257985
2.080337
2.130205
1.963496
1.565011
1.816060
1.445471
1.904946
1.794595
0.997791
0.999397
1.055451
0.911052
1.022803
1.298803
1.387443
1.597478
1.102431
1.094646
1.030251
1.123882
1.552609
1.381671
1.216347
1.164611
0.912584
0.705576
1.072610
0.714077
1.069436
0.714077
0.911621
0.982810
0.825326
0.993171
1.123178
1.076224
1.076224
1.121199
1.164119
1.042836
0.939937
1.173562
1.335520
1.050057
1.687938
2.228332
1.489223
2.080337
2.340887
1.759828
0.913241
0.913241
1.785066
1.788818
1.389148
1.025813
1.012389
1.075175
1.004593
1.011801
1.034497
1.298803
1.324001
1.012710
1.424710
1.648370
1.217733
1.158376
1.217347
0.989054
1.051549
1.216347
1.407029
0.956741
1.018040
1.035903
1.058771
1.076224
1.109672
1.000015
1.086982
1.100442
1.119765
1.149604
1.795828
1.331014
1.349657
2.207150
2.331586
1.790348
1.591000
2.034150
1.904621
1.442580
1.505107
1.442580
1.765846
1.563734
1.778414
1.161628
0.877416
1.174395
1.673585
1.432875
1.619392
1.009810
1.111744
0.976288
1.012710
0.976288
1.102431
1.704541
1.221212
1.255899
1.552609
1.272618
1.124212
1.073758
1.113732
1.151592
1.089636
1.121199
1.111282
1.058054
0.891412
1.103507
1.000015
1.075751
1.174243
1.115938
1.236598
1.133521
1.317599
0.641872
0.958729
0.441723
1.818916
2.061341
1.838610
1.838610
1.269969
1.653053
1.337296
1.475763
1.454637
1.025813
0.931700
1.033515
1.073935
1.128383
0.976653
1.165504
1.027618
1.132174
1.324001
1.605057
1.434606
1.523129
1.156911
1.462798
1.619459
1.226047
1.260020
1.407029
0.959098
1.226967
1.061647
1.176743
1.000689
1.128929
1.131564
0.937896
1.368652
0.947897
1.081319
2.185279
1.409678
1.328026
1.973866
1.807886
1.807886
1.438224
1.320852
1.498775
1.589253
1.190496
1.906795
1.941003
1.757130
0.871605
1.048401
1.035825
1.383306
1.019354
0.970442
1.012830
1.001017
1.128383
1.171868
1.280889
1.424710
1.346822
1.048580
1.099989
1.301433
1.437873
1.077130
1.071233
1.214138
0.959098
1.226967
1.056523
1.017442
1.089493
1.169834
1.008851
1.119765
1.067862
1.128929
1.068626
1.166836
0.971846
1.061859
0.923518
1.021890
0.823309
1.672682
1.805310
2.164338
2.171607
1.982770
1.963686
1.930312
1.942122
1.899412
1.647029
1.712075
1.214162
1.611784
1.442580
1.254588
1.661881
1.233063
1.168924
1.727286
1.727286
1.052603
0.979856
1.076867
1.007755
1.022803
1.111744
1.280889
1.280889
1.434606
1.007755
1.117200
1.099496
1.218675
1.364217
1.466473
1.150829
1.285302
1.234404
1.213366
1.185952
1.269409
1.176523
1.056523
1.175713
1.023328
1.410149
1.112812
1.139474
1.064160
0.983911
0.831289
1.031630
1.313934
0.937896
1.031905
1.174243
1.050536
1.182345
1.563158
1.061859
1.610944
1.047221
1.227319
1.905426
1.821241
2.078942
1.613002
1.765846
1.597815
1.389148
1.272307
0.992735
1.041921
1.068551
1.175063
1.226161
1.242233
1.208211
1.160369
1.274916
1.302628
1.343292
1.342868
1.185412
1.185412
1.065171
0.967451
1.061232
1.196269
1.185412
1.307370
0.983441
1.000703
0.962271
1.002418
1.312220
0.937896
0.999735
1.108092
1.898949
1.545679
0.527133
0.491302
1.631589
1.947227
1.904621
1.458068
1.339874
1.353541
1.327151
0.927999
1.353541
1.952453
1.106340
1.124888
0.952941
1.091630
0.992013
1.016560
1.031525
1.031525
0.994737
1.001017
1.165504
1.068566
1.279832
1.290372
1.277192
1.178120
1.278672
1.346822
1.378884
1.083077
1.138362
1.060703
1.400632
1.024853
0.888224
0.952540
1.096499
0.975722
1.122663
1.043509
0.972098
0.972098
0.994310
0.999735
1.718694
1.505589
1.244162
1.341024
1.969354
0.676585
1.733905
2.152453
1.947227
0.390091
0.408290
1.639361
1.421491
1.756220
1.206966
1.849842
1.040545
1.387663
1.323866
0.748273
0.981529
0.937744
0.937744
0.937744
0.976653
1.027581
1.044928
1.156340
1.102059
1.106629
1.032911
1.136532
1.330347
1.243222
1.288163
1.206271
1.076244
1.247513
1.180990
1.261043
1.257945
1.100850
0.975722
1.322060
0.898281
0.962271
1.321988
1.021890
1.827325
1.926815
1.552113
2.164338
0.647883
2.214095
1.750206
1.286330
1.626624
1.541182
1.696951
1.466706
1.783516
1.695722
1.054797
1.124888
1.199542
1.015922
0.981827
0.985130
0.965407
0.981091
0.979856
1.027581
1.093806
1.102059
1.221598
1.106629
1.027157
1.308533
1.187122
1.242233
1.061232
1.043956
1.122663
1.331627
1.140846
1.160932
1.028691
1.023794
0.934252
0.977536
1.011405
0.976919
1.253951
1.068075
1.758486
1.324858
1.645250
1.888772
1.893783
1.552113
1.302281
0.674058
0.592317
1.980921
2.106282
1.645441
1.715701
0.531504
1.521827
0.483372
1.582310
0.927999
1.033420
0.913241
1.756220
1.680689
1.668803
0.980012
0.944746
1.068947
1.000120
0.980195
0.871562
1.093806
1.143982
1.106629
1.054291
1.055243
1.187122
0.888224
0.888224
0.960592
1.097063
1.199176
0.991575
1.279910
0.965495
1.153097
1.080390
1.110338
1.038630
1.019650
1.718694
1.718694
1.339031
1.205592
1.542194
1.712285
2.274764
0.647883
2.106282
2.098590
1.855971
2.003590
1.830595
1.715701
1.789028
1.012492
1.107412
1.071355
1.000120
1.010966
1.103644
1.134789
0.965407
1.140241
1.115270
1.014989
1.069468
0.960592
1.072768
0.895918
1.210839
1.038630
0.651103
2.100783
2.198856
1.926815
2.148357
0.544493
2.043252
0.788313
2.044211
1.706839
1.242268
0.631911
0.558313
0.483372
0.603259
1.394135
1.094788
1.147577
0.483044
1.256559
1.206966
0.927999
1.265239
1.134485
1.124888
0.573044
0.866151
1.124261
0.977907
0.946215
1.197684
1.080609
1.027581
1.243729
1.143982
1.082016
1.013377
0.995667
0.898281
1.087815
1.122852
0.934854
0.956766
1.288516
1.166517
1.123797
1.758486
1.152520
1.438674
1.634481
0.748762
2.163160
1.712285
0.849367
1.864828
1.909783
2.054464
1.504136
1.430157
0.827375
0.868828
1.507105
0.664653
1.113342
1.786588
1.036419
1.021884
1.083762
0.982455
1.133479
1.068947
1.070978
0.980195
0.991753
1.104537
1.216719
1.143679
1.115567
0.857588
1.080636
1.016250
1.016250
1.017079
0.991575
1.025913
1.178217
1.008806
1.072768
1.031371
0.986893
1.016755
1.284036
0.949968
1.182723
0.940892
1.019650
1.793150
0.750242
1.979927
1.970887
1.864828
2.048873
0.837336
0.965032
1.032300
1.720372
0.892942
1.623658
1.968653
0.949384
0.955114
0.949384
1.344741
1.699795
1.672963
0.868828
1.347514
1.053564
1.582310
1.753394
1.364273
1.031187
1.118787
0.959490
0.491631
0.987186
1.154572
1.104115
1.036367
1.048020
1.169074
1.103095
1.066446
0.890914
0.865117
0.987608
0.874018
0.922773
0.953488
0.969116
1.167544
1.064497
1.172544
1.039254
1.714082
0.917522
0.917522
1.605626
0.981393
0.912488
1.527315
1.982344
1.814499
1.901082
2.102760
1.614939
2.018010
0.851588
0.689208
0.646609
0.892942
1.720372
1.909783
1.699795
0.951082
0.820256
0.766456
0.768725
0.492200
1.809540
1.586377
1.523606
1.589529
1.100259
1.061740
1.026924
1.199542
0.716814
0.438138
0.969550
1.060091
1.144168
0.987833
1.036216
1.214240
1.080636
1.094223
0.954384
1.051588
0.986893
1.758486
1.023926
1.178424
1.178424
1.016759
1.127229
2.153299
1.924011
0.955114
0.908610
0.638315
1.284351
1.067524
1.242268
0.876352
0.477694
0.477694
1.015619
1.060696
0.899962
1.219290
1.053564
0.926156
0.983061
0.854048
1.105220
0.551130
0.875963
0.984891
0.656519
0.976468
0.801295
1.045404
1.096675
0.825213
0.438138
1.058294
1.221423
1.098285
1.130591
1.138046
1.121469
1.062615
1.097782
0.956839
1.078466
1.103095
0.885333
0.949504
1.018506
1.145297
1.033788
0.958368
1.151731
1.178217
1.140990
1.565521
1.382609
1.098872
1.569953
0.878192
2.041224
1.996859
1.087505
1.039236
1.987726
1.191351
2.084243
1.895027
0.833587
1.721720
0.794475
1.116743
0.895460
1.358626
0.868510
0.969987
0.923181
1.809540
1.561285
1.389461
1.072699
1.061740
1.035319
1.023446
1.133966
1.058294
0.995802
0.948707
1.183679
1.241512
1.000528
0.946467
1.020139
0.955282
0.796586
0.955282
1.042199
1.819575
1.565521
1.124154
1.087041
1.569953
1.518450
1.196949
1.289020
0.861041
1.819575
0.959273
1.165862
1.104364
0.873199
1.996859
1.887381
1.187693
1.933123
1.749065
1.176626
1.000668
1.260917
1.075050
1.174033
1.060979
1.837592
0.932642
1.721720
1.000730
1.238656
0.958077
1.333139
0.899962
1.352433
1.754085
1.732427
0.899962
0.926156
0.899962
0.938241
1.207589
1.150173
1.163733
1.133983
1.163733
1.078466
1.042705
1.286978
0.949592
0.902361
1.256949
1.511339
1.411316
1.382609
0.902361
1.174544
1.638206
1.617654
1.165862
1.897315
1.617654
1.210534
1.890191
1.210534
1.200673
1.271582
2.112054
1.733457
1.228362
1.271582
1.520381
1.220442
1.800968
1.766988
1.376210
1.614726
1.908411
1.000730
1.358626
1.137892
0.984982
1.556791
1.504136
1.010994
1.026479
0.899962
0.813667
1.408514
1.746530
1.053564
1.100797
1.710618
1.560751
0.999325
1.077483
1.143105
1.060091
1.158766
0.883241
1.078466
1.133228
1.207693
1.286978
1.283368
1.281214
1.283368
1.617654
1.749089
1.365561
1.540292
1.968578
2.100754
2.010907
1.228976
1.297336
1.598951
1.602804
2.037031
1.101541
1.614726
1.707684
1.016483
1.528108
1.623658
0.992303
1.138352
0.992303
1.048218
1.285393
1.100797
1.035847
1.064734
1.099672
1.065392
1.250031
1.096794
0.918051
1.195945
1.055895
1.211118
1.041985
1.000528
1.749838
1.589306
1.222894
1.267577
1.870545
1.759136
1.167146
1.982145
1.545190
1.248178
1.397840
1.059015
1.091116
1.641755
1.407593
1.653526
1.653526
1.724250
1.261439
1.147461
0.988162
1.055895
1.410304
1.492232
1.705704
1.713292
1.353598
1.390016
1.365561
1.904173
1.625214
1.713292
1.000730
1.058942
1.262317
1.300304
1.141391
1.451200
1.141391
1.770447
1.113987
1.488735
1.010450
1.169939
1.233257
0.930561
0.918051
1.390016
1.520381
1.541293
1.185329
1.216161
1.185329
1.168364
1.179911
1.244342
1.605665
1.146573
1.159249
1.061449
1.607266
1.688897
1.722762
1.120911
0.943884
1.024604
1.012307
1.148882
0.931953
1.040873
1.190658
1.223915
1.133966
1.233341
1.251676
0.932971
1.210726
1.266255
1.064810
1.044365
1.179911
1.237082
1.296479
1.251166
1.124213
1.058942
1.138998
1.394771
1.176283
1.090254
1.136236
1.224081
0.984966
1.022064
0.972533
1.141895
1.141895
1.233257
1.222246
1.096794
1.145470
1.006768
1.233999
1.038712
1.211471
1.067063
1.692573
1.777415
1.634228
1.485084
1.634228
1.422269
1.737301
1.625214
1.334964
1.314070
1.329288
1.267688
1.126771
1.502613
1.567531
1.331336
1.120480
1.161017
1.152107
1.037143
1.130070
1.563649
1.505554
1.520381
1.196433
1.196433
1.331775
1.273574
1.273574
1.316676
1.153096
0.915361
1.618821
0.952141
1.618821
0.902126
0.902126
1.054090
1.063382
0.978658
1.035323
1.313320
1.145882
0.863708
1.241481
1.130070
1.015611
1.041476
1.467183
1.370867
1.370867
1.313890
1.294249
1.331775
1.193473
1.107492
0.902126
1.674138
1.605579
1.599983
1.055577
1.058028
1.463544
1.141895
1.050829
1.275495
1.233999
1.277644
1.233999
1.099388
1.050932
1.173021
1.440480
1.440480
1.207763
1.213794
1.451200
1.657297
1.111086
1.061909
1.412037
1.426573
1.752977
1.031583
1.103768
1.162807
1.238174
1.247716
1.255016
1.013030
1.467183
1.458881
1.769243
1.386783
1.314418
1.246035
1.338417
1.246035
1.294249
1.174421
1.163787
1.284294
1.574335
1.183385
1.153096
1.689886
1.685013
0.931797
1.314615
0.898508
1.177995
1.177995
1.157486
1.108156
1.072659
1.135550
1.295840
1.251999
1.186328
0.990908
1.188748
1.368350
1.178322
1.588230
1.406227
1.344577
1.354340
1.247716
0.998521
1.038755
1.177995
1.275495
1.275694
1.262912
1.316250
1.175742
1.403976
1.046458
1.295840
1.294535
1.037696
1.017264
1.531339
1.578128
1.553508
1.574335
1.355980
1.611632
1.159675
1.079558
1.047715
1.148317
0.999637
1.097254
1.346487
1.200805
1.461787
1.546707
1.334044
0.995600
1.230349
1.253250
1.152491
1.001726
1.277237
1.150023
1.188647
1.387465
1.398447
1.578934
1.387465
1.437364
0.936356
1.594034
1.563276
1.662446
1.093063
1.177511
1.198490
1.259634
1.344330
1.155846
1.157433
1.080472
0.958319
1.181259
1.011538
1.201421
1.302782
1.302782
1.185563
1.285909
0.889265
1.337552
1.072160
1.665476
1.662446
1.736163
1.126492
1.058998
1.177511
1.251089
1.198490
1.226249
1.226249
1.198490
1.177511
1.251930
1.142106
0.998721
1.064682
1.230543
1.085229
1.179921
1.166809
1.004513
1.556652
1.383915
1.383915
1.598708
1.495704
1.023760
1.080870
1.060339
1.128775
1.084641
1.259634
1.152993
1.158202
1.147014
0.981999
1.089694
1.052357
1.328448
1.051546
1.170632
0.958185
1.348998
1.707982
1.021543
1.002717
1.103115
1.002717
1.034019
1.064594
1.261121
1.237251
1.261121
1.162408
1.161131
1.131137
1.279522
1.428970
1.127469
1.417208
1.381575
1.348998
1.124544
1.454770
1.348998
0.926452
0.986241
1.261121
1.301811
1.146746
1.162408
0.930558
1.028898
1.118338
1.255532
1.225347
1.161131
1.089694
1.336767
1.070203
1.070203
1.085229
1.263680
1.417208
0.990908
0.933399
1.028313
1.372499
1.050733
0.980304
1.199955
1.293833
1.117044
1.215800
1.311246
1.211720
1.131137
1.089694
1.023117
1.047304
1.052357
1.179921
1.078506
1.156053
1.123038
1.285703
1.068679
0.962373
1.003510
1.364856
1.417208
1.589108
0.914640
1.631729
1.035530
0.971390
1.086270
1.199955
1.068624
1.136419
1.136419
1.226470
1.226470
1.308573
1.225347
1.152828
0.995600
1.068679
1.093838
1.023865
1.537058
1.605958
1.293833
1.101136
1.182539
1.144820
1.166918
0.944216
1.261121
1.141431
1.237280
1.263278
0.937576
0.919728
1.147014
1.111776
1.076758
1.181648
1.255738
1.292504
1.148056
1.381575
1.093838
0.858652
1.035530
1.256479
1.339844
1.322188
1.064594
1.087040
1.224267
1.300324
0.954047
1.135724
1.090284
0.981165
0.936411
0.903902
0.951907
1.170875
0.942124
1.194516
1.170893
1.290574
0.830057
1.013406
1.024665
0.919728
0.946072
1.013406
0.911932
0.826734
0.911932
1.094836
1.076758
0.979116
1.304815
1.181648
0.981879
0.932864
0.981879
1.396706
1.545749
1.348481
0.919710
0.924579
1.474675
1.495513
1.163247
1.081893
1.055049
1.563250
0.970528
1.192452
1.301706
1.376869
1.192452
1.205976
1.207821
1.204365
0.966900
1.085887
1.132531
0.950492
0.989836
0.976509
0.888843
0.864856
1.069031
1.025657
0.915353
1.098028
0.980105
0.925444
0.932318
0.960415
1.057350
1.128885
0.956526
0.956526
1.209218
1.273090
1.273090
1.358200
1.020255
1.071595
1.068457
0.987814
0.895967
1.024474
1.184461
1.184461
1.308788
1.071744
1.234871
1.348481
1.245339
1.066625
1.104912
1.040741
1.237480
1.057809
0.916140
1.023737
1.114001
1.192452
1.012880
1.086666
1.188897
1.115018
1.002380
1.358753
1.165030
1.325459
1.195513
1.355127
1.204365
1.204810
1.256479
1.057696
1.264619
1.068493
1.195513
1.133888
1.098831
1.164159
1.164159
1.019223
1.080464
1.200306
1.075931
0.983604
1.098878
0.908200
1.097649
1.166918
1.145908
1.032603
1.169003
1.027714
1.166918
1.116199
0.964234
1.110124
1.169003
1.091795
0.826762
0.941901
1.020259
0.890302
0.946072
0.885329
0.950561
0.888843
0.932864
0.852159
0.864103
0.914148
0.770021
0.980105
0.824064
1.037566
1.180887
1.209218
1.029625
1.191153
1.041376
1.226824
1.000206
1.301706
1.255303
1.301706
1.062885
1.150183
1.174419
0.953923
1.120618
1.045796
0.969897
1.072835
1.040174
1.032603
1.010712
1.065916
0.942236
1.006418
0.958649
0.964509
0.969193
0.914148
1.064282
1.098028
1.064282
1.052304
1.066397
1.086302
0.955600
1.056116
1.257411
1.183018
1.040741
1.163899
1.071744
1.086666
1.189601
1.136149
0.953923
1.111410
1.034024
1.087911
1.095063
1.105188
1.011745
1.022592
1.053898
0.977668
0.992893
1.041945
1.035909
0.908895
0.908895
1.113934
1.086302
1.097841
1.052558
1.160915
1.012354
1.180887
1.046931
1.246502
1.040272
0.970121
1.048200
1.163899
1.006192
1.064769
1.106866
0.901085
1.186762
1.087911
1.057176
1.022390
1.210588
1.080158
0.941570
0.962249
0.983186
1.009635
0.983186
0.965820
0.965820
0.973514
1.353475
2.072728
2.182988
1.714772
1.005093
1.613151
1.169783
1.034239
1.042685
2.724900
2.578295
2.182988
2.182988
2.182988
2.268176
1.894296
1.631682
1.631682
1.631682
1.858994
1.802688
1.872820
1.784739
0.957720
1.563246
1.495966
1.001651
1.100781
1.100781
1.818735
1.571318
1.571318
1.477381
1.535666
1.222843
1.202366
1.222843
2.447536
2.196619
2.417526
2.400069
2.467802
1.952141
1.894296
2.447536
2.447536
1.894296
2.467802
2.467802
2.717348
1.322945
1.617359
1.603816
1.335356
1.310430
1.034239
2.724900
2.185129
2.255116
2.122332
1.041636
1.080087
1.034914
1.039360
0.905778
0.905778
0.927506
0.906174
1.052941
0.963299
0.932339
0.963592
0.963592
1.682058
1.170696
1.225613
1.049201
1.188272
1.399419
1.495966
1.110063
1.473230
1.355446
1.148141
1.100442
1.117200
1.128929
1.099496
0.731230
1.310453
0.479906
0.552859
0.307791
0.307791
0.825369
0.727063
0.511776
0.400970
0.515331
2.152068
2.030793
2.152068
2.122332
2.156551
2.156551
2.156551
