6230 1 3
1.368585
1.476937
1.473477
1.328006
1.628938
1.243503
1.217078
1.722132
1.617986
1.312293
1.473473
1.323725
1.454403
1.504419
1.538683
1.535057
1.497826
1.388225
1.452590
1.489162
1.606354
1.312130
1.720793
1.740982
1.273921
1.208814
1.608414
1.617986
1.475181
1.507504
1.641915
1.741831
1.726664
1.340513
1.430751
1.506744
1.347541
1.329009
1.538683
1.541127
1.329009
1.273921
1.780606
1.794225
1.794225
1.779531
1.300466
1.813612
1.822642
1.726021
1.633991
1.677514
1.166924
1.280324
1.275445
1.271613
1.365509
1.258438
1.451350
1.580409
1.599874
1.245656
1.532460
1.615039
1.323725
1.618880
1.823081
1.797304
1.288498
1.809609
1.845313
1.680475
1.498490
1.803061
1.633991
1.958115
1.222501
1.336457
1.890825
1.254002
1.938599
1.270563
1.312130
1.969658
1.961182
1.315382
2.109983
1.829672
1.845240
2.072871
2.032422
1.758638
1.883708
1.169407
1.342813
1.388356
1.456785
1.488875
1.525471
1.551995
1.626491
1.652874
1.770769
1.823069
1.779313
1.846448
1.334530
1.270563
1.917676
1.945124
1.281223
1.546036
1.500735
1.539290
1.689177
2.059109
1.996167
1.925591
1.789409
1.864879
1.836658
1.280343
1.241592
1.240175
1.336987
1.209251
1.268185
1.543545
1.343406
1.739761
1.991421
1.846448
2.053692
1.814411
2.079028
2.083171
2.080715
1.814976
1.752639
1.752639
1.265423
1.341221
1.185684
1.441712
1.463464
1.488288
1.480826
1.576736
1.279566
1.268945
1.694490
1.334530
1.939362
1.895543
1.911201
2.023995
1.948159
1.445245
1.398924
1.253205
2.083171
1.814976
1.789409
1.821951
2.175599
1.888855
2.082708
2.024940
1.343990
1.294823
1.330290
1.224288
1.387342
1.186177
1.360713
1.228190
1.210312
1.337190
2.053692
1.870441
1.887488
2.011676
1.678968
2.018306
1.851108
2.002413
2.261197
2.245958
2.204221
1.961939
2.220347
1.784699
2.178485
1.176787
1.262277
1.152333
1.255945
1.206611
1.225389
1.511831
1.627988
1.778530
1.836244
1.363926
2.243349
2.204221
2.203112
2.362764
2.178485
2.143936
2.290695
2.277014
1.197351
1.197351
1.089787
1.131359
1.197649
1.498168
1.367283
1.385812
1.629215
1.711877
1.434056
1.810816
1.890231
1.890231
1.991421
2.048872
2.070041
1.988404
1.777311
1.937528
2.280070
1.847757
2.131822
2.002413
1.992064
1.821951
2.143936
1.743015
1.914829
1.914829
2.038677
2.283766
2.038677
1.736080
1.813173
1.599903
1.949268
1.519321
1.519321
1.163061
1.259360
1.176787
1.362867
1.187138
1.120425
1.256051
1.288405
1.191126
1.185684
1.190749
1.254350
1.608014
1.353698
2.039015
2.096820
2.184072
2.160782
1.412372
1.368728
2.068917
2.245958
2.161896
2.164450
2.175072
1.978112
2.406632
1.793090
2.382999
2.362764
1.741219
2.217601
1.984670
1.743015
1.987297
2.242203
2.129284
2.013193
1.855670
1.813173
2.188804
1.647388
1.698597
1.757053
1.774652
1.128580
1.341675
1.137789
1.302723
1.560022
1.375046
1.711877
1.541141
2.007340
1.801665
1.896720
1.777429
1.777429
2.160782
1.845991
2.021728
1.824767
1.461939
1.881329
1.881329
1.869497
2.140655
2.140655
2.140655
1.818752
2.392400
2.229311
2.406632
2.294366
2.321085
2.321085
2.193688
2.294366
2.190588
2.215642
1.939701
2.078593
2.181100
1.981616
1.929125
1.734897
1.660128
1.757053
1.255770
1.281314
1.107506
1.308738
1.408580
1.128100
1.254350
1.458315
1.292925
1.420177
1.428261
1.420177
1.541141
2.092469
1.743032
2.302833
2.053692
2.164450
2.167551
1.992706
2.305493
2.210833
1.838351
2.008564
2.203577
2.204221
2.090692
2.291581
2.161056
2.294366
1.793090
1.789491
2.419427
1.741219
2.259742
2.188804
2.007069
1.647388
1.631683
1.909266
1.659221
1.215806
1.214824
1.177519
1.137789
1.137026
1.108289
1.198633
1.403489
1.418952
1.413521
1.434056
2.039015
2.011467
2.144469
1.813422
2.186517
1.881329
1.956570
1.796624
1.967908
1.941831
2.271629
2.112205
2.254383
2.164450
2.321085
1.822217
2.146166
2.290695
2.419427
1.647388
2.125045
2.293325
1.801597
2.012664
2.007069
1.942162
1.641977
1.855541
1.895686
1.278490
1.300939
1.355801
1.244754
1.186233
1.469346
1.300481
1.466275
1.540185
1.395450
1.788139
1.788139
1.788139
1.781524
1.745518
2.184072
1.491499
1.894163
2.189425
2.419745
2.088985
2.339342
2.449915
2.246160
2.391699
2.251517
2.254148
2.547616
2.355328
2.336711
2.331901
2.161056
2.228430
2.215642
2.218308
2.099772
2.099772
2.056451
2.400934
1.730504
2.031720
1.967753
2.158797
2.173215
1.942162
1.485518
2.118291
1.518299
1.564104
1.709367
1.792102
1.779338
1.278490
1.184629
1.136039
1.251585
1.368696
1.338615
1.455716
1.684872
1.790935
1.716954
2.159090
2.071260
2.184072
2.071886
2.547999
2.441333
2.605367
2.546965
2.246160
2.506157
2.525504
2.227742
2.331901
2.448025
1.875586
1.861676
2.308092
1.953822
1.987297
2.294925
1.732896
2.214367
2.045859
2.045859
2.130995
1.262988
1.259848
1.308373
1.119300
1.215806
1.422454
1.229297
1.359091
1.160578
1.438614
1.236184
1.393248
1.540185
1.684872
2.107214
1.813422
2.003141
1.854630
2.244334
2.244334
2.210808
2.085760
2.152603
2.254383
2.359564
2.339342
1.941831
1.953015
1.952926
2.356574
2.419744
2.468930
2.510022
2.044852
2.149215
1.862594
2.044852
2.225741
1.730504
2.158797
2.154494
2.349361
2.064078
1.772637
1.657936
1.225554
1.348768
1.433619
1.354766
1.363274
1.287093
1.340975
1.338615
1.339906
1.449371
1.406046
1.693013
1.502772
1.670894
2.217834
1.659476
1.733595
1.529776
1.638830
1.790628
2.028509
1.933486
2.267235
2.155063
2.301040
2.056472
2.386620
2.409687
2.244501
2.133905
2.728488
2.473348
1.944986
2.182537
2.257462
2.468930
2.633707
2.506749
2.612738
2.227742
2.658176
2.185244
2.317024
2.419242
2.111111
2.446291
2.308092
2.490689
2.440164
2.105774
1.991366
1.707346
1.793257
1.283458
1.200003
1.196773
1.347529
1.406863
1.325086
1.270993
1.220282
1.368749
1.422606
1.422606
1.863801
1.852364
2.071260
2.107214
2.231462
1.456359
1.815577
2.164558
2.204910
1.726208
1.904893
1.925919
2.441333
2.672280
2.328340
2.267229
2.338182
2.419427
2.438851
2.308092
2.622556
2.729018
2.506613
1.953822
2.642221
2.401604
2.437412
2.276691
2.384463
1.862594
2.366506
2.064078
2.292684
2.095806
1.810004
2.027411
1.765530
1.913252
1.765530
1.283458
1.248263
1.166649
1.359077
1.340168
1.188631
1.246668
1.319607
1.739844
1.656747
1.560688
1.732674
1.931358
1.745413
1.867260
2.022793
1.867260
2.164558
1.980573
2.351443
2.307865
2.210675
2.292338
1.766017
1.904893
2.292338
2.515760
2.250990
2.162218
2.586210
2.483083
2.001129
1.892680
2.419744
2.160266
2.216948
2.569887
2.569887
2.303047
2.401604
2.490689
1.788385
2.440164
2.356519
1.575874
2.257865
2.404693
1.629828
1.855715
2.296397
2.027411
2.095806
1.325392
1.242782
1.308395
1.166649
1.325140
1.323289
1.273668
1.436104
1.357022
1.542432
1.573235
1.674178
1.527015
1.739844
1.523968
1.435956
1.625706
1.754962
1.638451
1.625706
1.708691
2.351443
1.670198
2.307865
2.392527
1.707655
2.162218
2.214638
2.175999
1.791606
2.670436
2.800448
2.668941
2.898371
2.491821
2.620631
2.341903
2.180393
2.303359
2.420542
2.676897
2.670343
2.534721
2.384463
2.129168
1.957097
1.957097
2.768900
2.534721
1.855715
1.250534
1.463621
1.199829
1.313871
1.368749
1.418494
1.431628
1.608855
1.674178
1.732674
1.548804
1.459701
1.863801
1.852364
1.509633
1.907645
2.270858
2.107214
2.089624
1.988516
2.104348
1.919569
2.280265
2.337195
2.368773
2.518821
2.701578
2.292493
2.798859
2.650584
2.031127
1.822459
2.356574
2.759625
2.670436
2.692986
2.383687
2.767507
2.945070
2.880444
2.216948
2.290614
2.160266
2.077707
2.492917
1.957097
1.629230
2.659127
2.153241
1.855715
1.920606
2.488492
1.765530
1.223358
1.299641
1.217234
1.298384
1.396479
1.097203
1.205472
1.235651
1.346367
1.306646
1.295490
1.283028
1.380835
1.394021
1.502555
1.542432
1.868426
1.556600
1.693013
1.931358
2.270858
2.107214
2.103743
1.708691
1.985625
2.051686
2.201715
1.779058
2.115117
2.182682
2.351443
2.286621
2.407133
2.392527
2.515760
2.214638
2.771317
2.581744
2.790061
2.672333
2.834277
2.311209
2.177546
2.513173
2.450194
2.426440
2.316812
2.691674
1.926304
2.919067
2.555262
2.726979
2.218409
2.780546
2.218409
2.877876
2.420542
2.218907
1.823922
2.329004
2.313395
2.303448
1.920606
2.265706
2.037709
1.217234
1.144448
1.211963
1.154554
1.437513
1.307571
1.207983
1.261076
1.295490
1.503375
1.340842
1.497237
1.681137
1.588127
1.789594
1.615297
1.794506
1.699694
1.844175
1.901685
1.988516
1.649969
1.874073
1.998507
1.859361
2.189811
2.201715
2.164558
2.150942
2.210675
2.337195
1.550817
2.201797
2.171861
2.679703
2.462823
2.207931
2.746121
2.207931
2.356574
2.450194
2.018333
2.665841
2.612738
2.316812
2.815348
3.072094
1.998412
2.814974
2.780546
2.569887
2.197682
2.197682
3.036971
2.779520
2.779520
2.733938
1.720258
2.329004
2.315467
2.303448
2.194815
2.479635
2.070865
2.521684
2.067086
2.428814
2.157062
2.405804
2.144705
2.037709
2.142572
1.471738
1.148004
1.221235
1.262835
1.279672
1.282952
1.332886
1.451975
1.527831
1.730126
2.089624
1.886521
1.923655
1.771729
2.085618
2.138506
1.472503
2.214638
1.805779
2.748931
2.776192
2.840382
2.759625
2.691674
2.038455
1.993544
3.034029
2.898371
2.872451
2.677861
2.602772
2.877876
2.130298
2.136128
2.055502
2.768900
2.035393
2.431191
2.843003
2.653276
2.627695
2.779520
2.733938
1.735545
1.879467
2.834718
2.125237
2.303448
2.734607
2.187992
2.626337
2.196369
2.303448
2.196369
2.324811
2.368836
2.142572
1.232959
1.292303
1.454363
1.562512
1.322212
1.268675
1.382079
1.333480
1.644370
1.644370
1.551798
1.546636
1.681811
1.789594
1.784559
1.693122
1.745856
1.450178
1.450178
1.472929
1.575873
2.201715
1.985625
2.041632
2.260339
2.164957
2.348718
2.160668
2.728983
2.182198
2.848562
2.241190
2.829551
2.861147
2.748931
2.459738
3.034029
2.282577
2.208672
1.911659
2.341903
2.805729
2.689919
2.816643
2.979622
2.422713
2.564585
2.070865
2.834718
2.728806
2.829554
2.559555
2.447653
2.367457
1.378818
1.128486
1.222103
1.344913
1.206946
1.312157
1.312157
1.299987
1.500690
1.396112
1.535161
1.644270
1.485401
1.357022
1.514199
1.551798
1.546636
1.651231
1.573627
1.693122
1.820044
1.868426
1.831882
1.637359
1.472929
1.517560
1.649969
2.138506
2.051686
2.113874
2.110976
2.476980
2.569367
2.160668
2.194713
2.292493
2.513173
2.051025
2.924995
2.038455
2.763304
2.208672
3.230021
2.115541
2.282577
3.170331
3.133368
2.677861
2.321039
2.418736
2.035393
2.979622
1.740030
0.912018
2.952175
2.653059
2.315467
2.083510
2.162755
2.834718
1.967996
2.626337
2.187992
2.207199
2.007879
2.512244
2.100579
1.947506
1.367460
1.439902
1.113891
1.205040
1.475723
1.578968
1.292751
1.270759
1.288701
1.422155
1.381663
1.535161
1.601357
1.576022
1.546636
1.719018
1.905966
1.805252
2.085618
2.138506
2.464174
2.387848
2.495252
2.387848
2.620898
1.726137
2.848562
2.560095
2.693605
2.427909
1.998412
2.074628
2.919067
3.163019
3.163019
1.968009
1.962211
2.946680
2.505714
2.946680
3.390162
3.216707
1.928874
1.995815
2.179763
2.704994
1.895689
1.844976
2.411370
2.834718
2.996596
2.996596
2.455255
2.336846
2.093009
2.132449
1.960761
2.097940
1.843960
1.330251
1.292303
1.534316
1.144634
1.278919
1.335400
1.270759
1.326863
1.330024
1.288701
1.365345
1.313528
1.260436
1.485401
1.275850
1.458578
1.689463
1.527831
1.767254
1.831882
1.905966
2.085618
1.905966
1.319709
1.911727
1.323329
1.400950
2.320142
2.246666
2.327925
2.062430
1.974899
2.566759
2.804185
2.858362
1.964189
2.861147
2.417444
2.194713
2.553225
2.470460
1.967904
2.038455
2.900374
1.953490
1.962211
2.800170
2.841688
2.877876
1.799298
1.921978
2.385887
2.295492
2.136128
2.478403
2.136128
2.356014
2.674911
2.709433
2.417204
2.129357
2.709433
2.709433
2.653276
2.539171
2.756368
2.466379
2.241272
1.898606
2.626369
2.653059
2.023905
1.886913
1.844976
2.236557
1.957073
2.489783
1.951739
2.360137
2.489783
2.080631
2.104978
1.818546
1.981733
1.222089
1.230714
1.220455
1.337021
1.342956
1.421310
1.468807
1.468807
1.395878
1.477310
1.395878
1.229730
1.546637
1.546637
1.422912
1.229730
1.645204
1.740216
1.654694
1.566745
1.789594
1.776306
1.325234
1.905966
1.719018
1.809553
1.809553
1.394922
2.270401
2.113951
2.588674
2.768674
2.045688
2.850324
2.849913
2.900712
2.898466
2.142893
2.696425
2.412262
2.814359
2.748931
2.995539
2.763304
1.934560
3.231949
2.993867
3.218139
3.170331
2.530570
2.530570
2.217236
1.871278
2.912052
2.682620
1.856871
2.056331
2.704994
3.145599
2.039988
2.414096
2.846056
1.884806
2.152873
2.141163
2.728806
3.024748
1.967996
2.629927
2.778094
2.235808
1.981733
1.923853
1.379382
1.368026
1.471654
1.492109
1.467482
1.540322
1.531485
1.699148
1.534593
1.299541
1.243884
1.243884
1.395878
1.395878
1.615258
1.353093
1.645740
1.594533
1.722472
1.201024
1.698618
1.674205
1.834126
1.789594
1.334645
1.221384
1.911727
2.106667
2.314164
2.404625
2.443882
2.512565
2.643767
2.660605
2.142893
1.982992
2.802083
2.802083
2.693605
2.003419
2.002686
3.363248
3.363248
2.687605
3.342242
3.077987
2.448943
2.299643
2.299643
2.677979
2.626369
1.996583
2.138647
2.626337
2.235808
2.052852
2.455255
2.152873
2.257951
2.489783
2.039619
2.192608
1.818546
1.890999
1.839688
1.388962
1.298170
1.443809
1.222103
1.260727
1.233830
1.240857
1.323136
1.374843
1.368355
1.405603
1.290339
1.478388
1.159723
1.468807
1.294388
1.014259
1.366897
1.643905
1.201024
1.461490
1.533270
1.147428
1.568492
1.654694
1.718462
1.722472
1.212663
1.630604
1.789594
1.067696
2.132769
2.106667
1.182704
2.214802
2.230012
2.450042
2.113951
1.897828
2.062430
2.850324
2.714563
1.936710
2.808918
2.781412
2.802083
2.813718
2.136969
2.567038
2.074628
3.043192
3.218139
2.894134
3.043192
3.568312
3.446856
2.356014
3.065185
2.626369
2.410425
3.091534
2.983183
2.896365
2.184802
2.157489
2.111965
2.011482
1.915796
1.853105
1.818546
1.480141
1.480922
1.222103
1.148004
1.318554
1.423085
1.481618
1.478388
1.337227
1.645204
1.637047
1.784559
1.761195
1.737741
2.132769
2.256999
2.409812
2.314164
2.116977
2.715632
2.904845
2.990435
2.758640
2.626459
1.967904
1.945899
2.249775
3.312431
3.402937
3.187557
2.945897
2.950080
1.921978
1.834558
3.467869
3.187557
3.342242
3.254466
3.197577
2.912052
3.085716
2.682620
2.056331
1.993762
2.950248
2.210132
2.777195
2.809375
2.536640
2.628073
2.448943
2.898295
2.516665
2.777195
2.513654
2.556100
3.180033
3.180033
2.707551
2.996596
3.024748
2.610283
2.610225
2.214992
2.389862
2.610225
2.192608
1.793108
1.220837
1.274496
1.659847
1.668248
1.535135
1.529982
1.419694
1.531074
1.444547
1.047654
1.028241
1.461490
1.781495
1.781495
1.568492
1.726916
1.645740
1.683266
1.712427
2.013653
1.109613
2.344316
2.305942
2.365576
2.007964
2.131250
2.131250
2.450533
2.463271
2.512565
2.660605
1.526078
2.780928
2.031886
2.031886
2.716312
2.503182
2.924995
1.917080
3.621251
3.409534
3.526965
3.390162
3.197577
2.964857
3.154341
2.950248
3.091534
2.343154
2.013039
3.128605
3.180033
2.011482
1.872928
1.711189
1.207680
1.390665
1.459092
1.564184
1.225706
1.111161
1.600684
1.659847
1.714688
1.323136
1.481618
1.076840
1.187979
1.405603
1.475208
1.563447
1.712382
1.802230
1.832085
1.815670
1.832085
1.908561
2.220412
2.131250
2.512565
2.643767
1.991098
2.007964
1.544249
2.904845
2.282741
2.754048
2.781412
2.867835
2.861391
2.802083
2.800766
2.754048
3.063399
3.166434
3.084354
3.281947
1.975908
3.568312
1.993762
3.498698
3.275393
2.513654
2.170356
3.243794
2.905326
2.905326
2.886569
2.543873
2.663473
2.234860
1.839688
1.793108
1.318545
1.341415
1.213458
1.208197
1.492457
1.225706
1.102330
1.174487
1.570002
1.335023
1.748397
1.537311
1.287398
1.404778
1.357362
1.258936
1.548680
1.423085
0.891196
1.419010
1.656859
1.716998
1.716237
1.716237
1.821912
2.097760
1.911841
2.237589
2.237589
2.350543
2.323096
2.256359
2.220412
2.365576
2.089208
1.164778
1.256365
2.637066
2.799516
1.942366
2.888361
2.795470
2.813718
1.732906
2.236461
1.795133
1.863721
2.282741
2.963975
1.944725
3.188824
3.467358
3.446856
3.090568
3.326094
3.326094
1.988389
2.203179
1.830801
1.830801
3.240961
3.379857
3.519625
3.375353
2.983183
2.912277
2.393712
3.044563
2.859613
2.671486
2.511299
2.663473
2.308492
2.308492
2.011482
2.256591
2.126498
1.920809
2.089243
1.839688
1.811858
1.853105
1.285838
1.285838
1.220837
1.208197
1.703745
1.824299
1.699148
1.564654
1.418604
1.340676
1.380525
1.374711
1.380525
1.481750
1.303919
1.419694
1.158844
1.387890
1.447946
1.528125
1.774020
1.768314
1.831010
2.323096
2.348197
2.350790
2.348197
2.359107
2.348197
2.321217
2.404357
2.225650
2.365576
2.512565
1.139744
2.506348
2.512565
1.304964
1.383379
2.660605
2.799516
2.888361
2.904845
2.829253
3.084354
2.850510
2.828207
2.877694
2.835428
3.084354
2.013520
1.917080
1.949761
3.467358
3.446856
3.568312
1.922676
2.122453
2.950248
3.240961
2.481671
2.122453
3.207768
2.802689
3.275393
3.275393
2.095758
3.135828
2.983183
2.182590
1.896474
1.934256
3.243794
3.258363
2.633742
2.633742
2.045734
3.005012
2.138259
2.849372
2.662006
2.660490
2.185357
2.627459
2.130698
1.694119
2.079928
1.806465
1.793108
1.747761
1.372012
1.545706
1.590898
1.741273
1.832520
1.536975
1.726458
1.481750
1.412096
1.431673
1.604583
1.057728
2.316957
2.372739
2.391237
2.365576
2.020690
2.036499
1.972594
1.972594
2.829253
2.778345
2.828207
2.889727
3.084354
1.949761
3.475194
3.429858
2.026878
3.563666
3.410076
3.394488
2.106791
2.285376
2.317843
2.551409
2.011482
2.255620
2.344190
1.902866
1.747761
1.341415
1.123664
1.150824
1.558543
1.172423
1.535771
1.741273
1.832520
1.824299
1.818519
1.418604
1.425051
1.704862
1.748397
1.564654
1.564654
1.418604
1.397689
1.311073
1.404778
1.209282
1.405918
0.979290
1.647626
1.781495
0.895658
1.742699
1.911763
1.831010
2.020690
1.837739
1.027648
1.929821
1.929821
2.036877
2.615962
2.587892
2.888308
2.891435
2.843229
2.128695
1.921329
1.905694
1.820582
3.153129
3.602225
1.924672
3.379857
3.415210
3.342242
1.876797
2.100854
2.122453
2.692827
2.250653
2.460095
3.410076
2.752324
1.863502
2.250653
2.006808
3.217171
3.377770
2.376059
3.044563
2.189858
2.132009
2.864421
2.252298
2.126498
2.065650
1.559628
1.464596
1.824299
1.369612
1.818519
1.359381
1.832520
1.792333
1.792333
1.525615
1.569644
1.181057
1.238096
1.316011
1.323017
1.341031
1.002971
1.257379
0.853813
1.394585
0.942229
1.339297
1.338686
1.684498
1.753778
1.604583
1.742699
1.774020
1.726916
1.774020
1.722472
1.856768
0.901276
1.799778
0.913804
1.003182
1.385859
2.835611
2.640441
2.867768
2.385661
2.835611
2.891435
2.998674
2.118800
2.263526
3.240961
3.433596
2.562496
2.199454
2.497088
1.748047
2.626986
2.626986
3.258363
3.044563
3.125006
2.214718
2.316014
3.224432
2.303027
2.317843
2.391172
3.015922
2.620044
2.234860
2.500149
2.252298
1.807698
1.837810
1.811858
1.679075
1.806465
1.886347
1.978075
1.166186
1.405778
1.213458
1.446666
1.291726
1.560550
1.560550
1.818519
1.704862
1.547325
1.481750
1.538303
1.525615
1.606199
1.285655
1.316011
1.366671
1.474720
0.805545
0.794129
0.912461
1.527502
0.760182
1.879184
0.893711
1.872699
1.819688
1.817681
1.879184
1.738945
1.768268
2.176978
2.368304
2.130993
2.161997
2.819498
2.948023
2.065618
1.984486
1.984486
1.905694
1.945876
3.319842
3.491842
3.535119
2.767285
2.154917
2.460095
2.724408
1.929896
3.510556
3.044563
2.671486
2.746299
2.863447
2.425813
2.246396
1.773379
1.773379
1.262962
1.273593
1.102432
1.073911
1.548621
1.506087
1.583539
1.194264
1.704862
1.560550
1.311073
1.345072
1.606199
1.792333
1.386799
0.898895
1.384437
1.439345
1.481430
1.684498
1.855794
1.911763
0.950131
0.848862
0.960409
1.996252
2.033096
2.035396
1.157475
1.195731
2.367969
1.807904
2.953928
2.947606
2.172861
2.053317
1.807904
2.843229
2.953928
3.153129
1.837589
3.153129
1.837589
3.369361
1.876797
2.091756
3.275393
2.877064
2.912277
3.275393
2.877064
2.774699
2.070061
1.933228
3.544244
2.034185
3.227861
3.123956
2.747057
2.303027
2.237956
2.237956
2.876463
3.033419
2.808318
2.108563
2.102715
1.150902
1.247279
1.249308
1.699320
1.579710
1.400850
1.329731
1.320218
1.396768
1.083460
1.368770
1.474644
0.834813
1.563824
1.879255
1.872699
1.989171
1.989171
1.942336
2.049745
2.409204
2.888308
2.690134
1.693936
1.996904
2.959251
1.955583
3.153129
1.810431
1.917954
3.475194
3.475194
3.535119
3.427931
3.427931
3.427931
2.251318
3.433596
1.933228
2.894284
3.594552
1.772276
3.478104
3.389975
3.389975
3.005012
3.273257
2.340144
2.602157
2.390764
1.297038
1.414501
1.238474
1.477464
1.348552
1.400850
1.359363
1.558936
1.558936
1.733831
1.733831
1.413849
0.683362
1.519940
1.509856
1.879255
1.911357
1.808969
1.027648
2.003088
2.819498
2.240808
1.984486
1.897063
2.058155
2.089056
2.206260
2.692827
2.330761
3.582836
3.510556
3.473036
2.423391
2.242179
2.196766
2.747057
3.151123
3.021436
2.953340
2.318124
2.399276
2.318124
2.456374
2.399276
2.273827
2.500149
2.074900
2.012133
1.878198
1.807698
1.655021
1.573152
1.799588
1.099104
1.251475
1.102432
1.120369
1.168561
1.540862
1.579710
1.452426
1.285655
1.372631
1.686356
1.989171
1.752956
0.869852
0.869852
1.992051
2.072681
0.936372
2.058323
2.225389
2.783445
2.572160
2.867768
2.899594
2.850074
2.944203
2.887462
2.959189
1.725014
1.922245
1.921329
1.840939
1.831671
2.171186
2.576092
3.532443
2.023303
2.100297
3.594552
3.510556
1.938968
2.626986
3.473036
3.434135
2.433147
3.377686
2.861138
3.482135
2.611860
2.800929
3.021436
2.494205
2.300558
2.344796
2.927487
2.975097
2.602157
2.563958
2.722446
2.273827
2.390764
1.878198
2.012133
2.169420
2.231328
1.851641
1.838625
1.167949
1.659185
1.708176
1.763378
1.708176
1.430700
1.441607
0.934548
1.007182
1.370829
1.496691
1.356402
1.357104
1.357104
1.378608
0.931085
1.461146
1.494201
1.397675
1.926205
1.989171
1.888332
1.918203
1.863788
2.116040
1.940267
1.011353
0.972947
2.049745
2.475411
2.070873
2.423776
2.711619
2.783445
2.934377
2.948023
2.959189
2.009089
1.830540
1.883619
2.005910
1.872457
1.970471
2.140148
2.194477
3.648610
3.649886
3.603579
3.528543
3.582836
2.761840
3.235564
2.761840
3.561259
3.175562
2.168365
2.152751
2.326318
1.717111
1.655021
1.912002
1.844497
1.544704
1.763378
1.483781
1.648291
1.483781
1.156601
1.411943
1.384207
1.393648
1.368770
1.558936
1.558936
1.443039
1.369352
1.386112
1.413849
1.445407
0.898895
0.794801
0.711904
1.786799
1.786799
1.686356
1.993934
1.942336
1.846737
1.882692
2.384613
2.209913
2.169933
2.392029
2.326852
2.345873
2.658405
2.711619
2.717288
2.867189
2.404994
2.959189
2.643517
2.860084
2.739688
1.995081
3.550067
1.905106
3.011495
2.774699
1.836625
1.922578
3.554763
2.168965
2.319506
3.005677
2.561805
2.207589
2.204923
2.668226
2.494205
3.160776
2.404474
2.228380
2.186567
2.348396
2.042712
2.260492
1.655021
1.679519
1.041777
1.417569
1.412834
1.588852
1.740508
1.763378
1.648291
1.566846
1.345072
1.381063
1.440659
1.626231
2.000085
0.913651
2.100196
2.357268
2.124136
2.423776
2.711619
1.948399
2.807430
1.898256
2.219895
2.381293
2.759050
2.356804
2.216677
2.144520
3.303905
1.732259
1.820844
3.529153
3.531838
2.656442
2.656442
3.268212
3.349246
2.831466
2.680229
2.157962
2.659735
2.010540
2.219497
1.851641
1.041777
1.208532
1.167949
1.810112
1.564557
1.675947
1.726346
1.740508
1.644916
1.496775
1.357636
1.683727
1.462061
1.856224
1.007272
2.169870
2.553882
2.588778
2.109733
2.091011
2.418613
2.944203
1.903396
1.820704
1.646558
1.998557
2.401911
3.414263
2.324883
2.215036
3.355684
2.638745
2.645252
2.216465
2.437309
2.091184
3.536415
1.673596
1.836625
1.737905
3.458812
2.437309
2.524393
3.541073
3.599901
2.340144
3.175562
3.065533
3.397504
3.397504
3.065533
2.693201
2.334446
3.157330
2.848255
3.021436
2.948824
3.277116
2.286932
2.348396
2.219497
1.951956
1.967142
1.584589
1.482885
1.127411
1.684189
1.740508
1.724388
1.551274
1.763378
1.637685
1.253608
1.232471
1.060226
1.381063
1.357104
1.456220
1.491213
1.582728
2.012241
2.000085
2.012241
1.911357
1.977862
2.024338
2.363107
2.078916
2.348409
2.433709
2.253010
2.237876
2.433709
2.594400
2.959189
2.944203
1.903396
2.585486
1.722068
1.673978
1.840939
2.019855
2.873877
3.482731
3.543393
3.404333
2.873877
2.638745
2.774699
2.554222
3.503242
3.352896
3.491542
1.836625
1.860772
3.411229
3.422589
3.599901
3.369080
3.549116
2.662413
2.662413
3.349333
3.548822
3.230262
2.861138
3.343370
2.668065
2.675093
2.040289
2.848255
2.751221
1.992614
2.326318
1.863443
2.106574
2.185754
1.703256
2.065356
1.703256
1.407732
1.556507
1.247523
1.554381
1.854219
1.760030
1.616107
1.637685
1.637125
1.475863
1.411943
1.431695
1.442825
1.488004
1.639531
1.550864
1.597426
1.993934
1.912650
2.148860
2.318387
2.299032
2.423776
2.376440
2.782094
2.379031
1.525908
2.691661
2.544290
2.110446
3.222869
3.222869
2.216465
2.044137
2.044137
2.238963
3.085145
3.260066
2.434232
3.268956
3.411229
3.459618
3.534838
3.345981
3.489347
2.650692
3.297074
3.268212
2.967617
2.426366
3.482135
1.994568
2.563958
1.863443
1.994568
1.898119
1.898119
2.269637
2.179472
1.899048
1.677469
1.679519
1.256081
1.111474
1.412578
1.200197
1.694078
1.879056
1.702359
1.965336
1.965336
1.493807
1.364404
1.498661
1.778515
1.637125
1.430898
1.431695
1.351741
1.544885
1.717549
1.705156
1.953695
2.145987
1.852557
2.437367
2.312083
2.330137
2.552036
0.921928
0.890432
2.348409
2.534949
2.376440
2.353392
1.463104
1.570457
2.534949
2.534949
2.544290
2.402078
2.887462
1.765915
3.057657
2.141981
1.985409
3.035578
2.365360
2.300584
1.860772
3.566818
3.431264
1.646396
1.774587
3.522161
3.397504
3.397504
3.372735
2.328189
2.005258
2.693201
1.889991
3.160776
3.204442
2.098157
2.119060
1.992614
2.135158
2.348396
2.451240
1.669863
2.106175
1.524283
1.589841
1.196826
1.149116
1.489898
1.443781
1.127102
1.146345
2.005480
1.761793
1.627489
1.694078
1.551274
1.670473
1.782415
1.577174
1.779902
0.977029
0.918998
1.396647
1.770039
1.898618
1.835498
1.917507
1.825614
1.968543
2.185818
2.160639
2.183867
2.176158
2.277578
0.890432
2.324549
2.381563
0.890432
2.223704
2.254712
2.245307
2.239048
2.534949
2.549031
3.057657
2.909238
2.568134
1.881958
1.855588
2.448283
2.672057
2.695662
1.792010
1.855588
3.085145
2.334700
3.268956
3.226344
3.383521
3.242056
1.663475
3.566544
2.332809
3.392078
3.638046
3.626716
3.190881
2.937069
2.529664
2.531691
3.030442
3.204442
2.523823
1.817555
2.455731
2.599631
1.686737
1.702762
1.202900
1.185304
1.259647
1.717628
1.694078
1.651835
1.626006
1.624616
1.368904
1.779902
1.790997
1.939355
2.032497
1.533366
1.527753
1.561813
1.704474
1.637125
1.684736
1.963345
2.275004
2.275004
2.420175
2.318387
2.427489
2.299032
2.176158
2.258571
2.366542
2.176158
2.252094
2.136054
1.193797
2.119900
2.680021
2.782094
2.733951
2.992150
1.992446
2.203325
2.434232
2.695662
2.695662
1.992446
2.852860
1.670348
3.458617
3.431264
3.191080
3.405274
3.552355
3.277184
3.396424
3.363330
1.607009
3.567934
3.548822
3.237683
3.237683
3.190881
3.163233
2.679252
1.733101
2.659735
2.948824
2.098157
2.577656
2.599631
1.154652
1.107318
1.603463
1.899310
1.598435
1.593259
1.497361
1.717628
1.593428
1.344510
1.019495
0.942870
1.664070
1.626179
1.861255
1.861194
1.963345
1.966342
1.928663
1.884829
1.958976
1.922159
2.343186
2.158619
2.462974
2.136054
0.819471
1.196471
1.798127
1.982662
1.820704
2.568134
3.164955
1.707429
2.851092
1.645270
2.942194
3.345981
2.492648
1.723364
1.576538
3.518057
3.342791
3.396424
1.732259
2.722459
1.788844
1.888556
3.277116
2.991148
3.204442
2.393136
1.829694
1.751499
1.681745
1.585960
1.104033
1.321152
1.051716
1.371526
1.727739
1.354041
1.524935
1.626006
1.660586
1.593259
2.073301
1.593259
1.430936
1.426432
2.158005
2.158005
2.016764
2.108949
2.207802
2.119277
1.789791
0.942870
1.554677
1.562612
1.474189
1.966342
1.978954
2.275004
2.041438
2.041438
2.428651
2.410412
2.131624
2.410412
2.336441
2.370735
2.359806
2.294627
2.393655
2.301566
1.041198
0.922174
1.985524
2.109733
2.119900
2.581028
2.644072
2.691661
2.268822
2.555414
1.601748
2.568134
2.654166
2.650479
3.152487
1.623404
3.387138
3.181953
1.476801
1.564290
3.396424
1.663475
3.169482
3.463377
3.522161
3.349333
2.338555
2.009415
2.496346
2.679252
1.640157
2.679252
2.695758
2.669488
1.562955
2.289993
1.522198
1.522198
1.985466
1.482885
1.021660
1.603463
1.446239
1.510117
1.932558
1.628083
1.899310
1.839761
1.552502
1.789791
1.939355
1.396647
1.539856
1.641479
1.691339
1.798591
1.861255
1.844480
1.963039
2.266090
2.508399
2.343186
2.327213
2.450258
2.136015
0.922174
2.136054
2.050743
2.245307
2.733951
2.402078
1.855836
1.576059
2.669355
1.799864
2.372467
2.581598
2.398182
2.555246
1.985409
2.639000
2.865573
1.649237
3.209664
2.205741
2.960057
2.569159
1.820688
3.273432
1.819800
3.285986
3.416248
3.416248
2.506589
2.945865
3.416248
3.416248
2.529070
3.383708
3.503927
3.402288
1.678902
3.482135
2.092288
3.246868
3.246868
1.733101
1.892053
2.669488
2.171988
1.791294
1.522198
2.068377
1.804026
1.206116
1.509041
1.131308
1.185304
1.617686
1.468427
1.702664
1.756965
1.926704
1.441886
2.108949
1.873953
1.873953
2.043070
2.212744
1.470098
1.469527
1.505976
2.184108
1.939355
1.939355
1.443189
1.539856
1.523786
1.651723
1.797017
1.936025
2.077375
2.275861
2.219392
2.014893
1.894637
2.071641
2.293936
2.130469
2.197918
2.461544
2.327213
2.324549
0.976153
1.075797
2.239048
2.644072
2.387447
2.255975
2.353392
2.383571
2.372467
2.132095
1.707429
2.851092
2.456619
1.559924
2.772737
3.387138
1.596156
1.596156
3.567934
3.567934
2.761783
3.246868
3.481030
2.295606
2.995471
2.633883
3.246868
2.763337
1.950397
1.911868
1.685663
2.368633
1.478516
1.686737
2.308304
2.075392
1.446187
1.762349
1.926704
2.104482
2.212744
1.533366
1.214780
1.530540
1.538046
1.585367
1.686316
1.707586
1.641479
1.641479
1.681482
1.812700
1.762262
1.915084
1.992450
1.936025
1.825094
2.331742
2.368508
2.294611
2.283817
2.175458
2.286316
2.004800
0.976153
2.148860
2.581028
2.470369
2.607261
1.789150
2.790477
3.297432
2.665660
2.665660
3.396424
3.416248
2.945865
3.370656
3.503927
2.580603
2.695578
2.544982
3.018820
3.402288
3.503927
3.089803
1.697771
1.796383
2.928419
2.679252
1.640157
2.908219
2.908219
2.908219
2.368633
1.643339
1.717756
1.793614
1.680960
1.052881
1.206116
1.164321
1.427426
1.579035
1.617686
1.304947
1.756965
1.617686
1.873953
1.440431
1.529277
1.913702
1.503035
2.104482
1.641880
1.703028
1.570266
1.915084
1.927692
2.173251
1.936025
2.073483
2.317334
2.187258
2.363996
2.293936
2.364810
2.364810
2.400921
2.414523
0.865684
1.857801
2.245307
2.581028
1.227834
2.766032
2.268822
2.006095
2.224111
3.081841
1.819800
1.582767
3.171076
3.312702
1.848205
1.738375
2.986676
3.237683
2.924482
2.986676
2.928419
1.562955
1.842931
1.929952
1.715290
1.052881
1.275368
1.340301
1.869460
1.873953
1.730370
1.422184
1.869460
1.549603
1.465820
1.111219
1.793343
1.731611
2.048120
2.048120
2.010028
1.823836
2.105604
2.069200
2.266090
2.259093
2.348880
2.090956
2.075824
2.151819
2.387447
2.456852
2.456852
2.138752
2.772551
2.324345
2.163398
1.921358
2.398182
2.398182
2.591799
1.649237
3.171076
2.650479
2.035776
2.665660
2.568853
2.769767
2.757515
2.480080
2.777345
2.580603
3.159870
2.438179
2.633883
2.763337
1.918717
1.889754
1.478516
1.433954
1.617927
1.479360
1.479360
1.806895
1.541324
0.999467
1.173001
1.617578
1.341741
1.549428
1.489643
1.665210
1.868848
2.020401
2.019028
2.019474
1.922159
2.283412
1.932518
2.185753
2.444949
2.404622
2.461784
2.406722
2.345592
2.410223
2.060553
2.136132
2.147628
1.046849
2.227897
2.245238
2.470369
1.846927
1.467777
1.483248
1.784796
3.011693
3.273432
2.267096
2.772613
2.313964
2.593058
2.372975
2.568853
2.802344
2.698199
1.814803
1.426938
1.665599
1.510272
0.947924
1.070772
0.959472
1.345864
1.304985
1.732900
1.677752
1.607986
1.852196
1.667116
1.755382
1.948234
1.825453
1.839093
1.944811
2.020611
2.243679
2.097299
2.345592
2.266398
2.261247
2.392001
2.381026
2.356498
2.326848
2.278840
2.074430
1.247368
1.066464
2.461667
2.555883
2.006095
1.819342
1.770267
1.699823
2.941983
2.865573
3.011693
2.240293
3.171076
2.309339
2.224597
2.313964
2.186410
2.309339
2.240293
1.671466
2.495837
2.439846
2.439846
1.824380
1.955097
1.578976
1.725326
1.586065
1.652622
2.688112
2.688112
2.667443
2.802344
2.079353
2.094619
1.778127
2.355198
2.886128
2.558881
1.892053
1.788649
2.009415
1.855391
1.896065
1.873652
1.704867
1.349884
1.418138
1.654686
1.596942
1.038319
1.443386
1.483098
1.483098
1.220298
1.246685
1.179338
1.462041
1.538046
2.057867
1.934177
1.760880
1.886654
1.934177
2.105890
2.105890
2.307689
2.384375
2.312825
2.207737
2.093944
2.004640
2.010482
0.958990
0.801259
2.185273
2.339611
2.348480
2.555883
2.601760
2.138752
2.585237
1.721872
1.724374
2.116193
2.224597
1.921358
1.699780
2.824941
2.765019
2.958385
2.954751
2.180324
2.560527
2.558881
1.842931
0.936034
1.340367
1.308675
1.517065
1.374473
1.626641
1.484456
1.741219
1.426776
1.825084
1.948234
1.628240
2.133381
2.095916
2.048120
2.020401
2.362242
2.023632
2.456846
2.277313
2.456852
2.138752
2.006095
1.449925
2.036280
2.014136
2.414339
1.824380
2.499171
1.681481
2.744785
2.779180
2.575819
2.575819
2.987373
2.964176
1.711040
2.497865
2.322958
2.351758
1.669965
1.646516
1.539351
1.444109
1.900795
1.263978
1.700962
1.393323
1.498109
1.274044
1.634794
1.634794
1.323124
1.450572
1.430256
1.590012
1.798444
1.825453
1.852196
1.922257
1.873483
1.843261
1.803600
1.837755
1.899222
2.215680
2.356112
2.326848
2.149235
2.065657
0.856444
1.066464
2.138752
2.324345
2.585237
2.941983
1.629411
1.669333
2.328455
1.853278
1.853278
2.539884
1.853278
2.744785
2.539884
1.640675
1.652622
2.779180
3.068167
2.471620
2.964176
2.964176
2.743412
2.055682
2.254367
2.029603
2.355198
1.670694
2.512214
2.512214
1.889754
1.858840
0.913503
1.184020
0.913503
1.326448
1.013395
1.498109
1.484456
1.149790
1.340960
1.419181
1.317170
1.591335
1.161118
1.284403
1.672354
1.940610
1.891909
1.673135
1.699078
2.057867
2.076312
2.198381
2.170465
2.224861
2.275200
2.359735
2.336521
2.280572
2.227897
2.407036
1.231684
1.909750
1.855628
1.889174
2.012099
1.589234
2.241327
2.163627
2.779180
2.611465
2.526697
1.855571
2.558881
1.670694
2.512214
2.322958
1.754401
1.702727
1.702727
1.367537
1.151696
1.317566
1.484456
1.322907
1.394235
1.087945
1.723849
1.723849
1.863876
1.936034
1.948234
1.959881
2.133471
2.034712
2.094975
2.215680
2.091091
2.231335
2.341691
2.049732
2.201798
2.185273
1.225657
2.456846
1.413623
1.720980
1.579128
2.344910
2.687738
2.687738
2.626359
2.740810
2.764810
1.853278
2.746405
2.657448
2.601763
2.688112
3.068167
2.688112
2.964176
2.301268
2.558881
1.969977
2.322958
1.561452
1.814368
1.717756
1.645851
1.625339
1.335755
0.826780
1.340367
1.166098
1.121090
1.333499
1.341741
1.340960
1.468867
1.499230
1.343825
1.393325
2.092467
2.034712
1.829044
2.125878
2.290349
2.230869
2.065657
2.063549
0.958990
0.923431
2.271227
1.098061
1.007061
2.456846
2.429417
2.429417
1.317941
1.747184
2.764810
2.764810
1.774078
2.635874
2.547576
2.866773
1.639714
1.711040
2.391855
2.370817
1.623759
1.624258
2.322958
1.718171
1.600437
1.745791
1.539915
2.117165
2.183407
2.150918
1.320687
1.312085
0.978281
1.286641
1.292149
1.261457
1.325522
1.205599
1.205599
1.397115
1.334285
1.693696
0.995244
2.098148
1.821242
1.835648
2.094966
2.096678
2.164670
2.140357
2.293459
2.293459
0.996081
0.923431
2.154798
1.909750
1.410066
1.515784
2.060952
1.732007
2.371469
2.626359
1.879089
2.626359
2.535642
2.313869
2.715117
2.344910
1.648156
2.535642
2.908514
2.929399
1.680756
1.540893
2.782015
2.929399
2.526697
1.574073
2.391855
2.209489
2.209489
1.624258
1.570904
2.183407
2.150918
1.586504
1.722197
0.826780
0.928231
1.273248
1.241753
1.301169
1.241478
1.440699
1.479415
1.376057
1.584985
1.863876
0.821247
1.765864
0.676895
1.804385
2.113794
2.096678
2.040795
1.899222
2.020611
2.253143
2.284924
2.307818
2.010550
2.002701
0.840500
0.693573
0.748581
2.135731
0.845060
2.492701
1.572621
1.959095
1.740201
1.733536
2.060952
2.208863
1.790331
2.371469
2.409616
1.892233
1.929067
2.313869
2.701843
2.872621
1.664080
2.211612
2.691787
2.532067
2.463698
2.301268
1.997215
2.301268
1.623759
1.491626
1.808952
1.782177
2.199131
1.634495
1.786723
1.978719
1.422657
2.117165
1.634495
1.717353
1.896155
1.722197
1.744313
1.514387
1.576762
1.354095
1.004167
0.965592
1.110034
1.137504
1.263179
1.375292
1.753359
0.755987
1.937869
2.128761
2.128761
2.128761
2.081937
2.208315
2.039769
2.371875
2.416918
2.113527
2.243353
0.840500
0.942226
2.520555
2.418936
2.492701
2.492701
2.595525
1.154577
1.169368
1.549139
1.940800
1.733536
1.586182
2.491763
1.678011
1.716697
1.784636
1.879089
2.626359
2.353681
2.617558
2.744958
1.587209
1.852476
1.879348
2.377097
2.198551
2.274702
1.879348
2.391855
1.624258
2.370817
1.885216
2.388244
1.729131
2.090762
1.590422
2.019347
2.195473
2.350241
1.475726
2.195473
1.949054
1.367537
1.493002
1.763280
1.586504
1.945032
1.687877
1.367537
1.717353
1.520966
0.800036
1.273248
1.084685
1.349106
1.375292
1.349106
1.304213
1.355271
1.989871
1.855492
1.855610
1.877466
1.989871
1.497636
1.210395
1.903863
1.842821
1.936034
1.676563
0.676895
1.743094
1.764881
2.109718
1.907995
2.063004
2.296868
2.072175
2.284097
2.306582
2.317733
2.429417
2.496336
1.981706
1.966943
1.390360
1.622747
2.178446
1.654419
1.571676
2.128270
2.318302
1.957329
2.491763
2.378553
2.129104
2.249501
1.819835
1.796184
2.484418
1.796184
2.265834
1.796184
1.796184
2.265834
1.750540
2.557477
2.691787
2.391855
1.574073
1.743890
1.772035
1.931382
1.772035
1.659349
1.787346
2.322958
1.490058
1.991941
1.936352
1.754548
1.705878
1.558785
1.763280
1.367944
0.939583
0.857575
1.232041
1.215525
1.329512
1.169880
1.282196
1.668187
1.650126
1.650509
1.842821
1.770893
1.767351
2.122355
2.110950
1.904611
2.115263
2.118876
2.083115
2.069724
2.240808
2.171054
2.373268
2.330170
2.268864
2.038527
2.091003
2.468053
2.520555
1.154577
1.880835
1.737671
1.659095
1.659095
2.348165
2.026634
2.175253
2.491763
1.885300
2.542016
2.265274
2.103228
2.727829
2.493936
1.680756
2.100362
1.860044
1.728961
1.625411
1.623763
1.772035
1.977861
2.128028
1.740729
2.090762
1.991941
1.610084
1.610084
1.498968
1.431037
1.431037
1.687877
1.340152
0.970201
1.347680
1.319904
1.303062
1.306779
1.397115
1.764621
1.650126
1.564863
1.628772
1.650509
1.703685
1.849929
1.768850
1.858302
2.127986
1.842873
1.815931
1.885110
1.866782
2.098148
1.882016
1.931706
2.271132
2.171454
2.315150
2.317082
2.235354
2.269950
2.286669
2.342919
2.361475
2.311388
2.284097
2.229589
2.437028
2.145878
2.029688
2.511931
1.007061
2.275239
2.455349
1.620015
1.678615
1.678615
1.801267
2.178446
1.682246
2.063587
2.318302
1.949771
1.799670
2.239806
2.378553
2.724392
2.727829
1.970062
1.590422
1.760819
1.865312
0.877578
0.933643
1.107701
0.984084
1.169876
1.256795
1.256795
1.344815
1.704113
1.496017
1.412607
1.397769
1.329512
1.659039
1.496017
1.763022
1.796193
1.584985
1.475948
1.554600
1.584985
1.889676
2.102497
2.244390
2.271127
2.073505
2.314449
2.320684
2.373268
2.430163
2.195796
2.477751
2.241615
2.280538
0.984092
2.389255
1.997731
1.998176
2.525746
1.714516
1.613363
1.718161
1.766495
2.063587
1.967671
1.919818
2.159654
2.239806
2.130735
2.130735
2.239806
2.239806
2.222821
2.371469
2.310812
1.942135
1.786067
2.407438
2.274702
1.977861
1.590823
1.740729
1.978719
1.473321
1.645489
0.875226
0.839825
0.887728
1.051947
1.324201
0.938973
1.113458
1.395539
1.457149
1.240396
1.241753
1.552959
1.534539
1.704113
1.764621
1.377190
1.563537
1.841327
1.893347
1.756301
1.927667
1.865991
2.004061
1.169363
1.146899
1.763589
1.670691
1.003612
0.968662
0.702659
0.769057
0.758217
2.127986
2.105892
2.232045
2.327651
2.272809
2.318529
2.038527
2.030097
2.374597
2.296718
1.513971
1.613363
1.534663
1.766495
2.091719
2.130735
2.394598
1.808291
1.752211
1.919153
2.693960
2.443460
1.607943
1.707415
1.473647
2.184150
1.372030
1.864584
1.593787
1.648554
0.877578
0.890861
0.891977
0.841812
0.782932
1.046631
1.033725
1.338201
1.547796
1.566333
1.796193
1.552959
1.456407
1.796193
1.674400
1.927667
1.628772
1.990045
1.990045
1.211122
1.081559
0.975243
1.554600
0.758217
2.110714
2.127986
0.606628
2.022519
1.817495
2.351956
2.188288
2.305083
2.305083
2.304521
2.344825
2.268864
2.137888
2.066132
2.475253
2.477751
2.189012
0.942226
0.747752
2.511931
1.262999
2.063587
2.159654
1.732449
2.013270
2.361397
2.152254
2.431083
2.431083
1.446703
1.538893
2.407438
1.626989
1.776126
1.639123
1.755493
1.722581
1.787861
0.877578
1.190622
1.377845
1.169880
1.540971
1.294665
1.804940
0.639924
0.639924
1.827969
2.110848
2.271132
2.294069
2.320684
2.099496
2.430163
2.351600
2.385162
2.434297
1.045049
0.915526
1.045049
1.347522
1.633565
1.557743
1.799674
1.749563
1.810530
2.093035
2.229750
1.919818
2.013270
2.121425
2.276467
1.897263
1.711322
1.556170
1.610762
2.486220
2.486220
1.671983
2.407438
2.069656
1.476145
1.419480
1.597611
1.485911
0.958957
0.958957
0.985775
0.904728
0.839825
0.961204
0.843215
1.010800
1.558153
1.501026
1.226598
1.675449
1.297600
1.535034
0.935882
0.968662
1.657991
1.783710
2.188880
2.156165
2.241105
2.089699
2.199755
1.946295
1.964363
2.312568
2.228810
2.289008
2.354290
2.223919
2.361475
2.058674
2.177446
2.289834
1.523350
1.652026
1.675373
1.618229
1.947652
1.744448
1.649235
1.651544
2.202513
2.394598
1.844149
1.800244
1.472765
1.445331
1.419480
1.485911
1.037185
0.931544
1.198522
0.930343
1.175574
0.930343
1.048861
1.224945
1.010800
1.079966
1.465572
1.340417
1.340417
1.501026
1.628772
1.712745
1.707050
1.382103
1.759924
2.122362
2.082144
2.232745
1.946295
2.228810
2.290659
2.332282
2.479734
2.479734
2.197272
2.246694
1.905660
0.939243
2.525746
2.478498
1.583679
1.780925
1.680102
1.744448
1.535399
2.203613
1.379402
1.525010
2.080967
1.955613
1.305291
1.583061
1.591741
1.419480
1.514404
1.025486
1.156371
1.665990
1.566333
1.340417
1.662724
1.787689
1.867276
1.926054
1.532731
1.658284
2.148896
2.130175
1.862400
2.262658
2.229315
2.129082
2.020614
2.331959
2.340150
2.302492
2.323797
2.302492
2.179898
2.009160
2.423287
2.518710
2.426517
2.515069
2.397326
2.468198
2.006613
1.997079
1.498470
2.121425
2.203613
2.121425
2.202513
1.538893
1.750860
1.917802
1.472765
1.760819
1.364588
1.163307
1.104039
1.318356
1.377845
1.501026
1.519125
1.250226
1.066723
1.219748
1.787689
1.607229
1.791409
0.980436
1.766258
1.649016
2.066768
0.884618
2.072560
0.665153
2.178276
2.359856
2.395974
2.395974
2.115137
2.269997
2.027912
2.481055
2.473245
0.939243
1.084110
0.963244
1.359197
1.749563
1.819550
1.575143
1.962902
2.152316
1.535399
1.556170
1.409615
1.461936
2.181478
1.975355
1.473647
1.638050
1.781243
1.514404
1.019187
1.388381
1.363641
1.525993
1.675449
1.840235
1.875418
1.412821
1.838552
1.731309
1.788224
2.157881
1.985004
1.864719
2.207977
2.301614
2.301614
2.103881
2.105067
1.996847
2.451306
2.534713
2.323844
2.305566
2.127755
0.862148
0.893935
1.620106
1.913265
1.575738
1.605146
1.661862
1.955451
1.749563
1.642534
1.488255
1.379402
1.791109
1.906020
1.618326
2.006006
1.390183
1.533051
1.393208
1.173200
1.019187
1.388381
1.089278
1.243197
1.543262
1.596590
1.249029
1.532731
1.738500
1.840235
1.439702
1.536910
1.565020
2.040565
0.853984
0.900573
0.869089
2.122639
2.024513
2.123232
2.196806
2.264862
2.275335
2.294096
2.258123
2.279241
2.164699
2.327651
2.043102
2.344761
2.302492
2.092648
2.253837
2.513722
2.503046
2.133110
2.133110
1.228677
1.422514
1.958597
1.947639
1.947652
1.498470
1.488255
1.488255
1.409615
1.947639
1.905132
1.590411
1.863490
1.408671
1.708506
1.685097
1.641543
1.345661
1.601611
1.311714
1.457078
1.266361
1.089278
1.321929
1.064412
1.448295
1.301309
1.420398
1.196765
1.178519
1.034348
1.691191
1.239742
1.412821
1.750787
1.791409
1.769953
0.904134
1.951603
2.040565
2.112854
1.735984
1.815465
2.115498
2.226702
2.299596
2.294254
2.179898
2.507468
1.905660
1.852201
1.618121
2.008581
1.656176
1.938499
1.479647
1.366118
1.313425
1.354949
1.349866
1.383033
1.421775
1.566639
1.220102
1.220102
1.065014
1.072127
1.039921
1.131747
1.220102
1.338253
1.196942
1.291715
1.751976
1.648764
1.268746
1.412821
1.475685
1.412745
2.164035
2.177781
0.740248
0.681787
1.956551
2.300868
2.340150
2.269765
1.992765
2.003601
2.048036
2.503993
2.003601
2.299738
1.019827
0.938876
0.890812
1.718587
1.532420
1.663438
1.938500
1.938500
1.801352
1.955451
1.575143
1.750156
1.354156
1.360773
1.468519
1.341836
1.520357
1.791109
1.409791
1.289807
1.327010
1.267643
1.407440
1.248840
0.954534
0.955616
0.991645
1.108083
1.446806
1.186699
1.890860
1.890860
1.384186
1.475685
1.913776
2.040458
1.963638
1.806167
2.176928
0.778430
2.037942
2.264615
2.300868
0.583465
0.565002
2.218558
2.131051
2.425124
2.506401
2.283949
1.045291
1.900750
1.843491
0.792056
1.539060
1.995898
1.995898
1.995898
1.819550
1.939414
1.869594
1.815924
1.883049
1.465777
1.373575
1.697742
1.478782
1.598310
1.396827
1.354993
1.277261
1.403211
1.327451
1.135153
1.229289
1.150960
1.108083
1.269451
1.091695
1.751976
1.152904
0.900573
2.045811
2.109480
1.874281
2.123232
0.746994
2.104354
2.293342
2.074473
2.150480
2.119103
2.184149
2.427595
2.208546
2.359277
1.164912
0.938876
1.720436
1.177165
1.275941
1.549773
1.496014
1.568041
1.422514
1.939414
1.787939
1.883049
1.481390
1.465777
1.706441
1.445920
1.635010
1.366118
1.039921
1.257278
1.446806
1.299915
1.631026
1.475040
1.708023
1.753106
1.896544
1.749433
1.486604
1.631128
1.292661
1.505831
1.884547
2.040538
2.039536
2.072449
1.984286
1.874281
1.786886
0.812873
0.716780
2.199638
2.178147
2.222868
2.294177
0.650577
2.257083
0.608451
2.162730
2.503993
2.548136
2.479734
2.425124
2.363487
2.111579
1.315705
1.424359
1.915048
1.909767
1.490537
1.329835
1.787939
1.706283
1.465777
1.307148
1.413795
1.635010
0.954534
0.954534
0.908199
1.069790
1.067676
1.182279
1.125907
0.908749
1.029649
1.325132
0.900666
1.408749
1.399445
1.913776
1.913776
1.695782
1.727618
1.819691
1.901764
2.134435
0.746994
2.178147
2.245446
2.232781
2.231347
2.259046
2.294177
2.272561
2.518760
0.907291
1.605597
1.909767
1.552762
1.738898
1.801875
1.496014
1.432374
1.369952
1.326531
1.384370
0.908199
1.245228
1.774792
1.265276
1.408749
0.790527
2.112346
2.060799
2.109480
2.201644
0.712998
2.233021
0.829257
2.148062
2.160103
2.067658
0.701590
0.647553
0.608451
0.665975
2.107042
1.979509
1.972688
0.586192
1.979468
2.506401
2.503993
1.793605
0.967988
0.938876
0.678240
0.831701
1.696210
1.976598
1.475970
1.804823
1.861863
1.939414
1.621930
1.706283
1.472330
1.039026
1.014503
1.091695
1.661715
1.837512
1.835673
1.773782
1.184942
1.609132
1.544751
1.884547
1.259598
1.737183
1.881748
0.797288
2.074115
1.901764
0.919562
2.212038
2.234218
2.125131
2.306501
2.276239
0.759586
0.817165
2.309664
0.694184
1.940030
2.166890
1.047084
1.603548
1.647430
1.520556
1.803747
1.915048
1.772270
1.490537
1.309586
1.418359
1.475388
1.420443
0.991503
0.899406
1.014481
0.927059
0.927059
0.885161
1.182279
1.347496
1.034498
1.290774
1.245228
1.323419
1.368709
1.443386
1.579323
1.716675
1.180168
1.646509
1.399445
1.983155
0.902845
1.944204
2.183189
2.212038
2.154725
0.856253
0.945979
1.000382
2.261631
0.900161
2.093468
2.201444
0.983813
1.083155
0.983813
2.031174
2.352740
2.280388
0.817165
2.023342
2.509553
2.162730
2.412955
1.860852
1.160016
0.939211
0.865699
0.703013
1.506424
1.753377
1.821511
1.428136
1.341291
1.424295
1.417785
1.327634
0.936034
0.860146
0.950696
0.872723
1.308381
1.247874
1.410745
1.162472
0.890114
1.729376
0.913124
1.881100
1.496961
1.496961
1.787889
0.929762
0.891827
1.778846
2.029260
2.061259
1.867365
2.095124
2.246241
2.188169
0.891957
0.811368
0.779405
0.900161
2.261631
2.234218
2.352740
0.833486
0.784294
0.753359
0.755016
0.632267
2.215566
2.102187
2.331306
2.063499
0.972503
1.049248
0.971332
1.720436
0.803794
0.641720
1.364927
1.960944
1.808777
1.294515
1.427101
1.539227
1.014481
0.928423
1.342071
1.529919
1.368709
1.884547
1.593221
1.164061
1.164061
1.393094
1.266201
2.036535
2.111036
1.083155
0.867300
0.749730
2.338110
0.974369
2.067658
0.812450
0.651408
0.651408
0.991825
2.542734
1.145041
2.526514
2.509553
1.119781
0.947665
0.833894
1.094149
0.717276
0.821807
0.894241
0.755905
0.897238
0.790096
1.580069
1.681630
0.822776
0.641720
1.938947
1.837616
1.911315
1.868888
1.678291
1.877713
1.436573
1.563452
1.309733
1.381930
1.417785
0.959856
1.372120
0.924021
1.452007
1.535478
1.064018
1.200415
1.034498
1.738868
1.706975
1.797838
1.155405
1.683670
0.971159
1.990486
1.901338
1.039893
1.068149
2.130394
1.134714
2.067968
2.216998
1.194874
2.274910
1.491300
1.162491
1.019634
2.299427
0.837043
0.912742
1.010248
2.215566
2.069937
2.414650
1.154865
1.049248
1.156371
1.278048
1.891700
1.938947
1.507474
1.392654
1.660242
1.699880
1.499028
1.366931
0.851323
0.989698
0.926662
0.989698
1.099336
1.890707
1.706975
1.531682
1.097354
1.683670
1.697621
1.668833
1.838862
0.907709
1.890707
1.013026
1.620808
1.424078
1.020167
1.901338
2.008644
1.172511
2.094225
2.177254
1.195444
1.047740
1.255975
1.607183
1.374066
1.341088
2.187590
1.550633
2.274910
1.301265
2.046859
0.854229
1.982505
1.145041
2.501997
2.324084
2.267971
1.145041
1.119781
1.145041
1.433090
1.787071
1.496268
1.648991
1.811571
1.648991
1.381930
1.442267
1.636218
1.393265
1.005921
1.678314
1.762290
1.769787
1.797838
1.005921
1.480404
1.841136
1.720306
1.620808
1.854053
1.720306
1.528717
1.788328
1.528717
1.420127
1.414718
2.037505
2.007277
1.140959
1.414718
2.115636
1.607923
2.154675
1.960568
2.237296
2.222996
2.115402
1.301265
2.299427
1.073863
1.100294
2.283986
2.306501
0.922774
0.910082
1.145041
1.171065
1.975558
2.163074
2.509553
2.478724
2.233496
2.057792
1.466417
1.912736
1.868549
1.960944
1.856572
1.395154
1.381930
1.477282
1.600180
1.636218
1.588151
1.552204
1.588151
1.720306
1.833272
1.822277
1.838628
2.007725
2.077946
1.984086
1.568588
1.702251
2.168357
2.212335
2.123491
2.314914
2.222996
2.266388
1.009736
2.085961
2.093468
0.880776
1.032422
0.880776
0.888949
1.946062
2.478724
1.200550
1.203588
2.459148
1.631653
1.721930
1.898056
1.435875
1.611957
1.417320
1.567288
1.362901
1.499028
1.927723
1.890299
1.816159
1.667007
2.145872
1.951138
1.859641
1.934510
1.902988
2.238496
1.972624
1.880895
1.001567
2.049824
1.905719
2.173394
2.173394
2.045501
1.766091
1.599998
1.517873
1.417320
1.872680
1.995890
1.811652
2.105399
1.890373
1.943630
1.822277
1.891460
2.004987
2.105399
1.301265
0.921709
1.851556
1.853270
2.414024
2.216643
2.414024
2.182556
2.378358
2.305519
1.205381
1.671951
1.832834
1.406625
1.435875
1.943630
2.115636
1.842162
1.771062
1.850073
1.771062
1.408195
1.232437
1.264950
1.970076
1.129614
1.116687
1.093875
2.230309
2.142830
2.101203
1.188577
1.585035
1.955963
1.377074
1.486870
1.490825
1.616536
1.850386
1.794777
1.891700
1.755420
1.700911
1.454600
1.913512
1.597690
1.777828
1.599943
1.232437
1.948992
2.001311
1.095404
0.971803
0.921709
2.307699
2.331722
2.284176
1.127338
1.225966
1.764292
1.282601
1.320292
1.527406
1.882100
1.882100
1.832834
1.813356
1.898056
1.906060
1.556744
1.811542
1.377524
1.572684
1.424110
1.859673
1.860788
1.982130
1.719999
1.982130
1.888987
1.811420
2.004987
1.914456
1.290962
2.013700
1.894857
1.877989
1.881766
1.973756
1.851109
1.871664
1.940481
1.685591
1.364094
1.478479
1.851068
1.932781
2.115636
1.719521
1.719521
1.439306
1.303853
1.303853
1.917632
2.258676
2.383342
1.921794
1.081964
1.921794
2.329493
2.329493
1.148845
1.241771
1.563677
1.285483
1.735631
1.562139
1.357840
1.808414
1.478479
1.314095
1.306810
1.693528
1.832688
1.832688
1.841315
1.536264
1.439306
1.795499
1.008387
2.329493
2.131500
2.130746
2.045560
1.145899
1.185438
1.790004
1.882100
1.431808
1.763953
1.811542
1.779994
1.811542
1.449768
1.368832
1.524153
1.805812
1.805812
1.728548
2.311781
2.216643
2.020755
2.220441
1.085503
2.173655
2.233302
1.937426
1.337691
1.346350
1.561998
1.773039
1.738510
1.788219
1.417698
1.693528
1.658461
1.865206
1.697382
1.708570
1.624151
1.725511
1.624151
1.536264
1.882525
1.108623
1.745412
1.880861
2.304590
2.258676
2.009132
2.013302
1.488052
1.729706
1.442643
1.838275
1.838275
1.849876
1.422322
1.359642
1.266827
1.423221
1.151241
1.160587
1.133565
1.773843
1.860783
2.240856
1.857903
2.122293
2.183131
2.201015
1.738510
1.356455
1.556715
1.838275
1.763953
1.708124
1.667878
1.632472
1.588735
1.720904
1.655763
1.423221
1.388408
1.666262
1.742569
1.873651
2.021555
2.049253
1.880861
1.705811
1.917248
1.345884
1.307694
1.606683
1.657560
1.464578
1.886543
1.591040
1.573045
1.675921
1.754396
1.543802
1.389845
1.520322
1.428873
1.610836
1.657193
1.372101
1.710613
1.146042
1.679782
1.855353
1.795687
1.679782
1.696853
1.081541
1.960846
2.132195
1.938724
1.144467
1.782810
1.748579
1.686305
1.731854
1.598527
1.678248
1.376180
1.232200
1.529723
1.310541
1.473239
1.577371
1.577371
1.481181
1.654157
1.116298
1.803057
1.080302
1.997653
1.938724
1.867037
1.554734
1.505751
1.782810
1.812968
1.748579
1.780344
1.780344
1.748579
1.782810
1.730999
1.538939
1.409021
1.354344
1.578872
1.580885
1.678301
1.723011
1.112176
1.874397
1.816184
1.816184
2.053295
2.133776
1.097795
1.118451
1.215041
1.402115
1.338214
1.686305
1.431314
1.429837
1.459691
1.455027
1.468360
1.307314
1.435011
1.288749
1.272546
1.158639
2.111976
1.760067
1.182620
1.239438
1.209734
1.239438
1.259045
1.328064
1.620373
1.675373
1.620373
1.524750
1.489296
1.362654
1.725063
1.743105
1.636615
1.848956
1.910857
2.111976
1.216718
1.897215
2.111976
1.076829
1.156389
1.620373
1.687857
1.390429
1.524750
1.347096
1.364033
1.427193
1.614808
1.443928
1.489296
1.468360
1.570148
1.567126
1.567126
1.580885
1.684874
1.848956
1.133565
1.057600
1.165237
1.697477
1.333402
1.278651
1.542287
1.564396
1.525234
1.495851
1.616241
1.451732
1.362654
1.468360
1.439632
1.227733
1.307314
1.678301
1.611640
1.582924
1.328478
1.796152
1.211547
1.153805
1.210369
1.741981
1.848956
1.877813
1.115213
1.707516
1.265845
1.331733
1.354001
1.542287
1.231694
1.501692
1.501692
1.554110
1.554110
1.610494
1.443928
1.459024
1.389845
1.211547
1.174577
1.236332
1.665540
1.632726
1.564396
1.391754
1.350396
1.451383
1.406137
1.384769
1.620373
1.433350
1.372085
1.529164
1.257282
1.259564
1.459691
1.402098
1.414774
1.512114
1.640262
1.685608
1.534378
1.910857
1.174577
1.078669
1.265845
1.577460
1.526071
1.517567
1.328064
1.367633
1.564000
1.621909
1.420893
1.402844
1.362826
1.325002
1.313211
1.273075
1.291011
1.407268
1.231390
1.408843
1.404284
1.547265
1.146191
1.312445
1.296653
1.259564
1.240666
1.312445
1.215005
1.116453
1.215005
1.365181
1.414774
1.358995
1.601343
1.512114
1.202306
1.107858
1.202306
1.696208
1.692950
1.420817
1.115917
1.094043
1.480418
1.568680
1.778831
1.236799
1.302316
1.536255
1.382764
1.584099
1.665437
1.472936
1.584099
1.395391
1.508611
1.567838
1.206632
1.262306
1.329008
1.335838
1.383532
1.146832
1.099378
1.158699
1.443753
1.440182
1.149068
1.539073
1.156819
1.386586
1.336535
1.370255
1.353813
1.348326
1.239008
1.239008
1.583956
1.500795
1.500795
1.518950
1.518811
1.720438
1.533109
1.196668
1.099567
1.189291
1.765040
1.765040
1.815325
1.316334
1.340104
1.420817
1.436160
1.446099
1.690055
1.718403
1.403467
1.472331
1.148362
1.261967
1.311014
1.584099
1.239139
1.396550
1.461238
1.458348
1.365595
1.567176
1.420524
1.604569
1.502929
1.544060
1.567838
1.524499
1.577460
1.542455
1.560878
1.575165
1.502929
1.507724
1.529429
1.535119
1.535119
1.448135
1.493286
1.504481
1.377629
1.191003
1.208591
1.071792
1.477806
1.406137
1.432398
1.328181
1.404168
1.288044
1.406137
1.355931
1.227214
1.346580
1.404168
1.321900
1.010401
1.156965
1.217156
1.186250
1.240666
1.032633
1.100015
1.099378
1.107858
1.064268
1.093018
1.089770
1.033313
1.156819
1.050298
1.435633
1.447713
1.583956
1.417761
1.354864
1.548805
1.377850
1.176833
1.665437
1.485752
1.665437
1.366797
1.409377
1.445487
1.208750
1.284913
1.250904
1.126114
1.400475
1.248505
1.328181
1.221122
1.318751
1.265618
1.122630
1.099647
1.331309
1.335657
1.089770
1.405998
1.539073
1.405998
1.393584
1.344470
1.468648
1.191913
1.465556
1.465957
1.605902
1.509203
1.392427
1.316334
1.396550
1.408128
1.414025
1.208750
1.415557
1.205161
1.367068
1.381253
1.321836
1.157698
1.244593
1.221025
1.161454
1.220919
1.399498
1.324538
1.158268
1.158268
1.473845
1.468648
1.476115
1.327839
1.540129
1.248100
1.447713
1.280255
1.584964
1.471134
1.256001
1.224519
1.392427
1.233878
1.235954
1.386258
1.138124
1.382935
1.367068
1.284747
1.231393
1.522918
1.391875
1.196824
1.161363
1.225048
1.203656
1.225048
1.192796
1.192796
1.367399
2.423776
2.702670
2.669488
2.491057
1.966446
2.142572
1.477310
1.404778
1.426943
3.224432
2.186567
2.669488
2.669488
2.669488
2.040483
1.852202
2.201311
2.201311
2.201311
2.629927
2.728806
2.559555
2.662413
2.300584
2.583006
2.523550
2.131624
1.992450
1.992450
2.186410
2.224111
2.224111
3.285986
3.283147
1.774587
1.765996
1.774587
2.272800
2.008973
2.185754
2.289993
2.158786
1.899048
1.852202
2.272800
2.272800
1.852202
2.158786
2.158786
2.348396
2.204910
1.919569
2.022793
1.383290
1.340435
1.404778
3.224432
3.555795
3.330733
3.454837
1.359014
1.473473
1.393651
1.394531
1.347541
1.347541
1.343406
1.400550
1.398479
1.472515
1.307558
1.383967
1.383967
2.301749
2.450533
2.131250
1.910586
1.981653
2.033096
2.523550
2.132095
2.471620
1.902268
1.718171
1.926054
1.905132
1.840235
1.590411
0.771517
1.113189
0.646419
0.729289
0.517517
0.567983
0.831759
0.797866
0.697100
0.620222
0.653692
3.128605
3.180033
3.128605
3.454837
3.320349
3.320349
3.320349
