6330 1 3
1.241418
1.366738
1.387957
1.387668
1.337427
1.557173
1.337427
1.627768
1.645168
1.264513
1.439616
1.293375
1.370958
1.224203
1.668391
1.324314
1.396119
1.591892
1.305259
1.337117
1.698277
1.459348
1.387668
1.481362
1.703101
1.668941
1.699257
1.594244
1.305259
1.332842
1.407204
1.305944
1.576535
1.278618
1.315495
1.595347
1.627768
1.219427
1.355556
1.701374
1.717840
1.534722
1.665101
1.572814
1.650841
1.596539
1.482269
1.293898
1.278740
1.356130
1.407204
1.190764
1.753787
1.746588
1.315495
1.995702
1.360375
1.398443
1.423503
1.246089
1.520552
1.295031
1.546568
1.594773
1.646889
1.368285
1.753787
1.436305
1.578119
1.815210
1.940424
1.617129
1.364336
1.425353
1.359156
1.284069
1.485803
1.496392
1.561615
1.631191
1.520552
1.646889
1.783795
1.829658
1.568793
1.334339
1.900047
1.662391
1.958776
1.967088
1.501522
1.598175
1.703724
1.766473
1.200108
1.418960
1.339210
1.545600
1.226320
1.308420
1.779234
1.829658
1.876743
1.231201
1.437064
1.617799
2.020588
1.952712
1.698056
1.703724
1.898216
1.879397
1.952712
1.879397
1.815210
1.752275
1.517532
1.235060
1.347933
1.339840
1.303052
1.570430
1.295031
1.414433
1.284069
1.498602
1.646889
1.646889
1.308246
1.783795
1.770428
1.785036
1.876863
1.522552
1.517532
1.583822
1.467033
1.641224
1.327431
1.961676
1.941509
1.876863
1.733752
1.953165
1.993719
1.746859
1.574397
1.900047
2.164149
2.210613
2.111395
1.991882
2.073298
1.864073
1.752275
1.311008
1.266692
1.237793
1.291935
1.674587
1.278311
1.876740
1.743206
1.845590
1.522552
1.746859
1.775864
1.746859
1.736238
2.152343
2.180118
2.157476
1.864073
2.026504
2.047437
1.827622
1.947383
1.991564
1.978565
1.708550
1.213583
1.471615
1.342646
1.428510
1.509984
1.977998
1.722704
1.901146
1.901146
1.941509
1.372704
1.753363
1.850263
1.723061
2.057493
1.582067
1.898424
2.082666
1.766473
2.296063
1.889266
2.262086
2.157476
2.283912
2.288325
1.774941
1.865322
1.989766
1.991564
1.827622
1.950589
1.907215
1.978085
1.275745
1.255747
1.301789
1.258525
1.266692
1.318196
1.332896
1.227197
1.210164
1.235060
2.051771
1.876740
1.845590
2.083617
1.856154
1.919742
1.733849
2.064882
1.941589
1.933328
2.455593
1.727639
1.942882
2.288325
2.178525
1.910843
1.908258
1.645301
1.908258
2.071483
1.217603
1.254288
1.320246
1.377047
1.557386
1.452990
1.471277
1.309757
1.570910
1.586893
1.833309
2.072204
1.787395
1.963720
1.855668
1.722864
2.022561
2.225556
1.907554
2.281917
2.371823
1.773956
2.125457
2.429130
1.931652
2.164149
2.117378
2.117378
2.066419
2.040733
1.890165
1.972581
1.823972
1.171671
1.229855
1.203604
1.272161
1.318196
1.202904
1.330597
1.584898
1.624666
1.567765
1.415125
1.468579
2.028392
1.381192
1.930417
1.715076
1.792906
1.719288
1.802692
2.009834
2.398375
2.212952
2.332987
1.786116
2.312184
2.322397
1.826885
1.989766
1.993809
1.952403
2.040733
1.975817
1.788125
2.000601
1.664755
1.304121
1.321896
1.346280
1.540829
1.505691
1.626863
1.750207
1.941023
1.465063
1.597644
1.693053
1.489454
1.857292
1.907554
2.445565
2.240294
2.264387
2.308821
2.406174
2.381343
2.334008
1.762650
1.769879
1.931652
2.322397
2.207355
2.271357
1.297690
1.205865
1.270832
1.235977
1.168858
1.321301
1.264466
1.478523
2.026386
2.085349
2.022751
1.673291
1.926345
1.786398
1.926345
1.995549
2.064882
2.002805
2.091318
2.064882
2.305090
2.308821
2.453425
2.401885
2.487858
2.056608
2.164149
2.079356
1.989766
1.974044
1.908996
1.760499
1.860360
2.207355
1.669767
1.756967
2.129379
1.696693
1.923309
1.642588
1.262182
1.534708
1.534708
1.637553
1.726720
1.941023
1.621770
1.711396
2.064882
2.186988
1.883063
2.232269
2.469252
2.585876
2.361889
2.456697
1.944461
2.401885
2.611697
2.487858
2.312184
2.244466
2.135965
2.194645
2.178525
2.322397
2.207355
2.016257
2.040633
2.040745
1.813233
1.139052
1.198745
1.226733
1.339506
1.207731
1.480481
1.515579
1.313208
1.253348
1.519861
1.693053
1.730781
1.602624
1.556218
1.602624
2.085349
2.051771
2.232828
2.227145
2.085349
1.654939
1.719288
1.922145
1.823219
2.144011
2.205477
2.260891
2.144011
2.367832
2.398031
2.472707
2.453425
2.335022
2.559978
2.559978
1.931652
2.055261
2.265906
2.026503
2.098837
1.951519
1.671510
1.893340
1.154144
1.315427
1.178007
1.164840
1.250360
1.259949
1.304121
1.502290
1.475842
1.576389
1.437201
1.485595
1.437776
1.558142
2.022751
2.145020
1.723152
1.630502
1.711396
2.188439
2.250190
2.002805
2.250190
2.144011
1.843230
2.053269
2.403193
2.295335
2.293278
2.234712
2.307592
2.447989
2.463213
2.423229
2.388043
2.133788
1.667209
1.902282
1.883238
1.751836
1.162874
1.336699
1.289386
1.287760
1.270201
1.470572
1.137460
1.274531
1.392850
1.558383
1.526657
1.832444
1.832444
2.004200
2.054897
2.461843
2.665970
2.198225
2.277742
2.697788
2.303636
2.317417
2.660860
2.403193
2.697735
2.648864
2.392556
2.373943
1.908786
1.908786
2.581471
2.410645
2.575113
2.271357
1.992612
2.315316
1.857616
1.875073
1.176579
1.213984
1.156565
1.081774
1.412168
1.451771
1.726720
1.526657
1.575010
1.571183
2.179126
2.232828
2.232828
1.523022
1.536018
2.140130
1.978747
2.259346
2.009515
2.609835
2.742116
2.447989
2.130940
2.575113
2.797013
2.595186
2.525247
1.920210
2.205688
2.060485
1.674910
2.130903
1.718431
1.980114
1.961373
1.988993
1.632419
1.756256
1.149653
1.113701
1.225536
1.359112
1.297881
1.137278
1.472345
1.558142
1.813733
1.536172
1.730781
1.508849
1.480733
1.635643
1.973850
1.901070
1.808762
2.188439
1.956486
2.566086
2.557428
2.607247
2.615586
2.429130
2.295335
2.429130
2.716284
2.447989
2.523690
2.267230
2.409578
2.114776
2.057331
1.920210
2.802310
2.631873
2.374604
2.121231
2.138678
1.709106
1.600322
1.287789
1.080661
1.137278
1.296587
1.202760
1.270243
1.355045
1.503414
1.350505
1.565424
1.513839
1.989635
1.548776
2.155040
2.183521
2.354747
2.317417
2.492791
2.403193
2.164690
2.611697
2.026042
2.092077
2.678340
2.278072
2.595186
2.421330
2.462875
2.153331
1.886573
2.313290
1.992612
2.281584
1.961373
1.941685
1.820164
1.115577
1.280916
1.238172
1.436678
1.378689
1.332733
1.307719
1.432606
1.494524
1.491658
1.711947
1.488105
2.073379
2.061621
1.667580
1.763162
1.808557
1.808557
1.888714
1.667580
1.699201
2.312443
2.137413
2.526060
2.640854
2.144512
2.201197
2.224511
2.317417
2.485188
1.926460
2.586908
2.331735
2.752024
2.924895
2.559978
1.925948
2.514487
2.168998
2.409578
2.075347
2.502257
2.289951
2.223886
2.378944
2.277140
2.738334
2.752439
2.117391
2.377098
2.802310
2.235365
2.063096
2.525247
2.153331
2.344851
2.080844
2.201369
1.934098
2.082225
1.833645
1.833645
1.820164
1.680555
1.638205
1.099899
1.360883
1.412168
1.120917
1.159530
1.446871
1.353429
1.366157
1.466899
1.246436
1.516235
1.464082
1.562905
2.193501
2.139822
1.933844
2.043999
2.175705
2.188363
2.259346
1.962404
1.673359
2.144512
2.807762
2.144512
2.592111
2.733100
2.402411
1.975484
2.267049
2.352786
2.849336
2.752024
2.712231
2.523553
2.700118
2.409578
2.666670
2.832927
2.208674
2.410645
3.008012
2.797013
2.802310
2.759492
2.718926
1.886573
2.057331
1.947221
2.110433
2.153331
2.031678
1.828561
2.076761
1.340983
1.262032
1.228114
1.011636
1.165899
1.374020
1.353830
1.392681
1.421590
1.272654
1.397249
1.461596
1.606521
1.495456
1.520446
2.039558
2.282233
2.193501
1.713038
2.192623
2.015983
2.300187
2.503334
2.673352
2.716366
2.800057
2.004101
1.830606
2.730702
2.685172
2.284874
2.307590
2.304031
2.304031
2.543581
2.687691
2.366650
2.414940
2.375525
2.240812
2.090445
2.403988
2.378944
2.386247
2.518931
2.193903
2.631873
2.439357
1.992094
2.108122
2.108122
2.110433
2.491398
2.080844
2.564539
2.101677
2.491398
1.911669
2.184115
1.262032
1.031943
1.292838
1.072867
1.133115
1.485114
1.461379
1.488230
1.465547
1.346011
1.185030
1.375941
1.251791
1.383268
1.403918
1.519798
1.484969
1.660250
1.481783
1.655041
1.460633
1.491658
1.520446
1.650484
2.229668
1.633812
1.519940
1.713038
2.300187
2.221408
1.643868
2.283546
1.791288
2.144512
2.710945
2.461488
1.931047
2.777191
2.742116
2.153848
2.275773
2.342366
2.437563
2.594850
2.265302
2.728678
2.869326
2.739797
2.907719
2.709212
2.954775
2.043077
1.815732
2.089367
1.949605
1.949605
1.317534
1.273383
1.310330
1.390161
1.413934
1.462013
1.513603
1.606317
1.766237
2.142800
1.854525
2.000766
1.791757
2.000766
2.078431
2.153286
2.151179
2.073415
1.681012
2.375525
2.759032
1.988946
2.612199
2.523553
2.898418
2.746173
2.549216
2.745445
2.884654
2.564539
2.629873
2.491398
2.359027
2.186550
2.241294
2.171772
1.861024
1.861024
1.861024
1.836209
1.465547
1.226004
1.348195
1.284732
1.317821
1.355830
1.482553
1.533105
1.533105
1.516235
1.553929
2.039558
2.041229
1.548126
1.940707
1.847868
1.835421
1.663284
2.133111
2.133111
1.746888
2.221408
2.221408
1.794706
2.103493
2.092716
2.104564
2.188363
2.796544
2.860162
2.741715
2.151179
2.136439
2.833997
2.387629
2.485188
2.886682
3.089235
2.630392
2.756996
2.769650
3.168005
2.186881
2.153848
2.428928
2.907719
2.883302
2.709212
2.701182
2.873979
2.011556
2.031678
2.037232
1.693110
1.693110
2.050721
1.750051
1.330642
1.237198
1.135447
1.077771
1.140813
1.452298
1.309924
1.320564
1.384714
1.093719
1.566802
1.431268
1.333772
1.405678
1.280002
1.280002
1.348307
1.392399
1.612705
1.494121
1.534688
1.561328
1.424729
1.887115
1.863572
1.791757
1.815138
1.558017
2.549426
2.500482
2.752552
2.773470
2.861228
2.773470
2.342508
2.729520
3.046439
2.651961
2.924895
2.880213
2.960706
2.885207
1.974128
1.988946
2.967659
2.967659
2.885207
2.739797
2.729266
3.119617
2.161451
2.954775
3.226226
2.954775
2.941959
2.037707
2.289891
2.296369
2.205444
2.607317
2.383661
2.234012
2.076828
1.704271
1.640990
1.693110
2.069648
1.541607
1.524145
1.133115
1.353901
1.397893
1.251791
1.260148
1.263321
1.347353
1.316355
1.317079
1.325469
1.345398
1.831023
2.114420
1.663284
2.012135
1.502564
1.894531
1.934078
2.376389
1.495268
2.076143
2.082392
2.877020
2.760548
2.870873
1.799229
2.048007
2.111051
2.272343
2.580208
2.759769
2.358464
2.886682
3.135826
3.050555
2.894164
2.881995
2.136434
2.933084
2.309765
1.988946
2.309765
2.512401
2.890650
2.981290
2.514912
2.512401
2.729266
2.884654
2.662862
2.439357
2.899805
1.964622
2.186649
2.891850
2.250261
2.629873
1.863686
1.818235
1.818235
1.347157
1.600858
1.615867
1.508121
1.157166
1.411476
1.559021
1.203605
1.353901
1.335095
1.226004
1.402568
1.358700
1.350595
1.280002
1.345358
1.647515
1.779555
1.744369
1.892294
1.591658
2.012135
2.053238
2.076143
2.765023
2.551186
2.451945
2.346466
2.782995
2.373437
2.670131
2.501793
2.972098
2.886682
2.075144
2.994772
3.277961
3.167658
3.232733
1.966668
1.947984
2.331939
2.428928
2.152559
1.985108
2.554889
2.357430
3.119617
3.226226
2.964893
2.250261
2.347475
2.087271
2.389274
2.891850
2.558784
2.018307
1.366384
1.466456
1.442502
1.521537
1.390253
1.278849
1.411476
1.440897
1.341110
1.652983
1.539623
1.530139
1.458062
1.548126
1.714722
1.529000
1.986864
1.842225
1.892294
2.346466
2.006227
2.383998
1.923280
2.076143
2.864154
2.677735
2.859643
2.074505
3.060697
2.594850
1.974128
2.220798
1.966688
2.543325
2.738327
2.383543
2.782582
2.250261
2.062258
2.759295
1.986588
1.901906
2.568076
2.896822
2.011189
1.704271
1.974542
1.938014
1.294642
1.290242
1.151787
1.409334
1.625070
1.162152
1.128239
1.466356
1.364727
1.405421
1.380852
1.380852
1.316891
1.299040
1.469905
1.663889
1.546742
1.406817
1.307257
1.290145
1.655493
1.553929
1.438113
1.744919
1.694139
1.744919
1.876095
1.791377
1.892294
1.267708
1.464877
2.019891
2.158451
2.560816
2.549426
2.014360
2.824795
1.903432
2.827573
2.811779
2.677735
2.530470
2.174635
3.409358
3.004388
3.328770
1.944575
3.000417
1.862690
3.112458
2.554889
3.259440
3.119617
2.524251
2.605112
2.151416
2.186649
1.983082
1.986437
1.816350
2.607317
2.233363
2.037232
1.538759
1.194672
1.187713
1.165899
1.270656
1.333273
1.395305
1.364727
1.434482
1.287417
1.287417
1.547734
1.260148
1.480756
1.501901
1.316891
1.694849
1.484847
1.401360
1.398190
1.556907
1.578520
1.413934
1.546742
1.459386
1.596046
1.694139
1.664102
1.937508
1.842225
1.888386
1.714722
1.765426
2.010332
2.148447
2.105677
2.027252
2.305816
2.789373
2.356240
2.566220
2.670131
2.504753
2.234944
3.099731
3.017451
3.139295
1.970900
1.970900
2.738327
2.625624
2.932123
2.940209
2.636764
2.331939
2.477123
2.383543
2.383543
2.609873
2.839287
2.964893
2.782582
3.179703
1.858114
2.975513
1.938814
2.336538
2.336538
2.394337
1.779878
1.779878
1.214796
1.195470
1.342882
1.329426
1.341811
1.206851
1.329426
1.275885
1.395305
1.251154
1.347292
1.373488
1.311170
1.582147
1.098327
1.650253
1.243122
1.533776
1.733675
1.694139
1.744919
1.719303
1.424729
1.149064
2.271437
2.259384
2.124979
2.413346
2.510197
2.573994
1.990907
2.047336
1.885112
2.646378
2.109639
1.863842
2.881997
2.790605
2.881997
3.145814
3.013626
1.947984
3.247572
3.639189
3.433245
3.332420
3.049426
3.289734
2.724632
3.064340
3.069095
3.179703
3.179703
1.858114
1.713764
3.226108
3.179703
2.558784
3.097799
2.709136
2.642205
2.543182
1.835063
2.104538
1.970639
1.683589
2.225884
1.186722
1.360613
1.398925
1.405748
1.409334
1.387876
1.478258
1.619566
1.539797
1.453581
1.453581
1.367553
1.212525
1.411223
1.341110
1.337918
1.299040
1.563287
1.563287
1.347292
1.374335
1.047734
1.578941
1.694139
1.886411
1.192819
1.755556
2.213961
2.426040
2.321225
1.367275
2.696225
2.787918
2.763375
2.160371
1.912800
2.772646
2.772646
2.580208
2.320471
2.595547
3.378417
3.139295
2.761864
2.940209
2.940209
1.890684
1.823743
2.738327
3.169928
2.554208
2.823578
1.923389
2.329727
2.570529
2.499233
3.147616
1.751410
2.233363
3.152527
1.856928
3.152527
2.336538
2.485703
2.755127
2.102745
2.773443
2.152895
2.014432
2.014432
1.478258
1.077917
1.551853
1.538759
1.347062
1.296768
1.339357
1.439654
1.417492
1.366536
1.404499
1.154624
1.534310
1.373822
1.337918
1.251388
1.074524
1.533384
1.663757
1.667006
1.663757
1.802709
1.733675
1.775927
1.508214
1.810426
1.709480
1.689384
1.863798
2.007215
2.007215
2.273312
2.285940
2.029950
2.554264
2.654955
1.840901
1.802044
2.842989
2.982633
3.099731
3.139812
3.400986
3.580411
2.940209
3.319375
2.738327
1.809148
1.890684
2.003211
3.132759
2.117841
2.199816
2.638572
2.139642
2.151416
2.085258
2.694054
2.839287
2.479159
1.929836
1.891360
3.080354
2.861181
3.005576
2.898354
2.224781
2.191789
1.791432
1.909717
1.875779
1.297625
1.313884
1.327594
1.411844
1.145415
1.695921
1.649673
1.615867
1.199556
1.312244
1.367553
1.303952
1.379645
1.289032
1.542841
1.585229
1.380675
0.915745
1.542841
1.453025
1.398190
1.519123
1.574163
1.519123
1.529937
1.578941
1.888386
1.810426
1.733675
1.644850
1.790338
1.863798
2.106022
2.124979
1.881181
1.931140
2.762453
2.747463
2.254716
2.575936
2.739628
2.646839
2.892667
2.852239
3.440811
3.264720
2.167240
3.580411
3.411160
3.401027
2.940209
2.174514
2.049091
2.554208
2.934393
2.074409
2.457317
2.973664
1.948018
3.037888
2.315422
2.102745
2.659198
2.315422
2.293432
2.152895
2.097891
1.902084
1.683589
1.791432
1.823108
1.938014
2.119789
1.868712
1.868712
1.532492
1.369618
1.307039
1.649673
1.488608
1.418626
1.312244
1.405692
1.534310
1.411223
1.501901
1.304592
1.200373
1.432985
1.501901
1.141920
1.386172
1.451551
1.384608
1.384608
1.374335
1.657948
1.716826
1.751792
0.996756
1.863798
2.213961
2.315419
2.305816
2.305816
2.315419
2.359210
2.497296
2.359210
1.990907
2.823995
1.988689
2.869301
2.811779
1.990961
2.254716
2.747463
2.893435
2.320471
1.975035
1.948013
1.958335
3.525882
1.890684
2.003211
2.590895
2.629639
2.921084
2.887674
3.152527
2.102745
2.341686
2.228260
2.773443
2.773443
2.861181
2.157017
1.379281
1.265473
1.105743
1.225514
1.495562
1.621691
1.113390
1.619566
1.534612
1.321961
1.367553
1.331514
1.444253
1.381791
1.444253
1.535935
0.952299
1.650253
1.847488
1.738706
1.033852
1.955124
1.031847
2.125990
2.072281
1.897026
2.265825
2.573994
2.497296
2.573994
2.080551
2.604905
2.699643
2.678067
2.770587
2.678067
2.772646
2.777858
2.792858
2.892667
2.661283
1.876900
3.139812
3.050653
2.126731
3.082710
3.082710
1.829772
2.092121
3.574987
3.513973
2.447102
2.962044
2.926949
2.683106
2.364779
2.198300
2.568182
2.616693
2.232284
2.727425
3.260982
3.235555
3.028519
2.228260
2.493326
2.157457
2.192318
2.118907
2.148255
2.035843
1.857213
1.299978
1.362883
1.424988
1.105743
1.695921
1.534612
1.405692
1.294830
1.312078
1.261893
1.209560
1.376734
1.386894
1.451551
0.915745
1.752624
1.867092
1.790338
1.867092
2.213961
2.293448
2.252460
2.331721
2.306234
2.289405
2.092588
1.198891
1.395847
1.297473
1.936435
1.983941
1.639652
1.751014
2.875750
2.829661
2.829661
2.777858
2.624680
2.564116
2.624680
2.790232
2.829661
2.852239
2.126731
2.007802
3.206932
3.440811
3.350745
3.350745
3.317336
3.147220
3.402066
1.948503
3.379987
3.226161
2.477145
2.548738
3.201728
2.045343
2.553117
2.269357
2.656331
2.429770
1.739912
2.020639
2.020639
1.236595
1.280008
1.597977
1.145075
1.181595
1.695921
1.307039
1.399956
1.418626
1.280973
1.007828
1.501117
1.501117
0.841722
0.925180
1.868638
1.748153
0.956777
1.867397
2.100401
1.989304
1.987945
2.165538
2.089774
1.699080
2.282773
3.020993
1.829772
1.854637
3.440811
3.182864
3.552919
3.552919
1.924576
2.279775
2.883383
3.379987
2.922395
2.629639
2.629639
2.926949
2.926949
3.064340
1.834043
2.568182
2.568182
2.454160
1.863985
1.787760
3.299036
3.260982
3.099744
3.190510
2.066783
2.269357
2.181585
2.553117
2.202183
2.202183
1.638813
1.876031
2.026203
2.168511
1.739912
1.784518
1.413177
1.165615
1.288839
1.520086
1.312355
1.299266
1.743466
1.519828
1.333140
1.320345
1.371673
1.140415
1.312078
1.347294
1.364091
1.651178
1.872302
1.868638
1.795143
0.877316
1.031847
2.092588
2.143582
3.139812
3.020993
3.294762
2.086572
3.226161
2.539407
2.684443
2.151775
2.000643
2.304315
2.973664
3.173523
2.805103
2.887674
2.727425
2.066783
2.938635
2.329453
2.632601
1.878487
1.742918
1.375271
1.251732
1.287320
1.216295
1.576086
1.134993
1.621691
1.559928
1.447365
1.567268
1.384645
1.240048
1.394591
0.874528
0.991496
0.859814
0.943572
1.808388
1.808388
1.808388
1.895744
1.802709
1.823076
1.847488
1.801990
1.306607
2.790232
1.646367
2.886837
2.886837
1.714159
3.003016
2.938922
2.020790
1.788915
3.222245
3.213501
3.432510
2.280478
2.962044
2.605470
2.824914
2.432732
2.547786
2.000643
2.641584
2.511350
2.462276
2.805103
3.194636
3.335690
2.896540
2.896540
2.457852
2.285692
2.233063
1.255824
1.355559
1.452049
1.499772
1.458001
1.441238
1.703112
1.689324
1.459270
1.458001
1.424830
1.756298
1.547100
1.371673
1.430912
1.202995
1.351250
0.891482
0.804913
1.462340
1.804174
1.865508
2.165538
2.827126
2.799246
2.661283
1.916316
1.683513
3.186017
3.343580
1.827760
1.897344
2.239237
3.562259
3.520930
1.913568
3.379987
3.037993
2.110880
3.213501
3.248213
2.547786
2.653696
2.064916
2.151775
1.888841
1.821290
1.955223
3.352579
3.013195
2.232664
2.202183
1.964298
1.696197
1.926070
1.784518
1.280008
1.373099
1.306535
1.510777
1.461548
1.441238
1.703112
1.167740
1.312172
1.447365
1.788006
1.238562
1.756298
1.743466
1.574651
1.427024
1.396110
1.334041
1.382645
1.440365
1.423828
0.957675
1.415493
0.846931
1.831281
1.914144
2.037820
1.207609
1.989304
1.412836
2.459824
2.976011
2.019286
3.520930
2.240759
2.576672
2.346310
3.005434
3.213501
2.736570
2.846081
2.346072
1.861420
3.409567
3.546269
3.400255
3.491560
3.241949
2.329453
2.187492
1.940663
1.833105
1.708740
1.753800
1.696197
1.298395
1.679183
1.404030
1.534962
1.815808
1.426891
1.408187
1.408187
1.671841
1.470007
1.411895
1.328271
0.959890
1.406422
1.433939
1.621849
1.849834
1.651178
0.842504
0.846931
1.868638
1.823076
1.811578
0.828777
0.828777
0.948967
1.141224
1.112521
2.385352
2.459824
2.623555
2.886837
2.886084
2.186787
2.237566
1.716760
3.020993
1.824180
1.871592
1.849429
1.916316
3.343580
1.913568
2.192491
2.846081
2.064916
2.203175
2.346072
2.962044
2.315815
2.795405
3.706374
2.403168
2.126753
2.298275
2.931141
1.795182
2.088722
1.869528
1.389946
1.265421
1.377306
1.333106
1.509086
1.590679
1.592908
1.522136
1.347266
1.534962
1.815808
1.422556
1.424830
1.815808
1.773753
1.815808
1.610879
1.508852
1.328271
1.342752
1.379152
0.770813
0.853027
1.433939
0.763940
1.883682
0.804865
0.780903
1.816732
0.811928
0.828777
2.241581
2.393918
2.459824
2.872919
2.848134
2.058199
2.142755
2.909591
3.186017
3.222245
3.402066
3.335420
3.432510
3.432510
2.252534
2.064916
3.742987
2.315815
2.333910
3.706374
2.007775
2.606777
2.511350
2.219986
1.976943
3.013195
3.235871
3.072529
2.762835
3.072529
2.422948
2.005414
2.168511
2.351428
2.019530
1.453296
1.508557
1.361175
1.433299
1.404030
1.493331
1.504330
1.361175
1.773753
1.324116
1.508852
1.508852
1.610879
1.560386
1.169110
1.282370
1.387273
1.356438
1.438726
1.406422
0.804913
0.711278
1.387698
1.654267
1.537078
1.903159
1.820505
1.883682
0.811928
2.089212
2.537234
2.445592
2.403794
2.617350
2.869131
1.716760
1.849429
2.419113
2.937257
2.333910
3.591985
3.761389
3.678406
1.861420
3.624856
1.863488
2.795405
3.036261
3.591985
3.591985
2.913624
3.235871
2.215450
2.143630
2.143630
3.089914
2.904324
2.230511
2.096874
2.324760
2.400379
2.326233
2.429702
1.753800
1.295512
1.276091
1.498995
1.335525
1.242987
1.222176
1.559512
1.333106
1.347266
1.387727
1.522136
1.534962
1.433299
1.336905
1.728361
1.773753
1.728361
1.610879
1.377742
1.328030
1.537078
1.879884
1.939191
1.855894
1.914196
0.816163
0.816163
0.790621
0.816163
1.054230
2.058975
2.363992
2.330690
2.341043
2.215410
2.519989
2.744708
2.606474
2.703671
2.755959
2.058199
2.838348
1.902885
2.032349
2.751458
3.761389
2.249676
2.549879
2.795405
3.592735
3.579154
3.392157
3.377309
3.579154
2.143630
3.278370
2.805207
2.805207
2.128203
2.215450
2.181585
2.164681
2.145627
1.957885
1.349207
1.389946
1.190729
1.237255
1.583382
1.471485
1.403784
1.544570
1.213939
1.630696
1.421257
1.362250
1.443215
0.840140
0.758458
1.763952
1.939191
1.939191
2.162720
2.092207
2.393918
2.134275
1.603540
2.416170
2.936352
1.962416
1.932138
2.051142
2.809351
3.569448
3.655143
2.736570
3.693017
2.607226
2.331351
3.633626
2.078303
3.187902
2.943800
2.475645
1.644962
1.795182
1.292105
1.190083
1.301774
1.597957
1.507887
1.697423
1.544570
1.400769
1.560386
1.324642
1.366203
1.324085
1.404563
0.862022
1.461277
1.457429
1.642931
1.969120
1.958526
1.969120
1.931182
1.881366
0.892639
0.915394
1.056919
2.241581
2.241581
2.270230
1.008767
2.255195
2.363992
2.165532
2.238288
2.459824
2.406721
2.637598
2.265785
2.799300
1.608485
2.521878
1.760998
1.881680
2.021603
2.130555
2.109331
2.607226
3.513878
3.513878
3.595098
2.025381
3.675776
3.651977
2.812472
3.675776
3.417227
3.569399
3.417227
2.371982
3.262088
2.781376
2.943800
2.834905
2.924679
2.314083
2.314083
2.475645
1.692283
1.349207
1.465392
1.748078
1.724570
1.642412
1.554098
1.697423
1.544570
1.697423
1.544570
0.984599
1.335024
1.422183
1.328030
1.379462
1.379462
1.425634
1.383424
1.355149
0.733542
1.588043
1.786376
1.945654
1.826484
1.797373
1.906445
1.987887
0.944124
2.195385
2.242065
2.363992
2.799300
2.732789
2.576270
2.586670
2.824156
2.732789
1.970582
1.818233
1.636890
1.943206
1.905021
2.186434
2.235210
1.830288
2.549879
3.713787
3.577569
2.759133
2.795405
3.477338
3.080905
3.491147
2.603965
3.117958
3.491147
3.139872
3.139872
2.748646
2.460354
2.606809
2.305006
2.475645
2.314083
1.970127
2.368555
1.634855
1.801693
2.190307
1.612745
1.195748
1.206541
1.261912
1.196295
1.411487
1.734367
1.686360
1.596190
1.504921
1.336905
1.353247
1.421257
1.322092
1.352740
0.788414
1.763952
1.940186
1.971240
1.868406
1.902177
0.813341
0.760692
0.760692
0.892639
2.259932
1.434838
1.117492
2.422406
2.389261
2.732789
2.291513
1.558270
1.904786
2.744708
1.874850
3.615328
3.421879
3.162442
2.213179
3.569448
1.971352
1.915458
3.570454
3.413705
3.368476
3.670340
2.753687
2.558856
3.306739
3.306739
2.477646
2.480842
2.711236
2.944507
3.179655
2.653856
2.653856
2.409137
2.305006
2.720359
1.749316
1.724918
1.300209
1.284566
1.346710
1.680616
1.596135
1.516737
1.596135
1.571596
1.635376
1.721477
1.734367
1.705449
1.583151
1.597957
1.608609
1.697423
1.691477
1.433299
0.848568
1.319907
1.542823
1.632558
1.468540
1.394240
1.596766
1.843627
0.735138
0.822752
2.091501
2.270230
2.224315
2.270230
2.291518
2.233780
2.307476
2.223166
2.353399
2.249537
2.519914
2.824156
1.760998
1.909291
2.014349
3.356122
2.129905
2.092270
2.275423
2.651012
2.449415
2.607226
2.809351
3.531310
3.614378
3.446867
3.510880
2.196708
1.858349
1.858349
3.247039
3.615969
3.476864
3.476864
3.656755
2.119387
2.865073
3.424073
3.491147
3.153261
2.653856
3.129863
3.188590
2.323484
2.323484
2.788170
2.150849
1.988022
2.460354
2.617730
1.970127
2.310777
2.305860
2.218036
2.235848
1.365793
1.724570
1.679183
1.705449
1.583151
1.705449
1.667462
1.734367
1.815810
1.583151
1.760113
1.760113
1.691477
1.091176
1.386430
1.452727
1.335024
1.415582
1.511879
1.322092
0.848568
0.862022
1.680393
1.897690
1.969120
2.263831
2.263831
2.281859
0.837303
0.822752
2.191286
0.920465
2.304671
2.360363
1.462239
2.219803
2.385886
1.987417
1.929242
1.962902
2.425924
2.243180
2.651012
2.190769
3.508000
3.416663
2.211852
2.451451
2.651012
3.432019
3.664195
2.787911
2.501385
2.708422
3.414026
3.177643
3.414026
3.507045
2.460515
3.377086
3.656755
2.065069
2.471385
2.119387
2.119387
2.143622
2.828460
2.885919
2.617730
1.747559
2.309376
2.450475
1.586597
1.419942
1.680616
1.705449
1.786432
1.457405
1.451163
1.434957
1.624150
1.504921
1.655942
1.434139
1.490804
1.465851
0.912332
1.354677
1.435017
1.822939
1.727418
1.927194
1.892362
1.971240
1.868406
1.800973
1.920573
1.866041
1.915287
2.082938
2.204250
2.330258
2.374665
2.186033
2.374665
2.210465
2.156325
1.663919
1.730177
1.749020
3.242856
2.803388
2.051142
3.386362
3.386362
3.531310
3.465012
3.537096
2.582439
2.757597
3.144555
1.936123
1.901393
2.523779
2.421516
1.143776
1.428879
1.546783
1.207281
1.531657
1.516737
1.632460
1.819075
1.956253
1.722271
1.512765
2.018321
1.761935
1.660572
0.956376
1.040503
1.440525
1.335024
1.812277
2.162720
2.140411
2.270230
1.001599
0.780132
2.269253
2.152279
2.140989
1.963971
1.233843
2.372054
1.799043
2.664286
2.576270
2.386693
1.778524
3.162442
3.169206
3.040744
2.887561
2.275423
3.276919
2.065000
2.997989
3.125442
3.414664
2.407390
2.402510
2.321177
3.368476
2.617794
3.435705
1.914594
3.390943
3.144555
2.191547
1.816643
1.988022
2.421516
2.549767
2.213402
2.188036
1.920906
1.830699
1.749316
1.768336
1.588622
1.331696
1.493517
1.658695
1.789669
1.680616
1.660901
1.895770
1.641505
2.018321
1.887391
1.894615
1.551037
1.555184
1.560704
1.827229
1.499238
0.964287
1.716127
1.684260
1.468585
1.415582
1.366203
1.442483
1.582262
1.335024
1.391622
1.388954
1.581843
1.543330
1.581430
1.873747
1.843627
1.979957
2.177632
2.177632
1.921516
2.177632
2.204250
2.204250
2.345220
2.312195
2.312195
2.307476
0.720013
0.822752
2.345220
2.238423
2.251842
2.136508
2.220686
2.159138
1.153269
2.542979
1.774501
1.800879
2.749496
1.943206
2.773336
3.356122
1.711900
1.893540
3.238552
2.062532
2.420362
2.041511
2.866246
3.370613
3.383025
2.420362
3.231905
1.880561
1.880561
3.463643
2.516830
3.249765
2.469007
1.881618
2.477646
2.617563
2.287297
2.270622
2.523779
2.228415
1.811376
1.976158
1.660233
1.432096
1.966400
1.475211
1.428879
1.691890
1.702047
1.529411
1.789669
1.527743
1.654919
1.793449
1.632460
1.793449
1.945721
2.093060
2.019809
1.884613
1.668087
1.389609
2.023469
1.555184
1.465623
1.425634
1.594035
1.971240
1.879824
2.033822
2.336144
0.780132
0.780132
0.808650
1.963971
2.323669
2.445028
2.413181
1.577098
1.351862
2.387479
1.663919
2.962012
1.869085
1.990604
2.534936
3.276919
3.252606
3.274937
2.030072
2.521798
3.594083
3.345757
3.345757
3.177643
1.776964
3.348541
3.218196
2.868140
2.892259
2.806678
2.242255
2.486121
1.747559
1.683678
2.421516
1.585142
2.419715
1.811376
1.643806
1.401945
1.432096
0.994343
1.626104
1.626104
1.419942
1.343976
1.878851
1.586794
2.066287
1.761935
1.716127
1.827229
1.610264
1.511022
1.494942
1.452727
1.451776
1.447248
1.577994
1.680393
1.860599
1.796287
1.797020
2.189078
2.105463
2.230430
2.312195
2.204250
2.308656
2.260702
2.210156
2.207397
2.205034
2.134715
2.239840
2.285292
2.445028
1.861253
1.963971
2.611314
1.778524
2.696378
3.115180
2.620242
1.644780
2.978507
2.220121
3.252606
3.308541
3.041093
1.778299
1.770196
1.503209
3.259868
2.469007
3.431197
3.344800
2.699171
2.526735
2.161913
2.921194
3.080848
3.188590
2.868140
2.557085
2.323520
2.535981
1.724953
2.341204
1.974802
1.582555
1.677117
1.588622
1.436386
1.436386
1.136243
1.878851
2.063213
2.021548
1.590474
1.426520
1.931933
1.622795
1.484987
1.473110
1.815987
1.787960
1.930747
1.873747
1.951574
1.797020
1.887341
2.094064
2.089574
1.962336
2.009876
2.115066
1.120981
2.527866
2.119827
3.276919
2.277895
2.420362
3.361721
3.383025
2.777579
2.609887
3.361721
3.387151
1.709150
2.676612
2.460515
3.348541
2.868140
1.564199
1.240497
1.282178
1.216759
1.151416
1.092015
1.597085
1.868157
1.484532
1.484532
1.591621
1.617942
2.019809
1.501603
2.093060
2.088455
2.135598
2.088455
1.919286
1.394752
1.603909
1.566326
1.693091
1.864559
2.036467
2.189078
2.302713
2.308656
2.180997
2.134715
2.053111
0.717513
2.023539
1.840870
2.327770
2.376009
2.475913
2.376009
1.819711
1.819711
2.331140
2.416751
2.803388
2.626578
3.028897
2.962012
2.524960
2.534936
3.099424
3.333411
3.362176
3.322251
3.245144
2.373719
2.605843
3.414941
3.344800
3.278578
1.911106
2.299788
2.257631
1.901393
2.673525
1.944770
3.035849
2.035535
1.976008
2.291497
1.683678
1.701263
2.425094
2.116712
1.966315
1.052962
1.549201
1.713555
1.597085
1.691890
1.484532
1.415645
1.311683
1.527055
1.478684
2.019809
1.527055
1.868157
1.597269
1.612053
2.135598
1.612093
1.287072
1.133718
1.319038
1.818081
1.650078
1.574322
1.494848
1.758251
1.864559
1.770095
1.844504
1.911007
1.757047
1.890715
1.797020
1.962336
1.844504
2.146106
2.230430
2.214563
2.141559
1.884352
2.521382
2.611314
2.416751
2.584126
2.119827
2.296462
2.584126
2.749496
2.652843
2.652843
3.146863
3.252606
2.840526
2.041511
3.099424
1.672982
2.676612
3.245144
2.795949
3.046990
1.963625
2.871503
2.871503
2.826352
2.022089
2.806678
2.557085
2.595981
2.473455
2.473455
2.473455
1.564199
2.200665
1.162765
1.240497
1.422400
1.604004
1.485618
1.483518
1.442780
1.350792
1.878851
1.358663
1.548346
1.574369
1.539827
1.760994
1.538509
1.597549
1.538509
1.564360
1.742366
1.840282
2.079595
1.976862
1.757047
2.129594
2.351642
2.156947
2.306193
1.730401
2.167179
2.503133
2.475913
2.252168
1.777061
2.485164
2.497600
2.257993
1.673161
1.896722
2.534936
2.732397
3.146863
1.976100
1.999454
3.187170
2.393656
2.605843
1.603541
2.414104
1.991130
3.250421
3.250421
3.080848
2.897079
2.767710
2.557085
2.331720
1.914171
1.934828
1.162765
0.973720
1.422400
1.601875
1.360374
1.396429
1.417019
1.616206
1.846164
2.009517
1.662652
1.538509
1.722858
1.618589
1.773960
1.766144
2.036467
1.844504
2.139984
2.115912
2.317103
2.317788
2.327544
2.316982
2.126647
2.075027
2.075027
0.793795
2.057031
0.905382
1.028351
1.884352
2.178677
1.926711
1.836202
2.115172
2.666154
2.714094
2.409428
2.296462
2.220121
2.730326
2.541279
2.409428
3.172903
3.322251
2.717161
1.735474
2.893113
3.278578
1.729407
1.861723
1.810615
3.029845
3.250421
1.988404
2.767710
2.611469
1.913189
2.275427
2.063933
1.301218
1.524758
1.553684
1.466724
1.582555
1.333224
1.285977
1.422658
1.422658
1.087514
1.483518
1.218659
1.376240
1.713555
1.601875
1.739082
1.613790
1.344262
1.860767
1.920046
1.399682
1.498989
1.817701
1.971065
1.743080
1.584314
1.862206
1.976862
2.202953
2.212892
2.115912
2.271044
2.311775
2.178558
2.236465
2.165174
2.126647
2.168087
0.878090
2.353622
1.185152
0.975238
1.105984
2.376988
2.252668
2.567229
2.546365
2.485164
1.863037
2.115172
2.167179
3.028897
2.870417
2.376857
2.296462
3.028897
2.437301
3.182616
2.827549
2.652460
2.643287
3.056122
1.470009
3.199145
3.096714
2.997281
3.135114
3.275736
1.704334
1.689325
2.174351
2.022089
1.486683
1.911804
1.325456
1.218350
0.911741
1.328572
1.376240
1.324072
1.409673
1.590550
1.601875
1.571571
1.695140
1.932003
1.520875
1.682411
1.975750
1.707475
1.752873
1.818342
1.840282
1.813828
2.056550
1.822842
2.060298
2.170947
2.202953
2.249340
2.330323
2.334736
2.284199
2.217527
0.814620
0.736416
2.160876
1.944758
2.190756
1.970768
1.590187
1.858958
2.599191
1.990599
2.167179
2.439504
3.146863
2.841487
2.220121
2.281165
2.062407
3.187170
3.187170
1.744807
3.182616
3.172903
2.541279
3.172903
2.717161
2.931706
2.570569
1.900557
2.759242
2.875841
1.574198
1.791998
1.456560
1.485991
1.409673
1.248272
1.476728
1.253736
1.342626
1.622795
1.974740
1.974740
1.662652
1.798160
1.689049
1.963097
1.963097
1.895708
1.934524
2.272673
2.207737
2.079553
2.239661
1.765931
2.358848
1.443790
1.662369
1.570881
2.485164
2.159922
2.094973
3.187170
2.171840
2.437301
2.420012
1.851472
2.062407
1.738874
2.287316
1.624330
2.439504
3.056122
2.672335
2.721612
2.759242
2.696697
2.172981
1.989858
2.132737
1.807336
1.862057
1.911804
1.120881
0.870414
1.120881
1.328572
1.011535
1.195606
1.344119
1.329118
1.403149
1.401852
1.679901
2.038263
1.650078
1.690885
1.822713
1.512351
1.604836
1.793747
1.728341
1.963097
1.963097
1.962539
1.895346
2.109648
2.004212
2.139984
2.270011
2.334736
2.235705
2.227673
2.042875
2.042875
2.021292
1.773016
2.602808
2.069726
2.069726
2.714094
1.645002
2.008073
1.788177
1.710736
2.159922
2.094973
1.714794
1.673161
2.391863
1.824413
2.515943
2.606646
2.935300
2.623450
2.679670
2.563072
1.339556
2.168881
1.396116
1.138282
1.169916
1.362644
1.305589
1.195606
1.285460
1.409673
1.174497
1.085397
1.183285
1.173953
1.592417
1.875617
1.830002
2.106618
2.239053
2.232709
2.170947
2.259677
2.143313
2.079553
1.204540
2.502788
2.333317
1.950951
2.602808
2.714094
2.602808
2.333317
1.849972
2.497600
2.289056
2.461836
2.461836
2.608518
2.721612
2.767710
2.609303
1.953946
2.472841
1.885223
1.430824
1.333224
1.085397
1.404100
1.393504
1.504728
1.410034
1.938197
2.009517
1.704362
1.704362
1.546022
1.705915
1.815192
1.754335
1.807935
1.911757
1.962539
2.227574
2.111343
2.117998
2.111343
2.271864
2.264746
2.085363
2.208301
1.970768
1.026517
0.872791
2.305063
1.217685
1.443790
1.273121
1.732593
1.741733
1.470667
1.752679
1.667307
1.770552
2.617371
1.851472
1.733505
1.578532
1.624330
2.526574
2.716260
2.331459
2.787680
2.875841
2.069001
2.339849
2.069001
2.875841
2.750582
2.472841
1.625857
2.875841
2.472841
1.625857
2.000812
1.906144
2.059433
1.906144
1.395551
1.430824
0.938920
0.972269
1.299846
1.299846
1.266114
1.215852
1.369235
1.497478
1.592417
1.260982
2.006750
2.006750
1.767853
1.726438
1.963097
1.987948
1.780273
2.206311
2.009932
1.876172
2.205588
2.148036
2.141393
2.260684
2.260684
2.244180
2.184248
2.037152
2.080142
2.353622
2.438074
1.806112
1.618629
1.713551
1.687169
2.159922
1.806220
2.526574
2.333891
1.444937
1.565862
2.843920
1.551425
2.711249
2.394793
2.567269
1.900557
2.518633
2.415177
1.906144
1.881561
1.988908
2.052618
1.949450
1.264674
0.842797
1.324072
1.195606
1.328295
1.212153
1.296564
1.782908
2.006750
2.006750
1.943269
1.659254
1.722835
2.096746
2.104607
1.830002
2.111735
2.206311
2.001927
2.061100
0.694157
0.828312
2.068343
0.783512
0.934226
1.849972
1.745805
2.008073
2.475297
2.633052
2.482088
2.526574
2.716117
1.674473
2.570569
2.528386
2.787680
2.833428
2.611102
2.833428
2.711249
1.969691
2.550906
2.247261
2.115135
2.308614
1.890644
1.909342
1.681391
0.883636
0.906823
0.980718
1.241136
1.278000
1.497478
1.411317
1.359079
1.892177
1.864410
2.037167
2.169538
2.162626
2.151592
2.234864
2.162427
2.259677
2.184248
2.143313
1.981563
2.105313
2.251141
2.028545
2.486892
2.395984
2.486268
2.502788
2.502788
1.736435
1.671604
2.130141
1.733505
2.482333
2.461836
2.787680
2.828569
2.700655
2.331459
2.491729
2.787680
2.688722
1.649838
2.711249
2.334424
2.362691
2.247261
1.531900
2.209106
2.209106
1.960266
2.144092
1.441988
1.652280
1.427914
1.427914
1.988908
1.802215
1.484736
1.750680
1.688568
0.838205
1.174994
1.152062
1.253626
1.279500
1.295249
1.265328
1.283302
1.287672
1.402415
1.303988
1.614352
1.400559
1.732542
1.925760
1.753310
1.795007
2.058932
2.078665
1.801375
1.937745
2.250400
2.269508
2.272396
2.239053
2.068343
2.385020
2.296072
2.457637
1.879420
1.824342
1.561078
1.763173
1.638136
1.908497
2.362098
2.449367
2.568198
1.655229
2.449367
2.429076
2.209255
2.461836
2.563072
1.574254
2.078703
2.567269
1.735933
1.785260
1.765422
1.785260
2.214984
2.115135
1.960266
1.909342
2.123551
1.430824
1.149376
1.160237
1.299277
1.215784
1.370252
1.368229
1.215381
1.291298
2.027049
2.027049
2.152929
2.027049
1.191163
1.125056
1.848753
1.925760
1.685428
2.104607
2.050189
2.207110
2.106618
2.233709
2.037298
2.087652
2.197690
2.075255
0.780868
2.135937
1.844236
1.072812
2.498018
2.353622
2.568198
2.266737
2.387703
1.832771
2.298854
2.298854
2.540651
2.037031
2.415177
2.057863
1.930433
1.410771
1.270712
0.975675
1.178340
1.757446
1.287672
1.243016
1.983693
1.156246
1.772635
1.772635
1.573975
1.697613
1.646360
2.093421
2.084670
2.207110
2.244878
2.246262
2.273417
2.180501
2.180501
1.981563
2.004260
1.907439
2.453440
1.201202
1.761946
2.387703
2.043095
1.886882
1.692626
2.531188
2.449367
2.458392
2.179516
2.362098
2.478466
2.709556
1.573459
2.540651
2.088428
1.939999
2.088428
1.680604
2.491729
2.396740
1.753417
2.242008
2.080103
1.822987
1.642951
2.155958
1.521514
1.980610
2.041154
0.938920
0.972269
1.139491
1.003469
1.267080
1.247098
1.209239
1.370435
1.146166
1.306928
1.586210
1.830785
1.985050
1.687984
1.985050
1.508510
1.620241
0.901585
0.956202
1.680775
2.082944
2.093421
2.086927
2.083896
2.058932
2.087187
2.220584
2.244001
2.222862
2.267569
2.233709
2.267569
2.326485
2.057496
2.181727
2.185365
0.742400
2.453646
1.858033
1.260236
1.408909
2.043095
2.062877
2.140548
2.045764
2.093516
2.045764
2.047520
2.248590
2.263720
1.744649
1.913959
2.326634
1.751393
2.611102
2.688722
2.209255
1.846066
2.311166
1.999538
2.242008
1.817174
1.959794
1.751393
2.037031
2.378382
2.115135
2.144092
1.757697
1.423542
1.398768
1.441988
1.289667
1.346901
0.883636
0.883636
0.844081
1.091851
1.247098
1.270812
1.375267
1.253626
1.732150
1.757446
1.917424
1.842933
2.004233
1.983693
1.303816
1.754963
2.051457
1.358197
1.494667
1.626880
1.615028
1.572676
1.704836
1.581627
1.617973
2.054040
2.085750
1.766599
2.104607
1.848454
2.219929
2.288182
2.276904
2.244203
2.321020
2.279392
2.258264
2.203618
2.257894
2.040622
2.083350
2.436381
0.651099
1.441792
1.868314
1.634087
1.868314
1.995833
1.771402
2.140548
2.434322
2.157062
1.676377
1.892116
1.908827
2.128831
2.420465
2.663498
2.018904
1.652280
1.423542
2.011564
1.805281
1.892608
1.710334
1.458169
1.372318
0.925336
1.077337
1.045760
1.267080
1.252673
1.306928
1.105972
1.103435
1.638037
1.919876
1.233054
1.233054
1.954865
1.754963
2.051457
2.075876
2.075876
1.633722
1.529055
2.077482
2.086927
2.078044
2.105373
2.244989
2.281496
2.072194
2.385271
2.291354
2.268170
2.312904
2.312049
1.072490
2.453440
1.688104
1.707087
1.620040
1.644701
2.140548
2.266737
2.093516
1.930831
2.197866
2.010723
1.858579
1.930831
1.858579
1.705379
2.410481
1.969245
1.969245
1.599217
1.920567
1.904823
1.742886
1.372318
0.819212
0.856757
0.941115
0.881249
0.926169
1.177731
1.393094
1.252118
1.466306
1.015023
1.484844
1.439928
1.375267
1.585956
1.520425
1.350677
1.295249
1.243016
1.842933
1.985050
1.868562
1.277216
1.475454
0.732178
0.746381
2.062111
2.101788
2.067222
2.135590
2.085750
1.846032
2.096343
1.800937
2.087159
2.288182
2.205714
2.280679
2.325318
2.354234
2.473821
2.436381
1.072490
0.983124
2.466885
1.095711
1.538708
1.868314
2.062877
1.995833
1.803855
1.868005
2.219452
2.097486
2.157062
2.340730
2.508632
2.293280
1.784978
1.809249
1.961011
2.002881
1.537385
1.626944
1.625567
1.519994
0.855231
0.744050
1.302569
1.177731
1.540550
1.586210
1.425304
1.486290
1.550635
1.371099
1.231650
1.329201
1.343889
1.732150
1.377260
1.705098
1.724489
1.901526
1.889205
1.277216
1.376717
1.573975
1.697734
1.687259
1.649733
1.872105
2.218648
2.238066
2.049896
1.985732
2.247315
2.190600
2.205055
2.263804
2.052218
2.059193
2.022678
2.040348
1.984639
2.372900
1.891761
1.902837
0.941223
0.983124
2.464785
2.436032
2.400980
1.451881
1.808437
1.868314
2.236557
2.236557
1.724458
2.540651
1.999538
2.256132
1.643925
2.018904
1.607692
1.470076
1.672595
1.541513
1.541513
1.470076
1.468146
1.522491
1.594302
0.961434
1.252118
1.419440
1.658344
1.800927
1.206710
1.107300
1.535426
1.600407
1.471727
1.432983
1.477900
1.585630
0.797372
2.101788
2.083549
2.101788
1.725741
1.795007
1.808435
2.194816
2.133506
2.143850
2.204840
2.227776
2.219285
2.280400
2.231183
2.366874
2.438656
2.290731
1.880136
0.907015
2.429104
0.983124
1.311347
1.644701
2.012292
1.854028
2.168477
2.338679
2.235822
2.153841
1.454629
1.961011
1.552611
1.004070
0.982178
0.811063
0.865651
1.369332
1.529649
1.320016
1.227378
1.461942
1.320016
1.595794
1.685132
1.443492
1.619027
1.206642
1.902219
1.989416
1.871968
1.332466
0.987055
0.931372
1.580878
2.083549
1.668878
2.077849
1.725741
2.118031
2.049896
2.184880
2.183457
2.049152
2.390617
2.101505
2.066664
2.064528
2.473821
1.891761
0.913136
1.638587
1.523976
1.743457
2.073228
1.923085
2.073228
1.820999
1.854028
2.235822
2.065291
1.710004
1.710004
1.689981
1.659813
0.855231
0.922179
1.138733
0.982178
0.961434
1.346912
1.461942
1.072431
1.619027
1.522995
1.420744
1.622078
1.653172
1.691921
2.002062
1.741845
1.902219
1.463786
2.063155
2.095081
2.095081
2.128014
2.149839
2.121397
2.137722
2.077849
2.117710
2.146218
1.893526
2.183600
2.217361
2.120564
1.957487
2.205055
2.228684
2.427855
2.206669
2.285953
1.728075
0.934920
0.824069
1.689024
1.606451
2.033794
2.100566
1.576532
2.331028
1.661243
1.550270
2.045397
1.729883
1.550270
1.851540
1.607692
1.851540
1.404934
1.701336
1.590046
1.549091
1.011270
0.841259
0.884744
0.898125
1.027242
1.225178
1.460388
1.187515
1.412012
1.122659
1.204481
1.619640
1.868562
1.714857
1.735751
1.859276
0.977475
2.135590
2.008383
2.208764
2.268169
2.233078
2.116376
1.986590
2.157422
2.013957
2.118912
2.417359
1.968530
2.438437
1.150621
1.200504
1.150621
1.606451
1.517831
1.550604
1.819727
1.820999
2.256499
2.112823
2.330876
2.235822
1.549763
1.376644
1.459463
1.442097
0.938910
0.938910
1.126369
1.126742
1.159365
1.346912
1.126742
1.619027
1.025673
1.685132
1.585504
1.218879
1.640133
1.829225
1.884982
1.460119
1.643607
1.665267
1.794396
2.146351
2.102475
2.183600
2.257666
2.202530
2.265767
2.265767
2.039198
2.417359
2.390617
2.468836
2.480336
2.437570
2.191694
1.693590
1.557367
1.627545
1.557367
1.249154
1.906178
2.106871
1.886507
1.473179
1.607692
1.606848
1.549763
1.433540
1.442097
1.413702
0.988997
0.988997
1.027242
1.253616
1.206642
1.844115
0.841108
2.041791
0.776738
2.041791
1.637191
2.101352
2.129030
2.116059
2.189828
2.153575
2.222163
2.417359
2.329282
2.425225
2.437570
1.612272
2.423445
2.367201
1.636730
1.374398
1.623731
1.819727
2.055798
1.965738
1.480509
1.834508
1.968738
1.574535
1.646860
1.314867
1.454225
1.045282
1.049912
0.982949
1.084566
1.253120
1.510530
1.049844
1.120186
1.755516
1.367133
1.420276
1.367281
1.367133
1.640133
1.704836
2.063155
0.781200
0.719043
2.075785
2.095081
2.121397
0.736312
2.090022
2.101352
1.841429
1.794396
2.061989
2.207086
2.208289
2.159965
2.105739
2.218039
2.304384
2.038814
2.314002
2.480336
1.905583
0.722197
1.075786
1.010176
1.498711
1.347672
1.510303
1.597416
1.756336
1.850487
1.403017
1.880624
1.550604
1.548967
1.868947
2.112823
1.611923
1.465262
1.454629
1.437982
1.326379
1.031148
1.910036
1.755516
1.477481
1.655840
1.473159
1.978133
2.149839
1.968962
2.061989
2.061989
2.117710
2.156579
2.133729
2.246682
2.057543
1.986590
2.013957
2.078388
2.288084
2.184586
1.905583
2.363608
0.893272
1.010176
1.134707
1.827997
1.779541
1.943406
1.595864
1.440047
1.903985
1.465262
1.557272
1.375957
1.318824
1.326379
1.413702
0.982949
1.108789
1.108789
1.215199
1.031148
1.080764
0.992240
1.133470
1.348661
0.993746
1.100246
1.082518
1.664745
1.297168
1.381288
1.855582
1.445331
1.434762
1.602797
1.610383
1.610383
1.620544
1.957067
2.055902
2.019718
2.090022
1.718804
2.112363
2.075785
1.772501
0.729217
2.112363
2.174269
2.115232
2.191664
2.222074
2.245108
2.218039
2.062211
1.982515
1.959062
1.947467
2.425225
2.380086
2.442883
0.891494
1.630846
1.523468
1.500125
1.366737
1.932757
1.903985
1.483640
1.483640
1.472112
1.839763
1.650641
1.803717
1.600313
1.733564
1.498930
1.436305
1.331584
0.966554
1.253120
1.348661
1.019069
1.400774
1.234059
1.181243
0.939341
1.148230
1.472909
1.660630
1.664745
1.560851
1.595505
1.603554
1.984149
2.056713
2.079313
2.050371
2.102475
2.163693
2.229421
2.062211
1.919073
1.927824
2.073289
2.419460
2.419460
2.382788
2.419460
2.171101
2.300152
1.522573
1.642697
1.533419
1.743046
1.717221
1.660355
1.923188
1.295066
1.402032
1.539560
1.278520
1.423835
1.163365
1.261397
1.023983
1.107812
1.159574
1.303462
1.082518
1.033983
1.510530
0.907644
1.828992
0.887598
1.926690
2.021998
1.718804
1.672302
2.034075
2.020813
1.937492
0.761608
2.117993
0.650545
2.265881
2.397536
2.234458
2.375311
2.090522
1.918416
1.082053
1.076635
1.610281
1.406999
1.590494
1.710089
1.872938
1.782172
1.577409
1.403271
1.438977
1.387420
1.346493
1.334137
1.201816
1.303462
1.140191
1.149510
1.738205
1.849283
1.498991
1.717891
1.482792
1.560851
1.708672
0.884300
1.610383
1.995827
1.548724
0.841619
2.055902
2.090092
0.786909
0.829208
1.735369
2.034075
2.023537
0.726513
2.150916
1.988346
2.183899
2.143975
2.004195
0.577634
2.213913
2.170483
2.229421
2.215969
1.883537
1.929894
0.955768
1.215244
1.309339
1.464778
1.410467
1.434693
1.714834
1.641892
1.446196
1.396555
1.537999
1.455232
1.537999
1.018338
1.018338
1.100788
1.107812
1.018338
0.934696
1.409786
1.516921
1.254697
1.184505
1.381288
1.374071
1.482792
1.841998
1.706421
1.858387
1.978133
2.082796
0.786909
2.149839
0.849656
1.978282
2.057398
2.170483
2.092401
0.685976
2.049175
0.577634
0.638577
2.012584
2.049175
1.919073
2.352598
2.382788
2.414240
1.874023
0.851946
0.859643
1.215244
1.215244
1.283418
1.621545
1.783671
1.872938
1.423664
1.597257
1.641892
1.700359
1.454325
1.341760
1.570842
1.470184
1.398093
1.018278
1.041190
1.250677
1.159574
1.157477
1.157477
1.798771
1.685659
1.227525
1.385330
1.582496
1.582496
1.978133
1.599652
1.884520
2.135244
2.128929
2.105882
2.089504
2.182227
2.163784
0.686598
0.713260
1.953933
1.953933
1.902160
1.996323
2.367087
2.250051
2.094850
1.846154
1.774202
1.095801
1.383646
1.867819
1.830860
1.745783
1.620734
1.783671
1.548196
1.113380
1.333679
1.238125
0.957673
1.333679
0.844093
0.882158
1.211334
1.213418
1.301726
1.534031
1.688372
1.912719
1.968754
1.941884
0.786909
2.023537
0.901652
0.883086
0.918144
0.849656
1.947060
2.031545
2.105882
2.043388
1.966232
2.163693
0.601107
0.748896
0.598342
2.416531
2.460738
2.324256
2.313658
2.324256
2.352598
1.908115
1.882472
1.882472
1.692191
1.590494
1.859731
1.624239
1.752859
1.041190
0.957673
1.041190
1.389064
1.528689
1.301726
1.299755
1.630396
1.748053
1.677606
1.778532
1.785307
1.748053
1.278342
1.785307
1.599652
1.382870
1.261010
1.812126
1.739213
1.479298
1.582699
1.922962
1.807827
1.891342
2.002323
2.002323
1.744970
2.002085
1.881330
1.930030
0.852983
2.014376
2.023020
0.746682
1.978282
1.918788
2.110143
0.953981
0.828026
0.898545
2.103932
2.076982
2.019795
2.160874
2.098801
0.752678
0.805256
2.002582
0.717203
1.847257
1.925747
0.711035
0.661078
0.717203
2.165912
1.721233
1.175379
0.977912
0.906412
1.882472
1.387981
1.740986
1.509233
1.432967
1.454325
1.029639
0.941647
0.844910
1.334786
1.717041
1.149510
1.445459
1.283267
1.858387
1.783954
0.894200
0.850480
0.880606
1.808042
1.446663
1.371729
1.466769
1.582699
1.778848
2.024916
2.051299
2.099518
1.011879
1.100543
1.961874
2.167104
2.163784
2.160874
0.801903
1.768388
0.709457
1.996323
2.212910
2.460738
2.416531
2.416531
2.094850
1.887842
1.982267
1.749292
1.456612
1.326501
1.845806
1.845806
1.639251
1.455569
1.509233
1.620734
0.927465
0.941647
1.389064
1.498579
1.092813
1.789204
1.445459
1.567527
0.891435
1.196266
1.808042
1.371729
1.698123
1.865895
1.930872
0.958100
1.930872
2.024916
1.819125
0.883086
1.984934
0.976920
0.990923
2.078938
2.086010
2.086010
2.033051
1.961874
2.177872
0.801903
1.858768
0.666999
1.767799
1.814882
2.288290
2.233898
1.151878
1.067603
1.066583
1.251759
0.494344
0.839604
1.882472
1.442418
1.694377
1.771002
1.867819
1.772020
1.408146
1.418045
1.389704
1.025721
0.994814
1.430227
1.613961
0.915502
0.880606
1.684247
1.559792
1.095124
1.796507
1.774255
1.796507
1.181026
0.912776
1.900680
1.362824
1.261010
1.477297
1.591037
1.708407
1.639597
1.729208
0.958100
2.051299
1.989745
0.932702
2.031195
2.033051
1.866265
0.860878
2.086508
2.167104
2.140233
1.916996
0.840237
0.919737
0.919737
1.049516
1.228822
1.100543
0.685976
0.833166
0.817202
0.801903
0.760280
1.163000
2.288290
2.165571
2.059021
1.610617
0.683505
0.621928
1.586973
1.326200
1.601799
1.780963
1.369216
1.289084
1.345935
1.421573
1.508872
1.430227
1.559792
0.988351
0.965262
1.628742
0.988351
1.454745
1.742243
0.990133
1.076933
1.089979
1.861851
1.652546
1.155426
1.794214
1.751307
1.742243
1.798840
1.798840
1.801925
1.771404
1.743041
1.253895
1.052312
1.013971
2.004219
1.958953
2.058266
1.984775
1.082551
2.086508
2.044646
2.104361
1.036346
1.292231
1.599027
0.783355
2.134082
1.011879
0.963718
0.867632
1.926182
0.768380
0.776144
1.913823
2.016072
1.907253
1.073846
0.804079
1.087073
2.379621
2.165571
1.002168
1.101428
0.850420
1.004839
0.628897
1.238071
1.252351
1.652584
1.566725
1.584039
1.076933
0.990133
1.708407
1.989745
1.948883
1.522586
1.100204
1.121912
1.933985
1.848177
1.249090
1.455207
1.280720
1.866721
2.044646
1.117632
1.429545
2.134082
2.081572
2.081572
2.167104
1.982812
1.921245
1.929875
1.860356
0.968193
0.984202
0.979981
1.052066
2.101997
2.184772
1.148053
2.249935
1.976547
1.821133
1.052285
1.458530
1.881925
1.800300
1.522676
1.639742
1.581720
1.678327
1.383324
1.412616
1.408265
1.361929
1.398311
1.562797
1.832364
1.832364
1.909988
1.791222
1.951264
1.848177
1.602212
1.848177
1.148147
1.639289
1.617081
1.617081
2.122750
2.127472
2.127472
2.140233
1.564655
1.356046
1.019610
0.817202
1.019610
0.824900
0.880790
1.045757
1.052066
1.052066
2.249935
2.263215
2.249935
1.611505
1.144258
1.837264
1.887059
1.837264
1.788904
1.553671
1.819581
1.804316
1.831092
1.903896
1.894959
1.703188
1.758655
1.602212
1.984817
2.122750
1.885771
1.809689
1.625243
2.033157
1.943544
1.860356
0.824900
0.979981
2.101997
1.944557
2.263215
2.076828
1.651461
1.473433
1.460719
1.612243
1.791088
1.825129
1.504444
1.943236
1.871607
1.975339
2.044646
1.877655
1.870015
2.053262
1.149753
1.207017
1.917622
0.871322
0.973682
2.337929
2.317524
1.163000
1.713196
1.441370
1.360395
1.911369
1.955733
1.943236
1.947074
2.053262
2.053262
2.053262
1.810860
1.866721
1.786166
1.599027
1.110646
1.976984
1.836357
2.150585
1.966628
1.045757
0.968193
1.125908
1.089166
1.874690
2.104123
1.723827
1.148053
1.087073
1.794958
1.609827
1.706382
1.408413
1.747381
1.662629
1.704264
1.976254
1.872324
1.833588
1.856332
1.845482
1.937529
0.923233
2.226283
2.084064
2.148201
1.987266
1.143441
1.119750
1.176812
1.821133
1.268033
1.209811
1.772738
1.794958
1.794958
1.410754
1.837264
1.708847
1.443186
1.747275
1.891952
1.758327
1.919960
1.645067
1.937106
1.919960
1.458325
1.961184
1.954590
1.862327
0.923233
0.945516
1.842232
0.923233
2.156646
2.249495
2.043641
1.172734
1.125908
1.775978
1.722907
1.722907
1.570967
1.722018
1.506050
1.597624
1.684263
1.765100
1.615007
1.653818
1.615007
1.467383
1.532638
1.367891
1.719083
1.847230
1.822390
1.737035
1.961983
1.987957
1.882430
1.962150
2.249495
2.249495
2.226283
2.150585
2.003827
1.871390
1.741989
1.821133
1.666193
1.528680
1.386479
1.426511
1.321522
1.637625
1.637625
1.537096
1.716264
1.716264
1.795043
1.810860
1.778514
1.335124
1.783182
1.809986
2.061854
1.961578
1.970591
1.970591
1.969709
2.120906
1.880544
2.070141
1.182060
1.182060
1.658834
1.209811
1.838427
1.158079
1.788904
1.863834
1.356451
1.469869
1.507048
1.549599
1.453399
1.523475
1.716264
1.713339
1.778514
1.682188
1.714607
1.475558
1.159291
1.802312
1.838632
1.838632
1.085940
2.018358
2.164847
1.800104
1.882430
2.156646
1.163410
1.155923
1.196430
1.596338
1.838427
1.361862
1.424527
1.387531
1.390528
1.477128
1.800611
1.569542
1.292038
1.832794
1.159291
1.875006
1.932253
1.961578
2.153376
2.153376
2.105282
1.849319
1.987957
1.028924
1.009540
1.657151
1.079236
1.654616
1.589685
1.563635
1.528680
1.772738
1.736595
1.816715
1.838427
1.492865
1.630064
1.556231
1.563215
1.493879
1.718942
1.809197
1.888720
1.799671
1.910621
1.951471
1.825491
1.143441
1.502841
1.502841
1.596338
1.777351
1.258069
1.445467
1.485469
1.682609
1.719494
1.507048
1.413271
1.255176
1.443186
1.653050
1.468856
1.556231
1.435187
1.638033
1.635286
1.625270
1.379662
1.458479
1.191124
1.146134
2.073282
1.864683
1.799671
1.858820
1.106647
1.059628
2.164847
2.078248
1.073238
1.825491
1.121932
1.189393
1.777351
1.455800
1.318965
1.563635
1.538400
1.762690
1.597361
1.547158
1.616323
1.527401
1.456935
1.662620
1.786994
1.768395
1.203999
1.858820
2.192140
1.962332
1.679450
1.622524
1.073238
1.654616
1.299993
1.272233
1.777351
1.748330
1.762690
1.459110
1.672523
1.616323
1.616323
1.409745
1.388535
1.612651
1.495814
1.542798
1.423040
1.847464
2.125219
2.151953
1.912610
1.090820
1.679450
1.096063
1.230436
1.475663
1.559714
1.674335
1.785034
1.569914
1.487996
1.616323
1.603300
1.418767
1.415798
1.635286
1.696027
1.712544
1.379662
1.720956
1.681519
1.735658
1.706222
1.921753
2.043602
2.151953
1.912610
1.928004
2.192140
1.666331
1.194331
1.849319
1.194331
1.776429
1.163874
1.184367
1.118531
1.239229
1.171747
1.258523
1.223714
1.260167
1.834232
1.834232
1.422979
1.417475
1.482399
1.435187
1.530907
1.557813
1.425309
1.260138
1.585839
1.764594
1.764594
1.764594
1.177309
1.927367
1.661763
1.666331
1.788351
1.674335
1.674335
1.651730
1.223714
1.651730
1.320867
1.322333
1.322333
1.250354
1.449789
1.434196
1.604439
1.641483
1.449789
1.547158
1.523966
1.422918
1.941978
1.941978
2.005943
1.809285
1.169162
1.095439
1.689155
1.503807
1.534199
1.534199
1.389563
1.373943
1.455670
1.557985
1.641483
1.539771
1.322333
1.354289
1.369097
1.485094
1.344907
1.422621
1.456468
1.480432
1.500082
1.874404
1.248603
1.848749
1.921753
1.469051
1.634870
1.349861
1.319779
1.220554
1.273495
1.323306
1.292002
1.405872
1.381325
1.479412
1.147506
1.271879
1.543618
1.661786
1.139325
1.796806
1.128376
1.169162
1.679450
1.679450
1.192950
1.334605
1.210503
1.273495
1.193714
1.470058
1.238194
1.418480
1.458402
1.547158
1.329737
1.798729
1.806603
1.579738
1.579738
1.648045
1.796806
1.661763
1.565494
1.510513
1.622524
1.419718
1.276512
1.491082
1.528181
1.315235
1.438720
1.313073
1.539771
1.432134
1.278130
1.185979
1.185979
1.434764
1.732180
1.583690
1.480417
1.176819
1.578182
1.405609
1.359589
1.484912
1.345291
1.323593
1.273495
1.246413
1.340003
1.438720
1.338621
1.347383
1.413254
1.283327
1.795839
1.237769
1.236512
1.264122
1.181104
1.267808
1.266528
1.309170
1.429957
1.405905
1.309170
1.332007
1.332007
1.332007
1.315808
1.458402
1.396295
1.322620
1.434196
1.338507
1.153476
1.313033
1.247153
1.484529
1.666331
1.419227
1.384254
1.388374
1.294264
1.183424
1.480417
1.192950
1.553587
1.266279
1.320983
1.406911
1.322503
1.163642
1.476066
1.294264
1.255510
1.068834
1.045779
1.211434
1.108039
1.270578
1.283327
1.097765
1.068753
1.346858
1.219746
1.034307
1.208330
1.159198
1.148185
1.236950
1.642224
1.506845
1.642224
1.642224
1.481618
1.625813
1.625813
1.364223
1.660217
1.516693
1.391334
1.442590
1.266279
1.266279
1.419718
1.488060
1.382794
1.354078
1.460656
1.453041
1.418166
1.312881
1.457948
1.587875
1.613201
1.440074
1.479915
1.461474
1.428057
1.449138
1.419041
1.388374
1.356174
1.242053
1.419041
1.387489
1.372538
1.148411
1.375117
1.172307
1.286005
1.294264
1.233390
1.119032
1.097765
1.219746
1.294491
1.075268
1.526585
1.441962
1.091951
1.093973
1.188735
1.294442
1.341946
1.416937
1.286477
1.315808
1.356062
1.416937
1.340015
1.311584
1.537020
1.506845
1.487021
1.566416
1.566416
1.372313
1.090086
1.213403
1.195530
1.496194
1.371681
1.481618
1.211267
1.697495
1.627307
1.660217
1.307744
1.583530
1.622530
1.391334
1.442108
1.451465
1.511772
1.155449
1.291875
1.467721
1.399569
1.627307
1.410543
1.325233
1.460656
1.256758
1.426765
1.467721
1.360651
1.467721
1.457948
1.435417
1.341946
1.337612
1.283275
1.218797
1.276512
1.479915
1.461600
1.449138
1.128946
1.040814
1.148411
1.376303
1.442845
1.403707
1.277629
1.323237
1.361751
1.209753
1.257982
1.189127
1.321533
1.265353
1.221452
1.147491
1.132703
1.046710
0.995292
1.097765
1.157931
1.138272
1.136046
1.138272
1.294491
1.232995
1.280095
1.306651
1.367962
1.061571
1.170216
0.998656
0.998656
1.291333
1.194625
1.263774
1.309608
1.448682
1.109226
1.418245
1.447447
1.448143
1.566416
1.371681
1.168749
1.347874
1.585928
1.501203
1.386723
1.162157
1.318461
1.466790
1.399569
1.045885
1.180302
1.328962
1.296400
1.209753
1.136174
1.253211
1.290079
1.060445
1.095479
1.179248
1.140565
1.095479
1.255885
1.097395
1.166562
1.145254
1.347460
1.238833
1.479525
1.267122
1.196969
1.162157
1.347874
1.392497
1.334545
1.202355
1.154135
1.311795
1.304463
1.102033
1.206366
1.136174
1.231883
1.209753
1.136174
1.206366
1.140565
1.282587
1.242583
1.231468
1.334067
1.319083
1.285627
1.202355
1.251333
1.312411
1.275898
1.309227
1.265146
2.421516
2.608684
2.653092
2.309376
2.421516
2.469252
2.487855
2.492470
2.645543
2.473137
2.473137
2.487855
2.380835
2.332987
2.334008
2.473137
1.987948
2.016616
2.041053
2.664286
0.892639
2.759492
3.308541
2.421516
2.421516
1.976158
2.309376
1.219427
1.320111
1.444758
1.327431
1.303604
1.278311
3.017451
3.194636
2.231122
1.484342
1.977474
2.111735
1.285953
2.197866
1.015139
0.680624
0.601076
0.921287
0.702493
0.702944
0.779476
0.470101
0.526423
0.773526
0.740188
0.644674
0.814565
0.911025
0.960527
0.655966
0.721713
0.939685
0.841117
0.764167
