6330 1 3
1.397811
1.413946
1.443643
1.440337
1.437170
1.529353
1.437170
1.578767
1.607852
1.405807
1.534140
1.420574
1.483054
1.382691
1.653697
1.451164
1.512740
1.618266
1.366179
1.424068
1.638835
1.491987
1.440337
1.535650
1.712520
1.675531
1.738238
1.636361
1.366179
1.390736
1.452633
1.400596
1.550673
1.395630
1.441186
1.603686
1.578767
1.377081
1.501665
1.740812
1.685283
1.591072
1.655047
1.679491
1.710157
1.667438
1.424400
1.335764
1.348197
1.413862
1.452633
1.336634
1.589039
1.615976
1.441186
1.876293
1.331299
1.330782
1.378784
1.294184
1.528753
1.313650
1.515293
1.530123
1.567829
1.444642
1.589039
1.479317
1.603269
1.801268
1.861735
1.721002
1.281581
1.362555
1.275053
1.241137
1.497211
1.532014
1.547238
1.574582
1.528753
1.567829
1.717090
1.666652
1.535426
1.443745
1.836810
1.664090
1.874982
1.855461
1.623460
1.645729
1.746623
1.797233
1.180537
1.316567
1.323195
1.555178
1.318271
1.371332
1.631596
1.666652
1.797952
1.396805
1.493651
1.675953
1.897524
1.895547
1.758481
1.746623
1.867071
1.832304
1.895547
1.832304
1.801268
1.794942
1.375631
1.193631
1.266164
1.274173
1.238902
1.431020
1.313650
1.350793
1.241137
1.465216
1.567829
1.567829
1.408931
1.717090
1.637517
1.677911
1.779870
1.527512
1.375631
1.521173
1.497507
1.629353
1.355891
1.720278
1.745167
1.779870
1.751771
1.870095
1.907416
1.713031
1.575271
1.836810
2.000701
2.008387
1.958968
1.881375
1.928488
1.843036
1.794942
1.236125
1.199660
1.176499
1.220444
1.587764
1.207652
1.680416
1.662784
1.742953
1.527512
1.713031
1.752274
1.713031
1.782056
2.003541
1.993643
1.942788
1.843036
1.873454
1.906316
1.788983
1.844809
1.899601
1.875986
1.756922
1.265173
1.329825
1.299982
1.309644
1.417534
1.784788
1.673582
1.677009
1.677009
1.745167
1.463761
1.827020
1.897484
1.650651
1.951842
1.562930
1.771075
1.972323
1.797233
2.026138
1.821657
2.003416
1.942788
2.010498
2.023470
1.784099
1.823297
1.861567
1.899601
1.788983
1.821467
1.846894
1.833691
1.236775
1.259490
1.262472
1.197736
1.199660
1.294328
1.268388
1.204653
1.176567
1.193631
1.768360
1.680416
1.742953
1.844699
1.652011
1.929413
1.676328
1.834659
1.834731
1.852859
2.137906
1.793568
1.867842
2.023470
2.016946
1.870382
1.782972
1.711850
1.782972
1.895766
1.161417
1.184932
1.223531
1.325230
1.481431
1.368813
1.410009
1.286055
1.594756
1.703839
1.760622
1.865751
1.723138
1.700506
1.888911
1.820785
2.016678
2.154822
1.814035
2.081719
2.105397
1.770592
1.984128
2.108704
1.846534
1.951396
1.988959
1.988959
1.922809
1.956746
1.792933
1.836403
1.757337
1.108822
1.193017
1.155780
1.313665
1.294328
1.163913
1.359408
1.593599
1.530136
1.662461
1.386505
1.453082
1.790891
1.465129
1.675686
1.877762
1.855463
1.652792
1.956743
2.104137
2.185201
2.054055
2.099110
1.803022
2.020534
2.150460
1.772603
1.861567
1.868637
1.909790
1.956746
1.897467
1.750863
1.825083
1.710233
1.191748
1.379416
1.265929
1.557694
1.515406
1.749446
1.740812
1.844276
1.523774
1.824067
1.920589
1.534540
2.028756
1.814035
2.202859
2.117405
2.230853
2.229430
2.223754
2.214813
2.082076
1.792498
1.809022
1.846534
2.150460
2.066298
2.104788
1.201493
1.121329
1.165282
1.179008
1.110745
1.358833
1.197604
1.425125
1.937141
1.908764
1.930057
1.611055
1.771580
1.689573
1.771580
1.789739
1.834659
1.854619
2.144039
1.834659
2.209278
2.229430
2.181733
2.210264
2.132240
1.931261
1.951396
1.901550
1.861567
1.836370
1.796642
1.728725
1.761065
2.066298
1.698194
1.728295
1.942203
1.714904
1.783209
1.638696
1.235415
1.787812
1.787812
1.822692
1.896272
1.844276
1.937443
2.013977
1.834659
2.195708
1.869970
2.242930
2.192365
2.302794
2.231788
2.122306
1.892566
2.210264
2.236912
2.132240
2.020534
2.041982
1.919638
1.958039
2.016946
2.150460
2.066298
2.019654
1.883988
1.853253
1.736059
1.108627
1.119073
1.118408
1.272763
1.100299
1.454597
1.568200
1.215521
1.207726
1.653519
1.920589
1.983156
1.907440
1.881591
1.907440
1.908764
1.768360
1.985614
1.921954
1.908764
1.972037
1.652792
2.156969
2.048069
1.889039
1.905585
1.947538
1.889039
2.267188
2.290071
2.181418
2.181733
2.226177
2.305975
2.305975
1.846534
1.898140
1.993504
1.958670
1.954585
1.799271
1.684765
1.795881
1.092909
1.186633
1.083816
1.089370
1.155027
1.229231
1.191748
1.655634
1.785120
1.706532
1.753662
1.472871
1.355817
1.862800
1.930057
1.884167
1.687441
1.604780
2.013977
1.925063
1.970814
1.854619
1.970814
1.889039
1.834631
1.964768
2.349710
2.348013
2.352872
2.239192
2.215348
2.319464
2.156999
2.144457
2.125005
2.072299
1.701719
1.818692
1.901904
1.724739
1.122922
1.273732
1.244926
1.316409
1.367630
1.435691
1.067537
1.154198
1.704768
1.829403
1.965548
1.986488
1.986488
1.864945
1.903638
2.266204
2.266307
2.291682
2.286190
2.247560
2.306332
2.343499
2.270302
2.349710
2.373700
2.261306
2.061098
2.322786
1.863984
1.863984
2.260379
2.091717
2.230817
2.104788
2.045933
2.103774
1.742013
1.745344
1.155332
1.147653
1.101873
1.063453
1.404630
1.838668
1.896272
1.965548
1.992804
1.918889
2.018586
1.985614
1.985614
1.963881
1.608789
1.873263
1.898491
2.350701
1.944643
2.282821
2.393651
2.319464
1.972976
2.230817
2.314379
2.180051
2.202281
1.810205
2.057817
1.986545
1.679393
1.897861
1.696603
1.794976
1.762656
1.813883
1.635204
1.676492
1.087185
1.084043
1.192860
1.278986
1.214587
1.081000
1.502006
1.862800
2.035268
2.003350
1.983156
1.578810
1.654227
2.021118
1.814141
2.188043
2.084943
1.925063
2.224274
2.415903
2.182081
2.270252
2.252358
2.108704
2.348013
2.108704
2.312194
2.319464
2.162716
2.317702
2.368340
1.923406
1.889886
1.810205
2.268872
2.245500
2.154628
2.101016
1.878625
1.667246
1.621592
1.220057
1.077595
1.081000
1.312731
1.140779
1.259526
1.784080
1.903700
1.848891
1.948742
2.018232
1.884908
1.679935
2.222512
2.266538
2.375859
2.343499
2.466062
2.349710
2.299051
2.236912
1.935687
1.994423
2.242773
2.029106
2.180051
2.207424
2.245108
2.185472
1.776801
2.134143
2.045933
1.903780
1.762656
1.719395
1.682415
1.094828
1.195262
1.164499
1.738088
1.592435
1.774657
1.729828
1.895077
1.529689
1.624079
2.031499
1.555675
2.091340
2.024768
2.078339
2.101259
1.790648
1.790648
1.765105
2.078339
2.044791
1.991529
2.299609
2.287158
2.279136
2.350004
2.375110
2.318425
2.343499
2.563928
1.957934
2.242525
2.421236
2.364959
2.450388
2.305975
1.917818
2.417405
2.365598
2.368340
1.981623
2.388617
2.123269
2.041039
2.084633
2.013852
2.372996
2.332936
1.941858
2.060383
2.268872
1.997939
1.929811
2.202281
2.185472
1.913879
1.794232
1.990396
1.746789
1.812949
1.683482
1.683482
1.682415
1.634614
1.608062
1.078193
1.299231
1.404630
1.091725
1.157152
1.502884
1.587732
1.681025
1.630247
1.591725
2.048097
1.974537
2.063790
2.109944
1.904705
1.837632
1.934474
2.298570
2.373912
2.350701
1.911612
1.891615
2.350004
2.387817
2.350004
2.303840
2.368823
2.448747
2.010402
2.406816
2.440759
2.479606
2.364959
2.403801
2.183812
2.484755
2.368340
2.335659
2.488101
2.022678
2.091717
2.393563
2.314379
2.268872
2.296777
2.251249
1.776801
1.889886
1.787341
1.857861
2.185472
1.738891
1.718790
1.786626
1.264951
1.178884
1.172704
1.024243
1.219320
1.375847
1.419216
1.462750
1.727230
1.676707
1.984827
1.585138
2.027452
1.571777
2.051110
2.192067
2.091990
2.109944
2.107809
1.943728
1.874408
2.023803
2.331611
2.353977
2.336541
2.353976
1.942120
1.915486
2.424411
2.334584
2.490618
2.512851
2.428786
2.428786
2.568182
2.320750
2.453265
2.541878
2.512594
2.396038
2.338513
2.102384
2.084633
2.113206
2.196697
1.944973
2.245500
2.277188
2.118247
1.842493
1.842493
1.857861
1.902253
1.794232
1.972868
2.060398
1.902253
2.050314
2.049859
1.178884
1.052469
1.246411
1.104765
1.135666
1.386705
1.411843
1.469508
1.524269
1.597615
1.115206
1.646358
1.664963
1.799092
1.930451
1.942160
1.642330
2.077338
1.680025
1.991374
2.009313
1.624079
2.051110
1.799160
2.226946
2.076723
2.019930
2.107809
2.023803
2.061974
1.823233
2.317958
1.852740
2.350004
2.372885
2.552856
1.952769
2.360297
2.393651
2.045934
2.432849
2.460002
2.457383
2.469525
2.357661
2.446010
2.442794
2.410395
2.404027
2.353495
2.332380
1.851326
2.114099
1.758738
1.693078
1.693078
1.312938
1.858430
1.800679
1.477625
2.059872
2.011999
2.051163
1.754441
1.755738
1.968508
1.904018
1.936609
1.858834
1.936609
1.977366
2.360368
2.370545
2.316794
1.991806
2.512594
2.424384
2.388964
2.415366
2.183812
2.545417
2.239078
2.168650
2.235520
2.345172
1.972868
1.953315
1.902253
1.903932
1.891161
1.972770
1.915308
1.676006
1.676006
1.676006
1.648685
1.524269
1.193978
1.747636
1.828598
1.840913
1.398157
1.530281
2.030273
2.030273
2.048097
2.118695
2.192067
2.028616
1.812341
1.894295
1.857884
1.965336
1.893741
2.015299
2.015299
2.153181
2.061974
2.061974
1.927705
2.321285
2.373646
2.388911
2.373912
2.497591
2.465059
2.461920
2.370545
2.408731
2.427764
2.551126
2.563928
2.480638
2.600739
2.298241
2.517723
2.357965
2.468628
2.466875
2.045934
2.170101
2.404027
2.281353
2.353495
1.948019
1.999330
2.153456
1.738891
1.717629
1.604521
1.604521
1.729684
1.623778
1.163814
1.131171
1.106146
1.075811
1.108910
1.296253
1.206144
1.235723
1.281737
1.118895
1.457774
1.355765
1.705740
1.379552
1.875403
1.875403
1.540074
1.599959
2.183967
2.087080
1.786039
1.866697
1.779279
2.289141
2.196236
1.858834
2.193373
1.887120
2.537026
2.486655
2.518392
2.531420
2.538790
2.531420
2.554351
2.360402
2.571919
2.255062
2.450388
2.415708
2.478657
2.579336
2.479701
2.388964
2.476894
2.476894
2.579336
2.410395
2.471117
2.316480
1.902503
2.332380
2.302021
2.332380
2.267424
1.785525
1.898626
1.855984
1.800934
1.889850
1.849901
1.842650
1.784870
1.570647
1.588737
1.604521
1.710626
1.386148
1.403571
1.135666
1.780019
1.822935
1.664963
1.233049
1.309959
1.345788
1.437647
1.937203
1.463989
1.904391
2.134439
1.966373
1.893741
2.060443
1.845502
2.208991
2.232031
2.445661
2.136847
2.368141
2.416049
2.564276
2.564686
2.522895
2.021978
2.465133
2.436193
2.579929
2.668790
2.460799
2.575898
2.480638
2.577658
2.423971
2.346102
2.329425
2.486755
2.596316
2.479085
2.388964
2.479085
2.453331
2.309836
2.259601
2.123510
2.453331
2.471117
2.345172
2.392839
2.277188
2.326085
2.191508
2.231683
1.976596
1.838760
1.953315
1.635940
1.621965
1.621965
1.194439
1.481357
1.632871
1.521410
1.153220
1.719100
1.635746
1.230089
1.780019
1.398084
1.193978
1.837233
1.823056
1.417083
1.875403
1.988994
1.819850
2.227083
2.132588
2.010445
2.055605
2.060443
2.095030
2.368141
2.491562
2.597429
2.539057
2.480927
2.507288
2.626150
2.747390
2.664988
2.537509
2.480638
2.505641
2.568440
2.677685
2.579084
2.517165
1.985171
2.084274
2.142072
2.170101
2.519535
2.443583
2.440683
1.948193
2.316480
2.302021
2.276035
1.838760
1.840467
1.786022
1.820994
1.976596
1.860902
1.691258
1.234578
1.323403
1.330001
1.579908
1.659409
1.726100
1.719100
1.587815
1.638540
1.792413
1.699332
2.081067
2.044744
1.812341
1.886867
2.063322
2.283084
2.231202
2.010445
2.480927
2.282249
2.513669
2.261430
2.368141
2.644358
2.760314
2.579989
2.561075
2.408149
2.469525
2.479701
2.088979
2.023032
2.507285
2.577726
2.488348
2.356469
1.838760
1.803980
1.933491
2.006940
2.073005
1.865480
1.947647
1.851008
1.570647
1.662506
1.636048
1.117808
1.130134
1.103093
1.200477
1.557506
1.212915
1.154291
1.776530
1.917974
1.608244
1.618740
1.618740
1.903300
1.931019
1.637224
1.957124
1.916596
1.837100
1.797849
1.835727
2.184283
2.118695
1.746793
2.076033
2.040092
2.076033
1.967833
2.129719
2.010445
1.885276
1.900245
2.306459
2.433770
2.646299
2.537026
2.492453
2.576831
2.116833
2.635246
2.634602
2.760314
2.653897
2.596793
2.698093
2.453898
2.644618
2.101915
2.581331
2.431907
2.362740
2.440683
2.275496
2.316480
2.348999
2.319831
2.249732
2.231683
2.214300
2.169074
2.130131
1.889850
1.821222
1.717629
1.404673
1.289542
1.224704
1.219320
1.877361
1.429455
1.930014
1.917974
1.585981
1.469398
1.469398
1.657233
1.821300
1.694492
1.780490
1.903300
1.848225
1.727648
1.740211
2.045706
1.824633
1.889288
2.059872
1.916596
1.892036
1.963315
2.040092
2.072995
2.327263
2.231202
2.323316
1.886867
2.152285
2.294129
2.429819
2.395502
2.339450
2.680005
2.589946
2.685932
2.666300
2.747390
2.607527
2.620311
2.614353
2.653714
2.652678
2.515588
2.515588
2.577726
2.282402
2.312335
2.646791
2.229007
2.142072
2.558951
2.488348
2.488348
2.020759
2.310062
2.276035
2.356469
2.046769
2.092851
1.977216
2.034621
1.813780
1.813780
1.795441
1.565308
1.565308
1.073972
1.290832
1.772745
1.959771
1.849694
1.266847
1.959771
1.551806
1.930014
1.750828
1.679181
2.047890
1.987376
2.146016
1.768754
2.207871
1.741965
2.118636
2.251834
2.040092
2.076033
2.119660
1.779279
1.945982
2.523069
2.553129
2.414993
2.728465
2.645932
2.747388
2.387566
2.395950
2.323917
2.695191
2.606964
2.127053
2.666808
2.567406
2.666808
2.707560
2.691990
2.084274
2.491349
2.526268
2.588853
2.544184
2.348665
2.438392
2.174234
2.309836
2.361091
2.046769
2.046769
2.092851
2.012094
2.068862
2.046769
1.860902
2.011382
1.888743
1.879678
1.835191
1.601236
1.788340
1.621140
1.526871
1.761802
1.091570
1.145535
1.156096
1.173012
1.200477
1.222618
1.302596
1.564831
1.493640
1.703551
1.703551
1.871837
1.321663
1.671892
1.638540
1.993951
1.931019
1.947895
1.947895
1.679181
1.933611
1.759040
2.092781
2.040092
2.429308
1.801865
2.132084
2.552661
2.606964
2.561713
2.001854
2.600455
2.604956
2.662476
2.621667
2.054974
2.848807
2.848807
2.668790
2.686101
2.735041
2.551951
2.652678
2.570930
2.646791
2.646791
2.520614
2.498561
2.577726
2.317227
2.137647
2.236246
2.469735
2.423212
2.080974
2.043195
2.402288
2.149859
1.821222
2.032383
2.041155
2.032383
1.813780
1.844901
1.906974
1.719163
1.906814
1.701260
1.669299
1.669299
1.302596
1.066368
1.382323
1.404673
1.966481
1.935365
1.473185
1.560784
1.649319
1.899169
2.008364
1.622906
1.756230
1.979304
1.993951
1.576318
1.703685
2.107991
2.007872
1.894889
2.007872
2.302001
2.251834
2.220255
2.032794
2.340014
2.228781
2.092332
2.218881
2.383306
2.383306
2.586895
2.590580
2.343050
2.722772
2.763530
2.117024
2.194271
2.798406
2.633155
2.614353
2.776105
2.628399
2.629583
2.646791
2.426829
2.577726
2.468347
2.520614
2.457989
2.298701
2.452079
2.434095
2.388513
2.353337
2.249732
2.256352
2.278191
2.310062
1.922753
2.230340
2.180711
2.001097
1.932916
2.009122
1.956728
1.961724
1.881234
1.548207
1.625389
1.604200
1.078325
1.096719
1.095375
1.199999
1.173671
1.696407
1.647554
1.632871
1.331764
1.447218
1.871837
1.984594
1.956808
1.719929
1.889554
1.850093
2.077692
1.667329
1.889554
2.115887
2.045706
2.063396
1.995965
2.063396
2.141838
2.092781
2.323316
2.340014
2.251834
2.054598
2.121500
2.218881
2.454848
2.414993
2.210511
2.474034
2.674663
2.822676
2.700760
2.727303
2.770786
2.698413
2.861414
2.833189
2.740687
2.751144
2.140457
2.629583
2.680930
2.589484
2.646791
2.055641
2.060550
2.137647
2.098688
2.205077
1.897831
1.992223
1.975526
1.974173
1.770716
1.719163
1.867390
1.770716
1.746803
1.701260
1.649113
1.594149
1.526871
1.548207
1.546274
1.636048
1.683702
1.577270
1.577270
1.362388
1.221717
1.391307
1.647554
1.727383
1.566972
1.447218
1.620461
1.756230
1.671892
1.780490
1.934534
1.615556
1.804318
1.780490
1.650679
1.845247
2.100924
1.901342
1.901342
1.933611
2.198635
2.096219
2.090202
1.952107
2.218881
2.552661
2.661227
2.680005
2.680005
2.661227
2.723765
2.700561
2.723765
2.387566
2.678349
2.440530
2.675645
2.634602
2.600848
2.700760
2.822676
2.736028
2.686101
2.605165
2.567312
2.149353
2.518777
2.520614
2.457989
2.187192
2.123865
2.172648
2.000822
2.032383
1.719163
1.808121
1.739672
1.906814
1.906814
1.932916
1.906360
1.158225
1.086475
1.117947
1.107955
1.402396
1.527058
1.138607
1.564831
1.885921
1.392560
1.871837
1.986477
1.611053
1.725909
1.611053
1.733582
1.632423
2.207871
2.397644
2.147176
1.817459
2.396217
1.974028
2.582952
2.502503
2.287314
2.602800
2.747388
2.700561
2.747388
2.540462
2.735042
2.752329
2.719085
2.728692
2.719085
2.848807
2.842032
2.869439
2.861414
2.799320
2.182939
2.776105
2.730633
2.674753
2.648676
2.648676
2.538229
2.654500
2.442199
2.402411
2.463193
2.145369
2.424168
2.321159
2.380859
2.290577
1.931985
1.907135
1.786817
1.934346
2.073807
2.027284
1.997390
1.739672
1.820013
1.922440
1.844263
1.718108
1.812447
1.628543
1.530013
1.074414
1.184761
1.233496
1.117947
1.696407
1.885921
1.620461
2.009181
1.948993
1.944779
1.618210
1.986414
2.039194
2.100924
1.667329
2.166879
2.180380
2.121500
2.180380
2.552661
2.621644
2.555664
2.747102
2.674417
2.698844
2.391262
2.105581
2.184254
2.159307
2.511880
2.572308
2.236242
2.099486
2.820662
2.912583
2.912583
2.842032
2.816356
2.756701
2.816356
2.923407
2.912583
2.833189
2.674753
2.187527
2.616486
2.740687
2.728518
2.728518
2.466116
2.335212
2.544331
2.527735
2.396115
2.262049
2.402783
1.951827
2.420657
2.010444
1.801875
1.714668
1.838073
1.787124
1.472842
1.599994
1.599994
1.028040
1.051625
1.444955
1.227302
1.263316
1.696407
1.391307
1.511808
1.566972
1.580364
1.732417
2.095344
2.095344
1.862275
1.778350
2.378130
2.053111
1.840482
2.263077
2.437048
2.562131
2.577089
2.724383
2.671820
2.241065
2.762788
2.821832
2.538229
2.572529
2.740687
2.663391
2.653616
2.653616
2.452856
2.099949
2.267180
2.396115
2.209125
2.123865
2.123865
2.424168
2.424168
2.309836
2.178401
1.931985
1.931985
1.878825
2.126492
2.058198
2.052215
2.073807
2.010689
2.079489
1.690334
1.714668
1.676250
1.801875
1.685798
1.685798
1.422984
1.508127
1.650564
1.672137
1.472842
1.448351
1.274980
1.134128
1.129059
1.532505
1.360728
1.328027
1.745503
1.809503
1.789997
1.924835
1.621356
1.646076
1.948993
1.943601
2.050237
2.158818
2.213924
2.378130
2.091172
1.971410
1.974028
2.391262
2.472286
2.776105
2.821832
2.781698
2.481003
2.262049
2.487548
2.049256
2.276103
2.248119
1.882865
1.992223
2.047555
1.953219
2.000822
1.934346
1.690334
1.903087
1.723846
1.812134
1.485629
1.481665
1.105018
1.043486
1.094524
1.055081
1.582607
1.198766
1.527058
1.761333
1.766728
1.668400
1.553188
1.599030
1.961314
1.650580
1.580415
1.693225
1.729504
2.135987
2.135987
2.135987
2.517775
2.302001
2.085151
2.397644
2.098259
2.227905
2.923407
2.288317
2.980466
2.980466
2.245107
2.815464
2.921963
2.237779
2.498514
2.616502
2.282424
2.347956
2.034988
2.145369
2.150947
2.525676
2.401904
2.416097
2.248119
1.988204
1.888503
1.832445
1.953219
2.003580
2.040942
1.924291
1.924291
1.737709
1.770859
1.749760
1.063989
1.179747
1.174763
1.407582
1.674120
1.494422
1.660012
1.614594
1.437895
1.674120
1.505211
1.834604
1.929320
1.621356
2.072773
1.648285
1.933998
1.616225
1.671851
2.097665
2.178689
2.178980
2.724383
2.899897
2.924673
2.799320
2.605002
2.302413
2.738862
2.668257
2.431287
2.581993
2.119341
2.667844
2.468089
2.487949
2.396115
2.358487
2.426124
2.282424
2.201972
2.416097
2.067921
2.340346
2.276103
2.243484
2.129396
2.073341
2.107357
1.934169
1.946290
1.685798
1.566754
1.402810
1.531760
1.448351
1.051625
1.084554
1.147931
1.268171
1.325518
1.494422
1.660012
1.181003
1.291589
1.766728
1.636441
1.535950
1.834604
1.745503
1.846008
1.854515
1.888404
2.062076
2.008780
2.051755
2.063843
1.617126
2.117566
1.800931
2.056553
2.230351
2.314643
2.190876
2.562131
2.256173
2.959653
2.953269
2.409074
2.468089
2.458127
2.511489
2.002293
2.437695
2.282424
2.440007
2.436847
1.944680
2.193143
2.068981
2.168598
2.095033
2.192370
2.019513
1.723846
1.648623
1.522476
1.486062
1.431943
1.408863
1.402810
1.048860
1.292058
1.704964
1.406685
1.746891
1.877430
1.962538
1.962538
1.908022
2.033492
1.995815
2.016747
1.572547
1.999821
2.072976
2.087107
2.135194
2.158818
1.743298
1.800931
2.378130
2.085151
2.461913
2.022393
2.022393
2.019842
2.146661
2.237911
2.824488
2.959653
2.883785
2.980466
3.038107
2.711705
2.757813
2.343623
2.821832
2.312625
2.278318
2.453527
2.605002
2.668257
2.487949
2.500875
2.436847
2.340346
2.362460
1.944680
2.145369
1.898075
1.963092
2.266698
1.731544
1.854019
1.949187
1.874431
1.434113
1.591349
1.448460
1.047454
1.021485
1.099567
1.099752
1.447101
1.387332
1.441353
1.544072
1.152506
1.406685
1.746891
1.549094
1.505211
1.746891
1.836738
1.746891
1.943589
1.952880
2.016747
2.015802
2.068321
1.793574
1.732336
2.072976
1.820278
2.290267
1.967123
1.911354
1.987250
2.000451
2.022393
3.041816
3.014715
2.959653
2.954690
3.015698
2.654234
2.662005
2.967767
2.738862
2.616502
2.544331
2.415816
2.347956
2.347956
2.079241
2.340346
2.331676
1.898075
1.966100
2.266698
2.198045
1.969481
1.888503
1.762625
2.009724
1.934169
2.036542
1.924662
1.799626
1.924662
1.778616
1.570863
1.672137
1.760944
1.531246
1.134881
1.625489
1.790160
1.724992
1.704964
1.511246
1.484888
1.790160
1.836738
1.876025
1.952880
1.952880
1.943589
1.966297
1.596108
1.957533
2.029518
1.946012
2.013583
1.999821
1.671851
1.779992
2.013333
2.036564
2.049224
2.243276
2.033803
2.290267
2.000451
2.331974
2.947685
2.991531
2.790847
2.893454
2.888151
2.343623
2.453527
2.495138
2.449974
1.966100
2.206461
2.349887
2.324968
2.193143
2.166485
2.067575
1.963092
2.003949
2.206461
2.206461
1.902034
2.036542
1.681333
1.693532
1.693532
1.941960
1.824343
1.624881
1.575723
1.694212
1.669728
1.777662
1.862175
1.408863
0.991051
1.022088
1.115994
1.114197
1.054345
1.020572
1.255698
1.099752
1.152506
1.258058
1.544072
1.406685
1.724992
1.881421
1.922429
1.836738
1.922429
1.943589
1.980333
2.130547
2.049224
2.047504
2.414778
2.045437
2.188404
2.050093
2.050093
2.100522
2.050093
2.099412
2.585882
3.069526
2.955369
2.881166
2.757369
2.982469
2.974803
2.931297
3.019129
2.984628
2.654234
2.936854
2.298384
2.504788
2.534385
2.349887
2.035531
1.972315
1.963092
2.128153
2.112084
2.004246
2.025887
2.112084
1.693532
2.031994
1.860561
1.860561
2.027593
1.681333
1.676250
1.569326
1.556907
1.493018
1.009731
1.047454
0.996475
1.028093
1.348475
1.652565
1.619747
1.439950
1.516763
1.940648
2.051702
2.058479
2.034987
1.645196
1.754022
2.057342
2.414778
2.414778
2.387602
2.353545
3.014715
2.744825
2.279897
2.875197
2.990198
2.477454
2.435585
2.416858
2.536406
2.454756
2.440410
2.440007
2.421460
2.506302
1.969328
2.210945
1.927830
1.935154
1.853369
1.708848
1.377138
1.434113
1.010714
0.983269
1.067264
1.483764
1.218203
1.412525
1.439950
1.818901
1.966297
1.973742
2.008704
1.964019
2.073221
1.606436
1.985155
1.921753
1.940100
2.397120
2.242040
2.397120
2.276046
1.999285
2.157633
2.090127
2.180076
3.041816
3.041816
3.040139
2.263010
2.955283
3.069526
2.751971
2.854403
2.959653
2.900724
2.966307
2.796839
3.082510
2.360726
2.964973
2.558943
2.489629
2.221302
2.406102
2.212570
2.506302
2.551843
2.551843
2.372200
2.265124
2.199206
2.287090
2.039845
2.199206
2.220896
2.093752
2.220896
1.757633
1.975316
1.819088
1.853369
1.800858
1.843433
1.666748
1.666748
1.708848
1.380676
1.009731
1.068769
1.278767
1.316326
1.261643
1.283441
1.412525
1.439950
1.412525
1.439950
1.489911
2.086181
2.002144
2.130547
2.107180
2.107180
2.008948
2.025639
1.955188
1.733428
1.959524
1.970406
2.141172
1.943225
1.924305
2.261292
2.320745
2.212917
2.865859
2.893605
3.069526
3.082510
3.053253
3.011298
2.931716
3.019174
3.053253
2.481024
2.531782
2.389859
2.380275
2.392800
2.098954
2.505378
2.244390
1.972315
2.242054
2.138930
1.967440
1.963092
2.301697
1.987601
2.122060
1.807078
1.938819
2.122060
1.907735
1.907735
1.783160
1.661143
1.750014
1.622925
1.708848
1.666748
1.482657
1.771761
1.371925
1.409885
1.586514
1.342638
0.927497
0.967023
0.955879
0.950163
1.108655
1.287879
1.339331
1.380985
1.745667
1.881421
1.991917
2.051702
2.093267
2.164018
1.662241
2.057342
2.189766
2.294659
1.977139
2.084948
2.128328
2.177928
2.177928
2.157633
3.013253
2.393577
2.332011
2.920695
2.914655
3.053253
2.806287
2.402594
2.476082
2.974803
2.321052
2.527406
2.520617
2.743136
2.416316
2.454756
2.315737
2.300796
2.511769
2.382126
2.393160
2.254939
1.960466
1.908953
2.139647
2.139647
1.827984
1.830755
1.889128
1.893617
1.945617
1.782245
1.782245
1.772071
1.622925
1.791649
1.382797
1.385506
0.971095
0.991173
0.996160
1.232466
1.209487
1.122321
1.209487
1.181644
1.158911
1.381110
1.287879
1.228089
1.243379
1.483764
1.574445
1.412525
1.591673
1.724992
1.584956
2.140559
1.850750
1.914890
1.874701
1.904331
1.957534
2.054797
2.149665
2.237460
2.367233
3.040139
2.605513
3.040139
2.963791
2.884154
2.734432
2.992630
2.904296
2.906330
2.990654
3.019174
2.558943
2.461203
2.410946
2.660552
2.104711
2.155284
2.256389
2.503461
2.463030
2.506302
2.536406
2.463847
2.455205
2.447842
2.387227
2.044307
2.251152
2.251152
2.313142
2.373750
2.309049
2.309049
2.181049
1.917409
1.923764
2.027938
2.122060
2.060292
1.782245
1.914230
1.936576
1.858257
1.858257
1.808438
1.570370
1.517058
1.661143
1.722238
1.482657
1.693090
1.675581
1.597890
1.579501
0.986578
1.316326
1.292058
1.228089
1.243379
1.228089
1.502614
1.287879
1.499305
1.243379
1.361918
1.361918
1.591673
1.327862
1.903164
2.015018
2.086181
2.076605
2.043613
2.093267
1.584956
1.606436
1.850984
2.098005
2.397120
3.093508
3.093508
2.594525
2.286483
2.237460
3.073210
2.320562
2.817229
2.914504
2.439993
2.796089
2.894776
2.488254
2.489686
2.483329
2.565891
2.500322
2.503461
2.438367
2.550668
2.561607
2.436253
2.469934
2.503461
2.468678
2.358962
2.049372
2.053107
2.031740
2.219099
2.237819
2.219099
2.134695
1.815709
2.057592
2.181049
2.001539
1.737778
1.917409
1.917409
1.596487
1.812170
1.825755
1.722238
1.459442
1.613675
1.678838
1.140097
1.044961
1.232466
1.228089
1.405339
1.196253
1.251453
1.319745
1.676422
1.745667
1.668888
1.734413
1.922497
1.901532
1.517100
2.085407
2.148813
1.962933
1.862633
2.158299
2.037556
2.294659
1.977139
1.893929
2.049848
2.022029
2.124897
2.362398
3.122667
3.034423
2.839057
3.110212
2.839057
2.880442
2.635922
2.571771
2.271072
2.258219
2.609607
2.847115
2.416858
2.535118
2.535118
2.463847
2.221532
2.145604
1.799497
1.853644
1.922865
1.539466
1.533446
1.701800
1.652351
0.886829
0.995110
1.072004
0.962581
1.152328
1.122321
1.129749
1.243953
1.411855
1.430344
1.282599
1.502517
1.596011
1.595331
1.452036
1.377368
2.026091
2.086181
1.884047
2.387602
3.121121
3.040139
2.373175
2.331143
2.806362
2.606555
2.665957
2.476226
2.470931
3.000741
2.306829
3.039841
3.011298
2.977583
2.483913
2.743136
2.752771
2.753995
2.865690
2.256389
2.648219
2.428051
2.492106
2.629583
2.409057
2.127137
2.185469
2.189358
2.393160
2.111439
2.396756
2.217957
2.039109
1.922865
1.845626
1.460679
1.517058
1.652351
1.703573
1.579618
1.551617
1.419986
1.410506
1.382797
1.369592
1.329278
0.963262
1.060411
1.154210
1.248622
1.232466
1.345569
1.329038
1.426879
1.502517
1.508883
1.590171
1.508526
1.589762
1.663586
1.679528
1.735253
1.396843
1.682889
1.758107
1.825424
2.076605
2.008704
2.022105
2.005523
2.086181
2.116999
2.070623
1.894996
1.816574
1.823675
1.994148
2.054797
2.163804
3.124513
3.124513
3.101876
3.124513
3.122667
3.122667
2.959086
3.051000
3.051000
2.734432
2.295138
2.237460
2.959086
3.051295
2.857972
2.618115
2.775079
2.606162
2.472165
3.104009
2.311226
2.314917
2.871531
2.380275
2.687203
2.660552
2.214216
2.309967
2.513784
2.405083
2.476269
2.377681
2.582115
2.471369
2.557797
2.476269
2.419801
2.246885
2.246885
2.142722
1.907544
2.318890
1.886259
2.073062
1.827984
1.786517
1.895336
1.836851
1.701800
1.695334
1.438225
1.484658
1.371526
1.288912
1.459989
1.307415
0.995110
1.151697
1.167920
1.089962
1.248622
1.076548
1.269713
1.338316
1.129749
1.338316
1.343502
1.407814
1.330195
1.434620
1.516467
1.187556
1.586267
1.589762
2.005766
2.008948
1.923623
2.294659
1.980913
3.124510
2.731270
2.331143
2.331143
2.342294
2.476226
2.914509
3.063695
3.060301
2.559143
2.468001
2.965932
2.571771
2.749106
2.292498
2.332462
2.471464
2.648219
2.646385
2.652825
2.367695
2.099181
2.334315
2.096632
2.096632
2.237819
2.130590
2.150682
2.006170
1.826007
1.843564
1.817626
1.762437
1.849501
1.459442
1.450187
1.652351
1.391904
1.675119
1.438225
1.366276
1.272906
1.288912
0.840528
1.202269
1.202269
1.044961
1.033488
1.253802
1.349013
1.593228
1.596011
1.682889
1.679528
1.929760
1.924297
2.036336
2.015018
2.098655
1.859610
1.870243
1.850984
1.952405
1.938947
3.105403
3.052968
2.226542
3.052182
3.051000
3.122667
2.955188
2.399430
2.409191
2.604008
2.751955
2.604870
2.791902
2.985271
3.063695
2.323293
2.476226
2.966568
2.483913
2.729555
2.763108
2.254887
2.167011
2.601669
2.433644
2.646385
2.562459
2.419143
2.216291
2.219450
2.064435
2.310729
1.886259
2.228250
2.231957
1.879609
1.791837
1.698735
1.893596
1.943264
1.936576
1.826007
1.707626
1.681055
1.773769
1.422718
1.690315
1.456826
1.321534
1.347949
1.329278
0.996352
0.996352
0.920560
1.253802
1.318953
1.424798
1.437385
1.203259
1.521810
1.835378
1.971139
1.986329
1.903094
1.893856
2.125250
1.994148
2.215710
3.105403
3.128883
2.188227
2.212558
3.012830
3.139849
3.138339
2.392860
3.030267
2.411191
2.648219
2.493493
2.476269
2.473399
2.557797
2.605580
2.184757
2.473399
2.309079
2.171524
1.939440
1.815709
2.150682
1.826007
1.348871
0.914790
0.932668
0.916441
0.907054
0.884816
1.084112
1.263803
1.202707
1.202707
1.278839
1.359535
1.330195
1.156273
1.407814
1.509763
1.492325
1.509763
1.602730
1.257471
1.748405
2.040442
1.825493
1.963316
3.019141
3.052968
2.573996
2.955188
3.042515
2.604870
2.451651
2.145540
2.472158
2.313637
2.903818
2.928609
2.952449
2.928609
2.568765
2.568765
2.879054
2.781740
2.847115
2.706604
2.733718
2.749106
2.181364
2.471464
2.306077
2.399312
2.217505
2.390358
2.090954
1.875084
2.016667
2.125072
2.231957
2.133114
2.069114
1.728642
1.669519
1.533446
1.841601
1.594267
1.924491
1.734307
1.711925
1.826976
1.450187
1.494951
1.766939
1.578349
1.442092
0.850852
1.112505
1.151990
1.084112
1.151697
1.202707
1.217369
1.018910
1.118218
1.097432
1.330195
1.118218
1.263803
1.438291
1.359982
1.492325
1.516286
1.298175
1.363556
1.316319
1.835772
1.931637
2.028447
1.859461
1.839138
1.963316
1.886503
2.932882
2.987810
3.078945
1.978566
3.105403
3.012830
2.932882
3.054353
3.052182
3.061016
2.450208
2.320162
3.020200
2.966568
2.781740
2.684754
2.411191
2.632982
2.684754
2.871531
2.570056
2.570056
2.646830
2.646385
2.495788
2.377681
2.306077
2.147564
1.939440
2.090954
1.922629
1.977154
1.867753
1.889619
1.889619
1.834154
1.777881
1.817626
1.707626
1.718536
1.678388
1.678388
1.678388
1.348871
1.577449
0.892336
0.914790
1.063064
1.118140
1.037236
1.026814
1.126493
1.132880
1.253802
1.248574
1.566774
1.666692
1.729552
1.959928
2.039037
2.006578
2.039037
1.869448
1.841879
2.880839
3.034445
2.983115
3.078945
2.231772
2.862628
2.608598
2.860776
2.184828
2.728780
2.813184
2.952449
2.765205
2.238010
2.972061
2.580432
2.331069
2.144368
2.263140
2.471464
2.470617
2.646830
2.287594
2.358156
2.551641
2.084252
2.016667
1.996782
1.771773
1.672862
2.020388
2.020388
1.943264
1.915832
1.873726
1.707626
1.744492
1.424539
1.417563
0.892336
0.823984
1.063064
1.074426
1.148145
1.220542
1.093631
1.656943
1.945629
1.958251
2.061954
2.039037
1.807242
1.790563
1.902172
1.897271
3.019141
2.932882
2.194904
3.042902
2.963996
2.837648
2.592653
2.721920
2.446762
2.456316
2.456316
2.160559
2.458637
2.354037
2.600153
2.320162
2.759854
2.319456
2.644265
2.482112
2.971607
2.834474
2.324844
2.632982
2.433644
2.378316
2.153468
2.324844
2.392088
2.390358
2.056081
2.151005
1.997117
2.133114
1.942376
1.902001
1.871387
1.989984
2.020388
1.846651
1.873726
1.839446
1.823871
1.658291
1.552410
1.272320
1.379370
1.319757
1.289294
1.321534
0.968898
0.929485
0.987393
0.987393
0.875561
1.026814
1.068216
1.067954
1.151990
1.074426
1.171329
1.102660
1.039242
1.236680
1.260166
1.285862
1.360959
1.933355
1.937938
2.037826
1.935868
2.846380
2.983115
2.933250
2.957721
3.042902
2.384397
2.854350
2.926447
2.829620
2.427164
2.446762
2.588237
2.478400
2.628930
2.680065
2.536860
2.784835
2.809566
2.883175
2.866508
3.005326
2.972061
2.556234
2.482112
2.728780
2.733718
2.867034
2.669636
2.632982
2.733718
2.454578
2.466126
2.276761
2.496006
2.338314
2.168572
2.005962
2.218760
2.328161
2.186426
2.315215
2.301548
1.911502
1.985305
1.779506
1.777881
1.326710
1.414782
1.240196
1.215207
0.798706
0.948888
1.067954
0.993330
0.991717
1.088401
1.074426
1.504752
1.647707
1.908964
1.776028
1.800017
2.649867
1.809737
1.840660
2.847001
2.880839
1.937400
2.811599
1.945545
2.996039
2.920348
2.933250
2.814851
2.712112
2.547100
2.839480
2.581827
2.318671
2.047888
2.556463
2.318735
2.719506
2.302910
2.656660
2.298224
2.847830
2.472220
2.728780
2.279377
2.646830
2.715399
2.433644
2.411421
2.328386
2.551641
2.551641
2.180384
2.466126
2.392088
2.153468
2.392088
2.056081
2.031311
1.888269
1.601949
1.894483
1.934215
1.469435
1.567928
1.359651
1.291724
0.991717
0.912682
1.015513
0.970498
1.219421
1.835378
1.973027
1.973027
2.061954
1.881856
1.761899
2.704423
2.704423
2.799605
2.776045
2.709990
2.713666
2.284372
2.854762
2.195416
2.940917
2.803966
2.142242
2.712993
2.972061
2.618183
2.575633
2.551641
2.449119
2.454578
2.544346
2.171988
2.328386
2.117183
2.541425
2.044333
2.279377
2.168572
2.211839
1.933421
1.894483
1.993485
1.732657
1.622961
1.539470
1.392366
1.393916
1.414782
0.865560
0.789929
0.865560
0.948888
0.834959
1.090713
1.224867
1.049839
1.340002
1.280338
1.741101
1.973422
1.931637
1.862125
1.853541
1.689089
1.724991
1.857024
1.794329
2.704423
2.704423
2.708650
2.914602
2.892330
2.987180
2.194904
2.827378
2.547100
2.359267
2.398192
2.301193
2.301193
2.303771
2.698454
2.951689
2.526814
2.526814
2.834474
2.074145
2.609841
2.232555
2.182563
2.618183
2.575633
2.106656
2.144368
2.414183
2.119900
2.323077
2.339008
2.061110
2.142548
2.081054
2.040196
1.327159
1.624200
1.264805
0.881414
0.890094
0.985554
0.927435
1.090713
1.149441
0.991717
0.923609
0.872575
0.927775
0.924192
1.568356
1.958949
1.923910
2.765091
2.760352
2.780329
2.920348
2.375290
2.235002
2.284372
2.795578
2.820246
2.943120
2.616076
2.951689
2.834474
2.951689
2.943120
2.649759
2.580432
2.361012
2.113525
2.113525
1.868179
1.933421
1.873726
1.909718
1.760485
1.882891
1.584660
1.295418
0.968898
0.872575
1.157940
1.408411
1.425368
1.211930
1.842091
1.958251
1.787620
1.787620
1.788040
1.727502
1.849375
1.836413
1.876502
2.747293
2.708650
2.727925
2.866820
2.801254
2.866820
2.644852
2.659757
2.429703
2.557963
2.302910
2.661022
2.392866
2.674200
2.859564
2.803966
2.824841
2.175466
2.105239
2.756102
2.089625
2.673639
2.054472
2.365022
2.171988
2.049852
1.960819
2.044333
2.237337
2.128135
1.855036
2.007380
1.934215
1.703011
1.823983
1.703011
1.934215
1.938251
1.882891
1.492248
1.934215
1.882891
1.492248
1.752428
1.674500
1.701949
1.674500
1.287785
1.295418
0.804296
0.841633
1.001964
1.001964
1.160025
0.992685
1.263044
1.488116
1.568356
1.324596
1.870164
1.870164
1.768435
1.813305
2.704423
2.629566
1.872815
2.667462
2.579240
1.979288
2.699935
2.838612
2.882460
2.598619
2.598619
2.330224
2.222110
2.132457
2.440600
2.628930
2.890264
2.183270
2.777882
2.063658
2.728004
2.618183
2.085440
2.237337
2.199513
1.944550
1.942226
1.980309
1.893639
1.908452
1.945341
1.963697
1.601949
1.784612
1.794722
1.674500
1.685805
1.589636
1.495629
1.521141
1.226536
0.771227
0.993330
1.090713
1.215988
1.150756
1.213265
1.729466
1.870164
1.870164
1.840927
1.754693
1.776628
2.653224
2.534358
1.923910
2.611146
2.667462
2.143688
2.273052
1.949003
2.306537
2.250875
2.249985
2.628968
2.649759
2.107985
2.609841
2.342440
2.253513
2.301886
2.237337
2.046489
1.992184
1.888269
1.911285
2.007380
2.024409
1.962198
2.024409
1.908452
1.624539
1.877733
1.792131
1.648811
1.686166
1.471423
1.458094
1.346769
0.793670
0.793451
0.834900
1.017125
1.049825
1.488116
1.211591
1.161025
1.746102
1.811179
2.024413
2.162161
2.147558
2.127943
2.300819
2.188257
2.375290
2.222110
2.235002
2.112419
2.411544
2.478714
2.289812
2.728828
2.779882
2.672518
2.820246
2.820246
2.111655
2.005254
2.530848
2.049852
2.308462
2.113525
2.007380
2.077837
2.103088
1.855036
1.921743
2.007380
2.007903
1.874250
1.908452
1.853793
1.869714
1.792131
1.422240
1.695531
1.695531
1.516847
1.639408
1.347352
1.495544
1.341680
1.341680
1.589636
1.478508
1.300466
1.401138
1.345732
0.785371
1.087607
0.925584
1.155083
1.211007
1.261446
1.265987
1.365092
1.320781
1.395463
1.263307
1.562132
1.450022
1.762694
1.836846
1.729633
1.792108
2.444369
2.458168
1.825647
2.686886
2.656640
2.410333
2.442109
2.760352
2.250875
2.583804
2.643003
2.672698
2.166624
2.161293
2.822310
2.088490
2.758110
2.689539
2.311087
2.350318
2.436621
1.976938
2.350318
2.177083
1.974385
2.113525
2.040196
1.832474
1.714139
1.963697
1.832265
1.785943
1.580463
1.785943
1.754663
1.648811
1.516847
1.458094
1.577539
1.295418
0.911012
0.903012
0.993145
1.016926
1.082016
1.085427
1.044838
1.206730
1.385061
1.385061
1.456487
1.385061
1.325089
1.387679
1.804187
1.836846
1.773478
2.534358
2.484190
2.621458
2.765091
2.640173
2.090206
2.056514
2.314674
2.239532
2.152371
2.411630
2.134701
2.728394
2.779401
2.628930
2.436621
2.369776
2.443053
2.124625
2.250907
2.250907
2.053828
1.880133
1.794722
1.685765
1.504726
1.298800
1.218243
0.820144
0.917124
1.278776
1.320781
1.317151
1.403941
1.322301
1.720527
1.720527
1.679576
1.683339
1.688718
2.290188
2.383734
2.621458
2.494500
2.477077
2.546880
2.188442
2.188442
2.112419
2.062832
2.148289
2.607025
2.873880
2.056143
2.443053
2.503718
2.594374
2.053929
2.262850
2.350318
2.226628
2.132493
2.311087
2.132793
2.089707
1.926736
2.053828
2.029484
2.073879
2.029484
1.924927
1.921743
2.001879
1.582189
1.915086
1.798848
1.786177
1.748349
1.827915
1.425726
1.732832
1.809464
0.804296
0.841633
0.933814
0.836920
0.991749
0.974387
1.006022
1.071923
1.088752
1.212784
1.149235
1.308046
1.455574
1.434410
1.455574
1.627671
1.711488
1.580561
1.517514
1.729036
2.300873
2.290188
2.349024
2.393568
2.444369
2.113460
2.519997
2.523765
2.276772
2.578409
2.640173
2.578409
2.680085
2.203843
2.315996
2.379058
2.069418
2.684044
2.079886
2.816818
2.792980
2.503718
2.270266
2.320136
2.490867
2.271538
2.490867
2.210173
2.293649
2.314081
2.001718
1.988233
2.064223
1.889121
1.962198
2.007903
1.974385
1.984765
1.861789
1.920968
1.915086
1.844986
1.939169
1.889121
1.880133
1.936835
1.648811
1.639408
1.474211
1.337737
1.369535
1.347352
1.251963
1.250538
0.793670
0.793670
0.779607
0.908380
0.974387
1.153013
1.064303
1.155083
1.242635
1.278776
1.427531
1.352207
1.417475
1.403941
1.430805
1.513790
1.490800
1.438883
1.529116
1.670949
1.698907
1.695692
1.689419
1.665845
1.646788
2.209139
2.333681
1.852966
2.534358
1.943578
2.598795
2.330943
2.438323
2.236603
2.297176
2.366901
2.229107
2.165742
2.304601
2.042881
2.191112
2.733976
1.736097
2.804504
2.160131
2.636566
2.160131
2.214310
2.056591
2.320136
2.484308
2.307095
1.975813
2.126461
2.105415
2.167266
2.246929
1.988589
1.715656
1.495544
1.337737
1.703188
1.609968
1.595956
1.368684
1.308339
1.273650
0.808656
0.895418
0.873207
0.991749
1.205039
1.212784
0.932827
0.983084
1.177642
1.334028
1.360731
1.360731
1.496141
1.513790
1.490800
1.477993
1.477993
1.649924
1.628004
2.232040
2.349024
2.385120
2.082056
2.415091
2.451181
2.055785
2.646146
2.425856
2.424007
2.588955
2.433372
2.777351
2.607025
2.013016
2.024208
1.945175
2.600875
2.320136
2.369776
2.271538
2.161387
2.403337
2.211461
2.088762
2.161387
2.088762
2.017829
1.905941
1.785522
1.785522
1.488326
1.631857
1.705940
1.455840
1.273650
0.767353
0.786992
0.823184
0.809047
0.820904
0.954220
1.062785
1.000136
1.114135
0.870835
1.093399
1.146845
1.064303
1.183314
1.140132
1.274361
1.261446
1.317151
1.352207
1.455574
1.443746
1.470966
1.517736
1.689133
1.708852
2.124178
2.191561
2.282459
2.268574
2.333681
1.950024
2.416521
1.904614
2.093361
2.330943
2.175525
2.485849
2.732571
2.532748
2.642890
2.733976
2.777351
2.684165
2.635765
2.785721
2.727089
2.160131
2.270266
2.214310
2.510199
2.593752
2.432640
2.528007
2.307095
2.347199
2.150240
2.205297
2.041493
1.839400
1.708007
1.866135
1.375582
1.501322
1.411141
1.380227
0.790322
0.729712
1.028291
0.954220
1.109476
1.149235
1.128392
1.203340
1.192819
1.209559
1.145357
1.212802
1.219786
1.242635
1.276239
1.252533
1.343688
1.424133
1.487783
1.470966
1.549951
1.679576
1.703707
1.673664
1.635145
1.995080
2.286685
2.309395
2.063736
2.060640
2.391198
2.355597
2.165798
2.259923
2.028925
2.041378
2.006920
2.007169
2.073093
2.638394
2.037431
2.092190
2.655444
2.684165
2.712285
2.635355
2.526397
2.733600
2.086427
2.160131
2.404229
2.404229
2.036492
2.053828
1.920968
1.868716
1.834988
1.715656
1.713364
1.408629
1.577752
1.548104
1.548104
1.408629
1.438929
1.423303
1.453952
0.878130
1.000136
1.280903
1.214940
1.339293
1.306856
1.233689
1.356793
1.272489
1.609996
1.560107
1.595132
1.567498
1.622721
2.191561
2.073550
2.191561
1.739529
1.792108
1.916276
2.376245
2.311479
2.330722
2.495132
2.277237
2.387183
2.214490
2.240393
2.468198
2.555835
2.362716
2.091815
2.563363
2.535969
2.684165
2.755600
2.600875
2.459705
2.101277
2.387902
2.110139
1.886777
1.854132
1.723545
1.708007
1.641325
0.870421
0.837602
0.766731
0.817248
1.115142
1.196296
1.263881
1.254394
1.352262
1.263881
1.210502
1.275313
1.277137
1.427654
1.454102
1.512337
1.537709
1.522245
1.531436
1.440775
1.501716
1.589319
2.073550
1.682495
2.177238
1.739529
2.211371
2.063736
2.141119
2.120778
1.999751
2.383744
2.151540
2.084595
2.147121
2.642890
2.037431
2.477673
1.943151
1.842831
2.020987
2.478969
2.553515
2.478969
2.073689
2.101277
1.886777
1.753788
1.532796
1.532796
1.483567
1.543937
0.790322
0.816035
0.936843
0.837602
0.878130
1.331790
1.352262
1.280624
1.325576
1.412349
1.347427
1.485717
1.479325
1.508948
1.555196
1.555502
1.512337
1.584793
2.063371
2.131905
2.131905
2.190378
2.119426
2.137008
2.301431
2.177238
2.116752
2.198581
1.971965
2.133345
2.253658
2.077750
2.031839
2.165798
2.321654
2.531489
2.248237
2.353652
1.880714
2.535771
2.175718
1.981302
2.592936
2.394533
2.222934
1.948645
2.031913
1.957548
1.892175
1.954623
1.927928
1.892175
1.619169
1.713364
1.619169
1.419211
1.513111
1.553534
1.400613
0.901832
0.808899
0.845120
0.874409
0.977996
1.023373
1.164596
1.094552
1.213177
1.082695
1.350808
1.472029
1.443746
1.498061
1.500842
1.552583
1.353800
2.268574
2.039779
2.220535
2.214329
2.154929
2.062041
1.945531
2.075575
1.957161
2.079278
2.543435
2.017637
2.544072
2.743932
2.680718
2.743932
2.592936
1.849034
1.864969
2.546865
2.073689
2.298675
2.138546
2.002769
1.886777
1.510351
1.581069
1.598382
1.486373
0.872311
0.872311
1.016371
1.300642
1.246898
1.331790
1.300642
1.325576
1.289440
1.275313
1.260896
1.414909
1.573420
1.598392
1.537245
1.574891
1.629912
1.662714
1.855439
2.160860
2.031356
2.133345
2.421109
2.130720
2.276160
2.276160
1.999164
2.543435
2.383744
2.454553
2.465755
2.456351
2.173392
1.924018
1.844322
1.895902
1.844322
2.633863
2.476194
2.048820
1.817433
1.780114
1.713364
1.542361
1.510351
1.472827
1.486373
1.486395
0.903785
0.903785
0.977996
1.322406
1.454102
1.586666
1.535436
2.009972
1.644113
2.009972
1.622230
2.049567
2.123816
2.099759
2.175219
2.154426
2.119696
2.543435
2.285013
2.372974
2.456351
1.821268
2.458425
2.448016
1.878167
2.627324
2.495502
2.546865
2.482429
2.487076
1.887895
1.724015
1.832105
1.867759
1.591608
1.494377
1.443672
0.991743
0.936242
0.951765
1.029578
1.371527
1.457246
1.362087
1.338699
1.616689
1.517470
1.446963
1.583469
1.517470
1.573420
1.689419
2.063371
1.664038
1.745382
2.033608
2.131905
2.137008
1.695399
2.073097
2.049567
1.873847
1.855439
2.018024
2.198132
2.249351
2.061668
2.019410
2.235054
2.392310
1.992594
2.214302
2.465755
1.984099
1.835660
2.640036
2.436827
2.652074
2.672852
1.801446
1.894483
2.500013
2.437718
1.755020
2.379631
1.864969
1.881480
2.140187
2.138546
1.781288
1.590920
1.723545
1.657531
1.515019
1.009569
1.690480
1.616689
1.615647
1.647060
1.691264
1.925589
2.119426
1.958607
2.018024
2.018024
2.116752
2.112240
2.048059
2.194322
1.968331
1.945531
1.957161
2.005236
2.275845
2.118404
1.984099
2.373630
2.338373
2.436827
2.527134
2.496971
2.454146
2.413410
1.914301
1.869158
2.223578
1.590920
1.700520
1.686876
1.533345
1.515019
1.486395
0.951765
1.045091
1.045091
1.069135
1.009569
1.056963
1.017515
1.110157
1.381890
1.219618
1.180235
1.385347
1.533378
1.499488
1.518821
1.668297
1.652813
1.546915
1.726081
1.612087
1.612087
1.638475
1.886372
2.059306
1.986690
2.073097
1.737264
2.080381
2.033608
1.800295
1.703909
2.080381
2.242373
2.026537
2.099740
2.218871
2.176136
2.235054
2.005805
1.961374
1.955516
1.976112
2.372974
2.290433
2.378780
2.352206
1.865067
1.814133
2.581319
2.575272
2.358929
2.223578
1.879582
1.879582
1.899630
2.060594
1.890514
1.979938
1.802730
1.887013
1.840714
1.703133
1.615415
1.042693
1.371527
1.381890
1.114043
1.276125
1.385111
1.282784
1.202447
1.403769
1.373495
1.593185
1.533378
1.762703
1.647465
1.609809
1.914636
1.976919
1.977554
2.024092
2.031356
2.103070
2.108958
2.005805
1.919292
1.936863
2.032602
2.359056
2.359056
2.263350
2.359056
2.060308
2.212237
1.750164
1.792800
1.776545
2.334183
2.221256
2.170364
2.281106
1.697168
1.752065
1.714758
1.637667
1.628387
1.094658
1.123525
1.086492
1.128795
1.410121
1.426961
1.385347
1.333753
1.457246
1.248245
1.728615
1.304486
1.872540
1.952394
1.737264
1.714850
1.946479
1.980894
1.903932
1.586679
2.071069
1.633290
2.187253
2.252832
2.117442
2.293047
2.017818
1.920741
2.530820
2.350962
1.776314
2.463695
2.428542
2.053900
2.188220
2.255776
2.025573
1.797358
1.878067
1.840915
1.728612
1.760120
1.168042
1.426961
1.404420
1.432236
1.668156
1.705373
1.553667
1.710474
1.720206
1.762703
1.787729
1.390164
1.612087
1.987218
1.590317
1.564341
2.059306
2.037570
1.612812
1.588009
1.715292
1.946479
1.946707
1.550280
2.178896
1.944775
2.091146
2.064191
1.943121
1.505978
2.141220
2.128324
2.108958
2.066352
1.862997
1.905896
2.285783
2.414493
2.458789
1.741573
1.772581
1.786280
2.190340
2.138168
1.846762
1.853993
2.010269
1.901118
2.010269
1.146111
1.146111
1.188073
1.128795
1.146111
1.146497
1.467937
1.505388
1.464997
1.489251
1.518821
1.616497
1.720206
1.796104
1.860613
1.804455
1.925589
2.009729
1.612812
2.119426
1.641463
1.918687
1.993238
2.128324
2.033905
1.444005
1.950848
1.505978
1.444535
1.917347
1.950848
1.919292
2.203604
2.263350
2.269971
1.919371
1.930181
2.061474
2.414493
2.414493
2.305730
1.811568
2.198399
2.188220
1.807444
2.072701
2.138168
2.144944
1.936688
1.814473
2.032154
1.926648
1.860859
1.161589
1.210889
1.418484
1.410121
1.415707
1.415707
1.740109
1.629923
1.511361
1.646635
1.783707
1.783707
1.925589
1.636320
1.845825
2.056547
2.038036
2.040118
2.110799
2.059971
2.039506
1.551109
1.570842
1.912683
1.912683
1.884013
1.925112
2.192031
2.068497
2.002307
1.858115
1.805085
2.207059
2.308347
2.134123
2.073404
2.293254
2.015138
2.198399
1.987065
1.312620
1.452594
1.442975
1.170037
1.452594
1.269593
1.170749
1.432739
1.445146
1.477823
1.578680
1.807324
1.838544
1.886586
1.851515
1.612812
1.946707
1.634723
1.647749
1.745888
1.641463
1.854486
1.941310
2.040118
1.969690
1.886525
2.103070
1.436931
1.675708
1.443640
2.165888
2.167022
2.119946
2.136102
2.119946
2.203604
2.163928
2.105113
2.105113
2.403328
2.428542
2.245704
2.161522
2.147135
1.210889
1.170037
1.210889
1.506756
1.548481
1.477823
1.470690
1.617965
1.701775
1.631834
1.771584
1.769105
1.701775
1.659644
1.769105
1.636320
1.705058
1.658525
1.826059
1.767375
1.741771
1.851878
1.872087
1.774124
1.798392
1.898500
1.898500
1.754659
1.895976
1.811097
1.860533
1.508697
1.925581
1.958970
1.462531
1.918687
1.829163
2.015713
1.640906
1.610675
1.735691
2.016860
1.992428
1.917082
2.059940
1.995041
1.570112
1.493696
1.903773
1.679371
1.864170
1.918312
1.702853
1.561797
1.679371
2.000876
1.793834
2.285319
2.144003
2.184062
2.105113
1.680723
2.268542
1.982581
1.824736
1.936688
1.265431
1.274087
1.271926
1.482229
1.698466
1.432236
1.525983
1.587487
1.804455
1.750478
1.507626
1.412687
1.369546
1.771399
1.818896
1.704214
1.747954
1.851878
1.750586
1.942393
1.982097
2.043958
1.754560
1.861109
1.895390
1.998553
2.039506
2.059940
1.590724
1.818135
1.473701
1.925112
1.993575
2.167022
2.165888
2.165888
2.002307
1.839167
1.910822
1.762114
1.636917
2.318094
1.990615
1.990615
2.223707
1.862694
1.982581
2.015138
1.291224
1.274087
1.506756
1.552695
1.395142
1.764386
1.525983
1.588824
1.449621
1.497927
1.771399
1.704214
1.812042
1.825989
1.854137
1.531541
1.854137
1.942393
1.753175
1.647749
1.871586
1.647986
1.657092
2.004023
1.986715
1.986715
1.900433
1.895390
1.994052
1.590724
1.865648
1.372669
1.808499
1.862187
2.036916
1.982841
2.119853
2.054636
2.063859
2.172587
1.226998
1.807866
2.105113
2.144418
2.101100
2.051947
2.134123
1.959592
1.727247
1.758877
1.877112
1.335947
1.282774
1.522688
1.642407
1.350444
1.369546
1.664563
1.610878
1.444779
1.779930
1.842116
1.779930
1.549817
1.390008
1.835359
1.756510
1.658525
1.805996
1.784332
1.861469
1.657436
1.706459
1.531541
1.982097
1.895901
1.541364
1.924135
1.900433
1.769991
1.521885
1.938385
1.998553
1.975195
1.833146
1.501901
1.628651
1.628651
1.844265
1.949200
1.861109
1.444005
1.505181
1.591852
1.590724
1.586407
1.827633
2.036916
1.988532
1.935853
1.722489
1.460696
1.283998
1.720249
2.192539
2.061554
2.041697
1.738860
1.771573
1.832957
1.809097
1.578933
1.522688
1.610878
1.382226
1.335436
1.645575
1.382226
1.534403
1.687472
1.464910
1.537990
1.500270
1.835825
1.635484
1.600168
1.758717
1.724204
1.687472
1.755285
1.755285
1.788240
1.833770
1.816413
1.695861
1.579656
1.646535
1.929343
1.869954
1.923398
1.844994
1.735919
1.938385
1.868655
1.884644
1.747665
1.933158
1.868873
1.382455
1.980801
1.754560
1.740839
1.606990
1.850200
1.575055
1.598739
1.880768
1.865861
1.882084
1.960521
1.626320
1.909999
2.060966
1.988532
1.979966
1.919626
1.786364
1.990016
1.281018
2.042682
2.318898
2.146982
1.743887
1.896949
1.537990
1.464910
1.861469
1.895901
1.867691
1.855881
1.704759
1.682517
1.840434
1.788071
1.716768
1.742490
1.657737
1.795413
1.868655
1.854838
1.793345
1.980801
1.959016
1.959016
1.998553
1.856998
1.858111
1.871136
1.796335
1.493717
1.897108
1.673611
1.757213
1.907603
1.938052
1.864167
1.966962
1.869703
1.797798
2.046907
2.172768
2.059407
1.903121
1.727367
1.993458
1.829729
1.926615
1.692072
1.678052
1.718761
1.704960
1.753649
1.839755
1.813755
1.813755
1.853368
1.709798
1.833702
1.788071
1.799672
1.788071
1.832538
1.855144
1.829403
1.829403
1.895590
1.909179
1.909179
1.975195
1.867730
1.804120
1.620892
1.591852
1.620892
1.488047
1.581418
1.575553
1.757213
1.757213
1.966962
1.965222
1.966962
1.678675
1.988937
1.967355
2.003654
1.967355
1.925666
1.791995
1.799842
1.873025
1.837376
1.880894
1.853025
1.843846
1.873554
1.799672
1.866247
1.895590
1.798199
1.907863
1.730502
1.854933
1.822766
1.796335
1.488047
1.673611
1.907603
1.849663
1.965222
1.848560
1.701301
1.645683
1.691682
2.036778
1.986447
2.087201
1.740509
1.883249
1.785886
1.882824
1.868655
1.892052
1.791989
1.898200
1.718198
1.596549
1.788856
1.484532
1.474391
1.990911
1.987797
1.827633
1.749922
2.052764
2.059774
1.762300
1.765487
1.883249
1.779104
1.898200
1.898200
1.898200
1.725142
1.795413
1.896326
1.868873
1.512012
1.844249
1.787762
1.877630
1.831448
1.575553
1.493717
1.664925
1.747906
1.798579
1.908230
1.746228
1.864167
1.909999
1.897892
1.904930
2.015677
1.648869
1.887995
1.859206
1.686656
1.797511
1.774896
1.776825
1.743878
1.745474
1.801334
1.402302
1.904350
1.856019
1.885421
1.827849
1.603390
1.672179
1.744941
1.797798
1.750735
1.861001
1.858139
1.897892
1.897892
1.576351
1.967355
1.876866
1.678760
1.648541
1.742524
1.665091
1.800081
1.618702
1.818114
1.800081
1.681892
1.783875
1.767843
1.731031
1.402302
1.404371
1.774040
1.402302
1.825113
1.897699
1.856987
1.579907
1.664925
1.725437
1.736658
1.736658
1.672855
1.817484
1.694695
1.949477
1.931253
1.910840
1.800897
1.852364
1.800897
1.694394
1.721692
1.638181
1.644268
1.725612
1.690988
1.664225
1.796864
1.800449
1.764158
1.826046
1.897699
1.897699
1.904350
1.877630
1.832458
1.755333
1.733114
1.797798
1.720514
1.615021
1.850585
1.574738
1.935641
1.793355
1.793355
1.777369
1.643625
1.643625
1.679128
1.725142
1.668296
1.493318
1.680269
1.721188
1.811182
1.784706
1.793352
1.793352
1.775286
1.815089
1.754207
1.857358
1.775121
1.775121
1.698380
1.861001
1.869327
1.862635
1.925666
1.944909
1.943124
1.952758
1.859979
1.733381
1.656870
1.736271
1.643625
1.648598
1.668296
1.636805
1.654264
1.577617
1.421722
1.692835
1.707817
1.707817
1.410061
1.806577
1.826168
1.727772
1.764158
1.825113
1.533872
1.712403
1.683623
1.676793
1.869327
1.942087
1.860240
1.550419
1.600381
1.655198
1.735137
1.623901
1.310810
1.687610
1.421722
1.754285
1.723704
1.784706
1.810406
1.810406
1.812116
1.713618
1.800449
1.415672
1.419684
1.658328
1.513572
1.662405
1.658628
1.635128
1.615021
1.858139
1.870316
1.889034
1.869327
1.593205
1.857414
1.534364
1.544742
1.520399
1.620817
1.690171
1.723454
1.666709
1.759934
1.738877
1.698001
1.603390
1.609184
1.609184
1.676793
1.796807
1.809184
1.774462
1.771948
1.796328
1.870169
1.859979
1.534429
1.516808
1.678760
1.562429
1.454361
1.534364
1.458543
1.555273
1.579963
1.543025
1.356208
1.462680
1.329260
1.416288
1.736395
1.705970
1.666709
1.697317
1.328578
1.407170
1.826168
1.747773
1.356931
1.698001
1.433922
1.596570
1.796807
1.591238
1.746748
1.635128
1.631034
1.784212
1.785619
1.688830
1.757521
1.764423
1.635786
1.592588
1.658474
1.631703
1.328700
1.697317
1.739100
1.729242
1.638460
1.620674
1.356931
1.662405
1.650595
1.719721
1.796807
1.802013
1.784212
1.573796
1.772870
1.757521
1.757521
1.587244
1.648314
1.559010
1.484174
1.543826
1.464351
1.661068
1.717610
1.729243
1.710277
1.336695
1.638460
1.465300
1.498302
1.607416
1.657763
1.695261
1.772655
1.697462
1.653305
1.757521
1.556599
1.409771
1.411701
1.579963
1.564501
1.610172
1.356208
1.619413
1.566933
1.592014
1.603485
1.644526
1.722426
1.729243
1.710277
1.644137
1.739100
1.560909
1.326876
1.713618
1.326876
1.677270
1.343526
1.429946
1.439034
1.574729
1.515025
1.476725
1.576151
1.553042
1.783752
1.783752
1.561764
1.520591
1.675852
1.458543
1.485436
1.491848
1.418237
1.257474
1.515134
1.592810
1.592810
1.592810
1.236420
1.652719
1.561559
1.560909
1.643357
1.695261
1.695261
1.687401
1.576151
1.687401
1.614547
1.663757
1.663757
1.626709
1.681256
1.613906
1.714046
1.701686
1.681256
1.688830
1.701030
1.542154
1.624576
1.624576
1.643477
1.604368
1.248235
1.260733
1.675815
1.607646
1.597763
1.597763
1.541690
1.540705
1.596846
1.664403
1.701686
1.595912
1.663757
1.489721
1.512123
1.631659
1.582418
1.412012
1.454607
1.434269
1.452126
1.621557
1.229213
1.558222
1.644526
1.529509
1.607526
1.407043
1.480411
1.350884
1.404078
1.539712
1.454890
1.558491
1.536365
1.442214
1.239948
1.293024
1.475382
1.522449
1.168153
1.558410
1.180462
1.248235
1.638460
1.638460
1.263383
1.332419
1.424731
1.404078
1.470356
1.579100
1.525366
1.568460
1.611565
1.688830
1.378836
1.533872
1.544243
1.434905
1.434905
1.453043
1.558410
1.561559
1.557372
1.549791
1.620674
1.476391
1.338623
1.544974
1.592591
1.457974
1.577076
1.557523
1.595912
1.591680
1.358554
1.214228
1.214228
1.400087
1.522051
1.502120
1.483839
1.279587
1.551605
1.397331
1.482636
1.557290
1.468151
1.383659
1.404078
1.465294
1.502226
1.577076
1.497344
1.520020
1.597138
1.331999
1.568028
1.254208
1.250414
1.342570
1.431019
1.507136
1.424678
1.464062
1.496677
1.540948
1.464062
1.503070
1.503070
1.503070
1.512260
1.611565
1.541617
1.493483
1.613906
1.357280
1.268986
1.372588
1.336678
1.426858
1.560909
1.490778
1.523972
1.513480
1.515779
1.162057
1.483839
1.263383
1.548116
1.273337
1.506382
1.528799
1.486709
1.429817
1.612185
1.515779
1.478430
1.224707
1.197038
1.267637
1.238245
1.324932
1.331999
1.180374
1.135584
1.367012
1.286964
1.068836
1.201208
1.176653
1.147752
1.226471
1.461535
1.375202
1.461535
1.461535
1.416134
1.480240
1.480240
1.402128
1.368326
1.495537
1.416914
1.482793
1.273337
1.273337
1.476391
1.488258
1.474648
1.327492
1.433730
1.421658
1.507933
1.419092
1.425770
1.505467
1.496334
1.444983
1.442540
1.448574
1.456606
1.442645
1.463543
1.513480
1.446225
1.383132
1.463543
1.461656
1.455154
1.349447
1.455643
1.378476
1.452717
1.515779
1.449288
1.219091
1.180374
1.286964
1.307378
1.114419
1.427834
1.361722
1.088459
1.096535
1.194070
1.260996
1.432122
1.453472
1.457604
1.512260
1.433720
1.453472
1.223424
1.214683
1.395260
1.375202
1.366488
1.325704
1.325704
1.236452
1.117471
1.188565
1.153504
1.416457
1.337873
1.416134
1.195427
1.392353
1.382810
1.368326
1.346912
1.406282
1.411149
1.416914
1.429452
1.427681
1.419493
1.181645
1.253692
1.410991
1.313421
1.382810
1.427983
1.422080
1.433730
1.263872
1.438434
1.410991
1.337156
1.410991
1.425770
1.441989
1.432122
1.352701
1.311117
1.322138
1.338623
1.442540
1.437134
1.442645
1.318519
1.260756
1.349447
1.454329
1.453057
1.457443
1.362688
1.455688
1.450580
1.338448
1.434455
1.409599
1.447202
1.451493
1.431925
1.424914
1.195408
1.135723
1.143787
1.180374
1.252205
1.219561
1.163293
1.219561
1.307378
1.244913
1.252840
1.266390
1.341652
1.073004
1.134789
1.054224
1.054224
1.278158
1.166511
1.197920
1.237123
1.304115
1.096727
1.268997
1.284250
1.324563
1.325704
1.337873
1.134851
1.235958
1.347126
1.317524
1.282486
1.172896
1.352331
1.327034
1.313421
1.232898
1.276048
1.364699
1.364668
1.338448
1.295568
1.355365
1.411614
1.101628
1.148367
1.212149
1.180584
1.148367
1.223605
1.109053
1.157788
1.123172
1.264562
1.185517
1.317205
1.199671
1.149288
1.172896
1.235958
1.291147
1.321655
1.224271
1.232783
1.330651
1.351562
1.267379
1.329516
1.295568
1.313183
1.338448
1.295568
1.329516
1.180584
1.209679
1.216609
1.226989
1.252863
1.298308
1.307190
1.224271
1.268875
1.338553
1.336318
1.255926
1.311909
1.652351
3.067390
3.091770
1.613675
1.652351
2.192365
2.195636
2.207700
2.297093
2.166631
2.166631
2.195636
2.105974
2.099110
2.082076
2.166631
2.629566
2.619490
2.523901
3.039841
2.157633
2.296777
2.562459
1.652351
1.652351
1.484658
1.613675
1.377081
1.421589
1.475947
1.355891
1.437109
1.207652
2.653714
2.003580
1.852213
2.000649
1.993141
2.611146
1.099444
2.403337
1.295881
1.717232
1.537277
1.330679
1.709419
1.586437
1.792155
1.118266
1.114482
1.661001
1.510501
1.307980
1.647780
1.847751
1.931964
1.291041
1.465790
1.895397
1.797601
1.669237
