6330 1 3
1.467872
1.514739
1.552539
1.555554
1.526886
1.645403
1.526886
1.695382
1.715782
1.491893
1.619680
1.509386
1.577957
1.448010
1.701025
1.528349
1.581220
1.670033
1.420914
1.520645
1.735098
1.578723
1.555554
1.616444
1.727891
1.697141
1.726055
1.662933
1.420914
1.463650
1.536843
1.497924
1.663662
1.485551
1.526226
1.723191
1.695382
1.453045
1.557328
1.742063
1.752965
1.599843
1.722698
1.658113
1.694281
1.644058
1.466781
1.389000
1.413869
1.455022
1.536843
1.404727
1.711771
1.733090
1.526226
1.878259
1.363394
1.389713
1.431975
1.342960
1.562172
1.356406
1.576352
1.630960
1.677046
1.545181
1.711771
1.579784
1.652183
1.749183
1.840289
1.691880
1.318357
1.427253
1.301768
1.242144
1.532861
1.556940
1.613024
1.637168
1.562172
1.677046
1.838348
1.789013
1.626961
1.534216
1.881443
1.746573
1.890608
1.878947
1.596092
1.662627
1.698892
1.741465
1.174786
1.369531
1.361050
1.589642
1.369908
1.439042
1.735305
1.789013
1.874092
1.477477
1.589037
1.646947
1.872737
1.863391
1.684368
1.698892
1.839229
1.784251
1.863391
1.784251
1.749183
1.735922
1.448657
1.176623
1.281605
1.304448
1.229265
1.492690
1.356406
1.418222
1.242144
1.495907
1.677046
1.677046
1.487059
1.838348
1.730022
1.786318
1.906545
1.627486
1.448657
1.537854
1.510734
1.626147
1.402973
1.871023
1.879885
1.906545
1.842121
1.959663
1.987574
1.743617
1.649827
1.881443
2.017756
2.031628
1.991125
1.875195
1.941087
1.809401
1.735922
1.259553
1.223933
1.145044
1.199997
1.602404
1.175027
1.737790
1.671593
1.865131
1.627486
1.743617
1.740750
1.743617
1.742657
2.021328
2.000704
2.063508
1.809401
1.952217
1.998499
1.841211
1.937567
2.001824
1.971987
1.831479
1.303868
1.404271
1.339027
1.328260
1.496005
1.858939
1.667851
1.772937
1.772937
1.879885
1.556880
1.926512
1.959918
1.723020
1.981733
1.642884
1.813408
1.992055
1.741465
2.204818
1.814245
2.129256
2.063508
2.203157
2.231382
1.796041
1.866125
1.969614
2.001824
1.841211
1.951722
1.956484
2.005548
1.292528
1.322341
1.316087
1.262713
1.223933
1.360354
1.297126
1.235224
1.196470
1.176623
1.875647
1.737790
1.865131
2.014734
1.752873
2.062624
1.740789
1.887325
1.819366
1.824867
2.385028
1.732352
1.872365
2.231382
2.211481
1.965854
1.915236
1.745639
1.915236
2.120188
1.210976
1.210703
1.263681
1.372579
1.548893
1.426690
1.404693
1.309232
1.588841
1.645301
1.779353
1.986058
1.706417
1.837813
2.010726
1.911210
2.079529
2.220722
1.811639
2.119205
2.171239
1.744415
2.025305
2.380889
1.899986
2.177486
2.161852
2.161852
2.143152
2.148079
1.961487
2.027149
1.915861
1.160869
1.269711
1.222184
1.370971
1.360354
1.168111
1.384381
1.613803
1.589779
1.619291
1.416152
1.465156
1.915083
1.541072
1.815364
1.981833
1.964305
1.737492
2.018820
2.164932
2.278051
2.093980
2.210425
1.752828
2.264318
2.394628
1.855419
1.969614
2.064258
2.106343
2.148079
2.103370
1.875564
2.041333
1.822147
1.193629
1.402980
1.235694
1.591030
1.496054
1.714017
1.710691
1.908936
1.543804
1.871687
1.997805
1.631521
2.126387
1.811639
2.400437
2.184124
2.338083
2.302849
2.337093
2.398874
2.215723
1.773675
1.779664
1.899986
2.394628
2.336577
2.358968
1.296601
1.183136
1.238977
1.272940
1.162658
1.415678
1.167764
1.387530
2.017697
2.051376
2.061722
1.709444
1.846454
1.762527
1.846454
1.870731
1.887325
1.872699
2.189006
1.887325
2.293042
2.302849
2.448797
2.422167
2.429746
2.053063
2.177486
1.992788
1.969614
2.018516
1.988967
1.831200
1.954562
2.336577
1.794422
1.891779
2.222204
1.827815
1.987329
1.660444
1.198969
1.759422
1.759422
1.844031
1.955084
1.908936
1.984625
2.055108
1.887325
2.231196
1.820712
2.344851
2.421789
2.606527
2.390887
2.364897
1.888991
2.422167
2.616077
2.429746
2.264318
2.233488
2.076618
2.150930
2.211481
2.394628
2.336577
2.260650
2.122577
2.090902
1.924416
1.142330
1.132241
1.168816
1.364363
1.161781
1.491640
1.578352
1.217399
1.187397
1.652311
1.997805
2.045539
1.932102
1.856273
1.932102
2.051376
1.875647
2.147182
2.100667
2.051376
2.032075
1.737492
2.203071
2.076973
1.931270
2.002855
2.015222
1.931270
2.376575
2.405926
2.276010
2.448797
2.380087
2.617529
2.617529
1.899986
2.069498
2.262465
2.217435
2.223595
2.046037
1.818866
2.013963
1.126810
1.252126
1.107868
1.101748
1.189276
1.211238
1.193629
1.632447
1.772425
1.680218
1.699574
1.421128
1.326009
1.890984
2.061722
2.051804
1.747157
1.687532
2.055108
1.999033
2.006904
1.872699
2.006904
1.931270
1.798465
2.014665
2.495075
2.444614
2.451149
2.357309
2.419629
2.579828
2.453454
2.439034
2.384716
2.297798
1.854651
2.026857
2.124326
1.899199
1.144391
1.365046
1.299338
1.407043
1.434340
1.487668
1.062829
1.193675
1.664974
1.833487
1.881360
2.074478
2.074478
1.898105
1.931733
2.390708
2.427184
2.303266
2.349961
2.441963
2.378017
2.412781
2.506322
2.495075
2.729031
2.637515
2.326042
2.518177
1.940110
1.940110
2.612341
2.448070
2.574864
2.358968
2.280342
2.411828
1.958104
1.957489
1.162683
1.178723
1.110874
1.052830
1.453582
1.801225
1.955084
1.881360
1.961388
1.889647
2.176943
2.147182
2.147182
1.853188
1.628270
1.959570
1.851094
2.395345
2.061380
2.614967
2.782514
2.579828
2.210643
2.574864
2.706436
2.534921
2.527028
2.038831
2.337957
2.227290
1.818074
2.184812
1.874305
2.033742
2.005149
2.058149
1.785705
1.863261
1.104179
1.084326
1.219225
1.277880
1.281666
1.071085
1.524758
1.890984
2.111117
1.939273
2.045539
1.567113
1.590431
2.018108
1.879875
2.179571
2.099563
1.999033
2.216367
2.565840
2.306452
2.557455
2.607002
2.380889
2.444614
2.380889
2.712799
2.579828
2.508101
2.438864
2.581415
2.141516
2.156305
2.038831
2.653944
2.597214
2.464925
2.366848
2.170197
1.837735
1.779610
1.220053
1.049063
1.071085
1.379441
1.151393
1.221686
1.735514
1.919629
1.812907
1.994144
1.877546
1.990380
1.663838
2.298069
2.274882
2.464503
2.412781
2.649275
2.495075
2.357664
2.616077
2.082834
2.207523
2.617469
2.326247
2.534921
2.518610
2.570545
2.446544
2.014247
2.435152
2.280342
2.210755
2.005149
1.945571
1.893417
1.083513
1.188613
1.154138
1.694668
1.572013
1.718260
1.692361
1.874680
1.472732
1.558766
2.087194
1.534585
2.185982
2.160036
1.997682
2.037077
1.831338
1.831338
1.820005
1.997682
2.053202
2.081785
2.295521
2.430324
2.435679
2.320193
2.331984
2.324508
2.412781
2.708846
1.936521
2.541863
2.495012
2.762356
2.867849
2.617529
2.050107
2.686159
2.374019
2.581415
2.190205
2.662081
2.427992
2.307823
2.412572
2.302774
2.758758
2.708777
2.187102
2.417265
2.653944
2.313678
2.195277
2.527028
2.446544
2.234152
2.063165
2.304072
1.978640
2.095257
1.898296
1.898296
1.893417
1.826638
1.788222
1.064002
1.301552
1.453582
1.050484
1.112917
1.553603
1.559894
1.653195
1.617505
1.556793
1.997479
1.835589
1.951477
2.253698
1.981114
1.880418
1.951688
2.360636
2.394449
2.395345
1.872648
1.785818
2.320193
2.613064
2.320193
2.576311
2.672723
2.559576
2.105192
2.384072
2.514926
2.859301
2.762356
2.787255
2.533733
2.812515
2.581415
2.677726
2.867783
2.322258
2.448070
2.788861
2.706436
2.653944
2.654870
2.605976
2.014247
2.156305
2.040590
2.153571
2.446544
1.992081
1.922210
2.038668
1.223440
1.154327
1.156510
1.007828
1.152511
1.382454
1.454695
1.502481
1.683304
1.628899
1.920218
1.477378
2.037933
1.515028
1.811821
2.270940
2.241002
2.253698
1.908214
2.039962
1.926432
2.131665
2.478575
2.541152
2.612906
2.603485
1.923845
1.849837
2.776138
2.652397
2.467420
2.461968
2.457345
2.457345
2.815498
2.692072
2.582091
2.622976
2.488839
2.373829
2.342283
2.420365
2.412572
2.435639
2.551700
2.254129
2.597214
2.621775
2.378247
2.136960
2.136960
2.153571
2.254742
2.063165
2.326109
2.347344
2.254742
2.369261
2.419725
1.154327
1.032539
1.239389
1.058063
1.080292
1.357330
1.370576
1.445647
1.507404
1.550419
1.094890
1.599224
1.586338
1.772828
1.939451
1.949658
1.530531
2.136719
1.565452
2.036012
1.754438
1.558766
1.811821
1.720549
2.320385
1.868134
1.777559
1.908214
2.131665
2.164609
1.821945
2.427556
1.790076
2.320193
2.703315
2.683071
2.007131
2.759511
2.782514
2.289911
2.481978
2.480483
2.638066
2.749545
2.457992
2.788961
2.806761
2.772320
2.786453
2.734619
2.730502
2.124675
2.386160
2.028835
1.958404
1.958404
1.241930
1.799136
1.764821
1.407878
1.999364
1.886532
1.917876
1.659865
1.751625
2.084649
1.923319
1.980756
1.884122
1.980756
2.047644
2.442360
2.247206
2.206273
1.854384
2.488839
2.824611
2.302588
2.757198
2.533733
2.945580
2.618829
2.526733
2.601327
2.750632
2.326109
2.338608
2.254742
2.250905
2.254620
2.338283
2.214436
1.907515
1.907515
1.907515
1.888051
1.507404
1.176553
1.700531
1.789135
1.833538
1.343439
1.434000
2.050415
2.050415
1.997479
2.099784
2.270940
2.110594
1.676079
1.900532
1.833014
1.958906
1.843774
2.108573
2.108573
1.939849
2.164609
2.164609
1.898278
2.330873
2.348775
2.252120
2.394449
2.715278
2.721660
2.675375
2.247206
2.285051
2.685797
2.593897
2.708846
2.879267
3.039978
2.642167
2.879532
2.758491
2.902749
2.296509
2.289911
2.505423
2.786453
2.681762
2.734619
2.354687
2.445210
2.524612
1.992081
2.008108
1.811364
1.811364
2.050679
1.853591
1.194634
1.160302
1.091757
1.059082
1.100820
1.287012
1.186452
1.199746
1.262443
1.080836
1.392882
1.314368
1.626818
1.332563
1.843566
1.843566
1.417074
1.444519
2.205685
2.046109
1.639646
1.743998
1.639655
2.346309
2.269721
1.884122
1.997424
1.845432
2.753829
2.644538
2.838998
2.893123
2.907605
2.893123
2.427838
2.740224
2.997446
2.638621
2.867849
2.804743
2.911095
2.970733
2.269691
2.302588
2.870033
2.870033
2.970733
2.772320
2.912408
2.829677
2.216455
2.730502
2.810318
2.730502
2.680374
2.053299
2.207347
2.164694
2.073912
2.257484
2.162094
2.225485
2.085871
1.809744
1.788791
1.811364
2.014887
1.336200
1.347349
1.080292
1.661309
1.720591
1.586338
1.207416
1.249112
1.321609
1.354681
1.925077
1.357209
1.870458
2.195897
2.022695
1.843774
2.084258
1.771027
2.091291
2.106981
2.564108
1.917307
2.159690
2.185279
2.827878
2.811065
2.781279
1.913799
2.223005
2.293257
2.405061
2.952504
2.836061
2.413919
2.879267
3.015801
2.804314
2.737821
2.722127
2.430926
3.068513
2.616731
2.302588
2.616731
2.805094
2.701673
2.647427
2.481514
2.805094
2.912408
2.750632
2.831402
2.621775
2.823746
2.471213
2.626276
2.417256
2.143610
2.338608
1.913822
1.890062
1.890062
1.234095
1.417594
1.502197
1.452819
1.105839
1.596119
1.545824
1.165518
1.661309
1.318349
1.176553
1.800274
1.742521
1.337693
1.843566
1.981509
1.705572
2.262821
2.176832
1.990762
1.769494
2.084258
2.159962
2.159690
2.711885
2.791292
2.682362
2.623007
2.763803
2.592061
2.917382
2.519317
2.924878
2.879267
2.274124
2.932886
3.142289
3.018361
2.955019
2.143729
2.309237
2.438847
2.505423
2.559754
2.447686
2.918043
2.288062
2.829677
2.810318
2.853211
2.143610
2.155084
2.051269
2.156728
2.417256
2.236179
1.990641
1.247013
1.366735
1.301469
1.503984
1.548026
1.604417
1.596119
1.480022
1.458559
1.689242
1.587769
1.945499
1.793786
1.676079
1.791031
1.837086
2.336018
2.281097
1.990762
2.623007
2.043221
2.606423
2.064990
2.159690
2.868826
3.013081
2.923055
2.348986
2.822523
2.749545
2.269691
2.384814
2.226639
2.813737
2.990068
2.820558
2.907375
2.143610
2.067634
2.355903
2.378385
2.422022
2.250542
2.408855
2.233966
1.809744
1.986828
1.963187
1.192738
1.189595
1.112949
1.303213
1.448966
1.138587
1.124309
1.607803
1.757078
1.418735
1.423436
1.423436
1.889444
1.811458
1.530393
1.809346
1.729487
1.612658
1.525303
1.580929
2.160223
2.099784
1.577598
1.922137
1.876545
1.922137
1.902768
2.024348
1.990762
1.712215
1.782504
2.122811
2.227594
2.853727
2.753829
2.228480
2.902705
2.223335
2.984713
2.946465
3.013081
2.749750
2.372239
3.189717
2.848193
3.139956
2.266021
3.001587
2.290844
2.778408
2.918043
2.855641
2.829677
2.840729
2.779099
2.655815
2.626276
2.500673
2.542181
2.397963
2.257484
2.124797
2.008108
1.381447
1.224829
1.162996
1.152511
1.714384
1.290391
1.830591
1.757078
1.412145
1.320825
1.320825
1.485355
1.767591
1.504709
1.520620
1.889444
1.711426
1.550639
1.520856
1.902969
1.659000
1.715552
1.999364
1.729487
1.638995
1.742303
1.876545
1.817325
2.357641
2.281097
2.346363
1.791031
1.905819
2.120286
2.379872
2.185672
2.104881
2.760316
2.799675
2.481440
2.878371
2.917382
2.616141
2.376963
3.027153
3.139492
3.144529
2.370163
2.370163
2.990068
2.625530
2.670808
3.080570
2.560787
2.438847
2.813955
2.820558
2.820558
2.401686
2.918296
2.853211
2.907375
2.574421
2.421124
2.442104
2.408638
2.154301
2.154301
2.155881
1.844606
1.844606
1.206802
1.198989
1.611376
1.785356
1.656155
1.191711
1.785356
1.345947
1.830591
1.472111
1.485946
1.868302
1.854052
2.111145
1.415205
2.131350
1.471547
1.965631
2.285917
1.876545
1.922137
1.860887
1.639655
1.717700
2.551494
2.295367
2.111743
2.894846
2.842853
2.945122
2.109590
2.145956
2.101635
2.881516
2.320283
2.080521
3.010474
2.882873
3.010474
3.115754
3.186728
2.309237
2.912144
3.039552
3.073040
2.992548
2.732241
2.876338
2.531695
2.949946
2.922642
2.574421
2.574421
2.421124
2.330417
2.644882
2.574421
2.236179
2.522290
2.292566
2.303690
2.222812
1.887455
2.184309
1.938836
1.748782
2.135050
1.148429
1.245227
1.321766
1.274577
1.303213
1.314856
1.388715
1.497311
1.424053
1.551678
1.551678
1.692962
1.198051
1.443895
1.458559
1.815063
1.811458
1.672250
1.672250
1.485946
1.659455
1.346148
1.879965
1.876545
2.416180
1.582634
1.890636
2.424794
2.793308
2.641891
1.805905
2.832788
2.807063
2.877298
2.336638
2.032646
3.244852
3.244852
2.952504
2.447534
2.614863
2.980155
3.144529
2.900898
3.080570
3.080570
2.318231
2.229990
2.990068
2.751099
2.478680
2.582042
2.397052
2.801937
2.425193
2.388757
3.039815
2.392498
2.124797
2.620625
2.422068
2.620625
2.154301
2.209695
2.333747
2.037175
2.346029
2.045489
1.977914
1.977914
1.388715
1.090661
1.441620
1.381447
1.792246
1.742861
1.310908
1.388405
1.445127
1.860986
1.872957
1.365938
1.507989
1.893619
1.815063
1.380368
1.402590
1.862062
1.823854
1.779660
1.823854
2.318361
2.285917
2.037586
1.779144
2.370859
2.247468
1.856809
1.975922
2.131779
2.131779
2.545468
2.473693
2.052522
2.907699
2.948658
2.023465
2.198420
3.122478
3.006187
3.027153
3.200565
3.107523
3.168343
3.080570
2.857188
2.990068
2.324677
2.318231
2.492562
2.716791
2.570652
2.732610
2.950760
2.693468
2.655815
2.614586
2.816892
2.918296
2.265804
2.478100
2.510265
2.557258
2.443942
2.546878
2.500252
2.425216
2.357376
1.812723
1.961520
1.910259
1.242804
1.259134
1.267759
1.334976
1.190783
1.637265
1.538341
1.502197
1.235041
1.303362
1.692962
1.807680
1.791938
1.432407
1.616684
1.596588
1.908878
1.264819
1.616684
1.926808
1.902969
1.840956
1.736596
1.840956
1.947800
1.879965
2.346363
2.370859
2.285917
1.809165
1.862160
1.975922
2.231632
2.111743
1.986103
2.187085
2.964540
3.060139
2.425483
2.763237
2.933064
2.785311
3.249581
3.030756
3.273410
3.286087
2.383919
3.168343
3.262047
3.068712
3.080570
2.335147
2.322721
2.478680
2.516591
2.586531
2.257733
2.443908
2.413238
2.567141
2.127411
2.037175
2.271928
2.127411
2.112487
2.045489
1.975448
1.899392
1.748782
1.812723
1.807344
1.963187
2.058900
1.878394
1.878394
1.453884
1.348596
1.353416
1.538341
1.588527
1.421068
1.303362
1.416748
1.507989
1.443895
1.520620
1.754087
1.354368
1.532975
1.520620
1.375548
1.562149
1.839071
1.609550
1.609550
1.659455
1.970252
1.838152
1.835291
1.487905
1.975922
2.424794
2.717550
2.760316
2.760316
2.717550
2.915376
2.900059
2.915376
2.109590
2.950990
2.170670
2.963139
2.946465
2.285649
2.425483
3.060139
3.070578
2.447534
2.307197
2.293217
2.369849
3.039752
2.318231
2.492562
2.511825
2.461464
2.559870
2.418988
2.620625
2.037175
2.149541
2.072320
2.346029
2.346029
2.443942
2.430848
1.359590
1.281239
1.217406
1.275685
1.420714
1.548700
1.160779
1.497311
1.754794
1.293225
1.692962
1.887448
1.419055
1.446714
1.419055
1.527555
1.275813
2.131350
2.339141
1.950385
1.400472
2.055906
1.592383
2.265690
2.174849
2.026374
2.606323
2.945122
2.900059
2.945122
2.192248
2.885760
2.981572
2.969577
3.012634
2.969577
3.244852
3.182239
2.993226
3.249581
2.705930
2.300364
3.200565
3.093713
2.385187
3.037733
3.037733
2.254779
2.375964
3.049893
2.944610
2.912263
2.620826
3.113992
2.964367
2.847144
2.706639
2.302420
2.290469
2.113581
2.334475
2.718388
2.613062
2.601743
2.072320
2.193826
2.474365
2.316464
2.121749
2.266447
1.962941
1.760009
1.271170
1.355808
1.388766
1.217406
1.637265
1.754794
1.416748
1.897692
1.728408
1.769031
1.347870
1.796989
1.817543
1.839071
1.264819
1.940366
1.937658
1.862160
1.937658
2.424794
2.309180
2.210957
2.632840
2.448999
2.563478
2.065564
1.808683
1.902262
1.848420
2.197839
2.256915
2.044985
1.960838
3.143216
3.320340
3.320340
3.182239
2.679076
2.588243
2.679076
3.368496
3.320340
3.030756
2.385187
2.386528
3.006247
3.273410
3.248006
3.248006
2.934715
2.787007
3.147176
2.410112
2.925390
2.766460
2.962888
2.316386
3.160478
2.474715
2.211298
2.080751
2.283414
2.168737
1.685635
1.915199
1.915199
1.209007
1.258744
1.501210
1.347460
1.273383
1.637265
1.353416
1.421129
1.421068
1.326711
1.364869
1.854724
1.854724
1.213863
1.266536
2.218337
1.837787
1.304497
1.949406
2.125232
2.234843
2.287806
2.406773
2.348747
2.112967
2.484881
3.282106
2.254779
2.230173
3.273410
3.076914
3.223331
3.223331
2.414288
2.354194
2.647400
2.925390
2.606934
2.461464
2.461464
3.113992
3.113992
2.949946
2.347204
2.302420
2.302420
2.215582
2.475215
2.356251
2.674353
2.718388
2.650203
2.744200
1.987355
2.080751
2.004847
2.211298
2.049751
2.049751
1.598322
1.754098
2.004697
2.044809
1.685635
1.655059
1.412131
1.307012
1.341989
1.535120
1.431195
1.345819
1.723129
1.697094
1.652383
1.758056
1.482966
1.446748
1.728408
1.633362
1.764718
1.885753
2.013275
2.218337
1.889153
1.329062
1.592383
2.065564
2.113497
3.200565
3.282106
3.350823
2.540652
2.766460
3.038352
2.426466
2.528891
2.442564
2.204620
2.443908
2.554015
2.347180
2.418988
2.334475
1.987355
2.423280
2.116068
2.252407
1.724959
1.695573
1.324396
1.251563
1.287761
1.212317
1.613255
1.258517
1.548700
1.754448
1.746775
1.669016
1.488491
1.391103
1.793530
1.245776
1.266353
1.256940
1.268732
1.912703
1.912703
1.912703
2.373950
2.318361
1.926075
2.339141
1.911891
1.875465
3.368496
2.172100
3.398203
3.398203
2.190129
3.202510
3.313829
2.382455
2.241428
3.128687
2.814936
2.980412
2.317756
2.620826
2.502104
3.266366
2.917506
2.909794
2.442564
2.372408
2.253090
2.197031
2.347180
2.636332
2.660172
2.404634
2.404634
2.155213
2.188795
2.180851
1.272417
1.358544
1.395448
1.486709
1.658404
1.542288
1.677529
1.583197
1.487520
1.658404
1.493207
1.810899
1.878905
1.482966
1.894524
1.360159
1.690278
1.236269
1.229083
1.804158
1.918990
1.937679
2.406773
3.201087
3.048470
2.705930
2.317392
2.238175
3.249795
3.259690
2.250622
2.328540
2.371559
3.271712
3.144569
2.350991
2.925390
2.859898
2.598564
2.814936
2.768197
2.909794
2.470563
2.438203
2.528891
2.281165
2.327939
2.436703
2.777981
2.437483
2.459432
2.049751
1.823931
1.572885
1.780579
1.655059
1.258744
1.300171
1.353134
1.423370
1.432039
1.542288
1.677529
1.325205
1.418652
1.746775
1.679978
1.490585
1.810899
1.723129
1.834747
1.821397
1.750092
1.998854
1.720583
1.728530
1.770590
1.287236
1.773630
1.232816
1.905899
1.927822
2.043955
1.817161
2.234843
1.928675
2.760117
3.441205
2.394352
3.144569
2.723757
3.014051
2.298599
3.247478
2.814936
3.141110
3.163560
2.251709
2.254031
2.719866
2.894539
2.745458
2.916997
2.586903
2.116068
1.999495
1.755564
1.709730
1.611679
1.577564
1.572885
1.263524
1.470642
1.739446
1.589334
1.837308
1.954464
2.001641
2.001641
1.875519
2.040689
1.902296
2.033888
1.233728
1.691412
1.722301
1.820887
1.899325
1.885753
1.246051
1.232816
2.218337
1.926075
2.271028
1.265226
1.265226
1.483647
1.773696
1.739138
2.563821
2.760117
2.779824
3.398203
3.449452
2.468314
2.583561
2.289281
3.282106
2.355667
2.362274
2.259573
2.317392
3.259690
2.350991
2.625533
3.163560
2.438203
2.649087
2.251709
2.620826
2.215287
2.378327
3.041612
2.138366
2.317596
2.451216
2.373148
1.619457
1.883854
1.667550
1.257607
1.223534
1.323091
1.325609
1.538090
1.510956
1.563777
1.611427
1.386983
1.589334
1.837308
1.585541
1.493207
1.837308
1.910565
1.837308
2.005275
2.010373
2.033888
1.878345
1.729312
1.241330
1.253297
1.722301
1.211571
2.091570
1.199911
1.180987
1.882903
1.232967
1.265226
2.915792
2.956830
2.760117
3.274101
3.303659
2.396073
2.501195
3.344306
3.249795
3.128687
3.147176
3.021671
2.980412
2.980412
2.336890
2.438203
3.171839
2.215287
2.271398
3.041612
2.420743
2.349341
2.253090
2.086953
2.374429
2.437483
2.670708
2.482559
2.264778
2.482559
2.175642
1.852878
2.044809
2.191089
1.793896
1.348460
1.677734
1.827702
1.832986
1.739446
1.676216
1.587210
1.827702
1.910565
1.905081
2.010373
2.010373
2.005275
2.118961
1.475557
1.783189
1.787065
1.671016
1.681148
1.691412
1.229083
1.235105
1.686082
1.776331
1.748673
1.982003
1.893552
2.091570
1.232967
2.015856
2.827358
2.865726
2.655935
2.926821
3.072843
2.289281
2.259573
2.955076
3.241003
2.271398
2.944539
3.205780
3.128033
2.254031
2.874622
2.292341
2.378327
2.480561
2.944539
2.944539
2.367529
2.670708
2.007032
1.991689
1.991689
2.511996
2.288895
1.953738
1.864769
2.084080
2.023838
2.146445
2.341801
1.577564
1.178019
1.225330
1.340074
1.319059
1.254579
1.210088
1.450766
1.325609
1.386983
1.482342
1.611427
1.589334
1.832986
1.944609
1.974767
1.910565
1.974767
2.005275
2.141496
2.211335
1.748673
1.902829
2.145569
1.946686
1.965078
1.315708
1.315708
1.317210
1.315708
1.709694
2.288966
2.995590
2.686855
2.633825
2.488851
2.951161
3.182524
2.910163
3.190633
3.139442
2.396073
3.148311
2.309028
2.443890
3.206768
3.205780
2.328280
2.361143
2.378327
2.805053
2.806197
2.589454
2.644205
2.806197
1.991689
2.588041
2.305820
2.305820
2.519506
2.007032
2.004847
1.850205
1.834490
1.732943
1.226791
1.257607
1.173643
1.216790
1.499457
1.724454
1.652192
1.635500
1.587847
2.108030
2.194319
2.204313
1.780245
1.262107
1.233584
1.855531
2.145569
2.145569
2.013762
1.989056
2.956830
2.428902
2.083977
2.808832
3.495354
2.463759
2.324327
2.419305
3.227449
3.385393
3.342901
3.141110
3.311774
3.014616
2.275266
2.948553
2.377371
2.471992
2.329922
2.085390
1.486444
1.619457
1.209129
1.139448
1.294919
1.608921
1.487896
1.633820
1.635500
1.894919
2.118961
2.115075
2.175666
2.026388
2.005594
1.443613
1.679921
1.668211
1.775656
2.112536
2.040702
2.112536
2.063010
1.937398
1.518118
1.505144
1.675834
2.915792
2.915792
2.883601
1.649638
2.712654
2.995590
2.451499
2.550478
2.760117
2.805332
2.985437
2.694688
3.496271
2.220217
3.025078
2.355377
2.387544
2.350009
2.493557
2.373599
3.014616
3.492848
3.492848
3.212896
2.323693
2.925433
3.073594
2.479366
2.925433
2.943215
2.756140
2.943215
2.098661
2.525948
2.264751
2.329922
2.250090
2.295196
1.991958
1.991958
2.085390
1.515702
1.226791
1.295286
1.489925
1.522102
1.520444
1.531988
1.633820
1.635500
1.633820
1.635500
1.503673
2.336602
1.886663
2.211335
2.127737
2.127737
1.839422
1.898893
1.779489
1.269251
1.711272
1.840662
2.020082
1.878685
1.883225
1.968230
1.957214
1.585418
2.577421
2.666480
2.995590
3.496271
3.357803
3.196982
2.986455
3.343029
3.357803
2.379167
2.433436
2.229689
2.269644
2.244991
2.341207
2.631287
2.167369
2.361143
2.985345
2.810778
2.393014
2.378327
3.101453
2.491391
2.803393
2.189644
2.443501
2.803393
2.427838
2.427838
2.195571
1.996970
2.151155
1.943714
2.085390
1.991958
1.703133
2.174723
1.483495
1.570859
1.870352
1.433272
1.049234
1.114540
1.112486
1.078475
1.358720
1.541297
1.578202
1.606956
1.875507
1.944609
2.075529
2.194319
2.289725
2.291158
1.384790
1.855531
1.976985
2.077718
1.940059
1.966044
1.421970
1.407297
1.407297
1.518118
2.881273
2.078159
1.790624
2.887204
2.888077
3.357803
2.752664
2.162585
2.339266
3.182524
2.209753
3.479727
3.438390
3.671238
2.563531
3.385393
2.258737
2.239398
3.458481
3.226798
3.217149
3.011864
2.385212
2.283883
2.800088
2.800088
2.175856
2.202620
2.291853
2.360916
2.474287
2.181794
2.181794
2.108197
1.943714
2.206192
1.524371
1.523186
1.165240
1.159387
1.178694
1.445606
1.417997
1.379396
1.417997
1.432521
1.415947
1.557714
1.541297
1.476763
1.489447
1.608921
1.681480
1.633820
1.758582
1.832986
1.512789
2.235215
1.669265
1.726822
1.658958
1.659667
1.728141
1.930921
1.311774
1.480246
2.080031
2.883601
2.298975
2.883601
2.706608
2.690541
2.436252
2.795183
2.732368
2.769773
3.024420
3.343029
2.355377
2.338683
2.437566
3.614945
2.337052
2.340792
2.530017
2.981994
2.797973
3.014616
3.227449
3.370679
3.336427
3.294397
3.220813
2.305843
2.205188
2.205188
3.066200
3.210256
3.077789
3.077789
2.872201
2.359887
2.354571
2.610782
2.803393
2.652112
2.181794
2.398303
2.434012
2.304339
2.304339
2.204021
1.818361
1.710485
1.996970
2.117990
1.703133
2.053202
2.058575
1.884845
1.865696
1.203352
1.522102
1.470642
1.476763
1.489447
1.476763
1.675783
1.541297
1.720222
1.489447
1.600323
1.600323
1.758582
1.515417
1.987371
2.345315
2.336602
2.334597
2.152723
2.289725
1.512789
1.443613
1.768748
1.965296
2.112536
2.922737
2.922737
2.272823
1.562049
1.480246
2.960846
1.623469
2.744943
2.841298
2.082484
2.771873
2.876595
2.384664
2.334001
2.366793
2.851685
2.585297
2.981994
2.472123
3.527691
3.510283
2.508773
2.762553
2.981994
3.373627
3.169543
2.479731
2.419502
2.451679
2.949139
2.882313
2.949139
2.798555
2.128511
2.653941
2.872201
2.334047
2.079342
2.359887
2.359887
1.836737
2.236423
2.258366
2.117990
1.581445
1.911044
2.011179
1.369208
1.254652
1.445606
1.476763
1.608023
1.436576
1.493405
1.549296
1.844568
1.875507
1.843803
1.805749
2.036027
1.921094
1.532155
2.247850
2.164871
1.891035
1.823765
1.998015
1.967013
2.077718
1.940059
1.884044
1.960189
1.947648
1.935029
1.995324
2.852359
2.785002
2.573146
3.021087
2.573146
2.787630
2.513192
2.235915
2.093753
2.124691
3.576134
3.690597
2.419305
3.475003
3.475003
3.370679
2.909085
2.798922
2.140082
2.249310
2.394014
1.708841
1.682803
2.037726
1.958976
0.983422
1.202852
1.296037
1.118686
1.376599
1.379396
1.366339
1.484507
1.650808
1.633365
1.498719
1.749177
1.828439
1.762069
1.530774
1.534729
2.279101
2.336602
1.882719
2.013762
2.947131
2.883601
1.684121
1.542125
2.726188
2.580728
2.585528
2.384737
1.879705
3.046319
2.170794
3.331417
3.196982
3.033808
2.264284
3.671238
3.683906
3.656415
3.665658
2.530017
3.607373
2.380862
3.371392
3.614044
3.270021
2.445236
2.522513
2.486725
3.217149
2.546027
3.185072
2.303240
2.590769
2.394014
2.237061
1.606383
1.710485
1.958976
2.069034
1.868838
1.826354
1.609928
1.590464
1.524371
1.540555
1.425889
1.128373
1.283556
1.383324
1.467755
1.445606
1.543360
1.550215
1.613692
1.749177
1.729524
1.857654
1.612161
1.678834
1.759853
1.945257
1.740959
1.541694
1.924169
1.996428
1.851919
2.334597
2.175666
2.206722
1.820528
2.336602
2.268537
2.140690
1.747315
1.705776
1.712040
1.940958
1.930921
1.928744
2.704603
2.704603
2.472723
2.704603
2.852359
2.852359
2.694594
2.712431
2.712431
2.436252
1.471656
1.480246
2.694594
2.823098
2.732318
2.460197
2.721927
2.561782
1.759945
3.318367
2.167247
2.183707
3.621198
2.269644
3.606328
3.614945
2.074245
2.200513
3.433240
2.355012
2.672722
2.300653
3.490018
3.340466
3.459289
2.672722
3.239715
2.195731
2.195731
2.759104
2.265090
2.977242
2.230294
2.302407
2.175856
2.133931
2.253538
2.215795
2.037726
2.032707
1.578559
1.692485
1.479717
1.354841
1.694470
1.359665
1.202852
1.385899
1.393129
1.317987
1.467755
1.318990
1.461217
1.565430
1.366339
1.565430
1.579858
1.666788
1.577440
1.664751
1.691299
1.377994
1.851499
1.678834
2.102890
1.839422
1.751257
2.077718
1.863909
2.569135
2.361057
1.542125
1.542125
1.528104
2.384737
2.910099
3.170940
3.150674
2.107489
1.978640
3.041883
2.235915
3.593283
2.196760
2.464788
2.629765
3.607373
3.480934
3.562944
2.315162
2.488896
3.118824
2.685935
2.685935
2.882313
2.197268
2.752300
2.531607
2.235647
2.256800
2.195187
2.084032
2.256057
1.581445
1.557702
1.958976
1.490441
1.979166
1.578559
1.459120
1.344291
1.354841
0.898874
1.392591
1.392591
1.254652
1.240186
1.477387
1.497498
1.864337
1.828439
1.924169
1.945257
2.081512
1.776763
1.904220
2.345315
2.140504
1.694456
1.688795
1.768748
1.913051
1.864989
2.447248
2.453345
1.976463
2.575562
2.712431
2.852359
2.599657
2.050306
2.073387
2.421489
2.636404
2.518140
2.766248
3.028820
3.170940
2.196851
2.384737
3.611214
2.264284
3.609298
3.531291
2.689509
2.038820
3.574314
2.448641
3.480934
3.390290
3.204067
2.071261
2.097254
1.943072
3.025000
2.230294
2.911717
2.841165
2.255593
2.068998
1.884362
2.344308
2.371802
2.434012
2.235647
2.040657
1.973333
2.157938
1.555925
2.004811
1.693575
1.444034
1.475583
1.425889
1.202025
1.202025
1.035904
1.477387
1.559624
1.676502
1.570058
1.374494
1.773202
1.879760
1.756591
1.812490
1.898964
1.874786
2.005084
1.940958
2.042205
2.447248
2.481530
1.966517
1.944983
2.293977
2.585696
2.698066
1.793229
3.164663
2.613247
3.607373
2.520100
2.672722
3.264560
3.459289
3.516155
2.615536
3.264560
3.000396
2.118730
2.300902
2.128511
2.752300
2.235647
1.448281
1.029647
1.075617
1.024637
1.016581
0.978390
1.312174
1.487807
1.398629
1.398629
1.476921
1.544280
1.577440
1.401636
1.666788
1.769239
1.759701
1.769239
1.876198
1.413594
1.795003
2.223223
1.765241
1.909768
2.362470
2.453345
2.242437
2.599657
2.863685
2.518140
2.325904
1.372080
2.399951
2.213680
2.909909
3.597086
3.626525
3.597086
2.331916
2.331916
3.552584
3.580276
3.690597
3.616569
3.430942
3.593283
2.570980
2.629765
2.996758
3.168176
2.837267
3.120909
2.620520
2.150233
2.385303
2.680579
2.841165
2.688689
2.261287
1.944195
1.903846
1.682803
2.184750
1.745244
2.335638
1.985683
1.922813
2.152350
1.557702
1.604738
2.067988
1.829568
1.665670
0.921546
1.319405
1.364381
1.312174
1.385899
1.398629
1.390145
1.188890
1.335277
1.328419
1.577440
1.335277
1.487807
1.605398
1.565523
1.759701
1.665654
1.474072
1.510290
1.450129
1.884793
1.773407
2.120826
1.711757
1.814215
1.909768
1.843082
2.270143
2.292284
2.409474
1.887381
2.447248
2.293977
2.270143
2.609540
2.575562
2.737470
2.259606
2.207710
3.187573
3.611214
3.580276
3.559923
2.613247
3.381613
3.559923
3.621198
3.449320
3.449320
3.348312
3.480934
3.331382
2.300653
2.996758
2.022498
2.300902
2.620520
2.315517
2.449569
2.149270
2.289837
2.289837
2.205161
2.007705
2.195187
2.040657
2.080470
1.981208
1.981208
1.981208
1.448281
1.833757
0.993908
1.029647
1.250045
1.317764
1.235635
1.233202
1.321868
1.305194
1.477387
1.430713
1.503556
1.692907
1.663085
2.201410
2.337565
1.985302
2.337565
1.730083
1.840515
2.261813
2.422374
2.304219
2.409474
1.952439
2.489993
2.586029
2.901583
2.017951
3.347640
3.612792
3.626525
3.414848
2.128180
3.532535
3.371426
2.615346
2.026225
2.178193
2.629765
3.254165
3.348312
2.219875
2.291388
3.259401
2.382667
2.385303
1.978453
1.985303
1.826189
2.534805
2.534805
2.371802
2.303114
2.213216
2.040657
2.019281
1.653448
1.624986
0.993908
0.879553
1.250045
1.288921
1.322657
1.408641
1.243019
1.595451
2.092721
2.097988
2.369227
2.337565
1.767538
1.694804
1.828031
1.834306
2.362470
2.270143
1.977370
2.499125
2.465636
2.341676
2.247504
2.345023
2.299504
2.328870
2.328870
1.442481
2.363799
1.605332
1.737604
2.207710
2.745513
2.207504
2.420233
2.721842
3.497921
3.331770
2.700129
3.381613
2.448641
3.028886
2.543545
2.700129
3.054626
3.120909
2.455582
2.103082
2.439174
2.688689
2.026821
2.061537
1.990550
2.417247
2.534805
2.062222
2.213216
2.092383
1.989203
1.926699
1.789454
1.349684
1.460466
1.420026
1.393824
1.444034
1.133424
1.082687
1.172204
1.172204
0.964789
1.233202
1.237942
1.248076
1.364381
1.288921
1.386002
1.303754
1.162706
1.465470
1.479281
1.426118
1.531134
1.959424
1.950256
2.135470
1.753458
2.256933
2.304219
2.338187
2.421338
2.499125
2.101650
2.437803
2.573891
2.507926
2.239425
2.299504
2.582911
1.565752
2.623850
1.801939
1.632989
1.815155
2.882039
2.899093
2.938729
3.118052
3.532535
2.389769
2.721842
3.347640
3.430942
3.478236
3.448411
3.381613
3.430942
3.035385
3.171781
2.787761
3.236991
2.892199
2.678975
1.912884
2.761735
2.975945
2.662160
2.908529
2.935438
1.967922
2.072483
1.995923
2.007705
1.418419
1.627536
1.330541
1.287879
0.846837
1.103830
1.248076
1.171950
1.182380
1.289797
1.288921
1.560598
1.606856
1.815180
1.644811
1.754008
2.187612
1.813449
1.838779
2.273847
2.261813
1.848857
2.227650
1.852566
2.467270
2.411469
2.338187
2.335401
2.299891
2.213670
2.555527
2.388685
1.497196
1.228988
2.534808
2.206726
2.732570
2.213087
2.178501
2.179223
3.519961
2.535383
3.347640
2.668412
3.348312
3.271944
2.448641
2.425941
2.268980
3.259401
3.259401
2.056441
3.171781
3.054626
2.543545
3.054626
2.455582
2.463118
2.125736
1.752887
2.196734
2.267585
1.566828
1.709875
1.439136
1.410705
1.182380
1.016431
1.215296
1.118613
1.380992
1.879760
2.234275
2.234275
2.369227
1.787660
1.754039
2.201172
2.201172
2.241379
2.209944
2.396676
2.510072
2.161976
2.856313
2.045000
2.975192
2.151659
1.970191
2.265924
3.532535
3.194999
3.014457
3.259401
2.811289
3.035385
3.289036
2.087828
2.268980
2.028115
3.126852
1.950146
2.668412
2.678975
2.668510
2.238827
2.196734
2.366953
1.984579
1.839805
1.815293
1.600627
1.588773
1.627536
0.930150
0.814548
0.930150
1.103830
0.891935
1.236668
1.390306
1.133518
1.465492
1.445328
1.682738
2.197478
1.773407
1.707593
1.728448
1.629724
1.676234
1.839937
1.804783
2.201172
2.201172
2.218421
2.302685
2.233031
2.402633
1.977370
2.405055
2.213670
2.059593
2.249846
2.178572
2.178572
2.208377
2.570834
3.369401
2.791180
2.791180
3.331770
1.925262
3.017154
2.111483
2.073604
3.194999
3.014457
1.985709
2.026225
2.884333
2.052689
2.790214
2.551553
2.469877
2.483746
2.463063
2.366178
1.403233
1.862962
1.373001
0.971426
0.991928
1.159471
1.068027
1.236668
1.316532
1.182380
1.004878
0.944477
1.045122
1.018817
1.530116
1.857982
1.841349
2.287481
2.385899
2.450311
2.411469
2.230158
2.145511
2.161976
1.861514
2.855933
3.394351
2.645551
3.369401
3.331770
3.369401
3.394351
2.757285
3.371426
2.739780
2.385057
2.385057
2.112646
2.238827
2.213216
2.227727
1.935485
2.135378
1.782971
1.409423
1.133424
0.944477
1.293745
1.376644
1.522828
1.342075
1.896563
2.097988
1.668420
1.668420
1.707556
1.763181
1.820002
1.818268
1.867383
2.202652
2.218421
2.313318
2.275553
2.337124
2.275553
2.314425
2.368252
2.386303
2.534475
2.213087
1.709705
1.429797
2.670502
1.940263
2.151659
2.073601
1.985367
1.952399
2.350068
1.944046
2.441351
1.990159
2.915227
2.087828
1.985944
1.921534
1.950146
2.459991
2.474069
2.032983
2.307647
2.267585
1.846409
2.027532
1.846409
2.267585
2.220899
2.135378
1.612966
2.267585
2.135378
1.612966
1.908291
1.847832
1.915615
1.847832
1.391003
1.409423
0.846653
0.894944
1.156475
1.156475
1.312622
1.035366
1.368707
1.457606
1.530116
1.418048
2.046754
2.046754
1.676745
1.822195
2.201172
2.212278
1.842097
2.211709
2.152153
1.867759
2.258496
2.388432
2.325611
2.223287
2.223287
2.099979
2.096288
2.024094
2.364407
2.623850
2.924435
2.010870
2.490531
1.912574
2.677394
3.194999
2.045094
2.459991
2.360249
1.877921
1.930868
2.332872
1.878851
2.171355
2.233972
2.264727
1.752887
2.012427
2.013486
1.847832
1.877180
1.814500
1.753336
1.754912
1.306456
0.793867
1.171950
1.236668
1.382614
1.301619
1.355043
1.680764
2.046754
2.046754
1.898861
1.661145
1.808204
2.252588
2.164088
1.841349
2.164501
2.211709
2.045575
2.197339
1.129462
1.316703
2.166698
1.384136
1.631715
2.757285
2.016727
3.017154
2.787455
2.684659
2.430722
2.459991
2.362224
1.960412
2.125736
2.140217
2.307647
2.355202
2.195502
2.355202
2.171355
1.756962
2.134707
1.990032
1.831575
1.912355
1.692223
1.671576
1.509562
0.813644
0.836385
0.895886
1.153613
1.095245
1.457606
1.323326
1.228640
1.845247
1.743904
1.881480
1.969124
1.968476
1.952937
2.054614
1.988173
2.230158
2.096288
2.145511
2.053869
2.310619
2.427613
2.199761
2.740244
2.824006
2.654970
2.855933
2.855933
2.004480
1.916764
2.951912
1.985944
2.448114
2.385057
2.307647
2.440772
2.422051
2.032983
2.121675
2.307647
2.278916
1.898403
2.171355
2.029475
2.106793
1.990032
1.530184
1.908970
1.908970
1.720404
1.831567
1.464780
1.626176
1.436852
1.436852
1.814500
1.700863
1.424725
1.565970
1.498268
0.807227
1.238082
0.982497
1.305733
1.351682
1.381227
1.372990
1.318808
1.311512
1.386211
1.334254
1.550429
1.403235
1.666855
1.906345
1.785607
1.818798
2.147505
2.152011
1.851003
2.209295
2.377976
2.188457
2.125292
2.385899
2.166698
2.547722
2.636750
2.670269
2.018442
2.006258
2.600823
1.995790
2.742690
2.989860
2.626524
2.423028
2.481715
1.935813
2.423028
2.364220
2.155678
2.385057
2.366178
1.843235
1.841436
2.264727
1.927192
1.900339
1.694758
1.900339
1.935295
1.831575
1.720404
1.671576
1.818144
1.409423
1.009136
1.019911
1.117635
1.135044
1.251066
1.228512
1.065386
1.231371
1.622280
1.622280
1.722887
1.622280
1.390988
1.451001
1.734864
1.906345
1.723915
2.164088
2.152223
2.270377
2.287481
2.339291
2.018947
1.992961
2.258697
2.181474
1.253445
2.355029
1.993382
1.756612
2.769755
2.623850
2.481715
2.355268
2.430339
2.057794
2.340032
2.340032
2.301015
2.048197
2.013486
1.891096
1.691829
1.410502
1.318176
0.870965
1.049228
1.481083
1.311512
1.298187
1.661655
1.365570
1.689373
1.689373
1.599032
1.734885
1.703377
2.164306
2.154451
2.270377
2.179005
2.153399
2.291447
2.079851
2.079851
2.053869
2.022591
2.040521
2.569608
2.008270
1.935996
2.430339
2.753794
2.799559
1.977374
2.607203
2.423028
2.537866
2.226519
2.626524
2.361695
2.378264
1.901783
2.301015
2.143442
2.116147
2.143442
1.934684
2.121675
2.240838
1.691605
2.097976
1.920026
1.915846
1.828201
1.992121
1.546980
1.877730
1.960322
0.846653
0.894944
1.026748
0.888531
1.105712
1.083453
1.111145
1.208830
1.210284
1.366705
1.326506
1.531410
1.718040
1.701090
1.718040
1.544529
1.602634
1.377785
1.417960
1.704082
2.147051
2.164306
2.195185
2.193060
2.147505
1.938794
2.305367
2.239025
2.050557
2.414243
2.339291
2.414243
2.665591
2.120639
2.258757
2.303663
1.162975
2.671218
1.978052
2.166362
2.441936
2.753794
2.223684
2.286873
2.674433
2.248099
2.674433
2.206327
2.317502
2.524460
2.007557
2.046995
2.256101
1.954244
2.195502
2.278916
2.155678
2.037571
2.039111
2.037700
2.097976
1.946300
2.058051
1.954244
2.048197
2.154628
1.831575
1.831567
1.646804
1.436884
1.478719
1.464780
1.356228
1.359617
0.813644
0.813644
0.803686
0.986939
1.083453
1.303240
1.145276
1.305733
1.432485
1.481083
1.659485
1.585035
1.698341
1.661655
1.384277
1.820292
1.780130
1.394014
1.468293
1.604787
1.611461
1.597483
1.706119
1.638897
1.669462
2.108860
2.150169
1.818635
2.164088
1.847125
2.230135
2.138306
2.260673
2.049060
2.250940
2.260692
2.172839
2.073392
2.143428
2.003485
2.154035
2.666193
0.978974
2.370617
2.095377
2.539184
2.095377
2.166579
1.998953
2.286873
2.489206
2.278453
1.943558
2.101102
2.121487
2.225578
2.524397
2.252863
1.836127
1.626176
1.436884
1.848168
1.755608
1.771062
1.528447
1.446871
1.398249
0.866256
0.955567
0.923371
1.105712
1.339069
1.366705
0.947351
0.968937
1.348413
1.568628
1.320693
1.320693
1.801183
1.820292
1.780130
1.744704
1.744704
1.660482
1.581471
2.113758
2.195185
2.173036
1.919801
2.213072
2.452913
1.972968
2.587483
2.372599
2.365390
2.550050
2.376356
1.839682
2.569608
1.858016
1.933321
1.823513
2.509535
2.286873
2.355268
2.248099
2.134334
2.616595
2.172272
2.070195
2.134334
2.070195
1.976755
2.075772
1.903456
1.903456
1.595972
1.750072
1.826987
1.604518
1.398249
0.782837
0.808847
0.893704
0.841331
0.845535
1.011152
1.188152
1.057099
1.250276
0.900252
1.238469
1.306477
1.145276
1.339589
1.287221
1.441429
1.381227
1.298187
1.585035
1.718040
1.687015
1.394619
1.465833
1.164496
1.200946
2.053572
2.124015
2.125898
2.164411
2.150169
1.871532
2.179447
1.842092
1.920507
2.138306
2.028509
2.356675
2.638892
2.480607
2.582470
2.666193
1.839682
1.645390
2.568122
1.860130
2.509344
2.095377
2.223684
2.166579
2.483242
2.727805
2.708503
2.776474
2.278453
2.628167
2.425494
2.391487
2.023951
1.935879
1.795482
1.985722
1.492404
1.622370
1.537728
1.498191
0.806910
0.738213
1.110689
1.011152
1.271221
1.326506
1.266922
1.384947
1.371956
1.373955
1.279230
1.378258
1.397507
1.432485
1.477173
1.458713
1.602026
1.711794
1.797566
1.394619
1.474039
1.599032
1.673387
1.733047
1.673714
1.878237
2.174593
2.220676
1.902684
1.904830
2.171241
2.138960
2.022118
2.133671
1.988912
1.981138
2.013638
1.999174
2.040364
2.579155
1.975926
2.026549
1.586659
1.645390
2.667035
2.572974
2.470345
2.477238
2.032385
2.095377
2.572370
2.572370
2.010716
2.301015
2.037700
2.003897
1.871316
1.836127
1.788553
1.513950
1.665708
1.674400
1.674400
1.513950
1.569832
1.545766
1.556191
0.868612
1.057099
1.484876
1.399780
1.582523
1.290160
1.187160
1.602007
1.489702
1.539732
1.469997
1.526351
1.594247
1.200733
2.124015
2.064431
2.124015
1.783224
1.818798
1.827268
2.262337
2.186187
2.108749
2.252047
2.317142
2.328609
2.128678
2.241087
2.430115
2.519929
2.344600
2.011704
1.494906
2.508407
1.645390
2.225055
2.509535
2.573318
2.104500
2.582220
2.299211
2.013255
1.956469
1.709407
1.795482
1.738814
0.920714
0.887296
0.790506
0.819874
1.201193
1.356609
1.439030
1.344691
1.567739
1.439030
1.370717
1.475176
1.505388
1.694189
1.382875
1.786782
1.820111
1.795397
1.446223
1.353731
1.324050
1.569945
2.064431
1.718345
2.101714
1.783224
2.093056
1.902684
2.069042
2.042502
1.977057
2.381362
2.130537
2.070804
2.115047
2.582470
1.975926
1.443832
1.915566
1.773456
1.993708
2.609508
2.608425
2.609508
2.050914
2.104500
2.013255
1.856302
1.630050
1.630050
1.587029
1.664081
0.806910
0.843032
0.989540
0.887296
0.868612
1.503485
1.567739
1.208942
1.552454
1.660216
1.561249
1.740820
1.763030
1.790599
1.853252
1.852254
1.786782
1.528829
2.124454
2.162447
2.162447
2.193612
2.169108
2.136897
2.215287
2.101714
2.095323
2.175689
1.858278
2.064842
2.143897
1.966498
1.892652
2.022118
2.473857
2.529569
2.208862
2.318371
1.855859
1.479591
1.163517
1.858595
2.424811
2.438772
2.309640
1.902410
2.186361
1.942840
1.845131
2.035716
1.961155
1.845131
1.715813
1.788553
1.715813
1.497433
1.629882
1.671225
1.516130
0.930206
0.810031
0.832839
0.836755
0.931194
1.054891
1.280834
1.060470
1.344260
1.020641
1.298155
1.715403
1.687015
1.804240
1.759731
1.846912
1.281119
2.164411
1.965686
2.091204
2.221009
2.084997
1.940064
1.905082
1.989635
1.936779
2.112309
2.531114
2.030938
2.512677
1.957350
2.000035
1.957350
2.424811
1.722830
1.809845
2.480703
2.050914
2.490112
2.229754
2.177134
2.013255
1.571934
1.636075
1.661395
1.580231
0.878763
0.878763
1.012076
1.269400
1.296487
1.503485
1.269400
1.552454
1.233275
1.475176
1.465414
1.373821
1.835188
1.877534
1.829396
1.523793
1.645028
1.650141
1.801743
2.146054
2.034917
2.064842
2.411182
2.048548
2.356397
2.356397
1.952531
2.531114
2.381362
2.462822
2.448154
2.446445
2.163679
1.841101
1.770536
1.818743
1.770536
2.045652
2.448873
2.136227
1.872689
1.777547
1.788553
1.616167
1.571934
1.551582
1.580231
1.581384
0.894988
0.894988
0.931194
1.404323
1.382875
1.872964
1.196549
2.100167
1.114251
2.100167
1.654730
2.097182
2.114885
2.047033
2.309692
2.132630
2.160877
2.531114
2.299558
2.386636
2.446445
1.803169
2.426265
2.406746
1.803516
2.275520
2.341954
2.480703
2.486840
2.504034
1.825467
1.774239
1.913115
1.843022
1.663913
1.542089
1.533567
0.962422
0.943905
0.907840
0.973738
1.445290
1.690071
1.284342
1.292144
1.872741
1.749698
1.678791
1.805062
1.749698
1.835188
1.706119
2.124454
1.032892
1.117643
2.047700
2.162447
2.136897
1.075996
2.138796
2.097182
1.830552
1.801743
2.002149
2.400104
2.245985
2.016148
1.962046
2.504991
2.355373
2.000850
2.258741
2.448154
1.969770
0.987743
1.728488
1.546664
2.427817
2.262029
1.675297
1.817655
2.394267
2.370899
1.609335
2.328800
1.809845
1.845341
2.146544
2.229754
1.779506
1.606748
1.709407
1.683675
1.549656
0.950196
1.950321
1.872741
1.863822
1.911852
1.936613
2.038504
2.169108
1.922681
2.002149
2.002149
2.095323
2.170892
1.994006
2.186932
1.950199
1.905082
1.936779
2.055069
2.260215
2.151253
1.969770
2.350912
1.361923
1.546664
1.818064
2.424061
2.355840
2.380708
1.882304
1.811182
2.208719
1.606748
1.701808
1.669791
1.564566
1.549656
1.581384
0.907840
1.013288
1.013288
1.076844
0.950196
0.995400
0.930552
1.051166
1.538098
1.147874
1.139853
1.310485
1.796731
1.431113
1.465048
1.948706
1.871047
1.499120
1.964661
1.590213
1.590213
1.630143
2.003065
2.138198
2.098244
2.138796
1.717243
2.110307
2.047700
1.778973
1.006488
2.110307
2.222228
2.065663
2.101877
2.482237
2.318742
2.504991
1.918295
1.951652
1.978761
1.990053
2.386636
2.318958
2.375199
1.324548
1.801443
1.702123
2.328224
2.226834
2.321446
2.208719
1.828809
1.828809
1.821606
2.071649
1.871693
1.993161
1.794284
1.893822
1.799980
1.700806
1.610726
0.954444
1.445290
1.538098
1.025790
1.440068
1.542809
1.391814
1.104103
1.349611
1.609250
1.823160
1.796731
1.952559
1.628620
1.614358
2.041541
2.005799
2.053479
2.038738
2.034917
2.383085
2.351870
1.918295
1.930293
1.970846
2.081146
2.404677
2.404677
2.354731
2.404677
2.109507
2.245644
1.698138
1.779087
1.692002
2.291827
2.162127
2.119102
2.262197
1.633869
1.706483
1.705464
1.601076
1.636811
1.087356
1.168789
1.020234
1.127945
1.377040
1.564582
1.310485
1.257100
1.690071
1.115427
1.952994
1.140706
1.988195
2.056023
1.717243
1.683449
2.014325
1.968168
1.885231
0.958725
2.284555
0.945576
2.354223
2.363272
2.184773
2.321118
2.066917
1.947587
1.774261
1.671291
1.731568
2.207793
2.257015
2.052718
2.180808
2.237265
1.994458
1.752807
1.809103
1.759830
1.680602
1.677554
1.226829
1.564582
1.309963
1.480302
1.896331
1.938697
1.521128
1.939178
1.907939
1.952559
2.000160
1.204167
1.590213
2.063890
1.573133
1.097279
2.138198
2.149022
0.993207
1.007231
1.729284
2.014325
1.967878
0.934604
2.299693
1.929355
2.291157
2.185051
1.886738
0.818995
2.495497
2.468188
2.351870
2.155376
1.934503
1.971161
1.449392
1.936704
2.093734
1.627566
1.667485
1.664999
2.145640
2.092594
1.771981
1.761451
1.969169
1.844412
1.969169
1.094536
1.094536
1.199141
1.127945
1.094536
1.057448
1.577382
1.708421
1.392214
1.509279
1.465048
1.803561
1.907939
2.028255
2.068176
1.915263
2.038504
2.100275
0.993207
2.169108
1.068304
1.931315
2.016735
2.468188
2.128713
0.846572
1.909020
0.818995
0.818195
1.933841
1.909020
1.930293
2.283010
2.354731
2.332626
1.928331
1.053375
1.130722
1.936704
1.936704
1.949077
1.774813
2.201788
2.180808
1.722148
2.027488
2.092594
2.129614
1.861545
1.713595
1.973437
1.862518
1.793066
1.158809
1.216163
1.484114
1.377040
1.352462
1.352462
1.971539
1.790005
1.667002
1.755760
1.914787
1.914787
2.038504
1.630372
1.847253
2.221108
2.154356
2.375375
2.406236
2.446886
2.378645
0.928131
0.961963
1.879965
1.879965
1.952900
2.025733
2.303482
2.174977
2.093548
1.909423
1.851634
1.566611
2.133223
2.141941
2.086909
2.248673
1.983239
2.201788
1.919995
1.389183
1.522195
1.425115
1.105312
1.522195
1.069248
1.045074
1.346020
1.614858
1.430801
1.551497
1.971755
1.944889
1.992323
1.894804
0.993207
1.967878
1.108727
1.085067
1.212295
1.068304
1.896716
1.984190
2.375375
1.952027
1.845521
2.383085
0.802442
1.132040
0.796739
2.314296
2.359241
2.239730
2.219799
2.239730
2.283010
2.188969
2.142245
2.142245
2.300149
2.257015
2.224609
2.111726
2.158120
1.216163
1.105312
1.216163
1.497689
1.681610
1.430801
1.425022
1.752096
1.884000
1.811093
1.921809
1.936175
1.884000
1.627334
1.936175
1.630372
1.775870
1.483415
1.971299
1.890238
1.860668
1.948662
1.967048
1.881141
1.861705
1.961685
1.961685
1.739383
1.953643
1.821265
1.878480
0.996743
1.984428
2.041829
0.904068
1.931315
1.858276
2.291799
1.186050
1.046822
1.186365
2.281098
2.205958
1.937225
2.452591
2.003361
0.983949
1.002092
1.899899
1.099603
1.892964
1.919272
1.053456
0.913438
1.099603
2.117292
1.816065
1.826309
1.347431
1.251589
2.142245
1.527304
2.220813
1.928739
1.729409
1.861545
1.260374
1.176557
1.006524
1.466805
1.853378
1.480302
1.503644
1.658777
1.915263
1.882922
1.047650
1.114114
1.052034
1.889201
1.867555
1.627955
1.732436
1.948662
1.763299
2.037740
2.118443
2.176573
1.342168
1.469110
1.889620
2.336606
2.378645
2.452591
1.123791
1.836173
0.914050
2.025733
2.138158
2.359241
2.314296
2.314296
2.093548
1.944233
1.996373
1.857111
1.554443
2.064101
2.012587
2.012587
2.184680
1.764394
1.928739
1.983239
1.109855
1.176557
1.497689
1.610421
1.210155
1.909589
1.503644
1.593766
1.024846
1.367091
1.889201
1.627955
1.879224
1.948080
1.987961
1.090343
1.987961
2.037740
1.791470
1.085067
1.948370
1.183460
1.183745
2.196877
2.186785
2.186785
2.075555
1.889620
2.362812
1.123791
1.865846
0.797032
1.857490
1.897001
2.210479
2.154146
1.726541
1.564299
1.517846
1.887411
0.706979
1.034877
2.142245
2.025790
2.094787
2.073331
2.141941
1.958360
1.565761
1.592112
1.803029
1.218605
1.221128
1.512702
1.746056
0.991800
1.052034
1.759431
1.691760
1.221245
1.893336
1.938508
1.893336
1.341380
0.992586
1.928789
1.605550
1.483415
1.726546
1.822849
1.901542
1.659880
1.725343
1.090343
2.118443
2.050779
1.082752
2.126878
2.075555
1.803821
1.045604
2.201100
2.336606
2.291526
1.831102
1.016588
1.184907
1.184907
1.515715
1.616914
1.469110
0.846572
1.008783
1.175785
1.123791
1.049052
1.773202
2.210479
2.120944
2.060205
1.746773
0.841335
0.754438
1.695251
1.981625
2.017250
2.042443
1.576095
1.643728
1.720199
1.662892
1.586453
1.512702
1.691760
1.100331
1.103464
1.665580
1.100331
1.525842
1.732459
1.094859
1.210838
1.217864
1.949357
1.655713
1.322659
1.882726
1.830755
1.732459
1.811673
1.811673
1.875749
1.914777
1.823856
1.457227
1.211711
1.192691
2.110890
1.970621
2.158166
1.996298
1.319100
2.201100
2.095151
2.128854
1.329986
1.601803
1.688201
0.897336
2.312076
1.342168
1.358019
1.183513
1.872230
1.080726
1.019398
1.985286
2.039937
1.979250
1.854232
0.968272
1.593153
2.303125
2.120944
1.392783
1.526349
1.038594
1.315044
0.753052
1.758491
1.985997
2.112991
1.649482
1.816091
1.210838
1.094859
1.901542
2.050779
2.005727
1.730679
1.321620
1.324232
1.990884
1.860621
1.416251
1.539050
1.408859
1.828554
2.095151
1.468873
1.551085
2.312076
2.241455
2.241455
2.336606
1.883326
1.909464
1.943195
1.880132
1.207592
1.624427
1.404051
1.561165
2.124505
2.180769
1.705314
2.277052
2.009243
1.919253
1.623592
2.072619
2.114150
1.918391
1.637446
1.981697
1.742249
1.902231
1.530700
1.501310
1.553094
1.519700
1.591025
1.733191
1.938106
1.938106
1.975033
1.792865
1.987374
1.860621
1.649653
1.860621
1.457291
1.661997
1.660718
1.660718
2.142611
2.188761
2.188761
2.291526
1.697992
1.596786
1.341398
1.175785
1.341398
1.100156
1.236152
1.347432
1.561165
1.561165
2.277052
2.321019
2.277052
1.753030
1.654499
1.999324
2.027646
1.999324
1.932523
1.653375
1.904097
1.855451
1.893321
1.925377
1.938605
1.743334
1.788763
1.649653
2.034367
2.142611
1.859540
1.802403
1.602369
2.059273
1.992313
1.880132
1.100156
1.404051
2.124505
2.033722
2.321019
2.121275
1.790067
1.605777
1.591958
2.009129
2.002677
2.094415
1.579821
1.980262
1.849946
2.005624
2.095151
1.888137
1.783352
2.080599
1.490433
1.441220
1.865551
1.129522
1.250579
2.362580
2.332972
1.773202
1.833837
1.964179
1.874883
1.902623
1.938286
1.980262
1.938866
2.080599
2.080599
2.080599
1.784085
1.828554
1.814130
1.688201
1.306340
2.019850
1.974567
2.268802
2.067005
1.347432
1.207592
1.478449
1.620203
1.931662
2.069947
1.849876
1.705314
1.593153
1.911942
1.841993
2.034291
1.482382
1.859691
1.791410
1.722858
1.935891
1.877793
1.797870
1.829015
1.891053
1.930376
1.128044
2.303514
2.166480
2.251079
2.025622
1.361614
1.432293
1.616424
1.919253
1.527444
1.584952
1.876525
1.911942
1.911942
1.496438
1.999324
1.853047
1.500059
1.737078
1.877631
1.749259
1.885081
1.662113
1.881644
1.885081
1.544716
2.032475
1.987741
1.850884
1.128044
1.162673
1.951219
1.128044
2.219628
2.294461
2.156823
1.403907
1.478449
1.860441
1.828850
1.828850
1.716990
1.794367
1.593341
1.884730
1.891865
1.885372
1.702425
1.805847
1.702425
1.516112
1.574510
1.440639
1.717876
1.836777
1.748337
1.709436
2.048928
2.187319
2.120419
2.069589
2.294461
2.294461
2.303514
2.268802
2.048770
1.981222
1.845998
1.919253
1.800659
1.607877
1.642744
1.495877
1.709700
1.714509
1.714509
1.619825
1.733477
1.733477
1.766617
1.784085
1.683587
1.362009
1.763290
1.949830
2.201153
2.122409
2.162877
2.162877
2.087403
2.225905
1.986211
2.144509
1.560268
1.560268
1.743103
1.584952
1.906185
1.534851
1.932523
1.994631
1.756702
1.828282
1.705128
1.620533
1.501708
1.576540
1.733477
1.650208
1.683587
1.593825
1.620202
1.436723
1.264608
1.823568
1.900704
1.900704
1.261198
2.156263
2.207136
1.989562
2.120419
2.219628
1.314908
1.390061
1.451778
1.712470
1.906185
1.749810
1.698879
1.466857
1.455427
1.510104
1.794225
1.516902
1.259419
1.783423
1.264608
2.079608
2.013026
2.122409
2.162242
2.162242
2.215602
2.056182
2.187319
1.229493
1.191721
1.794144
1.302464
1.755116
1.698180
1.652196
1.607877
1.876525
1.872092
1.913170
1.906185
1.549384
1.780831
1.598202
1.524870
1.433289
1.712174
1.768430
1.933830
1.894288
2.041453
2.097160
2.041790
1.361614
1.620398
1.620398
1.712470
1.839726
1.544376
1.617471
1.609680
1.750983
1.867469
1.705128
1.509682
1.335024
1.500059
1.657298
1.507376
1.598202
1.488951
1.640360
1.625369
1.513979
1.308259
1.399629
1.232575
1.274945
2.028382
1.996529
1.894288
1.948272
1.222580
1.242917
2.207136
2.064469
1.197820
2.041790
1.300472
1.388619
1.839726
1.587711
1.535612
1.652196
1.606709
1.803629
1.685697
1.564288
1.659804
1.652644
1.511284
1.622207
1.843325
1.774288
1.225596
1.948272
2.008877
2.067995
1.910255
1.915383
1.197820
1.755116
1.479611
1.490250
1.839726
1.776051
1.803629
1.507622
1.726493
1.659804
1.659804
1.455376
1.490771
1.610274
1.513068
1.568051
1.375354
1.845931
1.942176
1.987993
1.980895
1.215670
1.910255
1.231503
1.364782
1.573628
1.666347
1.748818
1.887215
1.617543
1.531395
1.659804
1.581069
1.420480
1.375310
1.625369
1.629740
1.667228
1.308259
1.699412
1.665592
1.731832
1.801781
1.841688
1.996865
1.987993
1.980895
1.880433
2.008877
1.811556
1.280048
2.056182
1.280048
1.901637
1.278576
1.338974
1.256598
1.432661
1.355099
1.408077
1.359594
1.416813
1.907059
1.907059
1.502013
1.458025
1.548956
1.488951
1.535742
1.546175
1.374373
1.223425
1.548943
1.721282
1.721282
1.721282
1.184712
1.906076
1.768804
1.811556
1.905140
1.748818
1.748818
1.724203
1.359594
1.724203
1.455924
1.483231
1.483231
1.404589
1.558017
1.442062
1.628336
1.673840
1.558017
1.564288
1.582883
1.462746
1.785710
1.785710
1.831722
1.783933
1.184045
1.170176
1.924923
1.615649
1.647603
1.647603
1.434367
1.439560
1.548825
1.649297
1.673840
1.570426
1.483231
1.395717
1.408098
1.499616
1.432875
1.444924
1.494304
1.410265
1.476787
1.792386
1.226553
1.736363
1.841688
1.700109
1.796342
1.401124
1.456858
1.305848
1.371928
1.369717
1.332384
1.447841
1.413660
1.443319
1.216642
1.276579
1.509124
1.648464
1.131131
1.738427
1.123752
1.184045
1.910255
1.910255
1.229424
1.326474
1.322616
1.371928
1.326573
1.507585
1.362525
1.475141
1.486999
1.564288
1.408149
1.689604
1.693233
1.539830
1.539830
1.595569
1.738427
1.768804
1.815029
1.819885
1.915383
1.677760
1.320703
1.627084
1.681664
1.436910
1.515858
1.444559
1.570426
1.434034
1.365462
1.206587
1.206587
1.424800
1.645483
1.571769
1.662137
1.228782
1.819036
1.406101
1.497635
1.584232
1.521614
1.388921
1.371928
1.380446
1.419293
1.515858
1.376628
1.401235
1.434360
1.329102
1.780940
1.219790
1.221956
1.318557
1.320478
1.415235
1.375243
1.401792
1.475172
1.504091
1.401792
1.393845
1.393845
1.393845
1.373149
1.486999
1.421349
1.354041
1.442062
1.341519
1.259090
1.382279
1.340362
1.492814
1.811556
1.619307
1.440495
1.501118
1.340249
1.158320
1.662137
1.229424
1.779601
1.251991
1.351674
1.436641
1.335964
1.249922
1.470829
1.340249
1.305031
1.204498
1.180517
1.272007
1.224948
1.312497
1.329102
1.174751
1.124620
1.387519
1.283960
1.057628
1.204510
1.180306
1.153200
1.219295
1.596899
1.467360
1.596899
1.596899
1.555894
1.637928
1.637928
1.551190
1.489370
1.692281
1.590998
1.711693
1.251991
1.251991
1.677760
1.718025
1.693722
1.331541
1.611917
1.589064
1.561852
1.470858
1.583812
1.743717
1.726427
1.622488
1.595606
1.601761
1.538622
1.563284
1.482958
1.501118
1.483157
1.347937
1.482958
1.416505
1.381696
1.276559
1.369100
1.289680
1.318005
1.340249
1.296757
1.225164
1.174751
1.283960
1.336889
1.108877
1.493357
1.439692
1.090605
1.084812
1.164066
1.239947
1.572292
1.571608
1.343714
1.373149
1.569340
1.571608
1.285133
1.276055
1.525517
1.467360
1.490384
1.433354
1.433354
1.314839
1.113824
1.173533
1.166421
1.582436
1.452472
1.555894
1.179884
1.541950
1.517980
1.489370
1.464066
1.559407
1.579345
1.590998
1.615782
1.619200
1.593214
1.186829
1.263688
1.548205
1.378029
1.517980
1.604806
1.588440
1.611917
1.256561
1.624371
1.548205
1.406759
1.548205
1.583812
1.597819
1.572292
1.436448
1.326411
1.304726
1.320703
1.595606
1.578309
1.563284
1.255754
1.187139
1.276559
1.403414
1.475632
1.459647
1.256455
1.343280
1.337042
1.262093
1.306501
1.286054
1.339515
1.294041
1.280758
1.268615
1.197574
1.123248
1.131309
1.174751
1.253079
1.220201
1.161675
1.220201
1.336889
1.290067
1.297872
1.323084
1.382239
1.079004
1.147030
1.053740
1.053740
1.334833
1.199936
1.263469
1.305569
1.406090
1.095083
1.353005
1.369771
1.434045
1.433354
1.452472
1.152312
1.283729
1.443899
1.420241
1.344984
1.184452
1.465594
1.452124
1.378029
1.211934
1.285035
1.429554
1.349409
1.262093
1.245237
1.275591
1.342164
1.097473
1.151542
1.232419
1.204886
1.151542
1.258522
1.112460
1.177568
1.138132
1.318653
1.223425
1.425459
1.225673
1.156237
1.184452
1.283729
1.328507
1.382102
1.240639
1.239727
1.389122
1.395865
1.246828
1.289330
1.245237
1.306658
1.262093
1.245237
1.289330
1.204886
1.226221
1.243332
1.244046
1.278416
1.352678
1.347686
1.240639
1.298273
1.396221
1.360008
1.295558
1.340949
1.958976
3.331185
3.336123
1.911044
1.958976
2.421789
2.403480
2.352513
2.522223
2.377162
2.377162
2.403480
2.179637
2.210425
2.215723
2.377162
2.212278
2.230082
2.217814
3.331417
1.518118
2.654870
3.390290
1.958976
1.958976
1.692485
1.911044
1.453045
1.524235
1.577685
1.402973
1.519020
1.175027
3.139492
2.636332
2.322774
1.760960
2.360108
2.164501
1.113184
2.616595
1.240687
0.907285
0.818510
1.203214
0.927509
0.885009
0.974056
0.674992
0.685386
0.929216
0.856304
0.762334
0.954772
1.267083
1.514565
0.738565
0.824579
1.156479
1.033160
0.929970
