6330 1 3
0.838895
1.003822
1.021652
1.053157
0.823418
0.945204
0.823418
0.856702
0.978366
0.851886
0.791114
0.880984
0.894935
0.828618
1.019529
0.888137
0.868083
1.027218
1.090480
0.930825
0.894167
0.986899
1.053157
0.943418
0.996276
1.039263
1.007949
1.009777
1.090480
1.071720
1.010100
0.977381
0.934041
0.876352
0.853699
0.822617
0.856702
0.796064
0.873957
0.907589
0.853362
0.989934
0.998558
0.968953
0.975325
1.003873
1.094561
0.989444
1.035421
1.042425
1.010100
0.854104
1.023304
1.111499
0.853699
1.258042
1.142567
1.078206
1.078246
1.024208
1.136294
0.928635
1.197411
1.139347
1.083135
1.015990
1.023304
0.926594
1.004450
1.289145
1.343236
0.937936
1.045811
1.045853
1.062749
0.916045
1.047874
1.072686
1.102139
1.153793
1.136294
1.083135
1.006135
1.115787
1.035050
0.952477
1.052415
0.873709
1.196407
1.125249
0.946793
1.015034
1.152807
1.255723
0.881000
1.035234
0.939992
1.128107
0.872303
1.015493
1.090263
1.115787
1.062073
0.888441
1.112887
1.039602
1.269277
1.292436
1.206239
1.152807
1.410977
1.306723
1.292436
1.306723
1.289145
1.239252
0.994882
0.923916
1.048643
0.995689
1.028444
1.024120
0.928635
0.938434
0.916045
0.988675
1.083135
1.083135
1.063499
1.006135
1.117025
1.073807
1.258755
1.117719
0.994882
0.984612
0.966566
1.281596
1.013439
1.209995
1.288626
1.258755
0.982348
1.344661
1.263472
1.190907
1.059049
1.052415
1.469061
1.610805
1.803354
1.645379
1.743386
1.453105
1.239252
0.991814
0.986361
0.861657
0.971792
1.041796
0.902207
1.279820
1.298621
1.227600
1.117719
1.190907
1.185699
1.190907
1.213659
1.601565
1.726073
1.827622
1.453105
1.566060
1.629644
1.309614
1.441692
1.392509
1.473561
1.124169
0.926648
0.962428
0.958573
1.039817
0.929463
1.345689
1.250468
1.111075
1.111075
1.288626
1.092964
1.175194
1.228897
1.175230
1.337763
1.089466
1.245300
1.393303
1.255723
2.086398
1.397196
2.098909
1.827622
2.037861
1.839251
1.312670
1.380175
1.560003
1.392509
1.309614
1.442165
1.280464
1.402878
0.997128
0.981805
0.998546
0.982282
0.986361
0.994879
1.011751
0.962198
0.913959
0.923916
1.113878
1.279820
1.227600
1.333738
1.163968
1.446093
1.237309
1.307084
1.252323
1.284343
2.239046
1.253782
1.448711
1.839251
1.594353
1.206803
1.276359
0.997682
1.276359
1.434822
0.958286
1.041620
1.113183
0.967512
0.964142
0.914342
1.198169
0.936138
1.118125
1.268644
1.489534
1.405904
1.399756
1.161617
1.343737
1.341638
1.386471
1.708893
1.167231
1.636057
1.720674
1.104410
1.690213
2.314151
1.494044
1.837126
1.373214
1.373214
1.300598
1.170851
1.100482
1.311453
1.075813
0.890614
0.967696
0.950851
0.926091
0.994879
0.898149
0.928302
0.972661
0.984533
1.023374
1.018708
1.173353
1.275813
1.231759
1.131870
1.237494
1.339164
1.341546
1.300553
1.575060
1.883510
1.531122
1.859477
1.061918
2.185187
1.730172
1.254890
1.560003
1.238832
1.047382
1.170851
1.078940
1.115653
1.238789
0.994177
0.961116
0.854228
1.004412
0.954966
1.334273
1.133976
1.396335
1.464230
1.252602
1.296569
1.431631
1.240676
1.631992
1.167231
2.073685
1.632710
1.753751
1.875358
2.020681
2.156945
2.023365
1.213143
1.143765
1.494044
1.730172
1.336317
1.603093
1.035984
0.967069
1.075996
0.924335
0.982674
0.946382
0.881858
1.273559
1.412301
1.301884
1.404284
1.192432
1.367155
1.352634
1.367155
1.212589
1.307084
1.230775
1.600730
1.307084
1.774901
1.875358
2.254818
2.167425
2.273562
1.659568
1.837126
1.639476
1.560003
1.485165
1.387752
1.112145
1.169430
1.336317
0.938172
1.138219
1.222199
1.029722
1.274515
0.988295
0.983940
1.332035
1.332035
1.425209
1.543587
1.464230
1.351080
1.421208
1.307084
1.616216
1.075442
1.684055
2.222072
2.536743
2.038384
2.348709
1.250929
2.167425
2.495811
2.273562
2.185187
1.755166
1.756594
1.918544
1.594353
1.730172
1.336317
1.155152
1.146380
1.199044
1.226359
0.918426
1.042648
1.004562
0.956351
1.025208
0.918752
0.969423
0.943451
0.978798
0.960401
1.431631
1.608962
1.354352
1.409408
1.354352
1.301884
1.113878
1.120249
1.196876
1.301884
1.410911
1.341546
1.617352
1.364089
1.201187
1.242276
1.195283
1.201187
1.935154
2.012139
1.886289
2.254818
1.945392
2.318448
2.318448
1.494044
1.612700
2.075640
1.142080
1.215521
1.325896
1.190187
1.120509
0.986625
1.026854
1.030728
1.034330
0.971223
1.077067
0.961116
1.011121
1.116294
1.065554
1.144979
1.412296
1.256005
1.465791
1.404284
1.180806
1.388689
1.396512
1.421208
1.196142
1.184590
1.230775
1.184590
1.201187
1.178456
1.335112
2.050979
1.611401
1.607974
1.620962
1.859645
2.180133
2.215608
2.070515
1.907013
1.308030
1.001624
0.962754
1.060707
1.216305
0.949614
1.001738
0.954370
0.906246
0.909678
0.969392
0.878734
1.060506
0.962092
1.357863
1.357000
1.548246
1.548246
1.326458
1.227121
1.989198
1.939880
1.611988
1.782909
1.915284
1.840177
1.801345
2.088917
2.050979
2.625497
2.520013
2.356067
1.961174
1.374533
1.374533
2.311599
2.021258
2.181582
1.603093
1.179275
1.346286
1.287905
1.439416
0.865688
1.038715
1.098046
0.952289
0.946806
1.345458
1.543587
1.357000
1.339085
1.067650
1.200760
1.120249
1.120249
1.121395
1.386402
1.286716
1.117708
1.843924
1.433722
2.540854
2.675598
2.180133
1.749578
2.181582
2.354386
1.973821
1.858204
1.370420
1.246027
1.143496
1.074882
1.179327
1.248423
1.368452
1.436369
1.140231
1.190002
1.357040
0.991672
1.028092
0.916120
1.019481
0.997065
0.938953
0.969502
1.465791
1.541404
1.543545
1.608962
1.325064
1.459673
1.419738
1.384272
1.633663
1.403033
1.196142
1.628864
2.213489
1.888683
2.356227
2.482517
2.314151
1.611401
2.314151
2.594738
2.180133
2.516226
1.627132
1.795347
1.736610
1.508722
1.370420
2.186081
1.777671
1.574149
1.303092
1.232332
1.279627
1.256910
0.967008
0.957054
0.938953
0.941594
1.023869
1.115403
1.143381
1.499120
1.274365
1.543966
1.408471
1.435536
1.438788
1.702696
1.684475
2.008211
1.801345
2.348276
2.050979
1.264633
2.495811
1.526287
1.607002
2.586616
2.020361
1.973821
1.532827
1.732183
1.432146
1.238063
1.305233
1.179275
1.235153
1.436369
1.650570
1.538255
1.035141
1.071608
1.102014
0.972048
0.951799
0.962517
0.970987
1.438538
1.401453
1.450970
1.644891
1.408217
1.385200
1.303820
1.448892
1.481405
1.436180
1.436180
1.413461
1.448892
1.424326
1.001469
1.547843
2.121046
2.042583
1.678700
1.606889
1.499841
1.801345
1.927239
1.028084
2.349587
1.654100
2.717911
2.693871
2.318448
1.286004
2.120998
1.362395
1.795347
1.624817
2.018744
1.922480
1.892094
2.316565
1.933492
2.341561
2.142767
1.795490
1.872165
2.186081
1.851007
1.564825
1.858204
1.432146
1.698644
1.443644
1.190915
1.426791
1.304892
1.415805
1.415805
1.538255
1.342789
1.399333
0.957401
1.044402
0.946806
0.967143
1.039116
0.997917
0.942199
0.996247
0.972165
0.888792
1.613759
1.362004
1.418731
1.076900
1.360916
1.456461
1.308009
1.891518
1.785543
1.843924
1.238257
1.138588
1.678700
2.070405
1.678700
2.395205
2.184490
2.068978
1.025443
1.464272
1.597405
2.566734
2.717911
2.514424
2.346863
2.121057
1.795347
1.964371
2.121020
1.811275
2.021258
2.029172
2.354386
2.186081
2.019554
1.795617
1.238063
1.508722
1.306282
1.529455
1.432146
1.633049
1.417504
1.577082
0.979740
0.996670
0.969621
0.814852
1.097727
0.966111
0.858572
0.952052
0.940296
0.956992
1.413744
1.506123
1.676693
1.425320
1.390055
1.229218
0.975904
1.076900
1.428594
1.329286
1.419040
0.986489
1.864294
1.935568
1.969889
1.897837
1.120160
1.040815
2.135115
2.138459
1.793341
1.677136
1.640839
1.640839
2.492548
2.435761
1.881887
1.749914
1.670310
1.479339
1.162398
2.408829
2.316565
2.132816
2.260069
1.680440
1.777671
1.611496
1.243102
1.568870
1.568870
1.529455
1.784473
1.443644
1.905060
1.286775
1.784473
1.167777
1.286407
0.996670
0.892850
0.962522
0.927722
0.957395
1.003579
0.938338
1.019737
0.966037
0.944119
1.017795
0.964660
0.950636
0.988509
1.379902
1.507050
1.433118
1.511658
1.517928
1.630702
1.323820
1.450970
1.390055
1.509663
0.884626
1.383476
1.116855
1.428594
0.986489
1.080997
1.396990
1.982888
1.104805
1.678700
2.407866
2.124573
1.078739
2.674179
2.675598
1.659592
1.447341
1.616874
1.720091
1.987706
1.527363
1.828345
1.956191
1.850155
1.894904
1.778248
1.877342
1.473780
1.194560
1.698649
1.729075
1.729075
1.140345
1.157937
1.059227
1.450558
1.464276
1.461629
1.542199
1.563082
1.487919
1.260718
1.423193
1.357665
1.450965
1.357665
1.297006
1.795382
1.507643
1.495571
1.045217
1.670310
2.446745
1.141735
2.303009
2.346863
1.856033
2.358628
2.099932
1.842066
1.892687
1.905060
1.899207
1.784473
1.776731
1.188233
1.322966
1.109205
1.590869
1.590869
1.590869
1.673726
0.966037
1.169524
0.994218
1.027605
0.995954
1.426041
1.480061
1.536177
1.536177
1.613759
1.672866
1.229218
1.393136
1.583778
1.358704
1.401411
1.276280
1.415023
1.116196
1.116196
1.413353
1.080997
1.080997
1.291152
1.769468
1.709749
1.624291
1.785543
2.096783
1.827576
1.845634
1.507643
1.574184
1.563932
1.725075
1.927239
2.663352
2.397979
2.494114
2.242659
2.516758
2.423832
1.498851
1.659592
2.080068
1.894904
1.686461
1.778248
1.965263
2.039674
1.327495
1.633049
1.844152
1.413703
1.413703
1.538467
1.529242
1.044784
1.004023
1.028404
0.895400
1.003054
1.035221
0.994581
0.973304
0.991550
0.992216
1.143070
1.024410
0.954557
1.308786
1.022136
1.022136
1.559799
1.555676
1.458353
1.580313
1.592309
1.444277
1.393033
1.336156
1.439224
1.450965
1.424573
1.380705
1.509348
2.130766
1.686513
1.955112
2.348540
1.955112
1.695799
2.536266
2.532585
2.637754
2.693871
2.670652
2.709244
2.097212
1.282661
1.141735
2.272890
2.272890
2.097212
1.850155
1.750561
1.634039
1.616728
1.877342
1.518213
1.877342
1.519145
1.470396
1.711676
1.608766
1.634129
1.939866
1.871338
1.495936
1.422932
1.469013
1.476966
1.413703
1.810343
1.112425
1.071665
0.957395
0.983324
0.946940
0.950636
1.165074
1.189293
1.328627
1.338851
1.312003
1.395183
1.309281
1.452910
1.144700
1.415023
1.076724
1.369771
1.597316
1.579946
1.981795
0.906050
1.471192
1.388861
1.595825
1.605284
1.400898
0.976092
1.453230
1.561327
1.605115
2.342185
2.151687
1.688815
2.663352
2.071479
2.262502
2.506407
2.444072
1.392794
1.826131
1.611021
1.141735
1.611021
1.758012
2.346829
2.009616
1.985488
1.758012
1.750561
1.892687
1.710444
1.611496
1.727369
1.275730
1.480639
1.993930
1.652382
1.899207
1.710819
1.703232
1.703232
0.987606
1.129155
1.184362
1.088217
1.012412
0.993393
0.996722
1.084858
0.983324
1.262237
1.169524
0.955509
0.951150
1.253100
1.022136
1.461462
1.438531
1.508893
1.603035
1.120108
1.231929
1.076724
0.992852
1.471192
1.278183
1.029681
1.784546
1.622060
1.394605
1.739029
1.718146
1.752634
2.482473
2.663352
1.446818
2.099108
2.141192
2.514574
2.465441
1.173685
1.368247
1.695512
2.080068
1.580617
1.372499
1.696375
1.784382
1.634039
1.518213
1.501688
1.652382
1.774118
1.564967
2.048577
1.993930
2.212659
1.820262
1.007229
1.021186
0.987415
1.007102
1.019253
0.957456
0.993393
1.441532
1.441757
1.436029
1.590889
1.603625
1.440700
1.583778
1.417724
1.496771
1.020897
1.248922
1.120108
1.622060
1.310720
1.833944
1.253199
1.471192
1.245009
1.577796
1.851836
1.430628
2.391173
1.987706
1.282661
1.768829
1.349375
1.818213
1.855242
1.641484
1.659414
1.652382
1.524011
2.006240
1.128847
1.224535
2.238855
2.208733
1.155278
1.469013
1.745285
1.742902
1.114881
0.960992
1.034145
0.984303
1.158591
0.990849
0.978774
1.153239
0.971566
1.335388
1.316364
1.316364
0.991579
1.019040
1.585829
1.148567
1.402898
1.576644
1.442107
1.576288
1.653652
1.672866
1.558482
1.140797
1.141633
1.140797
1.187769
1.041709
1.120108
1.201968
1.153349
1.532076
1.524889
1.297955
1.509348
1.431998
1.877909
0.977040
1.725453
1.494240
1.577796
1.800110
1.569006
1.806557
2.429505
1.868656
1.331084
2.030665
1.125462
2.329322
1.696375
1.429362
1.634039
1.650888
1.621459
1.416752
1.480639
1.379027
1.366002
1.263095
1.939866
1.843984
1.844152
1.110462
1.148721
1.143657
1.097727
0.956600
1.259665
0.960553
0.971566
1.219180
1.253045
1.253045
1.099547
0.937990
1.182099
1.101553
0.991579
1.076190
1.287902
1.519579
1.397238
1.403297
1.470041
1.464276
1.402898
1.493572
1.400046
1.141633
1.349550
0.849836
1.248922
0.997594
1.417724
1.262267
1.672426
1.473866
1.434317
1.340621
1.010393
1.094257
1.756191
1.859200
1.718146
1.790421
1.527904
2.123722
2.064085
1.851613
1.268083
1.268083
1.855242
2.256229
2.173555
2.026856
1.981994
1.695512
1.756755
1.641484
1.641484
1.795561
1.752054
1.501688
1.659414
1.713149
1.167915
2.170941
1.135436
1.990844
1.990844
2.283240
1.621998
1.621998
1.090291
1.156161
1.104691
1.062011
1.050707
1.220374
1.062011
1.206924
0.960553
1.373872
1.496227
1.211348
1.259543
1.514010
1.408483
1.438591
1.540267
1.517310
1.255926
1.141633
1.140797
1.356852
1.393033
1.090443
1.447606
1.409273
1.344164
1.152116
1.517310
0.988220
1.077200
1.394933
1.112212
0.931067
1.655568
0.843250
1.596654
1.538291
1.596654
1.785770
1.935942
1.368247
2.119988
1.731124
2.112039
2.168384
2.019560
2.083320
1.996238
1.603917
1.571308
1.713149
1.713149
1.167915
1.015001
1.681634
1.713149
2.212659
2.139042
2.377648
2.321483
2.315784
1.642026
1.369414
1.921391
1.373923
1.761911
1.041966
1.009719
1.049496
0.983730
0.984303
0.969513
1.034037
1.211793
1.104876
1.196476
1.196476
1.291080
1.114791
1.230971
1.441757
0.991889
1.019040
1.012377
1.012377
1.496227
1.308241
1.299025
1.538511
1.141633
0.800284
1.316779
1.435554
1.251404
1.208548
1.522793
1.014255
1.069312
1.075436
1.205083
1.643565
0.920957
1.338729
1.338729
2.342185
1.676574
1.869961
1.816756
1.851613
2.078090
2.026856
2.026856
1.214214
1.132483
1.855242
1.979280
1.698018
1.872928
1.298178
1.607148
1.792405
1.748919
1.562413
1.254434
1.843984
1.991514
1.146033
1.991514
1.990844
2.168352
2.320211
1.874114
2.515876
2.115746
1.890499
1.890499
1.034037
0.913644
1.106201
1.110462
0.989226
0.960061
1.124389
1.130657
1.221522
0.990457
0.961096
1.302259
1.075527
0.982231
0.991889
1.464931
1.375943
1.139670
1.154773
1.079707
1.154773
1.312069
1.255926
1.354996
1.332170
1.062483
1.464379
1.405231
1.396657
1.349692
1.349692
1.223715
1.359265
1.201262
0.935209
1.018841
0.949833
0.911197
1.761036
2.054763
2.123722
1.455523
2.084488
1.809113
2.026856
1.962474
1.855242
1.277513
1.214214
1.458547
1.840246
1.589756
1.542056
1.597443
1.459982
1.416752
1.452574
1.506989
1.752054
1.769413
1.403561
1.292942
2.069907
2.382587
1.816314
2.219280
1.255284
1.260256
1.593061
1.388150
1.699617
0.955188
1.104938
0.974712
1.023450
1.061692
1.240001
1.201601
1.184362
1.070884
1.124189
1.291080
1.259206
0.961027
1.335531
0.906568
0.895969
1.321020
1.158133
0.906568
1.443526
1.397238
1.112620
1.080307
1.112620
1.449209
1.538511
0.997594
1.062483
1.255926
1.196806
1.142545
1.396657
1.415604
1.344164
1.148995
1.197871
1.353932
1.588638
1.783515
1.708781
1.877944
1.857291
1.584068
1.804762
1.389356
1.732940
1.374707
1.809113
1.614540
1.479263
2.026856
1.444617
1.429438
1.698018
1.968159
1.441694
1.775157
2.397491
0.985628
2.299053
2.122574
1.874114
2.515820
2.122574
2.440978
2.115746
2.150980
1.827162
1.373923
1.593061
1.668640
1.742902
1.985428
1.673349
1.673349
1.111938
0.988665
1.044104
1.201601
1.260534
1.078364
1.124189
1.055509
1.075527
1.230971
1.101553
0.977733
1.233371
1.168683
1.101553
1.357136
1.209528
1.317716
1.262022
1.262022
1.308241
1.391811
1.445083
1.064563
0.951819
1.396657
1.251404
1.117643
1.010393
1.010393
1.117643
1.000245
0.901119
1.000245
1.077200
1.359651
1.243585
1.450671
1.494240
1.452572
1.783515
1.588638
1.500022
1.676574
1.389823
1.310777
1.408640
1.436388
1.214214
1.458547
1.609810
1.674955
1.919173
2.213536
1.991514
1.874114
1.991167
1.958314
2.515876
2.515876
2.382587
1.304871
1.075391
1.210503
0.991758
1.205617
1.065693
1.268089
1.051811
1.211793
1.347590
1.090522
1.291080
1.466150
1.187290
1.108118
1.187290
1.003023
1.171776
1.438591
1.074364
1.471101
1.296962
1.278595
0.880781
1.154808
1.279341
1.334134
1.063733
0.988220
0.901119
0.988220
1.392159
0.869750
1.008365
1.046772
1.238259
1.046772
1.338729
1.429151
1.753446
1.584068
1.841381
1.130871
1.455523
1.681320
1.595343
1.826646
1.826646
1.157279
1.571708
1.389120
1.588599
1.589014
1.639110
1.618886
1.658819
1.559690
1.495681
1.822699
2.190176
1.952940
2.193894
2.036937
2.230319
2.226307
1.958314
2.485742
1.175355
1.229681
1.611069
1.237243
1.848716
1.760456
0.988238
0.982374
1.059930
0.991758
1.240001
1.347590
1.055509
1.323120
1.029009
1.190925
1.093519
0.951859
1.000021
1.317716
1.158133
1.412956
1.221811
1.142545
1.221811
1.251404
1.231117
1.235650
1.140989
1.053690
0.936812
1.233094
0.922331
0.893207
0.865464
1.056449
1.298952
0.811339
0.862848
1.130291
1.285318
1.285318
1.429151
1.800695
1.801044
1.800695
1.069537
1.285318
1.804762
1.595343
1.297087
1.895143
1.389356
1.779804
1.779804
1.688913
1.755384
1.335879
1.448146
1.576044
1.773933
1.480706
1.763126
1.556041
0.978048
2.912950
2.394910
2.906641
2.599961
1.480750
1.978614
1.978614
0.980343
1.062702
1.181579
1.134890
1.123777
1.240001
1.044104
1.103702
1.078364
1.109814
1.137431
1.389659
1.389659
0.825016
1.163221
1.069479
1.294929
1.109583
1.222001
1.279902
1.295657
1.393389
1.806699
1.633141
0.796519
1.912098
1.054564
1.157279
1.273983
1.389356
1.521049
1.737387
1.737387
1.409697
1.380687
1.723128
1.576044
1.818017
1.674955
1.674955
1.618886
1.618886
1.603917
1.366397
1.822699
1.822699
1.898442
1.336546
1.134629
2.008632
2.036937
2.229203
1.938166
1.620210
2.394910
2.054831
2.912950
2.447901
2.447901
1.235928
1.649547
1.649225
1.609661
1.480750
1.572866
1.018685
1.128935
1.220732
1.199724
1.090116
1.164513
1.364804
1.350961
1.274270
1.353234
1.013183
0.845184
1.029009
0.909830
0.986686
1.394169
1.364012
1.069479
1.276198
0.764967
0.880781
1.233094
1.283741
1.455523
1.054564
1.146271
1.425159
1.773933
1.488406
1.725170
1.522505
1.447879
1.450545
2.397491
2.338345
2.259310
2.213536
2.193894
1.620210
2.656967
2.474037
3.035367
1.638071
1.504521
1.208837
1.017887
0.958475
1.119345
1.384483
1.140202
1.268089
1.450322
1.481205
1.416519
1.014802
0.961689
1.416925
0.968033
1.082393
0.946513
1.171191
1.318624
1.318624
1.318624
0.833498
1.312069
1.316392
1.074364
1.044702
0.890298
1.069537
0.921411
1.145740
1.145740
0.876746
1.307008
1.400221
1.355099
1.096015
1.247921
1.687836
1.609362
1.466339
1.639110
1.562033
1.518961
1.528707
1.533930
1.447879
1.695204
1.909323
1.952923
2.259310
2.404609
2.342702
2.741112
2.741112
2.886388
1.511926
1.456109
0.968484
0.963719
1.284403
1.231589
1.430283
1.246478
1.344289
1.266049
1.090116
1.430283
1.028838
1.256586
1.397916
1.013183
1.210107
0.978940
0.928032
0.917449
0.756490
1.222002
1.331357
1.099279
1.806699
1.536441
1.674121
1.841381
1.477672
0.874115
1.142683
1.240096
1.146163
1.345790
1.405019
1.409575
1.311409
1.389120
1.576044
1.670844
1.488759
1.687836
1.746934
1.533930
1.574565
1.451735
1.522505
1.353721
1.259917
1.143961
2.170004
2.988959
1.262337
2.447901
1.610930
1.310997
1.689540
1.572866
1.062702
1.191688
0.981321
1.231616
1.109907
1.246478
1.344289
1.143598
1.211493
1.481205
1.240198
0.887278
1.256586
1.364804
1.426102
1.474677
1.430280
1.382465
0.932386
0.975026
1.003163
1.116960
1.098202
0.878666
1.051887
1.073639
1.091208
0.804152
1.295657
0.878817
1.948189
1.185007
1.401402
1.311409
1.530957
1.501514
1.442657
1.587550
1.687836
1.603847
1.614198
1.408323
1.295611
2.225291
1.868915
2.206438
1.879784
2.876498
2.474037
2.287449
1.731853
1.710063
1.435861
1.512876
1.310997
1.208607
1.378804
1.540602
1.014757
1.126172
1.564727
1.522013
1.522013
1.191064
1.302990
1.479129
1.503407
0.938123
0.935482
1.119867
1.234569
1.249668
1.394169
0.913727
0.878666
1.069479
1.316392
0.882382
0.517235
0.517235
0.735301
0.785354
0.717855
1.964373
1.948189
1.875679
1.145740
1.076277
1.705184
1.779046
0.925587
1.054564
1.130530
1.135842
1.125452
1.477672
1.240096
1.389120
1.460550
1.614198
1.451735
1.517412
1.408323
1.639110
1.471089
2.284116
2.049837
2.455215
1.191293
1.310828
2.892671
1.460991
1.577450
1.688644
1.232433
1.044956
1.179915
1.184630
1.261669
1.313150
1.424305
1.332304
1.202727
1.014757
1.126172
0.947428
1.028838
1.126172
0.995722
1.126172
1.228365
1.373097
1.503407
1.332975
0.999271
0.697986
0.953780
1.119867
0.575102
1.210783
0.496685
0.520629
1.192944
0.522233
0.517235
1.267303
1.667575
1.948189
1.442066
1.429496
1.593892
1.676291
1.276043
1.142683
1.247921
1.335879
1.544865
1.609362
1.609362
1.370587
1.451735
1.887369
1.471089
1.353713
2.049837
1.410451
1.717352
1.909323
1.575101
0.941671
2.988959
2.386256
2.651544
2.872411
2.651544
1.706399
1.977028
1.609661
1.782879
1.904034
1.299387
1.424064
1.734271
1.716078
1.540602
0.973177
1.058023
1.734271
0.995722
1.641897
1.373097
1.373097
1.228365
1.178346
0.861494
1.183266
1.068258
1.063674
0.999486
0.935482
0.756490
0.490069
0.922068
1.220524
1.219598
1.152770
1.239019
1.210783
0.522233
1.150462
1.964265
2.045872
1.880563
1.783926
1.677489
0.925587
1.125452
1.482886
1.717303
1.353713
2.087404
1.802011
2.113017
1.295611
2.270715
0.972135
2.284116
2.539914
2.087404
2.087404
2.997539
2.386256
2.080483
1.656138
1.656138
2.308791
2.657353
2.379448
2.067747
2.589444
2.545338
1.519852
1.593751
1.512876
1.165123
1.213430
1.366735
1.138721
1.165249
1.149672
1.318616
1.184630
1.202727
1.180402
1.332304
1.014757
1.716078
1.723912
0.907218
0.995722
0.907218
1.228365
1.517769
1.341126
1.219598
1.191113
1.064880
1.222670
1.168614
0.570099
0.570099
0.422779
0.570099
0.770874
1.443413
1.688752
1.822623
2.020116
1.882521
1.948008
1.455344
1.826316
1.602134
1.687752
1.593892
1.618073
1.089306
1.482746
1.561408
1.802011
1.290273
1.669372
2.284116
2.430227
2.418707
2.656283
2.547727
2.418707
1.656138
3.003825
2.658660
2.658660
1.095776
2.080483
2.054831
2.193757
1.832188
1.832302
1.217874
1.232433
1.139696
1.119317
1.338511
1.427566
1.290887
1.027606
0.845828
0.826198
1.230570
1.443356
1.092130
0.776670
0.694420
1.215084
1.064880
1.064880
1.445737
1.202081
1.667575
1.812240
0.886396
1.842132
1.065771
1.090834
1.357953
1.455570
1.548362
1.747828
1.973215
1.603847
1.988487
1.382887
1.275922
2.193692
1.026191
2.644543
3.007764
2.735615
1.273430
1.460991
1.167072
1.015184
1.184361
1.313610
1.240502
0.928519
1.027606
1.735424
1.178346
1.642514
1.623443
1.596199
1.390776
0.658547
0.960254
0.965545
1.157877
1.187198
1.194974
1.187198
1.171533
1.149869
0.572309
0.611928
0.677582
1.267303
1.267303
1.168893
0.615927
1.505861
1.688752
1.763675
1.856218
1.948189
2.057170
1.815873
1.934611
1.042239
0.911130
1.582501
0.907828
0.943384
1.117973
1.308227
1.326313
1.382887
1.616862
1.616862
1.866158
1.410670
2.388964
2.194847
1.994874
2.388964
2.051906
2.556350
2.051906
2.025009
2.755761
2.978117
3.007764
2.876638
2.285070
2.393023
2.393023
2.735615
1.259798
1.217874
1.314373
1.424498
1.371670
1.158764
1.147927
0.928519
1.027606
0.928519
1.027606
0.778949
1.142650
1.387017
1.341126
1.385528
1.385528
1.237247
1.230558
1.123277
0.529218
1.143356
1.167130
1.186958
1.169349
1.111698
1.157403
1.082890
0.597300
1.627273
1.948243
1.688752
1.042239
1.321077
1.327736
1.700660
1.222485
1.321077
1.483560
0.929948
0.882723
1.274124
1.320186
1.230338
1.331113
1.287811
1.669372
2.127918
2.742241
2.223236
2.284116
1.911188
2.785620
2.294451
2.323914
2.814189
2.294451
2.800147
2.800147
2.786056
2.554383
2.977103
2.456299
2.735615
2.393023
1.851542
1.618044
1.170636
1.498756
1.698840
1.159135
1.036324
1.049546
1.188182
0.980521
1.272708
1.012592
1.065338
0.989406
1.796624
1.723912
1.626943
1.230570
1.317678
1.242600
0.613538
1.215084
1.184335
1.280617
1.145517
1.184857
0.506942
0.456196
0.456196
0.572309
1.866071
0.924303
0.798297
2.048594
1.952346
1.321077
1.971921
0.900065
1.392558
1.455344
1.266698
1.848014
2.110958
1.533194
1.417180
1.747828
1.455612
1.362902
1.892128
1.748605
1.758448
2.488528
2.091538
1.808744
2.020694
2.020694
1.855229
1.943356
2.290650
2.777045
2.266510
2.568830
2.568830
1.621897
2.456299
2.916856
1.397396
1.307065
1.215945
1.102432
1.242972
1.384896
1.343356
1.316850
1.343356
1.244746
1.447170
1.435009
1.012592
1.219887
1.131635
1.313610
1.362309
0.928519
1.412149
1.716078
0.591151
1.266341
0.917062
0.996753
0.948202
0.899885
1.104882
1.092281
0.414062
0.520132
1.194679
1.168893
1.703218
1.168893
1.420978
1.796428
1.714271
1.602337
2.070204
2.018358
1.731505
1.222485
0.907828
1.334940
1.022933
1.610912
1.071741
1.159153
1.200935
1.365648
1.356537
1.382887
1.548362
1.965404
2.031181
2.396798
2.004368
1.111336
1.329037
1.329037
1.735930
2.123559
1.989136
1.989136
2.722194
1.045361
2.350141
2.428667
2.294451
2.035446
2.568830
2.713658
2.133435
1.497804
1.497804
2.544746
2.192430
1.853620
2.554383
2.378768
1.851542
1.618904
1.793874
1.469541
1.636519
1.202663
1.371670
1.378804
1.219887
1.131635
1.219887
1.351470
1.012592
1.391141
1.131635
0.887160
0.887160
1.412149
0.757680
1.705735
1.223125
1.142650
0.914675
1.023779
1.317678
0.591151
0.658547
0.978835
1.149935
1.187198
0.939566
0.939566
1.845363
0.514705
0.520132
1.383498
0.687696
2.107193
2.082631
0.852126
1.958430
1.773498
1.620338
1.356591
1.481575
1.259118
1.255671
1.365648
1.352033
1.831460
1.676841
1.350464
1.204346
1.365648
1.769395
2.311092
2.006437
1.455350
1.917421
1.978489
1.692910
1.978489
2.303743
1.758722
2.918896
2.722194
1.076097
2.300643
1.045361
1.045361
1.939235
2.694390
2.621851
2.378768
1.378843
2.500251
1.679318
1.366750
1.245199
1.384896
1.219887
1.363843
1.131635
1.039863
0.989406
1.635311
1.796624
1.668146
1.565853
1.684375
1.560727
0.653084
1.464793
1.343892
1.160901
1.069717
1.333397
1.135197
1.280617
1.145517
1.037706
1.130405
1.181182
1.022446
1.290501
0.998614
1.251057
1.720491
0.905884
1.720491
1.826368
2.052555
0.956313
1.109354
1.181938
1.854092
1.268459
1.455570
2.043537
2.043537
1.965404
2.671717
2.859233
2.249034
2.561963
2.509583
1.531153
1.520058
2.394515
2.522004
0.993418
1.251893
1.343983
1.036292
1.354566
1.316850
1.246667
1.163914
1.323620
1.350347
0.998349
1.213903
1.332158
1.383582
0.697327
0.803765
1.389840
1.142650
1.052630
1.445737
0.970113
1.168893
0.771950
0.591146
2.102582
2.056027
1.835131
1.617671
0.863140
1.700562
1.089878
1.265095
1.327736
1.441257
0.960812
1.533194
1.425965
1.402039
1.184461
1.200935
1.635605
1.281430
2.306596
1.757426
2.182724
1.138351
1.194153
1.077478
1.758448
1.815478
1.946772
1.370466
2.269038
2.509583
1.239100
1.397123
1.853620
2.522004
2.517034
1.535824
1.680685
1.445002
1.454102
1.397396
1.379455
1.244276
1.207817
1.395618
1.389309
1.369657
1.384896
1.370821
1.442299
1.346666
1.213903
1.256996
1.213282
1.201094
1.275865
1.568829
1.457681
1.473758
0.676587
1.621295
1.809183
1.570889
0.914675
1.623443
1.493659
1.367278
1.142650
1.320582
1.495940
0.959452
0.983362
0.938807
1.140622
1.092281
1.191871
0.972965
0.972965
0.908267
0.972965
0.998614
0.998614
1.493086
1.272694
1.272694
1.714271
0.480058
0.520132
1.493086
1.225497
1.820597
1.931193
2.132665
2.026337
0.839213
1.151945
1.122772
1.252066
1.142933
1.274124
1.716136
1.610912
1.117473
1.191694
2.212575
1.266686
1.190026
1.309915
2.011132
1.766657
1.685226
1.190026
2.489067
1.335511
1.335511
2.869825
1.735721
1.532767
1.670310
1.006501
1.855229
2.428703
1.365795
1.337860
2.394515
1.464133
1.554871
1.889351
1.236661
1.021082
1.263958
1.002604
1.251893
1.322371
1.361409
1.334967
1.369657
1.473005
1.397606
1.450744
1.246667
1.450744
1.367134
1.111790
1.271394
1.258995
1.326267
0.967776
1.137147
1.275865
1.603090
1.237247
1.021502
1.280617
1.155948
0.925055
1.992487
0.591146
0.591146
0.604296
1.617671
1.899547
1.372052
1.300629
0.910889
0.875298
1.231263
0.956313
1.420971
1.247277
0.970442
1.251089
1.635605
1.420320
1.560338
1.379959
1.689824
2.328370
2.590572
2.590572
1.692910
1.175494
2.015585
2.868383
2.411901
2.263604
2.337692
1.331558
1.613573
1.378843
1.300962
2.522004
1.272117
1.701621
1.554871
1.243302
0.978411
1.021082
0.780771
1.400137
1.400137
1.245199
1.131207
1.351104
1.277977
0.936105
1.332158
1.621295
1.457681
1.592588
1.393342
1.384773
1.223125
1.417283
1.221641
0.980181
0.978835
1.103931
1.100813
0.926972
1.303319
1.257363
1.315648
1.272694
0.998614
1.593765
1.549162
1.496202
1.911314
2.015409
2.020499
2.123363
1.429529
1.372052
1.233132
1.617671
0.983787
0.960812
1.583786
1.231202
1.331924
1.124761
1.936899
1.373829
1.420320
1.566330
2.429085
1.277914
1.196745
1.107639
1.633739
1.670310
1.898860
1.827871
2.137898
2.082217
1.524734
2.716667
2.095594
2.133435
2.411901
2.056927
1.547327
1.721087
1.483735
1.597557
1.125735
1.209378
1.270293
1.244276
1.225091
1.225091
0.896609
1.351104
1.179632
1.237152
1.214102
0.869384
1.200892
1.564345
1.082027
1.226349
1.034853
1.040106
1.410948
1.140622
1.353478
0.926972
1.051265
1.349979
1.257000
1.216037
1.069515
1.078033
0.847822
1.155274
1.166798
1.635605
1.263062
1.190026
1.594932
1.685226
2.050194
1.483924
1.594932
1.908556
1.248624
1.911374
1.758722
2.015585
2.411901
1.298720
1.085577
1.042057
1.071490
0.988961
0.883434
1.305434
1.346640
1.311707
1.311707
1.361935
1.296929
1.271394
1.122612
1.111790
1.098123
0.905317
1.098123
1.073807
0.829349
1.578242
1.397993
1.031611
1.146554
1.331037
1.303319
1.946407
1.593765
1.260507
2.020499
1.805359
0.577787
1.778388
1.304087
1.663834
1.124812
1.033691
1.124812
1.122455
1.122455
1.228025
1.502898
1.268459
1.759622
1.088942
1.420971
1.424383
1.251089
2.388468
1.707782
2.581097
1.644624
2.490094
1.558093
1.842792
2.186551
1.827871
1.911384
1.041285
1.720407
1.854795
1.520058
2.399924
1.429912
2.404629
1.176780
1.272557
1.457771
1.300962
1.228923
1.570348
1.235209
1.202705
0.833264
1.296131
1.370535
1.305434
1.322371
1.311707
1.260435
1.041463
1.123974
1.158042
1.271394
1.123974
1.346640
1.226014
1.416083
0.905317
1.249848
0.816998
0.700610
0.728716
1.482842
1.338986
1.457580
0.871452
1.089614
1.146554
1.046275
1.193100
1.130921
0.889749
1.173271
0.926972
1.216037
1.193100
1.296008
1.315648
1.344913
1.670148
1.354605
1.239331
0.983787
1.502898
1.807038
1.166798
1.668034
1.807038
1.142933
2.044879
2.044879
1.261866
1.420320
2.340385
1.309915
2.388468
1.167914
1.911374
2.490094
2.277736
2.705912
1.209426
2.561679
2.561679
2.164228
1.296815
2.337692
2.056927
2.259778
2.278542
2.278542
2.278542
1.298720
1.415751
1.017253
1.085577
1.340565
1.440655
1.361399
1.320118
1.305568
1.176462
1.351104
0.945064
1.202379
1.408999
1.416868
1.302390
1.192162
1.525118
1.192162
0.960836
0.969537
1.043486
1.350148
1.279526
0.889749
1.393812
1.805263
1.762729
1.459674
1.162581
1.552764
1.447192
1.033691
1.527417
1.156329
0.916324
2.130074
1.150864
1.179461
1.322812
1.251089
1.994992
1.261866
1.546930
1.273366
1.411546
1.611424
1.842792
1.154414
1.862924
1.264278
2.240644
2.240644
2.095594
2.329675
2.333840
2.056927
1.638143
1.103446
1.337393
1.017253
0.722817
1.340565
1.299027
1.223503
1.374881
0.958962
1.283949
1.411862
1.206286
1.016970
1.192162
0.989651
0.953934
1.051874
1.033308
1.331037
1.193100
1.529035
1.357465
1.569880
1.934635
1.913080
2.032472
1.842923
1.892652
1.892652
0.625942
1.825034
0.730122
0.848532
1.354605
2.103853
1.443836
1.203856
1.356806
0.816339
0.800939
1.641054
1.668034
1.373829
2.118125
1.884501
1.641054
1.390946
1.644624
1.875812
1.280218
2.085516
1.911384
1.235624
1.364145
1.338136
2.358821
2.240644
1.347437
2.333840
2.173039
1.407940
1.461681
1.228470
0.917247
1.194726
1.148346
1.050715
1.209378
1.232010
1.203455
1.340547
1.340547
0.923164
1.320118
1.095233
1.210098
1.370535
1.299027
1.403388
1.401162
0.939990
1.303752
1.425850
1.078876
1.223488
1.416464
1.247580
1.347346
1.232521
0.879011
1.279526
1.555756
1.594234
1.357465
1.845495
1.914882
1.482058
1.743314
1.724373
1.842923
2.083288
0.694749
1.676088
0.850866
0.770297
0.878639
1.267944
1.694797
0.922351
1.007617
0.916324
1.261302
1.356806
1.552764
1.088942
0.898171
1.829338
1.668034
1.088942
1.859396
1.452783
2.099087
2.271408
2.073852
2.078769
1.074562
2.343041
2.502388
2.068781
1.396451
2.002099
1.339047
1.099310
1.468427
1.296815
1.148040
1.183069
0.892559
0.791050
0.753928
1.140426
1.210098
1.135026
1.397661
1.359984
1.299027
1.157368
1.315149
1.336914
1.062046
0.940623
0.907083
0.965366
1.030015
1.062409
1.043486
1.099919
1.499228
1.058751
1.321413
1.584120
1.555756
1.827607
2.027139
2.094594
1.811304
1.906620
0.666976
0.511226
2.007738
1.509259
1.887667
1.610195
1.058318
1.445066
1.087417
1.301078
1.552764
1.745356
1.261866
0.973287
1.373829
1.535663
1.488887
1.411546
1.411546
1.313527
1.452783
1.390946
1.884501
1.390946
1.875812
2.086105
1.793189
1.328229
2.034796
2.062955
1.010937
1.213159
1.082683
1.057844
1.397661
1.275729
1.274621
1.034403
1.176611
1.564345
1.055558
1.055558
1.016970
1.018804
0.993974
1.039561
1.039561
0.761069
1.207121
1.956974
2.004917
1.676805
1.721251
1.128542
1.234790
1.034621
1.128417
1.143690
0.916324
1.699254
1.553950
1.411546
1.595966
1.859396
1.851321
1.453655
1.488887
1.507715
1.745575
1.349568
1.745356
2.078769
2.157686
1.967566
2.034796
1.792607
1.501374
1.341973
1.385778
1.045967
1.293450
1.183069
1.086994
0.693120
1.086994
1.140426
0.791630
1.102015
1.182378
0.907405
1.079175
1.203784
1.380319
0.788098
1.338986
1.254366
1.300355
0.879195
0.970475
1.133916
0.981294
1.039561
1.039561
1.368408
1.262303
1.510031
1.386517
1.529035
1.907547
2.094594
1.982860
1.848261
1.677552
1.677552
1.578053
1.226779
0.660010
1.490445
1.490445
0.800939
1.056573
1.521187
1.220164
1.192834
1.699254
1.553950
1.232828
1.179461
1.766646
1.449709
1.994101
1.360719
1.995832
1.523922
1.751002
1.598555
0.969343
1.481208
0.942411
1.116671
0.952542
1.213538
1.267160
1.102015
1.175399
1.397661
1.051766
0.940457
0.974414
0.985140
1.208192
1.250209
1.123534
1.568750
1.817033
1.709646
1.584120
1.879550
1.629452
1.676805
0.947093
0.962942
0.842658
1.353080
0.660010
0.800939
0.660010
0.842658
1.374216
2.130074
1.643238
1.545448
1.545448
1.792380
1.967566
2.333840
1.801495
1.355840
1.633901
1.289450
0.986959
1.232010
0.940457
0.825668
0.929151
1.080927
0.783903
1.362568
1.206286
1.218134
1.218134
0.897951
0.982328
1.035641
1.053203
1.015935
1.204949
1.368408
1.866060
1.670052
1.714774
1.670052
1.983016
1.824481
1.929353
1.976792
1.610195
0.913878
0.725511
1.649849
0.965175
1.034621
1.096279
1.174331
1.113953
1.113692
1.116133
1.205755
1.378386
2.003077
1.453655
1.446187
1.389304
1.349568
1.394747
1.821995
1.579965
1.719459
2.062955
1.369913
1.531329
1.369913
2.062955
1.860292
1.633901
1.110103
2.062955
1.633901
1.110103
1.409391
1.374128
1.463022
1.374128
1.001166
0.986959
0.876603
0.717563
1.161795
1.161795
1.133126
1.055459
0.713612
1.202941
1.208192
0.578157
1.011786
1.011786
1.253993
1.024533
1.039561
1.068740
1.148796
1.860439
1.473400
1.225501
1.964411
1.644794
1.619859
2.050710
2.050710
1.949711
1.677491
1.306450
1.972273
1.676088
1.110329
1.239150
1.148382
1.019923
1.275459
1.699254
1.619652
1.394747
1.528139
1.118007
1.271630
2.062486
1.288307
1.835643
1.608425
1.679682
1.328229
1.699637
1.588438
1.374128
1.316125
1.335650
1.317867
1.200725
0.816823
0.714344
1.135026
1.102015
1.127903
0.988536
1.035248
1.344776
1.011786
1.011786
1.171365
1.040814
1.106837
1.550974
1.737092
1.123534
1.634028
1.860439
1.430024
1.633413
0.472512
0.664426
1.667510
0.597423
0.817570
1.374216
1.129195
1.521187
1.798932
1.827129
1.269672
1.394747
1.763713
1.457347
1.793189
1.753283
1.719459
1.760948
1.478563
1.760948
1.835643
1.385160
1.753953
1.560150
1.551931
1.507290
1.180698
1.187220
1.034489
0.879865
0.856924
0.902822
1.023787
0.981387
1.202941
0.703519
0.830726
1.217476
1.209967
1.346635
1.660903
1.781842
1.785770
1.982738
1.601792
1.879550
1.677491
1.629452
1.449595
2.000697
1.916913
1.735579
1.210618
1.352130
1.038323
0.962942
0.962942
1.243131
1.212859
1.570322
1.446187
1.555087
1.545448
1.719459
1.682821
1.477648
1.579965
1.510666
1.719459
1.676854
1.343151
1.835643
1.736594
1.603707
1.560150
1.066427
1.445968
1.445968
1.388728
1.671827
0.995129
1.183907
1.018901
1.018901
1.335650
1.133850
0.931243
1.117172
1.134704
0.695519
1.073118
1.111941
1.095224
1.007928
1.094343
1.043834
0.931489
1.051083
1.144919
0.737128
1.210876
1.095188
1.213195
1.044512
1.146791
1.301446
1.493068
1.250077
1.281103
1.212019
1.817209
1.993733
2.119738
1.817033
1.667510
1.642362
1.928663
1.231313
1.343989
1.266261
1.146054
1.066928
1.239594
1.434229
1.596048
1.334512
1.113142
1.392769
1.334512
1.431971
1.532268
1.545448
1.598555
1.285011
1.297003
1.679682
1.352693
1.360782
1.157768
1.360782
1.632614
1.551931
1.388728
1.187220
1.384052
0.986959
0.927546
0.969582
1.141621
0.984592
1.296110
1.221179
1.069335
0.880927
1.012686
1.012686
0.871061
1.012686
0.614584
0.603116
1.165818
1.044512
1.048577
1.737092
1.610933
1.921647
1.568750
1.929796
1.428616
1.358045
1.952241
1.758049
0.637336
2.035826
1.350364
0.874565
0.988779
1.676088
1.113142
1.299275
1.123612
1.381679
1.472333
1.472333
1.307341
1.573845
1.588438
1.460050
1.392906
0.996822
0.819803
0.839789
0.941010
0.970177
1.051083
1.077685
1.008189
0.703190
1.180599
1.180599
1.033712
1.075823
0.940074
0.970740
1.464167
1.921647
2.134598
2.157020
1.976549
1.653669
1.653669
1.449595
1.444951
1.380270
1.093831
1.026421
1.257716
1.123612
1.415205
1.439919
1.196508
1.580280
1.334512
1.680901
1.493627
1.596048
1.338356
1.451375
1.410969
1.307341
1.516072
1.607423
1.516072
1.464020
1.510666
1.596329
1.185976
1.571435
1.801425
1.466280
1.352619
1.605540
1.134630
1.463214
1.539644
0.876603
0.717563
0.930550
0.835659
1.031572
1.065351
0.954570
1.145579
0.910221
1.068083
1.314943
1.021606
0.918857
1.209833
0.918857
1.109798
1.155834
0.419525
0.458387
1.036687
1.334672
0.970740
1.115254
0.900353
1.493068
1.803652
1.935651
2.116184
2.085380
1.776361
1.929796
1.776361
1.552280
1.670024
1.886450
1.851746
0.575667
1.307924
1.332517
0.979305
1.042593
1.415205
1.234678
1.170936
1.249306
1.353956
1.249306
1.525464
1.464709
1.357992
1.547018
1.575157
1.515162
1.452726
1.478563
1.676854
1.532268
1.482563
1.524046
1.607319
1.571435
1.475122
1.517190
1.452726
1.573845
1.718379
1.551931
1.671827
1.248607
1.005634
0.896452
0.995129
0.823986
0.892084
0.879865
0.879865
0.777227
0.862112
1.065351
1.061896
1.337133
1.095224
1.208741
0.970177
0.837661
0.896058
1.070995
1.008189
1.187584
1.038048
1.015700
1.170094
1.205545
1.103548
1.123692
1.025156
1.249541
0.993066
0.982605
1.463168
1.630727
1.125544
1.737092
1.258832
1.882397
2.094162
2.009310
2.112247
1.904134
1.907541
1.945634
1.706545
1.893929
1.467130
1.641014
1.101772
0.438594
1.140336
1.225466
1.114002
1.225466
1.273077
1.326050
1.170936
1.001017
1.433474
1.361533
1.590330
1.633244
1.621873
1.243758
1.533503
1.209866
1.183907
1.005634
1.631201
1.341268
1.423663
1.154427
1.011409
0.931484
0.731765
0.836561
0.985840
1.031572
1.012720
1.068083
0.978092
1.067479
1.425486
1.090380
1.012596
1.012596
0.985065
1.038048
1.015700
0.988417
0.988417
1.019106
0.941488
0.918152
1.115254
1.705698
1.808172
2.082444
1.640522
1.374434
0.948541
1.910933
1.795969
1.803502
1.683187
0.936494
1.093831
0.963576
1.066844
0.989775
1.009867
1.170936
1.299275
1.353956
1.394459
1.228730
1.452893
1.393888
1.394459
1.393888
1.513889
1.335684
1.699865
1.699865
1.131100
1.266708
1.533124
1.246508
0.931484
0.719227
0.670636
0.663939
0.623736
0.818197
0.920487
1.186569
1.192998
1.159931
0.962999
1.304111
1.215788
1.337133
1.173135
1.110742
1.176055
1.094343
1.077685
0.896058
0.918857
1.057804
1.032466
1.219317
0.392948
0.282891
1.214442
1.225591
1.570223
1.873319
1.630727
1.560793
1.829125
1.190283
1.755825
2.094162
2.118229
1.773541
1.047699
1.759492
1.009081
1.101772
0.936494
0.911568
0.984712
0.952560
1.096987
1.225466
1.234678
1.273077
1.045695
1.192596
1.214199
1.210232
1.433474
1.251868
1.227762
1.030036
1.591950
1.512606
1.208383
1.635363
1.064514
1.194951
1.206474
1.084173
0.708821
0.534866
1.050758
0.920487
1.339604
1.314943
1.030056
1.107608
1.169186
1.072232
0.929416
1.113301
1.161034
1.208741
1.182995
1.198113
1.277774
1.164501
1.113060
1.032466
1.164207
1.033712
1.118880
1.060795
1.020179
1.600188
2.220503
2.187836
1.774756
1.724676
2.173074
2.195269
2.134696
2.136443
1.295198
1.323291
1.459280
1.411477
1.448550
1.329171
1.328080
1.405223
0.868973
0.911568
1.061827
0.953950
0.993988
0.980142
1.237839
1.225466
1.036337
1.036337
1.565125
1.307341
1.607319
1.280489
1.541516
1.209866
1.529239
1.012007
1.104506
1.250738
1.250738
1.012007
1.081385
1.084563
1.127056
0.872458
1.192998
1.217569
1.106013
1.259591
1.019732
0.937130
1.207802
1.278390
1.156612
1.096054
1.003279
0.922391
0.456171
1.225591
1.494067
1.225591
1.209665
1.301446
1.481563
1.996967
1.995134
2.124844
1.965633
1.981220
1.978599
1.850468
1.874008
1.586303
1.265533
1.816954
1.316266
0.740193
1.181436
0.911568
1.013605
1.009867
1.018056
1.484698
1.018654
1.114366
1.338147
1.211198
1.377838
1.208383
1.451452
0.838761
0.868121
0.654612
0.723996
1.279502
1.149588
1.159517
1.040081
1.293212
1.159517
1.092637
1.064078
1.155577
1.254251
1.013653
0.964204
1.063329
1.180002
1.146569
0.645009
0.562477
0.998488
1.494067
1.127703
1.687867
1.209665
2.219032
1.774756
1.700762
1.643177
1.333858
1.531577
1.735191
1.618854
1.619693
1.009081
1.328080
0.942640
1.309713
1.134738
1.236224
0.972840
1.049698
0.972840
1.348707
1.484698
1.338147
1.380601
1.221598
1.221598
1.269954
1.339965
0.708821
0.836582
1.016218
0.868121
0.872458
1.182106
1.293212
0.889565
1.175710
1.228964
1.232537
1.264949
1.121364
1.147837
1.043298
1.027387
0.964204
1.115207
1.092985
1.137620
1.137620
1.614777
1.861263
1.483809
1.424545
1.687867
2.176277
2.071722
1.548472
2.210181
2.219489
1.976956
1.764765
2.134696
1.663815
0.991299
1.907123
1.680439
1.156254
0.837650
0.832020
0.987042
0.973809
0.951568
1.012827
1.537701
1.338772
1.623370
1.492944
1.211611
1.611183
1.492944
1.314455
1.529239
1.314455
0.957927
1.316527
1.254276
1.096215
0.829909
0.678351
0.770655
0.842510
1.004943
1.217144
1.261799
1.144545
1.266619
1.044472
1.046899
1.089753
1.057804
1.010221
1.118200
1.158406
1.032526
1.873319
1.947896
2.269814
1.933595
1.893486
1.754506
1.318800
1.681540
1.287607
1.751991
0.896917
1.438252
1.200234
1.006660
1.025799
1.006660
0.973809
0.993161
1.358745
0.968336
1.348707
1.015077
1.082056
1.241880
1.338147
1.082324
1.220877
1.293215
1.175455
0.863285
0.863285
1.054370
1.001607
0.923715
1.182106
1.001607
1.175710
0.942042
1.064078
1.186851
1.108538
1.061411
1.054283
1.209778
1.025608
1.087212
1.126768
1.354704
2.015157
2.236559
2.210181
1.802735
1.996985
1.791868
1.791868
1.383956
0.896917
1.531577
1.194916
1.197505
1.120167
1.832920
1.067582
1.017660
0.989144
1.017660
1.055556
0.953548
1.068669
1.159843
1.412660
1.529239
1.200487
1.082324
1.154680
1.175455
1.113953
0.959342
0.959342
1.004943
1.073777
1.013653
1.173798
0.727924
1.367052
0.585103
1.367052
1.029308
2.076496
1.848027
2.199218
1.991462
2.211171
2.007156
0.896917
1.807515
1.158620
1.120167
1.062223
1.161178
1.497196
1.128907
1.031041
0.953821
0.968336
0.937737
0.980684
1.502081
1.322773
1.334451
1.573899
1.233636
0.994058
1.070737
1.018441
1.078409
0.940292
1.012072
1.097732
1.130149
0.905611
1.018007
1.065489
1.048351
1.137379
0.957030
1.048351
1.061411
1.249541
1.092985
0.648349
0.341438
1.747644
1.137620
1.483809
0.517527
1.482420
2.076496
1.661039
1.354704
2.185930
1.827933
2.084516
1.902200
1.601856
1.466526
1.745237
1.357565
1.676690
1.197505
1.407382
0.551320
0.969818
1.016961
0.964318
0.961458
1.103401
1.138796
1.006400
1.044000
1.055156
1.032161
1.358745
1.291993
0.975357
1.082056
1.184491
1.093183
1.377838
1.330860
1.054622
1.054405
1.058956
1.065489
1.006531
1.080318
0.936210
1.389714
1.861263
1.940937
2.185930
2.185930
2.176277
2.099700
1.945250
1.997203
1.497132
1.318800
1.287607
1.687196
1.657372
1.804277
1.407382
1.440239
0.997556
1.016961
1.053060
1.022584
0.972582
1.008951
1.392219
1.388877
0.984179
1.093183
1.194625
1.162132
1.071888
1.054622
1.113953
0.940292
1.166131
1.166131
1.144701
1.054405
1.103891
0.957795
1.114452
1.147305
1.055141
1.088276
0.943552
1.071682
1.083557
1.082919
1.067058
1.058318
1.152876
0.968193
1.208374
1.208374
1.275977
1.547633
1.234140
1.580641
1.482420
1.291150
1.811501
1.747644
1.556611
0.569976
1.811501
1.695532
2.030972
2.009246
1.652389
1.897527
1.466526
1.736522
1.351130
1.350935
1.437186
1.158620
1.471904
1.176707
0.921118
1.065713
0.862635
0.975323
0.962128
0.971321
0.984179
1.327221
1.327221
1.035795
1.026948
1.217908
0.999294
1.207698
1.147997
1.289665
1.223236
1.121485
0.911709
1.097732
1.147305
1.002572
1.325347
1.220772
1.208810
1.009053
1.070892
1.145295
1.024116
1.071682
1.020480
1.110912
1.063744
1.732003
1.911749
2.165170
2.068785
2.236559
1.842460
1.828334
1.736522
1.324399
1.382988
1.721597
1.094393
1.094393
1.037408
1.094393
1.712761
1.667059
0.884555
0.998264
0.894890
1.006951
1.000687
0.993548
1.001227
0.966010
1.223059
1.192680
0.963122
1.140933
1.242920
1.213725
0.984233
1.075650
1.048962
1.057940
0.943552
0.952861
1.130149
0.966417
1.003937
1.038842
1.243996
1.651105
1.291150
1.296678
2.153597
2.181229
2.060136
0.617382
1.899425
0.520406
1.822370
1.052511
1.880253
1.423832
1.678337
1.376620
1.013952
1.039488
0.927363
0.959197
0.988534
1.135568
1.082671
1.065382
0.996420
1.246999
1.051353
1.058320
0.982969
0.953486
1.078406
1.057940
0.880229
1.119200
1.017919
0.991829
1.093955
1.012107
0.966648
1.020480
0.996345
1.001804
1.208374
1.148224
0.986585
0.851542
1.234140
1.589678
0.689852
0.736265
1.496973
2.153597
2.262915
0.557033
1.930950
1.801790
1.827965
2.045509
1.512372
0.433453
1.542735
1.698311
1.828334
1.811755
1.327563
1.493798
1.111637
0.991214
1.005599
0.913699
1.094448
1.239227
1.044446
1.031160
1.268320
1.230690
1.061430
1.152026
1.061430
1.108814
1.108814
1.200591
1.075650
1.108814
0.991572
0.996857
1.057039
0.984717
1.237365
1.082919
1.017524
0.966648
1.013973
0.930865
1.411969
1.389714
1.729784
0.689852
1.861263
0.727077
2.000448
2.126069
1.698311
2.054609
0.512550
1.582260
0.433453
0.478583
1.343432
1.582260
1.324399
1.285412
1.037408
1.079168
1.375855
0.887366
0.903974
0.991214
0.991214
0.990161
1.003674
1.097059
1.082671
1.278277
1.055526
1.031160
1.109057
1.076055
1.075102
1.178138
1.148560
1.136664
1.022684
1.065529
1.118840
1.048962
0.853825
0.853825
1.035190
1.044136
1.244707
1.002133
1.007006
1.007006
1.389714
1.217145
1.899481
2.006880
2.079994
1.709330
1.727965
1.776786
1.770757
0.616661
0.629246
1.151793
1.151793
1.407190
1.660571
1.326790
1.524713
1.688700
1.402197
1.317752
0.997723
0.990055
1.074950
1.174933
1.074525
1.134041
1.097059
1.299085
1.097711
0.999678
0.933444
0.979563
0.999678
0.981337
0.851800
0.855646
1.258317
0.920759
1.065553
0.989061
1.725748
1.790533
1.974825
0.689852
2.262915
0.783113
0.775051
0.893279
0.727077
1.781881
1.948005
1.709330
1.843168
1.396694
1.842460
0.495869
0.671138
0.489880
1.036482
1.111517
1.333513
1.652013
1.333513
1.285412
1.064581
1.155393
1.155393
1.013610
0.988534
1.000110
1.109055
1.105712
1.065529
0.979563
1.065529
1.056983
1.072071
0.920759
0.985007
1.118983
1.085034
0.999673
1.131788
1.081114
1.085034
1.088406
1.081114
1.217145
0.955858
1.022146
1.087181
1.198170
1.009081
0.989385
1.616886
1.529436
1.895494
1.984405
1.984405
1.587785
2.118878
1.881918
2.081954
0.770981
2.100258
2.039903
0.610311
2.000448
1.795524
1.872435
0.985265
0.752692
0.901361
1.891124
2.005803
1.652717
1.545249
1.773550
0.662993
0.787456
1.454122
0.682999
1.138398
1.159670
0.695140
0.589650
0.682999
1.763669
1.106532
0.966922
1.083882
1.031865
1.155393
0.852458
1.118585
1.119974
1.280077
1.076055
1.085514
0.988384
0.841574
0.940948
1.134455
1.119200
1.023235
1.144132
1.411969
1.304205
0.938612
0.950337
0.922142
1.472770
0.963364
0.987365
0.987477
0.989385
1.720973
1.872773
1.914682
1.804619
0.971478
0.967397
1.626249
1.423656
1.770757
1.545249
0.773654
1.046347
0.714834
1.660571
1.574441
1.111517
1.036482
1.036482
1.688700
1.466331
1.604321
1.246327
0.902451
0.962682
1.209379
1.209379
1.031842
1.138728
1.119974
1.134041
0.873464
0.988384
1.056983
0.992332
1.089763
1.174645
1.023235
1.142219
0.878955
1.064073
1.472770
0.987365
1.137062
1.564009
1.813785
0.800408
1.813785
1.872773
1.798972
0.775051
1.918825
0.994031
1.054473
1.924362
2.011368
2.011368
1.999047
1.626249
1.634175
0.773654
1.091792
0.495269
1.111709
1.274158
1.346344
1.574129
1.019613
1.020364
1.036798
0.972727
0.346373
0.825545
1.155393
0.940446
1.132182
1.156719
1.074950
1.270937
1.036732
1.054335
1.084317
1.009364
0.995840
0.973662
1.110211
0.835920
0.922142
1.358732
1.110493
1.064128
1.370813
1.394435
1.370813
1.060143
0.818527
1.870465
1.098519
1.022146
1.119043
1.091666
1.168474
1.373858
1.574267
0.800408
1.914682
1.847235
0.768337
1.929875
1.999047
1.263641
0.848394
1.724344
1.423656
1.553796
1.443324
0.845624
0.928834
0.928834
0.926493
0.882217
0.967397
0.512550
0.810883
0.838081
0.773654
0.797815
0.863755
1.346344
1.607263
1.687391
0.958551
0.460101
0.369831
0.965660
1.023758
1.143436
1.190556
1.110645
0.990523
1.022079
1.158610
1.120503
0.973662
1.110493
0.928182
0.951877
1.259875
0.928182
0.984741
1.509963
0.922139
1.069904
1.056291
1.515669
1.409836
1.023913
1.539675
1.555313
1.509963
1.699013
1.699013
1.362356
1.245931
1.286235
1.083953
0.962022
0.983346
1.837351
2.075228
1.889976
1.899953
1.109139
1.724344
1.702152
1.828708
1.028330
0.945605
1.013141
0.652573
1.819003
0.971478
0.931567
0.845080
1.276255
0.796520
0.846655
1.450620
1.599278
1.459307
0.779678
0.778818
1.022898
1.101305
1.607263
1.024910
1.045778
0.923619
1.078616
0.464906
0.979607
0.929048
1.179337
1.056517
1.192300
1.069904
0.922139
1.168474
1.847235
1.650575
1.142704
1.094422
1.054407
1.766104
1.892121
1.302098
1.377779
1.209370
1.884609
1.702152
1.018439
1.215328
1.819003
1.871151
1.871151
1.423656
1.484261
1.242318
1.377013
1.197090
1.015344
0.846489
1.021801
0.958633
1.585874
1.404333
0.969809
1.210367
1.614823
1.469587
0.989135
1.042817
1.090027
1.267392
0.816428
1.187218
1.178041
1.247369
1.037531
1.078624
1.130575
1.071275
1.114096
1.189837
1.550902
1.550902
1.503334
1.740401
1.922664
1.892121
1.316143
1.892121
1.106075
1.160796
1.254800
1.254800
1.579077
1.730847
1.730847
1.553796
0.834750
1.007298
1.049297
0.838081
1.049297
0.899272
0.921980
1.140047
0.958633
0.958633
1.210367
1.185512
1.210367
1.120790
1.121309
1.160287
1.075864
1.160287
1.236961
1.208254
1.446387
1.201749
1.312279
1.233527
1.432084
1.278156
1.132774
1.316143
1.626117
1.579077
1.553780
0.881679
1.258223
1.894635
1.470613
1.197090
0.899272
1.021801
1.585874
1.566537
1.185512
1.427545
1.189361
0.914042
0.828344
1.212693
1.179804
1.129240
1.101083
1.298964
1.315539
1.350679
1.702152
1.072387
1.160205
1.434374
1.042049
1.157871
1.299703
0.868018
1.040187
0.981975
0.939836
0.863755
1.226549
1.106651
0.970856
1.813360
1.793910
1.298964
1.747405
1.434374
1.434374
1.434374
1.544922
1.884609
1.004883
1.013141
1.157355
1.484168
1.501065
1.304342
1.573241
1.140047
1.015344
1.102213
0.980345
1.564124
1.585840
1.380768
0.969809
1.022898
1.215154
1.190456
1.196209
1.043884
1.258160
1.299555
1.613550
1.458317
1.500103
1.544234
1.353213
1.316294
1.399314
0.966026
1.043451
1.430438
1.290416
1.520919
1.116946
1.113520
1.066036
1.469587
1.087475
1.154057
1.210083
1.215154
1.215154
0.856192
1.160287
1.292332
1.172159
1.537923
1.775139
1.615552
1.328424
1.391186
1.106972
1.328424
1.163556
1.599585
1.592832
1.223653
0.966026
1.077993
1.407923
0.966026
1.017699
1.055314
1.527368
1.119749
1.102213
1.558100
1.300462
1.300462
1.069480
1.311117
1.045520
1.194335
1.221790
1.286286
1.261144
1.284819
1.261144
1.120865
1.230861
1.088565
1.514323
1.773554
1.366646
1.286609
1.658059
1.438338
1.541724
1.580974
1.055314
1.055314
1.043451
1.304342
1.533449
1.572788
1.491775
1.469587
1.275321
1.061563
1.163304
0.977067
1.002899
1.292416
1.292416
1.217925
1.496730
1.496730
1.423048
1.544922
1.277766
1.223466
1.145025
1.411369
1.334221
1.584025
1.439622
1.439622
1.465851
1.256197
1.549023
1.465646
1.109123
1.109123
1.183345
1.154057
1.144953
1.124830
1.236961
1.105085
1.022260
1.153548
1.232379
1.260791
1.195137
1.191558
1.496730
1.368411
1.277766
1.301243
1.163330
1.314500
1.184421
1.361016
1.421656
1.421656
1.120174
1.413198
1.046416
1.499621
1.541724
1.017699
1.084842
1.128482
1.055651
1.184549
1.144953
1.122731
1.187983
1.073333
1.101369
1.176740
1.673805
1.311987
1.056766
1.398951
1.184421
1.588109
1.461586
1.584025
1.158712
1.158712
1.239130
1.580309
1.438338
1.084150
1.043104
1.393109
1.130964
1.400669
1.172863
1.031638
1.061563
1.210083
1.235766
1.163705
1.144953
0.995045
1.259551
1.140083
1.254444
1.218379
1.216575
1.543851
1.621139
1.455396
1.627122
1.439191
1.601038
1.116946
1.086071
1.086071
1.184549
1.204126
1.119041
1.205739
1.271194
1.229734
1.220231
1.232379
0.917199
0.945462
1.172159
1.437904
1.010343
1.140083
1.074625
1.310846
1.192215
1.324883
1.271194
1.246123
1.164087
1.203925
1.294138
1.556231
1.455396
1.556755
1.038991
1.086703
1.046416
1.335922
0.986763
1.601038
1.047838
1.035881
1.204126
0.975266
1.147451
1.031638
1.080558
1.207631
1.240552
1.329873
1.293165
1.227685
1.207691
1.106235
1.409942
1.361932
1.153047
1.556755
1.119067
1.454152
1.504562
1.565539
0.986763
1.400669
1.114642
1.109157
1.204126
1.328408
1.207631
1.073362
1.355863
1.293165
1.293165
1.143863
1.103851
1.233102
0.942669
1.076238
1.314831
1.585658
1.263930
1.089341
1.449221
1.060078
1.504562
1.065629
1.019800
1.040211
1.170381
1.281349
1.057475
1.219341
1.311007
1.293165
1.327424
0.930503
1.205925
1.192215
1.278224
1.394466
1.271194
1.277281
1.239847
1.317314
1.348574
1.345298
1.357607
1.089341
1.449221
1.429807
1.119067
1.492122
1.027552
1.580309
1.027552
1.530905
1.000140
1.075876
1.093433
1.069532
1.041129
1.040018
1.014446
1.074385
1.124847
1.124847
0.977768
0.939202
1.204916
1.074625
1.033149
1.144462
0.987311
1.004274
1.189866
1.398823
1.398823
1.398823
0.997464
1.433257
1.462511
1.492122
1.456733
1.281349
1.281349
1.294739
1.014446
1.294739
1.154233
1.171642
1.171642
1.074773
1.229518
1.266715
1.288257
1.291527
1.229518
1.329873
1.265452
1.074215
1.279112
1.279112
1.258087
1.370013
0.960047
0.979437
1.551188
1.117609
1.207240
1.207240
1.030859
0.977097
1.077083
1.263681
1.291527
1.324258
1.171642
0.952446
1.066667
1.264812
1.103462
0.996490
0.938574
1.225612
1.098705
1.395359
1.093595
1.338464
1.345298
1.239333
1.482635
1.101233
1.100570
1.054121
1.058265
1.168509
0.944912
1.151482
1.177538
1.164700
0.906569
0.955715
1.109070
1.239908
0.934759
1.304875
0.981219
0.960047
1.504562
1.504562
1.017664
1.094182
1.038104
1.058265
1.049960
1.106814
1.120803
1.054082
1.343953
1.329873
0.898240
1.226410
1.276415
1.206752
1.206752
1.217497
1.304875
1.462511
1.495652
1.475065
1.565539
1.183088
1.110944
1.273309
1.173974
1.101041
1.237535
1.185293
1.324258
1.248777
0.864332
0.991959
0.991959
1.110164
1.329360
1.243733
1.309011
1.009767
1.517159
1.082148
0.968421
1.209531
0.920367
1.164017
1.058265
1.051953
0.922119
1.237535
0.981404
1.042322
1.280587
0.983349
1.419366
1.090800
1.116731
1.014589
1.131691
1.162941
1.177225
1.187720
1.273901
1.270057
1.187720
1.201931
1.201931
1.201931
1.206864
1.343953
1.167165
0.967179
1.266715
1.005448
0.828013
0.903401
0.908779
1.162467
1.492122
1.143132
0.972482
1.072716
1.221916
1.110888
1.309011
1.017664
1.426503
1.083895
1.154545
1.221477
1.110486
0.964150
1.321054
1.221916
1.084659
0.919946
0.848499
1.016477
0.911161
1.088172
0.983349
0.956969
0.833625
1.097495
0.976826
0.761529
1.093453
0.975371
0.979167
1.018821
1.247213
1.097868
1.247213
1.247213
1.218511
1.231172
1.231172
1.160352
1.095248
1.376070
1.187478
1.371524
1.083895
1.083895
1.183088
1.421092
1.215737
1.087452
1.185472
1.049654
1.141432
0.937157
1.005541
1.292788
1.203193
1.081270
1.034928
1.090342
1.091008
1.135299
0.990400
1.072716
1.014089
1.106962
0.990400
1.075807
0.985864
1.055909
1.141452
1.071473
0.946091
1.221916
1.043173
1.022138
0.956969
0.976826
1.061656
0.854380
1.191179
1.088516
0.903086
0.936891
1.031365
1.123536
1.057671
1.025889
1.089144
1.206864
0.998311
1.025889
1.019190
1.056591
1.163106
1.097868
1.114462
1.092977
1.092977
1.022608
0.890450
1.000582
1.052223
1.298640
1.022139
1.218511
1.010848
1.193784
1.061595
1.095248
0.992442
1.045126
1.187148
1.187478
1.207284
1.223556
1.149037
0.951047
1.036408
1.011536
1.014057
1.061595
1.131363
1.026930
1.185472
0.976997
1.221359
1.011536
1.011536
1.011536
1.005541
1.065627
1.057671
1.071469
1.090574
1.020821
1.110944
1.034928
1.055076
1.135299
0.965455
0.878147
1.055909
1.248634
1.204534
1.215827
1.066559
1.188169
1.195151
1.022173
1.165776
1.065234
1.209850
1.088440
1.100046
1.055544
0.956128
0.946763
0.883257
0.956969
1.089060
0.906844
0.981829
0.906844
1.061656
0.925681
1.005446
0.985610
0.991118
0.934577
1.017308
0.787057
0.787057
0.950665
1.047561
1.101362
1.006507
1.047825
0.906998
0.989599
0.996555
1.075286
1.092977
1.022139
1.009253
1.051484
1.099033
1.040502
1.068561
0.962581
1.014749
1.077524
1.014057
0.921760
1.035156
1.046262
1.093874
1.022173
0.998956
1.073954
1.125741
0.896633
0.998998
1.013867
1.059078
0.998998
1.087211
1.011059
0.999573
1.020959
0.998809
1.014571
1.101143
1.020300
1.001928
0.962581
1.051484
1.057276
1.095293
1.009563
0.974529
1.077250
1.043383
0.954746
0.988476
0.998956
1.020455
1.022173
0.998956
0.988476
1.059078
0.988729
1.028512
0.988646
1.014665
1.077512
1.102820
1.009563
1.019262
1.036943
1.036738
1.026897
1.041397
2.522004
1.175000
1.247406
2.500251
2.522004
2.222072
2.168039
2.031582
2.287305
2.184478
2.184478
2.168039
1.801481
1.859477
2.023365
2.184478
1.068740
1.451029
1.084500
1.265095
0.572309
2.019554
1.566330
2.522004
2.522004
1.889351
2.500251
0.796064
1.017449
1.063569
1.013439
1.104213
0.902207
2.064085
2.404609
1.330356
0.985052
0.937239
1.634028
1.085520
1.228730
1.068936
0.551864
0.361031
1.081045
0.630813
0.567291
0.695455
0.275042
0.298130
0.645361
0.655032
0.361806
0.824666
0.958117
0.881729
0.478942
0.576808
1.002235
0.880012
0.711355
