4546 1 1
0.853328
0.906379
0.990497
1.034093
1.051673
1.032787
0.918057
0.964308
0.953313
1.047102
1.112448
1.117161
1.049784
1.211151
1.118978
1.091250
1.120591
1.181713
1.168119
0.825289
1.146260
1.124566
1.108600
0.958252
1.179609
0.930866
1.007898
1.037886
0.968886
0.976868
0.955814
1.229927
0.876003
0.977215
1.174789
1.075384
0.958500
1.314519
0.828283
0.822230
1.099002
1.290801
1.075426
1.200630
0.897733
1.148695
1.202612
1.120340
0.942450
1.177930
1.033800
1.094753
1.163252
0.977605
1.057191
0.931070
1.002499
1.158328
1.063906
1.068965
1.052996
0.881076
1.289580
1.193940
0.921294
1.201459
1.282278
1.134082
1.158607
1.114862
1.185748
1.120888
1.051510
0.974949
1.059271
1.111783
0.961562
1.134056
0.941602
0.828946
0.983242
0.826364
1.347817
1.279084
1.325392
1.281124
1.308469
1.286481
1.247669
1.034090
1.034150
1.148074
1.109788
0.964000
1.226102
1.267489
0.979264
0.963428
0.929127
1.170225
0.960953
0.969065
1.038176
1.019603
0.848900
0.923494
1.131195
1.263414
1.212740
1.276018
1.222590
1.327711
1.333902
1.360541
1.380949
1.226498
1.088449
1.218674
1.329044
1.335618
1.307846
1.259129
1.354779
1.267853
1.392095
1.302944
1.379820
1.262065
1.293649
0.898594
1.381248
1.079127
1.060297
1.142273
1.016979
1.038752
0.997447
1.076630
0.948971
1.092342
1.303696
1.218822
1.208240
1.329895
1.221331
1.325763
0.934193
0.809544
1.023767
1.049552
1.230195
1.236415
0.818203
0.811894
1.049170
1.208268
1.339998
0.826825
0.804617
1.346950
0.870943
0.831969
1.249357
1.245178
1.211293
1.325707
1.070631
1.027704
0.913458
1.243536
1.272956
1.069347
1.103307
1.282451
1.136100
0.982600
0.993180
1.158588
1.095079
1.055085
1.156392
1.118809
0.971634
1.242927
1.144030
1.217313
0.849002
1.205048
1.220720
1.124430
0.904051
1.310854
1.338773
1.326274
1.347214
1.354678
0.919038
1.311951
1.341793
1.404605
1.392931
1.311583
1.312474
1.357470
1.350144
1.295926
1.227547
1.314557
1.311708
1.410978
1.252816
1.300090
1.374016
0.940087
1.314704
1.306977
1.278163
1.229435
1.080472
1.152030
1.148461
1.113814
1.330709
1.038929
1.109855
1.010799
0.951402
1.032190
1.185382
1.108677
1.221431
1.088802
1.194367
1.186073
1.201683
0.894368
1.195412
1.287780
0.967028
1.283267
0.961930
1.182507
1.294670
1.391832
0.939864
0.958644
1.209775
0.993859
1.446395
1.408440
1.279049
1.261721
1.374082
1.056005
1.358405
1.298163
1.089587
1.084129
1.344849
1.338586
1.351214
1.329054
1.064354
0.974730
1.234377
1.416169
1.120510
1.007795
1.170629
1.207728
1.163872
1.121174
1.186363
1.024130
1.110267
1.216110
1.175183
1.217634
1.237475
0.958724
1.257957
0.915667
1.229396
1.262332
1.288403
1.390838
1.410318
1.368036
1.181170
1.276697
1.212543
1.445566
1.290595
1.332299
1.254684
1.178625
1.339950
0.794499
1.297527
1.067856
1.095682
1.082472
0.834527
1.111794
1.416170
1.402869
1.069469
1.459817
1.120708
1.246042
1.360873
0.964080
1.209817
1.306652
1.041868
1.226301
1.139541
1.319941
1.074638
1.144839
1.107953
1.073439
1.121078
1.205986
1.032742
0.965641
1.271348
0.906693
0.906572
0.898709
1.257364
1.266120
1.232510
1.379909
1.254206
1.350810
0.907820
1.188508
1.432775
1.425872
0.848518
0.826471
1.411616
1.456930
1.430278
1.407436
1.450184
0.934234
1.116834
1.118823
1.366194
0.939168
0.927377
1.454619
1.395307
0.940605
1.031596
1.044723
1.136238
1.089415
1.364771
1.153425
1.170169
1.108390
1.074018
1.015676
1.099167
1.218515
0.938566
1.232154
1.023129
1.195982
1.323098
1.268480
1.306792
1.352510
0.918849
1.353247
1.410907
1.424162
1.214793
1.207116
1.300767
1.306118
0.862118
1.267879
1.267074
1.192925
0.779376
0.903015
1.352763
1.088561
1.441501
1.376634
1.525353
1.430984
1.518969
1.341127
1.400182
1.387022
1.456604
1.332220
1.439615
1.497195
1.411171
1.422499
1.283962
1.355492
1.315750
1.338884
1.520487
1.272446
1.241468
1.131621
1.141852
1.318417
1.420614
1.210871
1.172152
1.244664
1.087023
1.008192
1.003256
0.980877
1.182676
1.072258
1.094950
1.154253
1.191856
1.178195
1.241300
0.986006
1.027342
1.277115
1.271348
1.240497
1.307220
1.249336
0.981840
1.372105
1.224080
0.785760
1.340605
1.356974
1.263465
0.811453
1.336723
1.455701
1.116116
0.852100
1.140349
1.500551
1.117013
1.540982
1.021650
0.985988
1.436332
1.478216
1.464175
1.408221
1.338181
1.340201
1.239141
1.362914
1.237499
1.361719
1.590410
1.528747
1.498613
1.226532
1.275729
1.219621
1.277642
1.292171
1.060377
1.021639
1.282937
1.558204
1.449811
1.402458
1.138435
1.238259
1.268536
1.309116
1.371287
1.450422
1.083196
1.242124
1.039125
1.047614
0.989116
1.088069
1.143016
1.063762
1.213823
1.255430
1.175870
1.121205
0.920154
1.004975
0.916075
0.895262
1.238621
0.951727
1.374317
1.456302
1.352152
1.315011
1.156023
1.186212
1.023175
1.456930
0.781196
1.120131
1.444814
0.888912
1.309417
1.110468
1.314420
1.487772
1.408487
0.990497
0.998447
1.447805
1.264410
1.596841
1.573416
1.223765
1.441921
1.506799
1.490130
1.104489
1.162409
1.187728
1.477035
1.041563
1.175478
1.522452
1.145013
1.388897
1.167823
1.361498
1.508512
1.258086
1.314583
1.328442
1.091843
1.121947
0.958634
1.047130
0.986697
1.048774
1.152862
0.986751
1.226368
1.248025
0.996957
1.004684
1.390956
1.451352
1.313959
1.350433
1.312134
0.892368
1.377160
1.338796
1.248143
1.385337
1.355257
1.412116
1.407553
1.371938
1.353955
1.222693
1.270140
1.240612
0.885184
1.313805
1.327447
1.112046
1.454863
1.489930
1.560283
1.421606
1.526834
1.444443
1.572106
1.513786
1.388603
1.295281
1.296621
1.597223
1.546975
1.436474
1.473893
1.338494
1.525213
1.284854
1.264883
1.645233
1.085507
1.641839
1.262176
1.440659
1.270682
1.460548
1.249562
1.573416
1.522452
1.217229
1.214762
1.224570
1.515431
1.557169
1.519059
1.493007
1.506694
1.067849
1.061770
1.092635
1.320671
1.081470
1.354296
1.400877
1.288849
0.971359
1.156616
0.915027
0.928780
1.293668
1.264019
1.261745
1.245846
1.242763
1.275588
1.300514
1.234831
1.014932
1.364843
0.875225
0.845968
1.339500
1.401721
1.386796
0.901113
0.918406
0.927157
1.331543
1.339185
1.219555
1.376512
1.393883
1.277580
1.556374
1.562397
0.937029
1.521886
1.493716
1.362531
1.205524
1.618436
1.575150
1.618353
1.602683
1.603533
1.636278
1.636915
1.630477
1.103814
1.563515
1.285831
1.659171
1.554612
1.572064
1.397318
1.161619
1.288952
1.472725
1.622525
1.172976
1.236063
1.410635
1.214902
1.410244
1.152779
1.234628
0.937861
1.052947
0.989703
1.083056
1.285806
0.925470
0.990857
0.991071
1.358770
1.018564
1.249906
1.248235
0.980408
0.975981
1.199982
1.336619
1.430402
1.234031
0.896789
1.425246
0.817377
1.426804
1.251938
1.063079
1.107981
0.835468
1.400112
1.551410
1.484571
1.344378
1.603337
1.571705
1.607582
1.506261
1.422594
1.434066
1.297465
1.591868
1.282738
1.283758
1.379849
1.396163
1.638973
1.574761
1.622912
1.554875
1.276463
1.274774
1.645233
1.186123
1.662312
1.200559
1.668727
1.057250
1.312681
1.245473
1.551102
1.572290
1.596481
1.117180
1.214277
1.114774
1.605362
1.227373
1.640595
1.466228
1.179824
1.144206
1.172666
1.340233
1.048847
0.999145
0.898851
0.907801
1.172553
1.179513
1.100706
0.995595
0.946420
1.242710
1.268301
1.265040
1.361324
1.409286
0.984266
1.507345
1.357126
1.397850
0.975036
1.250943
1.243918
1.294718
1.474720
0.902543
1.233905
1.508335
1.235712
1.244823
0.931611
1.302475
0.797895
1.336913
1.603337
1.603337
0.916209
1.575239
0.888942
1.431283
1.041778
1.423934
1.440991
1.419955
1.350314
1.221059
1.164874
1.586709
1.280226
1.285374
1.242517
1.200852
1.124739
1.153554
1.200792
1.661701
1.676610
1.605136
1.203377
1.734934
1.177481
1.178722
1.137017
1.579573
1.454148
1.505168
1.215464
1.070618
1.482885
1.264395
1.223914
1.034865
1.031248
1.103254
0.973222
1.092384
1.242067
1.279907
1.438135
1.289159
0.903168
1.002009
1.015337
1.325229
1.493665
1.558244
1.516901
1.471084
1.281056
0.865598
0.826411
1.047825
0.766962
1.084180
1.065867
1.503820
0.837913
0.846043
1.486657
1.538158
1.125097
1.117132
1.148318
1.528887
1.481056
0.990027
1.276387
1.661340
1.281658
1.312722
1.379559
1.292266
1.274249
1.697022
1.076574
1.224535
1.132468
1.312558
1.239265
1.252367
1.197966
1.290288
1.245596
1.188720
1.741832
1.648519
1.457277
1.640440
1.176522
1.496227
1.398738
1.149274
1.352441
0.968714
0.918476
1.081071
0.942411
0.948428
1.181825
1.170013
1.194686
1.256562
0.917592
0.925042
1.230276
1.369347
0.906181
1.388542
0.959035
1.378819
1.282018
0.892247
1.440723
1.329657
1.356541
1.247472
0.947552
0.931877
1.528931
1.541464
1.250273
1.317559
1.361743
1.537778
1.508335
1.375865
1.431691
1.433630
1.458907
1.322815
1.066928
1.449570
1.357890
1.315813
1.346186
1.523715
1.403655
1.569812
1.370943
1.580816
1.390887
1.316331
1.488006
1.478254
1.181074
1.149676
1.462702
1.259231
1.227229
1.230520
1.204863
1.178090
1.686698
1.697022
1.697022
1.270958
1.686698
1.311484
1.322680
1.231106
1.238592
1.754287
1.605721
1.348171
1.781477
1.693861
1.179447
1.090861
1.060810
1.274220
1.286535
1.155697
1.214808
1.173548
1.111774
0.915515
1.006668
1.019099
1.007823
1.006310
1.011575
0.976014
0.957902
0.932112
0.908748
1.336263
1.449616
1.019777
0.904794
1.502351
0.935633
1.362734
1.510259
1.545393
1.534487
0.910214
1.298465
0.779529
0.797030
1.309382
0.710686
1.341307
0.686945
0.789797
1.479433
0.801951
0.698377
1.390314
1.552870
1.552971
1.477829
1.252640
1.552870
1.424872
1.429496
1.210903
1.274572
1.279693
1.339890
1.181511
1.117799
1.143967
1.627031
1.151680
1.464106
1.573145
1.082627
1.500271
1.484468
1.039229
1.351532
1.072592
1.290540
1.401570
1.268573
1.054907
1.144802
1.253594
1.262232
1.025079
1.007578
1.242091
1.365420
0.988255
1.413205
1.054804
1.475865
1.397229
1.382572
1.369133
1.063051
1.345447
1.363235
1.355886
1.349077
1.499997
1.467755
1.483263
1.391356
1.233616
0.957972
0.909817
1.331934
0.938175
1.000428
1.308442
1.043264
1.113108
0.703317
0.733313
0.912333
1.101438
1.361539
1.404076
1.403711
1.571138
1.537787
1.397353
1.397353
1.352973
1.311076
0.783559
1.488279
0.976503
1.329366
1.297239
1.329366
1.339248
1.366349
1.385592
1.385592
1.211321
1.215609
1.807630
1.961763
1.805048
1.155602
1.564096
1.516788
1.604081
1.673878
1.482608
1.605072
1.469061
1.381086
1.064330
1.315162
1.483260
1.266821
1.212133
1.094715
1.067759
1.122087
1.137925
0.962037
0.957993
1.101709
1.092514
1.203482
0.946459
1.305307
1.237481
0.976826
1.284800
1.007794
1.285036
1.303317
1.517163
1.311103
1.407786
1.354477
1.371261
1.347287
1.250534
1.317184
1.302997
1.352598
1.264133
1.182319
0.983329
1.385978
1.338807
1.361743
1.404204
0.873411
1.243121
1.076875
1.138487
0.682407
0.654203
1.466334
1.482098
1.325890
1.084538
0.906796
1.011729
0.935867
1.344536
0.931982
1.451135
1.099285
1.297057
1.273627
1.261398
1.187662
1.239915
1.333080
1.333082
1.385015
1.298887
1.305271
1.255717
1.245315
1.892063
1.792150
1.841940
1.651350
1.162310
1.762397
1.420502
1.451633
1.069954
1.593881
1.404342
1.502909
1.633298
1.344124
1.018147
1.037279
1.092254
1.046160
1.138124
1.048047
0.892117
0.952194
1.317037
1.406455
1.476849
1.324614
1.371705
1.321531
0.920585
1.544478
1.352150
1.325962
1.247712
1.057029
1.511692
1.356469
1.302997
1.384068
0.958983
0.980831
1.066378
1.134025
1.066378
1.249494
1.245468
0.781344
0.975353
0.981455
1.484609
1.493318
1.398805
1.410496
1.419594
0.965172
1.537701
1.415340
1.382737
1.407715
1.137350
1.609930
1.534426
1.499110
1.447967
0.995474
0.994737
1.341150
1.354917
1.320991
1.188476
1.219113
1.247218
1.322988
1.312936
1.236543
1.992178
1.212029
1.229882
1.218951
1.395849
1.241993
1.927867
1.829459
1.697038
1.592937
1.639372
1.470872
1.692346
1.527225
1.438710
1.031183
1.665669
1.360195
1.380948
1.186130
1.124397
1.020258
1.010523
0.919775
1.018595
0.915983
0.944535
0.970900
0.979501
1.301835
1.319822
1.295952
1.029224
1.334361
1.284255
1.246721
1.561877
1.261962
1.531359
1.236332
1.435058
1.229816
0.992567
0.999371
1.400118
1.386413
1.405697
1.224862
0.942084
1.337066
0.969456
1.134025
0.928198
0.996966
0.813024
0.789650
1.287632
1.318682
0.813988
1.024840
1.409935
0.996553
0.698969
1.409514
1.419298
1.562021
1.460328
1.285220
1.060295
1.050762
1.233544
1.274427
1.094319
1.339427
1.380194
1.362505
1.357074
1.388113
1.187195
1.310829
1.333204
1.346969
1.247091
1.226437
1.243574
1.927867
1.922123
1.249243
1.250712
1.154058
1.756239
1.128881
1.455306
1.095785
1.489403
1.545118
1.427926
1.551764
1.339844
1.475412
1.344590
1.243634
1.203029
0.977199
1.149729
0.891017
0.881000
0.915228
1.064835
0.966237
0.906067
1.169349
1.216695
0.904886
1.262385
1.257905
1.329928
1.178250
1.269818
1.040594
1.294129
1.514012
1.255189
1.273090
1.505217
0.943432
0.890231
1.430276
1.313280
1.210848
1.011940
0.967610
1.248861
1.402599
0.893005
0.900886
1.451159
0.808459
0.857428
0.845314
1.446189
0.843038
1.386987
1.513448
1.591743
1.439173
1.547690
1.603886
1.283095
0.752440
1.028550
0.896794
0.975538
1.144146
1.233001
1.302979
1.197814
1.313941
1.253520
1.334031
1.270162
1.398741
1.458125
1.369308
1.391925
1.287561
1.320620
1.268537
1.233818
1.312560
0.957656
1.091003
1.525253
1.507670
1.046791
1.432117
1.310583
1.219484
1.000405
1.464095
1.287215
1.409199
1.253781
1.121688
1.210471
1.094087
1.038505
0.896065
1.035436
0.995680
1.044613
1.029261
1.171270
1.196251
1.173905
1.285586
0.941526
1.249047
1.040465
1.180006
1.222735
1.008761
1.002071
1.245447
0.972880
1.297076
1.446032
1.033139
1.227242
1.236025
1.058346
0.858519
1.215170
1.260374
1.557779
1.468558
1.503626
1.488326
1.616261
1.238556
1.030091
1.179005
1.366637
1.186070
1.464500
1.405252
1.465807
1.397118
1.327031
1.391786
1.366717
1.277122
1.320513
1.258199
1.252783
1.384773
1.380395
1.153621
1.465132
1.351367
1.109316
1.541385
1.347064
1.339437
1.054855
1.183547
1.473072
1.372396
1.006512
0.988162
1.079983
0.907620
0.849906
0.853621
0.857724
1.121541
0.951549
0.921854
0.970946
1.073531
1.043712
1.182523
1.366181
1.360175
1.061565
1.207592
0.922074
1.343807
1.296693
1.294398
1.587946
1.524767
1.482815
1.160824
1.206226
0.902067
1.063194
0.943870
1.507237
1.503726
1.483071
1.519169
1.445344
1.436644
1.513584
1.596683
1.360751
1.275534
1.291570
1.246087
1.251977
1.064131
1.096371
1.346351
1.238680
1.310045
1.462290
1.269559
1.232147
1.184008
1.492409
1.475855
1.404323
1.377099
1.348719
1.470583
1.206958
1.368042
1.263948
1.231768
1.182137
1.485283
1.112903
1.104278
0.970570
1.300940
1.384866
1.260923
1.312643
1.006679
1.045068
1.007736
0.828203
1.082317
1.114097
1.055978
1.039566
1.022131
1.275098
1.287302
1.357510
1.080279
1.129025
1.261073
1.061879
1.122859
1.347440
1.404640
1.382806
1.385967
1.403498
0.984063
0.921016
1.002556
1.372373
1.211454
1.510350
1.345749
1.346744
1.537182
1.615013
1.556464
1.551916
1.565053
1.462634
1.478269
1.596442
1.318797
1.605016
1.599731
1.397207
1.422604
1.360112
1.301949
1.362190
1.384224
1.433061
1.315660
1.238497
1.290655
1.465894
1.387341
1.289510
1.275979
1.276459
1.436332
1.404599
1.294023
1.387780
1.282229
1.290817
1.241344
1.258959
1.296009
1.167437
1.238731
1.311395
1.014178
1.000532
1.363661
0.963465
0.929256
0.985552
0.944230
0.924149
0.927759
1.018573
0.939056
1.204009
1.159777
1.168051
1.314367
1.219047
1.180954
1.316245
1.117058
0.963281
1.035072
1.402491
1.415997
1.407177
1.111551
1.117774
1.205818
1.464796
1.153474
1.498663
1.121717
1.413279
1.476410
1.444916
1.472641
1.530667
1.560556
1.469365
1.447891
1.097873
1.221031
1.342113
1.438996
1.259344
1.414322
1.192335
1.277153
1.319009
1.260801
1.234581
1.340435
1.273667
1.328764
1.185544
1.276719
1.244726
0.975209
1.200420
1.011191
1.056055
0.961682
1.271666
0.931122
0.975522
0.893498
0.968340
0.934961
0.836813
0.903325
0.845970
0.875200
1.122576
0.988551
1.070130
0.961726
1.120647
1.229701
1.036367
1.077340
1.315733
1.335503
1.053828
1.176133
1.191053
1.084995
1.085701
1.505339
1.326535
1.517686
1.551547
1.545832
1.451802
1.451802
1.481422
1.447840
1.557643
1.302663
1.377773
1.369787
1.282221
1.381733
1.311997
1.369868
1.034925
1.173163
1.311620
1.236324
1.308792
1.318495
1.191276
1.307273
1.052921
0.975104
1.184415
1.106919
1.203267
1.053095
1.210172
0.882965
1.036525
1.069416
1.192497
1.194639
1.215281
1.193020
1.112976
1.108082
1.268111
1.142287
1.221970
1.318298
1.227306
1.268138
1.368082
1.402173
1.240829
1.245600
1.252355
1.140934
1.153579
0.983293
1.195593
1.279040
1.383025
1.539528
1.541754
1.423874
1.582318
1.545832
1.593702
1.377342
1.337687
1.442384
1.386275
1.301968
1.404321
1.367244
1.014238
1.226654
1.502484
1.101314
1.242798
1.259791
1.347247
1.424034
1.491865
1.244426
1.251747
1.472131
1.399810
1.239266
1.263503
1.218236
1.312558
1.223943
1.202506
1.180626
0.908231
1.214649
1.096278
0.947352
0.979832
0.908871
1.056918
0.853652
0.858663
0.889092
0.970578
1.227747
1.151488
1.013847
1.083160
1.245828
1.043028
1.217213
1.108187
1.059798
0.974804
1.025980
1.528941
1.389531
1.450796
1.387228
1.382166
1.369030
1.454360
1.039079
1.231305
1.398180
1.260948
1.264313
1.452279
1.251671
1.230110
1.246711
1.231591
1.148709
1.278658
1.050333
1.002928
1.057099
0.929679
1.008894
0.986369
0.948358
0.894955
0.938344
0.832654
0.891616
0.883467
0.827300
1.064760
0.885507
1.182171
1.193553
1.284466
1.181249
1.170513
1.246846
1.235060
1.247503
1.301672
1.237204
1.084180
1.348027
1.461205
1.401744
1.481329
1.517068
1.567734
1.433126
1.539862
1.465376
1.565519
1.463289
1.509843
1.501711
1.554736
1.479372
1.480118
1.455841
1.366344
1.293981
1.341040
1.325700
1.377717
1.311678
1.360822
1.398890
1.349166
1.541519
1.486622
1.231494
1.192434
1.319696
1.129816
1.229643
1.294338
1.172600
1.470997
1.298019
1.321654
1.248159
1.328130
1.335446
1.112745
1.074337
1.160325
1.140909
1.191609
1.230520
0.939348
0.936012
0.893221
0.886337
1.103529
1.194080
1.132710
1.226449
1.056746
1.134097
1.251946
1.209513
1.176983
1.254896
1.253374
1.173122
1.232534
1.174808
1.222751
1.403501
1.511064
1.471254
1.582253
1.330718
1.337741
1.287696
1.374330
1.403493
1.340488
1.264595
1.458404
1.492498
1.389208
1.361472
1.555706
1.482163
0.994198
1.227468
1.175127
1.228688
0.994198
1.499488
1.251589
1.255038
1.429012
1.523661
1.344649
1.199982
1.139402
1.361234
1.467364
1.217781
1.061231
1.072360
0.955849
0.994038
0.887659
0.982437
0.951344
0.959228
0.984938
1.123029
0.987911
1.266552
1.093095
1.139542
0.991508
1.017023
1.035816
1.146898
1.301457
1.292061
1.004452
1.144617
1.202531
1.559966
1.547851
1.556236
1.552304
1.536435
1.569854
1.577701
1.460191
1.451072
1.476866
1.423622
1.279273
1.304003
1.291560
1.289523
1.321854
1.410825
1.413575
1.441558
1.556313
1.525836
1.297624
1.537158
1.537158
1.037495
1.156643
1.446541
1.515883
1.202950
1.440776
1.499488
1.449357
1.348531
1.427486
1.348415
1.430944
1.187605
1.557576
1.404369
1.207080
1.178219
1.276395
1.190627
1.144088
1.001338
1.153630
0.945759
1.014110
1.055503
0.933293
0.915410
0.835852
0.973825
0.844735
0.936362
1.264609
1.223657
1.165852
0.926202
0.985050
1.041943
1.253409
1.132039
1.174690
1.185809
1.157313
1.122329
1.171568
1.329158
1.245945
1.290199
1.553171
1.384241
1.399800
1.401572
1.436572
1.370908
1.360450
1.525811
1.661752
1.580486
1.217288
1.289518
1.515883
1.625936
1.824520
1.495192
1.618457
2.001135
1.598956
2.081252
1.451850
1.227607
1.299470
1.203750
1.103465
1.118492
0.956928
1.032677
1.033805
0.952906
0.917397
0.859679
1.058241
0.961308
0.968377
0.876121
0.925007
1.127900
1.198231
1.226806
1.183684
1.070504
1.139757
1.120427
1.093759
1.113296
1.107801
1.117928
1.176628
1.083800
1.120175
1.227497
1.225397
1.432214
1.317315
1.359837
1.566845
1.559711
1.560154
1.334690
1.379311
1.346890
1.435981
1.630325
1.653608
1.429229
1.546508
1.295171
1.201025
0.988862
1.141194
0.916675
1.280187
0.924614
0.985115
1.182713
1.172676
1.133446
1.335693
1.438493
1.039924
1.507457
1.398713
1.535602
1.057805
1.812780
1.690566
1.668945
1.151758
1.448447
1.192236
1.504987
1.508105
1.193659
1.198553
1.054981
1.230427
1.008319
1.144210
1.022169
1.061252
0.971710
0.987548
0.942194
0.969712
0.936293
0.909474
0.877135
1.017316
0.928222
0.932085
0.948608
0.902538
1.021550
0.947230
1.151205
1.080003
1.265521
1.003734
0.987459
1.036155
1.043873
1.168926
1.244727
1.201248
1.097845
1.151217
1.540790
1.545370
1.326317
1.344070
1.305651
1.453305
1.424186
1.371924
1.220669
1.261339
1.829159
1.278949
1.320772
1.303706
1.742682
1.676705
1.454913
1.617295
1.631247
1.187721
1.894028
2.001135
1.264700
1.118311
1.184788
1.287708
1.024809
1.099086
0.986063
1.080126
0.964968
1.211388
1.321231
1.272572
1.341212
1.167165
1.099037
1.327972
1.151286
1.162403
1.462215
1.417369
1.586571
1.556400
1.581643
1.553798
1.429514
1.333510
1.368069
1.302005
1.379286
1.451699
1.671119
1.764815
1.691660
1.724154
1.325800
1.195687
1.128120
1.076485
1.029572
0.937446
1.031545
0.891586
1.202288
1.193598
1.253105
1.631511
1.305511
1.011141
2.103315
1.939926
1.201626
1.701005
1.698935
1.521269
1.799193
1.129611
1.712211
1.565312
1.537851
1.498283
1.114888
1.452221
1.061033
1.302732
1.105885
1.068901
0.925935
0.967281
0.904436
0.946465
0.954090
0.885462
0.882065
1.068996
1.025787
1.271401
1.210704
1.132807
1.030420
1.263433
1.106323
1.342470
1.219043
1.454605
1.542514
1.319287
1.417568
1.420441
1.465713
1.284741
1.595415
1.660908
1.472841
1.488064
1.077297
1.060808
1.037471
0.962721
0.967371
1.133690
0.949229
0.925889
0.990745
1.018886
1.069673
0.936424
1.011762
1.138349
1.109773
1.099554
1.489901
1.298585
1.089733
1.958171
1.878224
1.762411
1.376403
1.027369
0.973565
0.931980
0.947719
0.889232
0.929043
1.093539
0.912384
1.159046
1.177332
1.050808
1.379890
1.107682
1.070745
1.508660
1.151931
1.140733
1.145788
1.318856
1.112057
1.285172
1.125537
1.079361
1.074236
1.418233
1.341493
1.540073
1.432976
1.521410
1.540073
1.488928
1.581643
1.376756
1.436697
1.596845
1.332585
1.305981
1.357817
1.288906
1.672772
1.607792
1.539646
1.571369
1.711762
1.685444
1.521495
1.571369
1.378450
1.378831
1.349514
1.084826
1.041372
1.017230
0.997785
0.973215
1.021044
1.206740
1.021649
1.197518
0.928850
1.096012
1.319311
1.285781
1.219105
1.103821
1.678217
1.747019
1.801029
1.583805
1.639151
1.621753
1.069188
1.046246
1.054721
1.029748
1.067144
0.968113
1.004616
0.987466
0.992089
1.031284
0.994643
0.852214
0.861542
1.149922
0.936098
0.988511
1.334887
1.045495
1.497241
1.453699
1.336786
1.270421
1.102130
1.112726
1.137351
1.290220
1.126928
1.164411
1.160761
1.362790
1.265456
1.275478
1.300694
1.318960
1.342015
1.408944
1.400387
1.438924
1.433363
1.482385
1.449197
1.553074
1.590988
1.470932
1.458384
1.261766
1.314687
1.318824
1.717580
1.544019
1.441227
1.519364
1.133601
1.191755
1.042677
1.303097
1.071990
1.251958
1.203287
1.260121
1.106652
1.315188
1.029572
0.905518
1.210734
1.155137
1.473483
1.082215
1.241960
1.143758
1.163334
1.177288
1.072782
1.631561
1.107429
1.406161
1.607344
1.417536
1.269899
1.117890
1.137396
1.073180
1.019848
1.019881
1.006719
1.002823
0.959715
0.988704
0.952341
0.906862
0.925204
1.068058
0.977845
1.315857
1.197741
1.102120
0.944228
1.368737
1.497241
1.375230
1.207783
1.262064
1.475231
1.113847
1.095692
1.156799
1.242383
1.271460
1.497417
1.581643
1.559566
1.327370
1.471447
1.270423
1.324285
1.421476
1.489678
1.399535
1.437742
1.577646
1.545808
1.615737
1.261061
1.019261
1.087350
1.060144
1.149599
1.190020
1.286655
1.256626
0.995831
1.163882
1.094747
1.717529
1.322497
1.124840
1.106691
1.145646
1.108854
1.672977
1.117966
1.492044
1.198319
1.136902
1.123217
1.691561
1.001088
1.106821
1.126731
1.128758
1.093290
0.980807
1.016371
0.907639
0.944785
0.940690
1.214661
1.259315
1.212423
1.378739
1.152422
1.276133
1.086712
1.588189
1.588189
1.076370
1.588189
1.579804
1.268996
1.137128
1.206194
1.140857
1.172851
1.110629
1.128761
1.365002
1.408810
1.412285
1.443850
1.491081
1.473719
1.471447
1.305968
1.364076
1.423868
1.393390
1.450331
1.312000
1.664603
1.607091
1.461065
1.585786
1.554564
1.394993
1.297082
1.089921
1.170562
1.111488
1.258048
1.073702
1.282795
1.323634
1.163947
0.994317
0.883715
0.832122
1.009491
1.071037
1.076499
1.666942
1.144169
1.141326
1.083109
1.348912
1.032262
1.025558
1.306618
1.058540
1.016178
0.910330
0.941004
0.980586
1.022461
1.118817
0.897065
0.964642
0.994805
1.231950
1.008260
1.314515
1.159430
1.465430
1.431570
1.554902
1.027104
1.099933
1.162233
1.160667
1.203903
1.271332
1.497417
1.443850
1.447771
1.306020
1.248453
1.528320
1.458915
1.459708
1.713748
1.674326
1.664841
1.608158
1.217965
1.058717
1.022345
1.261744
1.032604
1.137290
0.956696
1.057334
1.140388
1.224742
1.173657
1.016360
1.064510
1.019583
1.171428
1.097046
1.073694
1.351741
1.723073
1.643967
1.693914
1.660731
1.172185
1.726771
1.491220
1.064393
1.155717
1.053948
1.049446
1.028318
1.041524
1.066281
1.044960
1.047234
0.912348
0.920299
0.930284
0.947794
1.074681
1.318267
1.357074
1.335743
1.381524
1.056541
1.066179
1.189651
1.335394
1.383978
1.477483
1.358827
1.290429
1.468892
1.338680
1.324594
1.269181
1.674326
1.342754
1.431502
1.166378
1.065066
1.099758
1.169557
1.138118
1.104834
1.303507
1.044589
1.061597
1.128026
1.075002
1.275109
1.098137
1.169923
0.874033
0.898666
1.324296
1.155241
1.274898
1.099450
1.124768
1.146913
1.093406
1.588706
1.082846
1.554602
1.367887
1.084257
1.140952
1.045644
0.960417
0.954498
0.988589
0.987173
0.949705
1.045684
1.251872
1.347500
1.388812
1.446049
1.475501
1.396339
1.125754
1.248183
1.177165
1.086656
1.107103
1.289930
1.336226
1.444137
1.381585
1.402694
1.226605
1.414167
1.491656
1.342801
1.726591
1.539942
1.528852
1.422553
1.100241
1.238791
1.118713
1.095849
1.214297
1.295752
1.204741
1.375191
1.163515
1.228981
1.247005
1.234373
1.268575
1.207924
1.041706
1.061132
1.017258
0.959506
1.263891
1.264273
1.138808
1.112108
1.084973
1.100800
1.149832
1.550901
1.128462
1.070905
1.347046
1.079790
1.299393
1.087128
1.006091
0.977691
0.986715
1.165809
1.424809
1.351534
0.960815
1.342726
0.986457
1.144514
1.136576
1.037793
1.095080
1.158344
1.285327
1.281376
1.368586
1.380236
1.412395
1.265873
1.276941
1.447771
1.472409
1.314868
1.541862
1.446366
1.319297
1.661602
1.677420
1.606846
1.613434
1.638043
1.247519
1.120869
1.361516
1.173166
1.251807
1.123296
1.232145
1.201747
1.103087
1.079801
1.161222
0.996229
0.969570
1.062202
1.171477
1.197615
1.369230
1.455689
1.646283
1.652527
1.611261
1.130018
1.686185
1.497021
1.044428
1.108324
1.338727
1.300191
1.178293
1.041301
1.032415
0.977154
0.976962
0.969105
1.038825
0.955290
1.007745
1.151507
1.059111
1.369825
1.406492
1.384178
1.232322
1.413459
1.351253
1.394464
1.128712
1.071127
1.074595
1.065432
1.129526
1.410983
1.422113
1.429154
1.440693
1.274233
1.304547
1.364643
1.436775
1.442878
1.295046
1.317314
1.359783
1.534435
1.613434
1.545600
1.140368
1.100846
1.099046
1.446312
1.313613
1.237741
1.203923
1.095149
1.254653
1.300858
1.297982
1.286927
1.072479
1.076553
0.958200
1.101937
1.076979
1.100790
1.133860
1.207113
1.618147
1.583009
1.544326
1.662881
1.185224
1.051239
1.072665
1.402396
1.078996
1.047181
1.010205
0.960569
1.044345
1.359824
0.970390
1.448363
1.109445
1.260087
1.422997
1.385691
1.225996
1.356004
1.153779
1.059078
1.114013
1.047420
1.410869
1.399149
1.391820
1.362379
1.272104
1.654989
1.616040
1.529192
1.133190
1.346187
1.317027
1.070927
1.367320
1.262224
1.226892
1.173166
1.135749
1.192211
1.244012
1.221459
1.366802
1.346194
1.201514
1.195848
0.926093
0.876138
1.155993
1.260096
1.160559
1.143577
1.463177
1.543794
1.144759
1.267518
1.080427
1.591939
1.352084
1.107004
1.254219
1.133830
1.083863
1.042969
1.050617
1.110670
1.035001
1.098456
1.313520
1.448363
1.362835
1.280822
1.374284
1.359733
1.145044
1.085710
1.179417
1.218646
1.255022
1.275682
1.320713
1.253780
1.363242
1.347262
1.397146
1.338867
1.424149
1.471665
1.439149
1.504034
1.361421
1.307568
1.277507
1.587672
1.463262
1.072042
1.078628
1.307077
1.159472
0.881332
1.110082
1.197985
1.367652
1.569397
1.529468
1.188816
1.129802
1.470883
1.176100
1.412704
1.150932
1.093247
1.110602
1.246183
1.177027
1.058059
1.037243
1.050986
1.148142
0.987397
1.024627
1.289617
1.212959
1.411421
1.178035
1.234234
1.261325
0.957504
1.408425
1.466266
1.422363
1.192850
1.179513
0.939946
1.012573
1.239071
1.338228
1.465982
1.356861
1.273370
1.254673
1.248717
1.256869
1.584111
1.643917
1.482304
1.412949
1.461447
1.383913
1.626763
1.251707
1.247590
1.118560
1.134678
1.247482
1.276721
1.225135
1.044569
1.096789
0.930452
0.935322
1.014479
1.256971
1.096477
1.664274
1.664274
1.089884
1.617557
1.119902
1.330433
1.439842
1.275262
1.056353
1.008842
1.035603
0.989419
1.294236
1.352073
1.034285
1.078256
0.981771
1.010732
0.979836
0.945223
1.120241
1.292635
1.187603
1.026820
1.040661
1.374421
1.463925
1.429637
1.448774
1.241193
1.298320
1.303587
1.318207
1.228332
1.254707
1.270126
1.235849
1.093240
1.148295
1.079703
1.054455
1.226611
1.255096
1.095151
1.065049
1.071212
1.204081
0.873607
0.873966
1.180324
1.209151
1.284270
1.364144
1.265108
1.164859
1.534499
1.413445
1.396701
1.163859
1.367652
1.211747
1.209474
1.291807
1.244295
1.300105
1.045416
1.384396
1.399650
1.198955
1.095342
1.119840
1.028948
1.125366
1.131759
1.314224
0.953882
1.059911
1.164997
1.183873
1.291148
1.034458
1.170544
1.210489
1.285370
1.298680
1.269020
1.299725
1.281451
1.274986
1.268831
1.453580
1.408981
1.204925
1.372111
1.271394
1.214851
1.283175
1.195615
1.144209
1.306726
1.315701
1.311570
1.067348
1.210228
1.162937
0.870089
1.137882
1.146910
1.300505
1.237858
1.603165
1.151111
1.224905
1.664274
1.515296
1.524163
1.267261
1.340243
1.415410
1.535472
1.376162
1.305496
1.296240
1.271774
1.210428
1.334158
1.484573
1.542700
1.125897
1.352096
1.460369
1.211397
1.138560
1.133433
1.059502
1.042172
1.059439
1.033178
1.385213
1.296582
1.289626
1.119410
1.251033
1.339275
1.344106
1.359133
1.395523
1.393481
1.421739
1.443287
1.258933
1.446448
1.426055
1.524527
1.595231
1.352331
1.534334
1.480895
1.569975
1.031389
1.035061
1.234178
1.114190
1.277478
1.114543
1.210642
0.960726
0.757385
1.061303
0.969028
1.080536
1.185631
1.213380
1.340745
1.203196
1.349843
1.390679
1.547636
1.582227
1.567216
1.460299
1.535472
1.110084
1.365838
1.449707
1.330326
1.536451
1.436486
1.373951
1.482693
1.497094
1.342565
1.223111
1.138503
1.010187
1.077358
1.148412
1.209050
1.284429
1.128162
1.033699
1.017718
0.971466
1.069300
0.913361
1.201020
0.942463
1.015748
1.223226
1.223184
1.248925
1.315202
0.902055
1.131352
1.133273
1.171786
1.119409
1.311615
0.991335
1.424351
1.424379
1.382916
1.290760
1.282665
1.310887
1.247282
1.268217
1.387389
1.323554
1.488059
1.490683
1.324260
1.755716
1.270576
1.315363
1.307200
1.219924
1.698304
1.498101
1.466744
1.097625
1.236709
1.256328
0.819764
1.194490
1.211747
1.342643
1.251782
1.280115
1.302043
1.148867
1.168054
1.459996
1.599443
1.444198
1.477803
1.599372
1.482858
1.537949
1.429811
1.519208
1.521075
1.378903
1.178183
1.164092
1.141738
1.245603
0.876511
1.219543
1.004412
0.946399
0.837335
0.841555
1.389934
1.205859
1.221030
1.176834
1.102037
1.342553
1.205859
1.095342
1.149816
1.014106
1.018406
1.324039
1.357126
1.033664
0.870335
1.265430
1.344763
1.332110
1.318455
1.312334
1.193854
1.206141
1.528398
1.583640
1.506982
1.307200
1.297969
1.927446
1.348876
1.316195
1.218776
1.237411
1.477035
1.213446
1.360353
1.477035
1.074553
1.586897
1.339760
1.287165
1.206896
0.898970
1.128743
1.158197
1.214635
1.324066
1.406004
1.511717
1.455474
1.478614
1.467839
1.339261
1.387432
1.282463
1.405564
1.245393
0.876519
0.923683
0.898481
0.930190
1.015558
1.064744
0.884289
1.333061
1.354641
1.014325
0.972398
1.317095
0.875086
0.871601
0.907021
0.989465
1.166313
0.931954
1.016032
1.338447
1.384940
1.390548
1.447520
1.230566
1.245398
1.258260
1.445763
1.669283
1.645870
1.650514
1.744925
1.299954
1.596961
2.095757
2.070630
1.421138
1.698694
1.970052
1.996286
1.988283
1.450247
1.922440
1.897371
1.227016
1.243211
1.144072
1.144701
0.879987
1.007992
1.284871
1.190510
1.223897
1.234442
1.151178
1.216257
1.210532
1.417778
1.395823
1.510498
1.378240
1.376002
1.311368
0.855928
0.811934
0.785636
0.846709
0.799328
0.765944
1.295601
1.057966
1.295595
1.036401
1.152991
0.859173
1.159139
1.159299
1.217555
1.190475
1.211182
0.957045
1.323847
1.360129
1.358659
1.413192
1.358052
1.334366
1.646330
2.111307
2.073629
1.636147
1.502560
1.253627
1.923105
1.455873
1.899968
1.282442
1.704800
1.765226
1.560143
1.264114
1.333395
1.094797
0.967192
1.391674
1.223747
1.343598
1.389633
1.413450
1.324845
1.475747
0.869727
0.774699
0.845633
0.727370
0.793276
1.001261
0.907056
1.201969
1.299749
1.228750
1.240874
1.144907
1.250202
1.224530
1.266439
0.886653
1.311032
1.020937
0.985590
0.811379
1.349622
0.979603
1.326418
0.857213
0.933188
1.444616
1.400588
1.394361
1.247101
1.298469
1.194278
1.418237
1.359089
1.413729
1.537266
1.608355
1.636147
1.270744
2.082729
1.537961
1.636147
1.487786
1.029940
1.276254
1.199157
1.014514
1.203672
1.289628
1.167923
1.335912
1.202032
1.195473
1.360547
1.271581
1.242992
1.520205
1.307671
1.247793
1.205766
1.301397
1.296010
1.314253
1.525466
1.319030
1.473512
0.839902
0.839902
0.931186
1.166636
0.757779
1.037224
1.338026
1.248132
1.051604
1.156633
1.335762
1.278515
0.824851
1.229863
1.025900
0.867887
1.337941
1.266195
1.335188
1.317883
1.258616
0.882426
1.307681
1.330565
1.320471
1.377434
1.294053
1.228478
1.372523
1.272665
1.313071
1.250009
1.304105
1.158027
1.478148
1.292680
1.616706
1.186934
1.847546
1.858224
1.031562
0.976059
0.711291
1.197408
1.238101
1.262532
1.403583
1.288713
1.318598
1.309184
1.450969
1.365343
0.744930
0.840388
0.776688
0.754351
0.815758
0.813004
0.810317
0.842029
0.917996
1.221366
1.309905
1.176751
0.853290
1.222287
1.333075
1.296739
1.265670
1.321977
1.323423
1.368974
1.350108
1.226844
1.348126
1.408224
1.270825
1.535742
1.594182
1.289656
1.276359
2.001712
1.385341
1.232633
1.896300
1.963740
1.157171
1.771405
1.254661
1.265529
0.969621
1.385557
1.059988
1.113404
1.099129
1.316063
1.341087
1.232016
1.377620
1.325459
1.300055
1.241254
1.391070
0.972192
1.027384
1.078499
0.761386
1.190401
0.913526
1.114362
1.051438
1.112878
1.306811
1.226906
1.269640
1.217089
1.286691
1.303158
1.283396
0.918599
0.777541
0.785685
1.355310
1.311497
1.341909
1.293329
1.082488
1.435108
1.355061
1.071430
1.606100
1.873163
1.504583
1.523832
1.936960
1.159224
1.141786
1.373154
1.397265
1.222534
1.183335
1.224884
1.395625
1.268517
1.438478
1.326434
1.293254
1.279718
1.340895
1.231928
1.436800
1.478156
1.396783
0.853002
0.706088
0.898755
0.820419
0.689368
0.919326
0.817643
0.939320
0.954814
1.292558
1.077639
0.987832
0.797938
1.258529
1.254593
0.957606
1.210807
0.982390
1.286932
1.244160
1.208347
1.303184
1.367222
1.419651
1.767413
1.901101
2.016553
1.704726
1.514524
1.624011
1.388708
1.745809
1.823385
1.413332
0.781563
1.594811
0.801851
0.760029
1.317180
1.467044
1.190096
1.234785
1.270911
1.061091
1.224160
1.365210
1.250229
1.255031
1.218020
1.280183
1.363592
1.471947
0.732136
0.868156
0.804017
0.716857
0.857273
0.878427
1.131467
0.883724
0.902122
0.823507
1.303017
1.328194
1.334749
1.311935
0.869912
0.838677
1.239332
0.829545
1.196075
0.857567
0.966444
1.139221
1.259729
1.250881
1.273209
1.245904
1.279914
1.200222
1.227857
1.595704
1.499544
1.733904
1.531160
1.429824
1.238390
0.962247
1.245184
1.202709
1.799464
0.965349
1.034223
1.110529
0.835157
0.921041
1.011456
1.233211
1.312982
1.239653
1.226633
1.233365
1.228491
1.292915
1.290900
1.373414
1.433626
1.426844
0.701679
0.677421
0.692928
0.751179
0.799660
0.751089
0.797662
1.147586
0.857920
0.907510
1.209935
0.889006
1.016355
1.040089
1.173480
0.950081
1.254813
0.993438
1.052412
1.203475
1.310976
1.327359
1.190875
1.340960
0.862542
0.881859
0.825026
1.366814
1.161065
1.510141
0.725885
0.685850
0.608772
0.968228
1.581891
0.626607
1.185283
0.852114
0.697746
0.580417
1.340824
1.329069
1.243207
1.145541
1.162213
1.439314
1.866479
1.445497
0.971867
1.015602
0.817053
1.284297
1.282109
1.389887
1.238100
1.232123
1.419629
1.424966
0.969050
0.822396
0.898044
1.036652
0.796854
1.071593
0.789070
1.002691
0.960197
1.346644
1.311207
0.978922
0.996233
0.965931
1.133657
1.302981
1.303396
0.883500
1.231988
1.276766
1.198259
1.347932
1.343967
1.286345
0.999356
1.195660
0.823429
0.745938
0.908469
1.250225
1.312442
1.271342
1.302482
1.372594
1.469055
1.096959
1.016500
0.987146
1.286870
1.090595
0.670026
1.814025
1.464755
0.815977
0.692109
1.224900
0.990445
1.040626
0.747511
0.892403
0.979690
1.097771
1.188415
1.457151
1.258648
1.239587
1.357390
1.285893
1.372094
1.454193
1.464798
1.419000
1.401348
1.476770
0.756638
1.259146
1.026328
1.042480
1.238566
0.959609
0.935526
0.992294
1.054084
1.057684
1.151333
0.970122
0.830501
0.824725
0.745041
0.859006
0.783841
1.173636
1.339837
1.405007
1.345283
1.287006
1.236384
1.171331
1.248517
1.241909
0.732747
0.883531
1.040708
1.072086
1.051334
1.110826
1.167337
1.377422
0.910927
1.611826
0.771140
1.083305
1.315223
1.752370
1.652054
0.996401
1.358813
1.268222
1.297350
1.277887
1.138400
1.172414
1.259127
1.231038
1.424916
1.319290
1.092283
1.004268
0.951489
1.104795
1.043069
1.313070
1.270205
1.223200
1.113214
1.356751
1.349849
1.335718
1.038620
1.335814
1.120913
1.063409
1.150463
1.241110
1.007215
1.180291
1.028489
0.980103
0.892080
0.987131
0.924383
0.873677
1.226436
1.243688
1.132791
0.920850
1.345949
1.115923
1.126070
1.416863
1.349916
1.136302
1.079045
1.042621
0.978636
1.134664
0.732849
0.569138
0.595641
1.275105
0.997450
1.382216
0.989724
1.178004
1.476820
1.161975
1.223143
1.666272
0.953080
0.760343
0.927377
1.174525
1.302021
1.037899
0.808482
1.356256
1.293762
1.282135
1.307152
1.476536
1.249075
1.111955
1.448899
1.262323
1.189291
1.417383
1.405547
1.088858
1.150813
1.325884
1.089438
1.339186
1.332024
1.087452
1.172595
1.238549
1.108886
1.333305
1.030803
1.365328
1.218429
1.296200
1.196051
1.084983
0.701083
0.690231
0.737178
0.902803
1.263417
1.149089
1.060428
0.817898
0.913205
1.063601
0.872263
1.133912
1.202857
0.759745
0.937572
1.135191
0.711375
0.770684
0.735763
0.878363
1.374738
1.206354
0.999855
1.030826
0.943093
1.264567
0.835118
0.986424
1.297871
0.953768
1.720257
1.599525
1.124495
1.223358
1.198625
1.275861
1.209412
1.256310
1.281310
1.148235
1.285585
1.255811
1.446947
1.402835
1.225008
1.152585
1.099098
1.113312
1.140586
1.189048
1.393209
1.097292
1.376543
1.352352
1.312234
1.337194
1.235690
1.237068
1.122539
1.143374
0.882244
0.839110
0.690192
1.117118
0.909763
0.943594
1.119112
1.006195
1.119530
0.902618
1.052142
0.854249
1.247667
0.737758
0.621007
0.942283
1.087952
1.087873
1.137943
1.412908
1.438462
1.127597
1.136965
1.427275
1.192932
1.247899
1.207898
1.432060
1.458885
1.412067
1.086663
1.070685
1.216676
1.177700
1.242915
1.187267
0.791703
0.826344
1.118092
1.014718
1.107809
1.099458
0.912494
0.743782
0.674207
1.020279
1.044652
1.066055
1.111431
1.128247
1.222279
1.046893
1.041564
1.027068
1.085885
1.074628
1.235041
1.239120
1.357958
1.245500
1.211084
1.172858
0.825639
1.291605
0.841185
0.916209
1.318585
0.711174
0.829685
0.644631
0.936830
0.736115
1.270059
0.919076
1.105367
1.223052
1.163969
1.244760
1.325608
1.177607
0.962140
1.407899
1.062896
1.270553
1.423774
1.520214
1.461965
1.418539
1.432981
1.189360
1.179241
1.186745
1.060812
1.119251
1.058062
1.084624
1.179471
1.190692
1.236522
1.104930
1.349381
0.968187
1.009556
1.295157
1.001332
1.217371
1.254895
1.315154
1.291240
1.280380
1.453059
1.408297
1.435660
1.014542
1.028538
1.029767
1.022189
1.129798
1.129484
1.053732
1.137467
0.930650
1.054230
0.926485
1.083334
1.022632
1.026284
0.917237
1.087201
0.987786
1.103632
0.949494
0.987323
1.028047
1.204738
1.055043
1.108314
1.169500
1.178797
1.244599
0.969541
1.090605
1.287592
1.035927
1.111387
1.030818
1.133118
1.148536
1.268381
1.131225
1.317247
1.111553
1.104991
1.081977
1.109669
1.155880
1.184215
1.170285
1.447230
1.346462
1.323037
1.164573
1.131456
1.096670
1.288869
1.165193
0.970911
1.259961
1.038095
1.110954
1.041348
1.101815
1.088610
1.095860
1.060231
0.982858
0.906547
0.937055
1.147915
1.194128
1.136107
1.096631
1.279496
1.289826
1.170447
1.236890
1.153994
1.331731
1.361331
1.365366
1.201100
1.211341
1.024521
0.969717
1.382463
1.378989
1.237973
1.398500
1.314495
1.336149
1.051384
1.041716
1.030116
0.978605
1.001108
1.044804
1.106786
1.301978
1.047615
1.211976
1.256142
1.003650
0.999922
1.121081
1.371824
1.407821
1.174401
1.121933
1.185551
1.229817
1.328747
1.050517
1.175118
1.094625
1.092356
1.059091
0.980694
1.027843
1.137279
0.944824
1.222307
1.205018
1.083057
1.104428
0.959769
1.023257
1.025423
1.167792
1.194466
1.155872
1.146601
1.034641
1.181568
1.152433
1.315584
1.220295
1.048181
1.110813
0.972679
0.957968
1.034392
1.057533
1.088569
1.006864
0.941718
1.127912
1.117492
1.125182
1.205285
1.226974
1.087349
1.094770
1.088493
1.249980
1.085337
0.978310
1.053492
1.169608
1.116480
1.030552
1.319380
1.065005
1.028918
1.041638
1.046664
1.077523
1.039117
1.205646
1.154525
1.080713
1.148744
1.175994
1.149369
1.164832
1.147823
1.331211
1.094925
1.045341
1.040804
1.111810
1.215755
1.267889
1.305516
1.161311
1.161142
1.298947
1.229882
1.054809
1.091492
1.084514
1.076409
1.171081
1.276082
1.150354
1.257825
1.108211
1.023057
1.060796
1.028135
1.206118
1.225658
1.306978
1.139782
1.244222
1.122009
1.201606
1.220765
1.141966
1.172166
1.180796
1.330386
1.333026
1.336877
1.352320
1.208555
1.368061
1.333331
1.109249
1.190653
1.187085
1.227909
1.534128
1.550428
1.543213
1.588064
1.546701
1.588064
1.588064
1.148126
1.253363
1.260478
1.227644
1.055179
1.102117
1.083007
1.113620
1.143946
1.431287
1.432178
1.465122
1.457394
1.339890
1.539907
1.615543
1.645962
1.611849
1.755716
1.707170
1.415689
1.460713
1.303997
1.276447
1.410100
1.324072
1.356407
1.381280
1.498669
1.481714
1.837414
