6856 1 1
0.963720
0.901099
0.901099
0.963720
0.989400
0.963720
0.989400
0.926579
0.926579
0.940741
0.940741
0.989400
1.009508
0.945742
0.945742
1.009508
0.866481
0.959425
0.920228
0.901099
0.963720
0.901099
0.996102
1.161736
0.959425
1.026594
1.062480
0.940557
0.900028
0.926600
0.926579
1.210037
0.926600
1.005675
0.930667
0.959425
1.062480
1.087455
0.999821
1.014889
1.005675
0.945742
1.129059
0.932280
0.970141
0.902183
0.916971
0.999236
0.866481
0.932246
0.902183
0.887425
1.057687
0.981604
0.975699
1.032131
1.159301
0.945501
1.062480
1.026594
1.210037
1.161736
1.192580
1.195922
1.213027
1.213027
1.195922
1.195922
1.056386
1.076767
1.213027
1.056386
1.056386
1.087455
1.136198
1.122746
1.053403
0.999821
1.103293
1.122746
1.045352
1.005575
1.031827
1.045352
1.102675
0.970141
0.970141
0.916971
1.032131
1.017903
0.973027
1.088768
1.007062
0.909830
1.007062
0.832406
0.945501
0.957936
1.204406
1.213027
0.940741
1.204406
1.059458
1.197490
1.189269
1.257619
1.044083
1.189269
1.059458
1.044083
1.044083
1.164039
1.103293
1.067261
1.031827
0.998869
1.031827
1.102675
0.970141
1.057687
1.057687
0.959302
0.959302
0.959302
0.959302
1.112004
1.113039
0.981604
1.113039
0.973027
1.112004
0.878197
1.161736
1.242262
1.200984
1.159301
0.914115
1.200984
1.201549
1.231506
1.231506
1.237178
1.277735
1.237178
1.231506
1.222749
1.260581
0.957936
1.266726
1.298717
1.266726
0.965673
1.219992
1.257712
1.257712
1.053403
1.257712
1.045352
1.183454
1.103293
1.031827
1.070257
1.070257
1.067261
1.183454
0.998869
1.062010
0.960108
0.933398
0.932246
0.844465
1.017903
0.865442
1.112004
1.200984
1.170508
1.211439
1.179399
1.201549
1.147687
0.878197
0.878197
0.909830
1.242262
1.242262
1.211997
1.260581
1.222749
1.210037
1.281100
1.210037
1.210037
0.946393
1.298717
1.256401
1.233131
1.266726
1.266726
0.965673
1.298717
0.950696
1.402578
0.960933
1.017998
0.960933
1.036910
1.017998
0.984992
1.017998
1.017998
1.070257
1.070257
1.029832
0.895786
0.960108
1.101627
1.000329
0.997961
0.933398
1.000329
0.933398
0.933398
1.017903
1.289253
1.232877
1.170508
1.092243
1.170508
0.844465
1.132534
1.159199
1.159199
0.886694
1.159199
1.147687
1.147687
1.201549
0.886694
0.886694
0.886694
1.222749
1.242262
1.211997
1.306499
1.306499
0.945501
1.210037
1.334478
1.342380
1.260581
1.431586
1.298594
1.233131
1.233131
1.233131
1.447554
0.965673
0.957936
1.289653
1.399582
1.204406
0.958517
1.044637
1.289653
1.125087
1.183454
0.984992
1.241931
1.144068
1.029832
1.030706
0.956996
1.149477
0.993055
0.914393
0.997961
1.089005
1.089005
1.019275
0.895786
0.916971
1.027098
1.027098
1.068141
1.289253
1.173814
1.173814
1.144661
1.232877
1.173814
1.017903
1.290354
1.237970
1.159199
1.179399
0.878197
1.311398
1.156595
1.159199
1.112004
1.147687
1.299411
0.981682
1.321411
1.246742
1.299411
1.360173
1.015201
1.156595
1.306499
1.234260
1.306499
1.234260
1.260581
0.946393
1.334478
1.440865
1.447554
1.399582
1.236350
1.050806
0.950696
1.370618
1.257619
1.229519
1.305908
1.305908
1.027449
1.031827
1.305908
1.021782
1.164039
1.000476
1.304057
1.270335
1.241931
1.148617
1.241931
1.058073
1.149477
1.135985
1.144068
1.062010
0.937996
1.040767
1.040767
0.993055
1.134005
0.969892
1.156217
1.163091
1.199671
0.960108
1.121777
1.173814
1.199671
1.232877
1.244001
1.000929
0.907751
0.927736
1.121777
1.289253
1.180935
0.836662
0.911738
1.027098
1.202692
1.283118
1.283118
1.212251
1.212251
1.250284
1.250284
1.213614
1.202692
1.132534
1.057687
0.933100
1.237970
0.933100
1.186702
1.250284
1.218464
1.321411
1.296880
1.296880
0.976824
1.311398
1.306499
0.909830
1.366757
1.209071
1.376553
1.058917
1.044093
1.401309
1.384060
1.066197
1.440865
1.066197
1.447554
1.447554
1.257619
1.027449
1.437211
1.044637
1.036910
1.006578
1.099741
1.062010
1.070257
1.058073
1.067251
1.058073
1.097922
1.040767
1.089005
1.000538
1.134005
1.190074
1.163091
0.867116
0.969892
1.121777
0.895786
1.244001
1.090287
1.180935
1.180935
1.213614
0.911738
1.202692
1.202692
1.244001
1.176223
1.176223
0.927736
0.927736
1.176223
0.911738
0.933100
1.212251
1.218464
1.218464
0.954996
0.954996
1.270945
1.180935
1.370933
1.311398
1.299411
0.976824
0.981682
1.299411
1.246742
1.321411
1.018788
1.044093
1.044093
1.044093
1.395392
1.402578
1.402578
1.044637
1.044637
1.276780
1.477817
1.135985
1.207114
1.058073
1.241931
1.067251
1.241931
1.112209
1.000538
1.036980
0.932404
1.036980
1.144725
1.060397
0.928121
1.144725
0.993055
0.928121
1.060397
0.993055
1.180935
1.140189
1.116003
1.090287
1.158212
1.180935
1.154406
1.244001
1.283118
1.176223
1.176223
1.218464
1.176223
1.213614
1.290354
1.283118
1.212251
1.218464
0.954996
1.212251
1.212251
1.218464
1.270945
0.976824
1.084502
1.015201
1.401309
1.401309
1.058624
1.058917
1.058624
1.050806
1.413610
1.066197
1.061942
1.653164
1.440865
1.399582
1.399582
1.061942
1.399582
1.044637
1.027449
1.392241
1.451118
1.021782
1.021782
1.370618
1.276780
1.006578
1.036910
1.276780
1.000476
1.037657
1.080888
1.062010
1.135985
1.046932
1.046932
1.050994
1.050994
1.006091
1.027004
1.087356
1.144725
0.868568
1.144725
1.144725
0.896770
0.850104
1.090287
1.190074
1.319665
1.116003
1.154406
1.372287
1.154406
0.911528
1.403786
1.006109
0.927736
1.027131
1.403786
1.218464
1.218464
1.237970
1.228521
1.270945
1.212251
1.428966
1.290354
0.954996
1.299411
1.457126
1.450612
1.309786
1.018788
1.018788
1.366757
1.308266
1.058917
1.145454
1.388462
1.575644
1.413610
1.050806
1.459507
1.653164
1.447554
1.437436
1.636933
1.640405
1.027449
1.437211
1.402578
1.596975
1.463867
1.451118
1.435893
1.036910
1.021782
1.664224
1.435893
1.276780
1.664224
1.614100
1.341990
1.276780
0.971892
1.628908
0.971892
1.058073
1.080888
1.477817
1.189686
1.067251
1.016805
1.189686
1.027004
1.016805
1.028122
0.960613
0.957634
0.868568
0.868568
0.942811
1.000538
0.962977
0.946574
0.946574
1.031403
1.112209
1.006837
1.060397
1.082768
1.082768
1.140189
1.140189
1.140189
0.978575
0.907751
0.969892
0.978575
0.911528
0.911528
1.371751
0.954996
1.033072
1.290354
1.426327
1.274634
1.426659
1.426659
0.976824
1.106978
1.015201
1.342380
1.500788
1.437794
1.491751
1.106978
1.133714
1.562538
1.506098
1.133714
1.066197
1.623557
1.436052
1.153445
1.160091
1.614873
1.653164
1.399582
1.050806
1.143306
1.143306
1.129778
1.451118
1.663986
1.636933
1.463767
1.659914
1.036910
1.664490
1.596975
1.640405
1.463767
1.435893
1.542613
1.451118
1.664224
1.659914
1.660959
1.109732
1.115749
1.370618
1.447563
1.542613
1.595065
1.115749
1.386927
1.551024
1.546307
1.546307
1.628908
1.475482
1.109732
1.099218
1.614100
1.500140
1.500140
1.475482
1.080799
1.477817
1.628908
1.356756
1.356756
1.477817
1.614100
1.356756
1.513099
1.513099
1.044035
1.541026
1.371353
1.541026
1.427324
1.207114
1.062010
1.398567
0.972902
0.972902
1.371353
1.371353
1.398567
1.016805
1.050994
1.046932
1.028122
1.098818
1.133595
0.891274
1.133595
1.133595
1.133595
1.120148
1.157985
1.188474
0.862792
1.242939
0.896770
1.158212
1.371751
0.994067
0.850104
0.994067
0.907751
1.403786
1.381339
1.016651
1.027131
1.403786
1.381339
1.286736
1.428966
1.228521
1.457126
0.933100
1.450612
1.450612
1.450612
1.389717
1.437794
1.106978
1.658305
1.160091
1.660959
1.153445
1.061942
1.129778
1.664533
1.664490
1.663986
1.636933
1.659914
1.115749
1.636933
1.636933
1.137679
1.447563
1.640405
1.640405
1.628908
1.546307
1.546307
1.382183
1.477817
1.546625
1.037657
1.356756
1.044035
0.972902
1.477817
1.371353
1.371353
1.371353
0.972902
1.371353
1.081736
1.028122
0.880839
0.960613
0.891274
1.036080
1.060664
0.967841
1.120148
0.962977
1.134908
0.854676
1.157985
1.134908
1.188474
0.896770
1.242939
1.242939
1.192046
0.968035
1.016651
0.994067
1.371751
1.371751
1.371751
1.371751
1.381339
1.006109
1.316304
1.316304
1.348421
1.428966
1.370933
1.428966
1.443494
1.428966
1.470768
1.443494
1.428966
1.348421
1.428966
1.450612
1.491751
1.491751
1.133714
1.145454
1.133714
1.506098
1.623557
1.413610
1.623557
1.142249
1.143306
1.623557
1.658305
1.658305
1.663986
1.663986
1.601850
1.634354
1.601850
1.636222
1.653164
1.862055
1.659914
1.129778
1.596975
1.636933
1.637596
1.665389
1.551024
1.551024
1.665389
1.824444
1.386927
1.179711
1.546307
1.542613
1.109732
1.099218
1.447563
1.500140
1.479907
1.386927
1.546307
1.628908
1.479907
1.447563
1.099218
1.080799
1.080799
1.382183
1.382183
1.356756
1.477817
1.541026
1.546625
1.427324
1.427324
1.300990
1.214693
1.427324
1.190528
1.104231
1.190528
0.891274
0.837792
0.891274
0.837792
0.967841
0.967841
0.948904
1.044869
1.036080
0.822334
0.896770
1.242939
1.263199
1.242939
1.263199
0.978575
1.234320
1.319665
1.234320
0.968035
1.265111
1.329668
1.381339
1.329668
1.329668
1.371751
1.541974
1.370933
1.286736
1.403786
1.024417
1.024417
1.024417
1.595927
1.033072
1.450612
1.450612
1.450612
1.470768
1.418240
1.418240
1.106978
1.711178
1.142249
1.641436
1.268169
1.641436
1.614873
1.573890
1.614873
1.614873
1.235299
1.658305
1.614873
1.153445
1.653164
1.601850
1.664533
1.664533
1.596975
1.601850
1.137679
1.796206
1.601850
1.199142
1.840636
1.596975
1.665389
1.618947
1.542613
1.463867
1.551024
1.595065
1.551024
1.551024
1.463867
1.479907
1.751750
1.167644
1.546307
1.626140
1.642735
1.356756
1.466888
1.368111
1.368111
1.356756
1.356756
1.642735
1.382183
1.356756
1.477817
1.567584
1.382183
1.247144
0.972902
1.309296
1.247144
1.371353
1.104231
0.936035
1.270318
1.270318
1.161963
1.190528
0.963906
1.038105
1.050994
1.171755
1.007162
1.028122
0.923036
1.008311
1.008311
1.028122
0.776330
0.960613
0.821602
0.967841
0.948904
1.036080
1.179619
1.157985
1.256850
1.157985
0.920157
1.293320
1.515710
1.371751
1.366293
1.286736
1.006109
1.286736
1.286736
1.286736
1.150203
1.370933
1.632959
1.348421
1.389717
1.356061
1.129910
1.073197
1.437794
1.073197
1.185134
1.213874
1.575644
1.818571
1.641436
1.641436
1.641436
1.767263
1.834084
1.623557
1.790116
1.573890
1.601850
1.664533
1.601850
1.653164
1.634354
1.862055
1.840636
1.629678
1.659914
1.664490
1.840636
1.781236
1.596975
1.637596
1.137679
1.214850
1.596975
1.789655
1.137679
1.109732
1.204761
1.762510
1.204761
1.204761
1.546307
1.463867
1.447563
1.386927
1.151046
1.546307
1.546307
1.546307
1.037657
1.044035
1.113155
1.356756
1.430566
1.477817
1.368111
1.044035
1.356756
1.277890
1.353816
1.363497
0.992895
0.997465
1.247144
0.973853
1.300990
1.385720
1.370620
1.370620
1.016805
1.104231
1.164605
1.050994
0.880839
0.880839
1.051854
0.858468
0.837792
1.131316
0.880795
0.880795
1.044869
0.891274
1.134908
0.896770
0.954871
1.039654
1.217302
1.157985
1.012927
1.087571
1.329668
1.371751
1.515710
1.365576
1.427044
1.286736
1.541974
1.129644
1.595927
1.370933
1.024417
1.294947
1.356061
1.158717
1.158717
1.084502
1.073197
1.162038
1.359540
1.073197
1.602587
1.511051
1.491751
1.185134
1.795501
1.556465
1.575644
1.392598
1.812086
1.823832
1.812086
1.771971
1.416627
1.614873
1.626148
1.601850
1.573890
1.239631
1.217020
1.862055
1.855807
1.862055
1.617380
1.137679
1.746337
1.746337
1.746337
1.762510
1.764277
1.764277
1.751750
1.583310
1.467443
1.109264
1.368111
1.466888
1.445710
1.526256
1.309296
1.236257
1.363497
1.363497
0.997465
0.997465
0.925617
1.370620
1.217482
1.031798
1.031798
1.031798
0.963906
1.031798
1.083774
1.083774
0.880577
0.880577
0.911531
0.975161
0.829309
1.060251
1.256850
1.322781
1.359692
1.298970
1.192046
1.192046
1.298216
1.234320
0.920157
0.978575
1.437784
1.016651
1.217037
1.119090
1.265111
1.541974
1.541974
1.366293
1.434180
1.541974
1.434180
1.632959
1.523460
1.437781
1.428210
1.384046
1.162038
1.600463
1.084502
1.222014
1.185134
1.240145
1.592954
1.240145
1.185134
1.213874
1.795501
1.800074
1.711178
1.711178
1.506098
1.800074
1.641436
1.213874
1.235299
1.812086
1.818571
1.812086
1.416627
1.812086
1.834084
1.153445
1.227700
1.796206
1.796206
1.742215
1.634354
1.217020
1.720860
1.789655
1.789655
1.840636
1.764277
1.214850
1.179711
1.179711
1.591495
1.179711
1.151046
1.824444
1.824444
1.824444
1.751750
1.705846
1.370654
1.430566
1.212368
1.212368
1.353816
0.990564
1.253117
1.236257
1.164605
0.997465
0.997465
1.404361
1.271294
1.370620
1.256096
1.080057
1.171755
1.007162
0.923036
0.923036
1.008311
1.008311
0.860224
0.947988
0.817310
0.895484
0.846075
0.895484
0.920312
1.044772
0.950359
0.777694
1.044869
0.858468
0.913815
1.036080
1.179619
0.913815
0.954871
0.892450
0.850977
1.217302
1.025074
0.959858
1.298216
1.398880
1.427699
1.437784
1.427699
1.398880
1.489165
1.427699
1.515710
1.119090
1.365576
1.489165
1.427044
1.148878
1.016651
1.119090
1.129644
1.258954
1.541974
1.522320
1.541974
1.595927
1.468580
1.437781
1.312889
1.149377
1.595927
1.632959
1.084502
1.359540
1.384264
1.428210
1.511051
1.771971
1.795501
1.800074
1.812086
1.812086
1.711178
1.823832
1.800074
1.834084
1.834084
1.227700
1.834084
1.771971
1.828379
1.733068
1.742215
1.733068
1.828379
1.862055
1.689723
1.227700
1.862055
1.862055
1.862055
1.214850
1.217020
1.199142
1.637596
1.687941
1.214850
1.214850
1.762510
1.762510
1.696670
1.696670
1.751750
1.824444
1.621196
1.430566
1.466888
1.309296
1.359309
1.050680
1.050680
1.309296
1.050812
1.050812
1.526256
1.050680
1.256096
1.217482
1.080057
1.131797
0.951252
0.951252
1.031798
0.860224
0.899178
0.895484
0.950359
1.153123
1.153123
1.179619
1.179619
1.151374
1.217302
0.959858
0.959858
1.298970
1.256850
1.025074
1.012927
1.359692
1.362308
1.087571
1.087571
1.427699
1.468778
1.365576
1.087571
1.515710
1.515710
1.366293
1.366293
1.297524
1.297524
1.129644
1.129644
1.489165
1.360755
1.434180
1.360755
1.434180
1.360755
1.434180
1.434180
1.434180
1.427044
1.360755
1.312889
1.437781
1.322269
1.380735
1.162038
1.428210
1.162038
1.602587
1.359540
1.384046
1.576854
1.698211
1.319569
1.240145
1.795501
1.795501
1.403219
1.213874
1.592954
1.800074
1.800074
1.905823
1.213874
1.213874
1.235299
1.771971
1.392598
1.828379
1.771971
1.606202
1.771971
1.742215
1.746337
1.199142
1.279494
1.746337
1.789655
1.789655
1.663998
1.663998
1.764277
1.764277
1.751750
1.824444
1.824444
1.109264
1.682857
1.109264
1.050812
1.467443
1.359309
1.109021
1.050812
0.973853
1.141410
1.236257
1.236257
1.112610
0.961419
1.256096
1.138049
1.138049
1.112610
1.112610
1.080057
1.023152
0.926121
0.990887
0.990887
0.880207
1.118494
0.990887
0.990887
0.819962
0.819962
0.895484
0.947988
0.947988
0.846075
1.044772
1.051854
0.892450
1.151374
1.256850
1.256850
1.329794
1.359692
1.298216
1.298216
1.362308
1.445682
1.398880
1.542019
1.511078
1.437784
1.489165
1.427699
1.148878
1.074895
1.365576
1.333701
1.362308
1.423367
1.365576
1.333701
1.365576
1.119090
1.150203
1.365576
1.500498
1.360755
1.364816
1.434180
1.434180
1.150203
1.149377
1.380735
1.149377
1.312889
1.434065
1.384264
1.162038
1.562508
1.384046
1.602587
1.815485
1.748134
1.795501
1.592954
1.964992
1.964992
1.733068
1.834084
2.004035
2.004035
1.905823
1.834084
1.779787
1.326102
1.357271
1.235299
1.720860
1.720860
1.809410
1.820622
1.779977
1.872894
1.239339
1.872894
1.705846
1.179711
1.832798
1.832798
1.816246
1.199004
1.566001
1.155821
1.092470
1.050680
1.113155
1.309296
1.364330
1.309296
1.425797
1.050680
1.309296
1.092470
1.092470
1.526256
1.573331
1.212368
1.364330
1.313372
1.277539
1.190718
1.195616
0.990887
0.923036
1.123982
0.990887
1.023152
0.985586
1.118494
1.083774
0.951252
1.054519
0.951252
0.965864
1.008311
0.920355
0.817950
0.895484
0.817950
0.817950
0.780199
0.819962
0.775777
0.950359
0.947988
0.989272
0.860224
1.098935
0.787871
0.858468
1.098935
1.051854
1.132953
1.080114
1.098935
0.843422
0.892450
1.179619
1.153123
1.165658
1.179619
0.913815
1.026177
1.361279
1.273275
1.361279
1.329794
1.322781
1.383392
1.465958
1.341493
1.445682
1.333701
1.333701
1.362308
1.087571
1.398880
1.297524
1.297524
1.505517
1.443084
1.087571
1.423367
1.212308
1.366293
1.475877
1.310931
1.365576
1.434180
1.466128
1.258954
1.435596
1.312889
1.330211
1.483610
1.564035
1.312889
1.318777
1.359540
1.319569
1.457162
1.682048
1.682048
1.682048
1.389839
1.795501
1.872733
1.403219
1.698211
1.971198
1.711178
1.698211
1.705873
1.748134
1.779787
1.606202
1.995714
2.004035
1.828379
2.004035
1.378796
1.779787
1.737921
1.720860
1.357271
1.357271
1.214850
1.320063
1.789655
1.789655
1.566001
1.816246
1.167644
1.213248
1.832798
1.816246
1.155821
1.816246
1.682857
1.452170
1.467443
1.309296
1.364330
1.425797
1.299428
1.010388
1.257097
1.257097
1.299428
1.257097
1.257097
1.190718
1.453472
1.165236
1.123982
1.123982
1.068002
0.970918
0.882529
1.023152
0.881311
0.965864
1.008971
0.780926
0.780199
1.132953
1.038328
0.906389
0.880573
1.258619
0.945100
1.252798
1.189666
0.892450
1.063813
1.361279
1.445682
1.347549
1.468778
1.468778
1.468778
1.445682
1.423067
1.465958
1.505517
1.372895
1.564524
1.437784
1.564524
1.511078
1.505517
1.475877
1.511078
1.148878
1.313738
1.427044
1.602055
1.602055
1.574626
1.361317
1.361317
1.738064
1.738064
1.564035
1.564035
1.564035
1.576854
1.380504
1.566973
1.524314
1.185134
1.927940
1.403219
1.891302
1.682048
1.964992
1.403219
1.378796
1.971198
2.004035
2.004035
1.905823
2.004035
2.004035
1.800485
1.606202
1.493183
1.298340
1.737921
1.737921
1.562180
1.791205
1.593266
1.882630
1.791205
1.779977
1.285525
1.199004
1.816246
1.213248
1.659975
1.659975
1.213248
1.682857
1.641656
1.155183
1.548803
1.364330
1.363497
1.364330
0.973853
1.418969
1.455883
1.213778
1.257097
1.213778
1.455883
1.165236
1.257097
1.309054
1.123982
1.123982
1.319307
0.938355
1.313372
1.319307
0.938355
1.204748
1.319307
1.313372
0.885020
1.167651
1.068002
1.118494
0.965864
0.935115
0.965864
0.965864
0.819962
0.911686
0.809377
0.775777
0.877963
0.947988
0.857393
0.819048
0.819048
0.910565
1.049701
0.900931
0.841482
0.810691
0.880573
1.080114
0.843422
0.880573
0.945100
0.945100
0.977717
1.151374
1.329708
1.252798
0.954871
1.347549
1.347549
1.383392
1.468778
1.390714
1.025074
1.300640
1.457399
1.117383
1.505517
1.433412
1.371267
1.372895
1.313738
1.313738
1.709901
1.574626
1.574626
1.564035
1.361317
1.377648
1.330211
1.483610
1.364816
1.434065
1.330211
1.359436
1.380504
1.380504
1.576854
1.748134
1.748134
1.748134
1.403219
1.891302
1.520757
2.004035
2.004035
1.905823
1.891302
1.606202
1.699204
1.820622
1.791205
1.768185
1.285525
1.832798
1.816246
1.768185
1.529306
1.155821
1.199004
1.641656
1.529306
1.364330
1.109021
1.109021
1.109021
1.548803
1.364330
1.418969
1.548803
1.548803
1.257097
1.010388
1.364330
1.455883
1.257097
1.213778
0.938355
0.938355
1.010388
1.039926
1.039926
1.313372
1.313372
1.319307
0.961419
1.197340
1.354331
0.885020
1.138221
0.926121
0.926121
1.196526
1.196526
1.033918
1.050721
1.069298
1.054519
0.925903
0.920355
0.809377
0.819962
0.877963
0.911686
1.038328
1.014727
0.744230
0.810691
0.810691
1.049701
0.880573
1.171210
1.171210
1.260984
1.160141
0.977717
0.977717
1.260984
1.063813
1.063813
1.026177
1.347549
1.026177
1.179445
1.371267
1.347549
1.423067
1.390714
1.465958
1.471601
1.457399
1.368310
1.423067
1.212308
1.505517
1.433535
1.372895
1.372895
1.433412
1.466128
1.475877
1.466128
1.361317
1.439293
1.377648
1.564035
1.574626
1.483610
1.524314
1.524314
1.524314
1.389839
1.815485
1.815485
1.927940
1.815485
1.389839
1.682048
1.964992
2.002558
1.326102
1.891302
1.971198
1.378796
1.357271
1.298340
1.357271
1.357271
1.298340
1.279494
1.653596
1.320063
1.699204
1.699204
1.791205
1.857681
1.718711
1.816246
1.816246
1.213248
1.277260
1.155183
1.641656
1.529306
1.092470
1.401198
1.558704
1.401198
1.346337
1.092470
1.477392
1.316432
1.313372
1.196526
1.240891
1.240891
1.167651
1.181202
0.885020
1.196526
0.985124
1.197340
1.167651
0.856085
0.881311
0.906902
1.033918
1.069298
0.925903
0.888723
0.888723
1.033918
1.033918
1.050721
0.920355
0.801901
0.781248
0.936516
1.065998
0.780926
0.780926
0.761504
0.761504
0.761504
0.877963
0.910565
1.061804
0.979476
1.049701
0.841482
1.061804
0.900931
0.841482
1.165658
0.945100
1.260984
1.448970
1.260984
1.329708
1.347549
1.329708
1.465958
1.465958
1.390714
1.423067
1.465958
1.261442
1.320488
1.548918
1.310931
1.377648
1.320488
1.364816
1.320488
1.320488
1.739489
1.682048
1.524314
1.675456
1.815485
1.815485
1.927940
1.682048
1.927940
1.788601
1.682048
1.682048
1.637197
1.705873
2.002558
1.378796
1.403219
1.326102
1.378796
1.497313
1.416438
1.571864
1.344281
1.779977
1.768185
1.768185
1.834579
1.285525
1.857681
1.786303
1.313741
1.155183
1.155821
1.198118
1.477392
1.456903
1.456903
1.456903
1.066983
1.477392
1.204748
0.938355
0.976078
1.362203
1.362203
1.362203
0.876896
1.068002
1.236954
1.181202
1.107603
1.167651
1.240891
0.876896
0.915284
0.970918
1.181202
1.050721
1.069298
1.096531
0.853913
0.920355
0.888723
0.965864
0.968791
0.888723
0.936516
0.780926
0.780926
0.736535
0.736535
0.730426
0.773376
0.910565
0.744230
0.810691
1.166766
1.094035
1.061804
0.954898
0.880573
1.258619
0.945100
1.026177
1.429155
1.329708
1.347549
1.026177
1.468778
1.448970
1.465958
1.301037
1.423067
1.423067
1.423067
1.397475
1.397475
1.385471
1.368310
1.469270
1.212308
1.372895
1.475877
1.576425
1.471723
1.439293
1.540712
1.524314
1.576854
1.815485
1.788601
1.746223
1.951988
1.815485
1.927940
1.815485
1.973409
1.927940
1.927940
1.748134
1.598151
1.598151
1.493183
1.705873
1.493183
1.493183
1.378796
1.416438
1.657627
1.581527
1.699204
1.416438
1.298340
1.769638
1.653596
1.768185
1.665374
1.827123
1.827123
1.285360
1.239339
1.303192
1.857681
1.199004
1.786303
1.816246
1.285360
1.786303
1.659975
1.718711
1.213248
1.529306
1.130708
1.066983
1.056247
1.323298
1.456903
1.056247
0.993621
1.338721
0.915284
1.107603
1.068002
1.181202
1.181202
1.138221
1.033918
1.097389
1.033918
1.111344
0.963113
0.925903
1.096531
0.936516
0.768946
0.825224
0.808077
0.948933
0.948933
0.744230
0.754024
0.938437
0.810691
0.754024
1.080777
0.810691
0.922155
1.115767
1.195764
1.210420
0.977717
1.224159
1.320444
1.086311
1.086311
1.429155
1.429155
1.063813
1.136657
1.450624
1.383392
1.448970
1.450624
1.390714
1.300640
1.354191
1.117383
1.372895
1.354191
1.261442
1.548918
1.410980
1.490208
1.364816
1.617467
1.659117
1.540712
1.434065
1.678288
1.943595
1.739489
1.815485
1.739489
1.788601
1.529533
1.905104
1.951988
1.598151
1.746223
2.091728
2.090414
1.513773
2.090414
2.002558
2.090414
1.621108
2.090414
1.654776
1.654776
1.581527
1.401050
1.769638
1.401050
1.653596
1.729554
1.769638
1.834579
1.344281
1.827123
1.365509
1.834579
1.665374
1.827123
1.365509
1.365509
1.663433
1.857681
1.718711
1.365509
1.718711
1.659975
1.684513
1.313741
1.258148
1.198118
1.203951
1.558704
1.503867
1.457177
1.121307
1.375019
1.203951
1.130708
1.391790
1.457177
1.558704
1.445606
1.066983
1.338721
0.993621
1.033918
0.944488
1.101523
1.236954
1.111344
0.856085
0.982060
0.853913
0.825279
0.818401
0.890989
0.761190
0.705181
0.825224
0.801736
0.902800
0.786181
0.786181
0.979005
1.090312
0.873286
1.191740
1.136282
0.995911
1.320444
1.034795
1.448970
1.086311
1.401613
1.423067
1.236668
1.180826
1.180826
1.354191
1.469270
1.469270
1.250960
1.310931
1.576425
1.659117
1.659117
1.678288
1.951988
2.091728
1.529533
1.746223
1.746223
1.453897
1.557225
1.581527
1.809364
1.344281
1.401050
1.827123
1.729554
1.827123
1.365509
1.834579
1.852693
1.827123
1.834579
1.857681
1.954280
1.729554
1.718711
1.258148
1.258148
1.575176
1.575176
1.786303
1.718711
1.590679
1.433822
1.590679
1.457177
1.066983
1.121307
1.056247
1.121307
1.413939
1.338721
1.091144
1.240891
0.876896
1.109500
0.915284
0.925903
0.856085
0.856085
0.906902
0.781248
0.936516
0.968791
0.705181
0.797324
0.737942
0.768946
0.768946
0.761504
0.761190
0.695696
0.948933
0.938437
0.754024
0.786181
0.754024
1.094035
0.979476
1.115767
1.081527
1.207473
0.922155
0.995911
1.320444
1.191740
1.210420
1.330191
1.330191
1.450624
1.448970
1.379374
1.236668
1.236668
1.471601
1.354191
1.497883
1.576425
1.659117
1.739489
1.899842
1.899842
1.739489
1.943595
2.091728
2.272672
2.090414
2.090414
1.580230
1.621108
1.580172
1.580172
1.754717
1.657627
1.654776
1.653596
1.698551
1.852693
1.401050
1.321062
1.852693
1.786303
1.663433
1.313741
1.313741
1.313741
1.375019
1.524041
1.391790
1.281349
1.514249
1.121307
1.281349
1.281349
1.309122
1.281349
1.281349
1.323298
0.976078
0.956205
0.876896
0.992371
0.944488
1.109500
0.925903
0.906902
0.977357
0.847322
0.845004
0.970880
0.818489
0.737942
0.761190
0.786181
0.902800
0.963128
0.695696
0.979005
0.979476
1.001353
1.128162
1.210420
0.954898
1.086311
1.356746
1.356746
1.320444
1.328702
1.330191
1.450624
1.448970
1.320444
1.312263
1.309095
1.401613
1.401613
1.420046
1.397475
1.445124
1.180826
1.255977
1.255977
1.397475
1.255977
1.348184
1.348184
1.617467
1.471723
1.722722
1.540712
1.540712
1.850368
1.529533
2.033142
1.905104
2.125569
1.951988
1.951988
2.132817
1.973409
1.973409
2.091728
1.559359
1.580172
1.809364
1.832784
1.698551
1.769638
1.832784
1.550462
1.550462
1.507874
1.642105
1.303192
1.729554
1.412422
1.852693
1.834579
1.642105
1.507874
1.321062
1.642105
1.642105
1.589734
1.460994
1.590679
1.198118
1.545323
1.281349
1.401716
1.309122
1.424099
1.066983
1.167056
1.204778
0.993621
1.167056
0.856085
0.985124
1.111344
0.987240
0.905635
0.992371
0.970880
0.968791
0.835278
0.697397
0.669493
0.825224
0.737942
0.693676
0.761190
0.768331
1.094035
1.101297
1.253136
0.873286
1.225460
1.014416
0.995911
1.330191
1.381429
1.309095
1.178714
1.401613
1.381429
1.379374
1.379374
1.450624
1.271211
1.471601
1.403257
1.659117
1.766253
1.850368
1.850368
1.746223
1.678288
1.905104
1.512071
1.559359
1.513773
1.433979
1.557225
1.580172
1.583012
1.754717
1.754717
1.734553
1.922114
1.734553
1.595603
1.897687
1.852693
1.852693
1.698551
1.321062
1.258148
1.323161
1.464376
1.240234
1.347570
1.347570
1.545323
1.514249
1.309122
1.143421
1.146294
1.432033
1.323298
1.325533
1.350065
1.204778
1.413939
0.976078
1.053008
1.113225
1.338721
1.338721
1.307855
1.206559
1.106166
1.107603
0.956205
1.106166
0.991929
1.109500
1.012017
0.906902
1.116521
0.992371
0.847322
0.890989
0.824342
0.824342
0.948933
0.963128
0.754024
0.992881
1.101297
0.835836
1.356746
1.028039
1.172159
1.356746
1.014416
1.356746
1.356746
1.450624
1.372120
1.470076
1.236668
1.354191
1.291514
1.420046
1.445124
1.356304
1.445124
1.535287
1.654114
1.654114
1.766253
2.089325
1.659117
2.089325
1.722722
1.905104
1.943595
2.125569
2.033142
2.125569
2.132817
1.779313
1.570152
1.513773
1.661872
1.646650
1.754717
1.841064
1.832784
1.897687
1.897687
1.321062
1.656258
1.529134
1.656258
1.656258
1.656258
1.448231
1.589734
1.464376
1.323161
1.617893
1.313741
1.545323
1.401716
1.400162
1.432033
1.432033
1.400162
1.243505
1.309122
1.056247
1.313584
1.015869
1.032505
1.106166
1.221879
0.938143
0.905635
0.826558
0.888204
0.888723
0.980738
0.685573
0.756418
0.740374
0.740374
0.732527
0.979005
0.718341
0.811555
0.693676
0.988775
0.979476
1.012044
1.012044
1.090312
0.829680
1.098992
0.829680
1.098992
1.014416
1.356746
1.381429
1.136282
1.086311
1.271211
1.421975
1.654114
1.540712
1.850368
2.033142
1.687407
2.125569
2.125569
1.687407
1.687407
2.033142
2.033142
1.628494
1.580230
1.580230
1.583012
1.646650
1.635996
1.595603
1.698551
1.698551
1.542017
1.595603
1.445279
1.852693
1.412422
1.554907
1.476682
1.554907
1.529134
1.510302
1.321062
1.321062
1.412422
1.296782
1.759990
1.545323
1.347570
1.296782
1.522029
1.589734
1.514249
1.309122
1.243505
1.424099
1.203846
1.203846
1.325533
1.325533
1.350065
1.203846
1.106166
1.113225
1.106166
1.068006
1.106166
0.991929
1.111831
0.974382
0.842628
0.818489
0.835278
0.832666
0.811307
0.735560
0.699928
0.699928
0.857961
0.735560
0.671308
0.703412
0.786532
0.857961
0.874895
0.963128
0.811555
0.768331
1.101297
0.988775
0.768331
1.225460
1.098992
1.250212
1.253136
1.069376
0.929383
1.372120
1.381429
1.470076
1.291514
1.356304
1.766253
1.850368
2.125569
1.850368
2.033142
2.125569
1.779313
1.779313
1.559359
1.433979
1.477568
1.580230
1.841064
1.832784
1.922114
1.922114
1.916946
1.613179
1.897687
1.897687
1.595603
1.554907
1.656258
1.656258
1.656258
1.545323
1.449035
1.401716
1.545323
1.240741
1.400162
1.424099
1.405871
1.202120
1.309122
1.143421
1.053008
1.313584
1.120994
1.199355
1.053008
1.221879
1.147199
1.011375
1.147199
0.935045
0.974651
0.938143
0.826558
0.845004
0.845747
0.845004
0.847322
0.853913
0.765117
0.811307
0.832666
0.818489
0.655796
0.671308
0.734381
0.928216
0.811555
0.811555
0.928216
0.928216
1.012044
0.959591
0.988775
1.128162
1.101297
0.835836
1.131825
0.841947
1.131825
1.244519
0.835836
0.929383
1.328702
1.381429
1.328702
1.364578
1.328702
1.364578
1.178714
1.178714
1.535287
1.494835
1.494835
1.597811
1.494835
1.766253
1.597811
1.597811
1.762459
1.822739
1.779313
1.779313
1.599288
1.608448
1.580230
1.933040
1.782978
1.916946
1.698551
1.542017
1.445279
1.568801
1.321062
1.323161
1.656258
1.449035
1.449035
1.360400
1.656258
1.545323
1.553095
1.480087
1.449035
1.501763
1.548831
1.553095
1.360400
1.446137
1.243505
1.330731
1.438625
1.120994
1.048829
0.826558
0.865240
0.974382
0.986066
0.856727
0.699928
0.735199
0.857961
0.786532
0.732527
1.001353
0.732527
0.732527
0.768331
0.693676
1.012044
1.128162
1.131825
0.873286
0.811555
0.992881
0.891798
1.131825
1.131825
1.253136
1.250212
1.199226
1.381429
1.172159
1.014416
0.929383
1.308929
1.076384
1.022278
1.110400
1.178714
1.213058
1.361912
1.511153
1.630954
1.535287
1.630954
1.421975
1.654114
1.822739
1.822739
1.900611
2.089325
1.631782
1.624458
1.624458
1.701951
1.981412
2.089627
1.828005
2.089325
1.557044
1.570152
1.433979
1.477568
1.580230
1.661872
1.933040
1.916946
1.635996
1.916946
1.916946
1.698551
1.613179
1.744068
1.613179
1.417592
1.417592
1.309867
1.473178
1.330861
1.473178
1.464376
1.489381
1.759990
1.653421
1.656258
1.690323
1.296782
1.489381
1.596084
1.553095
1.548831
1.480087
1.553095
1.553095
1.615465
1.615465
1.537970
1.501763
1.405818
1.405871
1.425710
1.330731
1.286069
1.231532
1.341728
1.330731
1.302300
1.362476
1.301874
1.330731
1.120994
1.210723
1.210723
1.204778
1.210723
1.032505
1.035415
0.905635
1.011375
0.972533
0.941585
0.841263
1.074705
0.845747
0.888204
0.986066
0.888204
0.811307
0.811307
0.811307
0.811307
0.832666
0.699928
0.735560
0.700548
0.740374
0.874895
0.693676
0.734381
0.893984
0.769190
0.768331
0.824342
0.818323
0.811555
0.917242
0.978647
1.114380
0.984325
0.928361
1.172159
1.002409
1.372120
1.372120
1.372120
1.308929
1.470076
1.494032
1.421975
1.597811
1.762459
1.900611
2.089627
2.089627
2.103560
1.828005
2.101994
1.557044
1.599288
1.489975
1.608448
1.859887
1.832784
1.859887
1.635996
1.744068
1.445279
1.595603
1.417592
1.417592
1.549832
1.653421
1.596084
1.596084
1.347570
1.553095
1.486161
1.412191
1.405224
1.615465
1.341728
1.615465
1.480087
1.480087
1.253202
1.341728
1.501763
1.425710
1.424099
1.446137
1.446137
1.446137
1.362476
1.231532
1.183837
1.106217
1.147199
1.126125
1.107804
1.107804
0.996339
0.972533
0.841263
0.974382
0.842628
0.842628
0.693450
0.735199
0.735560
0.778262
0.857663
1.012044
0.893984
1.022970
0.959591
1.012044
0.769190
0.901847
0.841947
1.114380
0.841947
1.108155
1.262001
0.901847
1.262001
1.262732
1.223171
1.253136
1.109261
1.223171
1.421666
1.178714
1.420046
1.420046
1.654114
1.732113
1.822739
1.732113
1.822739
1.631782
2.103560
2.089627
1.701951
1.570152
1.509486
1.557044
1.599288
1.700168
1.782978
1.933040
1.683019
1.933040
1.933040
1.933040
1.744068
1.782978
1.916946
1.916946
1.658795
1.415388
1.568801
1.413490
1.752447
1.413490
1.752447
1.579978
1.579978
1.752447
1.330861
1.585791
1.585791
1.752447
1.473178
1.448231
1.690323
1.501763
1.405224
1.501763
1.389674
1.522029
1.615465
1.412191
1.553095
1.501023
1.405871
1.341728
1.446137
1.425710
1.311205
1.446137
1.341728
1.330731
1.199355
1.362476
1.242855
1.184753
1.228635
1.065599
1.011375
1.126125
0.996339
0.960271
1.047546
0.904307
0.856274
0.888204
0.930250
0.956991
0.862552
0.986066
0.809548
0.734381
0.893984
0.693667
0.818323
1.099172
0.901847
1.134518
1.002409
1.022278
1.022278
1.109261
1.109261
1.213058
1.213058
1.213058
1.213058
1.627578
1.822739
1.822739
2.089627
2.089627
1.828005
1.828005
2.103560
1.606801
1.599288
1.676113
1.700168
1.933040
1.859887
1.683019
1.859887
1.933040
1.608037
1.608037
1.615250
1.760231
1.658795
1.613179
1.499424
1.372938
1.579978
1.585791
1.730979
1.579978
1.579978
1.585791
1.752447
1.330861
1.585791
1.752447
1.330861
1.585791
1.363537
1.486161
1.579978
1.489381
1.372938
1.486161
1.690323
1.489381
1.596084
1.473178
1.596084
1.448231
1.486161
1.486161
1.625345
1.625345
1.448231
1.553095
1.615465
1.501763
1.566095
1.501023
1.446137
1.301874
1.405871
1.446137
1.301874
1.231532
1.183837
1.228635
1.048829
1.052392
1.021031
0.972533
1.064873
0.996339
0.972533
0.972533
0.965270
0.956991
0.986066
0.774718
0.832666
0.693450
0.655796
0.735199
0.734381
0.778262
0.857663
0.655796
0.778262
0.857663
0.693667
0.693667
0.917242
1.022970
0.901847
1.069152
0.959591
0.841947
0.959591
1.108155
1.195134
1.195134
1.195134
0.928361
0.928361
1.398267
1.262732
1.347212
1.398267
1.347212
1.347212
1.307449
1.347212
1.402931
1.430556
1.627578
1.717915
1.822739
1.778939
1.650773
2.089627
1.800108
2.089627
2.103560
2.103560
1.577191
1.457355
1.598639
1.599288
1.787139
1.788245
1.910795
1.693338
1.604128
1.760231
1.608037
1.445675
1.499424
2.033899
2.033899
2.039951
2.033899
1.411602
2.033899
1.692022
1.752447
1.893338
1.721326
1.579978
1.720466
1.418502
1.413490
1.730979
1.837769
1.839295
1.690323
1.730979
1.301290
1.730979
1.566095
1.401734
1.409710
1.494568
1.607830
1.615465
1.607830
1.615465
1.302300
1.438932
1.501023
1.373725
1.199355
1.197633
1.106217
1.026231
1.038651
0.977250
1.011375
0.941585
0.845747
0.974651
0.965903
1.047546
1.047546
1.047546
0.949882
0.812462
0.738739
0.697603
0.658164
0.655796
0.684886
0.818356
0.925958
0.769262
0.832397
0.917242
0.818323
1.134518
1.099172
0.841947
0.841947
1.069152
1.115255
1.108155
1.233321
1.248425
1.136755
1.262001
0.901847
1.244519
1.364578
1.213058
1.109261
1.364578
1.407609
1.402931
1.484222
1.541584
1.511153
1.494032
1.627578
1.822739
1.778939
1.538125
1.762459
1.828005
2.008618
2.059198
2.032163
2.103560
2.103560
1.633804
1.489975
1.503468
1.514158
1.788245
1.938551
1.787139
1.788245
1.944381
1.788245
1.615250
2.039951
2.131343
1.411602
2.039951
1.467001
1.730979
1.839295
1.685763
1.884656
1.884656
2.131343
1.839295
1.538761
1.538761
1.538761
1.907897
1.837769
1.690323
1.417592
1.586462
1.625345
1.586462
1.680976
1.401734
1.430077
1.298186
1.438932
1.314911
1.311205
1.319077
1.242855
1.373725
1.064873
1.078771
1.021031
1.021031
1.032045
0.951592
0.980013
1.047546
0.980013
0.980013
1.047546
0.965903
0.951592
0.951592
0.949882
0.910764
0.956991
0.956991
0.735199
0.825911
0.734381
0.787877
0.857663
1.013307
0.769190
1.140239
1.069152
1.115255
1.115255
1.127275
1.069152
1.134518
1.120056
1.109261
1.002409
1.368354
1.109261
1.117807
1.117807
1.234697
1.717915
1.717915
1.731877
1.778939
1.778939
2.008618
1.858187
2.059198
1.538125
1.538125
1.569922
1.606801
1.676113
1.565122
1.577191
1.598639
1.598639
1.704594
1.604128
1.704594
1.788245
1.898297
1.447690
1.683019
1.447690
1.445675
1.445675
2.039951
2.131343
2.039951
2.039951
1.987285
1.721326
1.907897
1.884656
1.733887
1.564257
1.549832
1.576890
1.395203
1.576890
1.363537
1.279361
1.279361
1.564257
1.733887
1.494815
1.586462
1.733887
1.566095
1.401734
1.401734
1.409710
1.314911
1.546905
1.491871
1.315532
1.302300
1.491871
1.373725
1.418304
1.293169
1.315532
1.424935
1.242855
1.242855
0.951592
0.980013
1.032045
0.910764
0.910764
0.812462
0.964557
0.948604
0.809548
0.738739
0.655796
0.867952
0.970983
0.818323
0.925958
1.016709
0.904426
1.280645
0.904426
1.195134
1.120056
1.120056
1.078296
1.223326
1.002121
1.002121
1.280645
1.019068
1.019068
1.224855
1.369577
1.546033
1.019068
1.402896
1.347212
1.639199
1.731877
1.650773
1.717915
1.960764
1.800108
2.004777
1.800108
1.800108
2.059198
1.650773
2.059198
1.485931
1.485931
1.485931
1.489975
1.577191
1.503468
1.788245
1.604128
1.604128
1.704594
1.704594
1.447690
1.693338
1.693338
1.693338
1.658795
2.131343
2.131343
2.131343
1.411602
2.087319
1.999725
1.999725
1.891456
1.418502
1.839295
2.208669
1.907897
1.987285
1.987285
2.058989
1.907897
1.721326
1.576890
1.720466
1.720466
1.360506
1.336958
1.301290
1.279361
1.835588
1.733887
1.312764
1.312764
1.680976
1.733887
1.366513
1.401734
1.438932
1.607830
1.680716
1.491871
1.293169
1.285987
1.359824
1.319077
1.136736
1.197633
1.164994
1.074602
1.126125
1.241052
1.078771
1.078771
1.116953
1.097373
1.078771
1.032045
0.940363
0.940363
0.738739
0.738739
0.734381
0.733515
0.825847
0.769262
0.825847
1.140239
0.925958
1.078296
0.832397
1.115255
1.127275
0.831577
1.233321
1.233321
1.233321
0.927650
1.423539
1.262732
1.368354
1.234697
1.234697
1.117807
1.487533
1.402931
1.731877
1.717915
1.717915
1.717915
1.778939
2.004777
2.008618
2.008618
2.008618
1.526060
1.788245
1.788245
1.862238
1.898297
1.505024
1.505024
2.039951
2.087319
2.087319
1.999725
1.999725
1.991419
2.131343
2.087319
1.884656
2.058989
1.418502
1.907897
1.856159
1.464622
1.464622
1.987285
1.450587
1.428593
1.349014
1.349014
1.349014
1.409710
1.306963
1.409710
1.607830
1.566095
1.680976
1.566095
1.409710
1.651298
1.315532
1.216942
1.256919
1.184753
1.216942
1.074602
1.097373
1.074602
1.103713
1.010762
1.047546
1.032045
0.949882
1.088663
0.910764
0.809548
0.697603
0.697603
0.840157
0.825847
1.078296
1.280645
1.280645
1.271459
1.384151
1.248425
1.423539
1.369577
1.369577
0.999270
1.234697
1.234697
1.546033
1.605683
1.484222
1.639199
1.614189
1.614189
1.614189
1.577569
1.800108
1.800108
1.778939
1.538125
1.569922
1.633804
1.857237
1.485931
1.742273
1.503468
1.699347
1.791656
1.591662
1.604128
1.788245
1.704594
1.704594
1.898297
1.898297
1.693338
1.433886
1.518782
1.505024
1.385287
1.999725
1.999725
2.151769
1.991419
2.087319
2.058989
1.721326
1.960550
1.987285
1.907897
1.572532
1.856159
1.279361
1.404692
1.317654
1.284947
1.586462
1.799629
1.306963
1.428593
1.450587
1.715940
1.366513
1.418304
1.465992
1.277125
1.430077
1.391043
1.424935
1.216942
1.359086
1.353831
1.168449
1.256919
0.980013
1.137551
1.144167
0.993043
1.053763
1.053763
0.993043
0.910005
0.910005
0.746331
0.697603
0.840157
0.697603
0.787111
0.733515
0.733515
0.738739
0.787877
0.970983
0.970983
0.925958
1.016709
1.016709
1.140239
0.904426
0.832397
1.056294
0.904426
1.127275
1.248425
0.989116
1.206718
1.280645
1.233321
1.541584
1.731877
1.650773
1.561930
1.800108
1.938763
2.004777
1.731877
1.960764
1.857237
1.469000
1.902575
1.526060
1.577191
1.565122
1.487538
1.742273
1.503468
1.591662
1.429412
1.604128
1.663819
1.404066
1.222749
2.104743
2.087319
2.000915
2.081916
2.151769
2.151769
1.466436
1.418502
1.856159
1.385287
1.833467
1.856159
1.960550
1.839295
1.720466
1.306963
1.428593
1.404692
1.677761
1.833467
1.680330
1.373845
1.566095
1.438932
1.373845
1.314911
1.485408
1.465992
1.380272
1.519458
1.391043
1.285987
1.397502
1.397502
1.353831
1.213767
1.213767
1.078771
1.077814
1.085978
1.220537
1.064425
1.085978
1.076297
1.076297
1.025443
1.075887
0.940363
0.940363
0.697603
0.840157
0.710222
0.810316
0.923593
0.970298
0.769262
0.805900
0.970983
0.970983
1.078296
1.056294
1.078296
1.117807
1.101587
0.897003
1.269679
1.208343
1.380695
1.504171
1.504171
1.648208
1.876564
1.857237
2.004777
1.938763
1.938763
1.447255
1.857237
1.705253
1.503468
1.742273
1.759452
1.742273
1.591662
1.742273
1.842913
1.704594
1.704594
1.433886
1.429412
1.485450
1.518782
1.404066
1.485450
2.081916
2.103057
2.103057
2.081916
2.081916
2.000915
2.151769
1.856159
2.104743
2.151769
2.151769
1.390334
1.707982
1.572532
1.560659
1.677761
1.200739
1.200739
1.651298
1.604655
1.519458
1.519458
1.277125
1.277125
1.465992
1.380272
1.304152
1.293169
1.197633
1.137551
1.144167
1.010762
1.075887
1.075887
0.956991
0.910005
0.779852
0.787877
0.906645
0.991928
0.906645
1.088583
1.088583
1.130775
1.085605
1.206718
1.206718
1.296435
1.443697
1.369577
1.358436
1.384151
1.374596
1.117807
1.019068
1.208343
1.208343
1.368354
1.487533
1.538897
1.648208
1.648208
1.514793
1.514793
1.778939
1.700522
1.585239
1.700522
1.938763
1.857237
1.469000
1.447255
1.485931
1.433123
1.705253
1.685229
1.742273
1.742273
1.685229
1.663819
1.663819
1.663819
1.504856
2.103057
1.464341
1.464341
2.000915
2.103057
2.103057
1.466436
1.352166
1.385287
1.833467
2.081916
1.833467
1.707982
1.360506
1.319867
1.856159
1.404692
1.284947
1.428593
1.471599
1.296954
1.799629
1.799629
1.799629
1.360506
1.799629
1.799629
1.437047
1.680330
1.651298
1.373845
1.380272
1.502922
1.442797
1.519458
1.567428
1.353831
1.147957
1.147957
1.295385
1.397502
1.317005
1.220537
1.220537
1.137551
1.060704
1.189086
1.060704
1.060704
0.940363
0.779852
0.816020
0.779852
0.710222
0.810316
0.810316
0.970983
0.805900
0.831577
1.110228
1.110228
1.110228
0.831577
1.056294
0.905175
1.110228
1.085605
1.110228
0.897003
1.140239
1.130775
1.296435
1.280154
0.989116
1.228201
1.296435
1.223485
1.208343
1.537457
1.605683
1.648208
1.648208
1.795913
1.648208
1.469000
1.526060
1.525128
1.565122
1.487538
1.487538
1.487538
1.685229
1.705253
1.742273
1.842913
1.663819
1.464341
2.104743
2.104743
2.011939
1.352166
2.103057
1.978378
2.081916
2.103057
2.000915
1.381127
1.425887
2.081916
2.151769
1.425887
1.856159
1.833467
1.833467
1.873491
1.677761
1.428593
1.538419
1.317654
1.680330
1.770856
1.604655
1.366513
1.604655
1.373845
1.306925
1.323890
1.323890
1.460761
1.365635
1.285987
1.202422
1.365635
1.241052
1.202422
1.202422
1.442797
1.202422
1.159699
1.144167
1.100079
1.128790
1.053763
1.009105
1.009105
0.864158
0.906645
0.903944
1.028962
1.028962
1.110228
0.905175
0.831577
1.228201
1.296435
1.269679
1.223485
1.269679
1.101587
1.358436
1.208343
1.208343
1.537457
1.577569
1.577569
1.589808
1.589808
1.795913
1.876564
1.795913
1.938763
1.938763
1.857237
1.585239
1.938763
1.585239
1.438885
1.705253
1.525128
1.591662
1.591662
1.860356
1.685229
1.860356
1.655686
1.663819
1.429412
1.380700
1.494983
1.380700
1.504856
1.357901
1.958671
2.151769
2.000915
2.103057
2.081916
1.767175
2.104743
1.919075
1.707982
1.471599
1.390334
1.568328
1.043065
1.317654
1.680330
1.873491
1.727179
1.396357
1.317654
1.373845
1.306925
1.417974
1.417974
1.653619
1.502922
1.471416
1.567428
1.460761
1.502922
1.365635
1.384890
1.295385
1.295385
1.350488
1.304152
1.406494
1.135676
1.130373
1.317005
1.231684
1.010762
1.128790
0.970298
0.970298
0.923593
0.805900
0.805900
0.864158
0.864158
0.810316
1.056294
1.087087
1.028962
1.130775
1.110228
1.110228
1.130775
1.110228
0.905175
0.905175
1.262274
1.228201
1.228201
1.398073
1.374596
0.962401
1.327115
1.374596
1.327115
1.101587
1.208343
1.409969
1.537457
1.380695
1.793226
1.504171
1.793226
1.625708
1.469000
1.526060
1.526060
1.423501
1.635472
1.525128
1.685229
1.634997
1.685229
1.655686
1.504856
1.485450
1.464341
1.978378
1.987636
2.081916
1.987636
2.000915
1.919075
1.962578
1.991419
1.319867
1.833467
1.538419
1.425546
1.425546
1.180803
1.250748
1.319867
1.767175
1.391576
1.391576
1.391576
1.600312
1.306925
1.512923
1.612526
1.544341
1.544341
1.417974
1.544341
1.567428
1.440615
1.384890
1.612566
1.440615
1.323890
1.241389
1.202422
1.241389
1.271628
1.295385
1.135676
1.128790
0.866247
0.805900
0.949287
0.949287
0.960390
0.810316
0.879997
0.925249
0.996867
0.996867
0.870032
1.206718
0.897003
1.296435
0.974446
0.989116
0.897003
0.999270
1.323283
1.192038
1.226780
1.443697
1.071124
1.165713
1.073471
1.663308
1.607247
1.630484
1.630484
1.648208
1.509724
1.589808
1.467856
1.686997
1.467856
1.467856
1.768990
1.876564
1.589808
1.768990
1.938763
1.835120
1.938763
1.487538
1.655686
1.781349
1.655686
1.383816
1.383816
1.380700
1.433886
1.485450
1.430332
1.402403
1.402403
2.081916
2.081916
1.962578
1.352166
1.962578
1.960550
1.962578
1.638425
1.638425
1.462466
1.767175
1.568328
1.296954
1.772624
1.772624
1.839301
1.043065
1.043065
1.319867
1.873491
1.727179
1.330650
1.670942
1.600312
1.779838
1.660593
1.512923
1.391576
1.697660
1.594002
1.612526
1.737661
1.701821
1.620305
1.660593
1.660593
1.620305
1.544341
1.544341
1.612526
1.544341
1.440615
1.440615
1.440615
1.284825
1.548419
1.447791
1.159699
1.271821
0.901665
0.923593
0.870032
0.903944
0.870032
0.925249
0.925249
1.110228
1.045102
0.996867
1.045102
1.045102
1.179627
1.262274
0.974969
1.101587
1.165713
1.165713
1.165713
1.409969
1.409969
1.519861
1.519861
1.686997
1.423501
1.444407
1.835120
1.557345
1.488827
1.488827
1.635472
1.635472
1.383816
1.370981
1.781349
1.781349
1.655686
1.458970
1.458970
1.357901
1.402403
1.978378
2.011939
1.381127
1.962578
1.294961
1.919075
1.638425
1.462466
1.319867
1.330650
1.910902
1.295445
1.512923
1.448533
1.396357
1.600312
1.594002
1.620305
1.417974
1.512923
1.660593
1.677229
1.544341
1.544341
1.448533
1.512923
1.530821
1.384890
1.440615
1.440615
1.406494
1.271821
1.271821
0.901665
0.773562
0.872707
0.866247
0.866247
0.949287
0.879997
0.956357
0.879997
0.956357
0.974446
0.870032
1.027906
1.027906
1.099187
1.095108
0.996867
0.974969
1.179627
1.146539
1.045102
0.989116
1.179627
1.226780
0.974969
1.323283
1.398073
1.073471
1.327115
1.073471
1.040685
1.165713
1.489071
1.723492
1.630484
1.630484
1.630484
1.686997
1.444407
1.632907
1.768990
1.686997
1.768990
1.423501
1.423501
1.523811
1.488231
1.781349
1.485318
1.485318
1.380700
1.303202
2.011939
2.011939
1.839024
1.987636
2.011939
1.978378
1.962578
1.821023
1.919075
1.752885
1.919075
1.778127
1.043065
1.381127
1.987636
1.330650
1.987636
1.767175
1.737730
1.330650
1.701821
1.701821
1.600312
1.660593
1.673223
1.695576
1.417974
1.417974
1.529809
1.671966
1.572922
1.512923
1.594002
1.448533
1.340146
1.620305
1.612566
1.594002
1.460761
1.512923
1.447791
1.448032
1.269108
1.412455
1.269108
1.314969
1.145423
1.145423
1.231684
1.271821
1.231684
1.061344
1.087087
1.061344
0.901665
1.087087
1.087087
0.870032
1.087087
1.045102
1.045102
1.146539
1.262274
1.095108
1.027906
1.077792
1.262274
0.974969
1.095108
1.226780
1.398073
1.398073
1.398073
1.489071
1.474362
1.489071
1.471300
1.519861
1.630484
1.572400
1.572400
1.723492
1.686997
1.406144
1.686997
1.632907
1.656267
1.406144
1.438885
1.488827
1.408663
1.438885
1.488231
1.635472
1.438885
1.523811
1.525128
1.747859
1.781349
1.781349
1.781349
1.655686
1.655686
1.781349
1.414629
1.458970
1.458970
1.284441
1.217053
1.300096
2.011939
1.992683
2.021593
1.381127
1.752885
0.967053
0.966777
1.919075
1.191870
0.808374
1.873491
1.330650
1.855514
1.447137
1.779838
1.439486
1.784314
1.643627
1.568488
1.671092
1.568488
1.572922
1.328241
1.417974
1.512923
1.512923
1.512923
1.495100
1.620305
1.512923
1.568488
1.677229
1.529809
1.529809
1.612566
1.594002
1.394582
1.539786
1.448032
1.394582
1.269108
1.145423
0.773562
0.773562
0.956357
1.010809
1.010809
1.010809
0.775538
0.925249
1.010809
0.956357
0.956357
0.879997
1.010809
1.010809
0.956357
0.856132
1.127799
0.974969
0.903291
1.077792
1.192038
0.980940
0.890367
1.107113
1.368533
1.165713
1.474362
1.355460
1.434931
1.519861
1.607247
1.723492
1.526450
1.509724
1.428677
1.632907
1.632907
1.835120
1.423501
1.406144
1.557345
1.523811
1.525128
1.408663
1.661054
1.383816
1.305882
1.564154
1.655686
1.309952
1.305882
1.787305
1.782188
1.787305
1.992683
1.992683
1.839024
2.011939
1.992683
2.021593
1.797121
1.352166
1.797121
1.313443
1.839301
1.778127
1.523703
1.240570
1.839301
1.821023
1.987636
1.368049
1.270929
1.821023
1.330650
1.764269
1.673223
1.673223
1.663482
1.329642
1.511993
1.700637
1.568488
1.485904
1.594002
1.529809
1.572922
1.529809
1.448032
1.314969
1.394582
1.269108
0.692338
0.718224
0.773562
0.836407
0.866247
0.773562
0.759505
0.866247
0.925249
1.028570
1.177217
1.249445
1.249445
1.075032
1.262274
1.218572
0.856132
0.974446
0.974446
1.044356
1.077792
1.361598
1.398073
1.073471
1.020227
1.239158
1.107113
1.596732
1.511412
1.428677
1.511412
1.428677
1.406144
1.538824
1.632907
1.557345
1.348550
1.348550
1.438885
1.564029
1.564029
1.634997
1.661054
1.305882
1.309952
1.754257
1.754257
1.754257
1.787305
1.782188
1.782188
1.811495
1.787305
1.782188
1.836433
1.751012
1.787305
1.787305
1.787305
1.836433
1.782188
1.803662
1.839024
1.782188
1.872147
1.327020
2.021593
1.885401
1.192106
0.978667
1.294961
0.979193
1.607054
1.778127
1.738460
1.738460
1.738460
1.240570
1.381127
1.764269
1.821023
1.313443
1.829021
1.368049
1.700637
1.663482
1.671092
1.572922
1.526188
1.444352
1.526188
1.529809
1.572922
1.529809
0.773562
0.753871
0.740395
0.740395
0.925249
0.877398
1.028570
0.870032
1.028570
0.971578
1.075032
1.204905
1.044356
0.936316
1.218572
0.925249
1.177217
1.095108
1.234511
1.243225
1.481880
1.344833
0.949739
1.481880
1.107113
1.607247
1.471300
1.471300
1.575833
1.511412
1.428677
1.511412
1.656267
1.656267
1.538824
1.632907
1.538824
1.482245
1.352719
1.523811
1.416035
1.438653
1.564029
1.661054
1.564029
1.811495
1.778790
1.754257
1.778790
1.782188
1.224540
1.787305
1.836433
1.363532
1.992683
1.808375
1.782188
1.797121
1.286432
1.839024
1.839024
1.192106
1.797121
1.821023
1.814206
1.885401
1.560664
1.192106
1.829021
1.821023
1.829021
1.829021
1.750104
1.737730
1.663482
1.775447
1.700637
1.340146
1.444352
1.404592
0.753871
0.692338
0.692338
0.740395
0.721050
0.802112
0.753871
0.887390
0.740395
0.740395
0.759505
0.856132
0.751859
0.971578
0.751859
0.936316
1.135508
0.903291
0.810527
1.204905
1.204905
1.075032
1.135508
1.262274
1.234511
1.234511
0.890367
1.234511
1.107113
1.107113
1.368533
1.107113
1.202664
1.029564
1.202664
1.596732
1.428677
1.428677
1.538824
1.351080
1.408663
1.416035
1.564029
1.564029
1.239132
1.414629
1.414629
1.811495
1.811495
1.811495
1.811495
1.787305
1.851911
1.782188
1.300096
1.782188
1.836433
1.787305
1.248490
1.836433
1.610105
1.782188
1.300096
1.286432
1.327020
1.872147
1.626451
0.802863
1.872147
1.885401
1.039518
0.978667
1.826077
1.778127
1.313443
1.738460
1.829021
1.313443
1.368049
1.396687
1.585708
1.700637
1.643627
1.590768
1.590768
1.514178
1.671092
1.438254
1.514178
1.514178
1.618918
0.753871
0.753871
0.753871
0.759505
0.679442
0.740395
0.802112
0.759505
0.759505
0.887390
0.971578
0.971578
0.856132
0.936316
0.971578
1.028570
1.044356
1.044356
1.135508
0.926627
0.857423
1.077792
1.077792
1.361598
1.204905
1.135508
1.135508
0.928825
1.020227
0.980940
1.240895
1.504719
1.001250
1.481880
1.202664
1.202664
1.575833
1.596732
1.318999
1.596732
1.428677
1.482245
1.391475
1.351080
1.348550
1.408663
1.530790
1.564029
1.414629
1.309952
1.811495
1.397640
1.754257
1.590359
1.836433
1.836433
1.787305
1.787305
1.803662
1.648088
1.630391
1.836433
1.855515
1.655813
1.578637
0.979193
1.269219
1.872147
1.663997
1.399364
1.236073
1.399241
1.764269
1.439486
1.526188
1.590768
1.484246
1.618918
1.427139
1.452699
1.452699
0.753871
0.802112
0.740395
0.824413
0.887390
0.887390
0.936316
0.877398
1.204905
0.926627
1.361598
0.981147
1.084105
1.107113
0.981147
1.186589
1.471300
1.342051
1.434931
1.342051
1.575833
1.596732
1.294999
1.436406
1.406144
1.406144
1.351080
1.351080
1.352719
1.523811
1.295306
1.416035
1.435617
1.661054
1.564029
1.564029
1.851911
1.646438
1.596059
1.811495
1.590359
1.610105
1.646438
1.599043
1.599043
1.363532
1.363532
1.648088
1.599043
1.286432
1.610105
1.636969
1.368417
0.967053
1.399364
1.641217
1.885401
1.885401
1.885401
1.236073
1.235243
1.591183
1.622287
1.619593
1.303102
1.283042
1.478118
1.585708
1.572300
1.396687
1.387888
1.329642
1.526025
1.526025
1.312019
0.692338
0.679442
0.721050
0.740395
0.802112
0.725736
0.773548
0.856132
0.856132
0.791363
0.751859
0.901651
0.971578
0.751859
0.876825
1.070379
1.135508
0.926627
1.177217
1.135508
1.177217
0.755738
1.235040
1.190835
1.109388
0.895863
1.240895
1.481880
1.390833
0.928825
1.368533
1.243569
1.342051
1.041936
1.342051
1.342051
1.474292
1.557723
1.478902
1.596732
1.428677
1.538824
1.656267
1.397808
1.436406
1.472966
1.391475
1.391475
1.391475
1.564029
1.564029
1.220250
1.239132
1.217053
1.646438
1.646438
1.672355
1.778790
1.672355
1.672355
1.590359
1.672355
1.248490
1.249875
1.561117
0.885716
1.578637
1.578637
1.655813
1.547775
1.547775
1.547775
1.327020
1.269219
1.626451
1.401054
1.333571
1.351462
1.619593
1.560192
1.572300
1.386365
1.399241
1.719099
1.526025
1.556630
1.503113
0.743832
0.687820
0.753871
0.687820
0.753871
0.743832
0.753871
0.725736
0.857423
0.857423
0.857423
0.822581
1.235040
1.070379
1.070379
0.980940
0.967780
1.248145
1.235040
1.361598
1.265465
0.928825
1.240895
1.001250
1.318999
1.202664
0.934510
1.478902
1.435617
1.295306
1.295306
1.356454
1.672355
1.672355
1.646438
1.646438
1.727189
1.590359
1.644191
1.644191
1.644191
1.644191
1.303624
1.609630
1.644191
1.648088
1.672355
1.630391
1.610105
1.590359
1.610105
0.854678
1.023441
1.109082
1.399364
1.655813
1.648088
1.304510
1.560664
1.547775
1.621213
1.333571
1.585708
1.572300
1.572300
1.643627
1.373145
1.447193
1.427139
0.808460
0.743832
0.791363
0.766567
0.682512
0.901651
0.822581
1.070379
0.895863
1.248145
1.109388
1.474292
1.342641
1.342641
1.063795
1.041936
1.308958
1.068411
1.068411
1.115045
1.115045
1.478902
1.294999
1.436406
1.384318
1.391475
1.351080
1.244748
1.295306
1.338962
1.338962
1.356454
1.356454
1.008449
1.327705
1.727189
1.596059
1.173956
1.596059
1.672355
1.596059
1.596059
1.644191
1.644191
1.610105
1.590359
1.599043
1.630391
0.929602
1.648088
1.209286
1.039518
0.929602
0.958501
0.887284
1.219622
1.561117
1.641217
1.610105
1.333571
1.235243
1.621213
1.436830
1.619593
1.503171
1.560192
1.386365
1.303102
0.743832
0.773548
0.773548
0.901651
0.808460
0.901651
0.894240
0.822581
0.894240
0.894240
1.190835
0.822581
0.766567
0.894240
1.056994
1.190835
0.895863
0.895863
0.928825
0.928825
1.056994
1.056994
0.990659
1.077450
1.077450
1.235040
0.990659
1.109388
1.196577
1.109388
1.077450
1.063795
1.155900
1.240895
1.334776
1.489890
1.342051
1.184349
1.478902
1.063795
1.068411
1.068411
1.478902
1.115045
1.115045
1.115045
1.235171
1.220250
1.435617
1.193808
1.472556
1.008449
1.064979
1.165769
1.727189
1.680527
1.680527
1.008449
1.727189
0.998562
1.064979
0.953806
1.336668
1.249875
1.596059
1.465190
1.596059
1.590359
1.646438
1.648088
0.887284
0.887284
1.501140
1.111771
1.633739
1.250156
1.352837
1.485405
1.489068
1.621213
1.433712
1.390896
1.534623
1.534623
1.503113
1.503113
0.773548
0.843193
0.687820
0.766567
0.843193
0.791363
0.901651
1.003510
0.864561
1.235040
1.235040
1.248145
1.056994
1.001250
1.161142
1.196577
1.056994
1.390833
1.154872
1.077450
1.155900
1.334776
1.206140
1.342641
1.214273
1.214273
1.474292
1.474292
1.041936
1.063795
1.091082
1.154872
1.474292
1.205574
1.047014
1.478902
1.380228
1.435617
1.128989
0.881359
1.165769
1.356454
1.064979
0.960083
1.680527
1.727189
1.345767
0.831541
1.336668
1.432228
1.173956
1.646438
0.913557
0.913557
0.831541
1.653370
0.913557
1.173956
1.173956
1.648088
0.929602
1.345767
1.361188
1.209286
1.079750
1.219622
1.461455
1.248490
1.167630
1.167630
1.209286
1.368417
1.648088
1.655813
1.351066
1.641217
1.269219
1.461455
1.457571
1.655813
1.619593
1.476156
1.326319
1.183758
1.351462
1.601246
1.476156
1.432158
1.351462
1.447193
1.447193
1.398154
1.503113
0.843193
0.808460
0.766567
0.864561
0.941848
1.090111
0.942990
1.144757
1.095016
0.935529
1.034321
1.009477
1.219053
1.091082
1.364979
1.155900
1.489890
1.091082
0.994636
1.130990
1.047014
1.205574
1.130990
1.081782
1.115045
1.047014
1.170828
0.987858
0.920379
1.047014
1.130990
1.205746
1.359196
1.081782
1.197273
1.351080
1.391475
1.435617
1.435617
1.326667
1.326975
1.326975
1.435617
1.472556
1.304396
1.428199
1.396293
1.338962
1.428199
0.881359
1.428199
1.396293
1.452448
1.336668
1.595528
1.336668
1.408746
1.680527
1.079750
1.517445
1.517445
1.336668
1.345767
1.517445
1.646438
1.465213
1.079750
0.831541
1.465190
1.517445
0.771839
0.958501
1.440867
1.440867
1.303624
1.351066
1.183758
1.489068
1.486276
1.470346
1.476156
1.360592
1.433712
1.469174
1.390896
1.427932
1.427932
1.240948
0.925408
0.864561
1.013156
0.942990
0.925408
0.942990
1.090111
1.144757
1.090111
1.241241
0.942990
1.259303
1.110907
1.386342
1.259303
1.259303
1.342051
1.209085
1.184349
1.184349
1.364979
1.364979
1.364979
1.206140
1.155900
1.095016
1.155900
1.232112
1.474292
1.130990
1.359196
1.263906
1.205574
1.153536
1.205746
1.130990
1.270173
1.205746
1.197273
1.081782
1.081782
1.205746
1.235171
1.197273
1.225738
1.284947
1.284947
1.391475
1.080924
1.225738
1.249339
1.193808
1.179566
1.179566
1.326975
1.304396
1.152470
1.304396
1.152470
1.128989
0.960083
0.960083
1.119424
1.119424
1.396293
1.304396
1.215655
1.336668
1.452448
1.336668
1.452448
1.507957
1.396293
1.079750
1.215655
1.507957
1.002557
1.036542
1.327705
1.432228
1.517445
1.222452
1.002557
1.440867
1.465213
1.219622
1.219622
1.222452
1.517445
1.249266
1.465190
1.440867
1.486276
1.351066
1.440867
1.248490
1.217108
1.217108
1.470346
1.298830
1.427932
1.298737
1.360592
1.298830
1.442242
1.442242
1.328399
1.430646
0.942990
0.942990
1.188875
1.013156
1.110907
1.110907
1.241241
1.209085
1.361761
1.337622
1.091082
1.206140
1.206140
1.361761
1.361761
1.337622
1.352540
1.277552
1.270173
1.184349
1.408694
1.337622
1.337622
1.194831
1.270173
1.153536
1.232112
1.153536
1.153536
1.361614
1.270173
1.436406
1.270173
0.920379
0.920379
1.170828
1.081782
1.311985
1.311985
1.333171
1.080924
1.080924
1.080924
1.225738
1.193808
1.333171
1.087856
1.333171
1.326975
1.087856
1.087856
1.179566
1.326667
1.087856
1.246729
1.428199
1.428199
1.246729
1.246729
1.152470
1.003302
1.224457
1.246729
1.277054
1.304396
0.931071
1.428199
1.304396
1.061327
0.881359
1.036542
1.224457
1.119424
1.234982
1.396293
1.036542
1.222452
1.036542
1.336668
1.491762
1.002557
1.002557
1.079750
1.079750
1.358570
1.335433
1.358570
1.358570
1.470346
1.279824
1.501140
1.351066
1.217108
1.272116
1.250156
1.501140
1.489068
1.328399
1.328399
1.398154
1.110907
1.277552
1.082105
1.082105
1.361761
1.361761
1.361761
1.429250
1.429250
1.429250
1.205574
1.361614
1.361614
1.361614
1.098160
0.906951
1.170828
1.170828
1.311985
1.339069
1.380228
1.192427
1.333171
1.225738
1.192427
1.326667
1.326667
1.326975
1.326975
1.249339
1.193808
1.094252
1.062137
1.249339
0.931071
1.087856
1.326975
1.193808
1.128989
0.931071
1.003302
0.931071
1.034766
1.003302
1.061327
1.224457
1.224457
1.182766
1.215655
1.277054
1.253937
1.452448
1.336668
1.253278
1.452448
1.432228
1.507957
1.298566
1.358570
1.249266
1.272116
1.491762
1.340516
1.486276
1.476156
1.326517
1.469174
1.293396
1.493321
1.493321
1.366587
1.366848
1.328399
1.430646
1.442242
1.077434
1.077434
1.135491
1.230874
1.277895
1.213239
1.232112
1.249436
1.026696
1.026696
0.920379
0.820580
0.906951
1.333171
1.311985
0.839868
0.952368
1.192427
1.059787
1.326667
0.920578
1.003302
0.920578
0.946093
1.161457
1.094252
1.161457
1.215655
1.277054
1.253278
1.465190
1.119424
1.249266
1.277054
1.309893
1.465190
1.148784
1.486276
1.164948
1.162796
1.343399
1.118875
1.298830
1.217108
1.366587
1.269649
1.352540
1.361761
1.252461
1.079262
1.206140
1.066410
1.098160
1.135491
1.232112
1.418287
1.139364
1.078475
1.205746
1.027485
1.170828
1.179686
0.926076
1.069514
0.926076
1.259944
0.952368
1.123696
1.123696
0.803473
1.062137
1.249339
1.122695
1.353063
1.161457
1.122695
1.247685
1.247685
1.148784
1.247685
1.341468
1.298566
1.164948
1.491762
1.234982
1.243156
1.335433
1.243156
1.243156
1.326517
1.293396
1.380574
1.278470
1.366587
1.398154
1.257304
1.257304
1.220630
1.429250
1.213239
1.145575
1.253195
1.280451
1.339069
1.145575
1.161874
1.094252
1.203157
1.190199
1.203157
1.190199
1.161457
1.161457
1.266132
1.253937
1.298566
1.148784
1.341468
1.184601
1.328083
1.335433
1.240482
1.293396
1.341468
1.118875
1.380574
1.380574
1.227806
1.227806
1.366848
1.366848
1.298830
1.278470
1.336369
1.336369
1.252461
1.066782
1.066410
1.230874
1.249436
1.139364
1.079262
0.933591
1.145575
1.051556
1.027485
1.123696
1.145575
1.179686
1.326975
1.051556
1.179686
1.182766
1.241097
1.253278
1.253278
1.148228
1.247685
1.247685
1.139025
1.148228
1.298566
1.328083
1.143835
1.143835
1.341468
1.340516
1.326517
1.077434
1.082105
0.992003
1.280552
1.077434
1.115071
1.213239
0.996015
1.249436
1.027485
1.043925
1.179686
1.139364
1.123696
1.062137
1.123696
1.145184
1.062137
1.161457
1.171909
1.182766
1.266132
1.161874
1.122695
1.063687
1.309893
1.219751
1.316476
1.093063
1.112978
1.154767
1.293396
1.313481
1.252461
1.230874
1.257304
1.257304
1.082105
0.992003
0.966640
1.220630
1.280552
1.145575
1.051556
1.259944
1.001354
1.033796
1.090145
1.124406
1.182766
1.222068
1.090145
1.253278
1.316476
1.093063
1.231920
1.240482
1.179333
1.243423
1.380574
1.236954
1.257304
1.230874
1.024735
1.024735
1.173157
1.023833
0.992003
0.967378
1.051147
1.029827
1.023833
1.012531
1.012531
1.145575
1.074186
1.190199
1.145184
1.035580
1.050303
1.275189
1.063687
1.192040
1.124406
1.093063
1.124406
1.093063
1.112978
1.166540
1.219751
1.179333
1.179333
1.165237
1.154767
1.380574
1.186683
1.278470
1.236954
1.236954
1.230813
1.127799
1.130378
1.127799
1.096058
1.257304
1.096058
1.096058
1.028269
1.085825
0.992003
0.992003
1.051147
1.280451
0.967378
1.169970
0.967378
1.043925
1.051147
0.920877
1.050303
1.049095
1.003458
1.090145
1.063687
1.035580
1.166540
1.141828
1.141828
1.210368
1.112978
1.126726
1.139025
1.126726
1.154767
1.251472
1.251472
1.186683
1.126726
1.192356
1.336369
1.130378
1.249436
1.029827
1.071694
1.173157
1.001372
1.110938
1.042129
1.071694
1.034504
1.034504
1.128262
1.099605
1.099605
1.051147
1.049095
1.033796
1.077730
1.090145
1.043925
1.074186
1.074186
1.103261
1.110658
1.141074
1.165929
1.192040
1.121333
1.138214
1.138214
1.110658
1.110658
1.093063
1.146324
1.166540
1.200288
1.165237
1.165237
1.166540
1.093063
1.146324
1.165237
1.230813
1.127799
1.191926
1.096058
1.096058
1.085825
1.085825
1.024735
1.073151
1.024735
1.042129
1.042129
1.073151
1.069089
1.069089
1.101298
1.198471
1.119772
1.077730
1.141074
1.147658
1.165929
1.050303
1.147658
1.201177
1.231920
1.192356
1.192356
1.251472
1.117770
1.123720
1.230813
1.249267
1.123720
1.249267
1.127799
1.007830
1.060525
1.191926
1.191926
1.007830
1.093630
0.981771
1.093129
1.173157
1.211051
1.093129
1.013600
0.981771
1.067922
1.198471
1.144757
1.067922
0.995814
1.061318
1.105727
1.105727
1.105727
1.063652
1.144757
1.063652
1.101523
1.063652
1.063652
1.106549
1.119764
1.200288
1.106549
1.106549
1.192356
1.139127
1.139127
1.251472
1.077313
1.039769
0.981771
1.013600
1.113814
1.068119
1.115874
1.134648
1.115874
1.061318
1.063652
1.101523
1.136877
1.119764
1.139127
1.104224
1.139127
1.119764
1.117770
1.123720
2.103057
1.987636
1.987636
2.036866
1.987636
2.021593
2.021593
2.021593
1.958671
2.036866
1.872147
1.958671
1.987636
1.822739
2.008618
2.008618
1.298340
1.279494
1.279494
1.214850
1.320063
1.320063
1.365509
1.401050
1.517445
1.517445
2.008618
2.089627
1.857681
1.857681
1.859887
1.857681
