6856 1 1
1.087567
1.038409
1.038409
1.087567
1.076000
1.087567
1.076000
1.015559
1.015559
1.002570
1.002570
1.076000
1.046168
0.992740
0.992740
1.046168
1.042895
1.095483
1.091546
1.038409
1.087567
1.038409
1.153320
1.238839
1.095483
1.128650
1.057031
1.008046
1.046090
1.036522
1.015559
1.253700
1.036522
1.039477
0.969670
1.095483
1.057031
1.072099
0.999899
1.068069
1.039477
0.992740
1.064686
0.970819
1.128894
1.067825
1.096367
1.175589
1.042895
1.135560
1.067825
1.031893
1.216391
1.124614
1.128480
1.165767
1.253749
1.074772
1.057031
1.128650
1.253700
1.238839
1.207508
1.152889
1.207810
1.207810
1.152889
1.152889
1.101739
1.106758
1.207810
1.101739
1.101739
1.072099
1.069894
1.022277
1.044536
0.999899
0.976493
1.022277
1.027110
1.007798
0.990602
1.027110
1.015556
1.128894
1.128894
1.096367
1.165767
1.126184
1.168674
1.200823
1.187912
1.098622
1.187912
0.956678
1.074772
1.042830
1.093095
1.207810
1.002570
1.093095
1.075724
1.087197
1.048464
1.106992
0.991077
1.048464
1.075724
0.991077
0.991077
0.998378
0.976493
0.973661
0.990602
0.949890
0.990602
1.015556
1.128894
1.216391
1.216391
1.092261
1.092261
1.092261
1.092261
1.208852
1.246127
1.124614
1.246127
1.168674
1.208852
1.119914
1.238839
1.282195
1.260412
1.253749
1.123159
1.260412
1.260311
1.220181
1.220181
1.282843
1.273923
1.282843
1.220181
1.269726
1.270249
1.042830
1.226986
1.228155
1.226986
1.051248
1.143367
1.166417
1.166417
1.044536
1.166417
1.027110
1.040276
0.976493
0.990602
0.929596
0.929596
0.973661
1.040276
0.949890
0.937256
1.072952
1.050576
1.135560
1.100092
1.126184
1.053235
1.208852
1.260412
1.230580
1.273616
1.239877
1.260311
1.264341
1.119914
1.119914
1.098622
1.282195
1.282195
1.253795
1.270249
1.269726
1.253700
1.266818
1.253700
1.253700
1.093783
1.228155
1.154310
1.160447
1.226986
1.226986
1.051248
1.228155
1.012902
1.121726
0.955966
0.940749
0.955966
0.964596
0.940749
0.902344
0.940749
0.940749
0.929596
0.929596
0.878115
1.047554
1.072952
1.114419
1.087732
1.032797
1.050576
1.087732
1.050576
1.050576
1.126184
1.287604
1.266905
1.230580
1.147166
1.230580
1.100092
1.203129
1.270389
1.270389
1.080633
1.270389
1.264341
1.264341
1.260311
1.080633
1.080633
1.080633
1.269726
1.282195
1.253795
1.348434
1.348434
1.074772
1.253700
1.341185
1.373097
1.270249
1.372155
1.220758
1.160447
1.160447
1.160447
1.253150
1.051248
1.042830
1.167753
1.182504
1.093095
0.999841
1.015923
1.167753
0.997058
1.040276
0.902344
0.990720
0.926210
0.878115
0.930549
0.894586
0.964748
1.016034
1.001217
1.032797
1.053133
1.053133
1.071731
1.047554
1.096367
1.159321
1.159321
1.191242
1.287604
1.212246
1.212246
1.177155
1.266905
1.212246
1.126184
1.335792
1.329946
1.270389
1.239877
1.119914
1.342030
1.264246
1.270389
1.208852
1.264341
1.352296
1.147361
1.362632
1.324220
1.352296
1.378180
1.175162
1.264246
1.348434
1.213410
1.348434
1.213410
1.270249
1.093783
1.341185
1.313565
1.253150
1.182504
1.107378
1.097237
1.012902
1.106628
1.106992
1.065802
1.043525
1.043525
1.043704
0.990602
1.043525
0.999415
0.998378
0.949726
1.085119
1.041466
0.990720
0.999980
0.990720
0.900764
0.964748
0.893977
0.926210
0.937256
1.027819
1.092848
1.092848
1.016034
1.084250
1.066711
1.144905
1.103003
1.183723
1.072952
1.178096
1.212246
1.183723
1.266905
1.224221
1.166255
1.072251
1.075566
1.178096
1.287604
1.233074
1.055251
1.125125
1.159321
1.296874
1.295233
1.295233
1.280092
1.280092
1.332965
1.332965
1.288512
1.296874
1.203129
1.216391
1.168972
1.329946
1.168972
1.309844
1.332965
1.325229
1.362632
1.346321
1.346321
1.209776
1.342030
1.348434
1.098622
1.328798
1.245268
1.384655
1.209279
1.197291
1.293341
1.256231
1.136639
1.313565
1.136639
1.253150
1.253150
1.106992
1.043704
1.176065
1.015923
0.964596
0.916898
0.984321
0.937256
0.929596
0.900764
0.872497
0.900764
0.918241
1.092848
1.053133
1.033990
1.084250
1.132560
1.103003
1.001984
1.066711
1.178096
1.047554
1.224221
1.109749
1.233074
1.233074
1.288512
1.125125
1.296874
1.296874
1.224221
1.279035
1.279035
1.075566
1.075566
1.279035
1.125125
1.168972
1.280092
1.325229
1.325229
1.121241
1.121241
1.319261
1.241571
1.376761
1.342030
1.352296
1.209776
1.147361
1.352296
1.324220
1.362632
1.235310
1.197291
1.197291
1.197291
1.357502
1.121726
1.121726
1.015923
1.015923
0.994116
1.044695
0.893977
0.945608
0.900764
0.990720
0.872497
0.990720
1.021562
1.033990
0.996302
1.006351
0.996302
1.042415
1.051911
0.968935
1.042415
1.016034
0.968935
1.051911
1.016034
1.233074
1.148302
1.130793
1.109749
1.242973
1.233074
1.208582
1.224221
1.295233
1.279035
1.279035
1.325229
1.279035
1.288512
1.335792
1.295233
1.280092
1.325229
1.121241
1.280092
1.280092
1.325229
1.319261
1.209776
1.299219
1.175162
1.293341
1.293341
1.163575
1.209279
1.163575
1.097237
1.246537
1.136639
1.073110
1.314843
1.313565
1.182504
1.182504
1.073110
1.182504
1.015923
1.043704
1.062390
1.122805
0.999415
0.999415
1.106628
0.994116
0.916898
0.964596
0.994116
0.949726
0.940500
0.923621
0.937256
0.893977
0.886248
0.886248
0.856508
0.856508
0.892311
0.862094
0.969765
1.042415
0.892288
1.042415
1.042415
0.975244
0.982296
1.109749
1.132560
1.206496
1.130793
1.208582
1.265928
1.208582
1.024275
1.312066
1.192073
1.075566
1.135728
1.312066
1.325229
1.325229
1.329946
1.314716
1.319261
1.280092
1.350138
1.335792
1.121241
1.352296
1.390735
1.385379
1.355214
1.235310
1.235310
1.328798
1.308721
1.209279
1.292950
1.298679
1.363968
1.246537
1.097237
1.251230
1.314843
1.253150
1.179739
1.249799
1.168910
1.043704
1.176065
1.121726
1.194378
1.104544
1.122805
1.070129
0.964596
0.999415
1.174186
1.070129
0.994116
1.174186
1.110929
1.058932
0.994116
0.861797
1.120787
0.861797
0.900764
0.923621
1.044695
0.936089
0.872497
0.868356
0.936089
0.862094
0.868356
0.845747
0.905094
0.958041
0.892288
0.892288
0.923356
1.033990
0.995568
0.956624
0.956624
0.946238
1.021562
0.974986
1.051911
1.070835
1.070835
1.148302
1.148302
1.148302
1.083913
1.072251
1.066711
1.083913
1.024275
1.024275
1.271380
1.121241
1.182671
1.335792
1.350613
1.322402
1.389943
1.389943
1.209776
1.260154
1.175162
1.373097
1.396243
1.380535
1.376783
1.260154
1.296288
1.389867
1.375189
1.296288
1.136639
1.356402
1.298766
1.147396
1.242083
1.329374
1.314843
1.182504
1.097237
1.181560
1.181560
1.103214
1.122805
1.248191
1.249799
1.123253
1.242440
0.964596
1.232671
1.194378
1.168910
1.123253
1.070129
1.118447
1.122805
1.174186
1.242440
1.183077
1.017741
1.043280
1.106628
1.053789
1.118447
1.115464
1.043280
1.036792
1.162418
1.100481
1.100481
1.120787
1.060253
1.017741
0.959753
1.110929
1.060833
1.060833
1.060253
0.995631
1.044695
1.120787
0.998784
0.998784
1.044695
1.110929
0.998784
1.052761
1.052761
0.909560
1.063264
0.990039
1.063264
1.004722
0.945608
0.937256
1.001901
0.853802
0.853802
0.990039
0.990039
1.001901
0.868356
0.856508
0.886248
0.845747
0.894896
1.009490
0.871549
1.009490
1.009490
1.009490
1.039849
1.025358
1.134924
0.929721
1.122335
0.975244
1.242973
1.271380
1.141260
0.982296
1.141260
1.072251
1.312066
1.308113
1.079973
1.135728
1.312066
1.308113
1.347912
1.350138
1.314716
1.390735
1.168972
1.385379
1.385379
1.385379
1.366920
1.380535
1.260154
1.257680
1.242083
1.183077
1.147396
1.073110
1.103214
1.302702
1.232671
1.248191
1.249799
1.242440
1.043280
1.249799
1.249799
1.082005
1.053789
1.168910
1.168910
1.120787
1.100481
1.100481
1.012268
1.044695
1.064019
0.940500
0.998784
0.909560
0.853802
1.044695
0.990039
0.990039
0.990039
0.853802
0.990039
0.866107
0.845747
0.812052
0.905094
0.871549
0.926794
1.020930
0.941749
1.039849
0.995568
1.057462
0.916386
1.025358
1.057462
1.134924
0.975244
1.122335
1.122335
1.151378
1.024574
1.079973
1.141260
1.271380
1.271380
1.271380
1.271380
1.308113
1.192073
1.298312
1.298312
1.339805
1.350138
1.376761
1.350138
1.354036
1.350138
1.390825
1.354036
1.350138
1.339805
1.350138
1.385379
1.376783
1.376783
1.296288
1.292950
1.296288
1.375189
1.356402
1.246537
1.356402
1.277444
1.181560
1.356402
1.257680
1.257680
1.248191
1.248191
1.263927
1.230799
1.263927
1.193686
1.314843
1.354222
1.242440
1.103214
1.194378
1.249799
1.167290
1.169049
1.162418
1.162418
1.169049
1.209460
1.036792
1.094335
1.100481
1.118447
1.017741
0.959753
1.053789
1.060833
1.061969
1.036792
1.100481
1.120787
1.061969
1.053789
0.959753
0.995631
0.995631
1.012268
1.012268
0.998784
1.044695
1.063264
1.064019
1.004722
1.004722
0.945192
0.929839
1.004722
0.918298
0.874236
0.918298
0.871549
0.772061
0.871549
0.772061
0.941749
0.941749
0.852979
0.958267
0.926794
0.820105
0.975244
1.122335
1.252538
1.122335
1.252538
1.083913
1.261162
1.206496
1.261162
1.024574
1.311360
1.265685
1.308113
1.265685
1.265685
1.271380
1.323842
1.376761
1.347912
1.312066
1.246005
1.246005
1.246005
1.362724
1.182671
1.385379
1.385379
1.385379
1.390825
1.357570
1.357570
1.260154
1.391631
1.277444
1.315279
1.328535
1.315279
1.329374
1.338208
1.329374
1.329374
1.342562
1.257680
1.329374
1.147396
1.314843
1.263927
1.302702
1.302702
1.194378
1.263927
1.082005
1.319654
1.263927
1.170202
1.298753
1.194378
1.169049
1.216697
1.118447
1.104544
1.162418
1.115464
1.162418
1.162418
1.104544
1.061969
1.146488
1.009511
1.100481
1.120705
1.096485
0.998784
1.042763
1.007871
1.007871
0.998784
0.998784
1.096485
1.012268
0.998784
1.044695
1.083988
1.012268
0.946728
0.853802
0.974810
0.946728
0.990039
0.874236
0.837092
0.936818
0.936818
0.883216
0.918298
0.799083
0.861544
0.856508
0.893034
0.845592
0.845747
0.778790
0.814736
0.814736
0.845747
0.685844
0.905094
0.723232
0.941749
0.852979
0.926794
0.992094
1.025358
1.072172
1.025358
1.027025
1.312152
1.280503
1.271380
1.269055
1.347912
1.192073
1.347912
1.347912
1.347912
1.187589
1.376761
1.400337
1.339805
1.366920
1.372580
1.313707
1.225503
1.380535
1.225503
1.342609
1.362887
1.363968
1.339281
1.315279
1.315279
1.315279
1.377908
1.374402
1.356402
1.327566
1.338208
1.263927
1.302702
1.263927
1.314843
1.230799
1.354222
1.298753
1.326296
1.242440
1.232671
1.298753
1.263368
1.194378
1.167290
1.082005
1.138651
1.194378
1.224136
1.082005
1.017741
1.070608
1.215252
1.070608
1.070608
1.100481
1.104544
1.053789
1.036792
1.034330
1.100481
1.100481
1.100481
0.940500
0.909560
0.944046
0.998784
1.037352
1.044695
1.007871
0.909560
0.998784
0.957615
0.986809
0.992533
0.886051
0.856064
0.946728
0.823237
0.945192
0.978086
0.976135
0.976135
0.868356
0.874236
0.910684
0.856508
0.812052
0.812052
0.887433
0.781680
0.772061
0.978463
0.912959
0.912959
0.958267
0.871549
1.057462
0.975244
1.000171
1.062134
1.120752
1.025358
1.009041
1.131814
1.265685
1.271380
1.280503
1.316392
1.317260
1.347912
1.323842
1.253268
1.362724
1.376761
1.246005
1.357323
1.372580
1.318364
1.318364
1.299219
1.225503
1.296641
1.398713
1.225503
1.384618
1.378870
1.376783
1.342609
1.372666
1.345038
1.363968
1.392577
1.368860
1.359920
1.368860
1.356784
1.368171
1.329374
1.295137
1.263927
1.338208
1.327081
1.272892
1.354222
1.339706
1.354222
1.281128
1.082005
1.299529
1.299529
1.299529
1.215252
1.196605
1.196605
1.146488
1.095541
1.038476
0.967608
1.007871
1.042763
1.009861
1.038010
0.974810
0.931598
0.992533
0.992533
0.856064
0.856064
0.802704
0.976135
0.912422
0.826001
0.826001
0.826001
0.799083
0.826001
0.835577
0.835577
0.836441
0.836441
0.873818
0.964546
0.801221
0.970495
1.072172
1.152078
1.171524
1.225223
1.151378
1.151378
1.227807
1.261162
1.027025
1.083913
1.232357
1.079973
1.262462
1.190588
1.311360
1.323842
1.323842
1.269055
1.354101
1.323842
1.354101
1.400337
1.389578
1.376043
1.364585
1.399225
1.296641
1.400606
1.299219
1.374111
1.342609
1.360701
1.369460
1.360701
1.342609
1.362887
1.372666
1.388404
1.391631
1.391631
1.375189
1.388404
1.315279
1.362887
1.342562
1.368860
1.339281
1.368860
1.368171
1.368860
1.374402
1.147396
1.242109
1.319654
1.319654
1.264484
1.230799
1.272892
1.201738
1.224136
1.224136
1.298753
1.196605
1.138651
1.094335
1.094335
1.113990
1.094335
1.034330
1.209460
1.209460
1.209460
1.146488
1.139748
1.006334
1.037352
0.921913
0.921913
0.986809
0.828739
0.930964
0.931598
0.910684
0.856064
0.856064
0.980003
0.926121
0.976135
0.923255
0.846957
0.893034
0.845592
0.778790
0.778790
0.814736
0.814736
0.730916
0.789586
0.741290
0.801505
0.754575
0.801505
0.830553
0.923647
0.820640
0.723185
0.958267
0.781680
0.888093
0.926794
0.992094
0.888093
1.000171
0.931213
0.962191
1.120752
1.065806
0.950310
1.227807
1.231843
1.230228
1.232357
1.230228
1.231843
1.277942
1.230228
1.280503
1.190588
1.316392
1.277942
1.317260
1.127046
1.079973
1.190588
1.253268
1.315595
1.323842
1.384438
1.323842
1.362724
1.355049
1.376043
1.369717
1.238969
1.362724
1.400337
1.299219
1.398713
1.370376
1.364585
1.378870
1.356784
1.372666
1.388404
1.368860
1.368860
1.391631
1.359920
1.388404
1.374402
1.374402
1.242109
1.374402
1.356784
1.389179
1.313170
1.264484
1.313170
1.389179
1.354222
1.291467
1.242109
1.354222
1.354222
1.354222
1.138651
1.272892
1.170202
1.167290
1.234802
1.138651
1.138651
1.215252
1.215252
1.158279
1.158279
1.146488
1.209460
1.087395
1.037352
1.042763
0.974810
0.984387
0.879525
0.879525
0.974810
0.920228
0.920228
1.038010
0.879525
0.923255
0.912422
0.846957
0.849101
0.767567
0.767567
0.826001
0.730916
0.768621
0.801505
0.820640
1.025602
1.025602
0.992094
0.992094
1.034958
1.120752
0.950310
0.950310
1.225223
1.072172
1.065806
1.009041
1.171524
1.281149
1.131814
1.131814
1.230228
1.192557
1.316392
1.131814
1.280503
1.280503
1.269055
1.269055
1.308098
1.308098
1.253268
1.253268
1.277942
1.345034
1.354101
1.345034
1.354101
1.345034
1.354101
1.354101
1.354101
1.317260
1.345034
1.369717
1.376043
1.354185
1.341490
1.296641
1.364585
1.296641
1.384618
1.398713
1.399225
1.381509
1.360705
1.398117
1.360701
1.372666
1.372666
1.403901
1.362887
1.369460
1.388404
1.388404
1.369992
1.362887
1.362887
1.342562
1.356784
1.392577
1.389179
1.356784
1.278243
1.356784
1.264484
1.299529
1.170202
1.239466
1.299529
1.224136
1.224136
1.142684
1.142684
1.196605
1.196605
1.146488
1.209460
1.209460
0.967608
1.112086
0.967608
0.920228
1.038476
0.984387
0.940524
0.920228
0.823237
0.870704
0.931598
0.931598
0.866808
0.820671
0.923255
0.870621
0.870621
0.866808
0.866808
0.846957
0.801215
0.751676
0.789886
0.789886
0.714073
0.854176
0.789886
0.789886
0.693739
0.693739
0.801505
0.789586
0.789586
0.754575
0.923647
0.887433
0.931213
1.034958
1.072172
1.072172
1.112099
1.171524
1.227807
1.227807
1.281149
1.186826
1.231843
1.242578
1.237137
1.232357
1.277942
1.230228
1.127046
1.067445
1.316392
1.279594
1.281149
1.317462
1.316392
1.279594
1.316392
1.190588
1.187589
1.316392
1.356078
1.345034
1.336319
1.354101
1.354101
1.187589
1.238969
1.341490
1.238969
1.369717
1.366564
1.370376
1.296641
1.404360
1.399225
1.384618
1.393815
1.381997
1.372666
1.369460
1.388981
1.388981
1.313170
1.374402
1.388799
1.388799
1.369992
1.374402
1.346080
1.391049
1.324433
1.342562
1.201738
1.201738
1.267385
1.244806
1.205762
1.234085
1.150735
1.234085
1.139748
1.094335
1.181936
1.181936
1.167320
1.073063
1.085021
1.003205
0.911057
0.879525
0.944046
0.974810
1.010829
0.974810
1.011484
0.879525
0.974810
0.911057
0.911057
1.038010
1.066835
0.921913
1.010829
0.941633
0.931243
0.898140
0.894868
0.789886
0.778790
0.878112
0.789886
0.801215
0.788742
0.854176
0.835577
0.767567
0.826571
0.767567
0.768015
0.814736
0.743903
0.711942
0.801505
0.711942
0.711942
0.661777
0.693739
0.680057
0.820640
0.789586
0.809370
0.730916
0.902873
0.690478
0.781680
0.902873
0.887433
0.948444
0.936397
0.902873
0.820325
0.931213
0.992094
1.025602
0.949045
0.992094
0.888093
0.977787
1.125933
1.093643
1.125933
1.112099
1.152078
1.125891
1.190454
1.172375
1.186826
1.279594
1.279594
1.281149
1.131814
1.231843
1.308098
1.308098
1.290846
1.280242
1.131814
1.317462
1.104339
1.269055
1.275029
1.297094
1.316392
1.354101
1.295263
1.315595
1.385701
1.369717
1.296694
1.349500
1.385778
1.369717
1.357578
1.398713
1.398117
1.363882
1.394237
1.394237
1.394237
1.403548
1.372666
1.375012
1.403901
1.360705
1.411667
1.391631
1.360705
1.349475
1.381997
1.346080
1.278243
1.399240
1.388799
1.389179
1.388799
1.390221
1.346080
1.267794
1.201738
1.324433
1.324433
1.138651
1.213948
1.224136
1.224136
1.085021
1.167320
1.009511
1.053043
1.181936
1.167320
1.003205
1.167320
1.112086
1.031327
1.038476
0.974810
1.010829
1.011484
0.952682
0.850243
0.949769
0.949769
0.952682
0.949769
0.949769
0.898140
1.008928
0.887797
0.878112
0.878112
0.837506
0.796331
0.737915
0.801215
0.718546
0.768015
0.787117
0.674945
0.661777
0.948444
0.848268
0.808159
0.834339
1.071801
0.913022
1.044717
0.999851
0.931213
1.033964
1.125933
1.186826
1.122907
1.192557
1.192557
1.192557
1.186826
1.238561
1.190454
1.290846
1.217589
1.247478
1.232357
1.247478
1.237137
1.290846
1.275029
1.237137
1.127046
1.163994
1.317260
1.358277
1.358277
1.349551
1.233741
1.233741
1.392209
1.392209
1.385778
1.385778
1.385778
1.381509
1.399549
1.404360
1.384194
1.342609
1.399628
1.403901
1.401364
1.394237
1.388981
1.403901
1.390221
1.411667
1.388799
1.388799
1.369992
1.388799
1.388799
1.308950
1.278243
1.281065
1.332132
1.267794
1.267794
1.325221
1.204258
1.246285
1.265135
1.204258
1.205762
1.123233
1.073063
1.167320
1.053043
1.115185
1.115185
1.053043
1.112086
1.100324
0.977653
1.058254
1.010829
0.992533
1.010829
0.823237
1.005249
1.007903
0.935718
0.949769
0.935718
1.007903
0.887797
0.949769
0.960015
0.878112
0.878112
0.945799
0.782328
0.941633
0.945799
0.782328
0.914872
0.945799
0.941633
0.764711
0.871127
0.837506
0.854176
0.768015
0.760103
0.768015
0.768015
0.693739
0.777425
0.690726
0.680057
0.745510
0.789586
0.724893
0.712198
0.712198
0.765838
0.889806
0.885947
0.760789
0.726864
0.834339
0.936397
0.820325
0.834339
0.913022
0.913022
0.961583
1.034958
1.174445
1.044717
1.000171
1.122907
1.122907
1.125891
1.192557
1.232511
1.065806
1.143029
1.283200
1.041087
1.290846
1.228688
1.175869
1.217589
1.163994
1.163994
1.365544
1.349551
1.349551
1.385778
1.233741
1.313592
1.296694
1.349500
1.336319
1.366564
1.296694
1.368630
1.399549
1.399549
1.381509
1.381997
1.381997
1.381997
1.403901
1.401364
1.353442
1.388799
1.388799
1.369992
1.401364
1.278243
1.212495
1.244806
1.204258
1.181279
1.123233
1.181936
1.167320
1.181279
1.055624
1.003205
1.073063
1.100324
1.055624
1.010829
0.940524
0.940524
0.940524
1.058254
1.010829
1.005249
1.058254
1.058254
0.949769
0.850243
1.010829
1.007903
0.949769
0.935718
0.782328
0.782328
0.850243
0.877442
0.877442
0.941633
0.941633
0.945799
0.820671
0.889745
0.972693
0.764711
0.866668
0.751676
0.751676
0.882098
0.882098
0.805957
0.809354
0.821840
0.826571
0.752551
0.743903
0.690726
0.693739
0.745510
0.777425
0.848268
0.875336
0.652910
0.726864
0.726864
0.889806
0.834339
0.986019
0.986019
1.044746
0.951657
0.961583
0.961583
1.044746
1.033964
1.033964
0.977787
1.122907
0.977787
1.102252
1.175869
1.122907
1.238561
1.232511
1.190454
1.184151
1.283200
1.271194
1.238561
1.104339
1.290846
1.312150
1.217589
1.217589
1.228688
1.295263
1.275029
1.295263
1.233741
1.309881
1.313592
1.385778
1.349551
1.349500
1.384194
1.384194
1.384194
1.403548
1.393815
1.393815
1.399628
1.393815
1.403548
1.394237
1.388981
1.406905
1.391049
1.401364
1.411667
1.390221
1.324433
1.332132
1.324433
1.324433
1.332132
1.239466
1.259760
1.213948
1.212495
1.212495
1.204258
1.194137
1.144449
1.167320
1.167320
1.053043
1.018889
0.977653
1.100324
1.055624
0.911057
1.003536
1.062434
1.003536
0.978394
0.911057
1.027358
0.951465
0.941633
0.882098
0.907133
0.907133
0.871127
0.884111
0.764711
0.882098
0.790565
0.889745
0.871127
0.714893
0.718546
0.738742
0.805957
0.821840
0.752551
0.718328
0.718328
0.805957
0.805957
0.809354
0.743903
0.673237
0.674125
0.742329
0.826681
0.674945
0.674945
0.652151
0.652151
0.652151
0.745510
0.765838
0.859914
0.806895
0.889806
0.760789
0.859914
0.885947
0.760789
0.949045
0.913022
1.044746
1.140042
1.044746
1.174445
1.122907
1.174445
1.190454
1.190454
1.232511
1.238561
1.190454
1.171965
1.239597
1.233927
1.297094
1.313592
1.239597
1.336319
1.239597
1.239597
1.388157
1.394237
1.384194
1.399304
1.393815
1.393815
1.399628
1.394237
1.399628
1.405315
1.394237
1.394237
1.379302
1.349475
1.406905
1.390221
1.403901
1.391049
1.390221
1.227406
1.367298
1.286145
1.293402
1.205762
1.181279
1.181279
1.233984
1.123233
1.194137
1.172231
1.054055
0.977653
1.003205
1.035558
1.027358
1.021501
1.021501
1.021501
0.895591
1.027358
0.914872
0.782328
0.801447
0.972976
0.972976
0.972976
0.739828
0.837506
0.908784
0.884111
0.860472
0.871127
0.907133
0.739828
0.774131
0.796331
0.884111
0.809354
0.821840
0.836909
0.712859
0.743903
0.718328
0.768015
0.761037
0.718328
0.742329
0.674945
0.674945
0.649761
0.649761
0.620204
0.685572
0.765838
0.652910
0.726864
0.983195
0.888946
0.859914
0.918690
0.834339
1.071801
0.913022
0.977787
1.131873
1.174445
1.122907
0.977787
1.192557
1.140042
1.190454
1.107321
1.238561
1.238561
1.238561
1.227241
1.227241
1.202860
1.271194
1.249157
1.104339
1.217589
1.275029
1.308978
1.264320
1.309881
1.371397
1.384194
1.381509
1.393815
1.405315
1.389347
1.399628
1.393815
1.399628
1.393815
1.417539
1.399628
1.399628
1.381997
1.374793
1.374793
1.281065
1.349475
1.281065
1.281065
1.390221
1.367298
1.333985
1.259231
1.212495
1.367298
1.332132
1.240783
1.259760
1.181279
1.148020
1.209576
1.209576
1.094106
1.150735
1.196191
1.194137
1.073063
1.172231
1.167320
1.094106
1.172231
1.115185
1.144449
1.053043
1.055624
0.961787
0.895591
0.866910
0.969003
1.021501
0.866910
0.838610
0.971601
0.774131
0.860472
0.837506
0.884111
0.884111
0.866668
0.805957
0.855488
0.805957
0.842952
0.779915
0.752551
0.836909
0.742329
0.665480
0.729952
0.698676
0.794394
0.794394
0.652910
0.676182
0.792659
0.726864
0.676182
0.889138
0.726864
0.859018
0.928214
0.986736
1.015928
0.961583
1.075513
1.064152
1.001543
1.001543
1.131873
1.131873
1.033964
1.056449
1.187515
1.125891
1.140042
1.187515
1.232511
1.143029
1.172723
1.041087
1.217589
1.172723
1.171965
1.233927
1.220578
1.274421
1.336319
1.279244
1.353935
1.371397
1.366564
1.392479
1.399167
1.388157
1.393815
1.388157
1.405315
1.369307
1.402347
1.399628
1.374793
1.389347
1.420117
1.417884
1.367211
1.417884
1.406905
1.417884
1.366974
1.417884
1.298606
1.298606
1.259231
1.289368
1.240783
1.289368
1.259760
1.181102
1.240783
1.233984
1.293402
1.209576
1.182226
1.233984
1.148020
1.209576
1.182226
1.182226
1.115769
1.194137
1.144449
1.182226
1.144449
1.115185
1.119926
1.054055
1.107338
1.035558
1.014731
1.062434
1.097117
1.027041
0.941162
1.075020
1.014731
0.961787
1.005432
1.027041
1.062434
1.020975
0.895591
0.971601
0.838610
0.805957
0.773321
0.840001
0.908784
0.842952
0.714893
0.796037
0.712859
0.693810
0.689070
0.725787
0.667551
0.628934
0.729952
0.698176
0.774558
0.712156
0.712156
0.830631
0.921195
0.806697
0.980002
1.019196
0.929903
1.064152
0.992608
1.140042
1.001543
1.183390
1.238561
1.093517
1.065770
1.065770
1.172723
1.249157
1.249157
1.256086
1.297094
1.308978
1.353935
1.353935
1.392479
1.399628
1.420117
1.369307
1.389347
1.389347
1.335764
1.336228
1.259231
1.291676
1.293402
1.289368
1.209576
1.181102
1.209576
1.182226
1.233984
1.237949
1.209576
1.233984
1.194137
1.247117
1.181102
1.144449
1.107338
1.107338
1.155184
1.155184
1.172231
1.144449
1.081177
1.141669
1.081177
1.027041
0.895591
0.941162
0.866910
0.941162
1.010024
0.971601
0.857774
0.907133
0.739828
0.849126
0.774131
0.752551
0.714893
0.714893
0.738742
0.674125
0.742329
0.761037
0.628934
0.702947
0.642526
0.665480
0.665480
0.652151
0.667551
0.608355
0.794394
0.792659
0.676182
0.712156
0.676182
0.888946
0.806895
0.928214
0.888704
1.012972
0.859018
0.929903
1.064152
0.980002
1.015928
1.113144
1.113144
1.187515
1.140042
1.117581
1.093517
1.093517
1.184151
1.172723
1.338835
1.308978
1.353935
1.388157
1.390378
1.390378
1.388157
1.399167
1.420117
1.420117
1.417884
1.417884
1.334347
1.366974
1.300138
1.300138
1.344221
1.333985
1.298606
1.259760
1.260961
1.237949
1.289368
1.238567
1.237949
1.172231
1.115769
1.054055
1.054055
1.054055
1.075020
1.060028
1.005432
1.012232
1.111728
0.941162
1.012232
1.012232
1.024405
1.012232
1.012232
0.969003
0.801447
0.789218
0.739828
0.805264
0.773321
0.849126
0.752551
0.738742
0.773631
0.724505
0.706417
0.772368
0.688857
0.642526
0.667551
0.712156
0.774558
0.818980
0.608355
0.830631
0.806895
0.852808
0.951829
1.015928
0.918690
1.001543
1.069228
1.069228
1.064152
1.056417
1.113144
1.187515
1.140042
1.064152
1.167044
1.103442
1.183390
1.183390
1.169903
1.227241
1.162663
1.065770
1.130276
1.130276
1.227241
1.130276
1.259880
1.259880
1.279244
1.264320
1.369227
1.371397
1.371397
1.354734
1.369307
1.403136
1.402347
1.401287
1.399628
1.399628
1.419477
1.417539
1.417539
1.420117
1.338435
1.300138
1.291676
1.296768
1.260961
1.240783
1.296768
1.205409
1.205409
1.153853
1.218791
1.196191
1.181102
1.225929
1.237949
1.233984
1.218791
1.153853
1.238567
1.218791
1.218791
1.172686
1.139917
1.081177
1.035558
1.072718
1.012232
1.104182
1.024405
1.018253
0.895591
0.909875
0.919825
0.838610
0.909875
0.714893
0.790565
0.842952
0.784371
0.752586
0.805264
0.772368
0.761037
0.705674
0.610094
0.578811
0.729952
0.642526
0.621943
0.667551
0.688336
0.888946
0.920447
1.041382
0.806697
0.993904
0.944250
0.929903
1.113144
1.121385
1.103442
1.071584
1.183390
1.121385
1.117581
1.117581
1.187515
1.113064
1.184151
1.298035
1.353935
1.310668
1.354734
1.354734
1.389347
1.392479
1.402347
1.337341
1.338435
1.367211
1.331890
1.336228
1.300138
1.314251
1.344221
1.344221
1.303270
1.324555
1.303270
1.225901
1.283523
1.237949
1.237949
1.260961
1.238567
1.107338
1.135895
1.176547
1.052919
1.088677
1.088677
1.072718
1.111728
1.024405
0.924014
0.960118
1.051892
0.969003
1.003949
0.983839
0.919825
1.010024
0.801447
0.849037
0.889025
0.971601
0.971601
0.967333
0.901502
0.869211
0.860472
0.789218
0.869211
0.802683
0.849126
0.813064
0.738742
0.846877
0.805264
0.724505
0.725787
0.714362
0.714362
0.794394
0.818980
0.676182
0.830425
0.920447
0.784097
1.069228
0.947565
1.033664
1.069228
0.944250
1.069228
1.069228
1.187515
1.115135
1.126565
1.093517
1.172723
1.153203
1.169903
1.162663
1.204368
1.162663
1.218992
1.269769
1.269769
1.310668
1.366604
1.353935
1.366604
1.369227
1.402347
1.399167
1.401287
1.403136
1.401287
1.419477
1.395595
1.371400
1.367211
1.349750
1.311148
1.344221
1.333610
1.296768
1.283523
1.283523
1.238567
1.145601
1.199026
1.145601
1.145601
1.145601
1.151330
1.172686
1.176547
1.135895
1.097664
1.054055
1.072718
1.104182
1.063227
1.051892
1.051892
1.063227
1.000543
1.024405
0.866910
0.968093
0.849393
0.822078
0.869211
0.911797
0.759748
0.752586
0.692510
0.722092
0.718328
0.781052
0.606577
0.674288
0.654995
0.654995
0.658857
0.830631
0.647343
0.733987
0.621943
0.827231
0.806895
0.860395
0.860395
0.921195
0.757165
0.913836
0.757165
0.913836
0.944250
1.069228
1.121385
1.019196
1.001543
1.113064
1.254827
1.269769
1.371397
1.354734
1.403136
1.373343
1.401287
1.401287
1.373343
1.373343
1.403136
1.403136
1.376099
1.334347
1.334347
1.314251
1.311148
1.273594
1.225901
1.260961
1.260961
1.237274
1.225901
1.192034
1.237949
1.225929
1.174480
1.114614
1.174480
1.199026
1.194129
1.238567
1.238567
1.225929
1.145699
1.167452
1.072718
1.088677
1.145699
1.123289
1.172686
1.111728
1.024405
1.000543
1.018253
0.956852
0.956852
1.003949
1.003949
0.983839
0.956852
0.869211
0.889025
0.869211
0.843999
0.869211
0.802683
0.857380
0.793674
0.717565
0.688857
0.705674
0.705881
0.688492
0.649229
0.623430
0.623430
0.753535
0.649229
0.594844
0.623782
0.686517
0.753535
0.766327
0.818980
0.733987
0.688336
0.920447
0.827231
0.688336
0.993904
0.913836
1.032581
1.041382
0.960639
0.874740
1.115135
1.121385
1.126565
1.153203
1.204368
1.310668
1.354734
1.401287
1.354734
1.403136
1.401287
1.395595
1.395595
1.338435
1.331890
1.314622
1.334347
1.333610
1.296768
1.324555
1.324555
1.326529
1.273424
1.283523
1.283523
1.225901
1.174480
1.145601
1.145601
1.145601
1.072718
1.120046
1.104182
1.072718
1.044797
1.063227
1.018253
1.083146
0.967882
1.024405
0.924014
0.849037
0.968093
0.903054
0.932864
0.849037
0.911797
0.908143
0.830702
0.908143
0.763850
0.808620
0.759748
0.692510
0.706417
0.733882
0.706417
0.724505
0.712859
0.666601
0.688492
0.705881
0.688857
0.601772
0.594844
0.670031
0.793615
0.733987
0.733987
0.793615
0.793615
0.860395
0.826817
0.827231
0.951829
0.920447
0.784097
0.950393
0.795193
0.950393
0.995381
0.784097
0.874740
1.056417
1.121385
1.056417
1.058494
1.056417
1.058494
1.071584
1.071584
1.218992
1.297421
1.297421
1.336489
1.297421
1.310668
1.336489
1.336489
1.336101
1.305937
1.395595
1.395595
1.339390
1.331140
1.334347
1.364290
1.345399
1.326529
1.260961
1.237274
1.192034
1.236407
1.238567
1.135895
1.145601
1.120046
1.120046
1.114126
1.145601
1.072718
1.152007
1.138347
1.120046
1.162189
1.136482
1.152007
1.114126
1.068787
1.000543
1.010677
1.062264
0.903054
0.889932
0.692510
0.735487
0.793674
0.795472
0.713280
0.623430
0.662307
0.753535
0.686517
0.658857
0.852808
0.658857
0.658857
0.688336
0.621943
0.860395
0.951829
0.950393
0.806697
0.733987
0.830425
0.839155
0.950393
0.950393
1.041382
1.032581
0.979132
1.121385
1.033664
0.944250
0.874740
1.095812
1.001132
0.951979
1.015101
1.071584
1.086307
1.103926
1.158756
1.215470
1.218992
1.215470
1.254827
1.269769
1.305937
1.305937
1.354231
1.366604
1.287566
1.340418
1.340418
1.329975
1.382841
1.365944
1.369483
1.366604
1.335241
1.371400
1.331890
1.314622
1.334347
1.349750
1.364290
1.326529
1.273594
1.326529
1.326529
1.260961
1.273424
1.299444
1.273424
1.246872
1.246872
1.170831
1.200027
1.266526
1.200027
1.176547
1.216356
1.167452
1.158937
1.145601
1.226627
1.145699
1.216356
1.214226
1.152007
1.136482
1.138347
1.152007
1.152007
1.180971
1.180971
1.091037
1.162189
1.061046
1.083146
1.028073
1.010677
0.962360
0.974915
1.056831
1.010677
0.972484
0.987130
1.005643
1.010677
0.903054
0.951983
0.951983
0.919825
0.951983
0.822078
0.827767
0.752586
0.830702
0.808688
0.784929
0.719324
0.852751
0.733882
0.722092
0.795472
0.722092
0.688492
0.688492
0.688492
0.688492
0.705881
0.623430
0.649229
0.621613
0.654995
0.766327
0.621943
0.670031
0.783901
0.700470
0.688336
0.714362
0.759588
0.733987
0.806288
0.835447
0.927513
0.930979
0.879082
1.033664
0.934325
1.115135
1.115135
1.115135
1.095812
1.126565
1.250029
1.254827
1.336489
1.336101
1.354231
1.365944
1.365944
1.380702
1.369483
1.402353
1.335241
1.339390
1.333872
1.331140
1.339553
1.296768
1.339553
1.273594
1.299444
1.192034
1.225901
1.246872
1.246872
1.187365
1.158937
1.214226
1.214226
1.088677
1.152007
1.126925
1.062722
1.128672
1.180971
1.056831
1.180971
1.138347
1.138347
1.026502
1.056831
1.162189
1.028073
1.018253
1.068787
1.068787
1.068787
0.987130
0.974915
0.920026
0.860187
0.908143
0.902552
0.875462
0.875462
0.784579
0.808688
0.719324
0.793674
0.717565
0.717565
0.631025
0.662307
0.649229
0.694823
0.768546
0.860395
0.783901
0.875921
0.826817
0.860395
0.700470
0.858270
0.795193
0.927513
0.795193
0.925288
1.047053
0.858270
1.047053
1.039962
0.986255
1.041382
1.011948
0.986255
1.119941
1.071584
1.169903
1.169903
1.269769
1.262949
1.305937
1.262949
1.305937
1.287566
1.380702
1.365944
1.329975
1.371400
1.309082
1.335241
1.339390
1.353549
1.345399
1.364290
1.316011
1.364290
1.364290
1.364290
1.299444
1.345399
1.326529
1.326529
1.278320
1.208990
1.236407
1.151518
1.299562
1.151518
1.299562
1.272421
1.272421
1.299562
1.266526
1.292683
1.292683
1.299562
1.200027
1.151330
1.226627
1.162189
1.128672
1.162189
1.094646
1.123289
1.180971
1.062722
1.152007
1.098674
1.083146
1.056831
1.068787
1.028073
0.992892
1.068787
1.056831
1.010677
0.932864
0.987130
0.959780
0.945279
0.930022
0.866475
0.830702
0.902552
0.784579
0.807359
0.855685
0.755449
0.743689
0.722092
0.751734
0.789218
0.723253
0.795472
0.709179
0.670031
0.783901
0.627377
0.759588
0.918826
0.858270
0.963375
0.934325
0.951979
0.951979
1.011948
1.011948
1.086307
1.086307
1.086307
1.086307
1.292515
1.305937
1.305937
1.365944
1.365944
1.369483
1.369483
1.380702
1.351716
1.339390
1.372898
1.353549
1.364290
1.339553
1.316011
1.339553
1.364290
1.310286
1.310286
1.305336
1.345000
1.278320
1.273424
1.246034
1.168268
1.272421
1.292683
1.282550
1.272421
1.272421
1.292683
1.299562
1.266526
1.292683
1.299562
1.266526
1.292683
1.157400
1.126925
1.272421
1.216356
1.168268
1.126925
1.226627
1.216356
1.214226
1.200027
1.214226
1.151330
1.126925
1.126925
1.241159
1.241159
1.151330
1.152007
1.180971
1.162189
1.161767
1.098674
1.068787
1.005643
1.083146
1.068787
1.005643
0.974915
0.920026
0.930022
0.889932
0.851662
0.858592
0.808688
0.857221
0.784579
0.808688
0.808688
0.802459
0.789218
0.795472
0.690152
0.705881
0.631025
0.601772
0.662307
0.670031
0.694823
0.768546
0.601772
0.694823
0.768546
0.627377
0.627377
0.806288
0.875921
0.858270
0.906087
0.826817
0.795193
0.826817
0.925288
0.990070
0.990070
0.990070
0.879082
0.879082
1.112838
1.039962
1.099800
1.112838
1.099800
1.099800
1.137401
1.099800
1.198883
1.091400
1.292515
1.253550
1.305937
1.300923
1.277359
1.365944
1.327701
1.365944
1.380702
1.380702
1.325915
1.336315
1.330071
1.339390
1.373578
1.371450
1.363210
1.318734
1.329479
1.345000
1.310286
1.235836
1.246034
1.356430
1.356430
1.356184
1.356430
1.198350
1.356430
1.338019
1.299562
1.301570
1.282558
1.272421
1.294638
1.151302
1.151518
1.282550
1.284345
1.283682
1.226627
1.282550
1.273674
1.282550
1.161767
1.095737
1.068109
1.172168
1.187611
1.180971
1.187611
1.180971
0.972484
1.082638
1.098674
1.039528
0.932864
0.935232
0.860187
0.889501
0.871672
0.840799
0.830702
0.784929
0.733882
0.808620
0.811833
0.855685
0.855685
0.855685
0.792387
0.715008
0.669445
0.642050
0.606117
0.601772
0.632903
0.726811
0.801804
0.711639
0.792411
0.806288
0.759588
0.963375
0.918826
0.795193
0.795193
0.906087
0.914204
0.925288
0.993912
0.994542
0.965836
1.047053
0.858270
0.995381
1.058494
1.086307
1.011948
1.058494
1.101005
1.198883
1.186416
1.147104
1.158756
1.250029
1.292515
1.305937
1.300923
1.296537
1.336101
1.369483
1.363270
1.377380
1.350757
1.380702
1.380702
1.344299
1.333872
1.326358
1.315886
1.371450
1.397838
1.373578
1.371450
1.399060
1.371450
1.305336
1.356184
1.352724
1.198350
1.356184
1.200690
1.282550
1.283682
1.334333
1.300204
1.300204
1.352724
1.283682
1.287481
1.287481
1.287481
1.280806
1.284345
1.226627
1.246872
1.231119
1.241159
1.231119
1.228251
1.095737
1.060320
1.036108
1.082638
1.005893
0.992892
1.008164
0.959780
1.039528
0.857221
0.882178
0.858592
0.858592
0.816604
0.805562
0.811869
0.855685
0.811869
0.811869
0.855685
0.811833
0.805562
0.805562
0.792387
0.741889
0.789218
0.789218
0.662307
0.741409
0.670031
0.701648
0.768546
0.868396
0.700470
0.958992
0.906087
0.914204
0.914204
0.921818
0.906087
0.963375
0.923349
1.011948
0.934325
1.051183
1.011948
1.018146
1.018146
1.087527
1.253550
1.253550
1.282868
1.300923
1.300923
1.363270
1.364619
1.377380
1.296537
1.296537
1.303276
1.351716
1.372898
1.302645
1.325915
1.330071
1.330071
1.352407
1.329479
1.352407
1.371450
1.373919
1.254254
1.316011
1.254254
1.235836
1.235836
1.356184
1.352724
1.356184
1.356184
1.298063
1.282558
1.280806
1.300204
1.245332
1.183159
1.187365
1.272724
1.252238
1.272724
1.157400
1.191115
1.191115
1.183159
1.245332
1.133619
1.231119
1.245332
1.161767
1.095737
1.095737
1.068109
1.005893
1.127435
1.112126
1.007280
0.972484
1.112126
1.039528
1.030612
0.972016
1.007280
1.057375
0.959780
0.959780
0.805562
0.811869
0.816604
0.741889
0.741889
0.715008
0.779837
0.769251
0.709179
0.669445
0.601772
0.779194
0.852893
0.759588
0.801804
0.867695
0.861784
1.045216
0.861784
0.990070
0.923349
0.923349
0.905708
1.004076
0.935697
0.935697
1.045216
0.954402
0.954402
0.985232
1.090434
1.115088
0.954402
1.126494
1.099800
1.202966
1.282868
1.277359
1.253550
1.315431
1.327701
1.345241
1.327701
1.327701
1.377380
1.277359
1.377380
1.329229
1.329229
1.329229
1.333872
1.325915
1.326358
1.371450
1.329479
1.329479
1.352407
1.352407
1.254254
1.318734
1.318734
1.318734
1.278320
1.352724
1.352724
1.352724
1.198350
1.331968
1.336152
1.336152
1.337573
1.151302
1.283682
1.343897
1.280806
1.298063
1.298063
1.291460
1.280806
1.282558
1.272724
1.294638
1.294638
1.147086
1.180712
1.273674
1.191115
1.244425
1.245332
1.115528
1.115528
1.228251
1.245332
1.090246
1.095737
1.082638
1.187611
1.193073
1.112126
0.972016
0.995749
0.989455
1.008164
0.943588
0.935232
0.929302
0.876526
0.902552
0.958688
0.882178
0.882178
0.887902
0.883931
0.882178
0.816604
0.772024
0.772024
0.669445
0.669445
0.670031
0.677606
0.766550
0.711639
0.766550
0.958992
0.801804
0.905708
0.792411
0.914204
0.921818
0.777120
0.993912
0.993912
0.993912
0.877448
1.104339
1.039962
1.051183
1.087527
1.087527
1.018146
1.097476
1.198883
1.282868
1.253550
1.253550
1.253550
1.300923
1.345241
1.363270
1.363270
1.363270
1.276885
1.371450
1.371450
1.340160
1.373919
1.244329
1.244329
1.356184
1.331968
1.331968
1.336152
1.336152
1.347613
1.352724
1.331968
1.300204
1.291460
1.151302
1.280806
1.290511
1.223333
1.223333
1.298063
1.203392
1.197325
1.094398
1.094398
1.094398
1.068109
1.107927
1.068109
1.187611
1.161767
1.228251
1.161767
1.068109
1.177608
1.007280
0.943801
0.976662
0.945279
0.943801
0.876526
0.883931
0.876526
0.881135
0.846411
0.855685
0.816604
0.792387
0.863005
0.741889
0.709179
0.642050
0.642050
0.751909
0.766550
0.905708
1.045216
1.045216
1.037796
1.048677
0.994542
1.104339
1.090434
1.090434
0.943809
1.087527
1.087527
1.115088
1.153244
1.186416
1.202966
1.239237
1.239237
1.239237
1.188541
1.327701
1.327701
1.300923
1.296537
1.303276
1.344299
1.305023
1.329229
1.367204
1.326358
1.376341
1.379938
1.313176
1.329479
1.371450
1.352407
1.352407
1.373919
1.373919
1.318734
1.224607
1.283835
1.244329
1.177518
1.336152
1.336152
1.340262
1.347613
1.331968
1.291460
1.282558
1.290345
1.298063
1.280806
1.212709
1.290511
1.191115
1.214681
1.095839
1.179262
1.231119
1.235461
1.107927
1.197325
1.203392
1.231048
1.090246
1.030612
1.089872
1.031251
1.060320
1.059864
1.057375
0.943801
1.019350
1.015340
0.909542
0.976662
0.811869
0.899041
0.908181
0.805072
0.850504
0.850504
0.805072
0.765852
0.765852
0.674198
0.642050
0.751909
0.642050
0.721138
0.677606
0.677606
0.669445
0.701648
0.852893
0.852893
0.801804
0.867695
0.867695
0.958992
0.861784
0.792411
0.893234
0.861784
0.921818
0.994542
0.935104
0.982750
1.045216
0.993912
1.147104
1.282868
1.277359
1.233038
1.327701
1.332783
1.345241
1.282868
1.315431
1.305023
1.235244
1.354106
1.276885
1.325915
1.302645
1.307715
1.367204
1.326358
1.313176
1.233293
1.329479
1.347014
1.210309
1.121637
1.348428
1.331968
1.330356
1.328065
1.340262
1.340262
1.193583
1.151302
1.290511
1.177518
1.280372
1.290511
1.290345
1.283682
1.294638
1.107927
1.197325
1.214681
1.286787
1.280372
1.220117
1.067891
1.161767
1.082638
1.067891
1.005893
1.098420
1.089872
1.028888
1.119446
1.059864
0.995749
1.051217
1.051217
1.015340
0.950430
0.950430
0.882178
0.877362
0.878249
0.947210
0.872953
0.878249
0.896553
0.896553
0.832876
0.851757
0.772024
0.772024
0.642050
0.751909
0.665810
0.764479
0.826458
0.848200
0.711639
0.733053
0.852893
0.852893
0.905708
0.893234
0.905708
1.018146
1.003788
0.863982
1.023145
1.081893
1.111651
1.169817
1.169817
1.241259
1.285220
1.305023
1.345241
1.332783
1.332783
1.290807
1.305023
1.348677
1.326358
1.367204
1.360852
1.367204
1.313176
1.367204
1.369497
1.352407
1.352407
1.224607
1.233293
1.276091
1.283835
1.210309
1.276091
1.328065
1.320372
1.320372
1.328065
1.328065
1.330356
1.340262
1.290511
1.348428
1.340262
1.340262
1.141427
1.276627
1.212709
1.225483
1.286787
1.194886
1.194886
1.177608
1.159513
1.119446
1.119446
1.031251
1.031251
1.089872
1.028888
0.984768
0.972016
0.935232
0.899041
0.908181
0.846411
0.851757
0.851757
0.789218
0.765852
0.718059
0.701648
0.793817
0.865173
0.793817
0.927950
0.927950
0.948798
0.904382
0.982750
0.982750
1.031499
1.088900
1.090434
1.037301
1.048677
1.076055
1.018146
0.954402
1.081893
1.081893
1.051183
1.097476
1.153870
1.241259
1.241259
1.215853
1.215853
1.300923
1.268610
1.288190
1.268610
1.332783
1.305023
1.235244
1.290807
1.329229
1.313173
1.348677
1.362468
1.367204
1.367204
1.362468
1.347014
1.347014
1.347014
1.308467
1.320372
1.230655
1.230655
1.330356
1.320372
1.320372
1.193583
1.151657
1.177518
1.280372
1.328065
1.280372
1.276627
1.147086
1.120956
1.290511
1.214681
1.179262
1.197325
1.284834
1.263985
1.235461
1.235461
1.235461
1.147086
1.235461
1.235461
1.138353
1.220117
1.177608
1.067891
1.028888
1.090562
1.057930
1.119446
1.128204
1.015340
0.929045
0.929045
1.002512
1.051217
0.983746
0.947210
0.947210
0.899041
0.837887
0.911257
0.837887
0.837887
0.772024
0.718059
0.745205
0.718059
0.665810
0.764479
0.764479
0.852893
0.733053
0.777120
0.947220
0.947220
0.947220
0.777120
0.893234
0.850372
0.947220
0.904382
0.947220
0.863982
0.958992
0.948798
1.031499
1.026432
0.935104
0.982169
1.031499
0.983509
1.081893
1.134946
1.153244
1.241259
1.241259
1.255568
1.241259
1.235244
1.276885
1.263484
1.302645
1.307715
1.307715
1.307715
1.362468
1.348677
1.367204
1.369497
1.347014
1.230655
1.348428
1.348428
1.377290
1.151657
1.320372
1.333607
1.328065
1.320372
1.330356
1.163388
1.183877
1.328065
1.340262
1.183877
1.290511
1.280372
1.280372
1.276788
1.286787
1.197325
1.268802
1.095839
1.220117
1.223819
1.159513
1.090246
1.159513
1.067891
1.073932
1.043598
1.043598
1.067295
1.008895
0.995749
0.941144
1.008895
0.958688
0.941144
0.941144
1.057930
0.941144
0.945429
0.908181
0.894348
0.902898
0.850504
0.837883
0.837883
0.767120
0.793817
0.817687
0.873789
0.873789
0.947220
0.850372
0.777120
0.982169
1.031499
1.023145
0.983509
1.023145
1.003788
1.037301
1.081893
1.081893
1.134946
1.188541
1.188541
1.219190
1.219190
1.255568
1.285220
1.255568
1.332783
1.332783
1.305023
1.288190
1.332783
1.288190
1.265295
1.348677
1.263484
1.313176
1.313176
1.396150
1.362468
1.396150
1.338816
1.347014
1.233293
1.174538
1.316171
1.174538
1.308467
1.165668
1.315998
1.340262
1.330356
1.320372
1.328065
1.265496
1.348428
1.321726
1.276627
1.284834
1.141427
1.273536
1.248788
1.095839
1.220117
1.276788
1.218375
1.108219
1.095839
1.067891
1.073932
1.081429
1.081429
1.153170
1.090562
1.094674
1.128204
1.067295
1.090562
1.008895
1.044572
1.002512
1.002512
1.000943
0.984768
1.042099
0.911501
0.901062
0.983746
0.958397
0.846411
0.902898
0.848200
0.848200
0.826458
0.733053
0.733053
0.767120
0.767120
0.764479
0.893234
0.934408
0.873789
0.948798
0.947220
0.947220
0.948798
0.947220
0.850372
0.850372
1.006840
0.982169
0.982169
1.070055
1.076055
0.928312
1.024357
1.076055
1.024357
1.003788
1.081893
1.079015
1.134946
1.111651
1.244084
1.169817
1.244084
1.225952
1.235244
1.276885
1.276885
1.209175
1.325610
1.263484
1.362468
1.328541
1.362468
1.338816
1.308467
1.276091
1.230655
1.333607
1.321833
1.328065
1.321833
1.330356
1.321726
1.338577
1.347613
1.120956
1.280372
1.268802
1.252364
1.252364
1.236739
1.331065
1.120956
1.265496
1.121548
1.121548
1.121548
1.154377
1.073932
1.097302
1.133761
1.119358
1.119358
1.081429
1.119358
1.128204
1.071781
1.044572
1.126869
1.071781
1.043598
0.978044
0.941144
0.978044
0.978439
1.002512
0.911501
0.902898
0.782588
0.733053
0.841050
0.841050
0.856767
0.764479
0.832204
0.840565
0.861785
0.861785
0.805531
0.982750
0.863982
1.031499
0.922712
0.935104
0.863982
0.943809
1.030169
0.963586
1.003119
1.088900
0.968960
1.063471
0.994161
1.189972
1.167960
1.187346
1.187346
1.241259
1.163865
1.219190
1.192844
1.237403
1.192844
1.192844
1.267469
1.285220
1.219190
1.267469
1.332783
1.309594
1.332783
1.307715
1.338816
1.382952
1.338816
1.179935
1.179935
1.174538
1.224607
1.276091
1.244676
1.208850
1.208850
1.328065
1.328065
1.338577
1.151657
1.338577
1.290345
1.338577
1.263116
1.263116
1.318837
1.265496
1.273536
1.263985
1.275116
1.275116
1.339123
1.248788
1.248788
1.120956
1.276788
1.218375
1.123797
1.170575
1.154377
1.212679
1.158177
1.097302
1.121548
1.176669
1.118548
1.133761
1.200130
1.207034
1.132956
1.158177
1.158177
1.132956
1.119358
1.119358
1.133761
1.119358
1.071781
1.071781
1.071781
0.994451
1.099106
1.059680
0.945429
0.969773
0.816108
0.826458
0.805531
0.817687
0.805531
0.840565
0.840565
0.947220
0.916944
0.861785
0.916944
0.916944
0.963732
1.006840
0.892464
1.003788
1.063471
1.063471
1.063471
1.079015
1.079015
1.131354
1.131354
1.237403
1.209175
1.225680
1.309594
1.270723
1.247894
1.247894
1.325610
1.325610
1.179935
1.176990
1.382952
1.382952
1.338816
1.272497
1.272497
1.165668
1.208850
1.333607
1.377290
1.163388
1.338577
1.103827
1.321726
1.263116
1.318837
1.120956
1.123797
1.272434
1.092265
1.097302
1.096799
1.108219
1.154377
1.118548
1.132956
1.081429
1.097302
1.158177
1.155043
1.119358
1.119358
1.096799
1.097302
1.110144
1.044572
1.071781
1.071781
1.042099
0.969773
0.969773
0.816108
0.704282
0.798970
0.782588
0.782588
0.841050
0.832204
0.874287
0.832204
0.874287
0.922712
0.805531
0.880206
0.880206
0.936869
0.939458
0.861785
0.892464
0.963732
0.958988
0.916944
0.935104
0.963732
1.003119
0.892464
1.030169
1.070055
0.994161
1.024357
0.994161
0.997268
1.063471
1.111391
1.223795
1.187346
1.187346
1.187346
1.237403
1.225680
1.247940
1.267469
1.237403
1.267469
1.209175
1.209175
1.255204
1.280560
1.382952
1.276543
1.276543
1.174538
1.124328
1.377290
1.377290
1.365486
1.321833
1.377290
1.333607
1.338577
1.313858
1.321726
1.320156
1.321726
1.319654
1.248788
1.163388
1.321833
1.123797
1.321833
1.265496
1.247695
1.123797
1.207034
1.207034
1.154377
1.158177
1.191341
1.182112
1.081429
1.081429
1.113736
1.146106
1.125278
1.097302
1.118548
1.096799
1.075845
1.132956
1.126869
1.118548
1.067295
1.097302
1.059680
1.073681
0.999069
1.032954
0.999069
1.011081
0.936854
0.936854
0.958397
0.969773
0.958397
0.914364
0.934408
0.914364
0.816108
0.934408
0.934408
0.805531
0.934408
0.916944
0.916944
0.958988
1.006840
0.939458
0.880206
0.934193
1.006840
0.892464
0.939458
1.003119
1.070055
1.070055
1.070055
1.111391
1.090220
1.111391
1.117865
1.131354
1.187346
1.212247
1.212247
1.223795
1.237403
1.164921
1.237403
1.247940
1.248220
1.164921
1.265295
1.247894
1.197009
1.265295
1.280560
1.325610
1.265295
1.255204
1.263484
1.365168
1.382952
1.382952
1.382952
1.338816
1.338816
1.382952
1.219063
1.272497
1.272497
1.152258
1.116687
1.122937
1.377290
1.344316
1.356943
1.163388
1.320156
1.349028
1.291126
1.321726
1.302149
1.299912
1.276788
1.123797
1.266309
1.160255
1.212679
1.121396
1.194530
1.167831
1.136113
1.177522
1.136113
1.125278
1.060325
1.081429
1.097302
1.097302
1.097302
1.102933
1.132956
1.097302
1.136113
1.155043
1.113736
1.113736
1.126869
1.118548
1.060026
1.106480
1.073681
1.060026
0.999069
0.936854
0.704282
0.704282
0.874287
0.898270
0.898270
0.898270
0.719600
0.840565
0.898270
0.874287
0.874287
0.832204
0.898270
0.898270
0.874287
0.812326
0.975091
0.892464
0.866656
0.934193
0.963586
0.938946
0.895836
1.034508
1.073201
1.063471
1.090220
1.067605
1.108503
1.131354
1.167960
1.223795
1.140554
1.163865
1.137065
1.247940
1.247940
1.309594
1.209175
1.164921
1.270723
1.255204
1.263484
1.197009
1.338902
1.179935
1.122601
1.293778
1.338816
1.127816
1.122601
1.355217
1.385304
1.355217
1.344316
1.344316
1.365486
1.377290
1.344316
1.356943
1.368899
1.151657
1.368899
1.139505
1.339123
1.319654
1.307187
1.318836
1.339123
1.313858
1.321833
1.136361
1.101519
1.313858
1.123797
1.252630
1.191341
1.191341
1.178561
1.089214
1.133445
1.188249
1.136113
1.093151
1.118548
1.113736
1.125278
1.113736
1.073681
1.011081
1.060026
0.999069
0.664340
0.675612
0.704282
0.769526
0.782588
0.704282
0.734102
0.782588
0.840565
0.894406
0.983301
1.005431
1.005431
0.953059
1.006840
0.981287
0.812326
0.922712
0.922712
0.917300
0.934193
1.047607
1.070055
0.994161
0.970076
0.995025
1.034508
1.193601
1.157771
1.137065
1.157771
1.137065
1.164921
1.225344
1.247940
1.270723
1.176558
1.176558
1.265295
1.292086
1.292086
1.328541
1.338902
1.122601
1.127816
1.401049
1.401049
1.401049
1.355217
1.385304
1.385304
1.387215
1.355217
1.385304
1.373193
1.374135
1.355217
1.355217
1.355217
1.373193
1.385304
1.397857
1.365486
1.385304
1.346476
1.174542
1.356943
1.352234
1.352583
1.313370
1.103827
1.363623
1.320131
1.319654
1.307556
1.307556
1.307556
1.318836
1.163388
1.252630
1.313858
1.139505
1.306016
1.136361
1.188249
1.178561
1.177522
1.125278
1.147303
1.099260
1.147303
1.113736
1.125278
1.113736
0.704282
0.693543
0.699366
0.699366
0.840565
0.818292
0.894406
0.805531
0.894406
0.877997
0.953059
0.983577
0.917300
0.840545
0.981287
0.840565
0.983301
0.939458
1.006254
1.005858
1.102933
1.043788
0.971921
1.102933
1.034508
1.167960
1.117865
1.117865
1.156008
1.157771
1.137065
1.157771
1.248220
1.248220
1.225344
1.247940
1.225344
1.241963
1.200108
1.255204
1.218250
1.208610
1.292086
1.338902
1.292086
1.387215
1.411047
1.401049
1.411047
1.385304
1.094852
1.355217
1.373193
1.186846
1.344316
1.354073
1.385304
1.368899
1.113325
1.365486
1.365486
1.352583
1.368899
1.313858
1.300343
1.352234
1.353355
1.352583
1.306016
1.313858
1.306016
1.306016
1.241562
1.247695
1.178561
1.243744
1.188249
1.075845
1.099260
1.079025
0.693543
0.664340
0.664340
0.699366
0.662500
0.738908
0.693543
0.796224
0.699366
0.699366
0.734102
0.812326
0.738008
0.877997
0.738008
0.840545
0.971360
0.866656
0.822285
0.983577
0.983577
0.953059
0.971360
1.006840
1.006254
1.006254
0.895836
1.006254
1.034508
1.034508
1.073201
1.034508
1.103662
1.053486
1.103662
1.193601
1.137065
1.137065
1.225344
1.170371
1.197009
1.218250
1.292086
1.292086
1.064944
1.219063
1.219063
1.387215
1.387215
1.387215
1.387215
1.355217
1.396521
1.385304
1.122937
1.385304
1.373193
1.355217
1.063295
1.373193
1.367315
1.385304
1.122937
1.113325
1.174542
1.346476
1.338613
1.355922
1.346476
1.352234
1.336311
1.313370
1.352891
1.319654
1.139505
1.307556
1.306016
1.139505
1.136361
1.128043
1.220069
1.188249
1.167831
1.155131
1.155131
1.134016
1.177522
1.114931
1.134016
1.134016
1.165386
0.693543
0.693543
0.693543
0.734102
0.636856
0.699366
0.738908
0.734102
0.734102
0.796224
0.877997
0.877997
0.812326
0.840545
0.877997
0.894406
0.917300
0.917300
0.971360
0.896672
0.858972
0.934193
0.934193
1.047607
0.983577
0.971360
0.971360
0.933803
0.970076
0.938946
1.036307
1.115560
0.999017
1.102933
1.103662
1.103662
1.156008
1.193601
1.109371
1.193601
1.137065
1.241963
1.195499
1.170371
1.176558
1.197009
1.277228
1.292086
1.219063
1.127816
1.387215
1.203326
1.401049
1.397755
1.373193
1.373193
1.355217
1.355217
1.397857
1.366238
1.352751
1.373193
1.384117
1.327505
1.347995
1.363623
1.110042
1.346476
1.368579
1.349782
1.052991
1.138096
1.252630
1.121396
1.147303
1.155131
1.148265
1.165386
1.127530
1.138710
1.138710
0.693543
0.738908
0.699366
0.787344
0.796224
0.796224
0.840545
0.818292
0.983577
0.896672
1.047607
0.971877
1.012104
1.034508
0.971877
1.077288
1.117865
1.094081
1.108503
1.094081
1.156008
1.193601
1.127728
1.186411
1.164921
1.164921
1.170371
1.170371
1.200108
1.255204
1.125227
1.218250
1.218319
1.338902
1.292086
1.292086
1.396521
1.384935
1.405955
1.387215
1.397755
1.367315
1.384935
1.377293
1.377293
1.186846
1.186846
1.366238
1.377293
1.113325
1.367315
1.329179
1.378613
1.349028
1.349782
1.335448
1.352234
1.352234
1.352234
1.052991
1.098443
1.287067
1.291766
1.277640
1.104864
1.089326
1.163953
1.220069
1.201486
1.128043
1.118926
1.089214
1.186291
1.186291
1.086423
0.664340
0.636856
0.662500
0.699366
0.738908
0.708716
0.745492
0.812326
0.812326
0.786835
0.738008
0.847741
0.877997
0.738008
0.809052
0.940418
0.971360
0.896672
0.983301
0.971360
0.983301
0.784989
1.021789
1.007341
0.966345
0.908461
1.036307
1.102933
1.085832
0.933803
1.073201
1.043469
1.094081
1.040174
1.094081
1.094081
1.127954
1.176786
1.161336
1.193601
1.137065
1.225344
1.248220
1.191407
1.186411
1.212944
1.195499
1.195499
1.195499
1.292086
1.292086
1.056515
1.064944
1.116687
1.384935
1.384935
1.394135
1.411047
1.394135
1.394135
1.397755
1.394135
1.063295
1.065493
1.385959
1.325163
1.347995
1.347995
1.327505
1.338395
1.338395
1.338395
1.174542
1.110042
1.338613
1.170731
1.116868
1.136727
1.277640
1.218189
1.201486
1.135977
1.138096
1.230306
1.186291
1.231964
1.188633
0.706042
0.674335
0.693543
0.674335
0.693543
0.706042
0.693543
0.708716
0.858972
0.858972
0.858972
0.832943
1.021789
0.940418
0.940418
0.938946
0.885563
1.022960
1.021789
1.047607
1.021397
0.933803
1.036307
0.999017
1.109371
1.103662
1.084070
1.161336
1.218319
1.125227
1.125227
1.156874
1.394135
1.394135
1.384935
1.384935
1.402772
1.397755
1.376946
1.376946
1.376946
1.376946
1.125578
1.338018
1.376946
1.366238
1.394135
1.352751
1.367315
1.397755
1.367315
1.343741
1.351029
1.389134
1.349782
1.327505
1.366238
1.340070
1.353355
1.338395
1.276596
1.116868
1.220069
1.201486
1.201486
1.167831
1.108404
1.167406
1.127530
0.786272
0.706042
0.786835
0.751910
0.704357
0.847741
0.832943
0.940418
0.908461
1.022960
0.966345
1.127954
1.103069
1.103069
1.062048
1.040174
1.081548
1.101009
1.101009
1.125127
1.125127
1.161336
1.127728
1.186411
1.136487
1.195499
1.170371
1.098362
1.125227
1.164804
1.164804
1.156874
1.156874
1.405218
1.145232
1.402772
1.405955
1.009475
1.405955
1.394135
1.405955
1.405955
1.376946
1.376946
1.367315
1.397755
1.377293
1.352751
1.372848
1.366238
1.356528
1.336311
1.372848
1.366526
1.387241
1.362883
1.385959
1.335448
1.367315
1.116868
1.098443
1.276596
1.165548
1.277640
1.199486
1.218189
1.135977
1.104864
0.706042
0.745492
0.745492
0.847741
0.786272
0.847741
0.866049
0.832943
0.866049
0.866049
1.007341
0.832943
0.751910
0.866049
0.949723
1.007341
0.908461
0.908461
0.933803
0.933803
0.949723
0.949723
0.931384
0.996587
0.996587
1.021789
0.931384
0.966345
1.035176
0.966345
0.996587
1.062048
1.057058
1.036307
1.103351
1.140562
1.094081
1.034965
1.161336
1.062048
1.101009
1.101009
1.161336
1.125127
1.125127
1.125127
1.091566
1.056515
1.218319
1.053244
1.235581
1.405218
1.400227
1.000568
1.402772
1.403626
1.403626
1.405218
1.402772
1.396911
1.400227
1.414285
1.385874
1.065493
1.405955
1.373159
1.405955
1.397755
1.384935
1.366238
1.387241
1.387241
1.327097
1.375899
1.374276
1.061177
1.132343
1.290560
1.297611
1.276596
1.192950
1.155359
1.208741
1.208741
1.188633
1.188633
0.745492
0.824678
0.674335
0.751910
0.824678
0.786835
0.847741
0.923591
0.858218
1.021789
1.021789
1.022960
0.949723
0.999017
1.015271
1.035176
0.949723
1.085832
1.064244
0.996587
1.057058
1.103351
1.063799
1.103069
1.063793
1.063793
1.127954
1.127954
1.040174
1.062048
1.042052
1.064244
1.127954
1.057344
1.084917
1.161336
1.173892
1.218319
0.996320
1.375392
1.000568
1.156874
1.400227
1.374945
1.403626
1.402772
1.395542
1.399634
1.385874
1.385144
1.009475
1.384935
1.381781
1.381781
1.399634
1.396080
1.381781
1.009475
1.009475
1.366238
1.372848
1.395542
1.360057
1.356528
1.385908
1.362883
1.340723
1.063295
1.005298
1.005298
1.356528
1.378613
1.366238
1.327505
1.355761
1.335448
1.110042
1.340723
1.241917
1.327505
1.277640
1.266732
1.104000
1.045286
1.136727
1.254524
1.266732
1.242539
1.136727
1.167406
1.167406
1.177541
1.188633
0.824678
0.786272
0.751910
0.858218
0.901410
0.966957
0.923296
0.978945
1.044775
0.953003
0.976267
0.986005
1.096813
1.042052
1.102348
1.057058
1.140562
1.042052
1.017541
1.113316
1.084917
1.057344
1.113316
1.148466
1.125127
1.084917
1.173200
1.075670
1.119559
1.084917
1.113316
1.169262
1.121669
1.148466
1.062422
1.170371
1.195499
1.218319
1.218319
1.146848
1.302818
1.302818
1.218319
1.235581
1.363581
1.365403
1.391609
1.164804
1.365403
1.375392
1.365403
1.391609
1.388455
1.385874
1.413742
1.385874
1.376019
1.403626
1.385908
1.365494
1.365494
1.385874
1.395542
1.365494
1.384935
1.384685
1.385908
1.399634
1.373159
1.365494
1.360121
1.366526
1.351909
1.351909
1.125578
1.355761
1.045286
1.297611
1.339138
1.321120
1.266732
1.124603
1.192950
1.241034
1.155359
1.193277
1.193277
1.094010
0.885988
0.858218
0.948355
0.923296
0.885988
0.923296
0.966957
0.978945
0.966957
1.046044
0.923296
1.047861
1.010894
1.088278
1.047861
1.047861
1.094081
1.054060
1.034965
1.034965
1.102348
1.102348
1.102348
1.063799
1.057058
1.044775
1.057058
1.126249
1.127954
1.113316
1.121669
1.106749
1.057344
1.109958
1.169262
1.113316
1.142560
1.169262
1.062422
1.148466
1.148466
1.169262
1.091566
1.062422
1.222803
1.117657
1.117657
1.195499
1.205630
1.222803
1.277416
1.053244
1.292494
1.292494
1.302818
1.363581
1.351136
1.363581
1.351136
0.996320
1.374945
1.374945
1.386625
1.386625
1.391609
1.363581
1.393551
1.385874
1.388455
1.385874
1.388455
1.385516
1.391609
1.385908
1.393551
1.385516
1.401910
1.389891
1.145232
1.385144
1.365494
1.398433
1.401910
1.351909
1.384685
1.362883
1.362883
1.398433
1.365494
1.390182
1.373159
1.351909
1.339138
1.355761
1.351909
1.063295
1.068190
1.068190
1.321120
1.111039
1.193277
1.098425
1.124603
1.111039
1.231970
1.231970
1.133624
1.204480
0.923296
0.923296
1.033385
0.948355
1.010894
1.010894
1.046044
1.054060
1.107284
1.113340
1.042052
1.063799
1.063799
1.107284
1.107284
1.113340
1.091592
1.098641
1.142560
1.034965
1.137482
1.113340
1.113340
1.076235
1.142560
1.109958
1.126249
1.109958
1.109958
1.157482
1.142560
1.186411
1.142560
1.119559
1.119559
1.173200
1.148466
1.191465
1.191465
1.243881
1.205630
1.205630
1.205630
1.222803
1.053244
1.243881
1.263117
1.243881
1.302818
1.263117
1.263117
1.292494
1.146848
1.263117
1.088644
1.365403
1.365403
1.088644
1.088644
1.351136
1.328267
1.342391
1.088644
1.390758
1.363581
1.307966
1.365403
1.363581
1.332971
1.375392
1.389891
1.342391
1.386625
1.082656
1.391609
1.389891
1.398433
1.389891
1.385874
1.374500
1.401910
1.401910
1.385908
1.385908
1.387012
1.233043
1.387012
1.387012
1.321120
1.078984
1.327097
1.355761
1.068190
1.073529
1.061177
1.327097
1.297611
1.133624
1.133624
1.177541
1.010894
1.098641
0.999568
0.999568
1.107284
1.107284
1.107284
1.163416
1.163416
1.163416
1.057344
1.157482
1.157482
1.157482
0.998724
1.095831
1.173200
1.173200
1.191465
1.133674
1.173892
1.231559
1.243881
1.222803
1.231559
1.146848
1.146848
1.302818
1.302818
1.277416
1.053244
0.976102
1.221986
1.277416
1.307966
1.263117
1.302818
1.053244
0.996320
1.307966
1.328267
1.307966
0.933450
1.328267
1.332971
1.342391
1.342391
1.282595
1.393551
1.390758
1.096543
1.388455
1.385874
1.300366
1.388455
1.385144
1.385516
1.345883
1.387012
1.390182
1.073529
1.374500
1.293257
1.339138
1.266732
1.175386
1.241034
1.113587
1.278903
1.278903
1.225394
1.197897
1.133624
1.204480
1.231970
0.987758
0.987758
1.032583
1.032319
1.086671
1.102889
1.126249
1.065016
1.141228
1.141228
1.119559
1.079283
1.095831
1.243881
1.191465
1.119189
1.129907
1.231559
1.233424
1.146848
1.201749
1.328267
1.201749
1.241142
1.305712
0.976102
1.305712
1.393551
1.390758
1.300366
1.373159
1.386625
1.390182
1.390758
1.267320
1.373159
0.989198
1.339138
0.995849
0.996276
1.229125
0.997021
1.111039
1.068190
1.225394
1.107474
1.091592
1.107284
1.055619
1.064885
1.063799
1.003284
0.998724
1.032583
1.126249
1.201779
1.039129
0.984253
1.169262
1.113706
1.173200
1.192978
1.075909
1.173841
1.075909
1.083569
1.129907
1.009325
1.009325
1.132182
1.221986
1.277416
0.988844
1.166859
1.305712
0.988844
1.345036
1.345036
0.989198
1.345036
1.320641
1.345883
0.995849
1.374500
1.082656
1.055262
1.233043
1.055262
1.055262
1.175386
1.113587
1.267831
1.088833
1.225394
1.177541
1.048178
1.048178
1.053717
1.163416
1.102889
1.144179
1.154467
1.105864
1.133674
1.144179
1.030038
0.976102
1.058233
1.249422
1.058233
1.249422
1.305712
1.305712
1.312684
1.096543
1.345883
0.989198
1.320641
1.115553
1.275356
1.233043
1.056420
1.113587
1.320641
0.997021
1.267831
1.267831
1.054426
1.054426
1.197897
1.197897
1.111039
1.088833
1.158316
1.158316
1.055619
0.978999
1.003284
1.032319
1.065016
1.039129
1.064885
0.988853
1.144179
1.168916
1.113706
1.009325
1.144179
1.192978
1.302818
1.168916
1.192978
1.282595
1.085176
1.300366
1.300366
1.008846
1.345036
1.345036
0.984537
1.008846
1.345883
1.275356
1.005545
1.005545
1.320641
1.293257
1.175386
0.987758
0.999568
0.994579
1.114312
0.987758
1.080927
1.102889
1.046471
1.065016
1.113706
0.963810
1.192978
1.039129
1.009325
1.221986
1.009325
1.007807
1.221986
1.305712
1.230730
1.282595
1.312684
1.030038
0.988844
0.958814
1.267320
1.188105
1.337339
0.966539
0.977915
1.020893
1.113587
1.112736
1.055619
1.032319
1.048178
1.048178
0.999568
0.994579
0.943893
1.053717
1.114312
1.144179
1.168916
1.083569
0.930030
1.130179
1.139267
1.192194
1.282595
1.076758
1.139267
1.300366
1.337339
0.966539
1.190623
1.056420
1.070173
1.067970
1.267831
1.118336
1.048178
1.032319
0.995264
0.995264
1.026199
0.958526
0.994579
1.041216
0.990830
0.983174
0.958526
0.939935
0.939935
1.144179
0.986429
1.249422
1.007807
0.945141
1.152579
1.106462
0.958814
1.035333
1.192194
0.966539
1.192194
0.966539
0.977915
1.102457
1.188105
1.070173
1.070173
1.066138
1.020893
1.267831
1.032234
1.088833
1.118336
1.118336
1.080932
0.987831
0.988773
0.987831
0.980775
1.048178
0.980775
0.980775
0.967722
1.019095
0.994579
0.994579
0.990830
1.105864
1.041216
1.031379
1.041216
0.963810
0.990830
1.081081
1.152579
1.108279
1.095145
1.139267
0.958814
0.945141
1.102457
1.140299
1.140299
1.212932
0.977915
0.979556
0.984537
0.979556
1.020893
1.168341
1.168341
1.032234
0.979556
1.043812
1.158316
0.988773
1.065016
0.983174
1.024533
1.026199
0.997176
1.079603
1.043872
1.024533
1.053647
1.053647
1.126194
1.048039
1.048039
0.990830
1.108279
1.130179
1.121724
1.139267
0.963810
0.986429
0.986429
1.035601
1.001530
1.061090
1.026187
1.035333
0.980607
1.119169
1.119169
1.001530
1.001530
0.966539
1.013206
1.102457
1.045567
1.066138
1.066138
1.102457
0.966539
1.013206
1.066138
1.080932
0.987831
1.035074
0.980775
0.980775
1.019095
1.019095
0.995264
1.040361
0.995264
1.043872
1.043872
1.040361
1.090303
1.090303
1.078692
1.052832
1.100193
1.121724
1.061090
1.096163
1.026187
1.152579
1.096163
1.197649
1.190623
1.043812
1.043812
1.168341
0.986051
1.028224
1.080932
1.132824
1.028224
1.132824
0.987831
0.942763
0.948429
1.035074
1.035074
0.942763
0.977061
0.967190
0.980691
1.026199
1.063135
0.980691
1.009018
0.967190
0.950278
1.052832
1.163490
0.950278
1.038667
1.046039
0.974081
0.974081
0.974081
1.062017
1.163490
1.062017
0.987449
1.062017
1.062017
1.056505
0.993829
1.045567
1.056505
1.056505
1.043812
1.046292
1.046292
1.168341
0.987544
0.988887
0.967190
1.009018
1.001868
1.021949
0.998338
1.014975
0.998338
1.046039
1.062017
0.987449
1.031314
0.993829
1.046292
1.045792
1.046292
0.993829
0.986051
1.028224
1.320372
1.321833
1.321833
1.364077
1.321833
1.356943
1.356943
1.356943
1.315998
1.364077
1.346476
1.315998
1.321833
1.305937
1.363270
1.363270
1.332132
1.239466
1.239466
1.138651
1.213948
1.213948
1.182226
1.289368
1.365494
1.365494
1.363270
1.365944
1.194137
1.194137
1.339553
1.194137
