3477 1 3
0.761402
0.944225
0.917748
0.944225
0.989361
0.994538
0.848195
0.801994
0.823771
0.823771
0.993416
0.837984
0.944225
0.994538
0.941817
0.993416
1.028022
0.886404
0.898826
1.044307
0.761402
0.880023
0.886404
1.147475
0.927895
1.200063
0.994538
0.989361
1.212816
1.205727
1.205727
1.205727
1.019371
1.019371
1.019371
1.185225
1.187359
1.013316
0.941817
1.169384
1.187359
1.028022
1.028022
0.898826
0.901729
0.965430
0.965430
1.163973
1.163973
1.178313
1.029009
1.178313
1.029009
1.029009
1.174980
1.169384
1.028022
1.147475
1.147475
1.207978
1.207978
0.901729
0.775098
1.200063
0.786253
1.188932
1.159719
1.159719
1.159719
0.837679
1.013316
1.169384
1.131709
1.131709
1.007082
0.880023
0.766698
1.188932
1.166158
0.775098
0.775098
1.020543
0.818108
1.052936
1.151622
0.837679
1.330250
0.866288
1.009734
0.866288
1.002733
1.009734
0.964528
1.009734
1.009734
1.131709
1.131709
1.074628
0.907063
1.007082
0.766698
1.038979
1.038979
1.038979
1.166158
1.166158
1.188932
1.020543
1.151622
1.151622
1.151622
0.837679
1.319938
1.163973
0.866615
0.954527
1.179708
0.964528
1.300832
1.074628
0.907063
0.898826
1.091551
1.091551
1.069615
1.150535
1.038979
0.775098
1.183381
1.024833
1.038979
1.166158
1.024833
1.025240
1.025240
0.818108
1.319938
1.157038
1.398426
1.398426
1.398426
1.174980
1.126011
1.156654
1.300832
0.969498
1.132078
1.132078
1.008883
1.007082
1.271831
0.961537
0.846898
1.271831
1.037019
0.763862
0.826573
1.091551
1.095992
1.174284
1.174284
1.102527
1.095992
1.147475
0.821638
1.150535
0.821638
1.318603
1.174284
1.358371
1.375968
1.375968
0.831981
1.183381
1.186662
1.029886
0.891921
1.150717
1.307801
0.909799
0.909799
0.954527
1.002733
0.979698
1.131709
1.126011
1.168893
1.126011
1.132078
1.074753
0.861254
1.008883
1.271831
0.907063
1.228961
1.037019
1.037019
1.102527
0.826573
1.095992
1.095992
1.293389
1.293389
1.293389
0.826573
0.821638
1.358371
1.358371
1.307261
1.183381
0.831981
0.845084
1.330250
1.330250
0.954527
0.954527
1.395597
1.156654
1.254400
1.126011
1.168893
1.074753
0.976098
1.138262
1.138262
1.037019
1.034250
1.202911
1.228961
1.013952
1.037019
1.254049
1.293389
1.293389
1.358371
1.293389
1.102527
1.358371
1.358371
0.831981
0.860578
1.150717
1.150717
0.891921
1.162691
0.909799
0.942867
1.319938
1.319938
0.942867
1.319938
0.954527
1.361013
1.184056
1.395597
0.979698
1.002733
1.395597
1.156654
1.229671
1.229671
1.249633
1.249633
1.228961
1.202911
1.254049
1.254049
0.867118
1.358371
1.358371
1.150535
1.153561
0.845084
0.845084
1.186662
1.214185
0.891921
0.925289
1.183221
1.284632
1.162691
1.175618
1.330250
1.459673
1.539448
1.184056
1.187247
1.002733
1.187247
1.395597
1.395597
0.934092
0.934092
1.126011
1.168893
1.074753
1.024436
1.005415
1.005415
1.027482
1.138262
1.104332
1.104332
1.034250
1.034250
1.034250
0.895354
0.846898
1.008883
0.895354
1.149579
1.314585
1.314585
0.831981
1.371047
0.909799
0.980793
0.959025
1.243754
1.319938
1.184056
1.294180
1.172443
1.002733
1.459673
1.172443
1.187247
1.547422
1.184056
1.341647
1.091931
1.525732
1.547422
1.292662
1.568746
1.308095
1.091931
1.126724
1.246405
1.246405
1.308095
1.405683
1.405683
1.405683
1.114384
1.254400
1.083113
1.083113
1.249633
1.229671
1.227920
1.297706
0.891011
1.013952
0.889480
0.889480
0.846898
1.252338
1.153561
0.821638
1.286235
0.959025
1.341647
0.980793
0.942867
1.294180
1.032412
1.525732
1.187063
1.405683
1.114384
1.083113
1.083113
1.176430
1.077166
1.227920
1.024436
1.178572
1.178572
1.297706
1.126492
0.889480
0.867118
1.307261
1.371047
1.371047
0.925289
1.162691
1.286235
1.286235
1.294180
1.294180
1.423978
1.297294
1.423978
1.307056
1.459673
1.307527
1.568746
1.547422
1.091931
1.126724
1.525732
1.246405
1.185219
1.568746
1.185219
1.525732
1.126724
1.187063
1.187063
1.405683
1.383443
1.292678
1.077166
1.077166
1.017104
1.120225
1.177503
1.177503
0.895354
1.078298
1.078298
1.136062
1.307261
1.252338
0.853225
0.853225
0.853225
1.241932
1.241932
1.262525
1.136958
1.262525
1.243754
1.426035
1.243754
1.243754
1.286235
1.243754
0.980793
1.423978
1.459673
1.423978
1.032412
1.423978
1.459673
1.547422
1.539448
1.292662
1.539448
1.185219
1.228583
1.405683
1.369779
1.251207
1.251207
1.405683
1.405683
1.187063
1.405683
1.187063
1.320555
1.083113
1.662117
1.320555
1.292678
1.151209
1.331084
1.249633
1.077166
1.017104
0.902691
1.177665
1.252338
0.867118
1.252338
1.252338
1.252338
1.307261
1.217747
0.882182
1.284632
1.367206
1.262525
1.262525
1.262525
1.348343
1.385645
1.426035
1.423978
1.423978
1.297294
1.459673
1.307527
1.032412
1.092587
1.459673
1.387584
1.032412
1.091931
1.181527
1.181527
1.181527
1.539448
1.525732
1.568746
1.114384
1.254804
1.405683
1.721799
1.251207
1.114384
1.405683
1.106136
1.335484
1.224126
1.320555
1.116175
1.292678
1.525407
1.249633
0.963162
0.963162
1.120225
1.178572
0.911761
1.081528
1.171480
0.890744
1.287737
1.252338
0.855835
1.307261
0.853225
1.193684
1.217747
0.814904
0.814904
0.860578
0.908822
1.361138
1.371047
1.413097
1.348899
1.284632
1.023176
1.234125
1.359796
1.234125
1.065697
1.243754
1.284230
1.423978
1.426035
0.861682
1.032412
1.274920
1.197932
1.251207
1.369779
1.662117
1.251157
1.224126
1.224126
1.288945
1.288945
1.288945
1.151209
1.288945
0.973474
0.973474
1.025273
1.083763
0.895257
1.090377
1.208267
1.126492
1.126492
1.135562
1.078298
0.902691
0.895354
1.037253
0.888347
1.136062
1.343273
1.343273
1.351174
1.323670
0.966502
0.860578
0.758556
0.791000
0.791000
1.413097
1.389607
1.389607
1.262525
1.234125
1.367206
1.234125
1.065697
1.234125
0.980793
0.996968
1.305786
1.297294
1.331560
1.387584
1.387584
1.092587
1.279517
1.096798
1.721799
1.558492
1.558492
1.335484
1.139398
1.113589
1.251157
1.525407
1.345381
0.828754
1.035970
0.930515
1.035970
1.175937
1.032555
1.120225
0.911761
0.927932
0.879859
1.171480
0.919892
1.135562
0.888347
1.287737
0.888347
0.855835
0.975121
1.377989
1.323670
0.909169
0.860578
0.908822
1.176571
1.413097
1.389607
1.234125
1.234125
1.359796
1.389607
0.996968
1.346807
1.305786
1.346807
0.996968
1.092587
1.307527
1.092587
1.092587
1.337820
1.337820
1.721799
1.369779
1.662117
1.128199
1.210532
1.210532
1.662117
1.210532
1.345381
1.106015
1.106015
1.288945
1.035970
1.032555
1.258835
1.258835
1.103499
1.171480
1.208267
0.919892
1.149032
0.890744
0.890744
1.287737
0.890744
1.211447
1.211447
0.855835
0.855835
1.285934
1.343273
1.285934
1.343273
1.285934
1.343273
1.343273
1.343273
1.285934
0.909169
1.323670
1.186024
1.361138
0.908822
0.966502
1.371982
0.791000
1.413097
1.413097
0.628023
1.389607
1.389607
1.023176
1.205376
1.305786
1.387584
1.387584
1.243304
1.243304
1.197932
1.128199
1.116175
1.037599
1.251157
1.251157
1.396498
1.156160
1.156160
1.396498
1.396498
1.345381
1.155683
1.071124
1.169673
1.169673
0.915480
1.169673
1.169673
1.035970
0.930515
1.175937
0.927932
1.103499
1.135562
1.135562
1.149032
1.287737
1.160415
1.149032
1.280462
1.287737
1.160415
1.287737
0.888347
1.287737
1.328544
1.285934
1.262035
1.343273
1.343273
0.909169
1.312496
1.176571
0.734166
0.966502
1.361138
1.422308
1.413097
1.432814
1.432814
1.346807
0.870049
1.331560
1.331560
1.357676
1.150838
1.306056
1.210532
1.254804
1.662117
1.852578
1.662117
1.185825
1.210532
1.662117
1.306056
1.306056
1.558492
1.852578
1.314732
1.540393
1.169673
1.568843
1.169673
1.155683
1.240925
1.106015
1.371503
1.106015
1.047868
0.866065
1.035970
0.866065
0.866065
0.769863
1.032555
1.165291
0.902768
0.927932
1.258835
1.160415
1.160415
1.149032
0.890744
1.211447
1.211447
1.253059
0.890744
1.280462
1.215000
1.287737
1.343273
0.946458
0.975121
1.078653
0.909169
0.763644
0.909169
0.908822
1.235795
0.595904
1.413097
1.412163
0.628023
1.371982
1.371982
1.375811
1.205376
0.738943
1.304744
1.331560
0.870049
0.870049
1.092587
1.044673
1.387584
1.387584
1.150838
1.228583
1.286546
1.053285
1.197932
1.662117
1.852578
1.185825
1.130528
1.148717
1.791538
1.791538
1.130528
1.791538
1.791538
1.314732
1.624084
1.568843
1.568843
1.299370
1.155683
1.011499
0.842463
1.055417
1.160853
0.927932
0.907187
1.191374
1.253059
0.982922
1.253059
1.410757
1.410757
0.855000
0.874723
0.874723
0.763644
0.763644
0.763644
0.598701
0.716915
1.347097
1.424612
0.628023
1.432814
0.628023
0.738943
1.205376
1.183797
1.304744
1.304744
1.361041
1.386980
1.361041
1.176682
1.286546
1.250029
1.250029
1.286546
1.326856
1.852578
1.224126
1.852578
1.116175
1.703692
1.791538
1.703692
1.624084
1.791538
1.338905
1.568843
1.568843
1.024948
1.024948
1.302497
1.299370
1.078454
1.000235
0.769863
0.911268
0.911268
1.122321
0.972356
0.908313
1.165291
0.902768
0.959361
1.103499
1.155924
0.911761
1.169243
0.919892
1.012250
1.295045
1.253059
0.982922
1.347214
0.855000
0.855000
0.763644
0.717798
1.262035
1.312496
0.653031
0.598701
0.598701
0.628023
1.205376
1.242000
1.357676
1.361041
1.282217
1.176682
1.282217
1.166910
1.166910
1.852578
1.852578
1.791538
1.148717
1.852578
1.791538
1.703692
1.024948
1.024948
1.148717
1.071124
1.071124
1.371503
1.047868
1.000235
1.195510
1.122321
1.120919
1.120919
0.959361
0.959361
0.907187
0.907187
0.883022
1.191374
1.169243
1.295045
1.225066
1.191374
1.253059
1.314450
0.982922
0.982922
0.946458
0.946458
0.717798
0.763644
0.855000
1.347097
1.347097
1.347097
0.595904
1.422308
1.422308
1.424612
1.422308
0.595904
1.432814
0.738943
0.870049
0.870049
0.870049
1.044673
1.242000
1.242000
1.361041
1.227076
1.286546
1.547654
1.326856
1.166910
1.306056
1.096315
1.096315
1.417104
1.306056
1.175250
0.915825
1.011499
1.056987
1.047868
0.828865
0.815719
0.842463
0.842463
1.122321
0.908313
0.972356
0.908313
1.155924
1.155924
1.169243
1.191374
0.832883
0.778147
1.215000
0.717798
0.778147
1.262035
0.778147
0.778147
1.347097
1.440712
1.422308
1.422308
1.424612
1.424612
1.396529
1.375811
0.738943
0.628023
0.738943
1.174086
0.712663
1.282217
1.282217
1.176682
1.534155
1.326856
1.302497
1.024948
1.072271
0.911555
1.299370
1.316730
0.911555
0.890457
1.047868
0.842463
0.842463
0.752778
0.752778
0.781743
1.299827
1.051780
1.160853
1.155924
1.191374
1.191374
1.191374
1.186382
1.186382
0.656269
1.225066
0.801163
0.982922
1.400025
1.347097
1.422308
1.466464
1.479610
1.422308
1.424612
1.422308
1.424612
1.424612
1.183797
1.375811
1.183797
1.183797
0.738943
0.712663
1.216492
1.242000
0.712663
1.259574
1.282217
1.118829
1.263425
1.263425
1.151299
1.151299
1.250029
1.227076
1.286546
1.166910
1.192729
1.160604
1.192729
1.316730
1.299370
1.406593
1.181684
0.930053
0.825579
0.951379
1.071331
1.054711
0.959361
1.048606
0.907187
0.881665
1.179658
1.179658
1.169243
1.012250
0.942038
0.982922
0.942038
0.832883
1.304440
1.262035
1.400025
1.312496
1.426626
1.422308
1.500896
1.479610
1.466464
1.317659
1.216492
0.837604
1.259574
0.837604
1.195708
1.259574
1.263425
0.973595
1.118829
1.263425
0.973595
0.973595
1.131705
1.227076
0.973595
1.227076
1.250029
1.534155
1.265502
1.222166
1.254429
1.265502
1.044640
1.222166
1.143141
0.915825
1.071572
0.890457
0.875356
0.845586
0.732230
0.930053
0.884941
0.884941
1.080271
1.291757
1.001942
1.215501
0.952950
1.168702
1.191374
1.048641
0.942038
0.801163
0.801163
1.098072
1.215000
1.426626
1.479610
1.466464
1.466464
1.289292
1.216492
1.350477
0.837604
1.263425
1.195708
1.263425
0.973595
1.263425
1.195708
1.227076
1.227076
1.202363
1.490277
1.202363
1.222166
1.254429
1.192729
1.254429
1.118942
0.911555
0.915825
0.915825
1.056987
0.815719
0.732230
0.945195
0.845586
0.951379
0.884941
1.071331
1.165079
1.054711
1.110126
1.110126
1.179658
1.048641
1.048641
0.942038
1.334848
1.297081
1.297081
0.837604
1.131705
1.534155
1.534155
1.534155
1.084430
1.044640
1.254429
1.160604
1.072271
1.080976
0.911555
1.158593
1.143141
1.056987
0.898341
0.893430
0.845586
0.884941
1.080271
1.173231
1.101941
1.054711
1.051780
1.110126
1.179658
1.115848
1.066279
1.168702
1.168702
1.119407
1.186382
0.772794
0.772794
1.186382
0.772794
1.201318
1.201318
1.517786
1.400025
1.400025
1.473334
1.500896
1.479610
1.479610
1.297081
1.350477
1.337690
1.259574
1.337690
1.109523
1.109523
1.035530
1.195708
0.893292
1.035530
1.202363
1.208864
1.112827
1.029189
1.113284
1.029189
0.915825
1.175250
1.019402
1.158593
0.930053
0.845586
1.075987
1.001942
1.110126
1.152847
1.066279
0.740921
1.168702
1.152847
1.179658
0.912127
1.285872
1.466464
1.426626
1.500896
1.317659
1.246886
1.289292
1.297081
1.200406
1.031655
1.251559
1.360994
1.360994
1.208864
1.376802
1.159411
1.160604
1.292486
1.113284
1.072271
1.276597
1.129355
1.316730
1.080976
1.129355
1.051294
1.056987
1.158593
0.898341
1.256831
1.278594
1.179658
1.096493
1.048641
0.942038
0.621087
1.119407
1.165885
1.517786
1.500896
1.473334
1.519824
1.386043
1.317659
1.361765
1.347569
1.419598
1.337690
1.212831
1.212831
1.212831
1.212831
1.251559
1.031655
1.412266
1.534155
1.208864
1.400868
1.192729
1.129355
1.019402
0.679681
0.813023
0.837772
1.080271
0.730107
0.979707
0.945642
0.945642
1.291757
1.152847
1.215501
0.912127
1.267681
1.400025
1.473334
1.473334
1.473334
1.369765
1.347569
1.277927
1.200406
1.200406
1.073022
0.893292
1.143369
1.097648
1.143369
0.893292
1.381350
1.208864
1.360994
1.400868
1.112827
1.292486
1.129355
1.129355
1.129355
1.051294
0.815636
0.734495
0.734495
1.040566
0.815636
1.040566
0.971112
0.979707
1.004477
1.075987
1.335063
1.096493
1.152847
0.621087
1.165885
1.473334
1.519824
1.519824
1.246886
1.235081
1.419598
1.337690
1.200406
1.143369
1.212831
1.212831
1.212831
1.208864
1.591745
1.208864
1.149451
1.112827
1.376802
1.276597
1.391633
1.276597
1.201760
1.087767
0.893430
0.871409
0.893430
0.898341
0.890457
0.937266
0.979707
0.979707
0.945642
1.101941
0.982665
0.982665
1.152847
0.740921
0.740921
1.395763
1.395763
1.416286
1.395763
1.416286
1.416286
1.469800
1.519824
1.519824
1.073022
1.031655
1.212831
1.591745
1.591745
1.202138
1.212831
1.208864
1.390321
1.373501
1.591745
1.687772
1.390321
1.202138
1.631662
1.400868
1.391633
0.914171
0.734495
0.915466
1.040566
0.837772
1.173231
0.837772
0.837772
0.945642
1.101941
0.982665
1.001942
0.979707
1.073739
0.982665
0.982665
1.075987
1.004477
1.152847
1.278594
0.966329
0.985028
0.740921
0.689128
1.267681
1.514001
1.497925
1.386043
1.246886
1.235081
1.361765
1.277927
0.899865
0.899865
1.119795
1.119795
1.251559
1.381350
1.363514
1.212831
1.270744
1.262214
1.390321
1.687772
1.373501
1.390321
1.390321
1.291629
1.815241
1.204795
1.048873
1.547340
1.444110
1.082372
1.229041
1.391633
1.113284
1.019402
1.201760
0.972702
1.101578
0.812904
0.871409
0.734495
0.815636
0.971112
0.937266
1.056159
1.052710
0.979707
1.098376
1.278594
1.111645
1.096493
1.096493
1.096493
0.966329
1.328271
1.267681
1.416286
1.469800
1.446130
1.497925
1.417744
1.311883
1.486633
1.337690
1.486633
1.277927
1.073022
1.200406
0.899865
0.899865
1.208878
1.363514
1.262214
1.262214
1.360994
1.390321
1.157074
1.092738
1.444110
1.373501
1.373501
1.245427
1.444110
1.204795
1.112827
1.631662
1.631662
1.631662
1.229041
1.547340
1.525673
1.045991
1.045991
0.972702
0.812904
0.813560
0.915466
0.815636
1.122641
0.945642
1.056159
0.985183
0.945642
1.117927
1.122174
1.117927
1.122174
1.045072
1.075987
0.941710
1.198292
0.740921
1.119407
1.119407
1.446130
1.386043
1.419636
1.382133
1.326956
1.051881
1.051881
1.037740
1.037740
1.119795
1.270744
1.092738
1.390321
1.444110
1.631662
1.204795
1.729475
1.631662
1.444110
1.229041
1.077076
0.903442
1.201760
0.839890
0.971380
0.857132
0.937266
1.056159
1.052710
1.117927
1.115203
1.111645
0.941710
0.941710
0.689128
0.689128
0.689128
0.689128
1.409523
1.497925
1.497925
1.446130
1.437041
1.420435
1.419636
1.486633
1.382133
1.486633
1.326956
1.155809
1.037740
1.176213
1.037740
1.037740
1.157074
1.037740
1.157074
1.270744
1.262214
1.119795
1.262214
1.157074
1.157074
1.390321
1.300848
1.631662
1.631662
1.547340
1.525673
1.077076
1.315862
1.087359
0.972702
0.972702
0.972702
1.126366
0.813560
0.915466
0.937266
1.122641
1.122641
0.985183
1.117927
1.155488
1.045072
1.010075
1.155488
1.010075
1.010075
1.019914
1.010075
1.204933
1.409523
1.421105
1.446130
1.446130
1.308797
1.424426
1.155809
0.942432
1.148758
1.037740
1.105196
1.051881
1.176213
1.145314
1.192258
1.270744
1.176213
1.176213
1.300848
1.104181
1.082372
1.367607
1.026388
0.888963
1.201760
1.101578
0.871409
1.087767
0.967666
0.844470
0.734512
1.052710
1.115203
1.007483
1.122174
1.117927
0.689128
0.941710
1.204933
1.188686
1.328271
1.409523
1.469800
1.497925
1.378269
1.477136
1.446130
1.446130
1.409616
1.311883
1.340931
1.281132
1.143521
1.176213
1.192258
0.971315
1.192258
1.238814
1.145314
1.270744
0.899865
1.262043
1.367607
1.038023
1.729475
1.018105
1.087359
1.087359
0.967740
0.878468
0.878468
0.878468
0.967666
0.967740
0.967740
0.915466
1.142916
0.937266
1.122641
1.288933
1.169038
1.115203
0.941710
1.111645
0.941710
1.005494
1.005494
0.738245
1.399030
1.429152
1.378269
1.389975
1.437041
1.420435
1.424821
1.424821
1.504559
1.382133
1.148758
1.238814
1.278760
1.208878
1.046968
0.876160
1.046968
1.278760
1.202677
1.300848
1.104181
1.038023
1.439016
1.082372
1.182429
1.067001
1.439016
0.967740
0.878468
1.172644
1.379585
1.052710
1.241532
1.133361
1.153798
1.133361
1.123784
1.123784
1.153798
1.059857
1.057641
1.010075
1.399030
1.421105
1.368532
1.421105
1.421105
1.378269
1.378269
1.348186
1.348186
1.348186
1.311883
1.340931
1.424821
1.424821
1.424426
1.424426
1.424426
1.326956
1.171904
1.157835
1.157835
1.085168
1.105196
1.192258
1.238814
1.238814
1.148758
1.046968
0.950078
1.262043
1.367607
1.067001
1.154479
1.026388
1.296060
1.183979
1.018105
1.018105
1.121281
1.018105
0.937266
0.954016
1.069676
1.069676
1.169038
1.160425
1.045072
0.738245
0.738245
1.005494
1.204933
1.399030
1.368532
1.534497
1.504559
1.246437
1.246437
1.171904
1.171904
1.157835
1.157835
1.171904
1.105196
1.238814
1.079924
1.049281
1.006560
1.006560
1.006560
1.104181
1.104181
1.300848
1.262043
1.300848
1.104181
1.439016
1.336485
1.336485
1.183979
1.121281
1.183979
1.195288
0.844470
0.844470
1.186154
1.069676
1.153798
1.153798
1.040286
1.160425
1.059857
1.059857
0.738245
0.738245
1.188686
1.282233
1.282233
1.282233
1.421105
1.421105
1.389975
1.409616
1.348186
1.340931
1.432710
1.424821
1.424821
1.504559
1.504559
1.424426
1.264603
1.246437
1.157835
1.157835
1.171904
1.148758
1.238814
1.207044
0.989297
0.888893
1.049281
1.079924
1.182429
1.410861
1.336485
1.494783
1.274640
0.878468
0.921037
0.844470
1.186154
0.844470
1.101142
0.954016
0.954016
1.379585
1.379585
1.241532
1.241532
1.169038
1.133361
1.133361
1.125235
1.153798
1.399030
1.421105
1.313240
1.368532
1.399030
1.345218
1.340931
1.455332
1.171904
1.267766
1.376111
1.199010
1.105196
1.265522
1.192258
1.049281
1.265522
1.276948
1.080247
1.300848
1.367607
1.080247
1.038023
1.589589
1.410861
1.134156
1.274640
1.150804
1.150804
1.018105
0.964707
0.977602
1.181098
0.907268
0.977602
0.844470
1.186154
1.025503
1.291710
1.290417
1.379585
1.379585
1.005494
1.103658
1.033904
0.899323
1.037599
1.169204
1.169204
1.331957
1.368532
1.313240
1.313240
1.331827
1.340931
1.523286
1.424821
1.424821
1.295517
1.264603
1.295517
1.376111
1.388965
1.388965
1.376111
1.376111
1.267766
1.106860
1.168666
1.207044
1.387273
1.410861
1.134156
1.090520
1.067001
1.026388
1.000500
1.211959
1.504683
1.504683
1.117090
1.158699
1.177751
1.059857
1.043189
1.005494
0.899323
0.899323
1.216972
1.354902
1.324106
1.354902
1.313240
1.331827
1.348186
1.339959
1.460867
1.460867
1.455332
1.455332
1.455332
1.328938
1.388965
1.281094
1.281094
1.267766
1.388965
1.388965
1.199010
1.265522
1.376111
1.265522
1.168666
0.888893
1.049281
1.276948
1.080247
1.134156
1.511060
1.274640
0.974917
0.974917
1.181098
1.181098
1.000500
1.087401
1.000500
1.025503
1.025503
1.379585
1.437811
1.437811
1.437811
1.115615
1.437811
1.437811
1.169038
1.117090
1.158699
1.212206
1.125235
1.158699
0.899323
1.183498
1.345218
1.345218
1.345218
1.460867
1.523286
1.455332
1.281094
1.388965
1.376111
1.388965
1.267766
1.204862
1.237944
1.376111
1.237944
1.265522
1.265522
1.049281
1.041326
0.989297
1.276948
1.360657
1.387273
1.387273
1.080247
1.284622
1.327702
1.109053
1.327702
1.109053
1.109053
1.109053
1.437811
1.115615
1.158699
1.033904
1.033904
1.103658
0.899323
0.899323
1.183498
1.331957
1.313240
1.313240
1.324106
1.313240
1.324106
1.252560
1.506429
1.460867
1.506429
1.489310
1.455332
1.361977
1.328938
1.491930
1.267766
1.388965
1.376111
1.337707
1.360002
1.168666
1.106860
0.989297
1.276948
1.085563
0.989297
1.080247
1.129963
1.129963
1.505909
1.511060
1.231275
1.284622
1.511060
1.327702
1.078730
1.236770
1.090520
1.290417
1.290417
1.291710
1.025503
1.337307
1.117090
1.437811
1.437811
1.117090
1.437811
1.115615
1.115615
1.130921
1.165650
1.043189
1.043189
1.103658
0.899323
1.183498
1.037599
1.309876
1.169204
1.309876
1.231972
1.460867
1.435362
1.460867
1.489310
1.328938
1.295517
1.281094
1.466270
1.376111
1.466270
1.267766
1.360002
1.265522
1.041326
1.025354
1.025354
0.791905
1.337707
1.504087
1.242836
1.451893
1.129963
1.078730
1.447240
0.998030
1.109053
0.998030
1.077220
1.195185
1.195185
1.025503
1.057277
1.158699
1.094381
1.125235
1.007130
1.177751
0.938273
1.086093
1.233582
1.211398
1.297125
1.331957
1.297125
1.313240
1.383373
1.313240
1.345218
1.489310
1.590175
1.489310
1.295517
1.266480
1.259145
1.259145
1.376111
1.376111
1.183773
1.183773
1.017065
1.337707
1.067101
1.605813
1.504087
1.242836
1.605045
1.450034
1.451893
1.461348
1.415081
1.451893
1.068052
1.173678
1.197962
1.291710
1.437811
1.130921
1.103658
0.938273
0.938273
0.938273
1.224946
1.383373
1.329378
1.590175
1.590175
1.489310
1.309098
1.309098
1.259145
1.204862
1.360002
1.183773
1.017065
1.067101
1.242836
1.085563
1.504087
1.450034
1.129963
1.242836
1.242836
1.078730
1.197962
0.904190
1.146411
1.077220
1.077220
1.195185
1.057277
1.180387
1.057277
1.180387
1.094381
1.127914
1.125235
1.007130
1.165650
1.086093
1.086093
0.938273
1.158467
1.300317
1.224946
1.315541
1.297125
1.297125
1.303110
1.590175
1.364645
1.364645
1.466270
1.360002
1.202842
1.360002
1.204862
1.466270
1.067101
1.466270
1.337707
1.483821
1.067101
1.415081
1.415081
1.504087
1.129963
1.129963
1.242836
1.450034
1.447240
1.450034
1.284622
1.242836
1.173678
1.388471
1.337307
1.388471
1.197962
1.337307
1.337307
1.337307
1.130921
1.130921
1.007130
1.165650
1.165650
1.165650
1.158467
1.158467
1.300317
1.315541
1.318882
1.252560
1.252560
1.303110
1.252560
1.521348
1.590175
1.590175
1.590175
1.489310
1.489310
1.590175
1.346706
1.309098
1.309098
1.130315
1.084479
1.435734
1.395995
1.204862
1.202842
0.722300
0.718968
1.360002
1.022170
1.067101
1.487029
1.395913
1.024719
1.129963
1.242836
1.242836
1.242836
1.247337
1.242836
1.447240
1.450034
0.904190
0.904190
1.180387
1.318859
1.318859
1.318859
1.318859
1.180387
1.180387
1.057277
1.318859
1.318859
1.180387
1.000865
1.399307
0.969518
0.938273
1.211398
1.300317
1.173830
1.315541
1.315541
1.383373
1.329378
1.576044
1.560124
1.489310
1.741256
1.741256
1.435734
1.435734
1.435734
1.395995
1.102310
1.251505
1.466270
0.955026
1.067101
1.438624
0.962879
1.282272
1.179506
1.450034
0.759033
0.813780
0.904190
0.995525
1.077220
0.904190
0.892165
1.077220
1.256759
1.370819
1.169623
1.169623
1.318209
1.130921
1.086841
1.000865
1.094381
1.094381
1.164464
1.165650
1.086093
1.056013
0.969518
1.258453
1.289611
1.315541
1.329378
1.252560
1.459901
1.459901
1.435362
1.576044
1.741256
1.674231
1.741256
1.460533
1.741256
1.741256
1.741256
1.460533
1.513824
1.218528
1.395995
1.478654
1.073375
1.446983
1.446983
1.446983
1.204862
1.102310
1.519570
1.438624
0.904190
0.844419
1.256759
1.256759
1.244280
1.318209
1.113441
1.086841
1.370819
1.211298
1.110877
1.211298
0.969518
1.211398
1.237380
1.318882
1.318882
1.289611
1.315541
1.289611
1.247657
1.133576
1.194460
1.459901
1.576044
1.459901
1.674231
1.059063
1.741256
1.460533
1.230021
1.435734
1.073375
1.546844
1.478654
1.291150
1.073375
1.519570
1.519570
1.519570
1.549735
1.483821
1.438624
1.094034
0.844419
0.759033
0.759033
0.844419
1.094517
0.892165
1.000865
1.244280
1.358011
1.113441
1.113441
1.318209
1.358011
1.130921
0.969518
0.969518
0.969518
0.847961
0.643924
0.847961
1.258453
1.289611
1.194460
1.459901
1.459901
1.346706
1.346706
1.674231
1.674231
1.674231
1.674231
1.741256
1.370391
1.460533
1.741256
1.460533
1.218528
1.513824
1.513824
1.478654
1.011514
1.425057
1.102310
1.446983
1.519570
1.102310
1.395913
1.450398
1.450398
1.367980
1.172948
1.367980
1.367980
0.844419
0.844419
0.844419
0.892165
0.892165
0.892165
1.094517
1.244280
1.244280
1.000865
1.244280
1.256759
1.358011
1.058433
0.914242
1.164464
1.113441
1.358011
1.358011
0.983482
1.056013
1.261878
0.938465
1.211298
0.847961
0.847961
1.237380
1.258453
1.258453
1.247657
1.163425
1.315236
1.459901
1.346706
1.674231
1.261298
1.460533
1.460533
1.741256
1.741256
1.474760
1.511989
1.460533
1.420758
1.524631
1.121914
1.513824
1.108098
1.450398
1.245500
0.844419
1.094517
1.094517
1.113441
1.058433
1.164464
0.969518
1.237380
1.258453
1.236953
1.133576
1.194460
1.270108
1.576044
1.459901
1.459901
1.370391
1.516274
1.674231
1.516274
1.230021
1.230021
1.474760
1.238146
0.722300
1.495180
1.478654
1.478654
1.478654
1.017880
1.485911
1.543446
0.990843
0.962879
1.006074
0.759033
0.747490
0.858516
1.000865
1.000865
0.853963
1.086516
1.244280
1.291825
1.358011
1.058433
1.370819
1.358011
1.370819
1.317030
1.362652
1.211298
1.171514
0.983482
1.161047
1.231185
1.199385
1.258453
1.289611
1.318882
1.179977
1.236953
1.163425
1.163425
1.163425
1.459901
1.459901
1.084479
1.516274
1.516274
1.386172
1.386172
1.386172
1.386172
0.650277
1.524631
1.420306
1.420306
1.420306
1.218528
1.121914
1.227510
1.543446
1.467212
1.257505
1.108098
1.514101
1.424822
0.844419
0.844419
0.844419
0.747490
0.914242
0.914242
0.914242
1.317030
1.291825
1.291825
1.179429
1.317030
1.164464
1.094162
0.983482
0.938465
0.847961
0.570184
1.199385
1.270108
1.215588
1.386172
1.386172
1.516274
1.516274
1.298951
1.744425
1.744425
1.744425
1.744425
1.165641
1.793642
1.744425
1.474760
1.386172
1.511989
1.524631
1.474760
1.282109
1.291150
1.420306
1.395913
1.157070
1.358547
1.245500
0.853963
1.086516
1.291825
1.179429
1.161047
0.870808
0.734378
0.734378
1.199385
1.236953
1.111693
1.163425
1.130974
1.130974
1.215588
1.215588
1.199715
1.298951
1.386172
1.744425
1.744425
1.511989
0.687943
1.474760
1.194773
1.011514
0.687943
1.495180
1.017880
1.543446
1.467212
1.257505
0.990843
0.858516
0.858516
1.086516
1.086516
1.362652
1.362652
0.983482
0.983482
1.317030
0.870808
1.228699
1.199385
0.870808
1.199385
0.734378
0.734378
0.734378
1.270108
1.456633
0.652912
1.298951
1.304304
1.304304
1.298951
0.664329
0.652912
1.516274
1.474760
1.511562
0.999826
1.450950
1.455871
1.419759
1.419759
1.424822
1.424822
0.858516
0.972197
0.972197
0.853963
1.086516
1.221673
0.969271
1.317030
1.317030
1.179429
0.938465
1.171514
1.161047
1.161047
0.870808
1.005230
1.161047
1.199385
1.223463
1.270108
1.215588
0.652912
0.664723
1.304304
1.298951
1.516274
0.653690
0.653690
1.405273
0.653690
1.474760
0.687943
1.194773
0.917839
1.194773
1.238146
1.474760
1.524631
1.373204
1.495180
1.121914
1.524631
1.543446
0.996145
1.227510
1.403145
1.227510
1.358547
1.358547
1.337783
1.424822
0.972197
0.969271
1.065698
1.258574
1.042433
1.204027
1.026837
1.005772
1.005230
1.185273
1.228699
1.005230
0.970640
0.970640
0.734378
0.909110
0.750757
0.970640
1.121495
1.163425
1.270108
1.270108
1.159271
1.041834
1.041834
1.270108
1.456633
1.115940
1.312688
1.295606
1.130974
1.312688
1.312688
1.295606
1.369072
1.304304
0.917839
1.535729
1.535729
1.535729
1.516274
1.383147
0.917839
1.535729
1.454270
1.454270
1.165641
1.373204
0.996145
1.455871
1.506779
1.051427
1.120741
0.969271
1.190719
1.042433
1.120741
1.042433
1.258574
1.204027
1.258574
1.273667
1.042433
1.156843
1.206398
1.220369
1.156843
1.156843
1.185273
1.185273
1.185273
1.161047
0.970640
1.121495
0.970640
1.124901
1.080665
1.080665
1.163425
0.888851
0.888851
1.041834
1.115940
0.917535
1.115940
0.917535
0.664723
0.664723
0.898904
0.898904
1.295606
1.115940
1.369072
1.369072
1.452161
1.295606
0.917839
1.452161
1.199715
1.535729
1.454270
1.383147
1.535729
1.150565
1.454270
1.506779
1.373204
1.454270
1.091648
1.091648
1.249991
1.249991
1.405015
1.405015
1.310430
1.400941
1.042433
1.042433
1.269281
1.190719
1.206398
1.206398
1.273667
1.234997
1.308138
1.005230
1.234997
1.234997
1.308138
1.121037
1.239594
1.124901
1.222392
1.308138
1.308138
1.176744
1.124901
1.238421
1.124901
1.236953
1.124901
0.909110
1.100272
1.100272
1.035001
1.035001
1.035001
1.041834
0.888851
1.159271
1.058541
1.312688
1.312688
1.058541
1.058541
0.917535
0.695203
1.058541
1.132245
1.115940
1.312688
1.115940
0.898904
1.130336
1.295606
1.467569
0.917839
0.917839
1.314000
1.314000
1.314000
1.511562
1.373204
1.091648
1.511562
1.455871
1.310430
1.310430
1.337783
1.206398
1.239594
1.234997
1.234997
1.234997
1.326939
1.326939
1.326939
1.238421
1.238421
1.238421
0.558671
0.909110
0.909110
1.100272
1.103005
1.223463
0.884841
1.035001
0.884841
1.159271
1.159271
1.041834
1.041834
1.041834
0.695203
0.695203
1.132245
1.133189
1.369072
1.369072
1.452161
1.417605
1.314000
1.150565
1.467569
1.433983
1.506779
1.447693
1.447693
1.349920
1.332478
1.310430
1.400941
1.405015
1.053201
1.108166
1.164001
1.031782
0.722205
0.722205
0.574875
0.558671
1.035001
1.100272
0.766940
0.884841
0.920993
1.159271
0.776491
0.695203
0.776491
1.137105
1.137105
1.132245
0.898904
1.150565
1.132245
1.506779
0.902643
1.249991
1.091648
1.349920
1.164699
1.121037
1.234997
1.176195
1.250057
0.909110
1.082889
0.774016
0.894068
0.774016
1.107278
0.766940
0.569736
1.334502
1.137105
1.295846
1.295846
1.295846
1.441649
1.417605
1.467569
1.130336
1.413236
1.249745
1.349920
1.337783
1.127617
1.127617
1.206277
1.326939
1.164001
1.123045
1.283629
1.120369
1.103005
1.123045
1.076227
1.110276
1.076227
1.110276
1.137105
1.137105
1.288900
1.133189
1.417605
1.441649
1.441649
0.902643
1.413236
1.413236
1.111322
1.111322
1.332478
1.332478
1.249991
1.249745
1.292892
1.292892
1.176195
1.053201
1.031782
1.123045
1.123045
1.082889
1.041834
1.082889
1.220869
0.985816
1.295846
1.295846
0.980798
0.985816
1.417605
0.947301
0.947301
1.441649
1.433983
1.278068
1.085719
1.164001
1.031782
1.082889
0.923334
1.137105
1.288900
1.309442
1.428180
1.399373
1.176195
1.053201
1.127617
1.127617
1.206277
1.278068
1.123045
1.107278
1.184878
1.179015
1.428180
1.365589
1.195051
1.413236
1.251241
1.127617
1.053201
0.964712
1.123045
1.110276
0.923334
1.033289
1.271536
1.120446
1.184878
1.184878
1.309442
1.413236
1.064544
1.249745
1.251241
1.251241
1.223071
1.026544
0.985040
1.026544
1.000840
1.127617
1.000840
1.000840
0.964010
1.073433
1.120369
0.948049
1.033289
1.047242
1.291628
0.950487
0.980798
0.950487
1.326900
1.326900
1.064544
0.950487
1.141436
1.292892
0.985040
1.031782
0.964712
1.001496
1.167956
1.041285
1.041285
1.204478
1.047242
1.035992
1.120446
0.951272
1.167506
1.223071
1.026544
1.079290
1.000840
1.000840
1.073433
1.073433
1.101317
1.035992
1.033289
1.319903
1.365589
1.141436
1.141436
1.326900
0.961295
1.041809
1.223071
1.351613
1.041809
1.351613
1.026544
0.975056
0.907873
1.079290
1.079290
0.975056
0.980421
0.972193
1.001904
0.964712
1.073954
1.001904
1.024567
0.972193
0.902600
1.101317
1.196674
0.902600
1.019441
1.161164
0.966611
0.966611
0.966611
1.137545
1.196674
1.137545
1.001659
1.137545
1.137545
1.124411
0.938376
1.167506
1.124411
1.124411
1.141436
1.124541
1.124541
1.326900
1.022727
1.057197
0.972193
1.024567
1.102805
1.115292
1.073928
1.168524
1.073928
1.161164
1.137545
1.001659
1.162951
0.938376
1.124541
1.186785
1.124541
0.938376
0.961295
1.041809
1.388965
1.466270
1.466270
1.411525
1.466270
1.395995
1.395995
1.395995
1.491930
1.411525
1.513824
1.491930
1.466270
1.092587
1.044673
1.044673
0.973595
0.837604
1.535729
1.535729
1.486633
