3477 1 3
1.042895
1.095483
1.091546
1.095483
1.128650
1.057031
1.008046
1.046090
1.036522
1.036522
1.039477
0.969670
1.095483
1.057031
0.999899
1.039477
1.128894
1.067825
1.096367
1.175589
1.042895
1.135560
1.067825
1.216391
1.128480
1.253749
1.057031
1.128650
1.207508
1.152889
1.152889
1.152889
1.101739
1.101739
1.101739
1.069894
1.022277
1.044536
0.999899
0.976493
1.022277
1.128894
1.128894
1.096367
1.168674
1.187912
1.187912
1.093095
1.093095
1.048464
0.991077
1.048464
0.991077
0.991077
0.998378
0.976493
1.128894
1.216391
1.216391
1.246127
1.246127
1.168674
1.119914
1.253749
1.123159
1.260311
1.220181
1.220181
1.220181
1.051248
1.044536
0.976493
0.929596
0.929596
1.072952
1.135560
1.100092
1.260311
1.264341
1.119914
1.119914
1.253795
1.093783
1.154310
1.160447
1.051248
1.121726
0.955966
0.940749
0.955966
0.964596
0.940749
0.902344
0.940749
0.940749
0.929596
0.929596
0.878115
1.047554
1.072952
1.100092
1.270389
1.270389
1.270389
1.264341
1.264341
1.260311
1.253795
1.160447
1.160447
1.160447
1.051248
1.182504
1.093095
0.999841
1.015923
0.997058
0.902344
0.926210
0.878115
1.047554
1.096367
1.159321
1.159321
1.191242
1.329946
1.270389
1.119914
1.342030
1.264246
1.270389
1.264341
1.264246
1.213410
1.213410
1.093783
1.182504
1.107378
1.043525
1.043525
1.043525
0.998378
0.900764
0.893977
0.926210
1.027819
1.092848
1.092848
1.066711
1.072952
1.178096
1.166255
1.072251
1.178096
1.233074
1.055251
1.125125
1.159321
1.296874
1.332965
1.332965
1.288512
1.296874
1.216391
1.168972
1.329946
1.168972
1.309844
1.332965
1.325229
1.346321
1.346321
1.209776
1.342030
1.328798
1.245268
1.209279
1.293341
1.256231
1.136639
1.136639
1.015923
0.964596
0.916898
0.929596
0.900764
0.872497
0.900764
1.092848
1.033990
1.001984
1.066711
1.178096
1.047554
1.109749
1.233074
1.233074
1.288512
1.125125
1.296874
1.296874
1.279035
1.279035
1.279035
1.125125
1.168972
1.325229
1.325229
1.376761
1.342030
1.209776
1.235310
1.121726
1.121726
1.015923
1.015923
0.994116
0.893977
0.945608
0.900764
0.872497
1.033990
1.006351
1.051911
1.051911
1.233074
1.148302
1.130793
1.109749
1.242973
1.233074
1.208582
1.279035
1.279035
1.325229
1.279035
1.288512
1.325229
1.325229
1.209776
1.299219
1.293341
1.293341
1.209279
1.246537
1.136639
1.073110
1.182504
1.182504
1.073110
1.182504
1.015923
1.062390
1.122805
0.994116
0.916898
0.964596
0.994116
0.893977
0.886248
0.886248
0.856508
0.856508
1.109749
1.130793
1.208582
1.208582
1.192073
1.325229
1.325229
1.329946
1.314716
1.235310
1.235310
1.328798
1.308721
1.209279
1.292950
1.298679
1.363968
1.246537
1.179739
1.121726
1.194378
1.104544
1.122805
1.070129
0.964596
1.070129
0.994116
0.994116
0.861797
0.861797
0.900764
0.872497
1.033990
0.995568
0.956624
0.956624
0.974986
1.051911
1.070835
1.070835
1.148302
1.148302
1.148302
1.083913
1.072251
1.066711
1.083913
1.322402
1.389943
1.389943
1.209776
1.376783
1.136639
1.147396
1.242083
1.329374
1.182504
1.122805
1.248191
1.123253
0.964596
1.194378
1.123253
1.070129
1.118447
1.122805
1.183077
1.017741
1.053789
1.118447
1.115464
1.036792
1.060253
1.017741
0.959753
1.060833
1.060833
1.060253
0.998784
0.998784
0.998784
0.909560
0.945608
0.853802
0.853802
0.856508
0.886248
1.039849
1.134924
0.929721
1.242973
1.141260
1.141260
1.072251
1.347912
1.314716
1.168972
1.257680
1.242083
1.183077
1.147396
1.073110
1.248191
1.082005
1.053789
1.012268
0.998784
0.909560
0.853802
0.853802
1.020930
0.941749
1.039849
0.995568
1.057462
1.057462
1.134924
1.151378
1.141260
1.192073
1.376761
1.376783
1.376783
1.292950
1.246537
1.257680
1.257680
1.248191
1.248191
1.263927
1.230799
1.263927
1.193686
1.194378
1.167290
1.036792
1.118447
1.017741
0.959753
1.053789
1.060833
1.061969
1.036792
1.061969
1.053789
0.959753
1.012268
1.012268
0.998784
0.929839
0.874236
0.941749
0.941749
0.852979
0.958267
1.252538
1.252538
1.083913
1.261162
1.261162
1.311360
1.376761
1.347912
1.246005
1.246005
1.246005
1.357570
1.357570
1.315279
1.328535
1.315279
1.329374
1.338208
1.329374
1.329374
1.257680
1.329374
1.147396
1.263927
1.194378
1.263927
1.082005
1.263927
1.194378
1.118447
1.104544
1.115464
1.104544
1.061969
1.009511
0.998784
1.042763
1.007871
1.007871
0.998784
0.998784
1.012268
0.998784
1.012268
0.946728
0.853802
0.974810
0.946728
0.874236
0.799083
0.861544
0.856508
0.941749
0.852979
1.027025
1.312152
1.347912
1.192073
1.347912
1.347912
1.347912
1.376761
1.372580
1.313707
1.363968
1.339281
1.315279
1.315279
1.315279
1.377908
1.327566
1.338208
1.263927
1.263927
1.230799
1.194378
1.167290
1.082005
1.138651
1.194378
1.224136
1.082005
1.017741
1.070608
1.070608
1.070608
1.104544
1.053789
1.036792
0.909560
0.944046
0.998784
1.037352
1.007871
0.909560
0.998784
0.957615
0.986809
0.992533
0.946728
0.823237
0.874236
0.910684
0.856508
0.912959
0.912959
0.958267
1.057462
1.000171
1.062134
1.120752
1.131814
1.316392
1.347912
1.253268
1.376761
1.246005
1.357323
1.372580
1.318364
1.318364
1.299219
1.398713
1.384618
1.376783
1.372666
1.345038
1.363968
1.392577
1.368860
1.359920
1.368860
1.368171
1.329374
1.295137
1.263927
1.338208
1.327081
1.082005
1.095541
1.038476
1.007871
1.042763
0.974810
0.931598
0.992533
0.992533
0.826001
0.826001
0.826001
0.799083
0.826001
0.836441
0.836441
0.873818
0.964546
0.801221
0.970495
1.225223
1.151378
1.151378
1.227807
1.261162
1.027025
1.083913
1.262462
1.190588
1.311360
1.354101
1.354101
1.389578
1.376043
1.399225
1.299219
1.374111
1.360701
1.360701
1.372666
1.388404
1.388404
1.315279
1.368860
1.339281
1.368860
1.368171
1.368860
1.147396
1.242109
1.264484
1.230799
1.201738
1.224136
1.224136
1.138651
1.113990
1.006334
1.037352
0.921913
0.921913
0.986809
0.828739
0.930964
0.931598
0.910684
0.846957
0.741290
0.801505
0.754575
0.801505
0.923647
0.820640
0.958267
1.000171
0.931213
0.962191
1.120752
1.065806
1.227807
1.190588
1.316392
1.190588
1.253268
1.315595
1.384438
1.376043
1.369717
1.299219
1.398713
1.370376
1.372666
1.388404
1.368860
1.368860
1.359920
1.388404
1.242109
1.313170
1.264484
1.313170
1.242109
1.138651
1.167290
1.138651
1.138651
1.158279
1.158279
1.037352
1.042763
0.974810
0.984387
0.879525
0.879525
0.974810
0.879525
0.846957
0.767567
0.767567
0.826001
0.801505
0.820640
1.025602
1.025602
1.034958
1.120752
1.225223
1.065806
1.281149
1.131814
1.131814
1.316392
1.131814
1.308098
1.308098
1.253268
1.253268
1.345034
1.354101
1.345034
1.354101
1.345034
1.354101
1.354101
1.354101
1.345034
1.369717
1.376043
1.354185
1.384618
1.398713
1.399225
1.360705
1.360701
1.372666
1.372666
1.403901
1.388404
1.388404
1.392577
1.278243
1.264484
1.224136
1.224136
1.142684
1.142684
1.038476
0.984387
0.823237
0.870704
0.931598
0.931598
0.866808
0.870621
0.870621
0.866808
0.866808
0.846957
0.801215
0.751676
0.789886
0.789886
0.714073
0.789886
0.789886
0.801505
0.754575
0.923647
0.931213
1.034958
1.227807
1.227807
1.281149
1.316392
1.279594
1.281149
1.317462
1.316392
1.279594
1.316392
1.190588
1.316392
1.356078
1.345034
1.336319
1.354101
1.354101
1.369717
1.366564
1.370376
1.404360
1.399225
1.384618
1.393815
1.372666
1.388981
1.388981
1.313170
1.324433
1.201738
1.201738
1.244806
1.085021
0.911057
0.879525
0.944046
0.974810
1.010829
0.974810
1.011484
0.879525
0.974810
0.911057
0.911057
0.921913
1.010829
0.898140
0.894868
0.789886
0.878112
0.789886
0.801215
0.788742
0.767567
0.826571
0.767567
0.743903
0.711942
0.801505
0.711942
0.711942
0.680057
0.820640
0.936397
0.820325
0.931213
1.025602
1.279594
1.279594
1.281149
1.131814
1.308098
1.308098
1.290846
1.131814
1.317462
1.297094
1.316392
1.354101
1.295263
1.315595
1.385701
1.369717
1.385778
1.369717
1.398713
1.363882
1.403548
1.372666
1.375012
1.403901
1.360705
1.360705
1.349475
1.278243
1.390221
1.267794
1.201738
1.324433
1.324433
1.138651
1.213948
1.224136
1.224136
1.085021
1.009511
1.053043
1.031327
1.038476
0.974810
1.010829
1.011484
0.952682
0.850243
0.949769
0.949769
0.952682
0.949769
0.949769
0.898140
0.887797
0.878112
0.878112
0.837506
0.801215
0.718546
0.674945
0.808159
1.071801
0.931213
1.033964
1.238561
1.290846
1.217589
1.290846
1.358277
1.358277
1.349551
1.392209
1.392209
1.385778
1.385778
1.385778
1.399549
1.404360
1.384194
1.399628
1.403901
1.388981
1.403901
1.390221
1.278243
1.281065
1.267794
1.267794
1.204258
1.265135
1.204258
1.123233
1.053043
1.115185
1.115185
1.053043
0.977653
1.010829
0.992533
1.010829
0.823237
0.935718
0.949769
0.935718
0.887797
0.949769
0.960015
0.878112
0.878112
0.782328
0.782328
0.914872
0.837506
0.760103
0.777425
0.680057
0.712198
0.712198
0.889806
0.885947
0.760789
0.936397
0.820325
0.961583
1.034958
1.174445
1.000171
1.232511
1.065806
1.143029
1.283200
1.290846
1.217589
1.365544
1.349551
1.349551
1.385778
1.313592
1.336319
1.366564
1.368630
1.399549
1.399549
1.403901
1.278243
1.212495
1.244806
1.204258
1.181279
1.123233
1.181279
1.055624
1.055624
1.010829
1.010829
0.949769
0.850243
1.010829
0.949769
0.935718
0.782328
0.782328
0.850243
0.751676
0.751676
0.826571
0.743903
0.777425
0.875336
0.889806
0.986019
0.986019
0.961583
0.961583
1.033964
1.033964
1.102252
1.238561
1.232511
1.283200
1.271194
1.238561
1.290846
1.312150
1.217589
1.217589
1.295263
1.295263
1.313592
1.385778
1.349551
1.384194
1.384194
1.384194
1.403548
1.393815
1.393815
1.399628
1.393815
1.403548
1.388981
1.390221
1.324433
1.324433
1.324433
1.213948
1.212495
1.212495
1.204258
1.144449
1.053043
1.018889
0.977653
1.055624
0.911057
1.003536
1.003536
0.978394
0.911057
0.790565
0.714893
0.718546
0.738742
0.743903
0.673237
0.674125
0.674945
0.674945
0.889806
0.760789
0.885947
0.760789
1.174445
1.174445
1.232511
1.238561
1.171965
1.239597
1.297094
1.313592
1.239597
1.336319
1.239597
1.239597
1.384194
1.399304
1.393815
1.393815
1.399628
1.399628
1.379302
1.349475
1.390221
1.403901
1.390221
1.227406
1.367298
1.181279
1.181279
1.123233
1.054055
0.977653
0.914872
0.782328
0.801447
0.739828
0.837506
0.860472
0.739828
0.712859
0.743903
0.674945
0.674945
0.649761
0.649761
0.685572
0.983195
0.918690
1.071801
1.174445
1.238561
1.238561
1.238561
1.227241
1.227241
1.202860
1.271194
1.249157
1.217589
1.371397
1.384194
1.393815
1.389347
1.399628
1.393815
1.399628
1.393815
1.399628
1.399628
1.281065
1.349475
1.281065
1.281065
1.390221
1.367298
1.259231
1.212495
1.367298
1.240783
1.181279
1.148020
1.209576
1.209576
1.094106
1.094106
1.115185
1.144449
1.053043
1.055624
0.866910
0.969003
0.866910
0.860472
0.837506
0.855488
0.779915
0.729952
0.698676
0.792659
0.928214
1.015928
0.961583
1.075513
1.033964
1.056449
1.187515
1.187515
1.232511
1.143029
1.172723
1.217589
1.172723
1.171965
1.274421
1.336319
1.371397
1.366564
1.392479
1.393815
1.402347
1.399628
1.389347
1.367211
1.259231
1.289368
1.240783
1.289368
1.181102
1.240783
1.209576
1.182226
1.148020
1.209576
1.182226
1.182226
1.115769
1.144449
1.182226
1.144449
1.115185
1.054055
1.014731
1.027041
0.941162
1.014731
1.005432
1.027041
0.773321
0.714893
0.796037
0.712859
0.693810
0.667551
0.628934
0.729952
0.712156
0.712156
0.830631
0.921195
0.806697
1.019196
0.992608
1.183390
1.238561
1.093517
1.172723
1.249157
1.249157
1.256086
1.297094
1.392479
1.399628
1.389347
1.389347
1.336228
1.259231
1.291676
1.289368
1.209576
1.181102
1.209576
1.182226
1.209576
1.181102
1.144449
1.144449
1.081177
1.141669
1.081177
1.027041
0.941162
0.866910
0.941162
0.857774
0.739828
0.714893
0.714893
0.738742
0.674125
0.628934
0.702947
0.667551
0.792659
0.712156
0.928214
1.012972
1.015928
1.113144
1.113144
1.187515
1.093517
1.093517
1.172723
1.338835
1.300138
1.300138
1.289368
1.115769
1.054055
1.054055
1.054055
1.060028
1.005432
0.941162
0.969003
0.801447
0.789218
0.739828
0.805264
0.773321
0.738742
0.724505
0.706417
0.667551
0.712156
0.830631
0.852808
0.951829
1.015928
0.918690
1.113144
1.187515
1.167044
1.103442
1.183390
1.183390
1.169903
1.227241
1.130276
1.130276
1.227241
1.130276
1.259880
1.259880
1.369227
1.371397
1.371397
1.403136
1.402347
1.399628
1.399628
1.300138
1.291676
1.296768
1.240783
1.296768
1.205409
1.205409
1.153853
1.181102
1.225929
1.153853
1.081177
1.072718
1.018253
0.909875
0.919825
0.909875
0.714893
0.790565
0.752586
0.805264
0.729952
0.667551
1.041382
0.806697
1.113144
1.121385
1.103442
1.071584
1.183390
1.121385
1.187515
1.113064
1.298035
1.389347
1.392479
1.402347
1.367211
1.331890
1.336228
1.300138
1.225901
1.135895
1.176547
1.088677
1.088677
1.072718
0.924014
0.960118
0.969003
0.983839
0.919825
0.801447
0.849037
0.869211
0.860472
0.789218
0.869211
0.802683
0.738742
0.805264
0.724505
0.947565
1.033664
1.187515
1.115135
1.093517
1.172723
1.153203
1.169903
1.204368
1.369227
1.402347
1.403136
1.395595
1.371400
1.367211
1.349750
1.311148
1.333610
1.296768
1.145601
1.145601
1.145601
1.145601
1.176547
1.135895
1.097664
1.054055
1.072718
1.000543
0.866910
0.869211
0.752586
0.606577
0.674288
0.658857
0.830631
0.647343
0.733987
0.860395
0.860395
0.921195
1.121385
1.019196
1.113064
1.254827
1.371397
1.403136
1.403136
1.403136
1.376099
1.311148
1.273594
1.225901
1.225901
1.192034
1.225929
1.174480
1.114614
1.174480
1.225929
1.167452
1.072718
1.088677
1.000543
1.018253
0.983839
0.869211
0.869211
0.869211
0.802683
0.649229
0.623430
0.623430
0.753535
0.649229
0.753535
0.766327
0.733987
1.032581
1.041382
0.960639
1.115135
1.121385
1.153203
1.204368
1.403136
1.395595
1.395595
1.331890
1.314622
1.333610
1.296768
1.225901
1.174480
1.145601
1.145601
1.145601
1.072718
1.120046
1.072718
1.044797
1.018253
0.924014
0.849037
0.903054
0.849037
0.830702
0.808620
0.706417
0.733882
0.706417
0.724505
0.712859
0.670031
0.733987
0.733987
0.860395
0.951829
0.950393
0.950393
1.121385
1.071584
1.071584
1.297421
1.297421
1.336489
1.297421
1.336489
1.336489
1.336101
1.395595
1.395595
1.192034
1.135895
1.145601
1.120046
1.120046
1.114126
1.145601
1.072718
1.152007
1.138347
1.120046
1.136482
1.152007
1.114126
1.068787
1.000543
0.903054
0.735487
0.623430
0.662307
0.753535
0.658857
0.852808
0.658857
0.658857
0.860395
0.951829
0.950393
0.806697
0.733987
0.839155
0.950393
0.950393
1.041382
1.032581
1.121385
1.033664
1.095812
1.001132
1.071584
1.086307
1.254827
1.382841
1.369483
1.371400
1.331890
1.314622
1.349750
1.273594
1.246872
1.246872
1.200027
1.200027
1.176547
1.167452
1.158937
1.145601
1.226627
1.214226
1.152007
1.136482
1.138347
1.152007
1.152007
1.091037
1.061046
1.028073
0.962360
0.974915
1.056831
0.972484
0.987130
0.903054
0.919825
0.752586
0.830702
0.808688
0.784929
0.719324
0.733882
0.623430
0.649229
0.766327
0.670031
0.783901
0.759588
0.733987
0.930979
1.033664
0.934325
1.115135
1.115135
1.115135
1.095812
1.250029
1.254827
1.336489
1.336101
1.380702
1.369483
1.402353
1.333872
1.339553
1.296768
1.339553
1.273594
1.192034
1.225901
1.246872
1.246872
1.187365
1.158937
1.214226
1.214226
1.088677
1.152007
1.126925
1.062722
1.056831
1.138347
1.138347
1.026502
1.056831
1.028073
1.018253
1.068787
1.068787
1.068787
0.987130
0.974915
0.920026
0.875462
0.875462
0.808688
0.719324
0.631025
0.662307
0.649229
0.768546
0.860395
0.783901
0.875921
0.860395
0.858270
1.047053
0.858270
1.047053
1.039962
1.041382
1.011948
1.119941
1.071584
1.169903
1.169903
1.380702
1.371400
1.353549
1.316011
1.278320
1.151518
1.151518
1.272421
1.272421
1.200027
1.226627
1.062722
1.152007
1.056831
1.068787
1.028073
0.992892
1.068787
1.056831
0.987130
0.930022
0.866475
0.830702
0.807359
0.755449
0.743689
0.670031
0.783901
0.759588
0.858270
0.963375
0.934325
1.011948
1.011948
1.086307
1.086307
1.086307
1.086307
1.292515
1.369483
1.369483
1.380702
1.351716
1.372898
1.353549
1.339553
1.316011
1.339553
1.278320
1.246034
1.272421
1.282550
1.272421
1.272421
1.126925
1.272421
1.126925
1.226627
1.214226
1.200027
1.214226
1.126925
1.126925
1.152007
1.161767
1.068787
1.068787
0.974915
0.920026
0.930022
0.851662
0.858592
0.808688
0.808688
0.808688
0.802459
0.631025
0.662307
0.670031
0.768546
0.768546
0.875921
0.858270
1.112838
1.039962
1.099800
1.112838
1.099800
1.099800
1.137401
1.099800
1.198883
1.292515
1.327701
1.380702
1.380702
1.336315
1.318734
1.246034
1.338019
1.282558
1.272421
1.151302
1.151518
1.282550
1.284345
1.283682
1.226627
1.282550
1.282550
1.161767
1.068109
0.972484
1.082638
0.935232
0.871672
0.830702
0.784929
0.733882
0.808620
0.811833
0.642050
0.606117
0.759588
0.963375
0.965836
1.047053
0.858270
1.086307
1.011948
1.198883
1.186416
1.250029
1.292515
1.336101
1.369483
1.377380
1.350757
1.380702
1.380702
1.344299
1.333872
1.326358
1.315886
1.200690
1.282550
1.283682
1.334333
1.283682
1.280806
1.284345
1.226627
1.246872
1.228251
1.082638
1.005893
0.992892
0.882178
0.858592
0.858592
0.805562
0.811869
0.811869
0.811869
0.811833
0.805562
0.805562
0.662307
0.741409
0.670031
0.768546
0.868396
0.958992
0.963375
1.011948
0.934325
1.011948
1.018146
1.018146
1.087527
1.282868
1.364619
1.377380
1.303276
1.351716
1.372898
1.352407
1.352407
1.373919
1.316011
1.282558
1.280806
1.183159
1.187365
1.272724
1.252238
1.272724
1.183159
1.133619
1.161767
1.068109
1.005893
1.007280
0.972484
1.030612
0.972016
1.007280
0.805562
0.811869
0.779194
0.852893
0.759588
0.867695
0.861784
1.045216
0.861784
0.935697
0.935697
1.045216
1.090434
1.126494
1.099800
1.282868
1.327701
1.345241
1.327701
1.327701
1.377380
1.377380
1.329229
1.329229
1.329229
1.333872
1.326358
1.352407
1.352407
1.318734
1.318734
1.318734
1.278320
1.331968
1.336152
1.336152
1.337573
1.151302
1.283682
1.280806
1.280806
1.282558
1.272724
1.180712
1.228251
1.082638
0.972016
0.989455
0.935232
0.929302
0.876526
0.882178
0.882178
0.883931
0.882178
0.670031
0.677606
0.766550
0.766550
0.958992
1.104339
1.039962
1.087527
1.087527
1.018146
1.198883
1.282868
1.345241
1.340160
1.373919
1.244329
1.244329
1.331968
1.331968
1.336152
1.336152
1.331968
1.151302
1.280806
1.203392
1.197325
1.094398
1.094398
1.094398
1.068109
1.068109
1.161767
1.228251
1.161767
1.068109
1.007280
0.943801
0.943801
0.876526
0.883931
0.876526
0.881135
0.642050
0.642050
0.751909
0.766550
1.045216
1.045216
1.037796
1.104339
1.090434
1.090434
1.087527
1.087527
1.186416
1.239237
1.239237
1.239237
1.327701
1.327701
1.303276
1.344299
1.329229
1.326358
1.376341
1.352407
1.352407
1.373919
1.373919
1.318734
1.283835
1.244329
1.336152
1.336152
1.331968
1.282558
1.280806
1.212709
1.095839
1.179262
1.197325
1.203392
1.030612
1.089872
0.943801
1.019350
1.015340
0.811869
0.674198
0.642050
0.751909
0.642050
0.721138
0.677606
0.677606
0.852893
0.852893
0.867695
0.867695
0.958992
0.861784
0.861784
0.935104
1.045216
1.282868
1.327701
1.332783
1.345241
1.282868
1.307715
1.326358
1.347014
1.331968
1.330356
1.328065
1.193583
1.151302
1.280372
1.283682
1.197325
1.280372
1.220117
1.067891
1.161767
1.082638
1.067891
1.005893
1.098420
1.089872
1.028888
1.015340
0.950430
0.950430
0.882178
0.877362
0.878249
0.947210
0.872953
0.878249
0.642050
0.751909
0.764479
0.826458
0.848200
0.852893
0.852893
1.018146
1.003788
1.023145
1.081893
1.111651
1.169817
1.169817
1.285220
1.345241
1.332783
1.332783
1.290807
1.326358
1.369497
1.352407
1.352407
1.276091
1.283835
1.276091
1.328065
1.320372
1.320372
1.328065
1.328065
1.330356
1.141427
1.276627
1.212709
1.159513
1.089872
1.028888
0.984768
0.972016
0.935232
0.718059
0.865173
0.927950
0.927950
0.948798
1.031499
1.088900
1.090434
1.076055
1.018146
1.081893
1.081893
1.153870
1.268610
1.288190
1.268610
1.332783
1.290807
1.329229
1.313173
1.362468
1.362468
1.347014
1.347014
1.347014
1.308467
1.320372
1.230655
1.230655
1.330356
1.320372
1.320372
1.193583
1.280372
1.328065
1.280372
1.276627
1.179262
1.197325
1.220117
1.067891
1.028888
1.090562
1.015340
0.929045
0.929045
0.947210
0.947210
0.718059
0.745205
0.718059
0.764479
0.764479
0.852893
0.947220
0.947220
0.947220
0.850372
0.947220
0.947220
0.958992
0.948798
1.031499
1.026432
0.935104
1.031499
1.081893
1.134946
1.307715
1.307715
1.307715
1.362468
1.369497
1.347014
1.230655
1.320372
1.328065
1.320372
1.330356
1.163388
1.183877
1.328065
1.183877
1.280372
1.280372
1.197325
1.268802
1.095839
1.220117
1.223819
1.159513
1.159513
1.067891
1.067295
1.008895
0.941144
1.008895
0.941144
0.941144
0.941144
0.947220
0.850372
1.031499
1.023145
1.023145
1.003788
1.081893
1.081893
1.134946
1.285220
1.332783
1.332783
1.288190
1.332783
1.288190
1.265295
1.396150
1.362468
1.396150
1.338816
1.347014
1.316171
1.308467
1.315998
1.330356
1.320372
1.328065
1.265496
1.321726
1.276627
1.141427
1.095839
1.220117
1.108219
1.095839
1.067891
1.081429
1.081429
1.153170
1.090562
1.094674
1.067295
1.090562
1.008895
1.044572
1.000943
0.984768
0.848200
0.848200
0.826458
0.764479
0.934408
0.948798
0.947220
0.947220
0.948798
0.947220
0.850372
0.850372
1.006840
1.070055
1.076055
1.076055
1.003788
1.081893
1.134946
1.111651
1.244084
1.169817
1.244084
1.225952
1.362468
1.328541
1.362468
1.338816
1.308467
1.276091
1.230655
1.321833
1.328065
1.321833
1.330356
1.321726
1.280372
1.268802
1.252364
1.252364
1.236739
1.265496
1.154377
1.097302
1.133761
1.081429
1.044572
1.126869
0.978044
0.941144
0.978044
0.782588
0.841050
0.841050
0.764479
0.832204
1.031499
0.922712
0.935104
1.003119
1.088900
1.063471
0.994161
1.189972
1.167960
1.267469
1.285220
1.267469
1.332783
1.309594
1.332783
1.307715
1.338816
1.382952
1.338816
1.276091
1.244676
1.208850
1.208850
1.328065
1.328065
1.263116
1.263116
1.318837
1.265496
1.123797
1.170575
1.154377
1.097302
1.176669
1.118548
1.133761
1.200130
1.207034
1.133761
0.994451
1.059680
0.816108
0.826458
0.947220
1.006840
1.003788
1.063471
1.063471
1.063471
1.225680
1.309594
1.270723
1.382952
1.382952
1.338816
1.272497
1.272497
1.208850
1.163388
1.321726
1.263116
1.318837
1.123797
1.097302
1.108219
1.154377
1.118548
1.081429
1.097302
1.097302
1.044572
0.816108
0.704282
0.798970
0.782588
0.782588
0.841050
0.832204
0.874287
0.832204
0.874287
0.922712
0.936869
0.935104
1.003119
1.070055
0.994161
0.994161
1.063471
1.111391
1.223795
1.225680
1.247940
1.267469
1.267469
1.280560
1.382952
1.276543
1.276543
1.321833
1.321726
1.320156
1.321726
1.163388
1.321833
1.123797
1.321833
1.265496
1.247695
1.123797
1.207034
1.207034
1.154377
1.081429
1.081429
1.097302
1.118548
1.126869
1.118548
1.067295
1.097302
1.059680
0.914364
0.934408
0.914364
0.816108
0.934408
0.934408
0.934408
1.006840
1.006840
1.003119
1.070055
1.070055
1.070055
1.111391
1.111391
1.223795
1.247940
1.248220
1.265295
1.265295
1.280560
1.265295
1.365168
1.382952
1.382952
1.382952
1.338816
1.338816
1.382952
1.219063
1.272497
1.272497
1.152258
1.116687
1.344316
1.356943
1.163388
1.320156
1.349028
1.291126
1.321726
1.302149
1.123797
1.266309
1.167831
1.060325
1.081429
1.097302
1.097302
1.097302
1.102933
1.097302
1.126869
1.118548
0.704282
0.704282
0.874287
0.898270
0.898270
0.898270
0.898270
0.874287
0.874287
0.832204
0.898270
0.898270
0.874287
0.812326
0.975091
1.034508
1.063471
1.167960
1.223795
1.140554
1.247940
1.247940
1.309594
1.270723
1.338902
1.293778
1.338816
1.355217
1.355217
1.344316
1.344316
1.344316
1.356943
1.139505
1.307187
1.321833
1.101519
1.123797
1.178561
1.089214
1.133445
1.093151
1.118548
0.664340
0.675612
0.704282
0.769526
0.782588
0.704282
0.734102
0.782588
0.894406
0.983301
1.005431
1.005431
0.953059
1.006840
0.981287
0.812326
0.922712
0.922712
1.047607
1.070055
0.994161
0.970076
1.034508
1.193601
1.225344
1.247940
1.270723
1.265295
1.292086
1.292086
1.328541
1.338902
1.355217
1.387215
1.355217
1.373193
1.355217
1.355217
1.355217
1.373193
1.346476
1.174542
1.356943
1.352234
1.352583
1.307556
1.307556
1.307556
1.163388
1.139505
1.306016
1.178561
0.704282
0.693543
0.894406
0.894406
0.877997
0.953059
0.983577
0.981287
0.983301
1.102933
1.043788
1.102933
1.034508
1.167960
1.156008
1.248220
1.248220
1.225344
1.247940
1.225344
1.241963
1.200108
1.218250
1.292086
1.338902
1.292086
1.387215
1.094852
1.355217
1.373193
1.186846
1.344316
1.352583
1.300343
1.352234
1.353355
1.352583
1.306016
1.306016
1.306016
1.241562
1.247695
1.178561
1.079025
0.693543
0.664340
0.664340
0.693543
0.796224
0.734102
0.812326
0.877997
0.971360
0.983577
0.983577
0.953059
0.971360
1.006840
1.034508
1.034508
1.034508
1.103662
1.053486
1.103662
1.193601
1.225344
1.218250
1.292086
1.292086
1.219063
1.219063
1.387215
1.387215
1.387215
1.387215
1.355217
1.396521
1.373193
1.355217
1.373193
1.174542
1.346476
1.346476
1.352234
1.336311
1.352891
1.139505
1.307556
1.306016
1.139505
1.167831
1.155131
1.155131
1.134016
1.114931
1.134016
1.134016
0.693543
0.693543
0.693543
0.734102
0.734102
0.734102
0.796224
0.877997
0.877997
0.812326
0.877997
0.894406
0.971360
0.896672
0.858972
1.047607
0.983577
0.971360
0.971360
0.933803
0.970076
1.115560
0.999017
1.102933
1.103662
1.103662
1.156008
1.193601
1.193601
1.241963
1.195499
1.277228
1.292086
1.219063
1.387215
1.203326
1.373193
1.373193
1.355217
1.355217
1.366238
1.352751
1.373193
1.384117
1.327505
1.110042
1.346476
1.138096
1.155131
1.127530
0.693543
0.796224
0.796224
0.983577
0.896672
1.047607
1.034508
1.156008
1.193601
1.186411
1.200108
1.218250
1.218319
1.338902
1.292086
1.292086
1.396521
1.384935
1.387215
1.384935
1.186846
1.186846
1.366238
1.378613
1.349028
1.335448
1.352234
1.352234
1.352234
1.098443
1.287067
1.277640
1.104864
1.089214
1.086423
0.664340
0.708716
0.745492
0.812326
0.812326
0.786835
0.847741
0.877997
0.940418
0.971360
0.896672
0.983301
0.971360
0.983301
1.021789
1.007341
1.102933
1.085832
0.933803
1.127954
1.176786
1.161336
1.193601
1.225344
1.248220
1.191407
1.186411
1.195499
1.195499
1.195499
1.292086
1.292086
1.116687
1.384935
1.384935
1.394135
1.394135
1.394135
1.394135
1.325163
1.327505
1.338395
1.338395
1.338395
1.174542
1.110042
1.136727
1.277640
1.218189
1.135977
1.138096
1.230306
1.188633
0.693543
0.693543
0.693543
0.708716
0.858972
0.858972
0.858972
1.021789
0.940418
0.940418
1.022960
1.021789
1.047607
1.021397
0.933803
0.999017
1.103662
1.084070
1.161336
1.218319
1.156874
1.394135
1.394135
1.384935
1.384935
1.402772
1.376946
1.376946
1.376946
1.376946
1.125578
1.338018
1.376946
1.366238
1.394135
1.352751
1.327505
1.366238
1.340070
1.353355
1.338395
1.167831
1.108404
1.167406
1.127530
0.786835
0.847741
0.940418
1.022960
1.127954
1.062048
1.125127
1.125127
1.161336
1.186411
1.136487
1.195499
1.164804
1.164804
1.156874
1.156874
1.145232
1.402772
1.394135
1.376946
1.376946
1.352751
1.372848
1.366238
1.356528
1.336311
1.372848
1.335448
1.098443
1.277640
1.218189
1.135977
1.104864
0.745492
0.745492
0.847741
0.847741
1.007341
1.007341
0.933803
0.933803
1.021789
1.062048
1.140562
1.161336
1.062048
1.161336
1.125127
1.125127
1.125127
1.218319
1.235581
1.400227
1.402772
1.403626
1.403626
1.402772
1.396911
1.400227
1.384935
1.366238
1.327097
1.375899
1.374276
1.297611
1.208741
1.208741
1.188633
1.188633
0.745492
0.824678
0.824678
0.786835
0.847741
0.923591
0.858218
1.021789
1.021789
1.022960
0.999017
1.085832
1.127954
1.127954
1.062048
1.042052
1.127954
1.161336
1.173892
1.218319
1.156874
1.400227
1.374945
1.403626
1.402772
1.384935
1.381781
1.381781
1.396080
1.381781
1.366238
1.372848
1.356528
1.385908
1.356528
1.378613
1.366238
1.327505
1.355761
1.335448
1.110042
1.327505
1.277640
1.045286
1.136727
1.242539
1.136727
1.167406
1.167406
1.177541
1.188633
0.824678
0.858218
0.901410
0.966957
0.923296
0.978945
0.986005
1.096813
1.042052
1.102348
1.140562
1.042052
1.113316
1.113316
1.125127
1.173200
1.075670
1.113316
1.121669
1.195499
1.218319
1.218319
1.146848
1.302818
1.302818
1.218319
1.235581
1.363581
1.365403
1.391609
1.164804
1.365403
1.365403
1.391609
1.388455
1.403626
1.385908
1.365494
1.365494
1.365494
1.384935
1.384685
1.385908
1.365494
1.351909
1.351909
1.125578
1.355761
1.045286
1.297611
1.339138
1.094010
0.885988
0.858218
0.948355
0.923296
0.885988
0.923296
0.966957
0.978945
0.966957
1.046044
0.923296
1.047861
1.010894
1.088278
1.047861
1.047861
1.102348
1.102348
1.102348
1.127954
1.113316
1.121669
1.113316
1.142560
1.117657
1.117657
1.195499
1.292494
1.292494
1.302818
1.363581
1.351136
1.363581
1.351136
1.374945
1.374945
1.386625
1.386625
1.391609
1.363581
1.388455
1.388455
1.385516
1.391609
1.385908
1.385516
1.145232
1.365494
1.351909
1.384685
1.365494
1.390182
1.351909
1.339138
1.355761
1.351909
1.068190
1.068190
1.111039
1.111039
1.231970
1.231970
1.133624
1.204480
0.923296
0.923296
1.033385
0.948355
1.010894
1.010894
1.046044
1.107284
1.113340
1.042052
1.107284
1.107284
1.113340
1.091592
1.098641
1.142560
1.137482
1.113340
1.113340
1.076235
1.142560
1.157482
1.142560
1.186411
1.142560
1.173200
1.191465
1.191465
1.243881
1.243881
1.243881
1.302818
1.292494
1.146848
1.088644
1.365403
1.365403
1.088644
1.088644
1.351136
1.328267
1.088644
1.390758
1.363581
1.365403
1.363581
1.386625
1.082656
1.391609
1.374500
1.385908
1.385908
1.387012
1.387012
1.387012
1.327097
1.355761
1.068190
1.327097
1.297611
1.133624
1.133624
1.177541
1.010894
1.098641
1.107284
1.107284
1.107284
1.163416
1.163416
1.163416
1.157482
1.157482
1.157482
1.095831
1.173200
1.173200
1.191465
1.133674
1.173892
1.231559
1.243881
1.231559
1.146848
1.146848
1.302818
1.302818
1.302818
1.328267
1.328267
1.390758
1.096543
1.388455
1.388455
1.385516
1.345883
1.387012
1.390182
1.374500
1.293257
1.339138
1.278903
1.278903
1.225394
1.197897
1.133624
1.204480
1.231970
1.032319
1.086671
1.102889
1.065016
1.141228
1.141228
1.079283
1.095831
1.243881
1.191465
1.129907
1.231559
1.233424
1.146848
1.201749
1.328267
1.201749
1.305712
1.305712
1.390758
1.386625
1.390182
1.390758
1.339138
0.997021
1.111039
1.068190
1.225394
1.107474
1.091592
1.107284
1.055619
1.201779
1.173200
1.192978
1.075909
1.173841
1.075909
1.083569
1.129907
1.132182
1.166859
1.305712
1.345036
1.345036
1.345036
1.320641
1.345883
1.374500
1.082656
1.267831
1.088833
1.225394
1.177541
1.048178
1.048178
1.053717
1.163416
1.102889
1.144179
1.154467
1.105864
1.133674
1.144179
1.058233
1.249422
1.058233
1.249422
1.305712
1.305712
1.312684
1.096543
1.345883
1.320641
1.320641
0.997021
1.267831
1.267831
1.054426
1.054426
1.197897
1.197897
1.111039
1.088833
1.158316
1.158316
1.055619
1.032319
1.065016
1.144179
1.144179
1.192978
1.302818
1.192978
1.085176
1.008846
1.345036
1.345036
0.984537
1.008846
1.345883
1.005545
1.005545
1.320641
1.293257
1.114312
1.080927
1.102889
1.065016
1.192978
1.007807
1.305712
1.312684
1.188105
1.337339
1.112736
1.055619
1.032319
1.048178
1.048178
1.053717
1.114312
1.144179
1.083569
1.192194
1.076758
1.337339
1.190623
1.067970
1.267831
1.118336
1.048178
1.032319
1.026199
1.144179
1.249422
1.007807
1.152579
1.106462
1.035333
1.192194
1.192194
1.188105
1.267831
1.032234
1.088833
1.118336
1.118336
1.080932
0.987831
0.988773
0.987831
0.980775
1.048178
0.980775
0.980775
0.967722
1.019095
1.105864
1.031379
1.152579
1.108279
1.212932
0.979556
0.984537
0.979556
1.168341
1.168341
1.032234
0.979556
1.043812
1.158316
0.988773
1.065016
1.026199
0.997176
1.079603
1.053647
1.053647
1.126194
1.108279
1.026187
1.035333
0.980607
1.045567
1.080932
0.987831
1.035074
0.980775
0.980775
1.019095
1.019095
1.052832
1.026187
1.152579
1.197649
1.190623
1.043812
1.043812
1.168341
0.986051
1.028224
1.080932
1.132824
1.028224
1.132824
0.987831
0.942763
0.948429
1.035074
1.035074
0.942763
0.977061
0.967190
0.980691
1.026199
1.063135
0.980691
1.009018
0.967190
0.950278
1.052832
1.163490
0.950278
1.038667
1.046039
0.974081
0.974081
0.974081
1.062017
1.163490
1.062017
0.987449
1.062017
1.062017
1.056505
0.993829
1.045567
1.056505
1.056505
1.043812
1.046292
1.046292
1.168341
0.987544
0.988887
0.967190
1.009018
1.001868
1.021949
0.998338
1.014975
0.998338
1.046039
1.062017
0.987449
1.031314
0.993829
1.046292
1.045792
1.046292
0.993829
0.986051
1.028224
1.320372
1.321833
1.321833
1.364077
1.321833
1.356943
1.356943
1.356943
1.315998
1.364077
1.346476
1.315998
1.321833
1.138651
1.213948
1.213948
1.182226
1.289368
1.365494
1.365494
1.339553
