2313 1 3
1.047102
1.112448
1.117161
1.049784
1.211151
1.118978
1.091250
1.168119
1.124566
1.108600
0.976868
0.955814
1.229927
1.174789
0.958500
1.314519
1.290801
1.075426
1.200630
1.177930
1.033800
1.094753
1.057191
1.063906
1.068965
1.052996
1.289580
1.193940
1.282278
1.134082
1.158607
1.114862
1.185748
1.120888
0.974949
1.059271
1.111783
0.961562
1.134056
0.941602
0.983242
1.347817
1.279084
1.034090
1.034150
1.109788
1.226102
1.267489
0.963428
0.929127
1.170225
1.360541
1.380949
1.088449
1.307846
1.354779
1.392095
1.379820
1.381248
1.079127
1.016979
1.038752
0.997447
1.329895
1.221331
0.934193
1.023767
1.049552
1.049170
1.346950
1.070631
1.027704
1.069347
1.282451
1.136100
1.158588
1.156392
1.118809
1.242927
1.144030
1.338773
1.326274
1.347214
0.919038
1.311951
1.404605
1.392931
1.312474
1.357470
1.350144
1.410978
1.374016
1.314704
1.278163
1.229435
1.080472
1.152030
1.148461
1.113814
1.109855
1.088802
1.287780
0.967028
1.283267
0.961930
1.182507
1.294670
1.391832
0.939864
0.958644
0.993859
1.446395
1.408440
1.261721
1.374082
1.056005
1.089587
1.084129
1.064354
1.416169
1.120510
1.170629
1.207728
1.163872
1.024130
1.175183
1.237475
0.958724
0.915667
1.262332
1.390838
1.410318
1.368036
1.445566
1.178625
1.297527
1.067856
1.095682
1.082472
1.111794
1.416170
1.402869
1.069469
1.459817
1.120708
1.360873
1.319941
1.073439
1.121078
1.271348
1.257364
1.266120
1.379909
1.254206
1.350810
1.188508
1.432775
1.425872
1.411616
1.407436
1.450184
1.116834
1.118823
1.454619
1.136238
1.089415
1.364771
1.153425
1.170169
1.015676
1.099167
1.232154
1.023129
1.195982
1.268480
0.918849
1.410907
1.424162
1.214793
1.207116
1.192925
1.088561
1.441501
1.525353
1.518969
1.341127
1.400182
1.387022
1.456604
1.411171
1.422499
1.520487
1.131621
1.141852
1.210871
1.172152
1.244664
1.182676
1.178195
1.241300
1.027342
1.277115
1.271348
1.240497
1.307220
1.249336
0.981840
1.224080
1.356974
1.263465
1.116116
1.140349
1.500551
1.117013
1.540982
1.436332
1.478216
1.464175
1.408221
1.338181
1.237499
1.361719
1.590410
1.528747
1.498613
1.219621
1.277642
1.292171
1.558204
1.138435
1.268536
1.450422
1.063762
1.121205
1.004975
1.238621
0.951727
1.156023
1.186212
1.023175
1.120131
1.110468
1.596841
1.223765
1.441921
1.506799
1.490130
1.104489
1.162409
1.187728
1.508512
1.258086
0.986697
1.048774
0.986751
1.248025
0.996957
1.004684
1.248143
1.222693
1.270140
1.240612
1.313805
1.112046
1.489930
1.560283
1.526834
1.444443
1.572106
1.513786
1.388603
1.295281
1.296621
1.597223
1.546975
1.645233
1.085507
1.262176
1.217229
1.214762
1.224570
1.506694
1.288849
1.156616
1.261745
1.245846
1.242763
1.300514
1.234831
1.014932
0.901113
0.918406
0.927157
1.219555
1.277580
1.556374
1.562397
1.521886
1.205524
1.618436
1.618353
1.602683
1.603533
1.636278
1.636915
1.285831
1.659171
1.572064
1.397318
1.288952
1.472725
1.622525
1.172976
1.214902
0.989703
1.083056
0.990857
0.991071
1.018564
1.248235
0.980408
0.975981
1.199982
1.234031
1.251938
1.063079
1.107981
1.400112
1.551410
1.484571
1.344378
1.603337
1.571705
1.607582
1.297465
1.591868
1.282738
1.283758
1.638973
1.574761
1.622912
1.276463
1.274774
1.645233
1.186123
1.662312
1.200559
1.312681
1.245473
1.605362
1.227373
1.640595
1.466228
1.179824
1.172666
1.340233
0.999145
1.172553
1.179513
0.995595
1.242710
1.268301
1.265040
0.984266
0.975036
1.250943
1.243918
1.294718
0.902543
1.233905
1.235712
1.244823
0.931611
1.302475
1.336913
1.603337
1.603337
1.575239
1.221059
1.164874
1.200852
1.661701
1.676610
1.605136
1.203377
1.734934
1.137017
1.579573
1.454148
1.505168
1.215464
1.264395
1.223914
0.973222
1.092384
1.242067
1.279907
1.002009
1.015337
1.281056
1.047825
1.084180
1.065867
1.125097
1.117132
1.148318
1.276387
1.281658
1.292266
1.274249
1.224535
1.239265
1.252367
1.197966
1.188720
1.741832
1.648519
1.457277
1.640440
1.398738
1.149274
0.942411
1.378819
1.282018
1.247472
1.250273
1.317559
1.361743
1.322815
1.066928
1.357890
1.315813
1.346186
1.403655
1.569812
1.370943
1.580816
1.390887
1.316331
1.181074
1.149676
1.259231
1.227229
1.230520
1.204863
1.178090
1.270958
1.322680
1.231106
1.238592
1.754287
1.605721
1.348171
1.781477
1.693861
1.179447
1.060810
1.274220
1.286535
1.155697
1.214808
1.173548
1.111774
1.019099
1.007823
1.006310
1.011575
0.976014
1.019777
0.910214
1.298465
1.309382
1.341307
1.390314
1.252640
1.210903
1.274572
1.181511
1.627031
1.151680
1.464106
1.573145
1.484468
1.351532
1.072592
1.290540
1.401570
1.268573
1.054907
1.262232
1.025079
1.007578
1.242091
0.988255
1.054804
1.369133
1.063051
1.345447
1.233616
0.957972
1.331934
1.000428
1.308442
1.043264
1.113108
0.912333
1.101438
1.361539
1.404076
1.403711
1.397353
1.397353
1.352973
1.311076
1.329366
1.297239
1.329366
1.339248
1.807630
1.961763
1.805048
1.564096
1.516788
1.469061
1.381086
1.315162
1.137925
0.962037
0.957993
1.101709
1.092514
1.237481
1.285036
1.303317
1.311103
1.407786
1.347287
1.250534
1.317184
1.302997
1.264133
1.182319
0.983329
1.338807
1.361743
1.243121
1.076875
1.138487
1.325890
1.084538
0.906796
1.011729
0.935867
1.344536
1.099285
1.297057
1.273627
1.261398
1.187662
1.239915
1.333080
1.255717
1.245315
1.892063
1.792150
1.841940
1.651350
1.762397
1.420502
1.451633
1.593881
1.404342
1.344124
1.092254
1.046160
1.138124
1.048047
0.892117
1.371705
1.247712
1.057029
1.356469
1.302997
0.958983
0.980831
1.066378
1.134025
1.066378
1.249494
1.245468
0.975353
0.981455
1.398805
1.410496
1.419594
0.965172
1.415340
1.382737
1.407715
1.137350
0.995474
1.354917
1.320991
1.247218
1.322988
1.312936
1.992178
1.229882
1.218951
1.395849
1.241993
1.927867
1.829459
1.697038
1.592937
1.639372
1.470872
1.438710
1.031183
1.360195
1.186130
1.124397
1.010523
0.915983
0.970900
0.979501
1.319822
1.295952
1.029224
1.334361
1.284255
1.236332
1.435058
1.229816
0.992567
0.999371
1.224862
0.942084
1.337066
0.969456
1.134025
0.928198
0.996966
0.813024
0.789650
1.287632
1.318682
0.813988
1.024840
1.409935
0.996553
1.409514
1.419298
1.285220
1.060295
1.050762
1.233544
1.274427
1.094319
1.339427
1.380194
1.346969
1.247091
1.226437
1.243574
1.927867
1.922123
1.154058
1.756239
1.095785
1.243634
1.203029
0.906067
1.169349
1.216695
1.329928
1.255189
1.273090
1.430276
1.210848
1.011940
0.967610
1.248861
0.900886
0.808459
0.857428
0.845314
0.843038
1.386987
1.439173
1.283095
1.028550
1.144146
1.233001
1.302979
1.197814
1.313941
1.253520
1.334031
1.270162
1.458125
1.369308
1.391925
1.287561
1.320620
1.233818
0.957656
1.091003
1.310583
1.219484
0.896065
0.995680
1.044613
1.249047
1.002071
1.033139
1.227242
1.236025
1.058346
0.858519
1.215170
1.260374
1.468558
1.238556
1.030091
1.179005
1.186070
1.464500
1.405252
1.465807
1.397118
1.327031
1.109316
1.054855
1.183547
1.006512
0.907620
0.849906
0.951549
1.043712
1.182523
1.366181
1.360175
1.061565
1.294398
1.160824
1.206226
1.063194
0.943870
1.445344
1.436644
1.360751
1.275534
1.291570
1.246087
1.251977
1.064131
1.096371
1.238680
1.310045
1.462290
1.269559
1.232147
1.377099
1.470583
1.368042
1.231768
0.970570
1.006679
0.828203
1.082317
1.022131
1.275098
1.287302
1.357510
1.080279
1.129025
1.061879
1.122859
1.404640
1.385967
1.403498
0.984063
0.921016
1.002556
1.211454
1.345749
1.346744
1.478269
1.318797
1.301949
1.315660
1.238497
1.290655
1.465894
1.387341
1.436332
1.404599
1.294023
1.387780
1.290817
1.258959
1.167437
1.014178
0.963465
0.929256
0.985552
0.944230
0.924149
1.204009
1.219047
1.180954
1.316245
1.117058
0.963281
1.035072
1.415997
1.407177
1.111551
1.117774
1.205818
1.464796
1.153474
1.498663
1.413279
1.530667
1.560556
1.342113
1.438996
1.277153
1.340435
1.273667
1.328764
1.185544
1.276719
0.975209
1.056055
0.931122
0.975522
0.893498
0.968340
0.903325
1.122576
0.988551
1.070130
0.961726
1.229701
1.315733
1.335503
1.085701
1.326535
1.451802
1.451802
1.481422
1.447840
1.302663
1.282221
1.311997
1.173163
1.311620
1.236324
1.308792
1.318495
1.307273
1.052921
1.184415
0.882965
1.194639
1.215281
1.193020
1.268111
1.368082
1.402173
1.140934
1.153579
1.195593
1.279040
1.383025
1.423874
1.301968
1.226654
1.242798
1.259791
1.347247
1.424034
1.491865
1.239266
1.263503
1.312558
1.223943
1.202506
0.908231
1.096278
0.947352
0.908871
1.056918
1.083160
1.245828
1.217213
1.108187
1.059798
0.974804
1.025980
1.389531
1.450796
1.387228
1.382166
1.398180
1.260948
1.251671
1.231591
1.148709
1.057099
0.929679
1.008894
0.894955
0.832654
0.891616
0.883467
1.284466
1.181249
1.170513
1.301672
1.237204
1.084180
1.433126
1.501711
1.480118
1.455841
1.366344
1.293981
1.341040
1.325700
1.311678
1.360822
1.398890
1.349166
1.231494
1.192434
1.129816
1.229643
1.470997
1.298019
1.248159
1.328130
1.335446
0.939348
0.936012
1.251946
1.176983
1.254896
1.253374
1.232534
1.174808
1.222751
1.471254
1.330718
1.287696
1.403493
1.340488
1.264595
1.227468
1.499488
1.344649
1.199982
1.061231
0.994038
0.982437
0.951344
0.984938
1.123029
0.987911
1.093095
1.139542
1.146898
1.301457
1.292061
1.004452
1.144617
1.202531
1.460191
1.451072
1.476866
1.279273
1.304003
1.291560
1.289523
1.441558
1.037495
1.156643
1.446541
1.515883
1.440776
1.499488
1.449357
1.348415
1.430944
1.187605
1.404369
1.178219
1.276395
1.144088
0.945759
1.014110
1.223657
1.165852
1.253409
1.174690
1.122329
1.171568
1.245945
1.290199
1.384241
1.401572
1.436572
1.360450
1.217288
1.289518
1.515883
1.625936
1.824520
1.495192
1.618457
2.001135
2.081252
1.451850
1.227607
1.299470
1.203750
1.118492
0.956928
1.032677
0.917397
0.859679
1.058241
0.961308
0.968377
1.127900
1.198231
1.226806
1.183684
1.070504
1.139757
1.120427
1.093759
1.113296
1.107801
1.117928
1.176628
1.083800
1.120175
1.317315
1.359837
1.379311
1.295171
1.201025
0.988862
1.141194
1.280187
1.335693
1.438493
1.507457
1.398713
1.535602
1.812780
1.690566
1.504987
1.508105
1.008319
1.022169
0.971710
0.987548
0.942194
0.969712
0.948608
0.902538
1.021550
1.080003
1.151217
1.305651
1.453305
1.424186
1.371924
1.220669
1.261339
1.829159
1.278949
1.320772
1.303706
1.676705
1.617295
1.631247
1.187721
1.894028
2.001135
1.264700
1.118311
1.184788
1.099086
1.211388
1.321231
1.272572
1.327972
1.151286
1.417369
1.429514
1.333510
1.368069
1.076485
1.029572
0.937446
1.202288
1.193598
1.253105
1.631511
1.305511
2.103315
1.939926
1.201626
1.799193
1.129611
1.712211
1.565312
1.537851
1.452221
1.302732
1.105885
0.882065
1.025787
1.210704
1.132807
1.106323
1.342470
1.219043
1.417568
1.420441
1.465713
1.284741
1.488064
1.060808
1.037471
1.133690
0.990745
1.489901
1.958171
1.878224
1.762411
1.027369
0.947719
0.889232
1.093539
1.159046
1.177332
1.151931
1.145788
1.318856
1.112057
1.285172
1.125537
1.079361
1.074236
1.305981
1.288906
1.539646
1.571369
1.571369
1.349514
1.041372
1.206740
1.197518
1.319311
1.103821
1.801029
1.069188
1.054721
0.987466
0.992089
1.149922
1.336786
1.270421
1.290220
1.126928
1.160761
1.275478
1.300694
1.318960
1.342015
1.408944
1.438924
1.433363
1.482385
1.449197
1.470932
1.458384
1.261766
1.314687
1.318824
1.544019
1.519364
1.303097
1.071990
1.251958
1.203287
1.260121
1.315188
1.029572
1.210734
1.155137
1.473483
1.241960
1.143758
1.631561
1.107429
1.269899
1.117890
1.137396
1.073180
1.019848
1.006719
1.002823
0.952341
0.906862
0.925204
0.977845
1.315857
1.197741
1.102120
1.262064
1.095692
1.156799
1.327370
1.471447
1.270423
1.399535
1.437742
1.615737
1.149599
1.190020
1.286655
0.995831
1.717529
1.322497
1.108854
1.672977
1.117966
1.691561
1.106821
1.093290
0.980807
0.944785
1.214661
1.259315
1.378739
1.152422
1.276133
1.268996
1.137128
1.206194
1.110629
1.128761
1.491081
1.473719
1.471447
1.312000
1.554564
1.394993
1.297082
1.111488
1.258048
1.073702
1.323634
1.009491
1.076499
1.666942
1.141326
1.083109
1.348912
1.025558
1.058540
1.022461
1.118817
0.994805
1.099933
1.162233
1.271332
1.528320
1.458915
1.674326
1.664841
1.608158
1.261744
1.137290
1.173657
1.064510
1.019583
1.171428
1.097046
1.693914
1.660731
1.491220
1.155717
1.049446
1.028318
1.041524
0.920299
1.074681
1.318267
1.357074
1.381524
1.056541
1.066179
1.189651
1.335394
1.383978
1.477483
1.468892
1.338680
1.324594
1.269181
1.674326
1.431502
1.169557
1.303507
1.128026
1.098137
1.324296
1.099450
1.124768
1.093406
1.588706
1.082846
1.084257
1.140952
0.949705
1.251872
1.347500
1.388812
1.248183
1.177165
1.086656
1.107103
1.381585
1.402694
1.414167
1.726591
1.539942
1.528852
1.422553
1.238791
1.295752
1.204741
1.375191
1.163515
1.268575
1.207924
1.017258
1.263891
1.264273
1.112108
1.550901
1.347046
1.299393
1.087128
0.977691
0.986715
1.165809
1.424809
1.136576
1.095080
1.158344
1.281376
1.412395
1.472409
1.314868
1.319297
1.613434
1.638043
1.361516
1.251807
1.201747
1.161222
0.969570
1.062202
1.369230
1.646283
1.652527
1.611261
1.044428
1.108324
0.976962
0.969105
1.038825
1.007745
1.369825
1.406492
1.384178
1.413459
1.394464
1.128712
1.071127
1.074595
1.065432
1.129526
1.364643
1.295046
1.317314
1.359783
1.613434
1.545600
1.446312
1.313613
1.237741
1.203923
1.254653
1.300858
1.297982
1.286927
1.076553
0.958200
1.100790
1.207113
1.544326
1.185224
1.051239
1.072665
1.044345
1.359824
1.448363
1.109445
1.422997
1.356004
1.153779
1.059078
1.114013
1.047420
1.399149
1.391820
1.362379
1.272104
1.529192
1.346187
1.317027
1.367320
1.262224
1.226892
1.221459
1.366802
1.346194
1.260096
1.160559
1.143577
1.463177
1.543794
1.267518
1.080427
1.110670
1.448363
1.145044
1.085710
1.253780
1.424149
1.471665
1.439149
1.504034
1.277507
1.587672
1.463262
1.307077
1.159472
1.110082
1.197985
1.569397
1.529468
1.470883
1.176100
1.412704
1.093247
1.110602
1.050986
1.148142
1.024627
1.289617
1.212959
1.411421
1.408425
1.466266
1.422363
1.192850
1.179513
1.338228
1.356861
1.273370
1.254673
1.461447
1.626763
1.251707
1.247590
1.247482
1.276721
1.225135
1.044569
1.096789
0.930452
1.256971
1.664274
1.664274
1.617557
1.008842
1.294236
1.352073
1.034285
1.120241
1.026820
1.040661
1.429637
1.448774
1.298320
1.303587
1.318207
1.270126
1.235849
1.226611
1.255096
1.065049
0.873607
1.284270
1.364144
1.164859
1.534499
1.413445
1.396701
1.209474
1.291807
1.244295
1.384396
1.399650
1.028948
1.125366
1.131759
1.314224
1.059911
1.164997
1.183873
1.034458
1.170544
1.210489
1.298680
1.299725
1.274986
1.268831
1.408981
1.372111
1.271394
1.214851
1.283175
1.306726
1.315701
1.311570
1.210228
1.162937
1.300505
1.603165
1.224905
1.664274
1.267261
1.415410
1.305496
1.210428
1.334158
1.484573
1.125897
1.352096
1.042172
1.059439
1.033178
1.385213
1.119410
1.393481
1.421739
1.443287
1.258933
1.446448
1.352331
1.534334
1.480895
1.569975
1.277478
1.114543
0.960726
1.213380
1.340745
1.203196
1.349843
1.390679
1.582227
1.567216
1.460299
1.536451
1.436486
1.373951
1.497094
1.077358
1.148412
1.209050
1.284429
1.128162
1.033699
1.017718
1.315202
1.171786
1.119409
0.991335
1.290760
1.247282
1.323554
1.755716
1.315363
1.307200
1.698304
1.498101
1.466744
1.236709
1.256328
1.342643
1.599443
1.444198
1.477803
1.599372
1.482858
1.537949
1.521075
0.876511
1.219543
1.004412
0.946399
1.389934
1.205859
1.221030
1.176834
1.102037
1.342553
1.205859
1.014106
1.018406
1.033664
1.265430
1.332110
1.193854
1.528398
1.583640
1.506982
1.307200
1.297969
1.927446
1.218776
1.477035
1.360353
1.477035
1.586897
1.339760
1.287165
1.206896
0.898970
1.158197
1.214635
1.511717
1.478614
1.467839
0.876519
0.923683
0.898481
0.930190
1.015558
1.064744
0.884289
1.333061
1.354641
1.317095
0.989465
1.166313
1.016032
1.338447
1.390548
1.447520
1.669283
1.645870
1.650514
1.744925
1.299954
2.095757
2.070630
1.970052
1.996286
1.988283
1.922440
1.897371
1.284871
1.190510
1.234442
1.151178
1.417778
1.395823
1.510498
0.855928
0.811934
0.785636
1.295601
1.057966
1.295595
1.159299
1.217555
1.190475
1.211182
0.957045
1.413192
1.358052
1.646330
2.111307
2.073629
1.253627
1.923105
1.899968
1.704800
1.765226
1.560143
1.264114
1.333395
1.094797
0.967192
1.391674
1.343598
1.389633
1.324845
1.475747
0.845633
1.001261
0.907056
1.201969
1.299749
1.228750
1.240874
1.144907
1.250202
1.224530
1.020937
0.985590
0.979603
0.857213
0.933188
1.444616
1.400588
1.394361
1.247101
1.194278
1.413729
1.537266
1.608355
1.270744
2.082729
1.487786
1.199157
1.014514
1.203672
1.289628
1.167923
1.335912
1.360547
1.271581
1.520205
1.314253
1.525466
1.473512
0.839902
0.839902
0.931186
1.166636
1.338026
1.248132
1.335762
1.278515
1.229863
1.025900
1.266195
1.335188
0.882426
1.307681
1.377434
1.372523
1.272665
1.250009
1.478148
1.292680
1.847546
1.858224
1.403583
1.450969
1.365343
0.754351
0.815758
0.813004
0.810317
0.842029
1.221366
1.309905
1.222287
1.368974
1.350108
1.226844
1.348126
1.270825
1.535742
1.594182
1.289656
1.276359
2.001712
1.896300
1.963740
1.771405
0.969621
1.385557
1.316063
1.341087
1.377620
1.325459
1.391070
0.972192
1.027384
1.078499
1.190401
0.913526
1.306811
1.226906
1.269640
0.918599
0.785685
1.355310
1.311497
1.341909
1.435108
1.355061
1.606100
1.873163
1.936960
1.373154
1.397265
1.222534
1.183335
1.395625
1.438478
1.231928
1.436800
1.478156
1.396783
0.853002
0.898755
0.820419
0.919326
0.817643
0.939320
0.954814
1.292558
1.258529
1.254593
0.957606
0.982390
1.367222
1.419651
1.767413
1.901101
2.016553
1.704726
1.514524
1.624011
1.745809
1.823385
1.413332
0.781563
1.594811
1.467044
1.190096
1.270911
1.224160
1.365210
1.363592
1.471947
0.857273
1.131467
0.883724
0.902122
1.303017
1.328194
1.334749
1.311935
0.857567
0.966444
1.273209
1.279914
1.595704
1.499544
1.733904
1.531160
1.429824
1.245184
1.202709
1.799464
1.110529
0.835157
1.233211
1.312982
1.290900
1.373414
1.433626
1.426844
1.147586
1.209935
0.993438
1.052412
1.310976
1.327359
1.340960
0.881859
0.825026
1.366814
1.510141
0.685850
1.581891
0.852114
1.340824
1.866479
1.445497
0.971867
1.015602
1.284297
1.282109
1.389887
1.419629
1.424966
0.969050
0.822396
0.898044
1.036652
1.071593
1.002691
0.960197
1.346644
1.311207
0.978922
0.996233
1.302981
1.303396
1.347932
1.343967
1.286345
0.999356
1.250225
1.312442
1.271342
1.302482
1.372594
1.469055
1.286870
1.814025
1.464755
0.815977
1.224900
1.188415
1.457151
1.239587
1.372094
1.454193
1.464798
1.419000
1.401348
1.476770
1.259146
0.992294
1.054084
0.824725
1.339837
1.405007
1.345283
1.287006
1.236384
1.171331
1.248517
1.241909
0.732747
0.883531
1.377422
0.910927
1.611826
1.315223
1.752370
1.652054
1.358813
1.268222
1.297350
1.424916
1.319290
1.092283
1.004268
0.951489
1.104795
1.043069
1.313070
1.270205
1.223200
1.113214
1.356751
1.349849
1.335718
1.038620
1.335814
1.241110
1.007215
0.892080
0.987131
1.226436
1.345949
1.126070
1.416863
1.349916
1.136302
1.079045
1.042621
0.978636
1.134664
0.732849
1.275105
1.382216
0.989724
1.178004
1.476820
1.223143
1.666272
0.953080
1.174525
1.356256
1.293762
1.476536
1.249075
1.448899
1.417383
1.405547
1.088858
1.150813
1.325884
1.089438
1.339186
1.332024
1.238549
1.108886
1.333305
1.365328
1.218429
1.296200
1.196051
1.084983
0.701083
0.737178
1.263417
1.060428
1.063601
1.133912
1.202857
1.135191
1.374738
1.206354
1.264567
1.297871
0.953768
1.720257
1.599525
1.124495
1.198625
1.275861
1.209412
1.285585
1.255811
1.446947
1.402835
1.225008
1.152585
1.393209
1.376543
1.352352
1.312234
1.337194
1.235690
1.237068
1.122539
0.882244
0.943594
1.119112
1.006195
1.119530
0.854249
1.247667
0.737758
1.087952
1.412908
1.438462
1.136965
1.427275
1.432060
1.458885
1.412067
1.216676
1.177700
1.242915
1.187267
0.791703
0.826344
1.118092
1.014718
1.107809
1.099458
0.912494
0.743782
1.044652
1.066055
1.111431
1.128247
1.235041
1.239120
1.357958
1.245500
1.211084
1.172858
0.825639
1.291605
0.841185
1.318585
0.711174
0.829685
0.644631
0.736115
1.270059
1.105367
1.223052
1.163969
1.244760
1.325608
1.177607
1.407899
1.423774
1.520214
1.461965
1.418539
1.432981
1.189360
1.179241
1.186745
1.084624
1.190692
1.104930
1.349381
1.254895
1.315154
1.291240
1.280380
1.453059
1.408297
1.435660
1.129798
1.129484
1.137467
1.054230
1.204738
1.108314
1.169500
1.178797
1.244599
1.090605
1.287592
1.111387
1.030818
1.133118
1.268381
1.131225
1.317247
1.184215
1.170285
1.447230
1.346462
1.323037
1.164573
1.131456
1.096670
1.288869
1.165193
1.259961
1.110954
1.088610
1.060231
1.147915
1.194128
1.279496
1.289826
1.170447
1.236890
1.331731
1.361331
1.365366
1.382463
1.378989
1.237973
1.398500
1.314495
1.336149
1.001108
1.044804
1.106786
1.301978
1.211976
1.256142
1.371824
1.407821
1.121933
1.185551
1.229817
1.328747
1.050517
1.175118
1.094625
1.092356
1.059091
1.137279
1.222307
1.205018
1.023257
1.146601
1.181568
1.152433
1.315584
1.220295
1.048181
1.110813
1.205285
1.226974
1.249980
1.169608
1.319380
1.065005
1.028918
1.205646
1.080713
1.164832
1.331211
1.094925
1.045341
1.040804
1.111810
1.215755
1.267889
1.305516
1.161311
1.161142
1.298947
1.229882
1.054809
1.091492
1.084514
1.076409
1.171081
1.276082
1.150354
1.257825
1.108211
1.023057
1.060796
1.028135
1.206118
1.225658
1.306978
1.139782
1.244222
1.122009
1.201606
1.220765
1.141966
1.172166
1.180796
1.330386
1.333026
1.336877
1.352320
1.208555
1.368061
1.333331
1.109249
1.190653
1.187085
1.227909
1.253363
1.260478
1.227644
1.539907
1.615543
1.645962
1.611849
1.755716
1.707170
1.415689
1.460713
1.303997
1.276447
1.410100
1.324072
1.356407
1.381280
1.481714
1.837414
