3477 1 3
0.789953
0.789953
0.789953
0.789953
0.789953
0.789953
0.789953
0.789953
0.789953
0.789953
0.789953
0.789953
0.789953
0.789953
0.789953
0.789953
0.789953
0.789953
0.789953
0.789953
0.789953
0.789953
0.789953
0.789953
0.789953
0.789953
0.789953
0.789953
0.789953
0.789953
0.789953
0.789953
0.789953
0.789953
0.789953
0.789953
0.789953
0.789953
0.789953
0.786573
0.789953
0.789953
0.789953
0.789953
0.789953
0.789953
0.789953
0.789953
0.789953
0.789953
0.789953
0.789953
0.789953
0.789953
0.786573
0.786573
0.789953
0.789953
0.789953
0.789953
0.789953
0.789953
0.789953
0.789953
0.789953
0.789953
0.789953
0.789953
0.789953
0.789953
0.789953
0.786573
0.780198
0.780198
0.789953
0.789953
0.789953
0.789953
0.789953
0.789953
0.789953
0.789953
0.789953
0.789953
0.789953
0.789953
0.789953
0.789953
0.786573
0.789953
0.789953
0.786573
0.780198
0.786573
0.786573
0.780198
0.780198
0.758913
0.789953
0.789953
0.789953
0.789953
0.789953
0.789953
0.789953
0.789953
0.789953
0.789953
0.789953
0.789953
0.789953
0.789953
0.789953
0.789953
0.789953
0.789953
0.789953
0.780198
0.772718
0.758913
0.789953
0.789953
0.789953
0.789953
0.789953
0.789953
0.789953
0.789953
0.789953
0.789953
0.789953
0.789953
0.789953
0.789953
0.789953
0.789953
0.789953
0.789953
0.789953
0.789953
0.789953
0.786573
0.772839
0.744120
0.772718
0.789953
0.789953
0.789953
0.789953
0.789953
0.789953
0.789953
0.789953
0.789953
0.789953
0.789953
0.789953
0.789953
0.789953
0.789953
0.789953
0.789953
0.789953
0.789953
0.789953
0.789953
0.789953
0.789953
0.789953
0.789953
0.789953
0.789953
0.789953
0.789953
0.789953
0.789953
0.789953
0.789953
0.789953
0.789953
0.789953
0.789953
0.789953
0.785423
0.780198
0.772839
0.741812
0.772839
0.789953
0.788589
0.789953
0.789953
0.789953
0.789953
0.789953
0.789953
0.789953
0.789953
0.789953
0.789953
0.789953
0.789953
0.789953
0.789953
0.789953
0.789953
0.789953
0.789953
0.789953
0.789953
0.789953
0.789953
0.789953
0.789953
0.789953
0.789953
0.785423
0.744120
0.773450
0.772839
0.741812
0.788589
0.787643
0.789717
0.789717
0.789953
0.789953
0.789953
0.789953
0.789953
0.789953
0.789953
0.789953
0.789953
0.789953
0.789953
0.789953
0.789953
0.789953
0.789953
0.789953
0.789953
0.789953
0.789953
0.789953
0.789953
0.789953
0.789953
0.789953
0.789953
0.789953
0.789953
0.789389
0.789953
0.785423
0.785423
0.789953
0.785423
0.744120
0.756067
0.756067
0.721073
0.721073
0.789953
0.789953
0.789953
0.789953
0.789953
0.789953
0.789953
0.789953
0.789953
0.789953
0.789953
0.789953
0.789953
0.789953
0.789953
0.789953
0.789953
0.789953
0.789953
0.789953
0.789953
0.789953
0.789953
0.787445
0.789953
0.787445
0.785423
0.785423
0.771332
0.771332
0.772839
0.741812
0.788589
0.778372
0.777668
0.777668
0.779405
0.789717
0.789953
0.789953
0.789953
0.789953
0.789953
0.789953
0.789953
0.789953
0.789953
0.789953
0.789953
0.789953
0.789953
0.789953
0.789953
0.789953
0.789953
0.789953
0.789953
0.789953
0.789953
0.789953
0.789953
0.789953
0.789953
0.787445
0.789953
0.789953
0.789953
0.789953
0.787291
0.789953
0.789389
0.787915
0.785423
0.789953
0.787915
0.784558
0.784558
0.785423
0.779217
0.779217
0.779217
0.780649
0.773450
0.752039
0.752039
0.721073
0.756067
0.782481
0.789953
0.773519
0.789953
0.789953
0.789953
0.789953
0.789953
0.789953
0.789953
0.789953
0.789953
0.789953
0.789953
0.789953
0.789953
0.789953
0.787291
0.770922
0.779217
0.780649
0.752039
0.752039
0.780321
0.762007
0.782481
0.778372
0.783354
0.783354
0.789953
0.789953
0.789953
0.789953
0.789953
0.789953
0.789953
0.789953
0.789953
0.789953
0.789953
0.789953
0.789953
0.789953
0.789953
0.789953
0.789953
0.789953
0.789953
0.787915
0.789953
0.789953
0.787915
0.787291
0.784558
0.782419
0.787915
0.782419
0.787291
0.787915
0.770922
0.770922
0.779217
0.757999
0.724347
0.762007
0.762007
0.744598
0.764948
0.789953
0.789953
0.789953
0.789953
0.789953
0.789953
0.789953
0.789953
0.789953
0.789953
0.789953
0.789953
0.789953
0.789953
0.789953
0.789953
0.789953
0.789953
0.789953
0.789953
0.789953
0.789953
0.789953
0.789953
0.789953
0.789953
0.789953
0.789953
0.789953
0.789953
0.789953
0.789389
0.789953
0.782419
0.789953
0.779217
0.781326
0.776298
0.776298
0.779217
0.779217
0.770922
0.779217
0.770922
0.755452
0.752039
0.761973
0.755452
0.724347
0.688812
0.733449
0.721073
0.762007
0.744598
0.788295
0.789953
0.789953
0.789953
0.789953
0.789953
0.789953
0.789953
0.789953
0.789953
0.789953
0.789953
0.789953
0.789953
0.789953
0.789953
0.789953
0.789953
0.789953
0.789953
0.789953
0.789953
0.789953
0.789953
0.789953
0.789953
0.789953
0.789953
0.789953
0.789953
0.789953
0.789953
0.789953
0.787291
0.787915
0.780649
0.785097
0.779217
0.782914
0.776298
0.780649
0.779217
0.745705
0.759659
0.753717
0.755452
0.727414
0.724347
0.738105
0.721073
0.758163
0.758163
0.764948
0.783354
0.777599
0.789717
0.784325
0.789953
0.789953
0.789953
0.789953
0.789953
0.789953
0.789953
0.789953
0.789953
0.789953
0.789953
0.789953
0.789953
0.789953
0.789953
0.789953
0.789953
0.789953
0.789953
0.789953
0.789953
0.789953
0.789953
0.789953
0.789953
0.789953
0.789953
0.789953
0.784558
0.772370
0.776298
0.781326
0.761973
0.733798
0.753717
0.753717
0.695462
0.695462
0.695462
0.688812
0.695462
0.741679
0.741679
0.740823
0.762674
0.735665
0.765923
0.789953
0.789953
0.789953
0.789953
0.789953
0.788295
0.789953
0.789953
0.789953
0.789953
0.789953
0.789953
0.789953
0.789953
0.789953
0.789953
0.789953
0.789953
0.789953
0.789953
0.789953
0.789953
0.789953
0.789953
0.789953
0.789953
0.789953
0.789953
0.789953
0.789953
0.789953
0.789953
0.789953
0.789953
0.789953
0.789953
0.787291
0.765053
0.782914
0.736794
0.736794
0.759659
0.714021
0.728187
0.733798
0.738105
0.699906
0.713674
0.720504
0.713575
0.720504
0.746164
0.725022
0.764948
0.777599
0.757593
0.774367
0.784325
0.789717
0.789953
0.789953
0.789953
0.789953
0.789953
0.789953
0.789953
0.789953
0.789953
0.789953
0.789953
0.789953
0.789953
0.789953
0.789953
0.789953
0.789953
0.789953
0.789953
0.789953
0.789953
0.789953
0.789953
0.789953
0.789953
0.789953
0.789953
0.789389
0.789389
0.782914
0.781326
0.761973
0.748932
0.763080
0.763080
0.761973
0.763080
0.699906
0.656420
0.656420
0.695462
0.720504
0.725022
0.768554
0.768554
0.769585
0.784325
0.789953
0.789717
0.789953
0.789953
0.789953
0.789953
0.789953
0.789953
0.789953
0.789953
0.789953
0.789953
0.789953
0.789953
0.789953
0.789953
0.789953
0.789953
0.789953
0.789953
0.789953
0.789953
0.789953
0.789953
0.789953
0.789953
0.789953
0.789953
0.789953
0.789953
0.789953
0.789953
0.789953
0.789953
0.789953
0.789953
0.789953
0.789953
0.787291
0.787291
0.772370
0.748932
0.727414
0.696985
0.733798
0.733798
0.699869
0.699747
0.699747
0.699869
0.699869
0.699906
0.664997
0.662187
0.661687
0.661687
0.620619
0.661687
0.661687
0.720504
0.713575
0.746164
0.757593
0.769585
0.789953
0.789953
0.789953
0.789953
0.789953
0.789953
0.789953
0.789953
0.789953
0.789953
0.789953
0.789953
0.789953
0.789953
0.789953
0.789953
0.789953
0.789953
0.789953
0.789953
0.789953
0.789953
0.789953
0.789953
0.789953
0.789953
0.789953
0.789953
0.789953
0.789953
0.789953
0.789953
0.781302
0.769612
0.763080
0.785097
0.761973
0.767446
0.761973
0.755335
0.763080
0.761973
0.769612
0.769612
0.736794
0.767446
0.708348
0.709420
0.661687
0.709938
0.661687
0.664997
0.669494
0.656420
0.675595
0.656420
0.631936
0.686605
0.720504
0.686605
0.686605
0.678882
0.725022
0.747442
0.735304
0.757593
0.768554
0.789953
0.789953
0.789953
0.789953
0.789953
0.789953
0.789953
0.789953
0.789953
0.789953
0.789953
0.789953
0.789953
0.789953
0.789953
0.789953
0.789953
0.789953
0.789953
0.789953
0.789953
0.789953
0.789953
0.789953
0.789953
0.789953
0.789953
0.789953
0.789953
0.789953
0.789953
0.789953
0.789953
0.789953
0.789953
0.789953
0.789953
0.781302
0.789953
0.789953
0.764607
0.772370
0.761973
0.767446
0.755335
0.729953
0.737873
0.741754
0.741754
0.729953
0.741754
0.741754
0.708348
0.708862
0.709938
0.709938
0.675476
0.664997
0.627607
0.657101
0.719890
0.769954
0.757593
0.780283
0.789953
0.789953
0.789953
0.789953
0.789953
0.789953
0.789953
0.789953
0.789953
0.789953
0.789953
0.789953
0.789953
0.789953
0.789953
0.789953
0.789953
0.789953
0.789953
0.789953
0.789953
0.789953
0.789953
0.789953
0.789953
0.789953
0.789953
0.789953
0.789953
0.783867
0.783867
0.789953
0.787915
0.767446
0.753717
0.767446
0.727414
0.743866
0.741754
0.743866
0.708862
0.741754
0.736356
0.709938
0.709938
0.695675
0.695675
0.706999
0.675476
0.632866
0.701154
0.678882
0.686237
0.686237
0.729155
0.739496
0.709538
0.747442
0.735304
0.761710
0.769585
0.784325
0.777599
0.789953
0.789717
0.789953
0.789953
0.789953
0.789953
0.789953
0.789953
0.789953
0.789953
0.789953
0.789953
0.789953
0.789953
0.789953
0.789953
0.789953
0.789953
0.789953
0.789953
0.789953
0.789389
0.789953
0.789389
0.771159
0.771159
0.767446
0.767446
0.741754
0.737873
0.767446
0.741754
0.743866
0.695675
0.695675
0.737873
0.662187
0.662187
0.675595
0.631936
0.701154
0.727601
0.729155
0.750717
0.750717
0.761710
0.761710
0.780283
0.780283
0.789953
0.789953
0.789953
0.789953
0.789953
0.789953
0.789953
0.789953
0.789953
0.789953
0.789953
0.789953
0.789953
0.789953
0.789953
0.789953
0.789953
0.789953
0.789953
0.789953
0.789953
0.789953
0.789953
0.789953
0.789953
0.789953
0.789953
0.789953
0.789953
0.789953
0.789953
0.789953
0.789953
0.787291
0.789953
0.787915
0.787915
0.771159
0.769612
0.747301
0.747301
0.735417
0.769612
0.649224
0.636723
0.627607
0.642837
0.631936
0.592066
0.600806
0.657101
0.657101
0.729155
0.709538
0.739496
0.709538
0.784325
0.784325
0.789953
0.789953
0.789953
0.789953
0.789953
0.789953
0.789953
0.789953
0.789953
0.789953
0.789953
0.789953
0.789953
0.789953
0.789953
0.789953
0.789953
0.789953
0.789953
0.789953
0.789953
0.789953
0.789953
0.789389
0.789389
0.789953
0.789953
0.787915
0.706999
0.695675
0.708463
0.666226
0.675476
0.683080
0.666226
0.608827
0.631936
0.657101
0.657101
0.645291
0.645291
0.675389
0.750159
0.740685
0.769954
0.784325
0.789953
0.789953
0.789953
0.789953
0.789953
0.789953
0.789953
0.789953
0.789953
0.789953
0.789953
0.789953
0.789953
0.789953
0.789953
0.789953
0.789953
0.789953
0.789953
0.789953
0.789953
0.789953
0.789953
0.789953
0.789953
0.789953
0.789953
0.789953
0.789953
0.789389
0.787291
0.789953
0.789953
0.789953
0.789953
0.783867
0.787291
0.789953
0.771159
0.745700
0.727465
0.745700
0.683080
0.675476
0.687208
0.649176
0.669179
0.662236
0.703319
0.731325
0.750717
0.761710
0.769954
0.780283
0.781953
0.784325
0.784325
0.789953
0.789953
0.789953
0.789953
0.789953
0.789953
0.789953
0.789953
0.789953
0.789953
0.789953
0.789953
0.789953
0.789953
0.789953
0.789953
0.789953
0.789953
0.789953
0.789953
0.789389
0.789953
0.789953
0.789953
0.787291
0.789953
0.789953
0.789953
0.781418
0.787291
0.789953
0.787291
0.783867
0.789953
0.789953
0.752673
0.772236
0.789953
0.743504
0.752673
0.678367
0.636723
0.645613
0.608827
0.605696
0.652144
0.621344
0.669179
0.680326
0.680326
0.705748
0.730919
0.714560
0.766154
0.762904
0.784325
0.789953
0.784089
0.789953
0.789953
0.789953
0.789953
0.789953
0.789953
0.789953
0.789953
0.789953
0.789953
0.789953
0.789953
0.789953
0.789953
0.789389
0.789953
0.789953
0.789953
0.789389
0.787291
0.787291
0.776168
0.789953
0.776168
0.752673
0.772236
0.745700
0.772236
0.679340
0.666226
0.636723
0.636723
0.642837
0.600806
0.621344
0.663158
0.652144
0.703319
0.680326
0.731325
0.750717
0.750717
0.769954
0.769954
0.784325
0.784089
0.784089
0.789953
0.789953
0.789953
0.789953
0.789953
0.781418
0.789953
0.789953
0.789953
0.764687
0.743504
0.772236
0.727465
0.708463
0.683645
0.666226
0.656642
0.678367
0.642837
0.617385
0.614444
0.652144
0.680326
0.705748
0.707716
0.731325
0.750717
0.740685
0.769954
0.784325
0.784325
0.769070
0.784325
0.784325
0.782587
0.789953
0.789953
0.789953
0.789953
0.789953
0.789953
0.789953
0.789953
0.789953
0.789953
0.789953
0.789953
0.789953
0.789953
0.789953
0.789953
0.789953
0.789953
0.789953
0.789953
0.789953
0.787291
0.789389
0.789953
0.787291
0.776168
0.768317
0.745649
0.702260
0.706456
0.702260
0.636723
0.649224
0.651093
0.656642
0.669179
0.652144
0.749373
0.714560
0.769954
0.769954
0.769070
0.783118
0.784325
0.769954
0.784325
0.784325
0.789953
0.789953
0.789953
0.789953
0.789953
0.789953
0.789953
0.789953
0.789953
0.789953
0.789953
0.789953
0.789953
0.768317
0.752636
0.774260
0.727465
0.732903
0.706456
0.708463
0.719375
0.681185
0.683080
0.683645
0.681185
0.652778
0.642837
0.656642
0.617385
0.745610
0.767434
0.784325
0.767867
0.784089
0.789953
0.789953
0.782587
0.789264
0.789953
0.789953
0.789953
0.789953
0.789953
0.789953
0.789953
0.789953
0.789953
0.789953
0.783781
0.783781
0.783781
0.783781
0.789953
0.789953
0.777333
0.789953
0.768317
0.774260
0.745700
0.681185
0.651093
0.609064
0.634829
0.644252
0.705748
0.639122
0.684579
0.707563
0.707563
0.730919
0.769954
0.766154
0.784325
0.789953
0.789953
0.789953
0.789953
0.789953
0.789953
0.789953
0.789953
0.789953
0.789953
0.789389
0.789953
0.789236
0.779705
0.789236
0.789953
0.789236
0.768317
0.789953
0.774260
0.745649
0.732903
0.681185
0.681185
0.681185
0.652778
0.625577
0.614550
0.614550
0.672687
0.625577
0.672687
0.674525
0.684579
0.747977
0.749373
0.746275
0.767867
0.769954
0.789953
0.789264
0.789953
0.789953
0.789953
0.789953
0.789953
0.789953
0.789953
0.789953
0.789236
0.783781
0.783781
0.783781
0.768317
0.789953
0.768317
0.789953
0.745649
0.752636
0.719375
0.724994
0.719375
0.695844
0.658908
0.614444
0.625809
0.614444
0.617385
0.608827
0.644134
0.684579
0.684579
0.707563
0.731325
0.729200
0.729200
0.769954
0.783118
0.783118
0.789953
0.789953
0.789953
0.789953
0.789953
0.789953
0.789953
0.789953
0.789953
0.789389
0.789953
0.783781
0.789953
0.789953
0.789953
0.783781
0.768317
0.789953
0.789953
0.789953
0.789953
0.789953
0.789953
0.774260
0.774260
0.724994
0.618560
0.614550
0.623407
0.672687
0.644252
0.707716
0.644252
0.644252
0.707563
0.731325
0.729200
0.714560
0.684579
0.716805
0.729200
0.729200
0.749373
0.747977
0.769954
0.767434
0.765334
0.763805
0.783118
0.783730
0.789953
0.789953
0.789953
0.789953
0.789953
0.789953
0.789953
0.789953
0.789953
0.789953
0.789953
0.789953
0.789953
0.789236
0.785248
0.783781
0.789953
0.789953
0.789953
0.789953
0.789953
0.789953
0.789953
0.769146
0.772918
0.749721
0.722712
0.752636
0.774260
0.726455
0.733165
0.724994
0.706456
0.651093
0.695844
0.655662
0.663434
0.624305
0.625809
0.614550
0.625577
0.674525
0.644134
0.674278
0.684690
0.684579
0.741127
0.767434
0.741141
0.767867
0.767867
0.767867
0.765334
0.789953
0.789953
0.789953
0.789953
0.789953
0.789953
0.789953
0.789953
0.789953
0.789953
0.789953
0.789953
0.789389
0.789953
0.789953
0.789953
0.789389
0.785248
0.789953
0.789953
0.789953
0.789953
0.780577
0.761493
0.774260
0.789953
0.789953
0.774260
0.774260
0.749721
0.745649
0.774260
0.774260
0.774260
0.733165
0.752636
0.724344
0.682803
0.682803
0.655662
0.624305
0.617183
0.623407
0.625577
0.671429
0.707563
0.674278
0.704065
0.707563
0.716758
0.747977
0.716758
0.747977
0.746848
0.749373
0.763492
0.769070
0.783118
0.782587
0.782587
0.789953
0.789953
0.789953
0.789953
0.789953
0.784778
0.784778
0.789953
0.789953
0.789953
0.789953
0.761493
0.789953
0.774260
0.774260
0.749721
0.752636
0.774260
0.774260
0.733165
0.707593
0.677115
0.695844
0.651364
0.659120
0.623140
0.644134
0.674278
0.684690
0.716758
0.729885
0.741141
0.763492
0.763492
0.783730
0.783730
0.783730
0.783730
0.789953
0.789953
0.789953
0.789953
0.789953
0.789953
0.789953
0.789953
0.789953
0.789953
0.789953
0.789953
0.789953
0.789953
0.789953
0.789953
0.780577
0.789953
0.780577
0.789953
0.789953
0.789953
0.789953
0.780577
0.780577
0.789953
0.789953
0.774260
0.774260
0.752636
0.724344
0.707593
0.696419
0.697220
0.655662
0.655662
0.655662
0.662404
0.617183
0.623407
0.644134
0.671429
0.671429
0.704065
0.716758
0.766607
0.746848
0.764340
0.766607
0.764340
0.764340
0.777848
0.764340
0.788823
0.789953
0.789953
0.789953
0.789953
0.789953
0.789953
0.789953
0.789953
0.789953
0.789953
0.786230
0.784778
0.789953
0.789953
0.789953
0.789953
0.789953
0.789953
0.789953
0.762084
0.726455
0.774260
0.708955
0.676624
0.695844
0.663434
0.625809
0.658908
0.659168
0.616687
0.605392
0.684690
0.729885
0.726259
0.747977
0.716758
0.783730
0.763492
0.788823
0.788145
0.789953
0.789953
0.789953
0.789953
0.789953
0.789953
0.789953
0.789953
0.789953
0.789953
0.789953
0.789953
0.789953
0.789953
0.789953
0.789953
0.789953
0.789953
0.789953
0.789953
0.789953
0.789953
0.774260
0.740393
0.752636
0.682176
0.697220
0.697220
0.661886
0.654925
0.654925
0.654925
0.659168
0.661886
0.661886
0.623407
0.663426
0.644134
0.671429
0.706689
0.726551
0.729885
0.763492
0.741141
0.763492
0.762136
0.762136
0.783193
0.789953
0.789953
0.789953
0.789953
0.789953
0.789953
0.789953
0.789953
0.789953
0.789953
0.789953
0.789953
0.789953
0.789389
0.789953
0.789953
0.789953
0.789953
0.780077
0.789953
0.762084
0.740393
0.752636
0.726455
0.749083
0.725836
0.752636
0.661886
0.654925
0.665178
0.701157
0.684690
0.703781
0.714104
0.746848
0.714104
0.741027
0.741027
0.746848
0.762245
0.776036
0.764340
0.789953
0.789953
0.789953
0.789953
0.789953
0.789953
0.789953
0.789953
0.789953
0.789953
0.789953
0.789953
0.789953
0.789953
0.789953
0.789953
0.789953
0.789953
0.789953
0.789953
0.789953
0.789953
0.786230
0.789953
0.789953
0.789953
0.789953
0.789953
0.789953
0.789953
0.774260
0.725836
0.734189
0.708955
0.724549
0.695414
0.682176
0.682176
0.687806
0.682176
0.644134
0.642225
0.682437
0.682437
0.726551
0.764340
0.746848
0.783193
0.783193
0.762136
0.788823
0.789953
0.789953
0.789953
0.789953
0.789953
0.789953
0.789953
0.789953
0.789953
0.789953
0.789953
0.786230
0.789953
0.789953
0.789953
0.769476
0.769476
0.769476
0.762084
0.762084
0.789953
0.789953
0.789953
0.762084
0.752636
0.723739
0.723739
0.695414
0.687806
0.695414
0.690619
0.616687
0.616687
0.658570
0.682437
0.746848
0.746848
0.745144
0.764340
0.762245
0.762245
0.783193
0.783193
0.788145
0.789953
0.789953
0.789953
0.789953
0.789953
0.789953
0.789953
0.789953
0.789953
0.789953
0.789953
0.789953
0.789953
0.789953
0.789953
0.789953
0.789953
0.789953
0.789953
0.789953
0.789953
0.789953
0.789953
0.768064
0.789953
0.789953
0.789953
0.749083
0.772744
0.723739
0.752385
0.747481
0.654925
0.621670
0.616687
0.658570
0.616687
0.654158
0.642225
0.642225
0.701157
0.701157
0.703781
0.703781
0.726551
0.714104
0.714104
0.738101
0.746848
0.789953
0.789953
0.789953
0.789953
0.789953
0.789953
0.789953
0.789953
0.789953
0.789953
0.789953
0.789953
0.786230
0.789953
0.789953
0.789953
0.789953
0.789953
0.759995
0.789953
0.774260
0.759995
0.740393
0.774260
0.772744
0.747495
0.747481
0.720996
0.720996
0.682176
0.692098
0.685855
0.716821
0.678875
0.685855
0.616687
0.658570
0.677415
0.691525
0.694793
0.701157
0.701157
0.762136
0.759161
0.741921
0.780424
0.773741
0.785651
0.785651
0.789953
0.789953
0.789953
0.789953
0.789953
0.789953
0.789953
0.789953
0.789953
0.789953
0.789953
0.789953
0.789953
0.789953
0.789953
0.789953
0.789953
0.789953
0.784990
0.789953
0.789953
0.789953
0.772744
0.747495
0.733573
0.725836
0.708955
0.650797
0.697989
0.723360
0.723360
0.724980
0.745781
0.763589
0.762245
0.759267
0.762136
0.780424
0.780424
0.778953
0.789953
0.789953
0.789953
0.789953
0.789953
0.789953
0.789953
0.789953
0.789953
0.789953
0.789953
0.789953
0.789953
0.789953
0.789953
0.789953
0.789953
0.789953
0.789953
0.789953
0.789953
0.789953
0.789953
0.789953
0.789953
0.789953
0.789953
0.759995
0.747495
0.770660
0.747481
0.708244
0.708244
0.716821
0.716821
0.650797
0.656552
0.650797
0.677415
0.677415
0.701157
0.726177
0.726177
0.726177
0.710715
0.726177
0.726177
0.726551
0.724980
0.745781
0.746376
0.738101
0.745781
0.780424
0.777239
0.789953
0.789953
0.789953
0.789953
0.789953
0.789953
0.789953
0.789953
0.789953
0.789953
0.789953
0.789788
0.789953
0.789953
0.789953
0.789953
0.789953
0.789953
0.789953
0.768064
0.789953
0.789953
0.789953
0.789953
0.759995
0.765896
0.744315
0.712265
0.744315
0.712265
0.712265
0.712265
0.726177
0.710715
0.745781
0.741921
0.741921
0.759161
0.780424
0.780424
0.777239
0.789953
0.789953
0.789953
0.789953
0.789953
0.789953
0.789953
0.789953
0.789953
0.789953
0.789953
0.789953
0.789953
0.789953
0.789953
0.789953
0.789953
0.789953
0.789953
0.789953
0.789953
0.784990
0.768064
0.789953
0.775382
0.768064
0.759995
0.764126
0.764126
0.789295
0.770660
0.766866
0.765896
0.770660
0.744315
0.755273
0.739689
0.733573
0.694793
0.694793
0.691525
0.677415
0.718194
0.724980
0.726177
0.726177
0.724980
0.726177
0.710715
0.710715
0.739595
0.759965
0.759267
0.759267
0.759161
0.780424
0.777239
0.773741
0.789953
0.785651
0.789953
0.789953
0.789953
0.789953
0.789953
0.789953
0.789953
0.789953
0.789953
0.789953
0.789953
0.789953
0.789953
0.789953
0.789953
0.789953
0.789953
0.789953
0.789953
0.789953
0.788756
0.772417
0.786316
0.764126
0.755273
0.784160
0.731877
0.712265
0.731877
0.677942
0.688347
0.688347
0.677415
0.703778
0.745781
0.734922
0.738101
0.736672
0.763589
0.776248
0.757146
0.788823
0.787327
0.789953
0.789953
0.789953
0.789953
0.789953
0.789953
0.789953
0.789953
0.789953
0.789953
0.789953
0.789953
0.789953
0.789953
0.789953
0.789953
0.789953
0.789953
0.789953
0.789953
0.781867
0.789788
0.788756
0.772417
0.789953
0.781752
0.786316
0.789953
0.789953
0.786316
0.736919
0.761381
0.684741
0.691525
0.726177
0.739595
0.759161
0.776248
0.776248
0.776248
0.789953
0.789953
0.789953
0.789953
0.789953
0.789953
0.789953
0.789953
0.789953
0.789788
0.789953
0.789953
0.789953
0.781867
0.772417
0.775382
0.788756
0.781752
0.764126
0.772417
0.772417
0.755273
0.684741
0.644251
0.687725
0.677942
0.677942
0.688347
0.703778
0.711006
0.703778
0.711006
0.734922
0.717860
0.738101
0.736672
0.759965
0.757146
0.757146
0.776248
0.774727
0.789953
0.789953
0.789953
0.789953
0.789953
0.789953
0.789953
0.789953
0.789953
0.789953
0.789953
0.789953
0.789953
0.789788
0.789953
0.781867
0.789953
0.789953
0.789953
0.781867
0.789953
0.789953
0.788756
0.764126
0.764126
0.772417
0.781752
0.784160
0.781752
0.765896
0.772417
0.761381
0.717518
0.718194
0.717518
0.684741
0.718194
0.718194
0.718194
0.739595
0.739595
0.736672
0.759965
0.759965
0.759965
0.774727
0.774727
0.789953
0.789953
0.789953
0.789953
0.789953
0.789953
0.789953
0.789953
0.789953
0.789953
0.789953
0.789953
0.789953
0.789953
0.789953
0.789953
0.789953
0.789953
0.789953
0.789953
0.789953
0.789788
0.789953
0.789953
0.789953
0.789953
0.789953
0.781867
0.789953
0.789953
0.759608
0.764126
0.772417
0.772417
0.772417
0.781913
0.772417
0.784160
0.781752
0.644251
0.644251
0.711006
0.715308
0.715308
0.715308
0.715308
0.711006
0.711006
0.703778
0.715308
0.715308
0.711006
0.693266
0.740419
0.773141
0.776248
0.787327
0.789953
0.784040
0.789953
0.789953
0.789953
0.789953
0.789953
0.789953
0.789953
0.789953
0.789953
0.789953
0.789953
0.789953
0.789953
0.788756
0.789953
0.789953
0.778667
0.781867
0.789953
0.771451
0.783267
0.776953
0.781752
0.623992
0.633339
0.644251
0.669801
0.677942
0.644251
0.661089
0.677942
0.710036
0.736653
0.744010
0.744010
0.735256
0.739595
0.734585
0.693266
0.734922
0.734922
0.758836
0.759965
0.757146
0.751779
0.773141
0.789953
0.789953
0.789953
0.789953
0.789953
0.789953
0.789953
0.789953
0.789953
0.789953
0.789953
0.789953
0.789953
0.789953
0.789953
0.789953
0.789953
0.789953
0.789953
0.789953
0.789953
0.789953
0.789953
0.789953
0.789953
0.789788
0.788756
0.789953
0.789953
0.644251
0.634682
0.710036
0.710036
0.706790
0.735256
0.735893
0.734585
0.736653
0.772942
0.754833
0.772942
0.773141
0.787327
0.787122
0.789953
0.789953
0.789953
0.789953
0.789953
0.789953
0.789953
0.789953
0.789953
0.789953
0.789953
0.789953
0.789953
0.789953
0.789953
0.789953
0.789953
0.789953
0.789953
0.789953
0.789953
0.789953
0.789953
0.789953
0.789953
0.789953
0.789953
0.789953
0.767718
0.634682
0.623992
0.623992
0.634682
0.675891
0.661089
0.693266
0.706790
0.737152
0.735893
0.735893
0.735256
0.737152
0.739595
0.773141
0.773141
0.773141
0.786783
0.784177
0.786783
0.789953
0.789953
0.789953
0.789953
0.789953
0.789953
0.789953
0.789953
0.789953
0.789953
0.789953
0.789953
0.789953
0.789953
0.789953
0.789953
0.789953
0.789953
0.789953
0.789953
0.789953
0.789953
0.788756
0.789953
0.789953
0.788756
0.789953
0.789295
0.789295
0.784675
0.779843
0.784675
0.784675
0.634682
0.634682
0.634682
0.661089
0.661089
0.661089
0.675891
0.706790
0.706790
0.693266
0.706790
0.710036
0.737152
0.725337
0.713561
0.758836
0.735893
0.737152
0.737152
0.744136
0.751779
0.777034
0.763210
0.772942
0.786783
0.786783
0.787122
0.789953
0.789953
0.789953
0.789953
0.789953
0.789953
0.789953
0.789953
0.789953
0.789953
0.789953
0.789953
0.789953
0.789953
0.789953
0.789953
0.789953
0.789953
0.789953
0.789953
0.784675
0.789295
0.785543
0.634682
0.675891
0.675891
0.735893
0.725337
0.758836
0.773141
0.787122
0.789953
0.789953
0.789953
0.789953
0.789953
0.789953
0.789953
0.789953
0.789953
0.789953
0.789953
0.789953
0.789953
0.789953
0.789953
0.789953
0.789953
0.789953
0.789953
0.789953
0.789953
0.784675
0.789953
0.789953
0.780560
0.771451
0.775888
0.623992
0.647053
0.657944
0.693266
0.693266
0.679020
0.693811
0.706790
0.728221
0.737152
0.725337
0.736653
0.737152
0.736653
0.753769
0.753872
0.772942
0.771511
0.744136
0.782514
0.789745
0.789264
0.789953
0.789953
0.789953
0.789953
0.789953
0.789953
0.789953
0.789953
0.789953
0.789953
0.789953
0.789953
0.789953
0.789953
0.789953
0.789953
0.789953
0.789953
0.789953
0.789953
0.789953
0.789953
0.789953
0.789953
0.789295
0.789953
0.789953
0.785792
0.784675
0.789953
0.789953
0.634682
0.634682
0.634682
0.647053
0.713561
0.713561
0.713561
0.753769
0.728221
0.728221
0.753880
0.753769
0.758836
0.750698
0.744136
0.763210
0.786783
0.789745
0.789264
0.789953
0.789953
0.789953
0.789953
0.789953
0.789953
0.789953
0.789953
0.789953
0.789953
0.789953
0.789953
0.789953
0.789953
0.789953
0.789953
0.789953
0.789953
0.789953
0.789953
0.789953
0.789953
0.789953
0.780560
0.789295
0.785543
0.679020
0.693811
0.728221
0.753880
0.782514
0.783804
0.789953
0.789953
0.789264
0.789953
0.786880
0.789953
0.789953
0.789953
0.789953
0.789953
0.789953
0.789953
0.789953
0.789953
0.789953
0.789953
0.789953
0.789953
0.789953
0.789953
0.789953
0.789953
0.784675
0.789953
0.789953
0.785792
0.780560
0.657944
0.657944
0.693811
0.693811
0.753872
0.753872
0.744136
0.744136
0.753769
0.783804
0.785715
0.789264
0.783804
0.789264
0.789953
0.789953
0.789953
0.789953
0.789953
0.789953
0.789953
0.789953
0.789953
0.789953
0.789953
0.789953
0.789953
0.789953
0.789953
0.789953
0.789953
0.789953
0.789953
0.789953
0.789953
0.789953
0.657944
0.688650
0.688650
0.679020
0.693811
0.727294
0.704120
0.753769
0.753769
0.753880
0.763210
0.771511
0.782514
0.782514
0.783804
0.780416
0.782514
0.789264
0.789953
0.789953
0.789953
0.789953
0.789953
0.789953
0.789953
0.789953
0.789953
0.789953
0.789953
0.789953
0.789953
0.789953
0.789953
0.789953
0.789953
0.789953
0.789953
0.789953
0.789953
0.789953
0.789953
0.789953
0.789953
0.789295
0.789295
0.789953
0.789295
0.789295
0.789295
0.789953
0.789953
0.688650
0.704120
0.721884
0.743073
0.736324
0.742544
0.761032
0.785901
0.780416
0.778976
0.785715
0.780416
0.789745
0.789745
0.789953
0.789953
0.788926
0.789745
0.786062
0.789953
0.789953
0.789953
0.789953
0.789953
0.789953
0.789953
0.789953
0.789953
0.789953
0.789953
0.789953
0.789953
0.789953
0.789953
0.789953
0.789953
0.789953
0.789953
0.789953
0.789953
0.789953
0.789953
0.789953
0.789953
0.789953
0.789953
0.789953
0.789953
0.789295
0.789953
0.789953
0.785792
0.711530
0.704120
0.740916
0.736324
0.711530
0.736324
0.743073
0.742544
0.743073
0.767169
0.736324
0.766744
0.764989
0.772937
0.766744
0.766744
0.778976
0.778976
0.778976
0.782514
0.789745
0.786062
0.789745
0.789745
0.789953
0.789953
0.789953
0.789953
0.789953
0.789953
0.789953
0.789953
0.789953
0.789953
0.789953
0.789953
0.789953
0.789953
0.789953
0.789953
0.789953
0.789953
0.789953
0.789953
0.789953
0.789953
0.789953
0.789953
0.789953
0.789953
0.789953
0.789953
0.789953
0.789953
0.789953
0.789953
0.789953
0.789953
0.789953
0.789953
0.789953
0.789953
0.789295
0.789953
0.736324
0.736324
0.767353
0.740916
0.764989
0.764989
0.767169
0.781905
0.783581
0.780416
0.781905
0.781905
0.783581
0.775659
0.783346
0.789745
0.788618
0.783581
0.783581
0.781858
0.789745
0.789745
0.789745
0.789953
0.789745
0.789953
0.789953
0.789953
0.789953
0.789953
0.789953
0.789953
0.789953
0.789953
0.789953
0.789953
0.789953
0.789953
0.789953
0.789953
0.789953
0.789953
0.789953
0.789953
0.789953
0.789953
0.789953
0.789953
0.789953
0.789953
0.789953
0.789953
0.789953
0.789953
0.789953
0.789953
0.789953
0.789953
0.789953
0.789953
0.789295
0.789295
0.789953
0.764989
0.783346
0.781905
0.781905
0.781905
0.789745
0.789745
0.789745
0.789745
0.789745
0.789745
0.789953
0.789953
0.789953
0.789953
0.789264
0.789953
0.789953
0.789953
0.789953
0.789953
0.789953
0.789953
0.789953
0.789953
0.789953
0.789953
0.789953
0.789953
0.789953
0.789953
0.789953
0.789953
0.789953
0.789953
0.789953
0.789953
0.789953
0.789953
0.789953
0.789953
0.789953
0.789295
0.789953
0.789953
0.767870
0.783373
0.787800
0.777968
0.789953
0.789953
0.789953
0.789953
0.789953
0.789953
0.789953
0.789953
0.789953
0.789953
0.789953
0.789953
0.789953
0.789953
0.789953
0.789953
0.789953
0.789953
0.789953
0.789953
0.789953
0.789953
0.789953
0.789953
0.789295
0.775659
0.781905
0.774113
0.789953
0.789953
0.789953
0.789953
0.789953
0.789953
0.789953
0.789953
0.789953
0.789953
0.789953
0.789953
0.789953
0.789953
0.789953
0.789953
0.789953
0.789953
0.789953
0.789953
0.789953
0.789953
0.771127
0.771127
0.775316
0.789745
0.787800
0.789953
0.789953
0.789059
0.789264
0.789953
0.789953
0.789953
0.789953
0.789953
0.789953
0.789953
0.789953
0.789953
0.789953
0.789953
0.789953
0.789953
0.789953
0.789953
0.789953
0.789953
0.789953
0.789953
0.789953
0.789953
0.789953
0.789953
0.774113
0.767870
0.777968
0.789953
0.789953
0.789953
0.789953
0.789953
0.789953
0.789953
0.789953
0.789953
0.789953
0.789953
0.789953
0.789953
0.789953
0.789953
0.789953
0.787800
0.787800
0.787800
0.777968
0.789953
0.789059
0.789953
0.789953
0.789953
0.789953
0.789953
0.774113
0.767870
0.771127
0.771127
0.775316
0.787800
0.789953
0.789953
0.789953
0.789953
0.789953
0.789953
0.789953
0.789953
0.789953
0.771127
0.767870
0.775042
0.789953
0.789953
0.789059
0.789953
0.789953
0.789953
0.789953
0.789953
0.789953
0.789953
0.789953
0.789953
0.789953
0.789953
0.789953
0.760481
0.756089
0.760481
0.765016
0.771127
0.765016
0.765016
0.765594
0.781056
0.789059
0.784051
0.789953
0.789953
0.789953
0.789953
0.789953
0.789953
0.789953
0.789953
0.789953
0.789953
0.789953
0.789953
0.756089
0.777968
0.775042
0.780697
0.789540
0.789540
0.789540
0.789953
0.789953
0.789953
0.789953
0.789953
0.789953
0.789953
0.760481
0.777808
0.765016
0.765016
0.781056
0.781056
0.789745
0.789953
0.789953
0.789953
0.789953
0.789953
0.789953
0.789953
0.789953
0.789953
0.789953
0.789953
0.789953
0.789953
0.760481
0.770923
0.766486
0.777808
0.777808
0.770923
0.782447
0.785245
0.789059
0.775042
0.787904
0.789059
0.789745
0.785245
0.787124
0.789745
0.789953
0.787124
0.789953
0.789953
0.789953
0.789953
0.789953
0.789953
0.789953
0.789953
0.789953
0.789953
0.789953
0.789953
0.789953
0.789953
0.789953
0.789953
0.789953
0.789953
0.789953
0.789953
0.784466
0.785245
0.785245
0.789745
0.789540
0.789745
0.789953
0.789953
0.789953
0.789953
0.789953
0.789953
0.789953
0.789953
0.789953
0.789953
0.789953
0.789953
0.789953
0.789953
0.789953
0.789953
0.789953
0.789953
0.789953
0.789953
0.789953
0.789953
0.789953
0.789953
0.789953
0.789953
0.789953
0.789953
0.789953
0.789953
0.789953
0.789953
0.789953
0.789953
0.789953
