3379 1 3
0.798816
0.798816
0.798816
0.798816
0.798816
0.798816
0.798816
0.798816
0.798816
0.798816
0.798816
0.798816
0.798816
0.798816
0.798816
0.798816
0.798816
0.798816
0.798816
0.798816
0.798816
0.798816
0.798816
0.798816
0.798816
0.798816
0.798816
0.798233
0.798816
0.798816
0.798816
0.798816
0.798816
0.798816
0.798816
0.798816
0.798816
0.798816
0.798816
0.798816
0.798233
0.797117
0.798816
0.797117
0.798816
0.798816
0.798816
0.798816
0.798816
0.798816
0.798816
0.798816
0.798816
0.798816
0.798816
0.798816
0.798816
0.791947
0.797117
0.791947
0.797117
0.797117
0.798816
0.798816
0.798816
0.798816
0.798816
0.798816
0.798816
0.798816
0.798816
0.798816
0.798816
0.798816
0.798816
0.798816
0.798816
0.798816
0.798816
0.798816
0.798816
0.798816
0.798816
0.798816
0.798816
0.798816
0.798816
0.797117
0.797117
0.791947
0.797117
0.791947
0.788783
0.798816
0.798816
0.798816
0.798816
0.798816
0.798816
0.798816
0.798816
0.798816
0.798816
0.798816
0.798816
0.798816
0.798816
0.798816
0.798816
0.798816
0.798816
0.798816
0.798816
0.798816
0.798816
0.798816
0.798816
0.798816
0.798816
0.798816
0.798816
0.798816
0.798816
0.798816
0.798816
0.798816
0.798816
0.798816
0.798816
0.798816
0.798816
0.798816
0.798816
0.798816
0.798816
0.798816
0.798816
0.798816
0.798816
0.798816
0.798816
0.798816
0.798816
0.798816
0.798816
0.798816
0.798816
0.798816
0.797117
0.788550
0.778133
0.774721
0.788550
0.791903
0.798295
0.798816
0.795809
0.795809
0.798816
0.798816
0.798816
0.798816
0.798816
0.798816
0.798816
0.798816
0.798816
0.798816
0.798816
0.798816
0.798816
0.798816
0.798816
0.798816
0.798816
0.798816
0.798816
0.798816
0.798816
0.798816
0.798816
0.798816
0.798816
0.798816
0.798816
0.798816
0.797117
0.798816
0.797117
0.798816
0.797117
0.798816
0.797117
0.788550
0.791947
0.788550
0.788550
0.788783
0.791903
0.796483
0.798816
0.797364
0.798816
0.798816
0.798816
0.798816
0.798816
0.798816
0.798816
0.798816
0.798816
0.798816
0.798816
0.798816
0.798816
0.798816
0.798816
0.798816
0.798816
0.798816
0.798816
0.798816
0.798816
0.798816
0.798816
0.797117
0.788783
0.764178
0.795809
0.796483
0.796559
0.797364
0.798816
0.798816
0.798816
0.798816
0.798816
0.798816
0.798816
0.798816
0.798816
0.798816
0.798816
0.798816
0.798816
0.798816
0.798816
0.798816
0.798816
0.798816
0.791024
0.788550
0.788550
0.783093
0.778939
0.778939
0.783377
0.771794
0.783377
0.791903
0.771794
0.791903
0.798816
0.798816
0.798816
0.798816
0.798816
0.798816
0.798816
0.798816
0.798816
0.798816
0.798816
0.798816
0.798816
0.798816
0.798816
0.798816
0.798816
0.798816
0.798816
0.797117
0.793572
0.774187
0.788783
0.758968
0.715126
0.761812
0.783377
0.749164
0.783377
0.783377
0.772733
0.784009
0.796559
0.798577
0.798816
0.798816
0.798816
0.798816
0.798816
0.798816
0.798816
0.798816
0.798816
0.798816
0.798816
0.798816
0.798816
0.798816
0.798816
0.798816
0.798816
0.798816
0.798816
0.798816
0.798816
0.798816
0.798816
0.798816
0.798816
0.798816
0.797704
0.797117
0.797117
0.774187
0.791024
0.766654
0.733669
0.766654
0.715126
0.733669
0.694388
0.739220
0.755783
0.749164
0.749164
0.755783
0.759506
0.783093
0.798816
0.798816
0.798816
0.798816
0.798816
0.798816
0.798816
0.798816
0.798816
0.798816
0.798816
0.798816
0.798816
0.798816
0.798816
0.798816
0.798816
0.798816
0.798816
0.798816
0.798816
0.798816
0.798816
0.798816
0.798816
0.798816
0.798816
0.798816
0.798816
0.798816
0.798816
0.798816
0.798816
0.798816
0.798233
0.798233
0.797117
0.797704
0.798233
0.791024
0.797117
0.791024
0.797704
0.788960
0.788960
0.785530
0.774238
0.785530
0.765240
0.788783
0.770554
0.774238
0.774238
0.770554
0.733669
0.694388
0.740128
0.766533
0.734777
0.766533
0.766533
0.766533
0.769333
0.789155
0.772733
0.798816
0.784009
0.798816
0.798816
0.798816
0.798816
0.798816
0.798816
0.798816
0.798816
0.798816
0.798816
0.798816
0.798816
0.798816
0.798816
0.798816
0.798816
0.798816
0.798816
0.798816
0.798816
0.798816
0.798816
0.798816
0.798816
0.797117
0.798233
0.798233
0.791024
0.780867
0.793572
0.791024
0.774238
0.774238
0.774238
0.774238
0.700357
0.694388
0.711621
0.739220
0.734777
0.744121
0.748786
0.769333
0.772733
0.789155
0.789155
0.793957
0.798816
0.798816
0.798816
0.798816
0.798816
0.798816
0.798816
0.798816
0.798816
0.798816
0.798816
0.798816
0.798816
0.798816
0.798816
0.798816
0.798816
0.798816
0.798816
0.798816
0.798816
0.798816
0.798816
0.798816
0.798816
0.798816
0.798816
0.798816
0.798816
0.798816
0.798816
0.798816
0.798530
0.798816
0.798816
0.798530
0.798816
0.798816
0.798233
0.798233
0.797117
0.798233
0.798233
0.791024
0.785530
0.780867
0.765240
0.765240
0.742466
0.765240
0.743803
0.743803
0.734777
0.705275
0.734777
0.705275
0.744121
0.726617
0.772733
0.789155
0.789155
0.798577
0.793957
0.798816
0.798816
0.798816
0.798816
0.798816
0.798816
0.798816
0.798816
0.798816
0.798816
0.798816
0.798816
0.798816
0.798816
0.798816
0.798816
0.798816
0.798816
0.798816
0.798816
0.798816
0.798816
0.798816
0.798530
0.798816
0.798816
0.798816
0.798816
0.797704
0.798233
0.794815
0.785457
0.785457
0.791024
0.796529
0.774238
0.720289
0.744402
0.744402
0.705108
0.743803
0.715316
0.703527
0.694388
0.660988
0.671957
0.671957
0.694388
0.671290
0.739220
0.681271
0.744121
0.750450
0.769333
0.772530
0.769333
0.798816
0.798816
0.798816
0.798816
0.798816
0.798816
0.798816
0.798816
0.798816
0.798816
0.798816
0.798816
0.798816
0.798816
0.798816
0.798816
0.798816
0.798816
0.798816
0.798816
0.798816
0.798816
0.798816
0.798816
0.798233
0.798816
0.798233
0.798233
0.798233
0.793572
0.791024
0.770097
0.739365
0.742466
0.746509
0.748773
0.748773
0.733669
0.711621
0.711621
0.722897
0.702991
0.705275
0.749193
0.734777
0.772733
0.769333
0.780731
0.798816
0.798816
0.798816
0.798816
0.798816
0.798816
0.798816
0.798816
0.798816
0.798816
0.798816
0.798816
0.798816
0.798816
0.798816
0.798816
0.798816
0.798816
0.798816
0.798816
0.798816
0.798530
0.798530
0.797704
0.797117
0.761132
0.767862
0.739365
0.739365
0.693157
0.748773
0.717177
0.677804
0.677804
0.772530
0.793648
0.793648
0.798816
0.798816
0.798816
0.798816
0.798816
0.798816
0.798816
0.798816
0.798816
0.798816
0.798816
0.798816
0.798816
0.798816
0.798816
0.798816
0.798816
0.798816
0.798816
0.798816
0.798816
0.798816
0.798816
0.798816
0.798530
0.798816
0.798816
0.798816
0.798816
0.798816
0.798816
0.798816
0.797704
0.794063
0.739365
0.739365
0.740285
0.715394
0.748773
0.716695
0.715316
0.703527
0.660988
0.660988
0.671957
0.671957
0.680517
0.695428
0.711756
0.692630
0.702991
0.732967
0.744121
0.750450
0.732967
0.755553
0.798577
0.798816
0.798816
0.798816
0.798577
0.798816
0.798816
0.798816
0.798816
0.798816
0.798816
0.798816
0.798816
0.798816
0.798816
0.798816
0.798816
0.798816
0.798816
0.798816
0.798816
0.798816
0.798816
0.798816
0.798816
0.798816
0.798816
0.798816
0.798816
0.798816
0.798816
0.798816
0.798816
0.798816
0.798816
0.798816
0.798816
0.798816
0.798816
0.797704
0.798816
0.779898
0.778079
0.778079
0.767862
0.716695
0.717177
0.680139
0.680517
0.690471
0.750450
0.750450
0.755553
0.755553
0.772530
0.780731
0.793648
0.798816
0.793648
0.798816
0.798816
0.798816
0.798816
0.798816
0.798816
0.798816
0.798816
0.798816
0.798816
0.798816
0.798816
0.798816
0.798816
0.798816
0.798816
0.798816
0.798816
0.798816
0.798816
0.798816
0.798816
0.798816
0.798816
0.798816
0.798816
0.798530
0.798530
0.797704
0.798816
0.798816
0.797117
0.784030
0.797117
0.778079
0.782855
0.778079
0.710243
0.716695
0.691970
0.653842
0.653842
0.695428
0.695428
0.722897
0.772530
0.772530
0.775687
0.793648
0.792468
0.798577
0.798816
0.798816
0.798816
0.798816
0.798816
0.798816
0.796722
0.798816
0.798816
0.798816
0.798816
0.798816
0.798816
0.798816
0.798816
0.798816
0.798816
0.798816
0.798816
0.798816
0.798816
0.798816
0.798816
0.798816
0.798530
0.798816
0.798816
0.798816
0.794063
0.798816
0.798530
0.798530
0.797560
0.798816
0.798233
0.767862
0.773052
0.724671
0.726057
0.660988
0.691970
0.677804
0.644592
0.671957
0.645478
0.653842
0.695428
0.701872
0.680517
0.727231
0.668636
0.702991
0.727231
0.722897
0.728496
0.727231
0.750450
0.729478
0.750450
0.732967
0.760146
0.777209
0.774027
0.777209
0.775687
0.793648
0.777209
0.793648
0.787917
0.792468
0.798577
0.798816
0.798295
0.798816
0.798816
0.798816
0.798816
0.798816
0.798816
0.798816
0.798816
0.798816
0.798816
0.798816
0.798816
0.798816
0.798816
0.798816
0.798816
0.798816
0.798816
0.797560
0.798530
0.797560
0.798233
0.797560
0.784030
0.748912
0.678202
0.634002
0.644592
0.649915
0.645478
0.728496
0.703918
0.708981
0.737284
0.755448
0.752393
0.777209
0.792468
0.775486
0.793648
0.793648
0.793648
0.792468
0.793648
0.798816
0.798816
0.798816
0.798816
0.798816
0.798816
0.798816
0.798816
0.798816
0.798816
0.798816
0.798816
0.798816
0.798816
0.798816
0.798816
0.798816
0.798816
0.798816
0.798816
0.798816
0.798816
0.798816
0.798816
0.798816
0.798530
0.798816
0.797560
0.784030
0.775585
0.766558
0.739915
0.745486
0.745486
0.721302
0.724671
0.721302
0.721302
0.724671
0.665546
0.694936
0.691970
0.644592
0.644592
0.644592
0.653842
0.651785
0.671080
0.695428
0.662538
0.675211
0.676605
0.708981
0.708981
0.737284
0.737284
0.755448
0.775486
0.775486
0.777209
0.793648
0.784240
0.798456
0.788481
0.798816
0.798816
0.798816
0.798816
0.798816
0.798816
0.798816
0.798816
0.798816
0.798816
0.798816
0.798816
0.798816
0.798816
0.798816
0.798816
0.798530
0.797560
0.798233
0.798816
0.775585
0.782855
0.782855
0.782855
0.766558
0.739915
0.766558
0.766558
0.745486
0.750138
0.750138
0.724671
0.724671
0.721302
0.710243
0.693458
0.724230
0.665546
0.697533
0.695199
0.695199
0.662596
0.654926
0.656995
0.647835
0.651785
0.653842
0.671080
0.703918
0.638916
0.676605
0.676605
0.708981
0.757377
0.731837
0.757377
0.760146
0.775486
0.760146
0.788481
0.775486
0.793648
0.791406
0.798295
0.798456
0.798816
0.798816
0.798816
0.798816
0.798816
0.798816
0.798816
0.798816
0.798816
0.798816
0.798816
0.798816
0.798816
0.798530
0.797560
0.797560
0.775585
0.759745
0.747255
0.715178
0.724671
0.695199
0.691486
0.691486
0.694936
0.700689
0.665546
0.695199
0.693458
0.694936
0.662596
0.656995
0.647835
0.617580
0.617580
0.662596
0.662596
0.654926
0.625160
0.666610
0.627664
0.627664
0.627664
0.671080
0.675211
0.706558
0.679465
0.706558
0.729478
0.737284
0.757377
0.777209
0.757377
0.775486
0.793648
0.793648
0.793648
0.798816
0.798816
0.798816
0.798816
0.798816
0.798816
0.798816
0.798816
0.798816
0.798816
0.798816
0.798530
0.798816
0.798530
0.794987
0.798233
0.798518
0.747255
0.743203
0.743203
0.743203
0.756278
0.747255
0.719010
0.719010
0.719010
0.698017
0.700689
0.694936
0.691486
0.680063
0.678202
0.700689
0.654926
0.656995
0.670337
0.617580
0.644592
0.630026
0.617580
0.625160
0.616742
0.675211
0.638916
0.676605
0.708645
0.706558
0.708981
0.737284
0.760146
0.776851
0.775486
0.760146
0.793648
0.777209
0.793648
0.771291
0.798295
0.798816
0.798816
0.798816
0.798816
0.798816
0.798816
0.798816
0.798816
0.798816
0.798816
0.798816
0.798816
0.798816
0.798816
0.798816
0.798530
0.798816
0.794987
0.797560
0.794987
0.784712
0.756278
0.743203
0.720637
0.715912
0.680063
0.700689
0.700689
0.697533
0.662596
0.662596
0.668476
0.647835
0.670337
0.625160
0.632345
0.678449
0.678449
0.638916
0.644561
0.676605
0.644561
0.707351
0.676605
0.713608
0.733793
0.755219
0.763712
0.763712
0.776851
0.776851
0.777209
0.777209
0.784240
0.798816
0.797651
0.798816
0.798816
0.798816
0.798816
0.798816
0.798816
0.798816
0.798816
0.798816
0.798816
0.798816
0.798816
0.798816
0.798816
0.798816
0.798816
0.798816
0.798816
0.798816
0.798816
0.798816
0.798530
0.777566
0.798816
0.798518
0.759745
0.772325
0.798816
0.784712
0.759745
0.735372
0.756278
0.715912
0.720637
0.662596
0.664677
0.698017
0.668476
0.609254
0.625999
0.641612
0.675000
0.732202
0.742877
0.755219
0.777209
0.763712
0.787615
0.787615
0.798816
0.798816
0.798816
0.798816
0.798816
0.798816
0.798816
0.798816
0.798816
0.798816
0.798530
0.798816
0.798816
0.798816
0.789764
0.789764
0.794987
0.756278
0.733622
0.715912
0.691486
0.669232
0.680063
0.647835
0.625160
0.630026
0.622474
0.632345
0.632345
0.627664
0.610982
0.678449
0.644561
0.644561
0.708645
0.679465
0.705116
0.713608
0.742877
0.755219
0.732202
0.777209
0.773168
0.791406
0.798816
0.798816
0.798816
0.798816
0.798816
0.798816
0.798816
0.798816
0.798816
0.798816
0.798816
0.798816
0.798816
0.798816
0.798816
0.798816
0.798816
0.798816
0.798816
0.798816
0.798816
0.794987
0.798816
0.785480
0.775284
0.785480
0.785480
0.786596
0.785480
0.785480
0.669232
0.647835
0.632281
0.635933
0.594552
0.622474
0.675000
0.679648
0.610982
0.679465
0.763712
0.755068
0.755068
0.755219
0.751789
0.777209
0.755219
0.788224
0.787615
0.798816
0.798816
0.798816
0.798816
0.798816
0.798816
0.798816
0.798816
0.798816
0.798816
0.798816
0.798816
0.798816
0.798816
0.798816
0.798816
0.798816
0.798816
0.798816
0.792064
0.780928
0.798518
0.785480
0.798816
0.786596
0.756278
0.720637
0.668476
0.635419
0.635933
0.630026
0.600544
0.595538
0.583871
0.622474
0.615517
0.648977
0.708645
0.706852
0.730530
0.743618
0.742877
0.773168
0.773168
0.791406
0.798816
0.798816
0.798816
0.798816
0.798816
0.798816
0.798816
0.798816
0.798816
0.798816
0.798816
0.798816
0.798816
0.798816
0.798816
0.798816
0.798816
0.798816
0.798816
0.775284
0.786596
0.753600
0.729237
0.733622
0.730405
0.715912
0.715912
0.708905
0.688571
0.669232
0.690508
0.671532
0.625999
0.643203
0.643203
0.678449
0.679648
0.644561
0.680880
0.706852
0.684778
0.755068
0.755068
0.743618
0.755068
0.755068
0.773753
0.788224
0.788224
0.798456
0.798816
0.798816
0.798816
0.798816
0.798816
0.798816
0.798816
0.798816
0.798816
0.798816
0.798816
0.798816
0.798816
0.798816
0.796258
0.782005
0.792064
0.798816
0.786596
0.753600
0.753600
0.786596
0.786596
0.708374
0.724577
0.695904
0.691023
0.657468
0.617509
0.629796
0.617580
0.635764
0.626350
0.626350
0.615517
0.682131
0.679465
0.682518
0.705174
0.682518
0.705174
0.743618
0.755068
0.763712
0.798816
0.798816
0.798816
0.798816
0.798816
0.798816
0.798816
0.798816
0.798816
0.798816
0.798816
0.798816
0.798816
0.798816
0.796258
0.796258
0.798816
0.798816
0.798816
0.798816
0.774884
0.792064
0.775284
0.786596
0.763887
0.763887
0.729237
0.729237
0.763887
0.730405
0.666000
0.670230
0.639058
0.607089
0.594552
0.600544
0.606659
0.603860
0.587834
0.599823
0.635729
0.679648
0.648977
0.706852
0.682131
0.648977
0.730530
0.705174
0.715748
0.773753
0.798816
0.798816
0.798816
0.798816
0.798816
0.798816
0.798816
0.798816
0.798816
0.798816
0.798816
0.798816
0.798816
0.798816
0.786596
0.786596
0.764312
0.786596
0.708374
0.734018
0.691023
0.684720
0.684720
0.663131
0.657468
0.617509
0.588495
0.603860
0.606659
0.594552
0.589943
0.587834
0.676844
0.676844
0.676844
0.681046
0.682131
0.706852
0.684778
0.683625
0.730179
0.684778
0.715748
0.751789
0.751789
0.751410
0.751789
0.751410
0.798456
0.798816
0.798816
0.798816
0.798816
0.798816
0.798816
0.798816
0.798816
0.798816
0.798816
0.798816
0.798816
0.798816
0.731127
0.754895
0.678074
0.617509
0.639058
0.639456
0.600960
0.635729
0.648977
0.615517
0.680880
0.729135
0.743618
0.715748
0.744338
0.765940
0.769542
0.788812
0.798695
0.798456
0.798695
0.798816
0.798816
0.798816
0.798816
0.798816
0.798816
0.798816
0.798816
0.798816
0.798816
0.798816
0.798816
0.798816
0.798816
0.798816
0.798816
0.798816
0.798816
0.798816
0.798816
0.798816
0.798816
0.798816
0.798816
0.798816
0.798816
0.798816
0.798816
0.798816
0.786596
0.731127
0.731127
0.764678
0.731127
0.704154
0.704154
0.704154
0.695904
0.699803
0.665404
0.629796
0.639456
0.629796
0.603860
0.603860
0.603860
0.603860
0.606659
0.598179
0.626350
0.615517
0.648137
0.648977
0.643203
0.676691
0.680583
0.705174
0.715374
0.773753
0.798816
0.798816
0.798816
0.798816
0.798816
0.798816
0.798816
0.798816
0.798816
0.798816
0.798816
0.705612
0.684720
0.682693
0.673820
0.639058
0.607089
0.607089
0.637119
0.681046
0.648137
0.683625
0.705174
0.683625
0.703914
0.726902
0.726902
0.798816
0.798816
0.798816
0.798816
0.798816
0.798816
0.798816
0.798816
0.798816
0.798816
0.798816
0.798816
0.798816
0.798816
0.798816
0.798816
0.798816
0.798816
0.798816
0.798816
0.796544
0.798816
0.798816
0.798816
0.798816
0.798816
0.798816
0.798816
0.798816
0.782005
0.798816
0.798816
0.798816
0.765316
0.774884
0.798816
0.786596
0.786596
0.731127
0.734018
0.733263
0.700730
0.682693
0.673820
0.663449
0.629796
0.642620
0.645663
0.632902
0.639456
0.609666
0.614488
0.707467
0.744338
0.744338
0.798816
0.798816
0.798816
0.798816
0.798816
0.798816
0.798816
0.798816
0.798816
0.798816
0.798816
0.798816
0.788540
0.798816
0.798816
0.798816
0.798816
0.798816
0.798816
0.798816
0.798816
0.787675
0.798816
0.788540
0.798816
0.782005
0.798816
0.798816
0.782005
0.798816
0.798816
0.786596
0.764678
0.786596
0.764678
0.678074
0.705367
0.673820
0.645663
0.639456
0.604083
0.606659
0.589943
0.637119
0.589943
0.637119
0.614488
0.614488
0.676691
0.709226
0.681046
0.683625
0.681046
0.703914
0.734361
0.734361
0.734361
0.715374
0.715374
0.768560
0.798816
0.798816
0.798816
0.798816
0.798816
0.798816
0.798816
0.798816
0.798816
0.798816
0.798816
0.798816
0.798816
0.798816
0.798816
0.798816
0.798816
0.798816
0.798816
0.798816
0.796544
0.798816
0.798816
0.798816
0.798816
0.798816
0.764163
0.798816
0.798816
0.798816
0.798816
0.798816
0.786596
0.764423
0.734018
0.705612
0.676763
0.659171
0.663449
0.663449
0.663449
0.641109
0.609148
0.625090
0.589943
0.612683
0.642503
0.671629
0.648707
0.682129
0.676691
0.707467
0.683625
0.683625
0.709226
0.705343
0.703914
0.731404
0.728051
0.730179
0.751410
0.751410
0.768770
0.788402
0.788812
0.798816
0.798816
0.798816
0.798816
0.798816
0.798816
0.798816
0.798816
0.798816
0.798816
0.798816
0.798816
0.798816
0.796544
0.798816
0.798816
0.798816
0.798816
0.798816
0.798816
0.798816
0.798816
0.798816
0.798816
0.764163
0.753316
0.738684
0.729013
0.733263
0.764423
0.705367
0.675740
0.663449
0.663449
0.641109
0.640612
0.645663
0.645663
0.631787
0.648137
0.709226
0.705343
0.705343
0.703344
0.709226
0.701050
0.749945
0.798816
0.798816
0.798816
0.798816
0.798816
0.798816
0.798816
0.798816
0.798816
0.798816
0.798816
0.798816
0.798816
0.798816
0.798816
0.798816
0.798816
0.798816
0.798816
0.798816
0.798816
0.798816
0.798816
0.798816
0.787675
0.798816
0.798816
0.798816
0.798816
0.798816
0.764163
0.764163
0.786596
0.786596
0.786596
0.764423
0.763891
0.733263
0.733263
0.675740
0.640612
0.640612
0.609148
0.646181
0.644328
0.609666
0.625090
0.589943
0.671629
0.734361
0.701050
0.701050
0.706629
0.734518
0.743808
0.743808
0.723597
0.772778
0.743808
0.798071
0.798816
0.798816
0.798816
0.798816
0.798816
0.798816
0.798816
0.798816
0.798816
0.798816
0.798816
0.798816
0.796544
0.798816
0.798816
0.798816
0.798816
0.798816
0.798816
0.785902
0.798816
0.798816
0.798816
0.798816
0.768531
0.768531
0.798816
0.762762
0.764163
0.798816
0.798816
0.786596
0.725965
0.729013
0.697098
0.682693
0.706196
0.704655
0.675740
0.644204
0.644204
0.625090
0.625090
0.648707
0.671629
0.706629
0.682129
0.705343
0.703344
0.679029
0.731404
0.731404
0.731404
0.712252
0.749945
0.768986
0.798816
0.798816
0.798816
0.798816
0.798816
0.798816
0.798816
0.798816
0.798816
0.798816
0.798816
0.798816
0.798816
0.798816
0.798816
0.798816
0.798816
0.798816
0.798816
0.768160
0.798816
0.798816
0.730464
0.700730
0.658899
0.663449
0.675740
0.641109
0.667264
0.640612
0.609666
0.706629
0.750346
0.728051
0.740078
0.772778
0.789174
0.798071
0.797009
0.798816
0.798816
0.798816
0.798816
0.798816
0.798816
0.798816
0.798816
0.798816
0.796241
0.798816
0.798816
0.798816
0.798816
0.798816
0.798816
0.798816
0.798816
0.798816
0.798816
0.768160
0.798816
0.762762
0.737308
0.753316
0.748612
0.763891
0.702640
0.730464
0.700789
0.685802
0.670593
0.664745
0.664745
0.670593
0.644464
0.644464
0.625090
0.631787
0.671629
0.682129
0.700072
0.703344
0.728051
0.729475
0.731404
0.788402
0.798816
0.798816
0.798816
0.798816
0.798816
0.798816
0.798816
0.798816
0.798816
0.798816
0.798816
0.798816
0.798816
0.798816
0.788571
0.798816
0.798816
0.798816
0.798816
0.796241
0.798816
0.798816
0.798816
0.768160
0.798816
0.798816
0.784262
0.748612
0.725965
0.761256
0.761256
0.680620
0.680620
0.672504
0.668352
0.644204
0.644204
0.621543
0.648707
0.657287
0.706629
0.700072
0.706629
0.710398
0.798816
0.798816
0.798816
0.798816
0.798816
0.798816
0.798816
0.798816
0.798816
0.798816
0.798816
0.798816
0.798816
0.798816
0.798816
0.798816
0.798816
0.798816
0.798816
0.798816
0.798816
0.798816
0.784262
0.784262
0.737308
0.737308
0.700789
0.685802
0.658899
0.668352
0.668352
0.645663
0.644464
0.631787
0.669476
0.669476
0.701902
0.729475
0.729475
0.744632
0.750346
0.743808
0.749945
0.768986
0.798816
0.798816
0.798816
0.798816
0.798816
0.798816
0.798816
0.798816
0.798816
0.798816
0.794763
0.796241
0.785902
0.782366
0.798816
0.798816
0.798816
0.798816
0.798816
0.798816
0.798816
0.785902
0.798816
0.798816
0.780182
0.798816
0.759353
0.784262
0.782700
0.731176
0.761256
0.728800
0.700789
0.671339
0.698960
0.671339
0.671339
0.644204
0.621543
0.657287
0.679029
0.679029
0.700072
0.701902
0.710398
0.727652
0.723682
0.789174
0.798816
0.798816
0.798816
0.798816
0.798816
0.798816
0.798816
0.798816
0.798816
0.798816
0.798816
0.798816
0.798816
0.794763
0.798816
0.798816
0.798816
0.798816
0.798816
0.762762
0.757922
0.744555
0.744555
0.725965
0.706196
0.759353
0.702959
0.685802
0.680007
0.686841
0.664745
0.663774
0.663774
0.664123
0.669476
0.688216
0.696401
0.696401
0.679029
0.727652
0.723682
0.744632
0.797009
0.797009
0.798816
0.798816
0.798816
0.798816
0.798816
0.798816
0.798816
0.798816
0.798816
0.798816
0.798816
0.798816
0.798816
0.798816
0.798816
0.798816
0.798816
0.798816
0.798816
0.798816
0.757922
0.782700
0.731176
0.731176
0.753206
0.693052
0.695017
0.728800
0.709847
0.658899
0.686841
0.657287
0.657287
0.664123
0.664123
0.700072
0.696401
0.727652
0.727652
0.736139
0.745063
0.745063
0.766608
0.798816
0.798816
0.798816
0.798816
0.798816
0.798816
0.798816
0.798816
0.798816
0.782366
0.798816
0.782366
0.777328
0.777328
0.777328
0.757922
0.777250
0.777250
0.777250
0.782700
0.754117
0.754117
0.744555
0.721302
0.731176
0.693052
0.686841
0.657287
0.692187
0.688868
0.692973
0.692973
0.682389
0.729475
0.710398
0.710398
0.740078
0.748165
0.722948
0.742342
0.798071
0.798071
0.798816
0.795559
0.798816
0.798695
0.798816
0.798695
0.798695
0.798816
0.798816
0.798816
0.798816
0.798816
0.798816
0.794763
0.798816
0.798816
0.798816
0.798816
0.798816
0.798816
0.798816
0.798816
0.798816
0.798816
0.782366
0.798816
0.798816
0.798816
0.795131
0.777328
0.782207
0.795131
0.795131
0.782207
0.777250
0.777250
0.777250
0.754117
0.754117
0.754117
0.774498
0.702959
0.715586
0.682389
0.688216
0.682389
0.688868
0.688868
0.719232
0.692973
0.719232
0.719232
0.725099
0.712699
0.766608
0.766608
0.787205
0.787205
0.798816
0.798816
0.798816
0.798816
0.798816
0.798816
0.798816
0.798816
0.798816
0.798816
0.798816
0.798816
0.791462
0.782366
0.798816
0.773611
0.770493
0.782207
0.795131
0.792922
0.777250
0.777250
0.770493
0.780787
0.754117
0.754117
0.753206
0.715586
0.715586
0.682389
0.692822
0.692822
0.721489
0.692973
0.712699
0.725099
0.722879
0.719232
0.725099
0.712699
0.748165
0.745063
0.762090
0.798071
0.798071
0.798071
0.798816
0.798816
0.798816
0.798816
0.798816
0.798816
0.798816
0.798816
0.798816
0.798816
0.798816
0.798816
0.798816
0.798816
0.798816
0.798816
0.795131
0.798816
0.797137
0.778121
0.789553
0.784203
0.770493
0.764040
0.782207
0.768272
0.734938
0.747709
0.734938
0.743956
0.704760
0.704760
0.709847
0.715586
0.709847
0.682389
0.719232
0.719232
0.722879
0.721489
0.692822
0.714439
0.712699
0.721489
0.769936
0.787002
0.787205
0.798071
0.798816
0.798816
0.798816
0.798437
0.798816
0.798437
0.798816
0.798816
0.798816
0.798816
0.798816
0.798816
0.798816
0.798816
0.798816
0.791773
0.798816
0.780384
0.798816
0.789684
0.797888
0.789684
0.784203
0.782207
0.789684
0.792922
0.778121
0.778121
0.759028
0.778177
0.768272
0.759028
0.734938
0.704760
0.650907
0.688868
0.712699
0.705279
0.714439
0.722948
0.734815
0.727090
0.768601
0.769936
0.764916
0.781867
0.787205
0.795559
0.793088
0.798816
0.798437
0.798816
0.798816
0.798816
0.798816
0.798816
0.798816
0.798816
0.798816
0.798816
0.798816
0.798816
0.794763
0.798816
0.798816
0.798816
0.798816
0.798816
0.798816
0.787717
0.798816
0.798816
0.798816
0.798816
0.798816
0.789684
0.778121
0.784203
0.778121
0.768272
0.743956
0.759028
0.734938
0.688868
0.714777
0.714439
0.737771
0.796616
0.793088
0.796616
0.793088
0.798437
0.798816
0.798816
0.798816
0.798816
0.798816
0.798816
0.798816
0.798816
0.798816
0.798816
0.798816
0.798816
0.798816
0.798816
0.798816
0.798816
0.791462
0.798816
0.798816
0.798816
0.798816
0.798816
0.798816
0.787717
0.798816
0.797888
0.784203
0.788575
0.774594
0.788575
0.778121
0.784203
0.778121
0.643126
0.643126
0.688868
0.680280
0.682389
0.714777
0.685939
0.688868
0.721489
0.743803
0.742470
0.757776
0.787002
0.787002
0.796616
0.793088
0.796616
0.798816
0.798816
0.798816
0.798816
0.798816
0.798816
0.798816
0.798816
0.798816
0.798191
0.798816
0.798816
0.798816
0.798816
0.798816
0.798816
0.798816
0.764040
0.774594
0.643126
0.614329
0.648858
0.643126
0.643126
0.665518
0.665518
0.685939
0.705279
0.695349
0.743803
0.743803
0.727090
0.743803
0.768601
0.793088
0.793088
0.798816
0.798816
0.798816
0.798816
0.798816
0.798816
0.798816
0.798816
0.798816
0.798816
0.798191
0.798816
0.798816
0.798816
0.798816
0.787717
0.788575
0.798816
0.798816
0.797888
0.793216
0.603987
0.643126
0.648858
0.685939
0.714777
0.714777
0.714439
0.714439
0.734815
0.763369
0.786345
0.793088
0.798816
0.798816
0.798816
0.798816
0.798816
0.798816
0.798816
0.798816
0.798816
0.798816
0.798816
0.796446
0.798816
0.780384
0.788575
0.793968
0.793216
0.788575
0.788575
0.648858
0.643126
0.675820
0.685939
0.680280
0.754948
0.763065
0.754948
0.787643
0.787002
0.781112
0.781867
0.781112
0.795417
0.798437
0.798437
0.798816
0.798816
0.798816
0.798816
0.798816
0.798816
0.798816
0.798816
0.798816
0.798816
0.798191
0.798816
0.798816
0.798816
0.796446
0.798816
0.781943
0.793968
0.798816
0.798816
0.788575
0.782577
0.797888
0.797888
0.603987
0.614329
0.643126
0.648858
0.665518
0.665518
0.673112
0.685238
0.735865
0.724606
0.763369
0.768601
0.761071
0.781112
0.782855
0.781112
0.781112
0.793088
0.798816
0.798816
0.798816
0.798816
0.798816
0.798816
0.798816
0.798816
0.798816
0.798816
0.798816
0.797137
0.793216
0.798816
0.797888
0.798816
0.638821
0.628612
0.628612
0.638821
0.693162
0.734815
0.705591
0.763369
0.786345
0.798816
0.798816
0.798816
0.798816
0.798816
0.798816
0.798816
0.798816
0.798816
0.798816
0.798816
0.793216
0.798816
0.798816
0.798816
0.670201
0.638821
0.662819
0.652312
0.693162
0.724606
0.735865
0.785313
0.785313
0.782855
0.775725
0.796700
0.796700
0.795417
0.798816
0.798437
0.798816
0.798816
0.798816
0.798816
0.798816
0.798816
0.798816
0.798816
0.798816
0.798816
0.798816
0.798816
0.798816
0.798816
0.798816
0.793216
0.798816
0.797888
0.798816
0.638821
0.670201
0.701141
0.693162
0.701141
0.701141
0.693162
0.662819
0.701141
0.735362
0.724606
0.724606
0.735362
0.735362
0.730818
0.760244
0.760244
0.730818
0.735865
0.763182
0.735865
0.760244
0.781243
0.763369
0.787806
0.781112
0.767127
0.796700
0.796700
0.798437
0.798816
0.798816
0.798816
0.798816
0.798816
0.798816
0.798816
0.798816
0.798816
0.798816
0.798816
0.798816
0.798816
0.798816
0.797888
0.798816
0.798816
0.798816
0.798816
0.797888
0.628612
0.662819
0.735362
0.761975
0.763182
0.735362
0.785471
0.760244
0.781243
0.787806
0.779832
0.785313
0.778437
0.778437
0.782855
0.785471
0.780030
0.795905
0.798816
0.798816
0.798816
0.798816
0.798816
0.798816
0.798816
0.798816
0.798816
0.798816
0.798816
0.798816
0.798816
0.798816
0.798816
0.798816
0.798191
0.798191
0.798816
0.798816
0.798816
0.793968
0.798816
0.798816
0.670201
0.662819
0.781121
0.748469
0.752116
0.781243
0.778295
0.795905
0.780030
0.798816
0.795905
0.798816
0.795905
0.798816
0.798816
0.789050
0.798816
0.798816
0.798816
0.798816
0.798816
0.798816
0.798816
0.798816
0.798816
0.798816
0.798816
0.798816
0.798816
0.798816
0.798816
0.798816
0.798816
0.797888
0.798816
0.798816
0.781112
0.771715
0.767127
0.767127
0.779832
0.781243
0.781121
0.781243
0.797460
0.795417
0.780030
0.796579
0.798816
0.798816
0.789050
0.798816
0.798816
0.798816
0.798437
0.789050
0.798816
0.798816
0.798816
0.798816
0.798816
0.798816
0.798816
0.798816
0.798816
0.798816
0.798816
0.798816
0.798816
0.798816
0.798816
0.798816
0.798816
0.798816
0.798816
0.798816
0.798816
0.798816
0.798816
0.798816
0.771715
0.779832
0.779832
0.767127
0.796579
0.797460
0.796579
0.796579
0.798816
0.798816
0.798816
0.798816
0.798816
0.798816
0.798816
0.798816
0.798816
0.798816
0.798816
0.798816
0.798816
0.798816
0.798816
0.798816
0.798816
0.798816
0.798816
0.798816
0.798816
0.798816
0.798816
0.798816
0.798816
0.798816
0.798816
0.798816
0.797888
0.764639
0.764639
0.780030
0.768210
0.798816
0.798816
0.798816
0.798437
0.798816
0.798816
0.798816
0.798816
0.798816
0.798816
0.798816
0.798816
0.798816
0.798816
0.798816
0.798816
0.798816
0.798816
0.798816
0.798816
0.798816
0.798816
0.798816
0.798816
0.798816
0.798816
0.760643
0.760643
0.775243
0.797460
0.798816
0.798816
0.798816
0.798437
0.798816
0.798816
0.798816
0.798816
0.798816
0.798816
0.798816
0.798816
0.798816
0.791172
0.779832
0.765747
0.768210
0.775243
0.797460
0.788831
0.780138
0.798816
0.798816
0.795417
0.795417
0.798816
0.798816
0.798816
0.798816
0.798816
0.798816
0.798816
0.798816
0.798816
0.798816
0.798816
0.798816
0.798816
0.798437
0.798816
0.798816
0.798816
0.798816
0.798816
0.798816
0.752148
0.765747
0.788831
0.791172
0.780598
0.798816
0.798816
0.795417
0.798816
0.798816
0.798816
0.798816
0.798816
0.798816
0.760643
0.764639
0.776239
0.760643
0.790652
0.798816
0.794589
0.788831
0.795417
0.798816
0.795417
0.798816
0.798816
0.798816
0.798816
0.798816
0.798816
0.798816
0.798816
0.798816
0.798816
0.798816
0.764639
0.776239
0.746691
0.798816
0.784947
0.798816
0.798816
0.798816
0.798816
0.798816
0.798816
0.798816
0.798816
0.774322
0.774322
0.764138
0.776239
0.797460
0.782841
0.768874
0.764138
0.774267
0.774267
0.798816
0.798437
0.798816
0.798816
0.798816
0.798816
0.798816
0.798816
0.798816
0.798816
0.798816
0.776239
0.776239
0.782841
0.797460
0.797460
0.794589
0.782841
0.798816
0.798816
0.798816
0.798816
0.798437
0.798816
0.798816
0.798816
0.798816
0.798816
0.768874
0.791490
0.797202
0.791490
0.798816
0.798816
0.782841
0.798816
0.798816
0.798816
0.794589
0.798816
0.798816
0.798816
0.798816
0.798816
0.798816
0.798816
0.798816
0.798816
0.798816
0.798816
0.798816
0.798816
0.798816
0.798816
0.798816
0.798816
0.798816
0.774322
0.795624
0.774322
0.797202
0.797202
0.795624
0.798816
0.798816
0.798816
0.798816
0.798816
0.798816
0.798816
0.798816
0.798816
0.798816
0.798816
0.798816
0.798816
0.798816
0.798816
0.798816
0.798530
0.798530
0.798530
