3379 1 3
1.087567
1.038409
1.038409
1.087567
1.076000
1.087567
1.076000
1.015559
1.015559
1.002570
1.002570
1.076000
1.046168
0.992740
0.992740
1.046168
1.038409
1.087567
1.038409
1.153320
1.238839
1.015559
1.253700
1.072099
1.068069
0.992740
1.064686
0.970819
1.031893
1.124614
1.165767
1.074772
1.253700
1.238839
1.207810
1.207810
1.106758
1.207810
1.072099
1.027110
1.007798
0.990602
1.027110
1.015556
1.165767
1.126184
1.200823
1.098622
0.956678
1.074772
1.042830
1.207810
1.002570
1.075724
1.087197
1.106992
1.075724
0.973661
0.990602
0.949890
0.990602
1.015556
1.092261
1.092261
1.092261
1.092261
1.208852
1.124614
1.208852
1.238839
1.282195
1.260412
1.260412
1.282843
1.273923
1.282843
1.269726
1.270249
1.042830
1.226986
1.228155
1.226986
1.143367
1.166417
1.166417
1.166417
1.027110
1.040276
0.990602
0.973661
1.040276
0.949890
0.937256
1.050576
1.126184
1.053235
1.208852
1.260412
1.230580
1.273616
1.239877
1.098622
1.282195
1.282195
1.270249
1.269726
1.253700
1.266818
1.253700
1.253700
1.228155
1.226986
1.226986
1.228155
1.012902
1.114419
1.087732
1.032797
1.050576
1.087732
1.050576
1.050576
1.126184
1.287604
1.266905
1.230580
1.147166
1.230580
1.203129
1.080633
1.080633
1.080633
1.080633
1.269726
1.282195
1.348434
1.348434
1.074772
1.253700
1.341185
1.373097
1.270249
1.372155
1.220758
1.253150
1.042830
1.167753
1.167753
1.040276
0.990720
0.930549
0.894586
0.964748
1.016034
1.001217
1.032797
1.053133
1.053133
1.071731
1.287604
1.212246
1.212246
1.177155
1.266905
1.212246
1.126184
1.335792
1.239877
1.208852
1.352296
1.147361
1.362632
1.324220
1.352296
1.378180
1.175162
1.348434
1.348434
1.270249
1.341185
1.313565
1.253150
1.097237
1.012902
1.106628
1.106992
1.065802
1.043704
0.990602
0.999415
0.949726
1.085119
1.041466
0.990720
0.999980
0.990720
0.964748
0.937256
1.016034
1.084250
1.144905
1.103003
1.183723
1.212246
1.183723
1.266905
1.224221
1.075566
1.287604
1.295233
1.295233
1.280092
1.280092
1.203129
1.362632
1.348434
1.098622
1.384655
1.197291
1.313565
1.253150
1.253150
1.106992
1.043704
1.176065
0.984321
0.937256
0.918241
1.053133
1.084250
1.132560
1.103003
1.224221
1.224221
1.075566
1.075566
1.280092
1.121241
1.121241
1.319261
1.241571
1.352296
1.147361
1.352296
1.324220
1.362632
1.197291
1.197291
1.197291
1.357502
1.044695
0.990720
0.990720
1.021562
0.996302
0.996302
1.042415
0.968935
1.042415
1.016034
0.968935
1.016034
1.224221
1.295233
1.335792
1.295233
1.280092
1.121241
1.280092
1.280092
1.319261
1.175162
1.163575
1.163575
1.097237
1.314843
1.313565
1.043704
0.999415
0.999415
1.106628
0.949726
0.940500
0.923621
0.937256
0.892311
0.862094
0.969765
1.042415
0.892288
1.042415
1.042415
0.975244
0.982296
1.132560
1.206496
1.265928
1.024275
1.312066
1.075566
1.135728
1.312066
1.319261
1.280092
1.350138
1.335792
1.121241
1.352296
1.390735
1.385379
1.355214
1.097237
1.251230
1.314843
1.253150
1.249799
1.168910
1.043704
1.176065
0.999415
1.174186
1.174186
1.110929
1.058932
1.120787
0.923621
1.044695
0.936089
0.868356
0.936089
0.862094
0.868356
0.845747
0.905094
0.958041
0.892288
0.892288
0.923356
0.946238
1.021562
1.024275
1.024275
1.271380
1.121241
1.182671
1.335792
1.350613
1.260154
1.175162
1.373097
1.396243
1.380535
1.260154
1.296288
1.389867
1.375189
1.296288
1.356402
1.298766
1.314843
1.097237
1.181560
1.181560
1.103214
1.249799
1.242440
1.232671
1.168910
1.174186
1.242440
1.043280
1.106628
1.043280
1.162418
1.100481
1.100481
1.120787
1.110929
0.995631
1.044695
1.120787
1.044695
1.110929
1.052761
1.052761
1.063264
0.990039
1.063264
1.004722
0.937256
1.001901
0.990039
0.990039
1.001901
0.868356
0.845747
0.894896
1.009490
0.871549
1.009490
1.009490
1.009490
1.025358
1.122335
0.975244
1.271380
0.982296
1.312066
1.308113
1.079973
1.135728
1.312066
1.308113
1.350138
1.390735
1.385379
1.385379
1.385379
1.366920
1.380535
1.260154
1.103214
1.302702
1.232671
1.249799
1.242440
1.043280
1.249799
1.249799
1.168910
1.168910
1.120787
1.100481
1.100481
1.044695
1.064019
0.940500
1.044695
0.990039
0.990039
0.990039
0.990039
0.866107
0.845747
0.812052
0.905094
0.871549
0.926794
0.916386
1.025358
0.975244
1.122335
1.122335
1.024574
1.079973
1.271380
1.271380
1.271380
1.271380
1.308113
1.298312
1.298312
1.339805
1.350138
1.350138
1.354036
1.350138
1.390825
1.354036
1.350138
1.339805
1.350138
1.385379
1.296288
1.296288
1.375189
1.356402
1.356402
1.277444
1.181560
1.356402
1.314843
1.354222
1.242440
1.103214
1.249799
1.169049
1.162418
1.162418
1.169049
1.209460
1.094335
1.100481
1.100481
1.120787
0.995631
0.995631
1.044695
1.063264
1.064019
1.004722
1.004722
0.945192
1.004722
0.918298
0.918298
0.871549
0.772061
0.871549
0.772061
0.926794
0.820105
0.975244
1.122335
1.122335
1.206496
1.024574
1.265685
1.308113
1.265685
1.265685
1.271380
1.323842
1.312066
1.362724
1.182671
1.385379
1.385379
1.385379
1.390825
1.260154
1.391631
1.277444
1.342562
1.314843
1.302702
1.302702
1.319654
1.170202
1.298753
1.169049
1.216697
1.162418
1.162418
1.162418
1.146488
1.100481
1.120705
1.096485
1.096485
1.044695
1.083988
0.990039
0.837092
0.936818
0.936818
0.883216
0.918298
0.893034
0.845592
0.845747
0.778790
0.814736
0.814736
0.845747
0.685844
0.905094
0.723232
0.926794
0.992094
1.025358
1.072172
1.025358
1.280503
1.271380
1.269055
1.187589
1.400337
1.339805
1.366920
1.225503
1.380535
1.225503
1.342609
1.362887
1.374402
1.356402
1.302702
1.314843
1.354222
1.298753
1.326296
1.242440
1.232671
1.298753
1.263368
1.215252
1.100481
1.034330
1.100481
1.100481
1.100481
0.940500
1.044695
0.886051
0.856064
0.945192
0.978086
0.976135
0.976135
0.868356
0.812052
0.812052
0.887433
0.781680
0.772061
0.978463
0.871549
0.975244
1.025358
1.009041
1.265685
1.271380
1.280503
1.317260
1.323842
1.362724
1.225503
1.296641
1.225503
1.378870
1.342609
1.356784
1.272892
1.354222
1.339706
1.354222
1.281128
1.299529
1.299529
1.299529
1.215252
1.196605
1.196605
1.146488
0.967608
1.009861
1.038010
0.856064
0.856064
0.802704
0.976135
0.912422
0.835577
0.835577
1.072172
1.152078
1.171524
1.232357
1.079973
1.323842
1.323842
1.269055
1.323842
1.400337
1.364585
1.296641
1.400606
1.342609
1.369460
1.342609
1.362887
1.391631
1.391631
1.375189
1.362887
1.342562
1.374402
1.319654
1.319654
1.272892
1.298753
1.196605
1.094335
1.094335
1.094335
1.034330
1.209460
1.209460
1.209460
1.146488
1.139748
0.856064
0.856064
0.980003
0.926121
0.976135
0.923255
0.893034
0.845592
0.778790
0.778790
0.814736
0.814736
0.730916
0.789586
0.830553
0.723185
0.781680
0.888093
0.926794
0.992094
0.888093
0.950310
1.231843
1.230228
1.232357
1.230228
1.231843
1.277942
1.230228
1.280503
1.277942
1.317260
1.127046
1.079973
1.323842
1.323842
1.362724
1.355049
1.238969
1.362724
1.400337
1.364585
1.378870
1.356784
1.391631
1.374402
1.374402
1.374402
1.356784
1.389179
1.389179
1.354222
1.291467
1.354222
1.354222
1.354222
1.272892
1.170202
1.234802
1.215252
1.215252
1.146488
1.209460
1.087395
0.920228
0.920228
1.038010
0.923255
0.912422
0.849101
0.730916
0.768621
0.992094
0.992094
0.950310
0.950310
1.072172
1.009041
1.171524
1.230228
1.192557
1.280503
1.280503
1.269055
1.269055
1.277942
1.317260
1.341490
1.296641
1.364585
1.296641
1.381509
1.398117
1.362887
1.369460
1.369992
1.362887
1.362887
1.342562
1.356784
1.389179
1.356784
1.356784
1.299529
1.170202
1.239466
1.299529
1.196605
1.196605
1.146488
1.209460
1.209460
0.967608
1.112086
0.967608
0.920228
0.940524
0.920228
0.820671
0.923255
0.854176
0.693739
0.693739
0.789586
0.789586
0.887433
1.072172
1.072172
1.112099
1.171524
1.186826
1.231843
1.242578
1.237137
1.232357
1.277942
1.230228
1.127046
1.067445
1.187589
1.187589
1.238969
1.341490
1.238969
1.296641
1.381997
1.369460
1.374402
1.388799
1.388799
1.369992
1.374402
1.346080
1.391049
1.342562
1.267385
1.205762
1.234085
1.150735
1.234085
1.139748
1.094335
1.181936
1.181936
1.167320
1.073063
1.003205
1.038010
1.066835
0.941633
0.931243
0.778790
0.854176
0.835577
0.768015
0.814736
0.661777
0.693739
0.789586
0.809370
0.730916
0.902873
0.690478
0.781680
0.902873
0.887433
0.948444
0.902873
0.992094
0.949045
0.992094
0.888093
0.977787
1.125933
1.093643
1.125933
1.112099
1.152078
1.125891
1.190454
1.172375
1.186826
1.231843
1.280242
1.104339
1.269055
1.275029
1.296694
1.349500
1.357578
1.398117
1.394237
1.394237
1.394237
1.411667
1.391631
1.381997
1.346080
1.399240
1.388799
1.389179
1.388799
1.346080
1.167320
1.181936
1.167320
1.003205
1.167320
1.112086
1.008928
0.796331
0.737915
0.768015
0.787117
0.661777
0.948444
0.848268
0.834339
0.913022
1.044717
0.999851
1.125933
1.186826
1.122907
1.192557
1.192557
1.192557
1.186826
1.190454
1.247478
1.232357
1.247478
1.237137
1.275029
1.237137
1.127046
1.163994
1.317260
1.233741
1.233741
1.381509
1.342609
1.401364
1.394237
1.411667
1.388799
1.388799
1.369992
1.388799
1.388799
1.308950
1.332132
1.325221
1.246285
1.205762
1.073063
1.167320
1.112086
1.100324
1.058254
1.005249
1.007903
1.007903
0.945799
0.941633
0.945799
0.945799
0.941633
0.764711
0.871127
0.854176
0.768015
0.768015
0.768015
0.693739
0.690726
0.745510
0.789586
0.724893
0.765838
0.726864
0.834339
0.834339
0.913022
0.913022
1.044717
1.122907
1.122907
1.125891
1.192557
1.041087
1.228688
1.175869
1.163994
1.163994
1.233741
1.296694
1.349500
1.296694
1.381509
1.381997
1.381997
1.381997
1.401364
1.353442
1.388799
1.388799
1.369992
1.401364
1.181936
1.167320
1.003205
1.073063
1.100324
0.940524
0.940524
0.940524
1.058254
1.005249
1.058254
1.058254
1.007903
0.877442
0.877442
0.941633
0.941633
0.945799
0.820671
0.889745
0.972693
0.764711
0.866668
0.882098
0.882098
0.805957
0.809354
0.821840
0.752551
0.690726
0.693739
0.745510
0.848268
0.652910
0.726864
0.726864
0.834339
1.044746
0.951657
1.044746
0.977787
1.122907
0.977787
1.175869
1.122907
1.190454
1.184151
1.104339
1.228688
1.275029
1.233741
1.309881
1.349500
1.394237
1.406905
1.391049
1.401364
1.411667
1.332132
1.332132
1.239466
1.259760
1.194137
1.167320
1.167320
1.100324
1.062434
1.027358
0.951465
0.941633
0.882098
0.907133
0.907133
0.871127
0.884111
0.764711
0.882098
0.889745
0.871127
0.805957
0.821840
0.752551
0.718328
0.718328
0.805957
0.805957
0.809354
0.742329
0.826681
0.652151
0.652151
0.652151
0.745510
0.765838
0.859914
0.806895
0.859914
0.949045
0.913022
1.044746
1.140042
1.044746
1.122907
1.190454
1.190454
1.190454
1.233927
1.388157
1.394237
1.394237
1.405315
1.394237
1.394237
1.406905
1.391049
1.286145
1.293402
1.205762
1.233984
1.194137
1.172231
1.003205
1.035558
1.027358
1.021501
1.021501
1.021501
0.895591
1.027358
0.972976
0.972976
0.972976
0.908784
0.884111
0.871127
0.907133
0.774131
0.796331
0.884111
0.809354
0.821840
0.836909
0.718328
0.768015
0.761037
0.718328
0.742329
0.620204
0.765838
0.652910
0.726864
0.888946
0.859914
0.834339
0.913022
0.977787
1.131873
1.122907
0.977787
1.192557
1.140042
1.190454
1.107321
1.104339
1.275029
1.308978
1.264320
1.309881
1.381509
1.405315
1.417539
1.381997
1.374793
1.374793
1.333985
1.332132
1.259760
1.150735
1.196191
1.194137
1.073063
1.172231
1.167320
1.172231
0.961787
0.895591
1.021501
0.838610
0.971601
0.774131
0.884111
0.884111
0.866668
0.805957
0.805957
0.842952
0.752551
0.836909
0.742329
0.665480
0.794394
0.794394
0.652910
0.676182
0.726864
0.676182
0.889138
0.726864
0.859018
0.986736
1.064152
1.001543
1.001543
1.131873
1.131873
1.125891
1.140042
1.041087
1.233927
1.220578
1.279244
1.353935
1.399167
1.388157
1.388157
1.405315
1.369307
1.374793
1.420117
1.417884
1.417884
1.406905
1.417884
1.366974
1.417884
1.298606
1.298606
1.259760
1.233984
1.293402
1.233984
1.194137
1.119926
1.107338
1.035558
1.062434
1.097117
1.075020
0.961787
1.062434
1.020975
0.895591
0.971601
0.838610
0.805957
0.840001
0.908784
0.842952
0.689070
0.725787
0.698176
0.774558
0.980002
0.929903
1.064152
1.140042
1.001543
1.065770
1.065770
1.308978
1.353935
1.353935
1.420117
1.369307
1.335764
1.293402
1.233984
1.237949
1.233984
1.194137
1.247117
1.107338
1.107338
1.155184
1.155184
1.172231
0.895591
1.010024
0.971601
0.907133
0.849126
0.774131
0.752551
0.742329
0.761037
0.642526
0.665480
0.665480
0.652151
0.608355
0.794394
0.676182
0.676182
0.888946
0.806895
0.888704
0.859018
0.929903
1.064152
0.980002
1.140042
1.117581
1.184151
1.308978
1.353935
1.388157
1.390378
1.390378
1.388157
1.399167
1.420117
1.420117
1.417884
1.417884
1.334347
1.366974
1.344221
1.333985
1.298606
1.259760
1.260961
1.237949
1.238567
1.237949
1.172231
1.075020
1.012232
1.111728
1.012232
1.012232
1.024405
1.012232
1.012232
0.849126
0.752551
0.773631
0.772368
0.688857
0.642526
0.774558
0.818980
0.608355
0.806895
1.001543
1.069228
1.069228
1.064152
1.056417
1.140042
1.064152
1.162663
1.065770
1.279244
1.264320
1.354734
1.369307
1.401287
1.419477
1.417539
1.417539
1.420117
1.338435
1.260961
1.218791
1.196191
1.237949
1.233984
1.218791
1.238567
1.218791
1.218791
1.172686
1.139917
1.035558
1.012232
1.104182
1.024405
0.895591
0.838610
0.842952
0.784371
0.772368
0.761037
0.705674
0.610094
0.578811
0.642526
0.621943
0.688336
0.888946
0.920447
0.993904
0.944250
0.929903
1.117581
1.117581
1.184151
1.353935
1.310668
1.354734
1.354734
1.337341
1.338435
1.314251
1.344221
1.344221
1.303270
1.324555
1.303270
1.283523
1.237949
1.237949
1.260961
1.238567
1.107338
1.052919
1.111728
1.024405
1.051892
1.003949
1.010024
0.889025
0.971601
0.971601
0.967333
0.901502
0.849126
0.813064
0.846877
0.725787
0.714362
0.714362
0.794394
0.818980
0.676182
0.830425
0.920447
0.784097
1.069228
1.069228
0.944250
1.069228
1.069228
1.126565
1.162663
1.162663
1.218992
1.269769
1.269769
1.310668
1.366604
1.353935
1.366604
1.399167
1.401287
1.401287
1.419477
1.344221
1.283523
1.283523
1.238567
1.199026
1.151330
1.172686
1.104182
1.063227
1.051892
1.051892
1.063227
1.024405
0.968093
0.849393
0.822078
0.911797
0.759748
0.692510
0.722092
0.718328
0.781052
0.654995
0.654995
0.621943
0.827231
0.806895
0.757165
0.913836
0.757165
0.913836
0.944250
1.069228
1.001543
1.269769
1.354734
1.373343
1.401287
1.401287
1.373343
1.373343
1.334347
1.334347
1.314251
1.260961
1.260961
1.237274
1.237949
1.199026
1.194129
1.238567
1.238567
1.145699
1.145699
1.123289
1.172686
1.111728
1.024405
0.956852
0.956852
1.003949
1.003949
0.956852
0.889025
0.843999
0.857380
0.793674
0.717565
0.688857
0.705674
0.705881
0.688492
0.594844
0.623782
0.686517
0.818980
0.688336
0.920447
0.827231
0.688336
0.993904
0.913836
0.874740
1.126565
1.310668
1.354734
1.401287
1.354734
1.401287
1.338435
1.334347
1.324555
1.324555
1.326529
1.273424
1.283523
1.283523
1.104182
1.063227
1.083146
0.967882
1.024405
0.968093
0.932864
0.911797
0.908143
0.908143
0.763850
0.759748
0.692510
0.666601
0.688492
0.705881
0.688857
0.601772
0.594844
0.793615
0.793615
0.793615
0.826817
0.827231
0.920447
0.784097
0.795193
0.995381
0.784097
0.874740
1.056417
1.056417
1.058494
1.056417
1.058494
1.218992
1.310668
1.305937
1.339390
1.331140
1.334347
1.364290
1.345399
1.326529
1.260961
1.237274
1.236407
1.238567
1.162189
1.010677
1.062264
0.889932
0.692510
0.793674
0.795472
0.713280
0.686517
0.688336
0.621943
0.830425
0.979132
0.944250
0.874740
0.951979
1.015101
1.103926
1.158756
1.215470
1.218992
1.215470
1.269769
1.305937
1.305937
1.354231
1.366604
1.287566
1.340418
1.340418
1.329975
1.365944
1.366604
1.335241
1.334347
1.364290
1.326529
1.326529
1.326529
1.260961
1.273424
1.299444
1.273424
1.170831
1.266526
1.216356
1.145699
1.216356
1.180971
1.180971
1.162189
1.083146
1.010677
1.010677
1.005643
1.010677
0.951983
0.951983
0.951983
0.822078
0.827767
0.852751
0.722092
0.795472
0.722092
0.688492
0.688492
0.688492
0.688492
0.705881
0.621613
0.654995
0.621943
0.700470
0.688336
0.714362
0.806288
0.835447
0.927513
0.879082
1.126565
1.354231
1.365944
1.365944
1.335241
1.339390
1.331140
1.299444
1.128672
1.180971
1.180971
1.162189
0.860187
0.908143
0.902552
0.784579
0.793674
0.717565
0.717565
0.694823
0.826817
0.700470
0.795193
0.927513
0.795193
0.925288
0.986255
0.986255
1.269769
1.262949
1.305937
1.262949
1.305937
1.287566
1.365944
1.329975
1.309082
1.335241
1.339390
1.345399
1.364290
1.364290
1.364290
1.364290
1.299444
1.345399
1.326529
1.326529
1.208990
1.236407
1.299562
1.299562
1.299562
1.266526
1.292683
1.292683
1.299562
1.151330
1.162189
1.128672
1.162189
1.094646
1.123289
1.180971
1.098674
1.083146
1.010677
0.932864
0.959780
0.945279
0.902552
0.784579
0.855685
0.722092
0.751734
0.789218
0.723253
0.795472
0.709179
0.627377
0.918826
0.951979
0.951979
1.305937
1.305937
1.365944
1.365944
1.339390
1.364290
1.364290
1.310286
1.310286
1.305336
1.345000
1.273424
1.168268
1.292683
1.292683
1.299562
1.266526
1.292683
1.299562
1.266526
1.292683
1.157400
1.216356
1.168268
1.216356
1.151330
1.241159
1.241159
1.151330
1.180971
1.162189
1.098674
1.005643
1.083146
1.005643
0.889932
0.857221
0.784579
0.789218
0.795472
0.690152
0.705881
0.601772
0.694823
0.601772
0.694823
0.627377
0.627377
0.806288
0.906087
0.826817
0.795193
0.826817
0.925288
0.990070
0.990070
0.990070
0.879082
0.879082
1.091400
1.253550
1.305937
1.300923
1.277359
1.365944
1.365944
1.325915
1.330071
1.339390
1.373578
1.371450
1.363210
1.329479
1.345000
1.310286
1.235836
1.356430
1.356430
1.356184
1.356430
1.198350
1.356430
1.299562
1.301570
1.294638
1.273674
1.095737
1.172168
1.187611
1.180971
1.187611
1.180971
1.098674
1.039528
0.932864
0.860187
0.889501
0.840799
0.855685
0.855685
0.855685
0.792387
0.715008
0.669445
0.601772
0.632903
0.726811
0.801804
0.711639
0.792411
0.806288
0.918826
0.795193
0.795193
0.906087
0.914204
0.925288
0.993912
0.994542
0.995381
1.058494
1.058494
1.101005
1.147104
1.158756
1.305937
1.300923
1.296537
1.363270
1.371450
1.397838
1.373578
1.371450
1.399060
1.371450
1.305336
1.356184
1.352724
1.198350
1.356184
1.300204
1.300204
1.352724
1.287481
1.287481
1.287481
1.231119
1.241159
1.231119
1.095737
1.060320
1.036108
1.008164
0.959780
1.039528
0.857221
0.816604
0.855685
0.855685
0.792387
0.741889
0.789218
0.789218
0.701648
0.700470
0.906087
0.914204
0.914204
0.921818
0.906087
0.923349
1.051183
1.253550
1.253550
1.300923
1.300923
1.363270
1.296537
1.296537
1.302645
1.325915
1.330071
1.330071
1.329479
1.371450
1.254254
1.254254
1.235836
1.235836
1.356184
1.352724
1.356184
1.356184
1.298063
1.300204
1.245332
1.157400
1.191115
1.191115
1.245332
1.231119
1.245332
1.095737
1.095737
1.127435
1.112126
1.112126
1.039528
1.057375
0.959780
0.959780
0.816604
0.741889
0.741889
0.715008
0.779837
0.769251
0.709179
0.669445
0.601772
0.801804
0.990070
0.923349
0.923349
0.905708
1.004076
0.954402
0.954402
0.985232
1.115088
0.954402
1.202966
1.277359
1.253550
1.315431
1.277359
1.325915
1.371450
1.329479
1.329479
1.254254
1.352724
1.352724
1.352724
1.198350
1.343897
1.298063
1.298063
1.291460
1.294638
1.294638
1.147086
1.273674
1.191115
1.244425
1.245332
1.115528
1.115528
1.245332
1.090246
1.095737
1.187611
1.193073
1.112126
0.995749
1.008164
0.943588
0.902552
0.958688
0.887902
0.816604
0.772024
0.772024
0.669445
0.669445
0.711639
0.801804
0.905708
0.792411
0.914204
0.921818
0.777120
0.993912
0.993912
0.993912
0.877448
1.051183
1.097476
1.253550
1.253550
1.253550
1.300923
1.363270
1.363270
1.363270
1.276885
1.371450
1.371450
1.356184
1.347613
1.352724
1.300204
1.291460
1.290511
1.223333
1.223333
1.298063
1.107927
1.187611
1.177608
0.976662
0.945279
0.846411
0.855685
0.816604
0.792387
0.863005
0.741889
0.709179
0.905708
1.048677
0.994542
0.943809
1.115088
1.153244
1.202966
1.188541
1.300923
1.296537
1.305023
1.367204
1.379938
1.313176
1.329479
1.371450
1.224607
1.177518
1.340262
1.347613
1.291460
1.290345
1.298063
1.290511
1.191115
1.214681
1.231119
1.235461
1.107927
1.231048
1.090246
1.031251
1.060320
1.059864
1.057375
0.909542
0.976662
0.899041
0.908181
0.805072
0.850504
0.850504
0.805072
0.765852
0.765852
0.669445
0.701648
0.801804
0.792411
0.893234
0.921818
0.994542
0.982750
0.993912
1.147104
1.277359
1.233038
1.315431
1.305023
1.235244
1.354106
1.276885
1.325915
1.302645
1.367204
1.313176
1.233293
1.329479
1.210309
1.121637
1.348428
1.340262
1.340262
1.290511
1.177518
1.290511
1.290345
1.294638
1.107927
1.214681
1.286787
1.119446
1.059864
0.995749
1.051217
1.051217
0.896553
0.896553
0.832876
0.851757
0.772024
0.772024
0.665810
0.711639
0.733053
0.905708
0.893234
0.905708
0.863982
1.241259
1.305023
1.305023
1.348677
1.367204
1.360852
1.367204
1.313176
1.367204
1.224607
1.233293
1.210309
1.340262
1.290511
1.348428
1.340262
1.340262
1.225483
1.286787
1.194886
1.194886
1.177608
1.119446
1.119446
1.031251
1.031251
0.899041
0.908181
0.846411
0.851757
0.851757
0.789218
0.765852
0.701648
0.793817
0.793817
0.904382
0.982750
0.982750
1.037301
1.048677
0.954402
1.051183
1.097476
1.241259
1.241259
1.215853
1.215853
1.300923
1.305023
1.235244
1.348677
1.367204
1.367204
1.151657
1.177518
1.147086
1.120956
1.290511
1.214681
1.284834
1.263985
1.235461
1.235461
1.235461
1.147086
1.235461
1.235461
1.138353
1.177608
1.057930
1.119446
1.128204
1.002512
1.051217
0.983746
0.899041
0.837887
0.911257
0.837887
0.837887
0.772024
0.665810
0.733053
0.777120
0.777120
0.893234
0.904382
0.863982
0.982169
0.983509
1.153244
1.241259
1.241259
1.255568
1.241259
1.235244
1.276885
1.263484
1.302645
1.348677
1.367204
1.348428
1.348428
1.377290
1.151657
1.333607
1.340262
1.290511
1.276788
1.286787
1.090246
1.073932
1.043598
1.043598
0.995749
0.958688
1.057930
0.945429
0.908181
0.894348
0.902898
0.850504
0.837883
0.837883
0.767120
0.793817
0.817687
0.873789
0.873789
0.777120
0.982169
0.983509
1.037301
1.188541
1.188541
1.219190
1.219190
1.255568
1.255568
1.305023
1.348677
1.263484
1.313176
1.313176
1.233293
1.174538
1.174538
1.165668
1.340262
1.348428
1.284834
1.273536
1.248788
1.276788
1.218375
1.073932
1.128204
1.002512
1.002512
1.042099
0.911501
0.901062
0.983746
0.958397
0.846411
0.902898
0.733053
0.733053
0.767120
0.767120
0.893234
0.873789
0.982169
0.982169
0.928312
1.024357
1.024357
1.079015
1.235244
1.276885
1.276885
1.209175
1.325610
1.263484
1.333607
1.338577
1.347613
1.120956
1.331065
1.120956
1.121548
1.121548
1.121548
1.073932
1.119358
1.119358
1.119358
1.128204
1.071781
1.071781
1.043598
0.978439
1.002512
0.911501
0.902898
0.733053
0.856767
0.840565
0.861785
0.861785
0.805531
0.982750
0.863982
0.863982
0.943809
1.030169
0.963586
0.968960
1.187346
1.187346
1.241259
1.163865
1.219190
1.192844
1.237403
1.192844
1.192844
1.219190
1.179935
1.179935
1.174538
1.224607
1.338577
1.151657
1.338577
1.290345
1.338577
1.273536
1.263985
1.275116
1.275116
1.339123
1.248788
1.248788
1.120956
1.276788
1.218375
1.212679
1.158177
1.121548
1.132956
1.158177
1.158177
1.132956
1.119358
1.119358
1.119358
1.071781
1.071781
1.071781
1.099106
0.945429
0.969773
0.805531
0.817687
0.805531
0.840565
0.840565
0.916944
0.861785
0.916944
0.916944
0.963732
0.892464
1.079015
1.079015
1.131354
1.131354
1.237403
1.209175
1.247894
1.247894
1.325610
1.325610
1.179935
1.176990
1.165668
1.333607
1.377290
1.338577
1.103827
1.120956
1.272434
1.092265
1.096799
1.132956
1.158177
1.155043
1.119358
1.119358
1.096799
1.110144
1.071781
1.071781
1.042099
0.969773
0.969773
0.805531
0.880206
0.880206
0.939458
0.861785
0.892464
0.963732
0.958988
0.916944
0.963732
0.892464
1.030169
1.024357
0.997268
1.187346
1.187346
1.187346
1.237403
1.237403
1.209175
1.209175
1.255204
1.174538
1.124328
1.377290
1.377290
1.365486
1.377290
1.333607
1.338577
1.313858
1.319654
1.248788
1.158177
1.191341
1.182112
1.113736
1.146106
1.125278
1.096799
1.075845
1.132956
1.073681
0.999069
1.032954
0.999069
1.011081
0.936854
0.936854
0.958397
0.969773
0.958397
0.805531
0.916944
0.916944
0.958988
0.939458
0.880206
0.934193
0.892464
0.939458
1.090220
1.117865
1.131354
1.187346
1.212247
1.212247
1.237403
1.164921
1.237403
1.164921
1.247894
1.197009
1.325610
1.255204
1.263484
1.122937
1.377290
1.299912
1.276788
1.160255
1.212679
1.121396
1.194530
1.136113
1.177522
1.136113
1.125278
1.132956
1.136113
1.155043
1.113736
1.113736
1.060026
1.106480
1.073681
1.060026
0.999069
0.936854
0.719600
0.840565
0.892464
0.866656
0.934193
0.963586
0.938946
0.895836
1.073201
1.090220
1.067605
1.108503
1.131354
1.163865
1.137065
1.209175
1.164921
1.255204
1.263484
1.197009
1.179935
1.122601
1.127816
1.122601
1.385304
1.365486
1.377290
1.368899
1.151657
1.368899
1.339123
1.319654
1.318836
1.339123
1.313858
1.136361
1.313858
1.252630
1.191341
1.191341
1.188249
1.136113
1.113736
1.125278
1.113736
1.073681
1.011081
1.060026
0.999069
0.840565
0.917300
0.934193
0.995025
1.157771
1.137065
1.157771
1.137065
1.164921
1.176558
1.176558
1.122601
1.127816
1.401049
1.401049
1.401049
1.385304
1.385304
1.385304
1.374135
1.385304
1.397857
1.365486
1.385304
1.313370
1.103827
1.363623
1.320131
1.319654
1.318836
1.252630
1.313858
1.136361
1.188249
1.177522
1.125278
1.147303
1.099260
1.147303
1.113736
1.125278
1.113736
0.699366
0.699366
0.840565
0.818292
0.805531
0.917300
0.840545
0.840565
0.939458
1.006254
1.005858
0.971921
1.117865
1.117865
1.157771
1.137065
1.157771
1.255204
1.208610
1.411047
1.401049
1.411047
1.385304
1.354073
1.385304
1.368899
1.113325
1.365486
1.365486
1.368899
1.313858
1.313858
1.243744
1.188249
1.075845
1.099260
0.699366
0.662500
0.738908
0.699366
0.699366
0.738008
0.738008
0.840545
0.866656
0.822285
1.006254
1.006254
0.895836
1.006254
1.073201
1.137065
1.137065
1.170371
1.197009
1.064944
1.385304
1.122937
1.385304
1.063295
1.367315
1.385304
1.122937
1.113325
1.338613
1.355922
1.313370
1.319654
1.136361
1.128043
1.220069
1.188249
1.177522
1.165386
0.636856
0.699366
0.738908
0.840545
0.917300
0.917300
0.934193
0.934193
0.938946
1.036307
1.109371
1.137065
1.170371
1.176558
1.197009
1.127816
1.401049
1.397755
1.397857
1.347995
1.363623
1.368579
1.349782
1.052991
1.252630
1.121396
1.147303
1.148265
1.165386
1.138710
1.138710
0.738908
0.699366
0.787344
0.840545
0.818292
0.971877
1.012104
0.971877
1.077288
1.117865
1.094081
1.108503
1.094081
1.127728
1.164921
1.164921
1.170371
1.170371
1.255204
1.125227
1.405955
1.397755
1.367315
1.377293
1.377293
1.377293
1.113325
1.367315
1.329179
1.349782
1.052991
1.291766
1.089326
1.163953
1.220069
1.201486
1.128043
1.118926
1.186291
1.186291
0.636856
0.662500
0.699366
0.738908
0.738008
0.738008
0.809052
0.784989
0.966345
0.908461
1.036307
1.073201
1.043469
1.094081
1.040174
1.094081
1.094081
1.137065
1.212944
1.056515
1.064944
1.411047
1.397755
1.063295
1.065493
1.385959
1.347995
1.347995
1.338613
1.170731
1.116868
1.201486
1.186291
1.231964
0.706042
0.674335
0.674335
0.706042
0.832943
0.938946
0.885563
1.036307
1.109371
1.125227
1.125227
1.397755
1.367315
1.397755
1.367315
1.343741
1.351029
1.389134
1.349782
1.276596
1.116868
1.220069
1.201486
1.201486
0.786272
0.706042
0.751910
0.704357
0.832943
0.908461
0.966345
1.103069
1.103069
1.040174
1.081548
1.101009
1.101009
1.127728
1.170371
1.098362
1.125227
1.405218
1.405955
1.009475
1.405955
1.405955
1.405955
1.367315
1.397755
1.377293
1.366526
1.387241
1.362883
1.385959
1.367315
1.116868
1.276596
1.165548
1.199486
0.706042
0.786272
0.866049
0.832943
0.866049
0.866049
0.832943
0.751910
0.866049
0.949723
0.908461
0.908461
0.949723
0.949723
0.931384
0.996587
0.996587
0.931384
0.966345
1.035176
0.966345
0.996587
1.057058
1.036307
1.103351
1.094081
1.034965
1.101009
1.101009
1.091566
1.056515
1.053244
1.405218
1.000568
1.405218
1.414285
1.385874
1.065493
1.405955
1.373159
1.405955
1.397755
1.387241
1.387241
1.061177
1.132343
1.290560
1.276596
1.192950
1.155359
0.674335
0.751910
0.949723
1.015271
1.035176
0.949723
1.064244
0.996587
1.057058
1.103351
1.063799
1.103069
1.063793
1.063793
1.040174
1.064244
1.057344
1.084917
0.996320
1.375392
1.000568
1.395542
1.399634
1.385874
1.385144
1.009475
1.399634
1.009475
1.009475
1.395542
1.360057
1.362883
1.340723
1.063295
1.005298
1.005298
1.340723
1.241917
1.266732
1.104000
1.254524
1.266732
0.786272
0.751910
1.044775
0.953003
0.976267
1.057058
1.017541
1.084917
1.057344
1.148466
1.084917
1.119559
1.084917
1.169262
1.148466
1.062422
1.170371
1.375392
1.385874
1.413742
1.385874
1.376019
1.385874
1.395542
1.399634
1.373159
1.360121
1.366526
1.321120
1.266732
1.124603
1.192950
1.241034
1.155359
1.193277
1.193277
1.094081
1.054060
1.034965
1.034965
1.063799
1.057058
1.044775
1.057058
1.126249
1.106749
1.057344
1.109958
1.169262
1.169262
1.062422
1.148466
1.148466
1.169262
1.091566
1.062422
1.222803
1.205630
1.222803
1.277416
1.053244
0.996320
1.393551
1.385874
1.385874
1.393551
1.401910
1.389891
1.385144
1.398433
1.401910
1.362883
1.362883
1.398433
1.373159
1.063295
1.321120
1.193277
1.098425
1.124603
1.054060
1.063799
1.063799
1.034965
1.109958
1.126249
1.109958
1.109958
1.119559
1.119559
1.148466
1.205630
1.205630
1.205630
1.222803
1.053244
1.263117
1.263117
1.263117
1.263117
1.342391
1.307966
1.332971
1.375392
1.389891
1.342391
1.389891
1.398433
1.389891
1.385874
1.401910
1.401910
1.233043
1.321120
1.078984
1.073529
1.061177
0.999568
0.999568
1.057344
0.998724
1.222803
1.277416
1.053244
0.976102
1.221986
1.277416
1.307966
1.263117
1.053244
0.996320
1.307966
1.307966
0.933450
1.332971
1.342391
1.342391
1.282595
1.393551
1.385874
1.300366
1.385144
1.073529
1.266732
1.175386
1.241034
1.113587
0.987758
0.987758
1.032583
1.126249
1.119559
1.119189
1.241142
0.976102
1.393551
1.300366
1.373159
1.267320
1.373159
0.989198
0.995849
0.996276
1.229125
1.064885
1.063799
1.003284
0.998724
1.032583
1.126249
1.039129
0.984253
1.169262
1.113706
1.009325
1.009325
1.221986
1.277416
0.988844
0.988844
0.989198
0.995849
1.055262
1.233043
1.055262
1.055262
1.175386
1.113587
1.030038
0.976102
0.989198
1.115553
1.275356
1.233043
1.056420
1.113587
0.978999
1.003284
1.039129
1.064885
0.988853
1.168916
1.113706
1.009325
1.168916
1.282595
1.300366
1.300366
1.275356
1.175386
0.987758
0.999568
0.994579
0.987758
1.046471
1.113706
0.963810
1.039129
1.009325
1.221986
1.009325
1.221986
1.230730
1.282595
1.030038
0.988844
0.958814
1.267320
0.966539
0.977915
1.020893
1.113587
0.999568
0.994579
0.943893
1.168916
0.930030
1.130179
1.139267
1.282595
1.139267
1.300366
0.966539
1.056420
1.070173
0.995264
0.995264
0.958526
0.994579
1.041216
0.990830
0.983174
0.958526
0.939935
0.939935
0.986429
0.945141
0.958814
0.966539
0.966539
0.977915
1.102457
1.070173
1.070173
1.066138
1.020893
0.994579
0.994579
0.990830
1.041216
1.041216
0.963810
0.990830
1.081081
1.095145
1.139267
0.958814
0.945141
1.102457
1.140299
1.140299
0.977915
1.020893
0.983174
1.024533
1.043872
1.024533
1.048039
1.048039
0.990830
1.130179
1.121724
1.139267
0.963810
0.986429
0.986429
1.035601
1.001530
1.061090
1.119169
1.119169
1.001530
1.001530
0.966539
1.013206
1.102457
1.066138
1.066138
1.102457
0.966539
1.013206
1.066138
0.995264
1.040361
0.995264
1.043872
1.043872
1.040361
1.090303
1.090303
1.078692
1.100193
1.121724
1.061090
1.096163
1.096163
1.305937
1.363270
1.363270
1.332132
1.239466
1.239466
1.363270
1.365944
1.194137
1.194137
1.194137
