3379 1 3
0.937642
0.782669
0.782669
0.937642
0.960131
0.937642
0.960131
0.822191
0.822191
0.812338
0.812338
0.960131
0.946668
0.801938
0.801938
0.946668
0.782669
0.937642
0.782669
0.859203
1.159747
0.822191
1.222606
0.944118
0.950931
0.801938
1.129814
0.761659
0.803894
0.872138
1.044077
0.739186
1.222606
1.159747
1.199682
1.199682
0.955465
1.199682
0.944118
0.971187
0.905168
0.977683
0.971187
1.122599
1.044077
1.086333
1.030185
0.753617
0.669116
0.739186
0.765038
1.199682
0.812338
0.979151
1.157177
1.132748
0.979151
1.079736
0.977683
0.935233
0.977683
1.122599
0.874426
0.874426
0.874426
0.874426
1.155921
0.872138
1.155921
1.159747
1.137509
1.039837
1.039837
1.087784
1.115425
1.087784
1.186407
1.215488
0.765038
1.187596
1.097797
1.187596
1.203546
1.149406
1.149406
1.149406
0.971187
1.119748
0.977683
1.079736
1.119748
0.935233
1.060984
0.896268
1.086333
0.757365
1.155921
1.039837
1.041963
1.054416
1.135277
0.753617
1.137509
1.137509
1.215488
1.186407
1.222606
1.109039
1.222606
1.222606
1.097797
1.187596
1.187596
1.097797
0.760536
1.249632
1.100212
1.085842
0.896268
1.100212
0.896268
0.896268
1.086333
1.143306
1.266762
1.041963
1.110366
1.041963
1.133174
0.769087
0.769087
0.769087
0.769087
1.186407
1.137509
1.291415
1.291415
0.739186
1.222606
1.319018
1.354950
1.215488
1.345634
1.099221
1.205461
0.765038
1.107907
1.107907
1.119748
1.216315
0.991736
0.862765
1.193677
1.020283
0.926363
1.085842
1.203805
1.203805
1.027012
1.143306
1.278335
1.278335
1.027027
1.266762
1.278335
1.086333
1.247704
1.135277
1.155921
1.337307
0.798056
1.336207
1.230326
1.337307
1.383111
0.801121
1.291415
1.291415
1.215488
1.319018
1.298411
1.205461
0.833545
0.760536
1.268677
1.132748
1.082501
0.861997
0.977683
0.901040
0.934537
1.275132
1.283523
1.216315
1.050930
1.216315
1.193677
1.060984
1.020283
1.243667
1.297006
1.275586
1.298115
1.278335
1.298115
1.266762
1.148193
0.780772
1.143306
1.141127
1.141127
1.255259
1.255259
1.133174
1.336207
1.291415
0.753617
1.365447
0.794104
1.298411
1.205461
1.205461
1.132748
0.861997
1.181482
1.074714
1.060984
1.123996
1.203805
1.243667
1.138021
1.275586
1.148193
1.148193
0.780772
0.780772
1.255259
0.795100
0.795100
1.293381
1.006966
1.337307
0.798056
1.337307
1.230326
1.336207
0.794104
0.794104
0.794104
1.311389
1.414612
1.216315
1.216315
1.179684
1.131787
1.131787
1.173944
0.996817
1.173944
1.020283
0.996817
1.020283
1.148193
1.141127
1.247704
1.141127
1.255259
0.795100
1.255259
1.255259
1.293381
0.801121
0.806374
0.806374
0.833545
1.357507
1.298411
0.861997
0.901040
0.901040
1.268677
0.934537
1.046922
1.172741
1.060984
0.988783
1.048220
1.056483
1.173944
0.905946
1.173944
1.173944
0.876732
0.835107
1.138021
1.233404
1.264610
0.810051
1.390606
0.780772
0.802856
1.390606
1.293381
1.255259
1.481032
1.247704
0.795100
1.337307
1.421253
1.515211
1.340599
0.833545
1.233185
1.357507
1.205461
1.288444
1.275647
0.861997
1.181482
0.901040
1.268314
1.268314
1.284902
1.239606
1.270468
1.172741
1.414612
1.140726
1.095780
1.140726
1.048220
1.095780
1.089010
1.119249
1.049097
0.905946
0.905946
1.041223
1.072895
1.179684
0.810051
0.810051
1.271261
0.795100
0.812161
1.247704
1.387370
0.819624
0.801121
1.354950
1.522530
1.368942
0.819624
0.813970
1.482040
1.372683
0.813970
1.460173
1.269033
1.357507
0.833545
0.878210
0.878210
0.913353
1.288444
1.334788
1.355832
1.275647
1.268314
1.334788
0.965685
1.268677
0.965685
1.411006
1.435140
1.435140
1.270468
1.284902
1.028489
1.414612
1.270468
1.414612
1.284902
1.237837
1.237837
1.201305
1.326063
1.201305
1.134385
1.060984
1.185875
1.326063
1.326063
1.185875
1.095780
1.089010
1.231052
1.241590
1.012690
1.241590
1.241590
1.241590
1.228669
1.192387
0.876732
1.271261
0.835107
1.390606
1.358488
0.838694
0.802856
1.390606
1.358488
1.481032
1.421253
1.515211
1.515211
1.515211
1.369425
1.368942
0.819624
0.913353
1.414924
1.355832
1.288444
1.334788
0.965685
1.288444
1.288444
1.275647
1.275647
1.270468
1.435140
1.435140
1.414612
1.142730
1.046922
1.414612
1.326063
1.326063
1.326063
1.326063
1.148847
1.089010
1.070822
1.119249
1.012690
1.154586
0.872039
1.228669
0.876732
1.192387
1.192387
0.871855
0.838694
1.271261
1.271261
1.271261
1.271261
1.358488
1.253040
1.253040
1.344911
1.481032
1.481032
1.506299
1.481032
1.485252
1.506299
1.481032
1.344911
1.481032
1.515211
0.813970
0.813970
1.372683
1.460173
1.460173
0.833485
0.878210
1.460173
1.357507
1.435805
1.334788
0.913353
1.288444
1.307067
1.411006
1.411006
1.307067
1.406616
1.040964
1.435140
1.435140
1.270468
1.028489
1.028489
1.414612
1.201305
1.142730
1.134385
1.134385
1.107783
1.134385
1.276376
1.276376
1.012690
0.943875
1.012690
0.943875
1.154586
0.868687
0.876732
1.192387
1.192387
1.233404
0.871855
1.266173
1.358488
1.266173
1.266173
1.271261
1.499089
1.390606
1.529376
0.812161
1.515211
1.515211
1.515211
1.485252
0.819624
1.526474
0.833485
0.695006
1.357507
1.414924
1.414924
1.464575
0.923924
1.246199
1.307067
1.319343
1.411006
1.411006
1.411006
1.330990
1.435140
1.250936
1.219590
1.219590
1.414612
1.656531
1.326063
0.912259
1.190374
1.190374
1.063112
1.276376
1.330861
1.121902
1.089010
1.010453
1.139204
1.139204
1.089010
0.855144
1.119249
0.959227
1.154586
1.376003
1.228669
1.374516
1.228669
1.270376
1.271261
1.333264
0.775638
1.534765
1.344911
1.369425
0.817408
1.368942
0.817408
0.733710
0.705234
1.553980
1.460173
1.414924
1.357507
1.435805
1.246199
1.321243
1.334788
1.355832
1.246199
1.410650
1.507231
1.435140
1.111768
1.435140
1.435140
1.435140
1.046922
1.414612
1.008270
1.052154
1.107783
1.127369
1.247167
1.247167
1.095780
1.070822
1.070822
1.306647
0.929240
0.943875
1.339883
1.012690
0.876732
1.228669
0.864724
1.266173
1.271261
1.270376
1.424743
1.499089
1.529376
0.817408
0.745292
0.817408
1.387877
0.733710
1.508435
0.819092
1.435805
1.478910
1.435805
1.352016
1.413512
1.413512
1.413512
1.507231
1.348718
1.348718
1.330990
1.171754
1.025614
1.146233
1.052154
1.052154
0.960826
1.247167
1.350659
1.193873
1.193873
1.374516
1.382725
1.230501
1.227527
0.838694
1.499089
1.499089
1.333264
1.499089
1.534765
1.355354
0.745292
1.503256
0.733710
1.421630
0.733710
0.705234
1.526474
1.526474
1.372683
0.705234
0.695006
1.553980
1.464575
1.464575
0.819092
1.246199
1.348718
1.040964
1.040964
1.040964
1.111768
1.406616
1.406616
1.406616
1.330990
1.300300
1.052154
1.052154
1.068233
1.034710
1.247167
1.114940
1.330861
1.121902
1.010453
1.010453
1.139204
1.139204
1.004721
1.152345
1.093612
0.819429
0.929240
0.957475
1.154586
1.376003
0.957475
0.904842
1.288069
1.278166
1.227527
1.278166
1.288069
1.378997
1.278166
1.270376
1.378997
1.424743
0.804375
0.838694
1.499089
1.499089
1.529376
1.458027
0.756312
1.529376
1.534765
1.355354
1.387877
1.508435
1.526474
1.553980
1.553980
1.553980
1.508435
1.503796
1.503796
1.435805
1.392902
1.435805
1.435805
1.435805
0.819092
0.923924
1.361178
1.507231
1.507231
1.330990
1.406616
1.180856
1.120091
1.120091
1.146233
1.114940
1.350659
1.194849
1.004721
1.134269
1.376003
1.376003
0.904842
0.904842
1.374516
0.864724
1.230501
1.278166
1.238164
1.270376
1.270376
1.333264
1.333264
1.378997
1.424743
1.350623
0.745292
1.355354
0.745292
1.554350
0.553457
0.705234
1.421630
1.618099
0.705234
0.705234
0.695006
1.508435
1.503796
1.508435
1.508435
1.413512
0.923924
0.892370
1.413512
1.348718
1.348718
1.330990
1.406616
1.406616
1.171754
1.255582
1.171754
1.120091
1.172878
1.120091
0.990353
1.114940
1.356678
0.976388
0.976388
1.152345
1.152345
1.306647
1.374516
1.374516
1.454285
1.230501
1.276514
1.288069
1.335312
1.381859
1.227527
1.378997
1.278166
0.804375
0.860837
0.775638
0.775638
0.756312
1.350623
0.756312
0.745292
1.556884
1.421630
1.553980
1.562399
1.562399
1.618099
1.553980
1.550938
0.580399
0.695006
1.411839
1.342751
1.433960
1.033329
1.433960
1.300300
1.040964
1.317605
1.317605
1.362302
1.161282
1.202893
1.146233
1.203320
1.420329
1.562317
1.010453
1.356678
1.193873
1.110169
1.139204
0.854328
0.976388
1.152345
1.117018
1.004721
1.258984
0.852544
0.929240
1.258984
1.306647
1.402173
1.258984
1.376003
1.195752
1.376003
0.957475
0.881436
1.282168
1.216266
1.282168
1.454285
1.382725
1.272021
1.243738
1.170238
1.276514
1.288069
1.443360
0.747902
1.333264
1.386980
0.622091
1.486062
0.559589
0.553457
1.595999
1.595999
1.595999
1.591904
1.526474
1.556884
1.550938
1.520441
1.562399
1.503796
1.562399
1.550938
1.362302
1.317605
1.362302
1.202893
1.362302
1.255582
1.243100
1.116995
0.951136
1.110169
1.164904
0.854328
1.402173
1.240098
0.971859
0.970887
1.255182
1.171081
1.282168
1.276514
1.196216
1.238164
1.238164
1.238164
1.276514
1.243738
1.208513
1.227527
1.208513
1.381859
1.386980
1.381859
0.804375
0.698962
1.424743
0.632193
0.632193
1.554350
0.733710
1.616896
1.595999
1.591904
1.562399
1.562399
1.618099
1.562399
1.562399
1.531974
0.718991
1.490770
1.342328
1.342751
1.161282
1.362302
1.255582
1.071228
1.161927
1.062990
1.150508
1.150508
1.134944
1.420329
1.134944
1.134944
1.420329
0.866233
1.436110
1.356678
1.110169
1.110169
1.110169
0.976388
0.968045
1.096768
1.152345
0.937292
1.051535
0.935959
0.971859
0.971859
0.970887
0.970887
1.255182
1.196216
1.196216
1.272021
1.238164
0.801427
1.327013
1.159932
0.698962
0.698962
0.632193
0.622091
1.486062
0.622091
1.554350
1.556884
1.556884
1.556884
1.616896
1.476100
1.562399
1.562399
1.618099
1.616896
1.317605
1.362302
1.202893
1.161282
1.071228
1.172878
1.172878
1.172878
1.161927
1.062990
1.161927
1.161927
1.150508
1.130237
1.130237
1.420329
1.420329
1.134944
0.990353
1.059383
1.499324
0.866233
1.535654
1.323465
1.323465
1.313360
1.198790
1.125878
1.005815
0.968045
0.976388
1.096768
1.240098
0.821993
0.935959
0.935959
0.971859
1.226980
1.109860
1.226980
0.881436
1.196216
0.881436
1.159932
1.196216
1.243738
1.300660
0.747902
1.327013
1.386980
0.632193
1.422898
1.486062
1.595999
1.618933
0.580399
1.616896
1.591904
0.718991
0.718991
0.892370
1.395348
1.345153
1.362302
1.362302
1.071228
1.086893
1.296130
1.073776
1.420329
1.323465
1.110316
1.110316
1.436110
1.593484
0.866233
1.323465
1.059383
1.436110
1.313360
1.125878
1.005815
0.949161
0.949161
1.313360
1.313360
1.198790
1.052211
1.315383
0.946393
0.946393
0.946393
1.096768
1.051535
1.088869
0.985116
1.088869
1.195752
0.970887
1.226980
1.317193
1.226980
1.196216
1.243738
1.243738
1.243738
1.373585
1.647900
1.595999
1.595999
1.650147
1.595999
1.595999
1.618933
0.580399
1.453712
0.765755
1.342751
1.376196
1.345153
1.258904
1.202893
1.076515
1.296130
1.129740
1.129740
1.129740
1.125326
1.296130
1.253201
1.253201
1.253201
1.397631
1.593484
1.436110
1.110316
0.953778
1.116995
1.593484
1.198790
1.125878
1.331733
0.949161
1.110169
1.089671
0.949161
1.052211
0.845026
1.051535
0.821993
0.935959
1.065492
1.088869
0.971859
0.970887
0.881436
1.261450
1.196216
0.881436
1.238164
1.317193
1.243738
1.020503
0.747902
1.386980
1.516122
1.436283
1.422898
1.554350
1.650147
1.662024
1.556884
1.585892
1.585892
1.558900
0.718991
1.395348
1.033329
0.889531
1.345153
1.161282
1.258904
1.362302
1.258904
1.123509
1.125326
1.129740
1.013485
1.051731
0.953778
1.593484
1.593484
1.535654
1.313360
1.313360
1.184701
1.005815
1.331733
1.052211
1.023554
1.190655
1.190655
0.821993
0.927615
0.935959
0.927615
1.152092
0.935959
1.088681
1.160478
1.176499
0.853519
0.853519
1.261450
1.261450
1.272021
1.317193
0.801427
1.373585
1.311058
1.452768
1.674640
1.698067
1.647900
1.647900
1.650147
1.546344
1.585892
1.508339
1.541705
1.541705
1.618933
1.541705
1.578613
1.541705
1.497964
1.497964
1.395348
1.376196
0.765755
1.376196
1.345153
1.114027
0.967720
1.076515
1.086893
1.034470
1.396211
1.123509
1.086893
1.179423
1.125326
1.051731
1.013485
1.313360
1.014563
1.397631
1.184701
0.810364
0.981996
1.019840
1.236418
1.096406
0.984848
1.176499
1.317193
0.853519
0.736228
0.736228
1.516122
1.674640
1.674640
1.508339
1.546344
1.427392
0.765755
1.376196
1.441408
1.376196
1.345153
1.390443
0.967720
0.967720
1.120224
1.120224
1.258904
1.125326
1.032871
1.051731
1.110316
1.197699
0.953778
1.005815
1.052211
1.089671
0.921177
1.023554
1.023554
0.946393
0.782331
1.190655
0.927615
0.927615
1.065492
0.985116
0.949157
1.088681
0.984848
1.176499
1.096406
1.317193
1.135797
1.300660
1.516122
1.674640
1.647900
1.651587
1.651587
1.647900
1.698067
1.508339
1.438530
1.541705
1.541705
1.521943
1.578613
1.581762
1.558900
1.497964
1.395348
1.401709
1.441408
0.832842
1.441408
1.258904
1.396211
1.411987
1.188405
1.411987
1.411987
1.308531
1.411987
1.411987
1.197699
1.005815
1.104895
1.131447
0.889262
0.921177
1.236418
1.297309
0.782331
0.985116
0.853519
1.209295
1.209295
1.176499
1.050951
1.317193
1.176499
1.222767
0.736228
1.452768
1.436283
1.640287
1.546344
1.611402
1.578133
1.662024
1.662024
1.508339
1.482727
1.401709
1.339138
0.889531
1.441408
1.376196
1.339138
0.832842
1.339138
1.339138
1.245890
1.119187
1.076515
1.411987
1.177817
1.308531
1.125326
1.013485
1.184701
1.096578
1.131447
1.089671
0.924554
0.793666
0.713758
0.921177
0.837358
0.970045
1.065492
1.115896
1.086142
1.021686
0.984848
1.135797
1.135797
1.300660
1.674640
1.610585
1.640287
1.640287
1.466996
1.482727
1.422542
1.581762
1.581762
1.516765
1.541657
1.516765
1.459607
1.441408
1.441408
1.401709
0.832842
0.967720
0.993900
1.188405
1.308531
1.137686
1.023624
1.032871
1.254669
1.051731
1.051731
1.194860
0.956327
1.197699
1.139675
1.321723
0.981996
1.070474
1.070474
1.190655
1.297309
0.927615
0.962646
1.115896
1.058982
1.209295
1.209295
1.021686
1.209295
1.209295
1.192097
1.222767
1.222767
1.357212
1.466903
1.466903
1.610585
1.677378
1.674640
1.677378
1.698067
1.611402
1.611402
1.578133
1.581762
1.459607
1.459607
0.832842
1.253883
1.202459
1.245890
1.177817
1.590998
1.137686
1.137686
1.590998
1.308531
1.076471
1.018488
1.159133
1.136435
1.001613
0.810697
0.964603
0.949161
1.183696
0.974856
0.974856
0.837358
1.036088
0.985116
1.015621
0.977264
1.015621
0.977264
1.021686
1.209295
0.853519
1.466903
1.640287
1.606500
1.611402
1.611402
1.606500
1.606500
1.521943
1.521943
1.422542
1.401709
1.401709
1.255724
1.441408
1.253883
1.191636
0.832842
0.832842
0.916011
0.916011
1.305990
1.245890
1.188405
1.308531
1.322533
1.322533
1.023624
1.023624
1.322533
1.254669
0.997761
1.217867
1.005414
0.917335
0.889262
0.924554
0.904782
0.858740
0.736061
0.817490
1.084937
1.297309
0.970045
1.115896
1.036088
0.970045
1.086142
0.977264
1.098555
1.192097
1.610585
1.640287
1.611402
1.640287
1.611402
1.482727
1.521943
1.541657
1.541657
1.544839
1.355595
1.459607
1.459607
1.177817
1.590998
1.313772
1.251064
1.308531
1.076471
1.405643
1.136435
1.028011
1.028011
0.952281
1.001613
0.810697
0.804386
0.858740
0.904782
0.889262
0.785810
0.736061
1.349914
1.349914
1.349914
1.299065
1.036088
1.115896
1.058982
1.013551
1.121951
1.058982
1.098555
1.050951
1.050951
1.112280
1.050951
1.112280
1.357212
1.610585
1.484263
1.562913
1.527504
1.521943
1.556666
1.613094
1.544839
1.401709
1.255724
1.310812
0.832842
1.216976
1.109400
1.253639
0.830364
0.810697
1.005414
1.096301
0.905539
1.084937
0.970045
0.837358
0.962646
0.939034
1.021686
1.098555
0.896248
0.668995
1.055430
1.254864
1.366656
1.357212
1.366656
1.466903
1.484263
1.484263
1.496973
1.677378
1.476767
1.537593
1.537593
1.560277
1.453880
1.677378
1.499946
1.521943
1.556666
1.544839
1.544839
1.544839
1.401709
1.355595
1.533025
1.355595
0.933939
0.859984
1.052058
0.916011
1.052058
1.232737
1.232737
1.216976
1.313772
1.109400
1.109400
1.468114
1.109400
0.981582
0.981582
0.981582
1.159133
1.081894
1.050880
0.964603
1.096301
0.964603
0.858740
0.858740
0.858740
0.858740
0.904782
0.860830
0.974856
0.837358
0.956745
0.970045
1.070474
1.363389
1.065010
1.100533
1.034770
1.192097
1.496973
1.453880
1.453880
1.499946
1.562913
1.527504
1.533025
1.071335
1.232737
1.232737
1.216976
1.300678
1.028011
1.024648
1.137976
1.005414
0.917335
0.917335
1.152656
1.299065
0.956745
1.013551
1.100533
1.013551
0.977176
0.945388
0.945388
1.466903
1.495660
1.484263
1.495660
1.484263
1.476767
1.453880
1.560277
1.428864
1.499946
1.562913
1.613094
1.556666
1.556666
1.556666
1.556666
1.533025
1.613094
1.544839
1.544839
1.157672
1.310812
1.109853
1.109853
1.109853
0.859984
0.970255
0.970255
1.109853
1.202459
1.216976
1.071335
1.216976
1.125941
1.305990
1.232737
1.416346
1.313772
1.109400
1.405643
1.415612
0.995827
1.024648
1.137976
0.998560
0.964603
1.074900
1.035978
0.845612
1.096301
0.852963
0.878435
1.238641
0.896248
0.896248
1.484263
1.484263
1.453880
1.453880
1.562913
1.556666
1.556666
1.453076
1.453076
1.445981
1.579334
1.355595
1.112244
0.970255
0.970255
1.109853
0.859984
0.970255
1.109853
0.859984
0.970255
1.168378
1.052058
1.112244
1.052058
1.202459
1.158724
1.158724
1.202459
1.232737
1.216976
1.416346
1.468114
1.313772
1.468114
0.830364
1.135375
1.137976
1.035978
1.096301
0.795947
0.904782
0.785810
1.152656
0.785810
1.152656
0.878435
0.878435
1.363389
1.524586
1.299065
1.013551
1.299065
0.977176
1.635403
1.635403
1.635403
1.034770
1.034770
1.125377
1.397765
1.484263
1.420544
1.444458
1.453880
1.453880
1.509824
1.550500
1.562913
1.636008
1.622887
1.608872
1.543044
1.579334
1.453076
1.251315
0.991566
0.991566
1.049300
0.991566
1.235397
0.991566
1.109853
1.098501
1.106213
0.818533
1.146694
1.185188
1.203057
1.232737
1.203057
1.232737
1.416346
1.361313
1.405643
1.300678
0.861166
0.856649
0.998560
0.998560
0.998560
0.931365
0.850143
0.985851
0.785810
0.875135
1.145079
1.316992
0.990102
1.044089
1.363389
1.238641
1.013551
1.013551
1.524586
1.217263
0.977176
1.310027
1.095921
1.121951
1.112280
1.112280
1.116772
1.237167
1.254864
1.484263
1.420544
1.442801
1.385367
1.622887
1.566726
1.636008
1.622887
1.553523
1.622887
1.445981
1.049300
1.063126
1.235397
1.049300
1.103689
1.103689
1.063126
0.980080
0.980080
0.980080
1.160061
1.158724
1.160061
1.146694
1.291397
1.061342
1.161380
1.415612
1.361313
1.135375
1.140320
0.998560
0.998560
0.931365
0.969512
1.035978
1.035978
1.129503
0.956745
1.524586
1.217263
1.217263
1.089262
1.524586
0.939645
1.139883
1.397765
1.397765
1.420544
1.420544
1.385367
1.442801
1.442801
1.477126
1.509824
1.550500
1.550500
1.543044
1.622887
1.241135
1.241135
1.251315
1.251315
1.049300
1.063126
1.049300
1.049300
1.135584
1.103689
1.150850
1.168378
0.893332
0.893332
1.150850
1.160061
1.150850
1.146694
1.146694
1.319057
1.275763
1.275763
1.361313
1.461131
1.415612
1.415612
1.140320
0.969512
0.969512
0.850143
1.069201
1.060602
0.852963
0.985851
0.785810
1.316992
1.635403
0.939645
0.939645
1.484614
1.312854
0.945279
0.945279
0.918857
1.253111
0.945279
1.375349
1.444458
1.397765
1.322888
1.444458
1.509824
1.622887
1.543044
1.543044
1.241135
1.063126
1.063126
1.063126
1.235397
1.130108
1.135584
1.135584
1.164953
1.106213
1.106213
1.173290
0.818533
0.893332
1.159280
1.150850
1.043477
1.043477
1.150850
1.192198
1.146694
1.203057
1.222825
1.275763
1.060471
1.161380
0.949640
1.024648
1.117904
1.302994
1.140320
0.952129
0.952129
0.985851
0.985851
0.990102
1.316992
1.484614
1.044089
1.217263
1.089262
0.974593
1.310027
1.310027
1.310027
1.059615
1.139883
1.181179
1.397765
1.397765
1.397765
1.420544
1.385367
1.385367
1.385367
1.396670
1.622887
1.622887
1.049300
1.112783
1.063126
1.103689
1.164953
1.154133
1.038952
1.038952
1.135584
1.025779
1.203057
1.289035
1.278118
0.995827
0.911060
0.998560
1.140320
0.931365
1.168347
0.969512
0.852963
1.484614
1.178928
1.095921
0.912584
1.253111
1.256808
1.375349
1.281874
1.420544
1.442801
1.295117
1.587856
1.633285
1.477122
1.543044
1.622887
1.287021
1.234804
1.270684
1.112783
1.164953
1.239255
1.135584
1.154133
0.893332
1.030052
1.160061
1.282799
1.025779
1.216138
1.192198
1.022453
1.291397
1.213478
1.461131
1.389262
1.278118
1.217632
1.116450
0.939436
1.041543
1.041543
0.939436
0.901468
0.901468
0.985851
1.129503
1.316992
1.044089
1.346893
1.089262
1.095921
1.290549
1.310027
1.237167
1.444458
1.329301
1.322888
1.295117
1.301512
1.345927
1.396670
1.509824
1.477126
1.587856
1.477122
1.274575
1.543044
1.280404
1.004733
1.180550
1.270684
1.270684
1.154133
1.234804
1.154133
1.239255
1.106213
1.025779
1.030052
1.077138
1.308744
1.213478
1.060471
1.274482
1.274482
0.984024
0.984024
1.042103
1.124926
0.952129
0.952129
0.927303
0.990102
1.040748
1.484614
1.346893
1.484614
0.966164
1.343686
1.295117
1.295117
1.561889
1.587856
1.616544
1.587856
1.477122
1.587856
1.287021
1.274575
1.280404
1.270684
1.154133
1.180550
1.270684
1.270684
1.142932
1.077138
0.817321
0.817321
1.289035
1.308744
1.308744
1.022453
1.022453
1.217632
1.116450
0.911060
1.124926
1.124926
1.035978
0.901468
1.129503
1.207872
1.207872
1.185841
1.290549
1.290549
1.090118
1.178928
0.945279
1.139883
1.181179
1.343686
1.343686
1.323545
1.323545
1.420544
1.295117
1.301512
1.561889
1.587856
1.587856
1.195455
1.234804
1.173290
1.100483
1.154133
1.030052
0.972741
0.934904
1.282799
1.282799
1.282799
1.173290
1.282799
1.282799
1.259298
1.289035
1.376541
1.308744
1.364428
1.074596
1.274482
1.378578
1.217632
1.112172
1.283183
1.112172
1.112172
0.952129
0.927303
1.040748
0.974593
0.974593
1.346893
1.185841
0.966164
1.126054
1.066562
1.256808
1.343686
1.343686
1.278276
1.343686
1.301512
1.396670
1.420434
1.477126
1.561889
1.587856
1.180550
1.180550
1.212919
1.195455
1.307134
1.270684
1.154133
1.333162
1.077138
1.192198
1.046372
1.093203
1.093203
1.060471
1.117904
1.376541
0.978651
1.116450
0.946409
1.061293
1.041543
0.893349
0.893349
1.155261
1.207872
1.125299
1.323883
1.323883
0.974593
1.126054
1.066562
1.090118
1.281874
1.281874
1.290291
1.290291
1.278276
1.278276
1.295117
1.561889
1.420434
1.477122
1.477122
1.274575
1.261986
1.261986
1.245547
1.270684
1.180550
0.972741
1.063554
0.701018
1.333162
1.327215
1.046372
1.364428
1.074596
1.074596
1.233091
1.030870
1.006984
1.378578
1.107076
0.911060
1.061293
1.040748
1.040748
1.155261
1.155261
1.346893
1.323883
1.126054
1.126054
0.851431
1.130589
1.130589
1.135587
1.301512
1.396670
1.396670
1.266957
1.511175
1.420434
1.307134
1.277376
1.112783
1.100483
0.900437
1.100483
1.169711
1.169711
1.169711
1.046372
1.230784
1.230784
1.230784
1.364428
1.175834
1.175834
1.093203
1.133445
1.074596
1.030870
1.061293
1.040748
1.220883
1.138713
1.177379
1.177379
1.042066
1.290549
0.966164
0.966164
0.912584
1.210044
1.110493
1.022389
1.254857
1.254857
1.343686
1.235701
1.290291
1.266646
1.274563
1.266646
1.266646
1.290291
1.274262
1.274262
1.261986
1.287021
1.277376
1.195455
1.277376
1.239255
1.277376
1.063554
0.934904
1.194736
1.194736
1.184193
0.701018
0.701018
1.100483
1.333162
1.327215
1.371273
1.348750
1.169711
1.349145
1.348750
1.348750
1.349145
1.230784
1.230784
1.230784
1.175834
1.175834
1.175834
1.326286
0.978651
1.159226
1.042066
1.125299
1.042066
1.138713
1.138713
1.164914
1.177379
1.164914
1.164914
1.248475
1.041997
1.135587
1.135587
1.207694
1.207694
1.274563
1.266957
1.333102
1.333102
1.511175
1.511175
1.274262
1.230918
1.245547
1.307134
1.212919
1.277376
1.082960
1.100483
1.364285
0.974878
1.174320
1.349145
1.348750
1.331211
1.230784
1.230784
1.174320
1.317972
1.175834
1.175834
1.233091
1.159226
1.159226
1.042066
1.184762
1.184762
1.222575
1.177379
1.041997
1.248475
1.309325
1.164914
1.248475
1.041997
1.210044
1.130589
0.738859
1.254857
1.254857
1.254857
1.274563
1.274563
1.266957
1.266957
1.462956
1.261986
1.220274
1.212919
1.212919
1.263456
1.212919
1.307134
1.277376
1.358147
1.297832
0.701018
1.348750
1.339291
1.570264
1.207975
1.372948
1.220873
1.174320
1.057424
1.349145
1.106971
1.036111
1.238008
1.036111
1.006816
0.940786
0.940786
1.107076
1.159226
1.107076
1.042066
1.164914
1.164914
1.309325
1.222575
1.184762
1.196965
1.041997
1.222575
1.236249
1.229658
1.207694
1.254857
1.368197
1.368197
1.274563
1.275739
1.274563
1.275739
1.333102
1.299695
1.511175
1.462956
1.420434
1.184613
1.212919
0.613616
1.333162
1.272944
1.371273
1.101836
1.458052
1.251951
1.315928
1.251951
1.220873
1.349145
1.251951
1.331211
1.207975
1.207975
1.102906
1.297733
1.106971
1.102906
1.036111
0.940786
0.963741
1.138713
1.041997
0.936045
1.196965
1.110493
0.948832
0.789148
1.198458
1.236249
1.170024
1.166078
1.207694
1.235701
1.213669
1.266957
1.275739
1.462956
1.420434
1.299695
1.274262
1.139235
1.215193
1.139235
1.200139
1.263456
1.212919
1.251696
1.195455
1.251696
1.184193
1.297832
1.080698
1.184193
1.358147
1.119025
1.358147
1.364149
1.339291
1.339291
1.331560
1.251951
1.207975
1.220873
1.207975
1.106971
1.006816
1.102906
1.036111
1.138713
1.135371
1.196965
1.037723
1.298529
1.213669
1.298529
1.213669
1.275739
1.211411
1.211411
1.139235
1.215193
1.246413
1.246413
1.246413
1.200139
1.200139
1.200139
1.252434
1.200139
1.185978
1.263456
1.200139
0.865324
1.082960
0.867806
1.231525
1.297832
1.080698
1.364149
1.358147
1.119025
1.331560
1.315928
1.220873
1.207490
1.131599
1.207490
1.207975
1.220873
1.207975
0.818978
0.818978
1.138713
1.029276
1.042066
1.135371
1.070466
1.138713
1.222575
1.202229
1.136805
0.752498
1.229658
1.229658
1.298529
1.213669
1.298529
1.462956
1.462779
1.140715
1.246413
1.140715
1.200139
1.267677
1.200139
1.251696
1.135489
1.263456
1.263456
1.251696
1.358147
1.358147
1.340448
1.331560
1.057424
1.131599
0.818978
0.783262
0.933215
0.818978
0.818978
0.777149
0.777149
1.070466
0.936045
0.794445
1.202229
1.202229
0.789148
1.202229
1.198458
1.213669
1.213669
1.334768
1.299695
1.127244
1.200139
1.184613
1.200139
1.089674
1.213217
1.200139
1.184613
1.135489
1.290931
0.589216
0.865324
1.297832
1.119025
1.085496
1.291828
1.331560
1.315928
1.306480
0.699644
0.818978
0.933215
1.070466
1.135371
1.135371
1.196965
1.196965
0.948832
1.244052
1.175416
1.213669
1.334768
1.211411
1.299695
1.215193
1.246413
1.160201
1.185978
1.215719
0.867806
1.179501
1.123390
1.042443
1.364149
1.101836
1.207490
1.207144
1.306480
1.162131
1.162131
0.933215
0.818978
0.897403
1.070466
1.029276
0.841844
0.918967
0.841844
0.782066
1.229658
1.232005
1.166078
1.232005
1.208662
1.275739
1.275739
1.334768
1.334768
1.462956
1.256238
1.163411
1.160201
1.213217
1.249835
1.249835
1.249835
1.135489
1.213217
1.299538
1.123390
1.042443
1.320618
0.957142
1.193017
1.291828
1.279339
1.085496
1.105300
1.237294
1.237294
0.699644
0.783262
0.818978
0.933215
0.777149
0.777149
0.922453
0.673183
1.174873
0.870107
1.244052
1.198458
1.154134
1.232005
0.785934
1.232005
1.232005
1.213669
1.363037
1.074412
1.127244
1.140715
1.160201
1.089674
1.134825
1.154068
1.215719
1.215719
1.290931
1.253604
1.028939
1.279339
1.237294
1.304907
0.760477
0.678969
0.678969
0.760477
0.796146
0.948832
1.001663
1.244052
1.175416
1.256238
1.256238
1.160201
1.213217
1.160201
1.213217
0.718607
0.997880
0.933667
1.123390
1.285343
1.028939
1.291828
1.279339
1.279339
0.855828
0.760477
0.756684
0.669206
0.796146
0.870107
1.174873
1.245945
1.245945
0.785934
1.131389
0.626245
0.626245
1.208662
1.334768
1.156370
1.256238
0.599170
1.163411
0.995202
1.163411
1.163411
1.163411
1.213217
1.160201
1.249835
0.869979
0.718314
1.012074
1.154068
1.213217
1.028939
1.285343
1.204107
1.298223
0.760477
0.855828
0.926445
0.796146
0.926445
0.926445
0.796146
0.756684
0.926445
1.127638
0.870107
0.870107
1.127638
1.127638
0.994405
0.990821
0.990821
0.994405
1.174873
1.203140
1.174873
0.990821
1.111321
1.244052
1.281158
1.232005
1.063852
0.626245
0.626245
1.231271
1.074412
1.148231
0.599170
1.034856
0.599170
0.645795
1.118164
1.134825
1.163411
1.202450
1.163411
1.160201
0.718314
0.718314
0.991618
1.190348
1.241824
1.285343
1.174967
1.168199
0.678969
0.756684
1.127638
1.131012
1.203140
1.127638
0.939288
0.990821
1.111321
1.281158
1.187530
1.245945
1.172614
1.172614
0.785934
0.939288
1.112341
0.828310
0.978198
0.621995
1.034856
1.092883
0.600630
1.118164
1.214152
0.995202
0.600630
0.995202
0.995202
1.092883
1.126720
1.012074
1.236517
1.089674
0.948986
0.948986
1.236517
1.213677
1.247817
1.093198
1.281536
1.247817
0.855828
0.756684
1.002418
0.944769
1.071259
1.111321
0.889596
0.828310
1.112341
0.794556
0.828310
0.617055
0.828310
0.964582
0.794556
1.142722
1.334768
0.621995
1.118164
1.102815
1.118164
1.175221
1.118164
1.092883
0.600630
1.202450
0.610172
0.869979
1.240625
1.247817
1.213389
1.174967
1.242571
1.168199
1.255922
1.255922
1.232005
1.144034
1.063852
1.063852
1.187530
1.111321
1.002418
1.111321
1.043218
1.253262
1.112341
0.962105
0.964582
0.964582
1.142722
0.794556
0.794556
0.964582
1.231271
1.142722
0.891222
0.734350
0.891222
0.910172
1.148231
0.978198
0.987766
1.118164
1.118164
0.987766
0.823331
0.826533
1.214152
0.990359
0.823331
1.012074
1.012074
0.990359
1.202450
1.089674
1.240625
1.255922
1.006481
1.213389
1.144034
1.187530
1.187530
1.063852
0.962105
1.043218
0.962105
0.962105
0.617055
0.617055
0.794556
0.734350
0.734350
0.734350
0.891222
1.148231
0.729914
0.729914
0.729914
0.729914
0.995105
0.614315
0.796365
0.621995
0.826533
0.995105
0.826533
0.990359
0.826533
1.118164
0.823331
0.823331
1.175057
1.240625
1.152198
1.116504
0.991618
1.038686
1.038686
1.112341
0.962660
0.891222
0.910172
1.148231
0.956894
0.897713
0.910172
0.614315
0.729914
1.148231
0.978198
0.614315
0.614315
0.843510
0.796365
0.995105
0.995105
1.034585
0.987766
1.118164
1.119759
1.214152
1.116504
1.247817
1.094018
1.242571
1.120951
1.002755
1.002755
1.012232
1.043218
0.617055
0.591404
0.590327
0.956894
0.987766
1.119759
1.202450
1.170107
1.202450
0.980016
0.999172
0.898941
1.117792
0.949876
1.187530
1.017653
0.962660
1.012232
1.043218
1.049507
0.957745
0.964582
0.894093
1.040453
1.040453
0.897713
0.910172
1.005727
1.005727
0.980016
0.999172
1.075398
1.175057
1.075398
1.075398
1.094018
1.120951
1.114539
0.956894
0.980016
1.025717
1.146605
1.175057
1.143845
1.120951
0.937489
1.017653
1.049507
0.949876
0.852498
0.885399
0.894093
1.040453
0.885399
1.034585
1.119759
1.119759
1.146605
1.094018
1.002755
1.038686
0.940447
1.002755
0.887146
0.894093
1.002852
1.049507
1.040453
0.897713
1.040453
0.897713
1.051964
1.034585
1.114539
1.005727
0.966155
1.170107
0.950732
0.878328
0.960489
1.120951
1.038686
0.940447
0.854531
0.885399
0.868863
0.957015
1.045592
1.034585
1.045592
1.119759
0.950732
1.143845
1.030886
0.968003
0.968003
0.861879
0.940447
0.914536
0.989411
0.936504
0.861879
0.918917
0.918917
1.051970
0.922987
0.966155
0.950732
0.950732
0.878328
1.129241
1.030886
1.030886
1.128190
0.960489
0.940447
0.940447
0.989411
0.914536
0.914536
1.002852
0.989411
0.804223
0.934679
1.045592
0.966155
0.922987
1.129241
1.072602
1.072602
0.878328
0.960489
0.936504
1.072262
1.004610
1.072262
1.184604
1.184604
0.989411
0.957015
1.099408
1.045592
1.002852
1.051970
1.051970
1.146159
1.057896
1.154703
1.171389
1.171389
1.057896
1.057896
0.950732
1.021665
1.129241
1.128190
1.128190
1.129241
0.950732
1.021665
1.128190
0.968003
1.088716
0.968003
1.004610
1.004610
1.088716
1.080679
1.080679
1.147030
1.202130
1.099408
1.154703
1.188938
1.188938
1.484263
1.385367
1.385367
0.718991
0.892370
0.892370
1.385367
1.453880
1.345153
1.345153
1.345153
