6273 1 3
1.622997
1.817566
1.587894
1.798352
1.697779
1.663112
1.813758
1.861572
1.920817
2.068054
1.534404
1.680311
1.976299
2.402434
1.782710
1.570879
1.611441
2.226466
2.283190
1.792769
1.811153
2.206190
1.577029
1.549848
1.723432
2.104645
2.300163
2.362660
1.957850
2.129375
2.010442
1.506650
1.890801
2.106684
1.942985
1.709551
1.913082
1.784019
1.485746
1.673922
2.157101
2.095194
1.819932
2.296214
2.285212
2.364671
2.421451
2.404322
2.276629
2.209142
1.865134
1.753812
2.089075
2.133511
2.075581
2.168712
2.291876
1.922705
1.708754
2.025306
2.152563
1.517265
1.479932
1.602851
2.271600
2.347071
2.328500
2.054396
2.206119
2.277784
1.457449
1.467644
1.507907
2.056340
2.262448
1.425144
2.288372
1.588547
2.103048
2.175207
2.012103
1.941031
2.199382
2.078893
1.736305
2.004483
1.608086
2.099705
2.042061
2.249948
2.254135
2.457212
2.349609
2.405712
2.194438
1.520396
2.113017
2.288864
2.317446
2.013187
1.993309
1.436464
1.663192
2.348393
2.039184
1.451683
2.243197
1.515741
1.643854
2.220805
2.236774
1.751760
1.838329
2.052564
2.001949
2.069005
1.885507
2.165756
2.286844
2.172675
2.428511
2.160525
2.382381
2.229528
1.881020
2.011156
1.948622
2.458401
2.044537
1.596916
1.834002
2.201348
2.248190
2.215964
2.409676
2.038846
1.862736
2.279060
1.667531
2.006580
1.542715
2.116816
2.147988
1.495793
1.529261
2.222076
2.234310
2.238420
2.282391
2.490452
2.265355
2.193130
2.192757
2.556793
2.568313
2.225024
2.158718
2.546191
2.318192
1.997371
1.525444
1.962752
1.635539
2.248935
2.515744
2.432234
2.293326
1.608331
1.768118
2.064606
2.157367
2.199290
1.990955
1.555583
2.028201
2.098732
2.041329
2.083426
1.946941
1.954092
2.121192
2.249375
2.176342
2.172986
2.296423
1.459780
2.211990
2.477459
2.542330
2.228839
2.357995
2.202519
2.512846
2.211779
2.304275
2.497567
2.254231
2.375793
1.568408
2.269217
1.497229
1.515827
2.085864
2.343487
2.512082
2.022381
1.833613
2.026375
2.667213
2.590123
2.118896
1.502301
2.277837
2.276989
1.870865
1.472656
1.975723
1.957723
1.453304
1.562163
1.452621
2.278067
2.534002
2.374598
2.468343
2.226825
2.644170
2.313391
2.312648
2.602214
2.406080
2.427021
2.252651
2.007374
1.518218
2.302133
1.605582
2.046125
1.712503
2.324167
2.381988
1.728235
1.651846
1.416856
2.005567
2.125518
1.964879
1.391546
2.114014
2.169606
2.151199
2.212569
2.326318
2.459587
1.601789
2.327821
1.692155
1.542792
2.463286
2.357965
2.619925
2.602896
2.552178
2.392295
2.346908
2.576252
2.403708
2.233923
2.288137
2.155074
2.126871
2.363446
2.456204
2.348339
2.267754
2.182495
2.366842
2.336681
1.649417
2.362305
2.311186
1.861851
1.956688
2.034000
2.126583
1.825938
2.020667
2.111130
1.388796
2.133872
2.320065
2.153411
2.320065
2.253414
2.234320
1.580399
2.428063
2.262219
2.706822
2.628943
1.567792
2.714567
2.305880
2.459778
2.466801
2.644230
2.452618
2.491803
2.337210
2.238497
2.144481
1.931756
2.225896
2.261620
1.484445
2.378970
2.352545
2.336087
1.727518
1.838880
2.283170
1.936336
2.292512
1.686983
1.643677
2.011341
1.994109
2.126240
1.465531
1.529341
2.275709
2.109262
1.606098
2.198860
2.471484
2.426444
2.598284
1.724471
2.246568
2.631208
2.369159
2.802424
2.380553
2.344991
2.258807
2.225966
2.377172
2.566141
2.335772
2.244600
2.353499
2.246222
2.108533
2.080879
2.314870
2.224128
2.692257
2.315241
2.297285
2.435419
2.679616
2.289180
2.775285
1.694184
1.550195
2.271085
2.276381
2.229888
2.552353
2.328491
2.525722
2.511232
1.549934
2.406842
2.478595
1.678313
2.452249
2.140188
2.301667
2.088998
1.572898
1.959841
1.449973
1.529449
2.108143
1.398789
2.199114
2.482016
2.444228
2.310627
2.586327
2.606110
2.666042
2.237852
2.626906
2.423642
2.418327
2.656036
2.502913
2.082330
1.609151
2.484075
2.430369
2.417622
2.411710
2.269740
2.462540
2.238478
2.222465
2.418389
1.708956
1.801834
2.424720
2.637127
1.719418
1.653497
2.297220
2.786903
2.695813
2.459450
2.114978
2.287409
2.399268
2.393174
2.323910
2.220164
2.419590
1.654890
1.721344
2.236867
2.418347
1.777482
1.761476
2.417137
2.288753
1.988988
2.102554
1.529287
2.145008
2.054308
2.108887
2.301683
2.055608
2.255053
2.424513
2.396305
2.374898
2.373646
1.669085
2.327292
2.648550
2.604496
2.599544
2.296520
2.338044
1.493297
2.158589
2.622808
1.619344
2.189882
2.365929
2.734872
2.523615
1.839604
2.292180
1.569735
1.830367
1.359978
2.070225
2.332802
2.371095
2.477496
2.729882
2.606954
2.608365
2.289954
2.608376
2.468711
2.554467
1.567493
2.271085
2.284835
2.120215
2.486217
2.607128
2.613804
2.628334
2.293669
2.553169
1.821632
2.456819
2.296881
2.476792
2.430406
2.317427
1.938650
1.354068
1.414648
1.692371
2.036480
2.139720
1.619181
1.450468
2.095973
2.169370
1.507771
1.483831
2.188511
1.829239
1.518897
2.385971
2.636233
2.450925
2.384453
2.524406
2.457401
2.437217
2.416393
2.673751
2.275131
2.776204
2.717280
2.861752
2.823812
2.618007
2.657351
2.552353
2.539883
2.537503
1.661495
1.716687
1.764219
2.615289
2.617108
2.501985
2.405574
1.759140
2.536615
2.259039
2.462348
2.484786
1.977921
1.543452
1.851559
1.986271
2.091506
2.031988
1.542313
2.188976
2.455513
2.395386
2.369008
2.381831
2.517753
2.317138
2.521908
2.312462
2.648443
2.737495
2.687824
1.854459
2.847624
2.738649
2.818822
2.386389
2.379896
2.582100
2.745822
2.110801
2.366603
1.653779
2.341660
2.571843
2.153858
2.149326
2.497439
2.433134
2.407817
2.065957
2.063828
1.388963
2.012380
2.156067
1.594464
2.149645
2.348188
1.528003
2.300552
2.389705
2.028027
2.307742
2.606324
2.691734
2.483505
2.360437
2.448271
2.586000
2.559051
2.354788
2.313558
1.845196
1.865379
2.414313
1.924888
1.747115
2.765818
2.684183
2.891681
2.810924
2.907387
2.778772
1.715490
2.666540
2.494600
1.621775
2.749417
2.452618
2.558074
2.382453
2.557188
2.793280
2.699630
2.705010
2.150563
2.467918
2.265071
2.164531
2.370607
2.298854
2.227612
2.003503
2.412587
2.065801
2.281738
2.191446
2.024476
1.383863
1.619181
2.176109
2.293024
2.471254
2.393271
2.448992
2.588560
2.386231
2.642541
2.667805
1.829466
1.742705
2.863180
1.801561
1.830415
2.454532
2.661342
2.841091
2.447641
1.701495
2.886665
2.779748
2.730054
2.464586
1.658323
2.573895
2.794570
2.269465
2.178013
2.914033
2.734872
2.457459
2.286379
2.256988
1.981510
2.195453
2.191126
2.225250
2.123168
2.120521
2.399930
2.217844
2.253938
2.271168
1.644761
2.402608
2.403960
2.414185
1.927954
2.743426
2.747565
2.570080
2.286499
2.305600
2.731184
2.881140
2.508747
2.552813
1.947148
1.937890
2.500966
3.009954
2.601135
2.497313
2.786846
2.939418
2.885636
2.774913
2.645859
2.802685
2.802685
1.728094
2.152471
2.786983
2.158892
2.154177
2.195470
1.970973
1.938331
2.199276
2.102028
2.867630
2.424287
2.495812
2.269326
2.128267
2.278727
2.375457
2.172719
2.401362
1.396600
1.371779
1.679925
2.399930
1.401699
2.242981
2.214877
2.471254
2.475409
2.710968
2.703557
2.524920
2.671590
2.511516
2.398050
2.513331
2.336426
2.449346
2.735799
1.842424
2.326040
2.868766
2.507821
2.458001
2.462443
2.245928
2.696401
2.287297
2.441403
2.515039
2.703833
1.678506
2.963110
2.871062
1.842353
2.657116
2.212811
2.692644
2.136631
2.733168
2.300988
2.378472
2.491929
2.410432
1.562675
1.368796
2.114702
2.230919
1.610778
1.440475
2.323711
2.437799
2.308912
1.785810
2.635077
2.494148
1.857074
2.266327
2.716340
2.225853
2.900385
2.905407
2.664322
2.620875
2.677907
2.420191
2.404713
2.366929
2.620728
1.926006
2.367190
2.640495
2.660408
2.717205
3.010980
2.592331
1.696079
2.768232
2.571831
2.944621
2.684834
2.101864
2.376080
2.345129
2.330696
2.311488
2.144276
1.549669
1.684761
1.465023
2.308912
1.793373
2.489271
2.506372
2.409508
2.426650
2.730742
1.873429
2.699409
2.896258
2.903366
2.596971
2.755175
2.551122
2.774650
2.539910
2.778054
2.178435
2.219721
2.282151
3.053488
2.181197
2.899267
3.029645
1.875208
1.765419
2.318261
2.165694
2.160692
2.102786
2.157630
1.512987
1.652710
1.315741
1.888917
2.128419
2.137889
2.307300
2.313298
2.186809
2.321213
1.525589
2.316489
2.368984
2.468740
3.005767
2.403836
2.933040
2.766418
2.945935
2.705267
2.510706
2.735436
1.788782
1.758181
2.620919
2.472940
1.766643
2.700168
2.637477
2.189952
2.226005
2.766765
2.158253
1.944870
1.891534
2.330220
3.040134
3.011775
3.057006
2.929389
2.072955
2.889115
1.788378
2.266433
2.250479
2.066617
2.408220
2.296288
2.211548
1.934258
1.736712
1.861722
1.361456
2.064840
2.098539
1.943719
1.866603
2.283116
1.516900
2.344475
2.248355
2.365009
2.382750
1.732390
2.431938
2.357375
2.213565
2.543303
2.687426
2.052742
1.851385
2.725187
2.789299
2.612880
2.587214
2.939904
2.819753
2.833478
3.008965
2.869699
2.966657
2.472791
2.943599
2.631149
2.583059
2.765605
2.968919
2.948483
2.905655
3.031262
2.954064
2.830269
3.068425
3.008315
1.984978
2.960426
2.311628
2.234236
1.909958
1.906153
2.251162
2.144370
1.933448
2.358024
2.335923
2.222358
1.927245
2.248192
1.993928
1.662675
1.721971
2.199342
1.465057
1.974516
2.241466
2.263522
2.216641
2.497796
2.388496
2.898255
3.132852
2.893332
2.817078
2.969955
2.817078
1.981528
2.376215
2.314486
2.965721
1.819691
2.954087
2.980498
3.008159
2.870765
3.083299
3.088489
2.830130
2.051558
1.813609
2.737022
2.928035
3.049795
3.029645
3.071752
2.239433
3.036766
1.929126
2.582851
2.421803
2.664948
2.024882
2.237581
2.403427
2.398243
2.102723
2.058786
1.425834
1.392003
1.803549
1.828172
2.010515
2.088252
2.486281
2.891525
2.784274
2.330631
1.803041
2.898089
2.458718
2.388149
2.292831
2.963315
3.090451
2.981276
3.009276
2.512729
2.905935
2.926939
2.772301
1.916290
1.883470
2.852190
2.963071
2.369068
2.443610
2.325562
2.551774
2.411213
2.759146
2.160315
2.180836
2.193106
2.184597
1.851462
1.864816
2.421160
2.388040
2.143237
1.906144
1.807545
2.315070
2.308686
2.187311
1.966565
2.275004
2.341785
2.282989
2.178277
2.213576
2.223939
2.570292
2.738533
2.822546
3.057113
3.016872
1.880725
1.952867
2.922930
2.303685
2.841427
2.873917
2.927342
2.920293
2.328001
2.717060
2.420835
1.870091
2.907814
2.886923
2.877474
2.907814
2.508824
2.713776
3.029796
2.597130
2.210548
2.395590
2.452746
2.167139
1.978423
1.953194
2.210352
2.291389
2.429615
2.396735
2.481372
2.161770
2.269953
2.286972
1.372481
2.285891
2.245665
2.215896
2.095765
2.519982
2.454418
2.243335
2.204628
2.254372
2.494836
2.192406
2.291918
1.988639
2.988889
1.813086
3.143072
2.802178
2.933307
2.040016
2.840567
1.967520
1.842156
2.924584
2.604201
2.789540
2.848098
2.873863
2.908769
3.092644
2.292713
2.229580
2.230489
2.168846
2.293705
2.372436
2.315315
2.189696
2.170342
2.215080
1.987668
2.340849
2.169778
2.114234
2.194033
2.362036
2.447173
1.462075
2.328396
2.405146
2.260865
1.605031
1.627550
2.056738
2.573002
2.828654
2.442193
2.398350
3.165518
3.113364
3.090451
2.926462
2.314075
2.769259
2.899819
2.026310
2.930923
3.003773
3.079398
2.984770
2.969229
1.838156
2.955279
2.000231
2.018130
2.344211
3.067070
2.981814
2.107872
2.394155
2.610456
2.677455
2.220114
2.579243
3.176281
3.014917
2.319333
2.344326
2.826425
2.164232
2.722737
2.193372
2.397302
2.112922
1.982057
2.514122
2.543456
2.703368
2.565426
1.842810
2.419978
2.554270
2.319566
1.724625
1.406014
1.992212
2.223764
2.043128
2.362160
2.237792
2.303535
2.366915
1.606408
2.511581
2.555398
2.620522
2.411021
2.359871
2.501613
2.712156
2.949645
2.834673
2.898247
2.666317
2.525714
1.781330
2.379559
2.337898
2.724813
2.743170
2.985476
1.865914
2.377105
2.393569
1.784563
2.795807
2.517500
2.615054
3.146780
2.368006
2.199698
1.989141
3.077022
3.129160
2.288924
2.119528
2.109672
2.305281
2.455313
2.713469
2.644346
2.542062
2.331999
2.416282
2.314239
1.612460
1.710163
1.366784
1.989080
1.537313
2.430233
2.170403
2.279979
2.519770
2.357178
2.651145
1.981801
3.060912
3.098856
2.479179
1.835664
2.976409
2.186156
2.335713
1.852759
2.804855
2.035975
3.055021
3.101168
2.925311
2.489989
2.430083
2.380261
2.430574
2.330819
2.407553
3.267670
3.158846
2.366019
2.205195
2.573299
2.779656
2.280970
2.543000
2.361399
1.852575
2.468452
1.795239
1.932027
1.878561
2.319566
2.360302
1.482638
1.455063
1.392003
1.371867
1.410199
1.464004
1.465066
2.162270
1.571356
2.236140
2.327963
1.642370
1.733212
2.923485
3.053672
1.923780
2.328418
1.995402
3.094619
3.020832
1.793327
1.768985
2.879530
2.406790
3.121450
2.049187
2.195055
2.310189
2.604691
2.430574
2.104503
3.057317
2.804781
3.108389
2.973197
2.974019
2.852313
2.650228
2.265609
2.468786
2.399545
2.230870
2.568804
2.633959
2.204757
2.464985
1.828954
2.511915
2.182581
2.399474
2.328926
1.827953
1.823370
1.856604
1.681870
2.372205
2.379933
2.504925
2.392327
1.848835
2.586257
2.712156
2.573002
1.907820
2.007072
2.998395
3.063141
2.976409
2.990229
3.104011
3.075021
3.101587
2.458720
3.117345
3.153952
2.971034
2.262517
2.727990
3.048489
2.739615
3.153188
3.208963
2.016972
2.101613
3.150326
2.405831
2.654675
2.683331
2.517797
2.687849
2.314301
2.526183
2.077706
2.193779
2.922993
2.201541
2.217949
2.426426
2.244679
2.719441
2.386344
2.333209
2.277954
2.556444
2.655582
2.501002
2.318350
2.593056
2.644790
2.581543
2.398583
2.605767
2.510590
2.428969
2.223871
2.322067
1.993530
1.806959
1.940912
1.607701
1.614584
2.322794
1.510142
2.189413
2.216351
2.682432
2.733855
1.620404
1.640451
2.570878
2.030093
2.468151
2.721085
2.922863
2.898247
3.045893
1.773258
2.181333
2.437941
3.056702
2.986745
2.893690
2.693713
2.052162
3.218420
2.487375
3.196481
2.474113
2.031773
2.642163
2.276340
2.314301
2.192498
2.848126
2.401093
2.215947
2.811023
2.072371
2.642293
2.619802
2.613787
2.506838
2.657676
2.625240
2.606496
1.984938
2.280391
2.278991
2.167202
2.183703
2.125572
1.393207
1.537313
1.429199
1.558100
2.134946
2.180207
2.550511
2.588374
1.638267
1.642555
3.008671
2.625566
2.803563
3.148481
1.914262
1.929872
1.940306
2.132064
1.853879
1.798151
3.146514
3.156676
3.208963
3.148599
2.788913
3.209119
2.520309
3.162704
2.395068
2.576257
1.991862
2.480499
2.701157
2.591177
2.933535
2.200626
2.739040
2.986240
2.402880
2.713010
2.769593
2.848043
2.398583
2.571847
2.293903
2.173063
1.922706
2.442276
1.925564
1.965828
1.853111
1.378668
2.277263
2.250593
2.491696
2.377488
2.655209
2.522960
2.773709
2.324860
2.344564
2.536748
2.551889
1.922562
2.929335
3.039912
2.958783
3.055231
1.874597
1.853543
3.154304
3.107418
3.019256
3.165360
1.826588
1.864935
2.020406
2.007193
1.987532
2.133018
2.813829
2.429589
2.505880
2.472454
2.641365
2.276748
2.731837
2.670613
2.655413
2.664792
2.798718
2.204458
2.813632
2.219919
2.648856
2.526332
2.217340
1.875809
2.285349
1.874164
1.968200
2.348137
2.340201
1.389392
1.874835
1.497199
1.541552
1.544244
1.636574
1.638572
2.333019
2.758173
1.758685
2.501613
2.484044
2.414011
2.056391
3.146708
3.145946
2.373556
2.136480
1.731740
2.053298
3.094619
2.132064
1.922546
1.833232
3.155301
3.123161
2.178975
3.020894
3.108405
1.863219
2.863630
2.590515
2.625649
2.571103
2.677455
2.641365
2.160563
2.514972
2.339724
2.426967
2.242226
2.963874
2.977995
2.856894
2.170634
2.883921
2.520997
2.031498
2.341299
2.234533
2.554315
2.599730
2.229506
2.330231
1.681963
1.601951
2.144135
2.146608
2.784770
2.783312
2.294796
1.988266
2.563767
2.417377
2.096844
1.703676
2.678093
2.890925
2.803563
2.169139
2.191953
1.969519
1.936684
2.537215
2.409996
2.024900
2.264583
2.717837
2.380866
3.218420
1.862204
1.838441
2.476807
2.879228
2.031329
2.574337
2.696759
2.810199
2.721690
2.418860
3.061535
2.987276
2.768207
2.953067
2.989392
2.364664
2.153251
2.252167
2.255016
2.660701
2.377441
2.522637
1.848094
2.086519
1.893501
2.241389
2.675941
2.784770
1.752459
1.988266
1.814193
2.761468
2.570878
3.157628
2.851377
3.181507
2.468563
3.165360
1.737149
1.955500
1.634631
1.769022
1.714846
2.703042
1.916174
1.464195
1.699104
2.606324
2.532609
2.553499
1.874324
1.875013
2.441570
2.567602
2.409587
2.354776
2.453446
2.178778
2.499084
2.483320
2.309216
3.039658
2.779656
3.017408
2.359285
2.394735
2.645346
2.398583
2.531106
2.667553
2.521808
2.580125
2.706513
2.488549
2.674735
2.667553
2.418916
1.824114
1.881241
2.172028
2.133841
2.117049
2.160762
2.048286
2.149792
2.182651
2.280396
2.453376
1.855330
2.247310
1.515396
1.854290
1.977041
2.519491
2.720743
2.503638
1.808900
2.025122
2.510318
3.088155
3.056425
2.711220
2.011892
2.565468
2.520190
2.545898
2.448140
2.481017
2.971338
3.188033
1.789413
1.985059
2.029154
2.260323
3.106371
2.441913
2.417715
2.092937
2.974068
2.884374
2.183401
2.003679
1.880330
2.186310
2.597148
2.421559
2.381047
2.344326
2.110932
2.280761
2.427742
2.273434
1.491782
1.495534
1.827829
1.900297
1.548992
1.972665
2.091791
2.281821
2.175499
2.359087
1.883475
2.460762
2.250628
1.755199
2.690868
2.852643
1.531794
2.984374
2.642181
3.109872
3.181507
1.947433
2.345161
2.249066
1.775121
1.855942
3.089015
2.804883
2.654675
2.065530
2.357559
2.311266
2.568748
3.100322
2.998649
2.211206
2.515057
2.365467
2.654324
2.576513
2.639630
2.335280
1.343876
1.361849
1.897407
1.642791
2.187904
2.461283
2.075253
2.488434
2.403512
2.724415
2.391074
3.155957
2.631458
2.959619
1.886742
1.922592
2.275380
2.672403
2.883067
2.776213
2.331678
2.302603
3.142794
2.639392
2.550436
2.366832
2.460354
2.736640
2.756131
2.216136
2.063248
2.177776
2.160556
2.419342
2.452240
2.554435
1.851381
2.168686
1.925780
2.164467
1.385947
1.398094
1.746139
1.708805
1.571064
1.655129
1.662964
1.563492
2.146796
1.734808
1.913885
1.580452
2.692836
2.590485
2.838455
2.867645
3.014501
2.562999
1.694192
3.116364
1.499032
3.110888
3.130364
3.109814
3.110888
2.643409
1.655686
2.542651
2.900374
2.596549
1.654699
2.664334
2.991426
2.989583
2.354776
2.567602
2.501329
2.348788
2.333234
2.820264
2.620881
3.041128
2.847795
2.075056
2.110295
2.065639
2.454456
2.366133
2.530531
1.907825
2.827681
2.604181
2.817106
2.722968
2.487932
2.382776
1.810887
1.291527
1.827443
2.005017
1.935125
1.935030
2.272586
2.364541
1.655538
2.747402
1.966014
2.058145
2.749434
2.980550
2.953167
2.839452
2.852297
1.542694
3.151108
2.569627
1.554170
2.683248
1.634637
1.750537
2.811941
3.076465
2.766205
2.922349
2.520645
2.880619
2.354794
3.021016
3.000298
2.134015
2.494362
2.492831
2.341959
2.507379
2.228923
2.162361
1.970640
2.231769
1.350060
1.815023
1.381942
1.387869
2.169867
2.188726
2.218453
2.324464
2.293777
1.764565
2.622117
1.610271
1.995245
2.065040
2.505711
3.114713
2.527246
3.086042
2.533903
3.276682
3.064785
2.655676
2.622401
2.612031
1.978640
2.254276
2.750042
2.236257
2.345273
2.966492
3.025386
2.348744
2.557877
2.048380
2.055394
2.463995
2.545438
2.748969
2.787089
2.704791
2.165961
2.499694
1.970562
2.053897
1.890064
1.998201
2.167996
2.082236
2.123824
2.184130
1.690150
1.921027
1.584102
1.421059
2.564296
3.074040
3.080125
3.058181
2.627300
2.624090
3.110172
3.135921
3.124711
2.785426
2.561779
1.546525
3.170125
2.781083
2.546531
1.802587
2.945630
2.905400
2.549086
1.918976
2.310596
2.450763
2.076337
2.838758
2.803225
2.841320
2.672366
2.764297
2.624360
2.615804
2.747345
2.836586
2.872370
2.069709
2.082486
1.906839
2.316122
1.822022
2.249674
1.537484
2.017020
2.029992
1.585532
2.155370
2.021848
2.173189
2.180052
2.338973
2.402458
1.779678
1.866636
2.412896
1.956611
1.948208
2.505035
2.578137
2.609811
2.593591
1.411771
1.402704
2.728278
2.560895
2.625701
2.883815
2.930593
1.340184
3.162266
3.116364
2.688553
2.776176
2.865579
3.064785
2.947681
3.073160
3.067608
2.891113
2.060551
2.872867
2.502748
2.373177
2.222687
2.170573
2.362950
2.553740
2.991769
2.479225
2.789224
2.212573
1.965705
1.873892
2.495912
2.080772
1.543078
1.820393
1.881237
2.044681
2.002527
2.384327
2.262075
2.457566
2.177172
2.260417
2.606921
1.212436
3.100097
2.721444
2.963414
2.975419
3.124934
3.252019
1.507855
1.281953
2.613160
1.936669
2.711862
2.625323
2.864164
3.135405
2.878216
2.993434
2.894097
2.730197
2.644002
2.232064
2.103930
2.111487
2.452371
2.122654
2.961610
2.030190
2.726017
2.551664
2.286395
2.210599
1.832658
1.330035
1.326543
1.761742
1.467281
1.960092
2.187943
2.074324
2.123854
2.277299
1.626556
2.410395
2.277299
2.410395
2.522113
2.324464
2.602095
2.558657
2.005727
1.944941
2.189579
2.137357
2.445462
2.593591
1.944355
2.032498
1.814817
2.037246
2.912501
2.784385
2.471854
3.023275
3.061903
3.003433
3.050545
3.103140
2.884784
3.194746
2.766346
3.342966
2.583425
2.632688
3.011353
2.908510
1.542657
2.798954
2.758903
3.044216
2.562351
2.240757
2.320953
2.756415
2.129211
2.429972
2.674726
2.713725
2.089994
1.993949
2.764646
2.957448
3.120339
3.034811
1.855372
2.360842
2.016904
2.048458
1.825269
1.327118
1.456712
2.070868
2.581460
2.217038
2.283710
2.622668
1.881002
1.948208
1.762467
1.998410
1.358851
2.599846
2.749990
3.086042
3.281932
3.229631
2.563112
1.634823
1.634823
2.913501
2.841737
2.051126
2.088227
2.187480
2.532424
2.040383
2.839312
2.096520
2.128625
2.182831
2.702205
2.639392
1.986199
1.970383
2.111176
2.185453
2.089498
2.225506
2.517194
2.444297
2.595675
2.463885
2.570982
2.366718
1.812211
1.993219
1.582944
1.628391
1.697526
2.013850
2.443602
2.142670
2.538684
2.123222
1.832132
1.565453
1.326100
1.447453
3.066447
3.073283
2.412064
2.958644
2.968245
3.115062
3.229631
1.297271
2.734190
3.101880
3.028985
2.935090
1.908731
3.009958
2.952298
2.354095
2.257245
2.252091
2.568483
2.334152
2.482004
2.681406
3.129871
2.156988
2.073721
2.152353
2.331345
1.702483
1.794601
1.899980
1.769383
1.986201
2.040455
1.989472
2.677559
2.510937
2.172155
1.694497
2.470622
2.818801
2.646434
2.661194
2.648421
2.568728
2.531106
1.110594
3.290884
3.081871
3.200084
3.145760
2.858567
2.961288
3.018029
3.034193
2.668478
2.976991
2.542910
2.212614
2.401140
2.046093
1.977691
2.812712
2.910365
2.303320
2.999194
2.260182
3.126822
2.490226
2.476607
2.163847
2.256184
2.100557
1.832217
2.037878
1.824107
2.691563
2.412896
2.272176
1.293059
2.670685
2.857045
1.165742
1.151421
2.837021
3.347668
3.333637
3.329020
3.343212
1.421366
1.454301
2.560801
2.775007
1.548497
2.590119
2.627356
2.166729
2.865883
2.670185
2.755490
2.893244
2.746644
2.426089
2.797905
3.192473
3.259420
2.049114
2.050925
1.966232
2.121385
1.780049
2.062399
1.368957
1.370234
1.316756
2.079287
1.668893
2.025360
2.466309
2.418872
2.297915
2.444134
2.597723
2.098063
1.579340
2.485887
2.522249
3.089753
3.037942
3.097421
1.107489
2.481569
1.014256
2.820890
3.034226
3.135240
3.057551
3.163280
3.316607
3.333637
3.347668
3.347283
1.442199
3.057492
3.081338
3.086404
1.838463
2.902337
1.763986
1.722471
2.722032
2.880784
2.722032
2.888065
2.893244
2.913381
2.471042
2.616387
2.369610
3.262687
2.305361
2.074402
2.151050
2.241627
2.205986
1.993054
1.590995
1.739216
1.738014
1.691522
1.980888
1.925061
2.048541
1.912367
2.075888
2.048541
1.738070
2.156642
2.106119
2.444134
2.525680
1.514011
1.730005
2.358001
2.988978
2.757625
3.263986
3.258943
3.215242
3.298062
1.465116
1.424979
2.982406
2.951309
3.038977
2.542262
2.430155
2.910365
2.343019
2.138578
2.651013
2.191350
2.274903
2.415939
2.900760
3.241722
3.301378
2.748559
3.309047
2.303247
2.246276
2.597405
2.253835
2.575093
1.887742
2.238657
1.389087
1.364920
1.413687
2.165467
2.142979
2.818398
2.719192
2.472896
2.543951
2.648919
1.363874
2.181728
2.080265
1.045624
1.162407
2.547687
2.854878
2.985210
2.651232
3.202322
3.212428
3.045819
2.846309
2.987386
3.022584
3.191282
2.646653
1.191474
2.581598
1.436735
1.782979
1.771186
2.769765
2.331297
2.869619
2.648833
2.500688
2.859282
3.340735
3.354151
1.997055
2.193129
2.908121
2.663310
3.220977
3.073857
2.283829
2.210104
2.176624
1.995458
2.050739
2.185010
2.173871
2.365153
2.644910
2.586059
1.751545
1.819595
1.366381
1.366693
1.543026
1.735827
2.269131
2.551700
2.713749
2.715944
2.597088
2.261073
2.368774
2.459390
1.237559
2.579675
2.530623
2.895650
1.060882
1.064579
3.208205
3.147793
3.231577
3.250104
1.370870
1.338657
3.060859
1.697167
2.334147
2.096582
2.206374
2.237304
2.196620
2.230325
2.711928
3.367001
3.432079
2.159398
2.305114
1.999539
2.090283
2.558424
1.827370
1.825910
2.273289
2.135831
2.223828
2.435353
2.216077
2.013861
2.113503
1.908136
1.949405
1.716915
2.136339
2.221236
2.165467
2.492978
2.236176
2.539830
2.545350
2.301470
2.957931
3.077434
3.285948
3.149538
3.264909
1.191872
3.060481
3.062603
2.673266
2.595024
2.954509
2.780566
2.933552
2.659313
2.897462
2.172808
3.384220
3.184292
2.311729
1.921466
2.162842
2.246671
2.092849
2.331073
1.772716
2.120812
2.392640
2.116807
2.061092
1.605127
2.360096
2.299872
2.441892
2.691659
2.502686
2.782500
2.531204
2.261361
2.635720
2.591769
1.306335
3.032193
1.114868
2.683572
2.974792
3.147136
3.164510
3.094875
3.199065
0.954100
0.992993
1.028564
1.080388
3.096087
3.105232
3.244359
3.274552
2.858825
1.455706
2.579324
2.615005
3.059145
2.837861
3.058920
3.028607
2.934230
1.889688
1.831597
2.240417
2.205761
3.014582
3.375247
2.155259
2.171057
2.341451
2.569279
2.370606
2.104212
2.560784
2.367770
2.480315
1.664159
1.363105
1.764333
1.990635
2.330709
2.282921
1.913198
1.792255
1.861110
1.769894
2.691659
2.794867
2.759346
2.800104
2.604148
2.537458
2.535937
3.074093
2.870901
0.966011
0.890867
0.861112
0.961049
3.265941
2.902843
3.177564
2.863388
1.221437
1.260554
1.436735
3.073910
2.603067
1.652946
2.883101
2.841024
2.796015
2.591024
2.841771
2.898222
2.357979
2.154669
2.207680
2.714642
1.976010
1.940040
1.948589
2.181465
2.707291
1.894459
2.599598
2.059247
2.161433
1.381027
1.320428
1.343109
1.852880
2.145710
2.247784
2.224910
2.405157
2.793138
2.329647
2.319250
1.470111
2.773843
1.024249
2.894936
2.894936
3.169423
2.686585
2.841625
0.845602
2.473622
0.904717
2.841947
1.080388
3.090400
3.189603
3.247418
1.095566
2.981114
3.294724
2.609237
1.349629
2.025080
2.124758
2.199701
2.302742
2.675206
2.539205
2.549703
2.618266
2.458586
2.228374
2.295147
2.728370
2.039595
2.421052
2.691382
2.599694
2.104212
2.014856
2.142326
1.584964
2.023186
1.621360
1.420541
1.998250
1.989871
2.242067
1.821423
2.036160
1.629308
2.652004
2.236148
2.459085
2.783491
2.800104
2.617373
0.885766
0.964187
2.631397
2.435686
3.199065
2.736629
2.633961
2.742625
2.675629
2.919431
2.996325
3.249708
3.235075
3.159044
3.249991
2.815973
1.560071
3.120072
3.078888
2.258045
2.238144
2.235501
2.587015
3.383686
2.276261
2.598117
2.055372
2.206249
2.833136
2.775026
2.567026
2.691382
2.375675
2.422770
2.020932
1.618328
2.349482
2.543337
2.334754
2.101330
1.906209
1.498600
1.436218
1.928613
2.015614
2.209778
2.340446
2.383722
1.895763
2.183167
1.497594
2.491987
1.510916
1.699956
2.627101
2.554349
2.366914
0.932121
3.199065
3.252495
3.303521
3.010585
3.136101
3.207785
2.783116
1.262137
1.298656
1.290960
1.396880
2.611788
2.698363
2.270697
2.250596
2.418331
3.349567
3.126450
2.280933
2.076719
2.062032
2.186368
2.084999
2.011205
2.375266
1.898042
2.729695
2.265477
2.190614
2.050225
2.209778
1.596099
2.496522
2.433892
1.815398
1.922258
1.912488
2.180527
1.340327
1.084112
1.005945
3.136809
3.301545
2.843724
3.104514
3.256660
3.291129
3.115423
3.035118
2.591589
2.836294
2.939322
2.620806
3.053465
2.958418
2.405789
2.242983
2.323070
2.230828
2.508291
2.293320
2.261959
2.666712
2.701596
2.785521
2.058510
1.956813
2.047489
2.056661
2.087633
2.237866
2.358925
2.297259
1.933172
1.397653
1.355993
1.628179
1.754548
2.487405
1.676235
2.428763
2.450382
2.304592
1.196116
2.571360
2.519968
2.668999
2.762772
3.219919
3.068438
3.155217
2.941292
3.239403
3.196759
2.993719
3.134176
2.477037
3.109065
3.126314
2.728312
2.819430
2.636964
2.599081
1.800298
2.141294
2.196012
2.874066
2.504451
2.100434
1.903884
2.039568
2.005734
1.528142
1.567596
1.621103
2.496522
2.536417
2.117616
2.936988
2.830991
3.018517
3.048821
2.707669
3.182542
3.260998
2.987524
3.233511
3.170187
3.267995
3.224837
3.018742
2.526424
3.146092
1.735045
2.501871
1.861929
1.789713
2.117084
2.361464
2.475145
2.248713
2.135295
2.295572
2.494245
1.955622
2.667025
1.730604
1.765327
2.057637
1.756046
1.353202
1.386600
1.436218
1.696992
1.709264
1.935976
2.206625
1.516387
1.842365
2.005318
1.931215
2.015075
2.572263
1.821226
2.318997
2.299753
1.048647
2.515777
2.544863
2.694111
2.950426
3.249983
2.773277
3.044735
2.981799
2.739166
2.932678
2.896353
3.147729
3.135146
3.136110
3.122221
2.967159
2.902400
3.015048
2.349875
2.276801
2.338273
1.978247
2.055393
2.763976
2.130110
2.337515
1.976212
2.009642
1.998311
2.250636
2.043851
1.836289
1.943552
1.971795
1.649185
1.554941
1.468268
1.978080
1.854397
2.027393
2.075405
2.142427
2.329657
2.163080
2.359299
1.676571
2.293407
2.819283
2.857755
3.134117
3.182314
3.174431
2.598683
3.208946
3.241414
2.467842
2.442577
1.602893
1.429829
2.856514
3.190443
3.097226
1.957051
2.331292
2.144258
2.173154
2.424202
2.190530
2.516620
2.709034
2.547247
1.904080
2.440863
2.426748
1.960409
2.382951
2.004781
2.392495
2.597014
2.037701
1.898030
1.701482
1.894329
1.657125
1.993829
1.921819
1.502881
1.312156
1.879966
1.546927
2.351243
1.767955
1.927378
2.217857
1.953318
1.720847
1.728012
1.680371
2.401845
2.454482
2.344011
2.281374
2.275315
2.390556
2.433629
2.470042
2.756108
2.773437
3.117767
3.117767
2.973746
3.218350
3.084771
2.885863
2.829432
2.944186
3.263181
3.201752
3.126542
2.360958
2.562292
2.678823
2.148340
2.028783
2.053540
2.068926
2.209372
2.654191
2.532951
2.288291
1.958001
2.050104
1.876082
2.012191
1.762980
1.499646
1.384841
1.322529
1.944461
1.880365
1.892337
1.812380
2.528408
1.817944
1.916727
1.771607
2.423288
2.068960
2.290446
2.179127
2.357885
2.105061
2.491539
2.898654
2.974097
2.913778
3.228676
3.193489
3.174431
3.111679
2.885346
2.542532
2.534204
3.149389
3.154040
1.221205
1.372498
2.685178
3.156247
3.104533
3.181645
3.013335
3.211727
3.177854
2.431320
2.161878
2.303807
2.753429
2.799722
2.660705
2.649912
2.697552
2.119417
2.317847
2.009712
2.610888
2.637087
2.605089
2.041229
1.814074
2.349855
2.174644
2.118046
2.483039
2.177140
1.384804
1.436723
1.535488
1.935918
1.987695
2.113810
1.536748
2.091773
2.296656
2.538014
1.629726
1.525724
0.986852
2.546648
2.809762
3.020460
2.745349
3.012955
3.254038
2.988500
3.073102
2.671683
3.180662
3.200151
2.538996
3.061025
1.641861
2.118110
2.440373
1.975443
2.264287
2.250814
2.608015
1.949506
2.216882
2.734498
2.006582
2.383551
2.249391
2.037308
1.786964
1.582697
1.631628
1.851813
1.644662
1.598137
1.740126
1.736272
2.101147
1.602931
2.439661
2.420606
2.510976
2.414768
2.550955
2.532744
2.520882
1.062189
2.613714
3.086372
3.092550
2.689792
3.241047
3.228719
3.041804
3.196260
2.499375
2.587801
2.914439
2.041347
2.459961
2.597104
2.559905
1.942298
2.370788
1.949970
1.873444
2.096915
1.886135
1.799508
1.822333
1.779392
2.185637
2.179181
2.142117
2.235344
1.795961
2.117565
1.969605
2.510976
2.612328
2.484427
1.729363
2.425866
1.265400
2.830654
2.745106
3.056658
3.165458
2.977289
2.864738
2.793216
2.810860
2.492450
3.232224
1.412596
2.894689
2.731540
2.945958
3.186082
2.320817
2.113699
2.505409
2.358103
2.009467
2.760862
1.984374
2.411898
2.312031
2.696852
2.609075
1.843331
1.895823
1.910818
2.334685
2.490343
1.938566
2.037308
2.314140
2.025662
1.582697
1.759586
1.463944
1.264576
1.394853
1.540561
1.494763
1.632229
1.468559
1.981851
1.695234
1.675004
1.636321
2.231280
2.366336
2.390987
2.311118
2.520882
2.557378
2.388817
2.461442
2.696063
2.581659
2.548650
3.075958
2.901185
2.902107
2.929663
3.193914
2.860229
3.125235
3.004397
2.755726
2.943062
3.000748
2.870804
2.730283
2.858849
1.913748
1.674046
1.863112
2.018147
2.021304
2.312831
1.983087
2.025680
1.903716
1.843568
1.637379
1.645223
2.170033
1.727726
1.545347
1.563084
1.913015
2.051576
2.194128
1.810759
2.226965
1.736854
2.544126
2.230166
1.801799
1.921184
2.197195
2.152396
1.732026
2.543938
2.511243
1.318054
2.367477
2.575864
2.643665
2.637622
3.100339
2.647332
3.030880
2.685744
2.700504
3.219826
3.220315
2.693005
2.828397
2.633436
3.125235
2.795146
2.924743
1.319810
2.681215
2.813159
1.656524
2.260092
2.668535
2.557739
2.174105
1.885511
1.840395
1.795098
2.005250
2.368625
1.804222
2.019265
1.364497
1.240760
1.316238
1.475863
1.844304
1.457651
1.675657
1.345335
1.660078
1.989178
2.283406
2.156978
2.139549
2.258126
2.314590
2.164082
2.132396
2.363225
2.570266
2.601112
2.520389
2.779494
2.744322
2.704484
2.630486
2.930166
2.789103
3.089076
3.032439
3.134802
3.080907
2.727599
1.185030
3.193640
3.290903
3.191306
1.113857
2.762793
2.950821
3.130777
3.022421
3.018985
2.554057
2.356640
2.459961
2.520893
2.483843
1.918649
1.925313
2.583008
2.540934
1.945414
2.306854
2.147669
2.356072
1.991378
1.598238
1.869408
1.378009
1.541321
1.328931
1.620736
2.335281
2.421075
2.324872
1.920706
2.610761
2.655903
2.813245
2.697816
2.875517
3.098100
3.105575
3.045158
2.969874
2.838283
3.222610
2.755751
3.223550
2.938962
2.985723
2.603026
2.676652
2.879059
3.142731
2.394411
2.549999
2.467699
2.553831
3.100997
2.654377
3.029082
1.721161
2.318168
1.789412
2.144493
2.326060
2.002203
2.371948
2.355780
1.964146
1.989259
1.814598
1.712691
1.367473
1.435013
1.457679
1.385481
1.850385
2.053766
2.125778
2.204648
1.858587
1.653046
1.808377
2.269725
2.322176
1.720095
2.624193
2.754561
2.806890
2.641387
2.488241
2.881598
3.026795
2.915353
2.962298
3.186582
3.121019
2.922716
3.129876
3.031057
2.796198
1.201103
1.648251
2.501916
2.474684
2.720498
1.981571
1.929435
1.798476
2.326594
2.326594
1.659009
1.512377
1.330582
1.393169
1.803685
2.155457
1.996606
2.070061
1.655259
1.558690
1.445322
1.315241
1.286528
1.445743
1.384549
1.376691
1.643955
2.158413
1.878602
2.125778
2.303066
2.352742
2.390987
2.048472
1.902178
2.147055
2.211475
2.359718
2.422284
2.442027
2.704999
2.542381
3.072210
2.996485
3.088693
3.078115
2.690017
2.961116
3.192649
3.210070
3.114609
3.162895
3.194859
2.676060
2.728001
3.247873
1.479271
1.964259
2.210822
1.835078
2.517373
2.566932
1.843611
2.418752
2.233276
2.100250
2.051273
1.999067
1.946193
2.168667
1.832681
1.843857
1.843857
1.778925
1.232702
1.391201
1.511788
1.499283
1.616511
2.315096
2.439079
1.829223
1.851074
1.218415
2.692772
2.725060
2.759963
2.573009
2.900014
3.024095
2.703312
3.073260
3.001776
2.944845
2.873924
2.962728
3.128264
2.874015
3.073126
3.129894
3.249889
2.860061
2.424196
2.614015
1.444206
2.350673
2.639633
2.567393
1.897465
1.869304
1.937146
1.824955
1.863952
1.620242
1.617521
1.861319
1.769235
1.265472
1.278284
1.345459
1.495166
2.068160
1.983769
2.043992
1.905790
2.320454
2.280529
2.354034
2.204309
2.203354
2.277997
2.274137
2.816476
2.744765
2.991175
3.022406
3.022587
3.067493
3.151489
3.174673
3.005172
3.070517
2.975756
2.951058
2.991283
3.076787
3.232596
3.043352
3.329536
2.220018
2.976655
3.141498
2.785213
1.550323
2.302344
1.695357
1.627517
2.072673
2.221235
2.478858
2.518195
2.006140
2.165542
2.245783
2.036328
2.174105
1.887134
1.548396
1.906788
1.861352
1.703487
1.515917
2.237573
1.654372
1.475431
1.259161
1.494385
1.386888
1.364221
1.400598
1.562737
1.862125
1.858862
1.844523
2.403609
2.744765
2.433083
2.542381
2.770786
2.809453
2.813962
2.652629
2.928008
2.996867
3.015951
2.749355
3.040505
2.716141
3.025986
2.843528
3.100015
2.984465
3.142322
3.127509
3.111492
3.013769
2.686034
2.816347
2.984493
3.348365
2.482290
2.704935
3.233420
2.984493
2.910724
2.420090
2.157007
2.097596
2.100316
1.847663
2.495221
2.515208
2.052689
1.929918
2.253780
2.028931
1.998612
1.548776
1.478710
1.807231
2.026678
1.726010
1.456212
1.568100
1.852948
1.763702
2.463421
1.980266
1.433489
3.035703
3.029913
3.060587
2.724973
2.885004
2.549415
1.064989
1.246552
1.124204
2.916858
2.563955
2.503714
1.630253
1.831093
1.470098
1.463532
1.763154
1.749016
1.623502
1.973086
2.280115
2.080162
2.177351
2.142148
1.838636
2.130910
1.848052
1.815465
2.069571
1.958967
1.708494
1.697721
1.358519
1.357099
1.980233
1.687508
1.642746
1.328427
1.452527
1.437255
1.623807
1.812956
1.581564
1.688588
1.750969
1.644114
1.869867
2.329637
2.252722
2.039107
1.917916
1.693096
1.935426
2.751537
2.885294
2.892541
3.145936
3.154371
3.042547
2.416374
2.342708
2.212439
2.180884
2.342924
2.170854
1.651688
2.240602
1.954021
2.049845
2.179780
1.923132
2.336101
1.780939
1.887693
1.921269
2.172615
1.812833
1.843298
1.495614
1.736552
1.235243
1.309236
1.305826
1.546541
1.584676
2.035173
1.831084
2.188144
2.108189
2.011854
2.375787
1.877803
1.836533
2.346705
2.591669
2.567749
2.892694
2.938664
3.052368
3.088063
2.723458
2.778557
3.059194
3.156752
2.763761
3.125152
2.562081
3.159656
3.366876
2.383490
1.090876
2.268569
2.589821
2.895291
1.603101
2.376531
1.979708
2.185335
2.407411
1.979472
1.871161
1.682279
1.206986
1.277781
1.380662
1.402647
1.709971
2.147006
2.311856
2.131013
2.518491
1.842766
1.844714
1.989481
2.828638
3.102040
2.979558
3.052222
3.069499
3.019568
2.960009
3.004592
2.963367
3.070124
2.755604
2.796011
3.290786
3.388022
3.298813
2.591576
0.952756
1.018147
3.053872
2.973177
2.405819
2.154355
2.029791
2.469325
2.254618
1.925860
2.361166
1.980922
1.870270
1.741351
1.275541
1.502555
1.822639
1.891324
1.963949
1.787800
1.970634
2.478405
2.476431
2.051842
2.098377
2.182379
2.232261
2.207611
2.910950
2.878018
3.084699
2.930611
2.997368
3.021911
2.853043
2.771149
3.008635
2.701462
2.723572
3.101523
2.769267
2.879510
2.948523
3.031638
2.734163
3.097898
3.361446
3.384281
2.272126
1.269119
2.749261
2.427113
1.511833
2.167933
2.035911
2.437241
1.981322
1.977873
2.230118
2.206635
2.196684
2.085996
2.120596
1.705713
1.718387
1.945119
1.791676
1.921116
1.851024
1.489347
1.599818
1.727428
1.434883
1.793360
1.198542
1.323398
1.486915
1.325034
1.301028
1.667737
1.687126
1.810490
2.675198
2.062531
2.094448
1.416531
2.129089
2.281498
2.808213
2.824674
2.873620
3.029615
3.046478
3.148641
3.210422
3.153304
3.086409
3.341865
3.132638
3.341033
3.394697
2.750049
2.874068
2.265286
2.355492
2.190383
1.781359
1.508406
1.764933
1.885314
2.095011
1.959370
1.988577
2.159942
2.342404
1.836666
1.897688
2.018159
1.777524
1.705918
1.354497
1.489933
1.598016
1.268058
1.345761
1.359417
1.377166
1.529529
1.815609
2.023262
1.878783
2.245538
2.476431
2.539034
2.056620
2.049417
2.093555
2.244583
2.903857
3.004096
3.062750
2.880749
2.913687
3.000794
3.379263
3.409693
2.368472
1.057955
0.966890
2.337204
2.764858
1.402599
1.327655
2.312753
2.479385
1.479376
1.790738
2.015358
1.713140
2.008536
2.009063
2.000324
1.771987
2.233849
2.258796
1.889389
2.194828
1.722484
1.592097
1.406057
1.350773
2.225369
1.870629
2.037768
2.312112
2.155196
3.051257
3.093902
3.067183
3.117831
3.166717
3.012736
3.121753
3.158151
2.580935
3.187456
2.473441
1.180246
1.245298
2.229027
2.167283
2.106203
2.661429
2.509708
2.015358
1.518217
1.946284
1.867428
1.934625
2.009501
1.843879
1.857045
1.883079
2.013753
1.807847
1.783017
1.579163
1.358829
1.577960
1.673602
1.567665
1.300260
1.628646
1.734842
1.747430
1.881409
2.220607
2.220607
1.814698
2.162080
1.952863
1.937691
1.801917
1.816126
1.814384
2.021862
2.334080
2.064423
2.430969
2.592153
1.440610
2.437298
2.748859
2.715789
3.015998
3.018877
2.924461
2.897725
3.008044
3.059502
2.965612
2.779105
3.021249
2.699731
2.814699
2.924901
2.931448
2.714066
3.305028
3.374682
3.397195
3.452354
3.415449
3.376058
1.080035
0.975027
1.074969
2.217019
2.393773
2.621050
2.099089
2.059528
1.987365
2.367981
2.016110
2.114490
1.985264
1.874065
2.089278
1.970837
2.062559
1.695853
1.506407
1.433405
1.727828
1.613420
2.081747
1.736825
2.305563
2.080819
1.823926
2.263645
2.163812
1.980796
2.103781
2.081208
2.183205
2.463683
2.142024
2.452350
2.581096
2.153889
2.769983
2.769983
2.837962
2.791740
2.902572
2.912386
2.995906
3.083876
3.038297
3.111212
3.096569
2.831170
2.632893
3.156919
3.374420
3.236646
2.336112
1.030225
2.230284
2.185832
1.978032
1.714821
1.971350
2.121740
1.832350
1.986279
1.704857
1.774093
1.672319
1.678092
1.407719
1.502168
1.811424
1.498976
2.489577
1.902080
1.952543
2.414582
2.157214
1.963241
2.137105
2.218705
1.584994
2.606927
2.529094
2.418738
2.976228
2.711964
2.738475
3.358671
3.237932
3.222843
3.346818
2.974326
2.853209
1.074263
2.491598
2.376438
1.066873
1.105136
1.090430
2.187318
1.147246
1.113411
1.423173
2.160032
1.665457
2.567797
1.695440
1.631577
1.805187
1.947674
2.038072
2.395609
1.962093
2.421167
2.327336
2.055353
2.145628
2.297231
2.226876
2.016403
1.984215
1.338265
1.362146
1.362806
1.504783
1.411045
1.739278
1.424503
1.509450
1.803990
1.858484
1.737296
1.790473
2.391531
1.941945
2.614358
2.208750
2.076411
2.130632
2.195890
2.528435
2.535740
2.489512
2.591953
2.749877
2.914549
2.724839
3.211280
3.170468
3.078882
3.165054
3.121508
2.710501
3.193434
3.281909
3.344071
2.411402
2.677726
1.096568
1.125190
2.385933
1.290908
1.378271
2.319657
2.155406
2.145878
2.350289
2.029951
1.939552
1.941217
1.795291
2.120034
2.059210
1.734377
1.713301
1.957490
1.798494
1.831161
1.902091
1.870152
1.735265
1.330248
1.619583
1.890733
1.994083
1.943967
2.114319
2.300780
2.101339
2.032370
1.801213
1.818656
2.271627
2.621221
2.476927
2.370259
2.309324
2.679623
2.605144
2.715789
2.791021
2.969803
2.970265
3.033000
3.087319
3.059727
2.732104
2.757694
3.189711
3.448369
3.432165
2.488727
2.706971
1.146234
1.097566
1.959810
2.053539
2.094726
2.105585
2.124146
1.682924
1.664395
2.248613
1.907609
1.826302
1.892407
1.606835
1.619583
2.231462
1.782760
1.834979
1.762806
1.872289
2.092604
2.034757
2.261785
2.208806
2.474431
2.777836
2.723670
3.003299
3.074932
3.061240
3.432165
2.401061
2.652534
2.554915
1.257427
2.656972
1.115405
1.092188
1.172730
1.248961
1.097566
2.101214
2.247455
1.787396
2.279225
2.034204
1.980949
2.149921
1.816479
1.779146
2.045170
2.060345
1.803783
1.904131
1.829957
1.870344
1.771855
1.803990
1.463324
1.767569
2.019915
1.785910
2.068101
2.088416
1.758430
1.911433
1.870758
2.157214
1.955406
2.048234
2.460042
2.623734
2.898310
3.174308
3.108876
3.345166
3.386881
3.036929
2.818699
3.359517
3.288083
2.779591
2.941336
1.217130
1.232018
1.367023
1.557378
2.182344
2.001533
2.217213
1.917611
2.254951
2.062673
1.783220
2.052203
1.892283
1.856213
2.064719
2.300780
2.132703
2.033609
1.780449
2.239834
2.185066
2.484285
1.687414
2.560982
2.556422
2.708602
2.747989
2.790281
2.929427
2.964964
3.062170
3.068510
3.208865
2.732453
2.906202
3.121227
3.225711
2.456185
1.199581
1.135444
2.754611
1.431282
2.216190
1.462083
1.509878
2.292542
1.924587
2.285247
1.908765
1.985537
2.008646
2.059136
1.794636
1.761413
1.915935
2.002665
1.400332
1.330864
1.373640
1.362380
1.513592
1.862791
1.413664
1.844355
1.752796
1.987642
1.987860
2.150289
1.797589
1.992906
2.671947
2.705377
2.545067
2.688857
2.896909
2.696615
3.087619
3.096010
2.738494
2.681799
2.828214
3.345166
3.091285
2.858740
3.210414
2.534956
1.182228
1.736927
1.696362
2.236086
2.017394
2.317580
1.879706
2.267546
2.174198
1.730493
1.689116
1.997413
1.963976
1.804622
1.784279
2.050000
1.831224
1.952980
1.689889
1.615755
2.699029
2.647898
2.538173
2.820633
2.764630
2.971906
2.711012
3.286936
3.198102
3.250703
3.475714
3.456366
2.361355
1.363594
2.415296
2.431130
1.172814
1.149897
2.631676
2.022965
1.974328
2.099734
1.992713
1.976555
1.845433
2.159299
1.901828
2.102702
1.378759
1.506913
1.660617
1.645028
1.907184
1.987860
1.620814
1.645281
1.965138
1.867805
1.874101
2.096483
2.240353
1.504946
2.389244
2.657598
2.740288
2.826152
3.068243
3.064834
2.762911
3.192790
2.883209
3.207553
3.023902
3.195887
3.423246
2.485433
2.461502
0.826353
2.642873
1.296016
1.332050
1.308972
1.362398
1.238730
2.080339
2.491588
2.277971
1.984794
2.154182
1.680771
2.077842
1.977202
1.689034
2.032535
1.909637
1.329838
1.572561
1.845031
1.819540
1.823481
2.001422
1.737997
1.913378
1.951654
1.650906
2.689867
1.439796
2.737284
2.926850
2.818290
2.621871
2.882492
3.143752
3.214182
3.431482
3.425512
2.620348
1.269315
2.382121
2.512936
2.288307
2.213582
1.479288
1.614309
2.324274
1.776870
2.035470
1.776335
2.058358
1.724844
1.953760
1.990780
1.913565
1.837583
1.594197
1.605950
1.927038
2.422300
2.562634
2.560144
2.763828
2.678755
2.647447
2.638134
2.683857
2.673521
2.791428
2.758558
2.922432
2.939944
3.060729
2.656980
2.555661
2.372329
2.705185
2.168270
1.438601
1.496556
2.150078
2.303712
1.960180
1.820771
1.932892
1.764222
1.470263
1.588031
1.450320
1.814835
1.913414
1.455213
1.686463
1.863162
1.567238
1.659843
2.012397
2.136215
1.944847
2.366972
1.938336
2.644289
2.154365
2.099859
2.361476
2.639960
2.760917
3.021178
2.697623
2.782856
2.904616
3.060397
3.117942
3.307608
2.547325
0.868656
0.912482
2.467267
2.488257
2.512936
2.209666
2.104948
2.021131
2.213582
1.964948
1.894796
1.854513
1.865661
1.932674
2.061469
1.739946
1.693066
1.346230
1.305319
1.373432
1.259910
1.504498
1.726629
1.741699
1.682024
1.851201
2.261418
2.503879
1.928668
2.349171
2.430027
2.165459
2.647447
2.541325
2.448726
2.646040
2.910064
2.651575
2.650377
2.638944
3.107761
2.937706
2.940439
2.502536
0.938646
1.367320
0.954614
1.277693
2.334784
1.189930
2.227081
2.335330
2.335330
2.220356
2.424801
1.552708
1.688707
1.946150
2.175473
2.197457
1.880252
1.943542
1.346520
1.795291
1.895556
2.560144
2.465333
1.916795
1.505252
1.953747
2.540556
2.623071
1.492924
2.403740
2.223042
2.648658
2.488409
2.521563
2.721616
2.610093
2.684592
3.159709
2.750484
3.408930
2.738600
3.374950
3.431482
2.484880
2.553008
1.034485
1.386672
1.050226
1.296083
1.367320
2.116555
2.360479
2.424801
1.959923
1.976423
2.182344
2.241215
1.854845
1.767780
1.808200
1.704900
1.819964
1.919834
1.316835
1.280480
1.729063
1.435904
1.707946
1.795562
1.899790
1.771259
1.991504
1.867643
1.835534
1.681875
2.296654
2.469303
2.506581
2.446903
2.425835
2.408576
2.382694
2.486620
2.464189
2.607733
2.000831
2.378144
2.679780
2.704628
2.764652
2.833723
2.874884
2.828904
3.027848
3.205763
3.267142
2.495039
2.488521
2.142708
2.482199
2.435488
2.135560
1.819827
1.866214
2.176506
1.687809
1.485492
1.967580
1.842355
1.975058
1.928282
1.926099
1.738651
1.332842
1.387711
1.573595
1.799655
1.665070
1.975250
1.660786
1.828753
2.026803
2.288718
2.507682
2.289461
2.341982
2.559637
2.533568
2.411758
2.568356
2.526179
2.649394
3.311520
2.790652
2.855434
3.348542
3.313998
2.660161
1.305226
2.212550
2.408568
1.282784
1.288101
2.350278
2.448252
2.155144
2.288307
2.304302
2.211869
1.397220
1.540217
2.266664
1.292227
1.676127
1.534896
1.712484
1.945718
1.768489
2.248462
2.116947
2.377261
2.389082
2.437710
2.243442
2.473415
2.392168
1.313772
2.440025
1.130107
2.596707
2.600071
3.036540
2.928123
2.921780
2.962222
3.071459
3.235384
3.376171
3.311520
2.547012
2.449166
1.458157
2.254118
1.448270
2.130529
2.172563
2.087210
2.222991
2.088910
1.475616
2.026128
2.059637
2.122668
2.400337
2.270809
2.301715
2.326144
2.379331
2.077025
2.326144
2.161527
2.110344
1.838548
1.809593
1.795324
1.824154
1.248491
1.336221
1.319486
1.757648
1.953028
1.819708
1.661955
2.305529
2.406967
1.688654
2.328454
2.471447
2.572021
1.275977
2.554543
2.544865
2.746604
2.616603
2.578479
3.083414
3.039819
3.179740
3.318870
1.386672
1.479270
1.090995
0.972710
2.242284
2.402314
1.441584
2.107070
1.622838
1.622445
1.882681
2.040137
1.994807
2.081523
1.815244
1.838692
1.765468
1.512273
1.695035
2.040140
1.995604
1.823396
1.960309
1.686433
2.026536
1.691433
2.107360
2.096601
2.052248
2.186592
2.412804
2.455914
2.616903
1.114961
2.647704
2.826652
2.836382
3.201286
3.236448
2.990241
3.092040
3.163851
2.600479
2.694899
1.234977
1.411299
1.611249
2.741257
2.966643
2.828941
2.270399
2.687675
1.942689
2.324589
2.435488
2.177094
2.003037
1.997183
2.033481
1.952716
1.855621
1.855180
1.885590
1.480535
1.416897
1.415982
1.573277
1.743474
1.699899
1.782122
2.096354
2.001587
2.195240
2.207417
1.366300
1.245516
2.561258
2.541282
1.086957
1.141641
2.521473
2.618823
2.691781
2.604457
2.773014
2.751196
2.708153
2.599891
3.225971
2.936437
3.263833
3.262783
2.794355
2.778097
2.179067
2.299056
2.470435
2.180375
2.332945
2.184286
1.970737
1.967868
1.838433
1.227021
1.268543
1.253948
1.691540
1.539879
1.588719
1.801145
1.981252
2.581029
2.233656
2.271713
2.449750
2.267821
1.388374
2.371923
2.541282
2.582607
2.738658
3.033126
2.829728
3.273911
3.143369
3.121270
2.883967
2.572422
2.775220
2.622318
2.612995
2.397291
2.491833
2.941139
2.864791
1.563999
2.585473
2.458049
1.451019
1.522067
2.200496
1.858575
1.743949
2.287819
2.219622
2.064528
2.113599
2.140976
1.318447
1.611438
1.453418
1.841563
2.268101
1.678804
2.326311
2.405388
2.377259
1.378401
2.408198
2.309669
0.998115
2.722607
2.848715
3.230892
3.284327
2.666044
2.628196
1.271625
0.976563
2.291447
2.814324
2.852316
2.516590
1.522600
1.438762
2.646341
2.245887
1.826174
2.162598
1.799175
1.306525
1.876729
2.211448
1.813740
1.570709
1.581453
2.432695
2.343724
2.351917
2.335082
2.286433
1.418828
2.545764
2.538873
2.519807
2.469050
2.436687
2.506871
2.440247
1.216347
2.595902
2.644401
2.444857
2.459152
2.617232
2.956750
3.061673
2.522192
2.800198
2.256499
1.668421
2.837666
2.794950
2.466162
1.937902
2.307822
1.562963
2.183869
1.644020
2.087210
2.144062
1.846736
1.750085
1.698465
1.881109
1.560423
2.223277
1.666886
1.632248
2.126639
1.510113
1.499486
2.292863
2.295236
2.305695
2.514701
1.047019
1.067584
2.490554
2.580820
2.695583
2.863488
2.840501
2.926787
2.837945
1.703149
1.719719
1.653411
2.794950
2.300350
1.532936
2.022028
1.863957
1.896844
1.943648
1.299638
1.680588
1.520867
1.621927
2.297448
1.702519
2.351730
2.396788
1.285221
1.348256
2.426487
2.494121
1.267597
1.270694
2.422143
2.506938
2.441960
2.511009
2.691868
2.734872
2.905995
2.549631
2.575007
3.244369
1.029045
2.845903
2.941139
2.307822
2.443254
2.443254
1.871681
1.877142
2.165221
1.863290
1.163992
1.216957
1.368084
1.604540
1.602477
1.441886
1.479989
2.363271
2.300031
1.990075
2.794628
2.678179
3.181164
2.786168
2.591131
2.368376
1.619729
0.746610
0.753818
2.223071
2.305477
2.264408
2.319478
2.188987
2.132486
1.824659
1.797989
1.981749
1.862779
1.272993
1.301922
1.684474
1.281197
1.875157
1.881109
2.237971
2.200798
2.173591
2.247926
2.108063
2.042777
1.551644
1.659661
2.334070
2.401863
1.233549
2.735599
2.714425
0.962326
3.034674
3.019653
1.996954
2.609377
0.788807
3.207911
0.884048
0.921089
0.707570
2.729776
1.541321
2.393340
0.991119
0.947743
1.619729
1.580733
1.659386
1.586276
2.201560
2.382926
2.560065
2.273969
1.977965
2.137285
2.214451
1.779609
2.051925
2.021025
1.865178
1.150492
1.550863
1.646549
1.359244
1.464040
1.682238
1.701180
2.161616
2.180509
2.049745
1.520606
2.377667
1.317627
2.429696
2.382112
2.528516
2.626150
0.841552
1.041082
1.386358
1.525559
1.765523
1.246131
3.163470
3.068060
1.140790
1.486485
2.357153
1.469111
1.505159
0.906557
1.308271
1.278720
2.644426
2.358830
1.157340
1.416422
1.968205
1.741085
1.770637
1.583073
2.110124
1.393139
2.416433
2.503476
2.456936
1.191381
1.227999
1.265993
1.660412
1.092174
1.361331
2.542037
2.504464
1.678381
2.028854
2.130029
1.767998
1.783854
2.162631
1.157609
1.575222
1.768548
1.496800
1.555082
1.382593
1.488006
2.165795
2.407648
2.298403
2.126427
2.352643
2.743242
2.840552
1.022178
1.218888
2.915468
1.877189
3.001323
2.403223
2.574691
2.838630
2.794628
2.446554
2.565936
1.625087
2.903300
1.575731
2.117498
2.252442
2.316236
2.417770
1.913880
1.832916
1.860329
1.856678
1.916475
1.218413
1.490032
1.667149
1.856764
2.224380
2.460142
2.105793
2.126698
2.461379
2.469736
1.179552
1.197921
2.511009
2.725137
2.952959
2.252547
2.767285
2.403467
2.590507
3.007304
1.470421
1.431311
2.683995
2.857009
2.183780
2.279819
2.233269
2.244658
2.152227
2.035826
1.164072
1.153157
1.545687
1.344826
1.619636
1.347083
1.454277
1.944253
1.479042
1.334562
2.097892
2.337876
2.162761
2.501753
2.641501
2.626150
2.693932
2.765734
2.773707
3.003376
3.103178
2.167442
2.592273
1.990731
1.746125
2.825178
2.392724
2.952198
2.272391
2.355618
2.321084
1.521982
2.031054
1.874930
1.878368
1.818580
1.263593
1.152320
1.554800
1.340146
2.019711
2.449195
2.431225
1.628138
2.258223
2.291410
2.637901
1.709781
3.013543
2.882745
1.764640
1.687401
2.868720
1.975838
2.250482
2.505131
1.838275
1.990354
2.063993
2.028411
2.204342
1.935956
1.892286
1.811818
1.146241
1.179188
1.332351
1.240279
1.740251
2.065867
2.134966
2.081291
2.510708
2.510175
2.142388
2.351720
2.018139
2.845712
2.775789
2.942660
2.472454
2.024456
2.854007
1.624044
1.682309
2.181643
2.271770
2.094776
1.098036
1.609148
1.803517
1.898443
1.214377
2.248845
2.271339
2.204706
2.157023
2.307048
2.491129
2.529412
2.662788
2.234078
2.446939
2.297716
2.383255
2.159918
1.821199
2.340371
2.250219
2.346143
2.272773
1.571924
1.687152
1.539189
2.942557
1.634535
2.146690
2.112029
2.030771
1.633642
1.888587
2.164948
1.873809
1.180945
1.165420
1.252271
1.374251
1.933063
2.028974
2.127452
2.034448
2.586353
2.512284
2.386931
2.447315
1.809273
1.407097
2.388327
2.231918
2.863672
2.493190
2.403510
2.754243
2.974850
2.909310
1.714924
2.327571
2.468632
2.735382
2.288121
2.456328
2.501629
2.215154
2.312804
2.206346
2.250550
2.098984
1.877190
1.842500
1.403621
1.765390
1.152451
2.298980
2.443934
1.275421
2.242553
1.807073
2.227926
2.103123
1.691984
2.093155
1.901179
1.234792
1.540006
1.679606
1.711587
1.807710
1.929859
1.181699
2.280202
2.176629
2.064121
1.689831
2.678497
2.649638
2.463280
2.575365
2.562717
2.783090
2.181918
2.783090
2.859746
2.806983
2.394502
2.079823
2.206346
1.895287
1.441705
1.848714
1.967318
2.312900
2.489351
1.772771
1.877607
2.505687
1.346000
1.907429
2.742949
2.229319
2.461593
2.421066
2.340985
2.336154
2.097708
2.062368
1.776803
2.026096
1.082209
1.095611
1.127449
1.226473
1.034959
1.234793
1.420417
1.657079
2.288155
2.267465
1.395997
2.566479
2.579678
2.073509
2.701792
2.357995
1.899933
1.813887
2.207230
2.038972
2.060368
2.070793
1.257308
1.329164
1.597033
1.493913
1.599162
2.544882
2.320094
2.124323
2.215773
2.584977
2.618168
2.468632
2.031012
2.043505
2.171687
1.979505
1.069762
1.078339
1.524447
1.746250
1.611022
1.746309
1.727745
1.694281
1.239320
2.245383
2.386936
2.285650
2.339033
2.240117
2.584721
2.655502
1.640232
2.160131
2.124227
1.742055
2.007981
2.351125
1.849564
2.150664
2.021294
1.050492
1.490203
1.162112
1.134408
1.570324
2.342755
2.213392
2.336452
2.285775
2.099420
1.899222
1.727891
2.725619
2.388016
1.852803
2.052654
1.034069
1.092863
1.088906
1.208736
1.422302
1.030905
1.104890
1.239558
1.507893
1.492252
1.405920
1.746687
2.399969
1.701417
1.830467
2.722260
2.624390
2.486253
2.654508
1.844664
1.850286
1.155218
1.074556
1.256787
1.644743
1.087380
2.140853
2.422663
1.806369
2.088877
2.323017
1.977319
2.079689
2.262416
1.027064
0.989374
1.440665
1.386005
1.532102
1.117476
1.448099
1.170694
1.105130
1.165434
1.233419
2.162921
2.301023
2.321446
2.243789
2.666363
1.688242
1.780784
2.072464
2.338336
1.699106
1.982833
0.987684
1.007658
1.533646
1.388585
1.402569
1.229688
2.217347
2.240313
2.119725
2.291838
2.200512
1.968043
2.172975
1.689100
2.624390
1.680868
1.831574
2.059742
2.040430
0.935913
0.947158
1.382264
1.141853
2.090728
2.279208
2.495416
2.416257
2.376204
2.501974
2.205563
1.767727
2.081676
2.323017
2.185606
2.429703
1.675761
1.689470
2.199751
2.267671
1.891467
1.815484
1.016095
0.937485
1.220991
1.297881
1.304277
1.137242
2.097930
1.882785
1.847908
2.016591
1.787202
2.222003
1.943658
2.024423
2.094606
0.892129
0.896078
1.918026
2.045202
2.113769
2.148965
2.072733
2.221396
1.745495
0.958157
1.039346
1.287662
1.357839
2.162498
2.055566
2.222805
2.241988
2.399969
2.045536
1.709905
1.894195
0.906823
0.911041
1.082499
1.351745
1.178660
1.089126
2.173245
2.069227
1.736673
1.706529
1.688349
1.943665
1.873079
1.992053
1.642226
1.590021
1.648633
1.634829
1.855434
1.969174
1.883371
1.918245
1.153116
1.196234
1.269541
1.081798
1.744783
1.827188
2.087593
1.999370
1.602493
1.590664
2.067835
2.054398
2.005981
2.002171
1.725548
2.036425
2.101684
1.816821
2.085420
2.267409
1.758913
1.693359
1.638542
1.792890
2.079725
1.853159
1.889137
2.032207
1.761925
1.851896
1.867846
1.706595
0.818243
0.909007
1.079733
1.834830
2.015524
1.981464
2.056796
1.861870
1.761227
1.807810
2.010514
1.904094
1.975913
2.075412
1.764209
1.911489
1.823821
1.804434
1.756867
1.835508
2.077667
0.944149
0.862937
0.931483
0.951345
1.119803
1.845351
1.837676
1.944415
1.820873
1.751411
1.873251
1.573469
1.701829
0.818243
0.872357
1.741976
1.924210
1.685747
1.552766
1.629169
1.621885
1.685810
1.627014
1.590643
1.749000
1.829320
1.807808
1.736812
1.650025
1.791947
1.684478
1.682014
0.849759
0.909426
1.920801
1.408430
1.892152
1.581277
1.728203
1.656006
0.891939
0.963707
1.809774
1.631185
1.837286
1.623240
1.829435
1.662079
1.786149
1.782276
1.591538
1.697989
1.619742
1.687352
1.783485
1.685518
1.662396
1.685810
1.646592
1.970137
1.816102
1.720162
1.560580
1.623837
1.397264
1.713042
1.665781
1.839755
1.677682
1.736035
1.615522
1.810104
1.639545
1.623120
1.649786
1.627751
1.605399
1.632080
1.682828
1.620170
1.551939
1.585506
1.381449
1.596688
1.529537
1.683045
1.526918
1.736035
1.587759
1.526154
1.405544
1.471766
1.633837
1.470676
1.492354
1.446810
1.610340
1.403203
1.726699
1.583098
1.586481
1.542927
1.427101
1.531697
1.621473
1.613020
1.342912
1.500140
1.459204
1.391346
1.538221
1.457706
1.260200
1.278369
1.547703
1.438113
1.464590
1.337054
1.419554
1.307146
1.336548
1.519652
1.431869
1.349444
1.439675
1.304018
1.295083
1.361849
1.408166
1.501838
1.293073
1.377629
1.432940
1.322354
1.396373
1.245008
1.234212
1.295195
1.326443
1.446243
1.341436
1.386824
1.350347
1.392871
1.272657
1.323692
1.244992
1.322613
1.164229
1.199247
1.194312
1.407045
1.119125
1.186313
1.310949
1.123606
1.183089
1.224970
1.247671
1.138394
1.140712
1.058405
1.086303
1.227914
1.210375
1.190441
1.066249
1.144481
1.081069
1.246590
1.082803
1.068587
1.147945
1.065852
1.003284
1.103503
1.050384
2.542428
2.524920
2.557378
1.807095
1.735321
2.738649
2.524920
2.399937
2.851377
2.490293
