6273 1 3
1.485214
1.635858
1.407958
1.626423
1.520019
1.494949
1.696804
1.800688
1.743736
1.993701
1.378101
1.548292
1.787965
1.967207
1.643642
1.384019
1.409448
1.852650
1.808125
1.714181
1.717401
1.985224
1.524702
1.493570
1.518344
2.006290
2.120860
2.010983
1.928188
1.917982
1.823355
1.347315
1.703829
1.903719
1.888853
1.684373
1.779590
1.451484
1.262243
1.427898
1.952230
1.931640
1.663514
2.235041
2.044387
1.981780
2.012808
1.997432
1.874257
1.908361
1.809546
1.659891
1.970782
1.988824
1.962703
1.880575
1.911409
1.842625
1.593187
1.904744
1.986839
1.297461
1.312917
1.410825
2.035570
2.056661
2.048717
2.075950
2.247797
2.230185
1.296780
1.286262
1.395772
2.131749
2.117054
1.342573
1.886198
1.565364
2.138408
2.077487
1.926340
1.908361
1.811380
1.944877
1.602159
1.875200
1.343910
1.964698
1.965378
2.050481
2.076086
2.105877
2.200800
2.161696
2.384317
1.474158
2.271482
2.030045
1.862436
1.980079
1.964372
1.387645
1.685549
1.918016
2.050419
1.367395
1.881691
1.433058
1.529794
1.849092
1.943569
1.589302
1.561392
1.930885
1.864562
2.040548
1.679415
2.052455
2.305798
2.281897
2.408725
2.275457
2.075597
2.440504
1.851875
2.065399
1.941904
2.039205
1.985228
1.537061
1.799477
2.150607
1.878587
2.002032
2.064450
1.914783
1.713590
1.884198
1.478059
1.890958
1.363011
2.096790
2.198572
1.283898
1.371966
2.189129
2.151967
2.313919
2.145678
2.295352
2.522189
2.362181
2.398344
2.167086
2.271843
2.362860
2.321388
2.518338
2.249383
1.920159
1.462827
1.975877
1.613980
2.163530
2.423162
2.007059
2.125741
1.489071
1.635577
1.932035
1.886110
2.142289
1.847725
1.417349
1.863823
1.957821
1.899423
1.891732
1.772068
1.790048
2.094385
2.332161
2.248284
2.222970
2.395327
1.339550
2.223677
2.088039
2.517899
2.315773
2.127476
2.334682
2.212038
1.966359
2.443199
2.232383
2.457197
2.524449
1.514512
2.320793
1.434389
1.503447
2.155305
2.151486
2.064872
2.133072
1.835220
2.103750
2.442242
2.226881
2.173347
1.455160
2.011338
1.859207
1.684670
1.380701
1.768717
1.764827
1.339358
1.429301
1.315676
2.482510
2.654886
2.425897
2.153871
2.273111
2.595874
2.560864
2.380905
2.615557
2.509259
2.301473
2.082195
2.020149
1.493959
2.064232
1.518243
1.940876
1.570233
1.943593
1.943556
1.622600
1.497686
1.347609
1.850804
1.925800
1.820731
1.408238
2.072641
2.375024
2.252331
2.304890
2.432146
2.365679
1.509575
2.560700
1.618835
1.413751
2.677513
2.138929
2.411687
2.216821
2.504755
2.322835
2.255039
2.407115
2.519621
2.276948
2.459899
2.241421
2.222036
2.288498
2.348908
2.267589
2.082035
2.077421
2.332016
1.923688
1.561169
2.244174
2.135516
1.690860
1.761827
1.926557
2.073270
1.661441
1.964406
2.139339
1.332932
2.099903
2.420132
2.188302
2.420132
2.390615
2.404878
1.435460
2.690789
2.310897
2.463730
2.404411
1.550970
2.663848
2.142685
2.439337
2.283743
2.511217
2.430918
2.448217
2.271250
2.308788
2.198538
1.958030
2.199852
2.291642
1.425708
2.244066
1.922830
2.317080
1.557101
1.624790
2.023558
1.841164
2.102088
1.549702
1.528510
1.760165
1.853820
1.972863
1.445051
1.411751
2.253166
1.979060
1.476695
2.424361
2.465368
2.613658
2.757012
1.709283
2.117028
2.511643
2.342437
2.702217
2.443400
2.491968
2.273782
2.165377
2.390057
2.282373
1.835438
2.169970
1.865452
2.230754
2.032969
2.167163
2.340614
2.246792
2.510720
2.195483
2.278999
2.639118
2.478760
2.060022
2.630471
1.852245
1.579148
2.248236
2.332417
2.317214
2.339657
2.247721
2.174433
2.197979
1.469054
2.403666
2.114844
1.563358
1.927376
2.103820
2.046149
2.032511
1.464146
1.703767
1.405804
1.443063
1.992439
1.409344
2.242184
2.570835
2.568324
2.484135
2.720577
2.380555
2.483982
2.315538
2.498892
2.431941
2.434842
2.516122
2.379475
2.087974
1.579262
2.493029
1.898979
1.994636
2.425081
2.116617
2.146520
2.169256
2.150456
2.446097
1.532820
1.721524
2.571293
2.401022
1.704676
1.658075
2.094393
2.689414
2.583252
2.434420
1.936342
2.193920
2.078228
2.272013
2.190652
2.047787
2.439075
1.515720
1.637974
2.160295
2.352762
1.685066
1.611588
2.046026
2.157231
1.976510
2.080826
1.492175
1.850935
1.780938
2.089102
2.285712
1.963613
2.339699
2.567840
2.463167
2.340420
2.509228
1.596181
2.439502
2.755620
2.733256
2.665051
2.070506
2.167969
1.455555
2.003150
2.484589
1.625851
2.087090
2.270149
2.440156
2.442126
1.721595
2.298427
1.493722
1.611574
1.361777
1.965477
2.443186
2.415734
2.516196
2.592949
2.558231
2.558179
2.276172
2.736911
2.469791
2.464287
1.573306
2.248236
2.239144
1.989012
2.495616
2.541967
2.266277
2.706875
1.987851
2.599633
1.726258
1.997676
1.921532
2.194749
2.231915
2.258640
1.883458
1.358814
1.402799
1.544325
1.727951
1.816325
1.601711
1.456869
2.115351
1.927022
1.537296
1.543214
2.402297
1.637717
1.456234
2.479362
2.647151
2.567119
2.503625
2.603350
2.588185
2.518870
2.444007
2.610872
2.340507
2.585589
2.722351
2.781569
2.720957
2.548620
2.534298
2.339657
2.251439
2.297538
1.622566
1.608443
1.688059
2.276343
2.280826
2.590336
2.050177
1.695879
2.061703
1.997826
2.462150
2.549400
1.886762
1.477021
1.695398
1.848560
1.835528
1.911887
1.577049
2.297767
2.585747
2.497870
2.581556
2.547276
2.603123
2.318387
2.619272
2.308221
2.644405
2.603024
2.731374
1.852482
2.733832
2.660726
2.737108
2.170699
2.108837
2.537258
2.593551
2.071036
2.344171
1.618492
2.284977
2.582174
1.992365
1.955086
1.959504
2.057671
2.275562
2.021873
2.030956
1.413230
1.819493
2.117539
1.621567
2.057425
2.265380
1.551263
2.260602
2.578847
1.750513
2.258368
2.691746
2.559363
2.553083
2.348074
2.446821
2.633204
2.560582
2.435006
2.342239
1.824362
1.853071
2.572242
1.926674
1.794861
2.710727
2.722488
2.758628
2.701254
2.774623
2.773268
1.878628
2.573376
2.474000
1.673249
2.587227
2.430918
2.456071
2.264731
2.403237
2.484824
2.510558
2.470247
1.929461
2.086854
2.053883
2.019018
2.035915
2.066000
2.045036
2.000212
2.447446
2.033774
2.255203
2.175097
1.843493
1.406047
1.601711
2.201110
2.189423
2.397468
2.323965
2.403513
2.658744
2.593058
2.613313
2.650580
1.634511
1.575350
2.629908
1.745558
1.787788
2.574938
2.742998
2.772446
2.264412
1.772380
2.775132
2.744035
2.516493
2.315941
1.677122
2.418268
2.555198
2.152716
2.002908
2.520432
2.440156
2.135266
2.094387
2.235054
1.965205
2.175206
2.177489
1.979343
2.103100
2.083360
2.153472
2.096534
2.343910
2.271793
1.573882
2.359781
2.607017
2.563471
1.706323
2.677972
2.656369
2.671273
2.412290
2.314017
2.691861
2.576716
2.685972
2.723570
1.960202
1.950622
2.508135
2.731511
2.426343
2.282835
2.614015
2.725349
2.722394
2.591515
2.531030
2.565129
2.565129
1.698397
1.986462
2.464370
2.005066
2.041560
2.042403
1.959268
1.872424
2.267892
2.067357
2.344062
2.119205
2.569805
2.210454
2.072706
2.254304
2.382886
2.133927
2.400751
1.372392
1.340160
1.558651
2.153472
1.437641
2.105462
2.377528
2.397468
2.659169
2.649960
2.747171
2.637949
2.715766
2.612608
2.394289
2.637040
2.459401
2.599166
2.763570
1.882812
2.160895
2.721009
2.188287
2.185853
2.230962
2.091722
2.493805
2.081066
2.395586
2.455931
2.490976
1.646110
2.590262
2.497769
1.760154
2.179891
2.279924
2.316863
2.021157
2.249365
2.172380
2.227305
2.380020
2.399493
1.483768
1.369444
2.089316
2.211004
1.607699
1.463069
2.081016
2.329900
2.230864
1.684002
2.589979
2.649645
1.615922
2.352156
2.597326
2.349155
2.680915
2.610713
2.771493
2.698917
2.779606
2.610224
2.568114
2.327685
2.797848
1.978278
2.057162
2.794265
2.811244
2.804265
2.795576
2.451620
1.727895
2.572263
2.395126
2.468945
2.190088
2.108742
2.394110
2.336560
2.323896
2.287232
2.158483
1.463404
1.671436
1.408336
2.230864
1.720137
2.240663
2.398780
2.333151
2.293963
2.697885
1.890528
2.781921
2.762345
2.742930
2.777949
2.887899
2.445292
2.662481
2.405408
2.555606
1.956546
2.063774
2.387986
2.661956
2.074907
2.370590
2.574025
1.862740
1.671698
2.257996
2.078187
2.143873
2.135067
2.292356
1.407612
1.578211
1.278617
1.878797
2.017684
2.126725
2.275995
2.019586
2.161530
2.304124
1.525653
2.224247
2.434122
2.385654
2.560463
2.334235
2.717145
2.904228
2.741824
2.671510
2.240430
2.708697
1.867383
1.902153
2.282004
2.146556
1.903874
2.512831
2.503777
2.019211
2.015279
2.520748
2.004154
1.885942
1.775507
2.167706
2.663769
2.561923
2.531731
2.393975
2.149419
2.435362
1.720425
2.151864
2.159413
2.061416
2.433367
2.336804
2.274356
1.935506
1.702023
1.861614
1.339378
1.990974
1.892312
1.922122
1.824758
2.148641
1.536510
2.358450
2.171188
2.214044
2.304892
1.682805
2.356110
2.293499
2.305465
2.383906
2.684623
1.788107
1.668746
2.800012
2.876609
2.826228
2.752492
2.771837
2.941429
2.728373
2.725207
2.964075
2.725456
2.065919
2.796288
2.410639
2.392892
2.534741
2.531644
2.568668
2.580275
2.514257
2.536079
2.530379
2.650237
2.598640
1.935096
2.616115
2.087476
2.230215
1.913108
1.914538
2.267787
2.175894
1.942650
2.325741
2.286929
2.166673
1.955900
2.149287
1.985497
1.488445
1.641248
1.755573
1.441405
1.992155
2.297183
2.343850
2.308044
2.393343
2.414034
2.662267
2.509514
2.650922
2.832431
2.734952
2.832431
1.924906
2.217316
2.156840
2.745325
1.881495
2.685609
2.664120
2.710055
2.965263
2.717123
2.664048
2.879025
1.990631
1.868380
2.430438
2.582002
2.597800
2.574025
2.615655
2.145901
2.582601
1.975326
2.427743
2.242011
2.347137
2.098673
2.202975
2.364878
2.449679
2.120497
2.030547
1.280579
1.318630
1.711601
1.739488
1.799559
2.043771
2.434723
2.600421
2.696663
2.427736
1.642770
2.701923
2.555682
2.496396
2.280099
2.600744
2.597727
2.644637
2.688153
2.099334
2.960220
2.669934
2.567835
1.855644
1.832714
2.576602
2.563245
2.188035
2.530154
2.142368
2.600134
2.486667
2.436696
2.107934
2.038053
2.222680
2.040501
1.881237
1.911239
2.443098
2.447207
2.212435
1.875929
1.787528
2.070869
2.091469
2.045899
1.742227
1.994280
1.998380
1.917423
2.083330
2.192701
2.244265
2.653269
2.503586
2.673790
2.652864
2.669960
1.731966
1.821483
2.853185
2.197671
2.881794
2.996272
2.733822
2.976621
1.996416
2.536327
2.049397
1.884255
2.587833
2.675776
2.613516
2.587833
2.226309
2.534795
2.493118
2.329873
2.237719
2.419643
2.487073
2.201794
1.980560
1.931738
2.138589
2.304854
2.411061
2.335047
2.541248
2.005049
2.095588
2.111172
1.335680
1.935047
2.122487
2.179919
2.005331
2.401271
2.401824
2.349003
2.259505
2.343571
2.400130
2.197874
2.433653
1.772599
2.670519
1.648080
2.609745
2.697182
2.943041
1.829870
2.991893
1.968348
1.872080
2.942037
2.198089
2.620348
2.710761
2.821208
2.509065
2.555000
2.126731
2.052063
2.122868
2.204303
2.323140
2.403253
2.341791
2.153034
2.227858
2.279690
1.986917
2.249249
1.712789
1.702357
2.100294
2.178281
2.313671
1.440815
2.485152
2.397942
2.242254
1.679002
1.647202
1.808640
2.432086
2.678787
2.427644
2.504175
2.173380
2.502101
2.597727
2.830536
2.233795
2.868567
2.905807
1.892772
3.035615
3.118739
3.086381
2.913283
3.062847
1.818034
2.717941
1.911353
1.955458
2.170401
2.553632
2.553891
1.960459
2.191123
2.605836
2.677165
2.110716
2.659150
2.615171
2.506222
2.060673
2.314170
2.508899
2.194606
2.692977
2.179202
2.451439
2.138956
2.016728
2.524343
2.569376
2.785569
2.566103
1.860204
2.315408
2.503187
2.154556
1.577322
1.311885
1.697342
1.902297
1.808233
2.006534
2.017346
2.200126
2.327775
1.604557
2.527174
2.501506
2.442552
2.344896
2.344167
2.475270
2.574940
2.599105
2.625653
2.525597
2.485278
2.574323
1.634521
2.393156
2.223394
2.776111
2.729856
3.042796
1.645211
2.202770
2.056826
1.875485
2.518948
2.098895
2.252514
2.908850
2.170079
2.026043
1.909403
2.752847
2.538151
2.125546
2.137339
2.113410
2.318910
2.414404
2.637850
2.616281
2.615092
2.387959
2.371891
2.239943
1.428794
1.577145
1.225123
1.654471
1.489019
2.228999
2.092778
2.262179
2.439459
2.381265
2.472307
1.761185
2.564526
2.467373
2.363648
1.655906
2.909973
1.910261
1.964041
1.823122
2.367161
1.834304
2.700819
2.591971
2.518544
2.231965
2.421218
2.228476
2.261534
2.307004
2.407301
2.675785
2.756599
2.275341
2.249168
2.541602
2.729680
2.204443
2.550176
2.369122
1.833860
2.501109
1.799193
1.945931
1.862656
2.154556
2.384717
1.264529
1.311665
1.268588
1.206343
1.270410
1.425850
1.383573
2.059620
1.539400
2.243093
2.341650
1.550690
1.685625
2.624450
2.476862
1.634345
2.221578
1.734497
2.873116
2.914873
1.756591
1.797198
2.536780
2.045392
2.485859
1.873741
2.017609
2.245887
2.472430
2.261534
2.187986
2.684997
2.736271
2.548658
2.672796
2.509128
2.760541
2.780627
2.251684
2.551770
2.389901
2.185507
2.520097
2.567863
2.108407
2.406488
1.832730
2.450479
2.095135
2.445335
2.407092
1.805310
1.799919
1.844738
1.577854
2.305292
2.285707
2.387669
2.300950
1.721537
2.489966
2.574940
2.432086
1.718060
1.757331
2.750006
2.907685
2.909973
2.913872
3.022048
3.098641
3.078163
2.074324
2.967831
2.966994
2.564815
1.970881
2.306121
2.527200
2.372560
2.659821
2.561598
1.939378
2.006231
2.498155
2.327274
2.563550
2.538103
2.297216
2.619756
2.330996
2.483768
2.135100
2.236101
2.840870
2.068704
2.151979
2.492666
2.096585
2.680158
2.342989
2.275313
2.210498
2.504995
2.636401
2.473902
2.370740
2.596946
2.770146
2.565007
2.431075
2.688512
2.530926
2.488707
2.132601
2.193534
2.063604
1.762039
1.822041
1.552732
1.566225
2.299181
1.496799
2.092571
2.192251
2.486989
2.523992
1.652337
1.593522
2.372394
1.747499
2.295882
2.615372
2.597517
2.525597
2.414868
1.569980
1.884039
2.277025
3.071796
2.498173
2.444815
2.285860
1.824119
2.699992
1.893529
2.454173
2.262914
2.039972
2.437770
2.077603
2.330996
2.248610
2.827879
2.345230
2.054672
2.775274
2.090640
2.693832
2.543432
2.567734
2.438279
2.788773
2.597386
2.638856
2.080595
2.237493
2.172769
2.118517
2.228946
2.295823
1.211209
1.384329
1.321774
1.539566
2.113322
2.186619
2.390015
2.502262
1.615156
1.645451
2.428645
2.619916
2.723524
2.286528
1.421578
1.548872
1.538223
1.716966
1.732569
1.622220
3.008922
2.874169
2.561598
2.733712
2.479350
2.656591
2.144341
2.532001
2.071547
2.204551
1.817571
2.312743
2.696564
2.411211
2.769857
2.246189
2.642801
2.830384
2.439888
2.625519
2.845105
2.864075
2.431075
2.713376
2.267959
2.180693
1.974297
2.442889
1.933453
2.006877
1.762893
1.310748
2.264030
2.248935
2.341824
2.482397
2.348028
2.351401
2.382411
2.231992
2.325878
2.229709
2.133430
1.623075
2.793963
2.698470
2.761186
2.596090
1.644207
1.518326
2.231430
2.293813
2.481829
2.082654
1.404800
1.462320
1.621091
1.649332
1.642655
1.766507
2.639727
2.288970
2.461321
2.157839
2.516819
2.341699
2.831101
2.732887
2.745416
2.553158
2.716929
2.036034
2.711515
2.119554
2.810711
2.547146
2.238823
1.852164
2.282810
1.825441
2.020635
2.226788
2.307830
1.179209
1.755197
1.435044
1.477671
1.460811
1.525476
1.548053
2.310468
2.505594
1.624054
2.475270
2.310556
2.404220
1.753738
2.306218
2.444556
2.292488
1.721679
1.366133
1.604762
2.873116
1.716966
1.634020
1.584123
2.947084
2.899172
1.755125
2.641662
2.623366
1.560747
2.435394
1.918588
1.959524
2.396706
2.677165
2.516819
2.111249
2.492418
2.269616
2.109096
2.234878
2.893676
2.689322
2.670233
2.186950
2.968436
2.541888
2.112657
2.299274
2.199205
2.582543
2.688243
2.248506
2.176362
1.631474
1.556958
2.151119
2.168980
2.454465
2.325256
1.967288
1.681892
2.203104
2.254870
1.765658
1.484314
2.522652
2.754090
2.723524
1.665279
1.664451
1.464939
1.564701
2.244861
2.130265
1.564331
1.625972
2.347285
1.667269
2.699992
1.660369
1.581702
2.318895
2.628380
2.052590
2.365345
2.826803
2.833502
2.654326
2.434332
2.750526
2.686800
2.646070
2.947350
2.792136
2.364453
2.077386
2.208956
2.181460
2.763451
2.395116
2.576171
1.878791
2.169873
1.925835
2.369439
2.343444
2.454465
1.547052
1.681892
1.570010
2.541864
2.372394
2.237409
2.730562
2.110111
2.222798
2.082654
1.274881
1.447394
1.251435
1.413152
1.328808
2.553900
1.532617
1.248896
1.412801
2.202413
2.278312
2.142738
1.763133
1.789982
2.127807
2.319959
2.163709
2.256515
2.310912
2.096773
2.332594
2.220743
2.348880
2.957130
2.729680
2.692781
2.330752
2.274502
2.673094
2.431075
2.677572
2.688458
2.498295
2.607454
2.834813
2.647049
2.729995
2.688458
2.472568
1.796894
1.894033
2.165283
1.876803
1.779541
1.955359
1.953033
1.787804
2.148124
2.237253
2.327601
1.616215
1.865497
1.197869
1.505774
1.600844
2.054898
2.446245
2.259931
1.318031
1.540697
2.263801
2.869556
2.664050
2.564719
1.573200
1.744638
1.755062
2.027632
1.697477
1.594649
2.687315
2.810603
1.530030
1.853807
1.977155
2.083271
2.752421
2.458395
2.437059
2.174935
2.969197
2.976476
2.062249
2.053211
1.891906
2.142352
2.660951
2.410830
2.353198
2.282297
2.135653
2.265036
2.378092
2.426713
1.450369
1.384858
1.697568
1.846608
1.498889
1.736381
2.134156
2.238179
2.152826
2.259164
1.554194
2.097800
2.112822
1.513599
2.363838
2.664431
1.273128
2.792449
2.338286
2.710573
2.110111
1.406847
2.233708
1.614245
1.397597
1.480304
2.696214
2.512570
2.563550
1.979847
2.294080
2.101113
2.624170
2.867042
2.909694
2.275210
2.518974
2.332730
2.752668
2.573033
2.760619
2.088271
1.170089
1.153333
1.816794
1.576800
2.155978
2.300649
2.129632
2.318187
2.065766
2.463004
2.301892
2.795961
2.472840
2.817536
1.789971
1.832268
2.193452
2.653678
2.826752
2.745662
2.416990
2.403301
2.721654
2.497716
2.495657
2.403066
2.399277
2.793423
2.656912
2.176302
2.111489
2.079634
2.104492
2.393438
2.313884
2.386713
1.841169
2.351075
2.022983
2.371264
1.268394
1.247730
1.727514
1.697567
1.469351
1.597930
1.587345
1.468854
2.199171
1.466799
1.550630
1.326031
2.260247
2.077068
2.569681
2.653272
2.887895
1.979416
1.300610
2.913216
1.196016
2.627784
2.309095
2.492362
2.627784
2.366927
1.400298
2.307966
2.684555
2.350700
1.479124
2.565472
2.841023
2.773561
2.256515
2.319959
2.142153
2.322499
2.398125
2.752192
2.750504
2.742437
2.732168
2.055904
2.200807
2.147006
2.392160
2.265238
2.668652
1.913198
2.635707
2.589440
2.826379
2.764430
2.451800
2.451731
1.732194
1.093163
1.743952
1.916331
1.827031
1.832837
1.864199
2.134958
1.501154
2.327428
1.603321
1.712408
2.473001
2.797227
2.756917
2.694668
2.598820
1.208166
2.646039
2.414292
1.218082
2.349982
1.376184
1.424397
2.607805
2.847092
2.652286
2.778810
2.240592
2.797431
2.253215
2.965846
3.004123
2.060653
2.523118
2.498888
2.353575
2.542272
2.351890
2.167643
1.987408
2.178471
1.259626
1.704636
1.181816
1.188534
1.964039
1.956715
1.876577
1.920171
2.142134
1.588464
2.330281
1.413199
1.542810
1.658040
2.003629
2.491155
2.290119
2.959822
2.342555
3.170464
2.777484
2.443882
2.306898
2.404596
1.816366
2.237434
2.732030
2.285386
2.417572
2.798141
2.849858
2.399835
2.591609
2.073372
2.149764
2.341980
2.455472
2.770874
2.807561
2.711002
2.123602
2.197285
2.056008
2.198755
1.895574
1.928231
2.143245
1.901948
2.001689
2.068043
1.581851
1.499751
1.378178
1.130991
1.944345
3.042395
2.828131
2.843378
2.358732
2.228414
2.801216
2.842260
2.904833
2.603765
2.370989
1.183883
3.113626
2.639049
2.194337
1.626500
2.798576
2.822434
2.242520
1.809309
2.076356
2.132493
2.007437
2.653596
2.746595
2.799484
2.698552
2.674790
2.611938
2.583516
2.680467
2.853084
2.890209
2.108447
2.015915
1.941848
2.139814
1.786337
2.414962
1.556991
2.006003
1.895978
1.550359
2.124509
1.874896
1.882121
1.920475
2.007768
1.954764
1.700727
1.697337
1.914344
1.844423
1.694315
2.017304
2.318661
2.312918
2.251016
1.172257
1.138184
2.250113
2.031757
2.343057
2.616347
2.684266
1.071134
2.773490
2.913216
2.491923
2.523861
2.707978
2.777484
2.791595
2.678975
2.815595
2.708439
2.104927
2.670827
2.584781
2.370754
2.341909
2.104183
2.246690
2.392187
2.711821
2.364521
2.563584
2.101512
2.051430
1.863967
2.403341
2.184522
1.560870
1.724125
1.811451
1.769827
1.830609
2.063615
2.308890
2.148672
2.114798
2.094311
2.031088
1.005323
2.974118
2.588726
2.691791
2.794904
3.026389
3.183126
1.254180
1.121001
2.389817
1.745429
2.528216
2.359218
2.687822
2.634640
2.699221
2.641693
2.762875
2.640005
2.595263
2.329115
2.093480
2.126769
2.430691
1.915725
2.805222
2.121607
2.591994
2.422369
2.239754
2.275773
1.825876
1.273102
1.261396
1.748817
1.298765
1.841828
2.161017
2.065465
2.150099
2.272113
1.514019
2.385513
2.272113
2.385513
2.082378
1.920171
2.083820
2.241653
1.867010
1.798768
2.043983
2.137630
1.991857
2.251016
1.558779
1.607303
1.428844
1.660478
2.717224
2.316461
1.797894
2.929918
3.076037
3.010970
2.881136
2.956799
2.734637
3.140172
2.633665
3.194831
2.307570
2.373793
2.805460
2.683757
1.400589
2.574492
2.571695
2.852746
2.326474
2.039357
2.157686
2.680228
2.155647
2.491836
2.679007
2.617117
2.195035
2.040331
2.529701
2.961452
2.957805
2.949045
1.833388
2.472305
2.056939
2.153503
1.769598
1.172734
1.347755
1.861258
2.282625
1.881258
1.925664
2.011935
1.650985
1.694315
1.534095
1.479209
1.107560
2.345963
2.501765
2.959822
3.193707
3.226238
2.204333
1.548164
1.548164
2.821455
2.643513
1.903749
2.130132
2.037186
2.552139
2.113688
2.604278
2.002002
2.196863
2.024581
2.477854
2.497716
2.047126
1.979985
2.314894
2.142132
2.024858
2.138142
2.196023
2.211832
2.300714
2.333101
2.473038
2.196788
1.760797
1.776812
1.552898
1.566629
1.565554
1.903412
2.302981
1.890194
1.931216
2.056983
1.623925
1.195017
1.055030
1.226876
2.991460
3.088648
1.963907
2.791791
2.963650
3.258086
3.226238
1.115543
2.520318
2.854488
2.798735
2.746168
1.834052
2.603027
2.723512
2.437878
2.351266
2.359873
2.447342
2.167814
2.327171
2.463338
2.751708
2.116378
2.084678
2.124481
2.150485
1.718389
1.798277
1.947751
1.730028
1.904702
1.908181
1.971078
2.065772
2.327868
2.178076
1.485582
2.030330
2.552750
2.036629
2.348532
2.211749
2.214133
2.257397
0.936118
3.067070
2.844264
2.982204
2.895069
2.489433
2.745250
2.886978
2.881825
2.326324
2.852350
2.319523
2.266769
2.278506
2.017354
1.951724
2.648589
2.605977
2.410762
2.668857
2.034950
2.652306
2.294958
2.384297
2.135744
2.267172
1.828073
1.650974
1.948758
1.640606
2.027696
1.914344
2.067634
1.014376
2.194574
2.554490
1.020828
1.008047
2.550941
3.134063
2.979597
3.075240
3.240616
1.204435
1.434952
2.226101
2.437701
1.563195
2.383014
2.480153
2.256531
2.628925
2.601429
2.703102
2.661439
2.686588
2.390014
2.546167
2.986063
2.877633
2.197322
2.186558
2.038797
2.099013
1.733329
2.011819
1.359598
1.346123
1.261825
1.900272
1.638332
1.902652
2.065492
2.033280
2.053358
1.954178
1.944335
2.028617
1.264232
1.865830
1.980371
3.127284
2.964451
3.057263
0.989738
2.150969
0.930783
2.450126
2.872889
3.262299
2.996738
3.379431
3.234083
2.979597
3.134063
2.803448
1.354018
2.706811
2.849417
2.854872
1.700530
2.786761
1.680873
1.659759
2.424227
2.564414
2.424227
2.776372
2.661439
2.632598
2.351058
2.465338
2.326222
2.593202
2.463466
1.894054
2.391620
2.533429
2.243306
1.953863
1.650731
1.755821
1.745130
1.706332
1.739824
1.893071
1.970333
1.794365
2.065299
1.970333
1.462325
1.893448
1.953535
1.954178
1.934195
1.202686
1.477978
2.127959
2.851941
2.525321
3.072537
3.241313
3.342915
3.299120
1.378025
1.377656
2.821637
2.767358
2.848727
2.203075
2.395264
2.605977
2.422217
2.219353
2.655234
2.189202
2.252671
2.355699
2.608021
2.578587
2.577298
2.518386
2.736073
2.625619
2.196035
2.525511
2.180714
2.323528
1.837683
2.209209
1.340334
1.369264
1.351890
1.992618
2.080582
2.027594
2.122119
2.143430
2.002725
1.961278
1.062397
2.024865
2.073509
0.869848
0.981157
2.158363
2.638510
2.999156
2.197010
3.311451
3.056574
3.031005
2.467885
2.856789
3.032103
3.312963
2.393128
1.023811
2.324896
1.323066
1.694782
1.704020
2.642001
2.133902
2.622631
2.515370
2.366638
2.586535
2.572003
2.715349
1.996746
2.335293
2.561215
2.489691
3.016251
3.119700
2.639702
2.488573
2.074816
1.891282
2.020230
2.171203
2.127264
2.130099
2.463784
2.437638
1.600329
1.684935
1.305091
1.323786
1.555980
1.473253
2.012800
1.964605
1.963585
2.195997
2.074813
2.103746
2.199748
2.315452
0.985872
2.215215
1.962911
2.718357
0.937251
0.942423
3.435212
3.259461
3.400703
2.476970
1.249183
1.174163
2.865700
1.550345
2.235029
2.154939
2.222793
2.154835
2.195998
2.315138
2.527855
2.787601
2.617788
1.865371
2.235357
2.151172
2.079355
2.446746
1.774218
1.689021
2.090440
2.071603
2.031553
2.242490
2.267173
1.993965
2.123811
1.808293
1.880094
1.582156
1.939136
1.981987
1.992618
2.170532
1.959849
2.339329
2.349295
2.110876
2.894007
3.099880
2.757413
2.213094
2.962134
0.993556
2.817071
2.745872
2.410966
2.316185
2.813358
2.552422
2.838628
2.514265
2.541516
2.219877
2.532813
2.608767
2.201215
1.920758
2.367944
2.191722
2.070749
2.178377
1.772853
1.888017
2.192997
1.880185
1.905744
1.329259
2.052542
2.047931
2.095934
1.932950
2.241883
1.875139
2.215239
2.074783
2.234714
2.202028
0.972003
2.994614
0.907927
2.436070
2.819281
3.030279
3.047475
3.205653
3.103333
0.859624
0.812177
0.857839
0.885218
3.139213
3.180441
3.334618
3.406044
2.647659
1.479631
2.381740
2.298016
2.814738
2.657445
2.790171
2.880313
2.789053
1.847912
1.745145
2.101321
2.204770
2.568909
2.789813
1.889709
1.879925
2.268514
2.432321
2.239297
2.056593
2.609062
2.323038
2.440256
1.627436
1.326121
1.756992
1.888474
2.092205
2.070865
1.936484
1.786111
1.682520
1.515514
1.932950
2.091634
1.877841
1.977629
2.288254
2.325149
2.176544
3.123638
2.727696
0.851118
0.803083
0.809710
0.807166
3.437831
1.863204
3.201503
2.820964
0.996572
1.150823
1.323066
2.888238
2.393187
1.571511
2.785640
2.662879
2.525797
2.448803
2.597519
2.660341
2.299977
2.062081
1.994771
2.477505
1.952981
1.867847
1.996311
2.273404
2.550560
1.902118
2.448495
1.971967
2.135757
1.374827
1.277738
1.293880
1.826503
1.933791
1.972063
2.002934
2.107698
1.898846
2.062314
1.997465
1.084990
2.196804
0.863133
2.736492
2.736492
3.164373
2.545914
2.768322
0.817952
2.213285
0.752906
2.445403
0.885218
2.243903
3.322011
2.606032
0.900032
2.870978
3.228944
2.503768
1.289779
1.906759
1.810290
2.251709
2.305524
2.519853
2.470915
2.437747
2.490136
2.394825
2.373986
2.600218
2.611889
1.994696
2.386379
2.726138
2.652822
2.056593
2.041970
2.030271
1.481836
2.048771
1.554057
1.384524
1.785415
1.778493
2.111448
1.977904
1.952543
1.317055
2.238018
1.804284
2.180049
2.041810
1.977629
2.353715
0.801359
0.814401
2.377861
2.147570
3.103333
2.608945
2.343833
2.454820
2.246337
2.652757
2.890405
3.359626
3.402660
2.712555
3.290238
2.812049
1.535240
2.639030
2.765542
2.086870
2.221959
2.200791
2.425692
2.596294
2.412851
2.469116
1.818807
2.061153
2.690329
2.619774
2.920298
2.726138
2.661330
2.541513
2.029914
1.479766
2.421751
2.647344
2.391030
2.165367
1.970280
1.501613
1.415638
1.876445
1.861569
2.189236
2.380816
2.339720
1.769932
1.953631
1.097730
2.119921
1.024094
1.303728
2.180332
2.133158
1.874386
0.822487
3.103333
3.016505
3.083821
3.009381
2.168285
3.282524
2.880853
1.154496
1.231680
1.239213
1.384718
2.468331
2.554500
2.116895
2.175886
2.301224
2.648912
2.598825
2.463829
2.118406
2.054101
2.302601
1.860930
1.776104
2.694293
1.878083
2.803971
2.331760
2.216986
1.953866
2.189236
1.593093
2.367635
2.173830
1.597501
1.652003
2.031450
2.137128
0.988651
0.918520
0.853522
2.988335
2.978162
2.705511
2.275923
3.184140
3.265077
2.676435
3.121155
2.710950
2.958959
2.978299
2.627030
2.685588
2.572984
2.119694
1.865341
2.301836
1.891549
2.135272
2.207315
2.124845
2.583126
2.542704
2.554715
2.057372
1.910845
2.074895
2.183867
2.037472
2.313272
2.369367
2.357924
1.941429
1.362898
1.318691
1.612392
1.688919
2.560623
1.317669
2.062323
2.146471
1.963020
0.919067
2.255825
2.152528
2.571601
2.676649
2.763849
3.131059
2.426713
2.096635
3.131538
3.192111
3.098195
3.120991
2.460987
2.745929
2.694788
2.513859
2.640131
2.418479
2.461367
1.604631
1.894770
2.115181
2.545158
2.840829
2.129925
1.824591
1.980682
2.031574
1.556095
1.595595
1.615632
2.367635
2.489583
1.985142
2.847484
2.728252
2.878360
3.015925
2.317347
2.235812
3.285275
2.124300
3.122136
2.900798
3.202573
3.107956
2.855634
2.302165
2.705393
1.601732
2.384837
1.584936
1.560797
1.808931
2.266575
2.373336
2.288924
2.114042
2.430238
2.763264
1.791698
2.877039
1.591466
1.645144
2.026039
1.796657
1.274548
1.330240
1.415638
1.743384
1.750822
1.941274
2.278921
1.515166
1.937510
2.072640
1.871556
1.909021
2.551095
1.550964
2.110891
1.932170
0.873765
2.162970
2.307739
2.633052
2.911677
3.006773
2.529618
3.192687
3.099575
2.734390
3.066633
3.001501
3.288382
3.171629
2.670338
2.686424
2.639750
2.662578
2.650652
2.032581
2.166987
2.209624
1.720022
1.900937
2.710064
2.110175
2.401781
2.024778
2.041188
2.024510
2.288276
2.049876
1.964353
2.035728
1.972038
1.719502
1.635800
1.454032
1.816997
1.859827
1.939552
2.065874
2.144358
2.406860
2.188428
2.457940
1.140152
1.902320
2.793543
2.867285
2.653746
2.504611
3.389839
2.622784
3.377405
3.210442
2.392571
2.359503
1.417310
1.266469
2.645723
2.447625
2.688439
1.669772
2.262206
1.942625
1.927149
2.310362
2.040944
2.429392
2.513778
2.715145
1.779182
2.508160
2.567074
1.973020
2.461903
1.956177
2.401616
2.648165
1.956385
1.831377
1.605026
1.853117
1.531624
2.007354
1.977629
1.569658
1.223975
1.874039
1.585619
2.457144
1.703230
1.750810
2.038238
2.094840
1.356090
1.386801
1.426153
2.115745
2.141498
2.036613
1.896039
1.898628
1.874795
2.045747
1.961725
2.628246
2.799693
3.081431
3.081431
2.168578
2.269862
2.311334
2.728752
2.843314
3.075930
3.364807
3.413368
2.629133
2.276057
2.436861
2.502880
1.982102
1.990913
1.965999
2.067576
2.253495
2.701003
2.555892
2.323048
2.013110
1.957461
1.899656
2.096638
1.776157
1.545130
1.351594
1.245008
1.691718
2.022560
1.878141
1.924552
2.573064
1.997364
2.100723
1.373781
2.155329
2.107364
2.192423
2.177922
2.176931
2.121624
2.220321
2.936038
2.440708
3.012670
2.941173
3.398252
3.389839
3.345508
2.082045
2.554181
2.567300
2.870581
2.491384
0.956797
1.349863
2.543510
2.838770
2.735810
2.708863
2.760352
2.575547
2.621409
2.339590
1.840205
2.126844
2.527227
2.547104
2.524142
2.746197
2.816066
2.073226
2.407512
1.918935
2.761535
2.815915
2.826098
1.938710
1.694110
2.466391
2.234490
2.172473
2.507818
2.216338
1.349074
1.450665
1.600412
1.960305
1.745043
2.155931
1.575193
1.903730
2.141244
2.212695
1.069670
1.067180
0.847450
2.200460
2.877236
2.358789
2.584506
3.191945
3.373832
3.207012
2.769113
2.554388
2.575593
2.725346
2.409632
2.885307
1.400399
1.685997
2.363374
1.699695
2.202582
2.078121
2.478882
1.900935
2.165249
2.763955
1.935156
2.485572
2.258464
2.060076
1.696945
1.500628
1.715370
1.944791
1.757438
1.635755
1.841969
1.706254
2.120492
1.630146
2.586156
2.221697
2.202790
2.153389
2.222758
2.211484
2.182166
0.865401
2.509290
2.457524
2.496701
2.653349
3.347655
3.290133
3.224245
3.096421
2.489590
2.484250
2.747094
1.753432
2.410914
2.509145
2.744144
1.836816
2.458534
1.931872
1.898308
2.098688
1.786813
1.908747
1.729434
1.613503
2.267292
2.210356
2.009304
2.386806
1.728074
2.015452
2.038292
2.202790
2.326559
2.298325
1.135437
2.071943
0.922428
2.927127
2.879967
3.324899
3.419930
2.409366
2.926518
1.849547
1.884719
2.455316
2.843889
1.197509
2.676600
2.446397
2.652114
2.563659
2.206366
1.793969
2.538147
2.250520
1.820529
2.624798
1.821993
2.380955
2.342108
2.902933
2.798894
1.642515
1.722849
1.858720
2.410926
2.670095
1.807754
2.060076
2.309257
1.969112
1.500628
1.888271
1.563543
1.318902
1.474138
1.500538
1.545863
1.774045
1.471454
1.760713
1.856223
1.804360
1.746148
2.292761
2.502055
2.596895
2.492237
2.182166
2.324835
2.044074
2.103633
2.353015
2.141137
2.205201
2.667453
2.226374
3.053107
3.065280
3.045396
2.156181
3.031025
2.880206
2.677989
2.971439
2.917466
2.562373
2.516776
2.619560
1.576590
1.443562
1.611208
1.654975
1.664424
2.212949
1.874076
1.935287
1.802345
1.661299
1.528404
1.568302
2.245018
1.632174
1.469485
1.598496
1.925880
1.997160
2.270264
1.728684
2.156047
1.749343
2.657340
1.953670
1.479144
1.622898
1.878323
1.960712
1.198485
2.286851
2.173311
0.983576
2.055703
2.251210
2.285015
2.330742
2.530582
2.528466
2.655517
2.637514
2.792284
3.234194
3.413780
2.579456
2.959708
2.615664
3.031025
2.803864
2.929041
1.098981
2.435942
2.539066
1.454771
2.178471
2.533300
2.424078
2.125253
1.852304
1.804691
1.795319
2.031480
2.369603
1.776006
2.096106
1.361725
1.316721
1.321063
1.618492
1.828184
1.599138
1.779667
1.391188
1.694743
1.677814
2.349762
2.241313
2.134406
2.166971
2.264557
2.106729
1.922756
1.961495
2.324867
2.239975
2.246387
2.552116
2.382396
2.333865
2.409517
2.394596
2.758940
3.036895
2.556935
2.786657
2.755408
1.857193
0.897791
3.011160
2.863404
2.532289
0.864606
2.662065
2.618665
2.625195
2.640940
2.591196
2.387180
2.173051
2.410914
2.543314
2.499784
1.671057
1.676822
2.448890
2.406126
1.716793
2.194466
2.015451
2.303947
1.954143
1.533252
1.991182
1.386785
1.641522
1.277254
1.685258
2.495263
2.361224
2.303998
1.254735
2.278293
2.379129
2.615852
2.338257
2.565768
2.568715
2.644354
2.745077
2.911243
3.011265
3.125080
2.726543
3.371971
2.170889
2.191188
2.602728
2.719954
2.984468
2.981371
2.236914
2.436511
2.342495
2.437966
2.693468
2.427547
2.609929
1.455665
2.179600
1.614322
1.788356
2.326246
1.811367
2.378500
2.388083
1.861060
1.955062
1.931155
1.854674
1.469518
1.582489
1.490576
1.423621
1.821626
1.784506
1.949981
2.261557
1.600723
1.667916
1.843764
2.401077
2.006314
1.180870
2.276829
2.420571
2.644038
2.351663
2.220516
2.554387
2.471963
3.158427
3.210103
3.353181
3.374772
3.107461
2.933773
2.443428
2.841240
0.963386
1.449613
2.487263
2.465455
2.539181
1.912029
1.848273
1.755685
2.359532
2.359532
1.585246
1.428267
1.308380
1.366785
1.795713
2.146783
1.903186
2.061371
1.784945
1.675987
1.590514
1.434494
1.436374
1.571090
1.417341
1.370979
1.834579
2.135317
1.557501
1.949981
2.458823
2.585385
2.596895
1.969675
2.003255
1.884148
1.804762
2.064297
2.141454
2.220788
2.569803
2.395568
2.820691
2.704551
2.904680
2.901564
2.511737
2.690679
3.273101
3.392126
3.378309
3.401150
3.377391
2.796567
2.746403
2.935602
1.243936
1.644427
2.157921
1.672818
2.543580
2.491727
1.654757
2.324225
2.110936
1.844058
1.871376
1.798065
1.784000
2.186946
1.929849
1.968761
1.968761
1.919329
1.375437
1.536925
1.655531
1.700323
1.696719
2.380402
2.284266
1.245984
1.173807
0.915401
2.423047
2.570182
2.572745
2.347064
2.685317
2.915204
2.634200
3.069154
2.918024
2.930708
2.655179
3.175920
2.470878
3.062645
3.156663
3.251334
3.071363
2.965737
2.292588
2.536419
1.318462
2.318017
2.664876
2.563923
1.682654
1.687299
1.777208
1.842915
1.929604
1.753213
1.801814
1.742757
1.556876
1.368016
1.389490
1.486821
1.619795
2.001682
1.723007
2.012849
1.604535
2.473722
2.486814
2.399307
2.054147
2.098649
2.098864
1.814621
2.515517
2.545426
2.660658
3.161145
3.194665
3.240446
3.204610
3.133463
2.480748
2.799596
3.197227
3.130063
3.122050
3.388240
3.219868
3.079123
2.695484
2.032786
2.632628
2.600886
2.515636
1.374704
2.194877
1.528935
1.505017
2.058760
2.167448
2.436314
2.530399
1.795639
2.012249
2.105231
1.956186
2.125253
1.860996
1.472514
1.899815
1.804359
1.598787
1.672906
2.192508
1.497472
1.448241
1.369267
1.612377
1.482812
1.403736
1.432087
1.670375
1.905761
1.486441
1.826578
2.203893
2.545426
2.269422
2.395568
2.656296
2.488756
2.560336
2.437315
2.883845
2.792669
2.946769
2.876153
2.442352
2.871365
3.412944
2.917143
2.890974
3.246569
3.436415
3.389963
2.837556
2.496567
2.551045
2.960794
3.058066
2.872941
2.385328
2.626533
3.074994
3.058066
2.592533
2.344593
2.098712
2.111642
2.044670
1.659542
2.507382
2.522152
1.960277
1.745530
2.233027
2.134081
2.102520
1.458351
1.439971
1.608161
1.932484
1.567139
1.567521
1.768479
1.684810
1.606789
2.402475
1.344907
1.017088
3.058659
2.397774
3.333804
2.702735
3.054328
2.429958
0.878979
1.132664
0.963921
2.608399
2.406430
2.356821
1.455613
1.544053
1.292868
1.322112
1.550878
1.640712
1.530084
1.687484
1.994728
1.771550
2.016622
2.001534
1.803896
1.943955
1.692803
1.767362
2.068712
2.002337
1.710685
1.643635
1.372024
1.356566
1.841905
1.526943
1.516609
1.380575
1.418566
1.511032
1.722904
1.861530
1.772542
1.920381
1.892715
1.834006
1.614795
2.392596
2.292004
2.018744
1.808922
1.100745
1.228827
2.669042
3.228605
3.228832
3.229404
3.068200
2.955409
2.279682
2.185416
2.085465
2.010381
2.227221
2.181334
1.549281
2.097229
1.767586
1.858640
1.978572
1.755571
2.299158
1.587231
1.679981
1.971529
2.124334
1.633592
1.653225
1.489569
1.624880
1.343478
1.424118
1.322235
1.715210
1.792596
1.908808
1.842895
2.213580
2.182015
2.057544
2.203281
1.701453
1.590306
2.170194
2.311360
2.324749
2.710442
2.973578
2.775039
2.876720
2.691720
3.055386
3.423251
3.424699
2.662135
2.700841
2.489199
3.183376
2.896859
2.226865
0.960199
2.156091
2.449338
2.642943
1.437093
2.287906
1.798223
2.047686
2.256350
1.941707
1.914707
1.587791
1.266119
1.406119
1.404383
1.490435
1.917839
2.133773
2.244435
1.993543
2.415972
1.865847
1.926982
2.011752
2.639973
2.909142
2.981326
3.319036
3.420688
3.338693
2.768809
2.885809
3.416317
3.381378
2.603792
2.705256
3.322285
3.203276
3.365738
2.412555
0.858152
0.907642
2.677974
2.657544
2.349536
1.749466
1.903896
2.475536
2.098440
1.752873
2.254257
1.850957
1.718518
1.600980
1.335407
1.456340
1.830238
2.061643
1.879392
2.012096
2.099520
2.289969
2.316978
1.992651
1.738209
1.987646
1.936837
1.956775
2.774932
2.612166
2.629657
2.917874
2.984631
3.077657
2.870593
3.014192
3.259185
2.745465
2.580279
2.319518
2.591682
2.809576
3.011039
3.225634
2.648665
3.270829
3.139878
3.062741
2.187819
1.132011
2.527136
2.392883
1.369491
1.791001
1.662746
2.187007
1.868866
1.983195
2.182288
2.038748
2.078875
2.139169
2.115346
1.525377
1.519747
1.987668
1.600587
1.985698
1.741147
1.535932
1.685959
1.791123
1.433574
1.580635
1.291541
1.443485
1.451565
1.373440
1.336648
1.868434
1.893772
1.739739
2.598055
1.863999
1.716934
0.939533
1.807787
2.089160
2.899128
2.937773
3.181467
2.964846
3.303988
2.999681
3.056009
2.917001
3.205117
3.429807
3.298823
3.251823
3.081755
2.618049
2.598290
2.266043
2.385274
2.226111
1.571246
1.398461
1.583285
1.696546
1.835787
1.769584
1.877469
1.950275
2.042942
1.680257
1.984217
2.022451
1.834319
1.598996
1.408730
1.487142
1.486933
1.369099
1.408787
1.431632
1.515828
1.638113
1.809198
2.016883
2.073118
2.216546
2.316978
2.544060
1.982465
2.005712
1.912732
2.071567
2.625408
2.952139
3.053673
3.219827
3.303011
3.019058
3.330554
3.077635
2.153472
0.963881
0.903746
2.140276
2.596019
1.306821
1.243200
2.271719
2.574939
1.381238
1.490158
1.629462
1.553129
1.660724
1.840548
1.738187
1.690004
1.986161
2.117173
1.948184
2.120009
1.845761
1.694511
1.561469
1.417402
2.073812
2.021164
2.165754
2.252696
2.056426
2.815455
3.085385
3.246178
3.260527
2.782248
3.146405
3.371865
3.385841
2.336471
3.374463
2.294416
1.071492
1.123127
2.127533
2.050040
2.076129
2.622999
2.501429
1.629462
1.408750
1.835229
1.717753
1.770706
1.917950
1.863544
1.655020
1.669570
1.906768
1.703178
1.595294
1.704058
1.504007
1.559892
1.592617
1.534738
1.368612
1.707144
1.856353
1.831972
1.995993
2.219252
2.219252
1.738697
2.225705
1.953128
1.982187
1.738792
1.747387
1.545797
2.023916
2.212614
1.991624
2.260685
2.259192
0.990684
2.210452
2.509513
2.513382
2.652013
3.062811
3.081667
3.024637
2.813900
2.749729
3.275831
2.955747
3.208778
2.638153
2.692370
2.930835
2.985413
2.598092
3.443357
3.264718
3.377843
3.279554
3.073037
3.115788
0.960768
0.839023
0.947861
2.256310
2.430434
2.524478
2.086865
1.758286
1.765799
2.037405
1.768503
2.038309
1.938533
1.878674
1.858771
1.763346
1.927100
1.795145
1.656276
1.511051
1.801758
1.828114
2.198104
1.948477
2.379877
2.252303
1.732148
2.435114
1.957630
1.878631
2.026575
2.011729
2.127787
2.260091
2.107746
2.287065
2.249793
1.906526
2.508229
2.508229
2.429697
2.522450
2.990676
2.529717
3.127928
3.109755
3.270105
2.988367
2.986930
2.950656
2.449259
2.213994
2.569321
3.385498
2.134906
0.939869
2.256692
2.174761
1.833243
1.551324
1.820335
2.037395
1.655223
1.993711
1.520593
1.616928
1.783154
1.697401
1.419946
1.639643
1.929572
1.632369
2.421953
1.926025
1.809102
2.406371
2.288398
2.031706
2.237073
2.026205
1.067447
2.191743
2.440577
2.308416
2.976872
2.571403
2.705643
2.902288
2.905907
2.615216
2.649398
2.981087
2.789289
0.965673
2.316577
2.206698
0.969932
0.990403
0.992371
2.015114
1.082273
1.015033
1.328893
2.132967
1.488472
2.579126
1.428185
1.453507
1.541556
1.863053
1.923578
2.110131
1.707559
2.089034
1.771052
1.804561
1.907041
2.027093
1.987737
1.715898
1.695111
1.436042
1.402083
1.418140
1.635465
1.522411
1.849201
1.436130
1.634558
1.781365
1.639489
1.563904
1.684062
2.271405
2.085388
2.573468
2.130656
1.931080
2.031038
2.086420
2.260823
2.181640
2.183493
2.452039
2.482753
3.064218
2.841051
3.001768
3.103188
3.192200
2.466950
3.002637
2.636489
3.349955
3.419820
3.409953
2.194305
2.541491
1.057258
1.140808
2.230099
1.165204
1.274395
2.360310
2.077998
2.105825
2.435773
1.907038
1.639969
1.599535
1.637250
1.839703
1.897824
1.579144
1.537512
1.682586
1.560599
1.772562
1.712675
1.639950
1.666685
1.325208
1.765847
2.048663
2.110955
1.938553
2.363320
2.530905
2.197042
1.955827
1.411418
1.246998
2.120296
2.146959
2.137784
2.196241
2.174727
2.505347
2.457201
2.513382
2.627266
3.135659
3.030166
2.844136
3.114665
3.202801
2.516411
2.656807
3.337603
3.321354
3.139620
2.289328
2.492371
1.144270
1.007596
1.795572
1.957704
2.078730
2.086485
2.113876
1.600416
1.523252
1.931361
1.723891
1.580170
1.657842
1.723373
1.765847
2.201486
1.554822
1.969484
1.956646
2.004958
1.994937
1.914704
2.066354
2.028022
2.355111
2.486818
2.464967
2.763719
2.996958
2.968983
3.139620
2.228686
2.438392
2.362041
1.133796
2.443334
0.999457
0.991642
1.124386
1.189785
1.007596
2.051210
1.981142
1.621274
1.767201
1.690303
1.714826
1.620635
1.666132
1.624366
1.894698
1.715803
1.584832
1.638996
1.646123
1.696334
1.717858
1.781365
1.514615
1.619266
2.215507
1.585645
2.095151
2.362239
1.975166
1.813705
1.901902
2.288398
1.870922
1.923690
2.109326
2.093742
2.977211
3.048182
2.997180
2.714360
2.777126
3.093001
2.788555
3.408561
3.341179
2.527949
2.717958
1.257971
1.190276
1.307084
1.380280
1.584984
1.546436
2.186661
1.745298
1.592759
1.556326
1.722147
1.752686
1.574064
1.833453
2.335564
2.530905
2.228518
2.165454
1.533117
2.018812
2.044602
2.022787
1.067878
2.064908
2.488343
2.641519
2.791267
2.838434
2.978251
2.993541
3.132934
2.901559
2.917575
2.593989
2.931226
3.283841
3.340219
2.220951
1.246495
1.102958
2.561875
1.324327
2.169522
1.331539
1.386786
2.077902
1.598334
1.631409
1.719499
1.770415
1.712798
1.629319
1.671928
1.610124
1.570952
1.573264
1.487626
1.387100
1.453563
1.425904
1.612949
1.988586
1.421140
1.753746
1.613154
2.196218
2.224775
2.389950
1.691307
1.828552
2.092309
2.044111
2.451868
2.743074
2.890585
2.725059
3.064237
3.103098
2.603697
2.503612
2.791815
2.714360
3.221959
2.844975
3.289881
2.382808
1.191598
1.509023
1.440624
1.967057
1.541459
2.070490
1.514145
1.948048
1.733141
1.478367
1.439764
2.170190
2.015011
1.614151
1.615975
1.908161
1.717166
1.753359
1.093496
1.019559
1.998253
2.685163
2.499766
2.842327
2.774781
2.975175
2.656395
2.657896
3.312257
3.322117
3.295726
3.217813
2.140771
1.172796
2.198664
2.250659
1.219122
1.229821
2.620470
1.876188
1.779773
1.964830
1.768983
1.772980
1.526838
1.564381
1.686936
1.801437
1.445643
1.566028
1.751054
1.727444
2.077615
2.224775
1.785528
1.782682
1.956756
1.751041
1.866563
1.890164
2.077689
0.997170
2.249595
2.493588
2.612688
2.655433
3.082898
3.074310
2.839425
3.012417
2.925272
3.305065
3.098487
3.247380
3.275908
2.349356
2.252851
0.713838
2.447274
1.267664
1.323472
1.292229
1.316202
1.257222
2.019257
2.332008
2.257246
1.798343
1.567274
1.462873
1.550138
1.603348
1.621572
1.721787
1.562349
1.365146
1.715326
1.528837
1.549848
1.906458
2.056219
1.190655
1.761204
1.808673
1.139496
1.986338
0.945787
2.782615
2.886785
2.853464
2.660203
2.932258
2.947847
3.306659
3.230700
3.255097
2.491727
1.248441
2.254524
2.518578
1.759517
1.615307
1.357403
1.472535
1.620904
1.520917
1.505731
1.589970
1.840072
1.617732
1.743565
1.835214
2.053316
1.990147
1.739769
1.743829
1.542929
1.883117
2.010050
2.091198
1.909652
1.911206
1.887310
2.462329
2.703169
2.605781
2.747559
2.657449
2.940796
2.817247
2.917441
2.477850
2.362437
2.349986
2.587415
1.644612
1.351288
1.405796
2.031578
2.116076
1.825084
1.566730
1.482429
1.707172
1.564672
1.658501
1.515272
1.899266
2.092201
1.535722
1.874789
1.963314
1.694639
1.866064
1.718698
1.973666
1.826976
2.030774
1.818731
2.055226
1.974191
1.961605
2.219151
2.688583
2.778052
2.822176
2.594621
2.668356
2.910505
3.111050
3.189039
3.261639
2.453014
0.777276
0.815149
2.371490
2.592812
2.518578
1.690546
2.107715
1.911267
1.615307
1.519327
1.526599
1.622528
1.558221
1.741730
1.847690
1.678851
1.647190
1.368596
1.296273
1.375244
1.208841
1.614676
1.907246
1.936031
1.816080
1.868412
1.872877
2.129884
1.817869
1.906344
1.950412
2.053154
1.887310
2.435693
2.444611
2.750711
2.754705
2.744935
2.578453
2.615193
3.186663
3.005807
3.043603
2.319984
0.837607
1.165782
0.852054
1.273781
2.123694
1.268275
2.174347
2.462451
2.462451
2.207587
2.497248
1.474804
1.497195
1.543536
1.957761
2.042209
1.570703
1.511994
1.410295
1.866749
1.807171
2.091198
2.123788
1.794566
1.269808
1.792340
2.052282
1.979890
1.186568
2.314071
2.172271
2.717709
2.432229
2.539780
2.775132
2.652496
2.748054
2.906914
2.673401
2.856333
2.721354
3.199900
3.230700
2.317893
2.378640
1.005077
1.159732
0.996289
1.232814
1.165782
2.017350
2.329283
2.497248
1.661234
1.722529
1.584984
2.015046
1.591152
1.567664
1.620126
1.537581
1.760090
1.807419
1.300666
1.226508
1.800410
1.518022
1.901732
1.871250
1.913404
1.990645
1.795263
1.552414
1.644748
1.750772
1.807487
1.924393
1.872499
1.779207
1.845399
1.939423
1.877563
1.922007
2.004749
1.973564
1.860067
2.327208
2.659883
2.706072
2.796031
2.769026
2.800026
2.805785
3.003991
3.178419
3.227203
2.286820
2.304658
2.131943
2.438817
2.244827
2.056860
1.532708
1.574237
2.190442
1.517308
1.436211
1.559669
1.546711
1.825962
1.806857
1.730015
1.679708
1.338835
1.378898
1.706245
1.890698
1.877204
1.620330
1.738151
1.784277
1.826544
1.929999
1.871139
2.169778
2.163694
1.989942
1.981155
2.438889
2.020108
2.064387
2.686481
2.891325
2.776585
2.847037
3.161883
3.223697
2.514193
1.171705
2.113085
2.319094
1.302978
1.280928
2.188745
2.172061
2.152850
1.759517
1.783381
2.257190
1.402246
1.471184
2.063287
1.283749
1.813352
1.607062
1.856235
2.015449
1.999673
1.805050
1.685764
2.149263
1.995416
1.814275
2.078758
1.913829
2.312962
1.026200
2.378598
0.803017
2.175527
2.668028
2.956571
2.839181
2.802768
2.775102
3.008854
2.897438
2.892318
2.891325
2.381759
2.198928
1.186833
2.006848
1.218152
1.967001
2.035193
1.857740
1.747885
1.647114
1.423230
1.795584
1.892934
1.972649
2.115478
2.099863
2.231391
2.137883
2.042897
1.911206
2.137883
1.983548
1.943479
1.590215
1.529955
1.694966
1.728153
1.244750
1.330169
1.291127
1.860032
2.167419
1.902969
1.685767
2.191010
2.164748
1.370104
2.222517
2.038888
2.097599
0.939451
2.098399
2.168447
2.755528
2.576104
2.552290
3.119000
3.141114
3.151723
3.204446
1.159732
1.162827
1.053607
0.864712
2.068598
2.245899
1.338717
1.712045
1.481822
1.487360
1.538364
1.619433
1.861932
1.928856
1.726270
1.719877
1.675134
1.604090
1.766188
2.098748
1.631889
1.929278
2.120635
1.759603
1.896645
1.604793
1.827344
1.879439
1.922848
1.949707
1.824969
1.951023
2.164286
0.834529
2.702709
2.728342
2.784443
2.827784
2.853242
3.070766
3.098166
3.091928
2.421446
2.517471
1.079215
1.161270
1.240830
2.606215
2.769657
2.716529
2.296010
2.533190
1.599545
2.011902
2.244827
2.005299
1.807361
1.691669
1.830357
1.729925
1.704326
1.591881
1.769857
1.535194
1.526577
1.496682
1.707958
1.763684
1.798825
1.869455
2.146419
2.217980
2.041254
1.916298
1.032676
0.965996
2.110519
2.137187
0.780130
0.857897
2.245006
2.680314
2.786326
2.539147
2.674075
2.798631
2.663019
2.556333
3.088138
3.034247
3.086118
3.169931
2.676701
2.611516
2.075194
1.802165
1.950251
2.105865
1.818738
2.086503
1.801836
1.817743
1.714239
1.191365
1.230035
1.250730
1.785497
1.655976
1.676466
1.940953
2.187475
2.150601
2.078004
1.877312
1.993928
2.039813
1.119129
2.390849
2.137187
2.622247
2.810452
2.719244
2.786107
2.911159
2.850451
2.957222
2.979588
2.531796
2.745536
2.433306
2.464941
2.105453
2.159858
2.634005
2.566266
1.253466
2.471013
2.259324
1.338177
1.374959
2.158458
1.604466
1.532211
2.033839
2.023995
1.803774
1.940526
1.912584
1.328458
1.688330
1.584725
1.996681
2.095352
1.570485
2.063808
2.094872
1.787766
1.181930
1.930378
2.055228
0.741356
2.643921
2.653096
2.855566
2.902821
2.603204
2.330881
1.132410
0.861470
2.101940
2.676147
2.730479
2.450802
1.251987
1.267305
2.556214
2.211437
1.559473
1.839726
1.630963
1.313060
2.107876
2.233032
1.844760
1.590545
1.558503
1.876493
1.829076
1.821115
1.730560
1.892934
1.271951
2.091033
2.025461
2.142476
2.140977
2.551660
2.173063
2.236298
0.943303
2.674604
2.728524
2.424051
2.330930
2.610273
3.011811
3.075555
2.395744
2.541639
2.054183
1.241269
2.575724
2.511114
2.394816
1.684249
1.851106
1.467006
1.771766
1.480756
1.857740
1.885311
1.584231
1.919923
1.790218
2.126319
1.642681
2.179291
1.690369
1.648829
2.143639
1.531788
1.395159
1.955762
2.177963
2.138234
2.161861
0.831323
0.819683
2.486634
2.603876
2.617095
2.697042
2.576571
2.619643
2.893135
1.261482
1.225465
1.274373
2.511114
2.129892
1.359843
1.656382
1.587179
1.644123
1.804653
1.312379
1.765065
1.566189
1.700534
1.993207
1.805478
1.913773
1.900566
1.083921
1.119516
1.985736
1.979574
1.077795
1.039071
2.428577
2.123761
2.170594
2.493919
2.628524
2.563919
2.676320
2.468366
2.620546
3.111147
0.914003
2.612549
2.634005
1.851106
2.098724
2.098724
1.601803
1.592349
1.940104
1.653725
1.130032
1.171137
1.416782
1.678444
1.650264
1.414057
1.356406
2.091041
1.669638
1.439883
2.833209
2.667444
3.036250
2.817633
2.362868
2.134129
1.301718
0.659594
0.677533
2.021840
2.172682
2.198204
2.235493
1.993445
1.878288
1.577210
1.616669
1.767935
1.686229
1.245196
1.332265
1.807071
1.381003
2.061905
2.126319
1.939673
2.034381
2.041859
1.992023
2.009978
1.983450
1.533588
1.687442
1.954703
2.283550
0.971670
2.514841
2.606729
0.774574
2.682657
2.805791
1.455053
2.625085
0.623667
3.042058
0.772174
0.832882
0.613181
2.509324
1.289889
2.074633
0.847129
0.824268
1.301718
1.229866
1.329238
1.310509
2.110904
1.854535
2.439080
2.110691
1.698730
1.926953
2.133211
1.553638
1.752035
1.762066
1.709446
1.126490
1.645494
1.690333
1.491064
1.582783
1.736793
1.801295
2.091450
2.121425
1.977866
1.469104
1.971502
1.119320
2.357520
2.213027
2.447790
2.537762
0.658669
0.871565
1.062365
1.136328
1.245133
0.993242
2.969839
2.891777
0.965162
1.145961
2.155144
1.162282
1.209087
0.803879
1.133877
1.097001
2.365784
2.242225
1.168407
1.541106
1.975581
1.892246
1.816577
1.536563
2.031975
1.281396
2.275435
2.468747
2.466322
1.053984
1.072876
1.043423
1.214059
0.940674
1.101456
2.314745
2.203389
1.509568
1.718624
1.828973
1.571383
1.594544
1.906750
1.218247
1.647520
1.935870
1.590619
1.615415
1.304361
1.423989
2.087229
2.093300
2.037369
2.046391
2.282242
2.463935
2.507331
0.822761
1.019284
2.616233
1.411464
2.684441
2.353136
2.562536
2.870579
2.833209
2.330995
2.350544
1.334949
2.617134
1.392899
1.710760
1.774691
2.292595
2.160913
1.724654
1.636932
1.673009
1.683311
1.716176
1.202169
1.602540
1.764050
1.839758
2.117207
2.292250
2.022629
2.009155
2.314142
2.396846
1.020085
1.020962
2.493919
2.485979
2.605496
1.750851
2.493519
2.001867
2.307057
2.864012
1.095928
1.146750
2.448822
2.497363
2.075901
1.958541
1.925756
2.014037
1.864593
1.806773
1.199963
1.180903
1.617116
1.463084
1.695097
1.414250
1.525877
1.904246
1.472494
1.251231
1.982781
2.100121
2.121615
2.305407
2.422720
2.537762
2.429580
2.537319
2.507942
2.736209
2.736928
1.582650
2.613186
1.427812
1.221559
2.726254
2.306634
2.578134
2.024813
2.110225
2.140454
1.420958
1.802944
1.735801
1.676777
1.674220
1.341430
1.251357
1.592581
1.450625
1.978297
2.292729
2.189379
1.270453
1.731053
1.812730
2.531252
1.221907
2.878509
2.715366
1.275575
1.422844
2.504637
1.791821
1.809356
2.247173
1.648745
1.670244
1.690072
1.765292
1.866588
1.717186
1.715455
1.641409
1.159063
1.198651
1.390727
1.318264
1.818698
1.956445
2.003749
1.895973
2.368508
2.310599
1.779535
1.936550
1.550259
2.557816
2.580451
2.678082
2.482846
1.487820
2.698962
1.336770
1.467109
1.739524
1.959056
1.815472
1.103317
1.651879
1.762914
1.913830
1.081464
2.173187
2.152517
2.083741
2.098794
2.211263
2.358865
2.371395
2.395476
2.078748
2.341427
2.078228
2.272688
1.707619
1.411319
2.222542
2.001138
2.117336
2.145719
1.264285
1.320360
1.184089
2.607237
1.408928
2.005286
1.915445
1.628858
1.505833
1.649337
1.834047
1.670868
1.195295
1.190916
1.364710
1.465464
1.913747
1.947240
2.046407
1.911903
2.350677
2.308339
2.221113
2.242397
1.443188
1.225403
2.253554
2.041819
2.595927
2.407161
2.252105
2.685716
2.837123
2.797081
1.281147
2.087188
2.241482
2.413977
2.082487
2.241231
2.277500
2.063467
2.009917
1.788502
1.927541
1.832401
1.633211
1.532958
1.446268
1.806358
1.044202
2.219512
2.197295
1.139588
2.102854
1.579409
2.007088
1.968085
1.545748
1.693121
1.644604
1.364803
1.517316
1.646059
1.683055
1.808171
1.875985
1.015306
2.075671
2.087057
1.858348
1.430462
2.491194
2.427225
2.361948
2.561068
2.428980
2.659155
2.031898
2.659155
2.622594
2.502323
1.883491
1.672390
1.788502
1.659688
1.506357
1.792817
1.815983
2.165241
2.316495
1.662927
1.732991
2.293974
1.217527
1.666924
2.552738
2.042002
2.293601
2.203318
2.086620
2.070127
1.926133
1.924480
1.488042
1.745033
1.094660
1.140493
1.220900
1.326388
1.123252
1.144290
1.359596
1.537175
2.103972
2.100035
1.269636
2.370864
2.437802
1.855314
2.491404
2.282196
1.736852
1.457807
1.970259
1.611847
1.734092
1.841444
1.277551
1.279197
1.577950
1.447870
1.531637
2.460878
2.232203
1.987298
1.962545
2.225587
2.311443
2.241482
1.821610
1.794447
1.788909
1.518152
1.106735
1.109559
1.405029
1.777292
1.629336
1.688751
1.668920
1.611331
1.177781
1.976207
2.214139
2.002219
2.113382
2.089371
2.426013
2.652919
1.329556
1.975418
1.970026
1.397098
1.787699
2.041802
1.687074
1.918719
1.865284
1.076316
1.430125
1.088438
1.044434
1.399257
2.144221
1.941069
2.235322
2.210319
1.995040
1.759969
1.653346
2.581548
2.168975
1.504772
1.733534
1.076967
1.142513
1.121907
1.227766
1.385408
1.080263
1.113270
1.311854
1.456874
1.389014
1.296127
1.601515
2.685639
1.324248
1.707207
2.446256
2.433326
2.262834
2.310340
1.701421
1.680294
1.194056
1.144766
1.200990
1.649804
1.010016
1.972406
2.227339
1.516571
1.997875
2.257309
1.828618
1.850394
2.004403
1.025113
0.999315
1.366471
1.275076
1.522760
1.056281
1.405993
1.029654
0.989432
1.119810
1.181071
2.015747
2.213472
2.186961
1.987603
2.722452
1.536062
1.503456
1.873719
2.102513
1.528944
1.557731
1.004361
0.931748
1.478122
1.312982
1.342201
1.161012
2.017104
2.036562
2.045994
2.093073
1.896066
1.972511
2.061283
1.428386
2.433326
1.392829
1.669079
1.846807
1.692855
0.920770
0.937982
1.310145
1.047775
1.960541
2.169295
2.502757
2.549987
2.622703
2.572381
2.013286
1.496734
1.892496
2.257309
2.379818
2.500047
1.377504
1.386692
1.951850
1.977753
1.738347
1.668219
1.029916
0.927768
1.102069
1.224823
1.202593
0.980799
1.938298
1.817362
1.757748
1.865988
1.632471
1.973521
1.648152
1.723869
1.838309
0.892460
0.833759
1.663089
1.795393
1.821720
1.958281
1.793690
2.411402
1.470227
0.955339
1.017829
1.166264
1.268208
2.082951
1.977214
2.427041
2.474635
2.685639
2.133001
1.572034
1.634379
0.872765
0.898524
1.016743
1.216779
1.021704
0.987115
2.205283
2.251205
1.761242
1.642100
1.746439
1.798017
1.684685
1.795815
1.596693
1.653276
1.511279
1.510133
1.630428
1.745920
1.779175
1.709368
0.975454
1.018745
1.113986
0.927537
1.828632
1.861659
2.337455
1.905037
1.680036
1.495527
1.871060
1.937932
1.803765
1.800655
1.655330
2.191437
2.331717
1.953272
2.283571
2.504572
1.845459
1.819967
1.582306
1.831431
2.109014
1.839434
1.794012
2.033530
1.688017
1.764863
1.648156
1.624431
0.782930
0.881285
0.940187
1.683121
1.815456
1.676755
1.790721
1.913936
1.794309
1.789919
1.878688
2.022449
2.191458
2.268686
1.857864
1.827267
1.659589
1.716336
1.583372
1.701942
1.860692
0.862383
0.809864
0.909097
0.814806
0.959254
1.814732
2.039297
2.110576
1.962402
1.842456
2.007127
1.499737
1.560776
0.782930
0.790217
1.513262
1.871493
1.763483
1.557321
1.727986
1.682900
1.776940
1.639892
1.566520
1.536108
1.844451
1.849379
1.678441
1.668356
1.771841
1.551301
1.615177
0.763712
0.734478
1.757159
1.438641
1.974473
1.705117
1.886874
1.545976
0.791574
0.824698
1.667515
1.520368
1.631006
1.607397
1.756303
1.643401
1.869654
1.945115
1.716982
1.859683
1.768142
1.805164
1.652570
1.511373
1.694804
1.776940
1.627049
1.818058
1.766670
1.678204
1.492365
1.503591
1.404721
1.670273
1.764520
2.064072
1.739402
1.639582
1.553399
1.744035
1.566295
1.595380
1.433057
1.687691
1.584624
1.678328
1.785359
1.801199
1.573980
1.572645
1.337841
1.516654
1.529305
1.681854
1.389926
1.639582
1.523255
1.366091
1.339767
1.379116
1.493918
1.360225
1.525280
1.433216
1.694165
1.408217
1.902261
1.755041
1.711601
1.523506
1.369248
1.450144
1.512320
1.526919
1.263624
1.522901
1.414961
1.318120
1.506454
1.339700
1.184159
1.248955
1.478618
1.415692
1.380128
1.319253
1.389947
1.243457
1.340680
1.633645
1.385070
1.303286
1.377677
1.163071
1.160767
1.190816
1.346360
1.537420
1.311308
1.322119
1.443133
1.292432
1.318536
1.100790
1.080986
1.218916
1.230729
1.591529
1.444458
1.344927
1.258981
1.467230
1.132178
1.355694
1.286726
1.327742
1.156106
1.071443
1.192901
1.434228
1.021835
1.055119
1.361634
1.138700
1.156053
1.183729
1.155030
1.088423
1.148184
1.042790
1.080775
1.129101
1.239989
1.217293
1.061974
1.036180
1.128464
1.382404
1.105233
1.020702
1.037796
1.093570
0.994083
1.109655
1.047426
2.672912
2.637949
2.324835
1.946372
1.826957
2.660726
2.637949
2.202411
2.730562
2.363769
