6215 1 3
1.337075
1.416319
1.372645
1.184219
1.366455
1.242198
1.515842
1.394439
1.463085
1.488319
1.163019
1.252165
1.220079
1.345969
1.450391
1.509871
1.374213
1.229175
1.221730
1.293264
1.202351
1.637349
1.673980
1.575506
1.650246
1.543105
1.518484
1.618912
1.541893
1.459199
1.230564
1.318145
1.463588
1.295731
1.385402
1.240819
1.402415
1.693913
1.568065
1.615647
1.657087
1.556481
1.473968
1.485524
1.259178
1.648023
1.276215
1.449599
1.344966
1.669233
1.457203
1.246005
1.172665
1.352997
1.806200
1.535447
1.541538
1.786868
1.238985
1.622795
1.774569
1.884780
1.450824
1.732549
1.491976
1.515859
1.596454
1.595602
1.306354
1.237763
1.407169
1.841808
1.357305
1.654096
1.552063
1.575409
1.541042
1.653757
1.232838
1.239568
1.244453
1.700931
1.522865
1.236515
1.231687
1.246729
1.648601
1.894484
1.785277
1.768594
1.467579
1.207336
1.734171
1.905965
1.926105
1.276971
1.908822
1.821336
1.831998
1.819359
2.029045
1.610569
1.772804
1.730782
1.759255
1.649941
1.550211
1.293232
1.412827
1.765611
1.878462
1.795320
1.849792
1.875731
1.950027
1.939483
1.933621
1.654825
1.663006
1.778994
1.606184
1.617468
1.553984
1.481611
1.250998
1.715444
1.592949
1.982482
1.784833
2.047497
1.915516
1.384881
1.344115
1.498322
1.859641
1.815986
1.766603
1.936801
1.855589
1.815676
1.542388
1.318200
1.419141
1.304892
1.230399
1.489403
1.757268
1.679876
1.933069
1.799973
1.475803
1.998454
1.687918
2.076296
2.111132
1.965317
1.873100
1.615093
1.758643
1.814344
1.903572
2.109164
2.103847
2.064252
1.800810
1.734082
1.690086
1.692535
1.607278
1.548686
1.585514
1.500880
1.405278
1.812814
1.986185
2.071051
2.090711
1.974311
1.996949
1.897601
2.129124
1.900922
1.816628
1.583363
2.001638
2.105559
2.054935
2.164289
2.234585
1.799731
1.620481
1.649813
2.162431
1.968148
1.578881
1.881797
1.593982
1.668385
1.610106
1.758139
1.273400
1.251318
1.772135
1.651440
1.748332
1.782717
2.035720
1.988166
1.880520
1.859599
2.047425
1.908349
2.025650
1.715174
2.135986
2.058437
2.041076
1.859589
2.210299
1.959210
1.830927
1.589549
1.692757
1.881169
1.674979
1.695719
1.201241
1.427111
1.618304
1.743871
2.119913
1.890421
1.427346
1.974934
2.076033
1.969671
2.023458
2.004581
1.903917
2.248726
1.747525
1.565415
1.822157
2.186567
1.806420
1.708126
1.872751
1.410281
1.510527
2.262929
1.904421
1.914784
2.148336
2.278028
1.973152
2.109239
1.692451
1.637349
2.163648
1.989516
1.952435
1.958168
1.775200
2.144873
2.110630
2.341233
1.929716
1.875784
1.849201
1.650179
1.641723
2.076539
1.907310
1.872995
2.065604
1.867994
1.853406
1.641535
1.686441
1.661087
1.434639
1.976280
1.711413
1.634769
1.853240
2.257739
2.001413
1.891938
2.088307
2.124299
2.247699
1.982275
2.263898
2.178562
2.236104
2.307340
1.681608
2.087880
2.366433
2.009756
1.811115
2.223160
1.902929
1.713375
2.031636
1.702223
1.312042
1.605679
1.279212
1.268202
1.237480
1.757352
1.329720
1.856530
1.783203
2.093508
2.232673
2.257438
2.350868
2.191174
2.354459
2.199760
2.213808
2.222368
2.220484
2.340451
2.286432
2.227963
2.053031
2.383619
2.354183
2.053700
1.942813
2.218658
1.728982
1.828928
1.970257
1.873398
1.269997
1.226120
1.958047
2.114330
1.529642
2.316007
1.630032
2.357400
2.390487
2.362013
2.380912
2.191141
2.355967
2.171873
2.025397
2.031294
2.107885
2.171157
2.209679
1.900738
1.819678
1.786347
1.712602
2.038227
1.698859
1.979503
1.776460
1.554486
1.881651
2.221990
2.111188
2.358000
1.560533
1.601583
2.166032
2.075733
2.172093
2.137079
2.116928
2.071569
2.372420
2.146300
1.886336
1.699005
2.193455
2.174135
2.265311
2.149789
2.263296
2.099368
1.962080
2.392146
2.219271
2.141462
2.328836
1.913538
2.601830
1.585737
2.093059
1.888077
1.727026
1.731565
1.349985
1.479321
2.255201
2.089883
2.284297
2.335691
2.271273
2.323774
2.431584
2.462628
1.794768
1.904214
2.310569
2.365580
1.954399
1.920803
1.953985
2.023535
1.959631
1.930824
2.433037
1.887087
2.271796
2.381991
1.879751
1.956107
2.105052
1.781852
1.510093
1.257309
1.479321
1.321277
1.685899
1.961656
1.854446
1.490886
1.413780
1.586146
2.046346
2.059011
2.340991
2.369889
2.244766
2.321683
2.091972
2.365897
2.253356
1.924090
2.053689
2.109562
2.077112
1.989770
2.257542
1.858851
2.165115
2.464290
2.150977
1.935391
1.897874
1.658262
1.965434
1.553377
2.302976
2.263551
1.580632
2.408026
2.172030
2.010892
1.705020
2.146908
2.521372
2.465802
2.467105
1.736626
2.220268
2.667347
2.401830
1.930616
1.969518
2.271424
1.914647
1.683678
2.226779
2.260569
2.313557
2.324255
2.205116
1.708717
1.861387
1.395993
1.445280
1.309757
1.581347
1.558258
1.491289
1.607050
1.816211
2.126304
1.521492
2.001105
2.249478
2.359445
2.273553
2.162735
2.507205
2.095335
2.115304
2.357939
2.412907
2.372503
2.389612
2.297557
1.868995
2.466266
1.926892
1.950637
1.846609
1.886438
2.387841
2.585393
2.370952
2.238591
2.025212
1.814820
1.805781
1.984004
1.718827
1.654802
1.791485
1.782481
2.129870
2.259029
2.284297
2.303664
2.257215
2.465740
1.926510
2.370896
1.849201
1.892962
1.931320
1.788188
2.429612
1.935590
2.084193
2.211055
2.198428
1.839502
2.122131
1.799207
1.819229
1.806219
1.924043
1.271354
1.361329
1.263594
1.329761
1.885055
1.637334
2.061496
1.882032
1.896649
1.588405
2.382777
2.287268
2.355715
2.377401
2.098555
2.431064
2.386350
2.441396
2.563674
2.502857
2.262596
2.483992
2.424528
1.972418
2.457514
2.632604
2.429612
2.072213
2.160362
2.025656
2.639203
2.614513
1.800296
2.135394
2.316833
2.277844
2.113577
2.186591
1.994390
1.988434
1.946964
1.213564
1.490831
1.604304
1.552497
1.448763
2.234655
2.259029
1.525680
2.318572
2.469305
1.631670
2.422874
1.741279
1.790495
2.024771
2.182856
1.946532
2.033528
1.911893
2.518566
1.910660
1.991881
2.628974
2.030416
2.473252
2.317993
2.286427
2.141499
1.973596
2.126289
1.290123
1.353876
1.432003
1.695685
1.736401
1.775247
1.390924
1.978224
2.105352
2.213603
2.129870
2.228208
1.606198
1.512335
2.438078
2.525537
2.186021
1.740924
2.601197
2.237239
2.149606
1.657730
2.579103
2.599308
2.578948
2.527684
2.527684
2.484238
2.006850
1.925619
2.061790
2.615596
1.681599
1.945539
1.783861
2.548013
2.123054
2.089028
1.786108
1.389923
1.336462
2.124315
2.049104
2.249478
2.383477
2.510051
2.532377
2.472384
2.103593
2.572193
2.150018
2.149054
2.636242
2.530049
2.601601
2.600125
1.805013
2.000374
1.917060
2.372286
2.143685
2.099664
1.998010
1.467242
1.891572
1.456076
1.567685
1.887858
2.206509
2.513894
2.533534
2.164722
2.193806
1.555789
2.590476
2.104103
2.563481
2.505828
1.755592
2.025045
1.959410
1.983351
1.910809
1.965710
2.614513
2.047051
1.953246
2.009257
2.295963
1.356040
1.501181
1.564618
2.542532
2.429160
2.501796
2.481338
2.319209
2.523896
1.928538
1.948539
2.384013
2.078422
2.200404
1.575790
1.939041
2.103442
2.486594
2.537763
2.148231
2.600678
2.098676
2.553037
2.577108
1.532133
1.738943
1.855160
1.853465
2.313822
2.138574
1.826521
2.330468
2.224630
2.175348
2.322509
1.914872
1.848135
1.808851
1.920418
1.413934
1.646520
1.237724
1.594275
1.507977
1.792114
1.767014
1.832336
1.916304
1.445534
1.487823
2.012400
1.647724
2.278836
2.194891
2.160100
2.100274
1.965710
2.152455
1.848568
2.029402
1.964966
1.878936
1.978294
2.208779
2.154299
2.268532
2.123801
2.147650
2.047204
2.109817
1.975568
2.071436
2.388652
2.215988
2.222587
1.861593
1.921268
1.786715
1.877840
1.986748
2.054281
2.265044
1.840412
2.032378
1.891233
1.477908
2.323886
2.521465
2.449545
1.419541
2.231868
2.633814
2.120278
1.880689
1.966608
1.464077
1.889154
2.073530
2.025284
1.951004
2.061168
2.097749
2.302860
2.133849
2.124590
1.814656
1.890426
1.831900
1.407683
1.276380
1.338967
1.620942
1.724121
1.723369
1.434871
2.029310
2.001692
2.090675
2.197629
2.097225
2.413804
2.456321
2.563993
2.590840
1.934431
1.878831
2.054605
2.187794
1.874884
2.030707
1.939697
2.125235
2.133847
2.113374
2.195745
2.316593
2.564901
2.388652
1.940641
1.748986
2.095047
1.746002
1.236689
1.302705
1.312577
1.530948
1.598004
2.007481
1.891233
2.044568
1.831261
1.739609
1.479718
1.583008
2.366116
2.233830
2.231246
2.497260
1.483178
2.609120
1.750714
1.851880
2.361562
2.083622
2.073737
1.985230
1.903515
1.865451
2.147894
2.092015
1.968410
2.173790
2.523912
2.376602
2.181952
2.294758
2.105253
1.977856
2.411845
2.333477
2.362286
2.360719
2.546471
2.178230
2.217619
2.264221
1.180542
1.652402
1.905863
2.037226
2.145800
2.256720
2.325437
2.437411
2.413804
2.509545
2.468745
1.468969
2.214937
2.261365
1.455656
2.426116
2.369372
1.568847
1.439765
1.476739
1.606708
1.896353
1.786645
2.211313
2.178812
2.338890
2.229054
2.265416
2.270681
2.384083
2.101579
2.333480
2.106618
1.961051
1.947223
2.052863
1.984765
2.271185
2.240303
2.403642
2.348848
2.157625
1.908971
1.718235
1.549393
1.691452
1.558659
1.617933
2.335270
2.537081
2.606647
2.259861
2.226190
2.335263
2.053423
1.790879
1.968772
1.654384
1.496765
2.157246
2.026239
1.725863
2.358028
2.472541
2.222207
2.360618
2.195904
1.955386
2.464667
2.448179
2.331065
2.402837
1.954641
1.930017
1.230043
1.293858
1.194650
1.829185
1.750185
1.922604
1.476763
2.007481
2.172621
2.158155
2.183299
2.609220
2.297547
2.539631
2.405939
2.289082
2.424313
2.370760
2.455462
1.414742
2.042151
2.210922
2.226587
1.590837
2.393219
2.164244
2.293551
1.991226
2.289884
2.268978
2.435812
1.970722
2.225333
2.178991
2.297560
2.354547
2.360618
2.381911
2.195648
2.267815
2.521794
2.448094
2.291764
2.268528
2.121259
1.761663
2.076286
1.624002
1.961565
1.898573
1.482609
1.391001
1.554516
1.520547
2.221364
2.158140
1.649349
2.374515
2.390581
2.452882
2.434135
2.465097
1.320530
2.341583
1.377397
2.535653
1.478024
1.483777
1.367134
2.387459
2.199048
1.602825
1.726843
1.471362
1.820384
2.389007
1.963284
1.935962
2.368356
2.505180
1.992888
2.053947
2.064800
2.583521
2.082028
2.182688
2.639333
2.497305
2.322381
2.527629
2.421221
1.944785
2.048167
2.183757
1.529152
1.445175
1.869983
2.136184
1.633259
1.727500
2.254942
2.318647
2.326150
2.372391
2.306851
2.430496
2.334455
1.389248
2.625402
2.116237
2.455462
2.015778
2.315256
2.370528
2.467988
2.528068
1.960117
1.395856
2.343877
2.054934
2.139117
1.826797
1.836761
2.035652
1.923391
1.783830
1.931703
2.208866
2.204837
2.133883
2.466859
2.536039
2.347137
2.430302
2.494957
2.571034
2.505180
2.339514
2.195904
2.519846
2.012853
2.352120
2.489584
2.490409
2.265323
2.298024
2.099913
2.072508
2.178379
1.604993
1.644940
1.434872
1.750632
1.756533
2.270020
1.523842
1.752396
1.638694
2.431113
1.293299
1.308754
2.497258
1.322134
2.243646
2.301307
1.287379
2.283973
2.457506
2.535613
1.614261
1.628125
1.669214
2.258270
2.290432
2.260439
2.383102
1.804150
2.468192
2.477753
2.054952
2.032148
2.421333
2.245982
2.421018
2.227746
2.161226
2.293961
2.141046
2.194856
2.099327
2.413891
1.682830
1.902692
1.342818
1.501873
1.511508
1.624253
2.016014
2.034260
2.106554
1.411764
2.371726
2.250071
2.265559
1.369502
2.234889
2.370335
2.570575
2.407070
2.360505
1.207182
1.444062
1.214831
1.337871
1.389248
2.569585
1.935888
1.424023
2.581513
1.425489
1.373537
1.318171
1.607158
1.657164
2.304293
2.227169
2.239054
2.092447
1.694110
2.009949
2.442782
2.367110
2.114045
2.578715
2.134901
2.194690
2.033064
2.239614
2.291355
2.800087
2.886746
2.182770
2.490926
2.687272
2.582055
2.521397
2.595287
1.829059
1.729589
1.998524
1.643767
1.741143
1.870218
1.973285
1.846100
1.644796
2.046067
1.447911
2.119314
1.530333
1.678897
2.245742
2.363752
2.363012
2.290316
2.448264
2.275125
2.263081
1.802632
2.678984
1.362175
2.506097
1.507164
1.619045
2.553416
2.158852
2.066030
1.375631
1.891391
2.021043
2.290432
1.871619
1.546880
2.304870
2.053987
2.004041
2.159534
2.421018
2.181735
2.245420
2.578834
2.297716
2.771902
2.521440
2.053116
2.520201
1.724668
1.766176
1.669536
1.742025
1.488420
1.146369
1.353623
1.604510
2.198845
1.454986
1.456471
1.369465
2.512162
1.223366
1.217094
2.334489
1.224569
2.597131
1.979519
1.288783
1.240997
1.253085
1.371971
2.762914
2.410101
2.040424
2.438896
2.228383
1.839892
2.462877
2.091405
2.096292
2.087841
2.967158
2.771803
2.690258
2.426163
2.246804
1.952397
2.075997
2.033344
1.837142
2.024598
1.149784
1.678004
1.800455
2.365108
1.543911
1.273322
1.471827
1.194013
1.191662
2.326381
2.113299
2.592930
2.500535
2.602673
2.240591
2.633658
2.560762
2.796407
1.278079
1.412944
1.807744
1.530550
1.457035
1.553800
2.277712
2.203360
2.245174
1.956753
1.891391
1.517952
1.654503
2.176958
2.366256
2.117496
1.921885
2.369120
2.014470
1.997817
2.580167
2.468558
2.551199
2.255993
2.830302
2.679302
2.909560
2.581925
2.723053
2.488747
2.417218
2.310555
1.891615
1.408036
1.225554
1.213951
1.353054
2.098744
2.005083
2.022818
1.692146
1.422637
2.063106
1.405718
1.334933
2.233673
1.581646
1.233393
1.243117
2.376765
1.095596
1.168503
2.195611
2.111999
1.277236
1.138561
2.555739
2.446818
2.322731
1.166581
2.196085
1.387152
1.332631
1.235072
2.806868
2.686784
1.222870
2.245174
1.574365
1.714395
2.525994
2.573775
2.524481
2.581386
2.526524
2.452878
2.222333
2.356273
2.765211
2.715726
2.721490
2.300282
2.226554
2.754339
2.698656
2.655272
2.278026
2.227633
2.154485
2.070760
1.212850
1.185774
1.944540
1.963086
2.148544
2.115477
2.053915
2.200818
2.303854
2.081532
2.276538
1.526796
2.213758
1.170126
2.390327
1.955606
1.008201
1.183429
1.277236
2.632284
2.803432
2.710838
2.596212
2.699694
2.766505
1.000337
2.768984
2.806868
1.176592
2.750170
1.912094
1.897647
1.123986
2.902535
2.233537
2.219400
2.304664
1.435505
2.508954
2.503685
2.905605
2.119008
2.286710
2.656166
1.715680
1.618704
1.889825
1.924682
1.517505
2.055450
1.483285
2.331177
1.392969
2.349739
1.468796
2.380528
1.168503
1.098675
1.138602
2.432285
1.140341
2.592890
2.713350
1.061842
1.118026
0.945797
1.724436
2.844566
2.810377
2.729959
2.585176
2.544043
1.903763
1.238384
2.520085
2.367608
2.746349
2.939965
2.142541
2.632985
3.004597
2.923493
2.884768
2.602011
2.465681
3.042019
2.599428
2.482621
2.451579
2.144428
2.159035
2.594317
2.497676
2.757846
2.515528
2.727964
2.654642
1.820270
1.673232
1.529485
1.662496
1.962587
2.141589
2.031264
1.748002
2.165602
1.577921
1.437990
2.375674
2.306493
2.267471
2.283506
2.138265
2.253966
2.800621
1.934443
2.775065
2.864569
1.022077
2.695671
1.983562
2.089746
2.691199
2.633731
2.451113
2.924960
2.207227
2.747432
2.761421
2.333199
2.395282
2.380152
2.834314
2.727964
2.325894
1.947534
1.364029
1.305171
1.814746
1.292042
1.207444
1.694445
1.481311
1.388953
1.814519
2.110560
2.185653
2.267614
2.282379
2.369934
1.039923
1.999370
2.696034
1.005631
1.856866
2.764898
2.816724
2.775065
1.231407
1.098833
2.401428
1.496832
2.542802
2.508954
2.524481
2.519978
2.227722
2.875359
2.829826
2.491572
2.457336
2.381925
2.279268
2.819045
2.154750
1.764810
2.031355
1.879099
1.962587
2.008133
1.893665
1.470477
1.812982
1.900360
2.126796
2.154974
2.446659
2.215377
2.359206
2.228632
2.361367
0.930500
0.905492
1.032293
2.286229
2.695671
2.130019
2.448699
2.371854
2.520777
1.840096
1.753864
2.546059
2.365849
2.761363
2.629221
3.018482
2.587070
2.586566
2.491832
2.516838
2.593178
2.851394
2.830124
2.371042
2.443586
2.216695
1.846709
2.248069
2.328742
2.373366
2.354367
1.846964
1.421427
1.625584
1.709033
1.765264
1.889702
1.824215
1.808985
1.762173
2.027604
2.097108
1.157745
2.353118
2.469935
2.361751
2.571365
2.512928
2.361500
2.571365
2.252728
1.998122
2.174400
1.872429
1.119840
2.303166
2.163729
2.283130
1.723624
1.698393
2.517983
1.926029
2.606323
2.364598
2.632343
2.611707
1.966871
1.919110
2.692389
2.310167
2.461509
1.955936
1.992976
1.815890
1.900449
2.135222
2.061356
2.027421
1.361857
1.430570
2.059816
2.169245
2.166220
1.079535
0.956848
2.417015
1.862710
2.627735
2.476665
2.873642
2.966269
2.016097
2.600067
2.714300
1.971609
1.996925
2.254687
1.360317
1.643746
2.679231
1.768993
2.065200
2.588335
2.770277
3.035539
2.583145
2.565582
2.671325
2.469466
2.605107
2.831187
2.475227
1.886474
1.747337
1.760041
1.671861
1.237845
1.523320
1.799291
1.763542
1.906893
1.906115
1.784155
2.287277
2.317573
2.212304
1.387954
1.256159
1.182155
2.578740
2.437809
2.378608
1.803182
2.445277
0.827026
0.867576
0.943361
2.575081
2.503766
2.516867
2.179111
2.708722
2.464154
2.282592
2.256227
2.426486
2.565598
2.402802
2.300255
2.568721
2.096346
2.250250
2.265419
2.106539
1.802673
1.913309
1.903690
2.036207
2.114918
2.135703
1.555732
1.531756
2.189161
1.019765
2.646102
2.420908
1.857994
1.741669
2.315407
2.558030
2.179303
2.178480
2.626734
1.263925
2.404368
2.557654
2.679231
2.695868
2.154354
2.821714
2.526160
2.404676
2.890613
2.783336
2.618642
2.658319
2.621961
2.669751
2.824154
2.937016
2.249545
2.629649
2.477355
2.439910
2.724106
2.510650
2.517289
2.799575
2.201768
2.253232
2.234649
2.182205
2.248922
2.537762
2.309204
2.134598
1.729658
1.283264
1.793476
1.804701
1.783727
1.825639
1.806774
1.417420
1.868663
1.877455
1.403259
1.405767
1.496745
1.814519
2.089136
2.139598
1.489944
2.280926
2.129572
2.065700
2.201061
2.847266
2.801466
2.841599
2.141634
2.054599
2.047829
1.936213
2.081193
2.138443
1.612248
1.710637
2.369985
2.858312
2.731922
2.457292
2.887565
2.020979
2.385000
2.430731
2.560278
2.675228
2.079959
2.358107
2.097096
1.805719
1.596004
1.795677
1.862463
1.936696
1.376401
1.467799
1.460321
1.545774
1.301753
0.937180
0.940935
2.469913
2.729388
1.677073
1.857994
2.690655
2.903149
2.818995
0.878020
2.182830
2.157165
2.392390
2.737830
2.132681
2.825915
2.636817
2.301941
2.657881
2.450154
2.233041
2.436416
2.601218
2.292081
2.179153
2.923446
2.809714
2.535809
2.349753
1.328040
1.413436
1.717833
1.782309
1.619411
1.726641
1.831254
1.844352
2.141052
2.150908
2.210994
2.160081
0.912064
2.574322
2.738575
2.297402
1.847303
2.894386
0.886363
0.830666
1.055002
1.050426
1.089274
1.124329
2.366560
2.436199
1.342439
2.165617
2.207174
2.887361
2.090189
2.742424
2.652405
2.287801
2.426100
2.220829
2.668298
2.248452
2.870950
2.603850
2.340611
2.656025
2.476349
2.171330
2.161851
2.246311
2.093010
2.231033
2.007954
1.395603
1.720910
1.267027
1.851836
1.883038
1.861738
1.589908
2.048401
2.070668
1.073955
2.234590
2.287137
2.074671
2.643965
0.932944
2.604650
2.211586
1.406085
2.218621
2.277700
1.753502
1.758081
2.845676
2.834802
1.816646
2.823059
2.656025
2.001096
1.879415
1.836640
2.604437
2.823059
2.133436
2.421097
2.398054
2.374939
2.314068
2.676288
2.170802
2.717063
2.679143
2.146938
2.259434
2.383933
2.047601
1.664840
1.163770
1.698750
1.512378
1.353178
1.405151
1.840593
1.937838
2.029848
2.118063
2.235116
2.122298
2.206859
2.395443
2.315499
2.221103
2.034300
2.002975
0.796764
0.856453
0.980071
2.196978
2.168894
2.303129
2.513230
2.801568
2.262759
2.602657
2.540545
2.580719
2.758516
2.248328
2.064541
2.026358
2.509149
2.231036
1.817932
1.744956
1.753786
1.641970
2.235130
2.310590
2.050363
2.203264
2.393500
0.870207
2.053463
2.849540
2.917283
2.056759
2.038620
1.173153
1.418182
2.160868
2.411435
2.809714
3.001031
2.171501
2.367615
1.987870
1.795192
1.176952
1.389212
1.696001
1.824866
1.828154
1.810329
1.419599
1.805153
1.907108
1.849416
1.403422
1.641970
2.104539
2.163142
2.203812
2.053437
2.290479
0.885884
2.211237
2.885229
2.785108
0.769338
0.759537
2.100534
0.960608
2.471050
2.559190
2.234255
1.691174
1.701469
2.588048
2.555871
2.587466
2.798120
2.470435
2.391399
2.444329
2.563208
3.001031
3.039925
2.067130
2.105319
2.365568
1.667995
1.639375
1.675853
1.661635
1.264615
1.547610
1.703478
1.312152
1.557455
2.226894
0.975321
2.084947
0.856183
2.734113
2.845837
2.616994
2.606910
2.411568
2.013396
2.490461
2.507100
2.167181
2.677163
0.764574
1.922926
1.986334
2.112507
2.007665
2.019919
1.188239
2.334219
2.870514
2.843334
2.263894
2.477180
2.470073
2.914880
2.987828
2.223798
2.214301
2.149650
2.374713
2.475227
1.772254
1.836251
1.678153
1.645005
1.176964
1.785497
1.512378
1.908028
1.601580
1.996561
2.159005
2.112502
0.788279
2.309257
2.273052
0.709134
2.524568
0.737069
2.248572
2.295480
2.660843
0.693190
0.743887
2.206006
0.902129
0.952149
2.466486
1.251301
1.362638
1.508829
2.190711
1.613108
1.542787
2.840640
2.227948
2.306653
2.197514
2.313686
2.734128
2.473732
2.276030
2.693079
2.508385
2.826898
2.155906
2.250380
2.604774
2.699961
2.098857
2.403404
1.976638
1.715745
1.863025
1.930885
1.648706
1.977383
1.207895
2.112308
2.228232
2.182993
0.978488
1.197538
0.907951
2.092153
0.764262
2.773559
2.906008
2.524568
2.314058
2.160561
2.362386
2.258443
2.297484
2.214428
2.160158
1.643612
1.607481
2.768037
2.584512
2.252498
2.372690
2.518039
2.586147
2.650287
2.650495
1.920917
1.907434
2.006594
1.970475
2.961626
2.821398
2.253290
2.253290
2.196671
2.136116
1.466707
1.335269
1.365341
1.949998
1.790286
2.044374
2.525156
2.147166
2.927591
2.346934
2.454401
2.260155
2.205965
2.830071
0.987668
2.740568
2.560932
2.431892
2.906732
2.849024
2.238014
2.239501
1.831708
1.791395
2.773573
2.792891
2.430043
2.409212
2.509817
2.836954
3.026122
2.830290
1.969657
1.732065
1.947369
1.282860
1.297520
1.674554
1.377051
1.954710
1.842861
1.810329
1.915725
1.427739
1.582723
2.252731
0.849053
0.836732
2.068659
0.806007
2.217700
2.514812
0.846857
2.755010
2.321407
2.333574
2.398187
2.196900
2.231807
2.256507
2.458249
2.908257
2.203001
1.978004
1.254980
2.918109
2.776124
2.560932
1.205167
2.222422
2.840640
2.112036
2.114239
1.821770
2.099589
2.499727
2.604774
2.592890
2.188371
2.271859
2.254320
1.589833
1.655857
1.599504
1.752445
1.531410
1.787904
1.531410
1.462796
1.468928
1.912920
2.000888
1.982193
2.043498
0.788923
2.795904
2.945558
2.942492
2.340058
1.103291
2.238325
2.185690
2.087607
2.705370
2.680312
2.388519
2.766274
2.539659
2.475106
2.176228
2.898848
1.837121
2.961626
2.607582
2.314534
2.208096
1.798478
1.557767
1.498780
1.846432
1.701210
1.965111
1.953055
1.926638
2.020004
1.974151
1.374948
1.967805
2.277653
2.235988
2.108073
2.588434
2.035007
2.216824
3.021143
3.077054
3.140853
2.277017
2.828169
2.879164
2.749148
2.863851
2.828737
2.449237
2.420576
2.298030
1.369153
1.350905
1.542391
1.710297
2.012144
2.074681
2.313074
2.177628
2.852571
2.611881
2.740761
2.523887
2.673482
2.891987
2.891987
2.742168
3.102038
2.338716
1.952816
2.329674
1.654977
1.779814
1.707164
1.704036
2.080580
1.943739
2.002887
2.090865
1.962467
2.031012
2.008424
1.994916
1.997103
1.900611
1.932367
2.855975
2.710992
2.526393
3.036359
2.935710
2.960015
2.181866
2.204159
2.119434
3.077054
2.945485
2.113144
1.501397
1.287163
1.653507
2.812850
2.035812
2.092221
2.888002
2.893827
2.859347
2.873964
2.811905
2.226810
2.209999
2.151349
2.445477
2.119804
2.404601
2.290753
2.782368
2.764325
2.056168
1.824036
1.883492
1.947745
1.938482
2.229856
1.516803
1.988379
1.492123
1.975953
2.047884
2.015053
2.094748
1.975385
2.132010
2.333407
2.753859
2.988934
3.085857
2.916016
2.166151
2.288907
2.859250
2.861795
1.970181
2.309975
2.761577
2.441440
2.524969
2.745161
2.727855
2.711719
2.230623
2.401059
2.263598
2.972197
1.875945
2.369060
1.859636
2.255980
2.549500
2.094814
1.668750
1.586762
1.326323
1.715684
1.764861
1.345465
1.435519
2.248218
2.431124
1.443179
1.991869
1.990755
2.013555
2.160447
1.908654
0.937757
1.988671
2.163455
2.007097
2.263505
2.384850
2.221560
2.071310
1.944921
2.519626
2.779361
2.302131
2.937020
2.962623
2.949301
2.841239
2.613909
2.714786
2.406615
2.203696
1.609885
2.779706
2.855949
2.869950
2.489757
2.837727
2.859347
2.076129
2.312399
2.046545
2.181633
2.306833
2.226808
2.190060
1.755176
3.106666
2.611023
2.616558
2.176724
1.843065
1.812342
2.098140
1.769078
1.866362
2.415084
2.328785
2.156405
2.019853
2.400630
2.060915
1.978650
2.046649
1.845029
2.192621
1.853390
1.780021
0.852839
2.831017
2.713157
2.709720
2.698609
3.124904
2.413902
3.042676
2.222169
2.136365
1.301760
1.368885
2.247750
2.833215
1.984963
1.800915
1.981392
2.397953
2.013348
2.700921
2.536055
2.137763
2.256717
2.439888
2.039955
2.266158
1.491637
1.234762
1.340168
1.718726
1.393224
1.945430
1.522947
1.529888
2.172231
2.062521
2.137234
1.978368
2.059526
2.059815
2.043543
2.151144
2.039013
2.118114
1.931272
1.977905
2.129772
1.060624
0.994942
1.816187
2.101531
2.046732
1.982140
1.987211
2.022022
2.594134
2.801054
2.185829
2.496926
2.620967
3.074663
3.162397
3.184021
3.124944
1.223182
2.277045
1.727551
1.549527
1.988797
2.113492
2.847646
2.301693
2.759006
2.664417
2.215780
2.331694
2.081091
1.897096
2.655958
2.208202
1.645312
1.835160
1.911227
1.747819
1.397959
1.774932
1.409132
2.114085
1.877221
1.997583
1.572705
1.451003
1.964759
2.001265
2.310727
2.310727
2.357259
1.985240
1.842357
2.197059
1.969625
2.475840
2.526393
2.475840
2.247211
2.759207
2.876683
2.917859
3.044055
2.521728
2.221085
2.228381
2.401838
3.230434
2.389692
3.078794
3.119509
2.836579
2.456984
3.141803
2.883129
2.814312
2.532720
2.582829
2.380646
2.848881
2.778343
2.316473
2.230301
1.681486
2.808071
2.114795
2.053041
1.872060
3.200348
2.796891
2.385653
2.480548
2.320095
2.141134
2.033118
2.419334
1.735072
1.484963
1.525606
1.201571
1.622275
1.787932
1.851823
1.793369
2.054274
2.221803
2.368814
2.062794
2.214644
0.904740
2.182918
2.954059
2.316470
2.594836
2.240815
2.052570
1.785518
2.984974
2.928413
2.413568
2.325495
2.094058
2.864577
2.859628
2.839110
2.689786
2.456505
1.872378
1.872378
2.020152
1.804312
2.878215
2.811058
2.720667
2.186846
2.722867
2.823776
2.796058
2.790504
2.394303
2.510952
1.825779
2.348515
2.313208
2.804101
2.792060
2.273178
2.398806
2.426373
2.165378
2.442895
2.395645
2.479360
1.362861
1.307623
1.466782
1.536603
1.676249
1.637388
2.046232
2.184022
1.384032
2.094398
2.022315
2.638126
3.046517
2.677475
2.478842
2.869166
2.124235
2.191532
2.162716
2.824651
3.124904
2.094079
2.972942
2.894514
2.616827
2.489719
2.872064
2.913603
2.927864
1.488704
2.246374
2.517253
1.866470
2.827238
2.648421
2.792460
1.893001
2.397828
2.582582
2.694226
2.987428
2.904102
2.375757
2.716662
2.684115
1.672100
1.779648
1.614614
1.905820
2.315726
1.928684
1.704522
1.893034
1.846918
1.759937
1.985090
2.123252
1.588008
1.618452
1.292287
1.301131
1.666125
1.681186
1.458544
2.128565
1.895885
1.988503
1.625753
1.657054
1.982347
2.391472
2.446657
2.515283
2.023261
2.470436
2.470436
2.144282
2.307330
0.778631
2.284569
2.277408
2.081483
2.840677
2.717720
1.908036
1.926853
2.164382
2.728807
2.515693
2.671965
2.741689
2.897785
2.409527
2.710104
2.837808
2.893214
1.141143
2.653049
2.689147
2.443496
2.854919
2.119558
2.384888
1.993704
3.224064
2.819610
2.432111
2.530037
2.244870
2.782752
2.024735
2.050687
1.605256
1.803748
2.317091
2.200201
2.165586
1.945733
1.617911
1.672197
1.704811
2.143341
1.822942
2.477466
2.436288
1.896000
1.835674
1.982442
2.101969
2.108759
2.147747
1.907672
2.353054
2.457674
2.478842
2.222934
3.008192
3.124124
3.077079
2.277190
2.858354
2.310545
2.137357
0.980473
2.927864
2.723751
2.510559
2.922030
2.491069
2.815777
1.318268
1.887366
1.845496
2.786370
2.797112
2.779880
2.328701
1.792548
2.770147
2.376711
2.582582
2.703625
2.616870
2.181855
2.136741
2.261415
1.998382
2.605507
2.127886
1.481165
1.783305
1.433231
1.975474
1.469633
1.825453
1.798408
2.027830
2.279343
1.754764
2.302688
2.388653
2.296853
2.383448
2.488802
2.844579
2.741611
2.631111
2.236364
2.398016
3.148588
2.793591
2.658512
2.421412
1.013983
0.927112
2.721673
2.916345
2.635541
2.907469
2.823152
2.439611
2.274172
2.367660
1.868396
2.742631
2.461359
2.863577
2.174267
2.572122
2.089271
2.150268
1.890353
1.863788
2.742814
2.801375
2.461785
2.316252
2.234632
2.606916
2.516194
1.627752
1.548541
1.719007
1.424485
1.784825
2.311116
1.937375
1.971853
1.449483
2.097704
2.155930
1.824738
0.907361
2.236522
2.155369
2.236694
2.337645
2.285522
2.585120
2.744635
2.079415
2.502860
3.040680
2.965155
2.738299
2.839506
2.406291
2.541158
2.771772
2.351561
2.239872
2.909013
2.536036
1.667090
1.632533
1.550854
2.781173
1.726858
2.328701
2.640440
2.036013
2.820974
2.716265
1.662598
2.403456
1.871861
1.846918
1.997537
1.999446
1.400905
1.591865
1.492498
1.733601
1.572382
2.054582
1.929790
2.034752
1.928793
1.840181
2.026255
2.075340
2.043027
2.109883
2.250497
2.338327
1.777569
1.879481
1.789408
2.991253
2.784385
3.015340
2.799361
3.077255
2.592887
2.576158
2.973888
1.852510
1.630729
1.566511
2.929930
1.866570
2.638603
2.534935
2.627325
2.710104
2.448756
2.618784
2.714972
2.339208
1.114062
1.661857
1.668615
1.664223
2.715058
2.406723
2.458269
1.813971
2.073429
2.061913
1.995258
2.184566
2.206619
2.384924
2.878804
2.878804
2.254848
2.071827
2.020152
1.927313
1.509826
1.876589
1.931790
2.012922
1.493902
1.409297
1.353234
2.321614
2.233868
2.351904
1.725697
2.056572
1.949284
1.870193
2.078614
1.521989
1.127336
2.096620
2.116092
1.047450
1.080560
1.170114
2.096939
2.146292
2.252534
2.257656
2.209863
2.304659
2.292213
2.474357
2.373513
2.792662
3.069523
2.312772
2.901050
2.635974
2.946973
3.245065
3.194926
3.183676
2.756419
2.950154
3.029723
2.565593
1.002149
2.339535
2.196622
2.286478
2.815694
2.852262
1.236316
1.571088
2.333118
2.361713
2.676361
2.409987
2.816914
2.818375
2.333027
2.281461
1.985466
1.888635
2.080780
1.302353
1.345092
1.317969
1.441174
1.569537
1.254412
1.366424
2.061493
1.668044
1.938200
2.025448
2.128026
1.975488
1.898470
2.640330
3.051250
2.865256
3.123777
2.807600
3.232497
2.617209
2.809511
2.770367
2.790642
2.653036
2.445255
1.489369
1.796104
2.843127
2.868532
2.862504
2.752494
2.763697
2.045946
1.910224
2.146087
2.850116
1.971915
1.953572
2.385705
2.309588
1.890160
1.759658
1.608477
1.619614
1.746935
1.742335
1.906740
1.809545
2.092333
2.081997
1.916410
1.971128
2.323277
2.397784
2.970564
2.322105
2.362287
3.074038
2.676383
2.916982
2.300244
2.038217
2.888591
3.193329
1.649809
2.540138
3.136710
1.805741
2.693575
2.413346
2.319741
2.829626
2.699989
2.601814
2.619188
2.564060
1.792696
1.741599
1.754776
2.256095
2.437816
2.159337
1.902859
1.906602
1.917772
1.446714
1.182191
2.164328
1.975474
1.358582
1.999242
2.170079
1.991862
1.965842
1.950343
1.041776
1.976091
0.994835
0.911895
2.019334
2.781202
2.963382
2.371421
2.426112
2.523042
2.787073
3.036815
3.038312
3.152365
1.959334
3.283798
2.698450
2.383131
2.286598
2.904460
2.922610
1.569692
1.407881
2.753387
2.675174
2.732540
2.091267
2.008755
1.970591
1.768943
1.874944
2.585105
2.327667
2.361643
1.383653
1.346961
1.453752
1.901480
1.673732
1.958323
1.989994
1.748030
1.861410
1.932040
1.322928
1.039494
0.953109
2.032286
2.134910
2.418005
1.931270
1.886708
2.476076
3.142245
3.059818
3.126662
2.586672
2.172791
2.350347
3.175724
3.026307
1.005622
2.723442
2.810090
2.708073
1.148428
2.331467
1.478426
1.571088
2.272538
2.771561
1.784761
1.862494
2.267127
2.291773
2.099344
2.331941
1.598767
1.886076
1.667684
1.712843
1.553532
1.788264
1.270765
2.097379
1.775938
2.037566
1.899408
0.932629
2.090605
2.337645
2.633148
3.073945
3.051417
2.359177
2.091040
2.336534
2.180599
2.150844
2.117268
2.530848
2.134303
2.844262
2.642129
2.563432
1.047105
0.994018
2.451272
1.495910
1.415668
2.669263
2.749135
2.901018
2.800385
2.322884
1.876335
2.331358
2.235240
1.333246
1.280690
1.649482
1.302304
1.771707
1.704843
1.455227
1.745055
1.564458
1.729766
2.250215
1.994214
1.990873
1.950142
1.311598
1.927526
2.060455
2.418005
2.337645
2.195447
2.072948
2.756697
2.951180
3.225509
2.873773
3.058479
1.884914
2.209214
2.490939
2.376347
2.781335
2.829626
2.472864
1.323235
1.649926
1.527642
1.758966
1.779919
1.770490
1.892356
1.950002
2.296699
2.205572
2.122110
2.143492
1.876661
2.031513
1.821827
1.364565
1.723065
1.459187
1.448133
1.634351
1.960515
1.646513
1.590914
1.919391
1.178985
2.071706
2.194052
2.343811
2.588207
2.881877
2.209727
2.435732
2.567953
2.929913
3.062593
3.233364
3.286347
2.633881
2.386675
2.719528
2.436788
1.160932
2.141523
2.006283
1.872060
2.377875
2.142603
2.099344
2.153789
2.142576
1.903371
2.181907
1.806222
1.350010
1.576350
1.667328
1.612576
1.679606
1.750359
1.885779
1.704764
2.013743
1.782685
2.072334
1.878829
1.884767
1.885512
2.395258
2.289845
2.003295
1.884466
2.446791
2.239824
2.764010
2.588845
3.345310
2.487613
2.863310
2.817391
2.539283
2.840804
2.917376
1.327737
2.265676
2.729396
2.842952
2.918914
2.852405
2.819767
2.761180
1.836402
1.833995
1.647889
1.630560
1.715655
1.933887
1.460138
1.410121
1.354723
1.336051
1.365807
1.717874
1.878341
1.934071
1.899939
1.847716
2.643420
2.890139
2.528523
3.136462
3.142245
2.426273
2.876889
2.651050
2.598326
2.506907
2.891114
2.835139
2.572941
2.477452
1.442847
1.355743
1.265339
2.281324
2.231973
2.503817
1.807395
1.867964
2.881124
2.875741
2.110412
2.165453
2.261446
1.995546
1.994587
1.660158
2.076067
2.029913
1.876827
1.801408
1.503241
1.603861
1.482502
1.440675
1.313244
1.375126
1.688717
1.477975
1.605819
1.668365
1.957995
2.101772
2.125704
2.171372
1.945810
0.993032
2.134552
1.934284
2.309101
2.455826
2.660244
2.543798
3.098345
2.767649
2.933959
3.064888
3.192127
3.210166
2.712795
2.554124
2.694833
0.970921
0.980872
2.430437
2.921381
1.498269
2.724411
2.929085
2.963003
2.839123
2.515127
2.381584
1.626917
1.547082
2.351530
2.251505
2.378705
1.689824
2.929365
1.865371
1.881337
2.128460
2.295688
2.316218
2.391993
1.995585
2.193799
1.891793
1.593824
1.420089
1.554402
2.156856
2.041524
1.887504
1.995139
1.032189
2.309101
2.065625
1.762895
2.237114
2.143005
2.365854
2.676442
3.023406
2.457447
2.466326
2.329329
2.797590
3.000190
2.982836
2.750007
2.492982
1.026106
1.427462
1.411104
1.422987
2.435831
2.828310
2.970379
2.964437
1.531673
2.140787
2.152344
1.905668
1.630509
1.914967
1.287051
1.202631
1.362187
1.535072
1.595562
1.691312
1.660793
1.856325
2.356099
2.064602
2.374972
2.070471
1.947432
2.217087
1.951619
1.142452
1.187933
1.826186
1.890559
1.912895
1.871445
2.051478
2.489788
2.528603
2.723196
2.875713
1.936314
3.005447
2.869645
2.595654
1.102209
1.118649
2.420672
2.547866
2.964108
2.481904
1.609283
2.271310
2.299667
2.178902
2.450702
1.860602
1.341874
1.492847
1.528317
1.366374
1.365999
1.394674
1.588088
1.706917
1.563033
1.561592
1.685440
1.702819
1.698514
1.654031
1.822128
2.217087
1.750208
1.879406
2.217099
1.896000
1.115643
1.027967
2.424619
2.234305
2.365854
2.646054
2.432000
2.665045
3.020208
2.608627
2.597312
2.684280
3.019622
2.899802
2.930840
2.715344
2.639079
2.576973
2.780793
2.921188
2.755673
2.695853
2.367603
1.158066
2.925065
2.864198
2.958109
2.948857
2.932978
2.932962
2.416958
1.883335
1.707834
1.921639
2.020990
1.988322
2.021924
2.097979
1.958497
2.492811
2.000309
1.724845
1.812789
1.647755
1.314013
1.693000
1.622807
2.452177
2.133544
1.280309
1.778092
1.252777
1.801843
1.846244
1.740206
1.993174
1.952950
2.081066
1.851432
2.675171
2.599566
2.594099
2.410850
3.029140
2.751551
3.185547
3.177775
1.935857
3.050367
3.060510
2.950696
2.624726
2.896125
0.992326
0.994999
2.533813
2.409055
2.655617
1.324552
1.231325
2.948857
2.694266
2.865090
2.278022
2.267353
2.125027
1.983118
2.429979
2.108248
1.952207
1.594190
1.471398
1.301493
1.173685
1.337219
1.385225
1.413021
1.422722
1.355490
2.158983
1.789103
2.211879
1.993361
2.180374
2.515475
2.025066
2.218183
1.898803
2.044345
2.104261
2.083430
2.787272
2.587212
3.023406
3.011620
2.726732
3.182650
2.694740
2.675846
0.983442
2.739697
2.768556
2.852079
2.779369
2.373915
2.360637
1.002046
2.695009
2.604971
2.913008
2.758511
2.781407
2.950078
1.612195
2.233939
2.246981
2.054689
2.050013
1.974285
2.053523
2.180333
1.834975
1.386741
1.351846
1.345065
1.514899
1.675817
1.686494
1.570966
1.739085
1.654709
1.980981
1.611468
2.214230
2.094782
2.224616
1.058740
2.111172
2.276398
2.468183
2.451550
2.879439
2.840515
2.862571
3.156542
3.083635
3.255637
3.164537
3.106753
3.005118
3.005446
2.738292
2.646192
2.834987
1.129561
1.026268
1.037793
2.507974
2.784570
2.593207
2.520376
2.937232
2.889372
1.656889
2.068841
2.058317
2.362713
2.507148
1.922312
2.024715
1.735143
1.418352
1.842938
1.977847
1.568265
2.174567
2.256126
2.296531
1.139149
1.098701
1.053761
0.927116
2.324516
2.760086
2.705816
2.623718
2.631996
3.059743
2.593771
3.035451
3.020016
2.704125
2.189856
3.032179
3.121847
3.091760
3.037203
2.826031
2.869132
1.064317
2.679955
2.832417
1.417996
2.797305
1.500520
2.337305
2.382310
2.783806
2.163474
2.370234
2.490195
2.374182
2.315701
2.286752
2.447880
1.960552
1.652581
1.786044
1.420752
1.539696
1.654709
1.678249
1.680290
2.117337
1.874823
2.274071
2.013596
2.111926
1.898338
2.336305
2.604391
2.527258
2.474333
2.432560
2.586808
2.862959
2.752726
3.105548
2.931107
2.707906
2.672329
2.675746
2.504612
2.773247
2.777484
2.708190
1.017225
1.135928
2.314304
2.365703
2.937232
2.899930
2.132270
2.143633
2.513656
2.086158
2.289634
1.970730
2.116526
1.785250
1.837730
1.718487
1.879948
1.803122
1.596904
1.462957
1.615194
1.627515
1.964767
2.165558
1.903350
1.817890
1.408435
1.757945
1.775938
2.101205
2.431868
2.479144
2.618807
2.399281
2.673344
3.110100
2.377830
2.450009
2.522036
0.941612
0.842915
2.809294
2.494080
2.345551
1.233353
1.533628
1.608066
1.572561
1.523790
2.110823
2.473544
2.744874
1.901479
2.305797
2.317980
1.975541
1.973226
2.402770
1.739687
1.723936
1.595488
1.684512
1.433163
1.404191
1.344197
1.538902
1.460986
1.663138
1.692691
2.202783
2.026306
2.430159
1.687039
2.112622
2.158487
1.889768
2.180374
2.090024
2.276217
2.117184
1.952498
2.040323
1.835107
1.000005
2.022537
1.972440
1.988328
3.205822
2.535626
2.561623
2.586486
3.345737
2.828415
3.339763
2.574192
2.649241
1.152880
2.468656
2.632992
1.218088
2.584041
1.064680
1.491415
1.529872
2.845045
2.736917
2.510128
2.546249
2.111157
1.948590
2.452502
2.142299
1.896782
2.374182
1.997964
2.155596
2.077538
1.811895
1.677555
1.756000
2.078150
1.810222
1.879576
2.023470
1.984113
2.056034
2.744993
2.986628
2.794726
2.873801
3.085602
3.141000
3.100295
2.322081
2.645138
2.965371
3.021517
3.156091
3.038183
2.289068
0.738804
0.802621
1.274230
2.793898
1.289019
2.619966
2.687846
1.045488
2.290920
1.346974
1.449134
2.762049
1.974494
1.775287
2.243676
2.195045
2.167873
1.914442
1.851454
1.674037
1.485932
1.785504
1.876028
1.724026
1.632041
2.011125
1.858557
1.807436
1.876262
1.682690
1.927134
2.045865
2.256126
1.275439
1.934476
1.210737
1.859024
1.875809
1.193775
1.019502
1.093405
2.089317
2.788730
2.479144
3.069543
3.178835
2.899266
2.965143
3.172800
2.862952
2.471110
2.900419
2.557947
3.088175
3.033889
0.768011
0.868114
2.182085
1.185297
2.753497
1.289019
2.547215
1.039800
1.092209
1.097578
2.117423
2.212678
1.512136
2.164676
1.656199
2.795974
2.679961
1.703999
1.957472
1.942955
1.853136
1.808817
1.714370
1.748868
1.530590
1.608598
1.340635
1.433933
1.681796
1.560173
1.500481
1.632041
1.552607
1.783122
2.452177
2.426039
1.762153
1.849310
1.600538
2.199972
1.175265
2.672719
3.216992
3.169418
2.997129
2.629721
3.164094
2.808371
2.286277
2.918480
3.199771
3.168727
2.445954
1.172206
2.829555
2.789965
1.171406
2.352981
2.180202
1.794832
2.305797
2.191422
1.964013
1.846720
2.305246
1.917581
1.909496
1.749170
1.857536
1.396331
1.518709
1.725438
1.841365
1.575791
1.934773
1.862204
1.789239
1.879269
1.879404
1.386248
1.930240
1.832655
1.877412
2.098058
2.335300
2.540333
2.567510
2.433297
2.573500
2.543944
3.241911
2.968233
2.512577
3.218832
3.149313
2.239651
2.253401
1.287013
2.810086
2.494829
2.443254
1.707647
1.935957
1.836769
1.506397
1.635232
1.919522
1.909223
2.000578
2.113128
2.788965
2.483182
2.479144
2.415335
2.892215
3.133399
2.878425
2.733383
2.818366
2.735320
3.200908
3.059437
3.263074
3.124770
3.213915
2.359994
1.225965
1.276948
1.313568
1.324984
2.663040
2.832354
2.473546
2.446708
2.701004
2.268208
2.158451
1.394808
2.297278
1.792970
1.740829
1.796381
1.836681
1.846389
2.221343
1.522664
1.463458
1.711341
1.718352
1.670049
1.899260
2.004847
2.257798
1.972956
1.978196
2.456274
2.561771
2.453105
2.866262
2.772374
2.620715
3.222216
3.015304
3.235898
0.852586
0.961167
2.068787
1.006871
1.065032
1.279893
1.323696
2.657685
2.743061
2.452866
1.354815
1.338857
1.483215
1.969206
2.379055
1.610716
1.654681
1.625123
1.729759
1.781407
1.687835
1.995648
1.810082
1.977805
1.910765
1.787278
2.244664
1.985224
2.023332
1.994819
2.055624
1.778320
1.772323
1.409973
1.731363
2.088538
2.003970
2.168648
1.854582
1.917950
1.003271
2.416050
2.268460
2.798640
2.792062
2.927289
3.149741
3.063804
2.724075
3.084484
2.562568
2.518431
1.309216
1.309216
1.362714
2.268508
2.637048
2.664577
2.256567
1.972791
2.293894
2.288104
1.987448
1.823038
2.214493
2.095266
1.965732
2.002436
1.771673
1.796647
1.351426
1.380030
1.248011
1.559971
2.378092
1.591927
1.768438
1.813890
1.793773
1.862204
1.817079
1.544063
1.904984
2.077863
1.191108
1.991392
2.335719
0.908889
2.599702
2.494071
2.678349
2.398198
2.408824
2.655239
2.884647
2.967414
2.661944
2.404340
2.513912
3.039073
3.181793
3.276813
2.360850
0.870081
1.062450
2.137256
1.604018
1.555226
2.184642
1.816496
1.810082
1.817181
1.843068
1.714166
1.622010
1.359187
1.531665
1.594973
1.655087
1.856354
1.797220
2.134752
1.824131
2.215972
2.325522
2.519167
2.569263
2.636385
2.557405
3.035257
3.065121
3.052477
2.516222
2.884772
2.800206
2.537824
2.656569
2.773172
1.432241
1.502746
1.575638
1.628079
2.343335
1.787431
1.662013
2.172075
2.066383
1.738144
1.716977
1.823826
1.890572
1.850103
1.178617
1.255491
1.485505
1.550074
1.478926
1.464979
1.653677
1.815665
1.604842
1.851895
1.699420
1.605386
1.847966
1.816551
1.736824
1.153682
1.230690
2.668308
2.716931
2.795547
2.712776
3.060418
2.963286
2.629611
3.038272
3.025539
2.943878
2.687151
2.871869
2.826742
2.654846
2.378456
3.329143
3.265894
2.217866
2.192828
2.244421
1.155085
1.341492
2.547769
2.173486
2.028456
1.857347
2.292016
1.609873
1.689674
2.117056
1.318054
1.365165
1.684855
1.544049
1.758228
1.527991
1.845336
1.873498
1.669677
1.634813
2.004708
1.753615
1.842591
1.780892
1.779532
1.359861
2.014904
2.396582
2.664718
2.946078
3.008823
2.697145
2.698863
2.799585
2.361419
2.856243
2.239708
2.109349
1.415305
2.440847
1.756991
1.877613
1.597156
2.243084
2.015992
1.937924
1.864006
1.810250
1.258513
1.497646
1.537868
1.667475
1.760080
1.438570
1.546313
1.768102
1.811420
1.873314
1.659162
2.040132
1.698542
1.728066
2.152176
1.194319
2.152176
2.295372
2.268885
2.318892
2.614033
2.757200
2.653489
2.641638
2.896818
3.049507
2.943777
2.867553
2.830042
2.808866
2.892934
2.289612
2.510502
2.985383
3.036770
2.903821
3.206596
3.033341
1.045464
0.959193
1.314565
1.478757
1.433991
1.422369
1.948771
2.228847
1.977749
1.546673
1.496900
1.756991
1.644547
1.548047
2.207061
2.220996
1.650023
1.713275
1.403615
1.763325
1.648473
1.666925
1.756138
1.696567
1.720207
2.085783
2.397305
2.287211
2.368797
2.514878
2.715617
2.638046
2.434558
2.597692
2.629741
2.544446
3.072157
3.248195
3.157876
2.332377
2.764466
2.463110
2.207525
1.161166
1.224768
1.238488
1.261196
2.417423
2.015802
2.224355
2.116902
2.385275
2.252740
2.383123
2.415412
2.075505
2.402163
1.588531
1.585464
1.751517
1.739951
1.826848
1.818073
1.729324
1.142067
1.587186
1.548033
1.665486
1.576714
1.779532
1.720389
2.073629
1.057859
2.355156
2.453778
2.409265
2.751400
2.730260
2.859436
2.671826
2.769484
3.096082
3.123204
1.254912
1.167761
2.346200
2.048589
2.112045
2.150797
1.347189
1.491023
1.763131
1.970972
2.220996
1.749447
1.798351
1.898641
1.715386
1.323144
1.409786
1.763340
1.712499
1.540294
1.665142
1.627308
1.644065
1.780077
1.699945
1.722456
2.005577
1.907703
1.837744
1.352350
2.031729
1.986215
1.026353
2.352380
2.408922
1.005799
2.389643
2.393580
2.398595
2.793846
2.661150
0.849523
2.825727
2.878983
2.803534
2.887598
2.851731
2.967258
2.448353
2.576120
2.446600
3.167263
2.616994
3.157578
3.050298
3.150090
3.140348
3.117321
3.128809
2.100516
2.140864
1.324458
2.252422
2.143469
2.066401
1.437389
2.027743
1.588119
1.619624
2.402163
2.197599
1.688715
1.587998
1.913839
2.149212
1.604190
1.469994
1.923579
1.847794
1.671068
1.729637
1.625684
1.678038
1.703695
1.507940
1.746748
1.660882
1.715340
1.490116
1.564309
2.072036
2.254290
2.292116
2.298768
2.403536
2.433801
0.897083
2.652256
2.739287
2.576065
3.110796
3.094249
3.031360
3.093428
2.158414
1.203419
1.337301
2.299633
1.065826
1.325393
1.367849
2.013360
1.648450
1.266699
1.257900
1.529186
1.923579
1.835138
1.813660
1.672412
1.645574
1.782095
1.564309
1.398242
2.170891
2.069446
2.248003
2.176365
1.206308
2.316039
2.367353
2.611559
2.564364
2.678387
2.579944
2.647862
2.618210
2.870396
2.880820
2.747174
2.911279
2.500473
3.068132
1.262187
1.535020
0.939634
0.896063
2.110040
1.369780
2.387990
1.387826
2.017791
1.797557
2.028989
1.732114
1.716191
1.762133
1.843699
1.609015
1.767056
1.609768
1.686339
1.647488
1.626288
1.648777
1.684895
1.881050
1.777026
1.881114
2.045683
2.245968
2.224001
2.309071
2.553595
2.679196
2.797788
2.754292
2.690155
2.623900
2.927740
2.769484
2.616160
2.689699
2.317163
3.044767
1.218408
2.331235
2.306667
2.101551
1.378000
1.814774
1.965814
2.017791
1.554015
1.529582
2.043576
1.880690
1.973348
1.791892
1.716183
1.410826
1.892941
1.935895
1.727448
1.787690
2.006265
1.670766
1.750933
1.700218
1.688578
1.427647
1.345656
2.004940
2.224473
2.271062
2.401139
2.565192
2.459454
0.912167
2.695828
2.596653
2.557810
2.575712
2.879508
0.785670
3.101297
3.080554
2.961001
0.861133
2.951711
1.529034
2.121290
2.094340
0.929660
0.970990
1.406963
1.961065
1.504401
1.528536
1.919324
2.171622
1.787658
1.755932
1.720584
2.121490
1.716804
1.675564
1.753733
1.677610
1.025296
1.177750
1.189849
1.465904
1.696148
1.733490
2.026359
1.685418
1.622475
1.674146
1.982978
1.689774
1.604690
1.661810
1.801562
1.764119
1.989306
1.931085
1.877152
1.093882
2.024696
1.894227
2.245767
2.274130
2.510364
0.821423
0.856204
0.862480
2.647884
2.410933
0.961349
1.297741
1.065218
1.058958
2.016834
2.149575
2.007783
1.927613
1.409353
1.432086
2.018369
1.439477
1.439192
1.408902
1.774712
1.916286
1.460291
1.857257
1.655243
1.660430
1.718065
1.728127
1.715209
1.896123
2.088166
1.706267
1.569530
1.631172
1.321961
1.349852
2.149187
2.404690
2.401139
2.552334
2.627329
1.124941
0.989874
2.788537
2.599736
0.752123
2.702616
2.741106
2.335220
1.062699
1.024583
2.997000
2.769397
0.984403
1.163537
1.178785
1.152355
1.008303
1.189232
2.483482
1.406554
2.079015
1.973996
1.663372
1.589840
2.026874
2.236582
2.196388
1.765052
1.545407
1.996651
1.967659
1.626403
1.689218
1.684857
1.872896
1.713607
1.696354
1.588262
1.886189
1.699600
1.734473
1.909278
2.151690
1.984316
1.012408
2.485935
2.526470
2.566458
2.616676
2.547402
2.583014
1.088180
2.360038
2.573151
1.007363
1.044496
0.787162
0.899907
2.764146
1.206544
3.023866
2.982051
2.512131
1.045645
1.106712
1.312630
1.209509
1.200113
1.197269
1.200760
1.545154
1.963356
2.060499
2.189112
2.635113
2.119002
2.538887
1.882176
1.873259
1.448618
1.521986
1.586280
1.652214
1.825673
1.984280
1.969781
1.561382
1.765305
1.714110
1.085883
1.168574
1.608905
1.830039
2.037206
2.083215
1.649940
1.712607
1.778492
1.478179
1.848467
1.951696
2.022297
2.274965
1.041661
2.517606
0.969716
2.870484
2.784414
2.736786
2.416845
2.864031
1.157421
2.357403
2.320477
1.996447
1.645076
1.621716
2.016810
1.660406
1.817181
1.727791
1.469494
2.139000
1.628946
1.808757
1.703647
1.795833
2.083222
1.374670
2.398568
2.307911
2.667288
1.041067
2.635355
1.192877
2.468507
1.363026
2.758307
2.776218
2.826196
3.021689
2.956661
3.055255
1.447427
1.790443
2.453173
2.264599
1.788036
1.978997
1.637691
1.751237
1.681285
1.672971
1.597940
1.659224
1.790723
1.792726
1.750154
1.570879
1.621191
1.792395
1.197776
0.970476
1.464151
1.598503
2.120855
1.542425
1.519004
2.070661
1.496419
1.396509
1.154266
1.179205
2.487057
2.606288
2.589397
1.210554
1.441902
2.681399
1.294139
2.609643
2.895293
2.117500
2.103714
1.436084
1.709290
1.842650
1.918316
1.470002
1.669756
1.717155
2.549671
1.541698
1.668482
1.568452
1.719897
1.667794
1.720526
1.653089
1.659160
1.574131
1.961356
2.019207
1.878389
1.679677
1.770581
1.141704
1.094758
1.228832
1.975982
1.583982
1.787869
2.106597
1.973573
2.126325
1.391902
1.902643
1.955265
2.182274
2.463970
2.399795
3.038181
1.974639
1.422709
1.393112
1.366894
1.361901
2.024337
2.245179
1.446684
2.165581
1.827816
2.217187
1.638206
1.638752
1.665189
1.728242
1.000139
1.635328
1.712685
1.949396
1.730981
1.839641
1.813060
1.810851
1.496419
1.383448
1.981852
2.033620
2.016939
2.030181
2.041740
1.989770
1.231995
1.185748
1.294843
1.175513
1.146476
2.411145
1.084775
1.157144
1.195636
1.292902
1.289195
1.327332
2.728341
1.289667
2.847618
2.558788
2.350772
2.049989
1.279721
1.326634
1.555044
1.533218
1.790443
1.235021
1.621346
1.538415
1.999046
1.863855
1.895586
1.952156
1.745054
1.653708
1.833790
2.062588
2.192873
2.475007
2.571616
2.561886
2.583012
2.727908
2.703683
1.548043
1.442387
1.472432
2.420235
1.326334
2.911672
2.057396
1.339513
1.546858
1.534257
2.512282
2.550266
2.530526
2.549714
1.979366
2.387192
1.727709
1.844248
1.713042
1.834006
1.851362
1.342993
2.008497
2.107548
1.425840
1.942425
1.214279
1.217904
1.167220
1.178727
2.534689
2.578783
3.004067
2.316027
1.301817
1.992020
1.737807
1.562062
1.694254
1.664414
2.170315
1.618390
1.613229
1.971168
1.614280
1.789864
1.837645
1.984280
1.801033
1.720076
1.391599
1.287793
1.332075
1.056696
1.616608
1.817499
2.051786
1.963686
1.990061
1.936197
2.067840
1.960855
2.270473
2.225104
2.469051
2.596305
2.562941
2.707916
1.719970
2.822262
2.771442
2.916007
3.056500
2.141550
1.283120
2.423903
2.478248
2.513722
1.539984
1.875601
1.814085
2.014009
1.947046
1.647755
1.819324
1.899502
1.944958
1.626231
1.589392
1.915560
1.027802
1.074547
1.199341
0.992348
1.275401
1.297189
1.986925
1.979219
2.038500
2.123466
2.312343
2.407373
2.436182
1.620931
1.930504
2.515996
1.958351
1.908307
1.430346
1.732633
1.864666
2.475828
2.520115
2.284653
2.409783
2.072657
2.094869
1.831072
1.966497
1.660977
1.676178
1.135910
1.113856
1.921691
1.790020
1.931514
2.020718
2.038626
2.332956
2.415153
2.494779
1.958351
2.578529
2.578943
2.745721
1.404246
2.898229
3.029224
2.841593
1.323218
1.515056
2.513027
2.478107
2.182760
2.386033
1.568161
2.068951
2.151042
2.409783
1.674996
1.656756
1.786250
1.772279
1.375466
1.345665
1.505536
1.621896
1.489182
1.753129
1.480778
1.728044
1.884548
1.902828
2.036327
1.994390
1.183549
2.354017
1.191312
1.363270
1.487084
2.410038
2.333985
2.333985
1.618860
1.863382
2.383411
2.660081
2.674967
2.500352
2.284045
2.159846
2.870187
1.435805
2.397947
1.798982
1.680657
1.616962
1.775936
1.667987
1.987629
0.923045
1.045798
1.293814
1.596687
1.929288
2.213164
2.481027
2.450044
1.254253
1.672595
2.229939
2.666079
2.376498
2.543537
2.831300
2.109170
1.519227
1.564692
1.895249
2.258697
2.002947
1.902094
2.322842
1.894156
1.611094
2.301371
1.989106
1.621072
1.663705
1.582177
1.565732
1.640742
1.705418
1.594085
1.138821
1.816043
2.062604
2.128771
2.168048
2.035779
1.785619
2.140176
2.221085
2.408100
2.256065
1.258371
2.377422
2.092779
2.361861
2.524593
2.627328
1.861521
2.678667
2.481601
2.081861
1.839719
2.355880
2.223656
2.307265
2.099756
2.284653
1.954084
1.673515
1.688801
0.991254
0.998375
1.167027
2.000598
2.268966
2.335327
1.553713
1.571818
2.380925
1.747620
2.430053
2.538858
1.470240
2.907357
2.776481
2.250187
2.132373
1.322017
1.522589
1.489037
1.553146
2.198587
1.740072
1.903904
1.647691
1.625946
1.744633
1.859709
1.628205
1.631128
1.705028
1.636274
1.820400
1.632127
1.661256
1.553725
1.244427
1.683947
2.179130
2.212099
1.958083
1.331690
1.845428
1.882788
1.480099
2.092779
2.358194
2.337133
2.399397
2.189003
2.077893
2.485795
2.737860
2.351562
2.769703
2.532800
2.157650
1.879636
1.914320
2.403965
2.087187
2.349760
2.080220
1.856759
1.860314
1.628270
1.650979
1.301572
1.394330
1.698367
1.107046
1.165890
1.663810
2.156346
2.204827
2.103401
2.249487
2.215116
1.323300
2.324838
2.292277
2.229001
2.296272
2.504074
2.454002
2.511736
2.521624
2.594483
2.651986
1.453784
2.718763
1.975704
1.782629
1.578168
1.795643
1.616820
1.657085
1.802221
1.668980
1.730026
1.583193
0.973849
0.969961
0.934519
1.041213
1.391153
1.789008
1.839699
1.691839
1.750126
1.398025
2.356012
2.248441
2.468946
2.033706
1.509997
1.440429
1.803815
2.203204
2.250796
1.921728
1.835724
1.963378
1.599018
1.663441
1.622270
1.012029
1.146702
1.462007
1.437301
1.105568
1.572893
1.490606
1.194673
2.533383
2.478805
2.644267
2.293504
2.252895
2.276675
1.415797
2.403965
1.858196
2.044370
1.715067
1.728420
1.608913
1.603801
0.965690
1.204028
1.473614
1.386993
1.092921
1.498666
2.307125
2.504188
2.599332
2.316502
2.365502
2.740411
2.447686
2.184742
2.192295
1.489538
1.438355
2.421302
1.521767
2.232491
2.247313
2.037438
1.584373
1.681399
1.670059
1.666930
1.713422
1.701628
1.678901
1.638921
0.928039
1.004008
1.086902
1.166873
1.266245
1.391565
2.035279
2.073724
2.361239
2.367332
2.308628
2.186321
2.033972
1.849659
1.938325
2.470412
1.472113
1.496944
1.856984
1.798982
1.716052
1.288174
1.091867
2.217021
2.365482
2.081931
2.039531
2.184163
1.520116
1.593751
1.910483
2.042722
1.950084
1.709269
1.815821
0.846915
1.143906
2.278145
2.473524
2.022797
1.866185
1.862225
2.478051
2.280704
2.493208
2.589591
1.543313
1.515455
1.864190
1.880782
1.643339
0.938036
1.126392
0.973003
1.269761
1.046745
1.405499
1.210064
1.270476
2.564965
2.007381
1.873497
2.002386
2.022601
1.656178
1.617720
0.913867
0.878186
0.901034
1.093225
1.079494
2.127341
2.112076
2.085423
2.000507
1.578570
2.169267
2.290756
2.437425
2.416008
1.950084
0.849142
0.865103
1.151516
1.970322
2.254734
1.995484
2.112507
2.221540
2.620520
2.758584
2.689669
2.684914
2.189565
1.895558
1.890233
1.496020
2.196302
2.285562
1.995355
1.538959
2.285562
1.925273
1.625555
1.765539
1.715168
0.982951
1.058107
0.997890
0.959046
1.170378
1.059113
2.136237
2.199916
2.096904
1.999268
2.205549
2.124212
2.064150
2.097127
1.940430
2.157827
1.876462
1.805812
0.906940
0.922619
1.000116
1.007358
1.908115
2.094139
2.114198
2.122668
1.980542
1.834805
2.535229
1.910678
2.443630
2.071122
1.925004
1.542769
1.477671
2.287185
2.287185
2.433693
1.782559
1.884776
1.655843
1.695319
0.868075
1.008205
1.030414
2.149143
2.540798
2.371917
2.240946
1.648859
1.694445
1.689304
1.896106
1.789826
0.963077
1.993957
1.788449
1.968520
2.061162
2.245710
2.778696
2.719501
1.840029
2.357734
1.791218
1.753837
2.081314
1.884776
1.873387
1.686877
0.865517
0.931051
0.974420
1.962402
1.695966
1.850348
1.942242
2.308991
1.891546
1.375532
1.488795
1.758213
1.794978
1.788466
2.060481
2.088544
1.864159
1.751283
1.402016
2.216931
1.521319
1.593161
1.522601
1.680662
1.705394
1.679712
1.840630
2.694633
2.694633
1.915651
1.904657
1.794266
1.560993
2.337826
1.812184
1.953731
1.847548
1.811426
1.869589
1.695004
1.827272
2.039685
1.867195
1.894657
1.927294
1.468099
2.176444
1.877671
1.416458
2.075270
1.490228
1.442434
1.821488
1.592876
1.814790
1.945193
2.082248
1.729992
2.022220
1.869674
1.973173
2.034439
2.287185
1.599186
1.667220
2.188338
1.913401
1.798026
1.697740
1.894454
2.102295
2.215448
2.424158
2.471928
2.412067
2.373167
1.811508
1.539008
1.790986
1.772137
1.850953
1.731827
1.956323
1.728180
1.716960
1.654065
2.214748
2.144870
1.749377
1.911201
1.994182
1.524031
1.623100
1.713115
1.691099
1.589423
1.832343
1.584724
1.664379
1.706002
1.742861
1.712441
2.245239
2.238960
1.830526
2.050385
2.289063
2.288970
1.927294
1.776533
1.679312
1.488909
1.589618
1.951529
1.674608
1.640629
1.459930
1.952138
2.050829
1.767171
1.564339
1.688106
1.587609
1.672117
1.706608
1.698278
1.747603
1.806314
1.614409
1.772366
1.797382
1.993174
1.572508
1.613279
1.646528
1.569083
1.720468
1.733114
1.541596
1.614627
1.746491
1.719322
1.672070
1.495201
1.654529
1.756845
1.632402
1.763403
1.506829
1.627860
1.511196
2.055534
1.952138
2.119043
1.789453
2.099653
1.701846
1.680163
1.589655
1.711832
1.868100
1.708643
1.644326
1.858133
1.834374
1.670362
1.953862
1.782888
1.750142
1.949020
1.937061
1.657832
1.646535
1.637945
1.615941
1.743266
1.722959
1.628218
1.868100
1.695535
1.553878
1.639569
1.451196
1.433844
1.503012
1.431720
1.336242
1.695642
1.801233
1.590735
1.835720
1.699629
1.696053
2.209257
1.627951
1.575346
1.506467
1.321543
1.704694
1.439381
1.395129
1.645346
1.457693
1.601657
1.617448
1.409428
1.458943
1.430500
1.749024
1.484048
1.180176
1.162878
1.610038
1.455099
1.701039
1.278958
1.406193
1.686885
1.690210
1.634725
1.764846
1.442268
1.423949
1.592084
1.508506
1.041736
1.406459
1.705889
1.303781
1.321758
1.451640
1.402794
1.202310
1.246061
1.292650
1.406393
1.557334
1.254229
1.561128
1.723918
1.643003
1.206311
1.609569
1.383811
1.323283
1.391284
1.190273
1.548752
1.693489
1.106157
1.064241
1.638167
1.668640
1.710517
1.547487
1.239875
1.345374
1.553845
1.042697
0.998437
1.639905
1.516119
1.687565
1.377788
1.466743
1.108786
1.340875
1.605866
1.721452
1.265727
1.507180
1.467187
1.464242
1.482634
1.462421
1.400226
1.345860
1.186461
1.433429
1.638554
1.476853
1.425750
1.141708
1.013074
1.451570
1.525044
1.206672
1.084592
1.174689
1.544402
1.196323
1.471765
1.351832
1.244372
1.296851
1.310507
1.355172
1.300803
1.365792
1.382187
1.205986
1.278515
1.099243
1.106484
1.225767
1.319321
1.197568
1.125071
1.190416
2.719626
2.700921
2.719626
2.104986
2.831691
2.779902
2.705286
3.157876
