6215 1 3
1.492576
1.545372
1.487146
1.341570
1.510538
1.387747
1.627779
1.507472
1.571303
1.583520
1.272318
1.439257
1.370270
1.477109
1.564601
1.597665
1.498058
1.360317
1.348051
1.492895
1.376696
1.702871
1.768862
1.642714
1.725756
1.595592
1.576288
1.581517
1.625002
1.497460
1.417960
1.410865
1.656274
1.523993
1.500478
1.415829
1.526796
1.817915
1.559403
1.667052
1.714213
1.589415
1.488252
1.518699
1.414811
1.712049
1.431357
1.516359
1.457918
1.831005
1.489271
1.276906
1.283147
1.603087
1.893586
1.680498
1.697957
1.832291
1.417080
1.701334
1.819761
1.907014
1.538164
1.910557
1.497848
1.505647
1.631103
1.727198
1.413848
1.280127
1.600519
1.959795
1.477306
1.819254
1.526250
1.557380
1.527432
1.735078
1.267066
1.250774
1.270413
1.852851
1.738341
1.400037
1.296838
1.379713
1.553980
1.888284
1.832761
1.772065
1.634493
1.217591
1.846396
1.956864
1.981683
1.437255
2.159615
1.970792
2.033145
2.088211
2.002084
1.611939
1.951560
1.885746
1.915882
1.793202
1.664856
1.379313
1.489211
1.908699
1.930979
1.963160
2.103567
1.992022
2.057207
2.145139
2.049789
1.539307
1.562482
1.910937
1.717902
1.686847
1.707088
1.629730
1.224900
1.844124
1.774245
2.046148
1.881731
2.030491
1.962861
1.473420
1.483803
1.547994
2.180723
2.149271
2.007399
2.036030
1.940799
1.941779
1.674317
1.331288
1.517177
1.350358
1.263299
1.722972
1.913422
1.877103
1.982293
2.017354
1.542469
2.285929
1.651305
2.161383
2.403853
2.170774
2.108564
1.535120
1.634788
1.978636
1.987435
2.099800
2.109237
2.056789
2.081265
1.930324
1.866417
1.854382
1.773082
1.711401
1.722785
1.605366
1.509975
1.958819
1.999319
2.080228
2.081166
2.227863
2.098697
2.134749
2.432858
2.141262
1.791606
1.621410
2.169772
2.154845
2.142147
2.166478
2.228525
2.104520
1.643967
1.659400
2.211563
2.115226
1.644705
2.091496
1.709567
1.814834
1.749706
1.903663
1.275420
1.229156
1.918298
1.797040
1.849314
1.926017
2.301317
2.340344
2.185299
2.224761
2.165383
2.144003
2.176883
1.559585
2.225638
2.055012
2.075798
2.004974
2.282748
2.077707
2.145569
1.726677
1.759043
2.008501
1.754730
1.874630
1.220742
1.493900
1.833436
1.905530
2.140378
1.989662
1.432065
1.992124
2.240563
2.019398
2.338916
2.414471
2.323323
2.471201
2.094580
1.672027
2.147310
2.204516
2.105163
1.893774
1.897704
1.343151
1.500713
2.180071
1.953609
1.939042
2.144721
2.212500
2.054772
2.426789
1.667967
1.677571
2.284932
2.201687
1.833362
2.151775
1.651473
2.201915
2.138748
2.410093
2.221113
2.212301
2.234041
1.724069
1.725781
2.253886
2.172431
2.114826
2.138654
2.010653
1.988500
1.715589
1.805159
1.793398
1.499029
2.033777
1.847739
1.858485
1.975764
2.151067
2.159543
2.098658
2.159190
2.402481
2.468880
2.289286
2.194349
2.193451
2.248342
2.354469
1.663823
2.395229
2.549296
2.215195
2.237006
2.193342
2.081104
1.798638
2.192804
1.849584
1.326436
1.839630
1.272895
1.256596
1.208304
1.934644
1.280313
1.918856
1.899038
2.064430
2.091981
2.215469
2.368558
2.358951
2.434061
2.197661
2.125080
2.490911
2.493234
2.290701
2.438931
2.144619
2.248308
2.434767
2.345628
2.034304
2.119047
2.232367
1.820742
2.220123
2.099273
1.973181
1.281422
1.237194
2.091336
2.018630
1.562651
2.225941
1.692638
2.184528
2.214223
2.638738
2.183428
2.449960
2.372239
2.075163
1.967085
2.282554
2.311036
2.568244
2.281636
2.255502
2.190350
2.138787
1.751827
2.142662
1.763502
1.967960
1.932380
1.838601
1.954647
2.243272
2.125725
2.311474
1.621770
1.637252
2.101372
2.078624
2.113762
2.116583
2.168893
2.403612
2.561648
2.487376
1.829821
1.739975
2.146302
2.106043
2.196666
2.234353
2.282505
2.030508
2.172826
2.510634
2.526540
2.239078
2.475954
2.237007
2.580523
1.679176
2.179950
1.953402
1.831178
1.873096
1.362839
1.646155
2.205498
2.031311
2.256657
2.278119
2.208903
2.234138
2.471933
2.516752
1.838480
1.815989
2.224183
2.357015
1.885751
1.988008
1.955742
2.271411
1.960067
2.252522
2.344680
1.877836
2.265464
2.317710
2.141551
2.149270
2.126173
1.849627
1.566968
1.284466
1.646155
1.294274
1.918422
1.992681
1.875763
1.396304
1.357575
1.559915
2.138591
2.051350
2.575274
2.625350
2.567373
2.580511
2.128949
2.535212
2.159678
1.971768
2.058125
2.028684
2.351138
2.037829
2.379461
2.129539
2.259605
2.484062
2.434951
2.268643
2.236236
1.759306
2.024317
1.710070
2.229047
2.098504
1.611910
2.148224
2.096236
2.043592
1.725033
2.108660
2.261589
2.306633
2.468354
1.737811
2.185095
2.682652
2.535376
1.781578
2.031518
2.312175
1.977710
1.767543
2.282702
2.260632
2.297073
2.286753
2.248634
1.768627
1.906862
1.431234
1.447325
1.315383
1.795250
1.691296
1.840837
1.940772
1.925036
2.184958
1.415725
1.937459
2.307018
2.287968
2.113149
2.075698
2.275362
2.056361
2.067557
2.158306
2.411680
2.285555
2.605893
2.534305
1.832091
2.586311
1.763501
1.743443
1.962023
2.035450
2.479489
2.436623
2.311249
2.315772
2.117335
1.898873
2.013331
2.102233
1.838142
1.879463
1.991231
1.949720
2.164358
2.271620
2.256657
2.237312
2.242181
2.179091
2.019804
2.463249
1.877092
1.691745
1.749095
1.700469
2.371171
2.262004
2.030374
2.205165
2.113342
1.876562
2.193521
1.836048
1.861649
1.847623
1.993860
1.253868
1.315008
1.279422
1.311951
2.003242
1.892694
2.149626
2.016292
1.952956
1.523305
2.295856
2.164802
2.270045
2.283500
2.087543
2.438079
2.374374
2.583576
2.669394
2.615846
2.249786
2.632245
2.452331
2.131486
2.566549
2.503351
2.371171
2.341674
2.393144
2.328029
2.480937
2.617096
1.782563
2.175702
2.228262
2.264260
2.156996
2.224147
2.054941
1.995213
2.042916
1.244479
1.526582
1.945107
1.929697
1.376800
2.065888
2.271620
1.440455
2.195290
2.190985
1.706749
2.543199
1.741651
1.732888
2.133251
2.223438
2.142960
2.182157
2.029762
2.647505
1.805609
2.186760
2.497534
2.298193
2.362457
2.365815
2.360783
2.204955
2.006950
2.171958
1.323363
1.304555
1.886482
2.021412
1.939692
2.045640
1.321396
2.033698
2.123770
2.214220
2.164358
2.051957
1.646863
1.529202
2.427271
2.280875
2.156391
1.729234
2.576029
2.258073
2.150398
1.720699
2.674978
2.703568
2.635210
2.569771
2.569771
2.551313
2.130773
2.060927
2.237009
2.675486
1.773927
2.265966
1.798323
2.431496
2.039936
2.301170
1.799833
1.463858
1.350526
2.073812
2.044591
2.307018
2.316694
2.504607
2.322467
2.222698
2.033094
2.289638
2.070804
2.081608
2.499964
2.300281
2.491245
2.698213
1.696703
2.346857
1.943628
2.388615
2.241296
2.194764
2.087427
1.612415
2.158814
1.392700
1.742270
2.092683
2.114441
2.275718
2.349813
2.115158
2.131627
1.577226
2.376484
2.097382
2.699283
2.583009
1.695135
2.176764
2.152088
2.157755
2.055284
2.143569
2.617096
2.284364
1.924930
1.957366
2.358046
1.308681
1.427847
1.505295
2.276293
2.188233
2.445130
2.176434
2.224815
2.652605
1.991311
2.089007
2.304852
2.074719
2.338261
2.004270
2.127240
2.116652
2.215217
2.375725
2.049829
2.330622
2.190465
2.410123
2.548133
1.692718
1.733059
2.094646
1.801496
2.263939
2.078136
1.830293
2.318869
2.279294
2.320527
2.358385
1.926122
1.888339
1.857592
1.925585
1.575318
1.712604
1.274923
1.716544
1.944317
2.120654
2.017587
2.103072
2.147650
1.450625
1.474075
2.090096
1.544479
2.244592
2.184235
2.097549
2.323752
2.143569
2.405532
2.198223
2.358816
2.289991
2.206191
1.979157
2.546352
2.444105
2.679343
2.414356
2.076024
2.405144
2.307256
2.244716
2.263226
2.300604
2.299332
2.383332
1.859347
1.890934
1.791955
1.898898
1.982036
2.043744
2.274954
1.868148
2.062140
2.211023
1.426107
2.232851
2.390869
2.680850
1.558092
2.124935
2.508569
2.315605
2.187786
2.252976
1.643769
2.118674
2.420938
2.298722
2.307943
2.422528
2.334224
2.306735
2.076698
2.200428
1.896565
1.967865
1.890215
1.537344
1.405565
1.548966
1.706501
1.894515
1.946794
1.385527
2.187156
2.241463
2.165319
2.302202
2.202391
2.300670
2.641629
2.301652
2.608493
2.236569
2.103030
2.189003
2.540218
2.186300
2.084066
2.225841
2.418216
2.490689
2.462190
2.184401
2.261388
2.441798
2.300604
1.933766
1.825443
2.179517
1.822671
1.304797
1.310214
1.292019
2.019598
1.971166
2.160882
2.211023
2.275214
2.070765
1.982848
1.569350
1.503072
2.414093
2.204322
2.210637
2.496552
1.647575
2.388711
1.878206
2.028561
2.703434
2.193543
2.374383
2.141029
1.994626
2.041721
2.219707
2.275941
2.075739
2.523222
2.970205
2.794853
2.589499
2.297971
2.087020
2.132843
2.325730
2.302978
2.360431
2.338341
2.599424
2.275206
2.321942
2.457555
1.299182
1.924821
2.124736
2.028852
2.090888
2.241416
2.175032
2.304279
2.300670
2.442255
2.587375
1.519787
2.178771
2.275414
1.548359
2.477521
2.764744
1.702285
1.679813
1.681200
1.656246
2.107869
1.967110
2.571707
2.634517
2.843137
2.694347
2.736186
2.654997
2.734496
2.358793
2.300753
2.252662
1.935724
1.943263
2.037748
2.015609
2.281868
2.340036
2.475238
2.503506
2.260605
1.921076
1.806771
1.986444
1.814839
1.495024
1.570073
2.818528
2.636895
2.496931
2.189810
2.478025
2.511804
2.206585
2.120445
2.291830
1.921945
1.782912
2.283979
2.336912
1.867137
2.377978
2.850678
2.650081
2.586051
2.425424
2.283956
2.358838
2.411566
2.247944
2.337494
2.011710
1.992407
1.440637
1.335969
1.303803
1.994494
2.015031
2.083666
1.400922
2.160882
2.268470
2.151585
2.157261
2.433456
2.289202
2.590365
2.418392
2.279519
2.711170
2.277726
2.365425
1.660910
2.323824
2.393620
2.447388
1.844846
2.756331
2.626567
2.837908
2.228503
2.866948
2.830798
2.976646
2.250029
2.312595
2.199180
2.690239
2.874871
2.586051
2.322416
2.224357
2.196187
2.514413
2.622464
2.328393
2.441880
2.070732
1.838498
2.282150
1.733619
1.984189
2.032466
1.534436
1.331023
1.887117
1.427908
2.249506
2.107413
1.558000
2.551106
2.762014
2.627989
2.543854
2.693167
1.584456
2.241085
1.676711
2.653091
1.703307
1.786265
1.629740
2.593914
2.362278
1.840704
2.043830
1.810962
2.131111
3.045984
2.002853
2.278855
2.471622
2.739474
2.035335
2.028682
2.304841
2.564145
2.077380
2.170744
2.739613
2.543800
2.361520
2.498560
2.532728
2.313665
2.378849
2.145613
1.668519
1.506928
1.870588
2.203341
1.713654
1.788947
2.138085
2.373532
2.295149
2.451475
2.309802
2.528310
2.344282
1.725231
2.600865
2.190362
2.365425
2.220407
2.378334
2.466680
2.527498
2.581986
2.352724
1.707961
2.541750
2.384548
2.440551
2.170130
2.376763
2.434483
2.103441
2.246654
2.211917
2.280206
2.371615
2.504808
2.901373
2.964484
2.695532
2.599277
2.801917
2.494430
2.739474
2.505446
2.425424
2.485030
2.016962
2.254283
2.432817
2.606110
2.288444
2.464623
2.406859
2.200521
2.315566
2.051418
1.988921
1.483225
1.990847
1.977189
2.319575
1.451178
1.907828
1.928072
2.369882
1.586802
1.525527
2.542075
1.704834
2.842082
2.804209
1.728150
2.807213
2.414978
2.681270
1.914361
2.113374
2.271698
2.893188
2.985228
3.012827
2.894172
1.905245
3.096596
3.078290
2.034301
2.033374
2.422255
2.261705
2.476910
2.361784
2.293007
2.309231
2.262583
2.293834
2.184473
2.422287
1.774854
1.919585
1.496832
1.653978
1.664539
1.973683
1.894814
2.093035
1.999577
1.478502
2.479152
2.445598
2.237216
1.465443
2.148390
2.252191
2.548463
2.426758
2.406416
1.534744
1.816438
1.481317
1.762699
1.725231
2.555992
2.355487
1.773588
2.564094
1.808203
1.786191
1.563834
2.292142
2.188304
2.878481
3.082724
2.949443
2.413010
2.339255
2.341982
3.132819
2.566304
2.503872
2.565317
2.241915
2.229994
2.035489
2.198066
2.264205
2.868403
2.897692
2.152395
2.600757
2.768037
2.571843
2.457735
2.746452
1.848038
1.792286
2.019937
1.745572
1.754028
1.809538
1.875113
1.786937
1.970739
2.120802
1.453396
2.085676
1.717328
1.953386
2.185258
2.455967
2.624983
2.823916
2.656667
2.221733
2.264692
2.195824
2.696863
1.845961
2.717843
1.875804
2.086610
2.687120
2.277419
2.192453
1.707416
2.487001
2.194377
2.985228
2.085325
1.798485
2.467942
2.284569
2.273549
2.336597
2.476910
2.131731
2.182148
2.672671
2.166623
2.853371
2.492622
2.049901
2.649907
1.750792
1.854474
1.786878
1.831623
1.625517
1.313147
1.455768
1.687840
2.141522
1.798193
1.673245
1.552401
2.585978
1.459135
1.487312
2.813618
1.603845
2.642877
2.181513
1.653068
1.570830
1.626062
1.783737
2.739291
2.548396
2.351866
2.957684
2.368711
1.894099
2.598556
2.265469
2.087551
2.128049
3.002031
2.850653
2.696308
2.352701
2.140649
1.944862
2.375532
2.063018
1.892308
2.004670
1.277524
1.974246
2.093961
2.306304
1.914110
1.531386
1.899036
1.517373
1.620107
2.216458
2.847668
2.428156
2.686247
2.570979
2.216013
2.504503
2.530749
2.725176
1.695405
1.818568
2.236672
2.209757
2.048670
2.249560
3.011716
3.018482
3.045948
2.186163
2.487001
1.777572
1.836728
2.385652
2.614139
2.226928
2.006442
2.390077
2.006197
2.031602
2.495508
2.412278
2.403590
2.190725
2.883732
2.762512
2.864549
2.677842
2.813801
2.608531
2.426425
2.430368
1.922164
1.469699
1.361907
1.324429
1.443263
1.946513
2.043034
2.095875
2.014428
1.464468
2.123608
1.466600
1.538523
2.170749
2.005977
1.642885
1.739932
2.587993
1.441651
1.652997
2.834260
2.824428
1.728768
1.638563
2.462787
2.316837
2.268665
1.459518
2.240794
1.835212
1.740673
1.630693
2.836413
2.814070
1.496206
3.045948
1.816024
1.903249
3.081415
3.113458
2.972474
2.990098
2.749421
2.528703
2.251178
2.296879
2.829727
2.688687
2.803947
2.216294
2.243084
2.763296
2.812055
2.662481
2.373393
2.415268
2.128213
2.059956
1.321414
1.304223
1.899228
1.864419
2.132220
2.121699
2.112462
2.296512
2.316282
2.110967
2.211337
1.916938
2.225950
1.623509
2.703371
2.843028
1.290332
1.628752
1.728768
2.614959
2.650540
2.761138
2.716333
2.743675
2.686807
1.156367
2.777485
2.836413
1.414410
2.747042
2.310724
2.355454
1.343325
2.832633
3.033774
2.404792
2.417672
1.622646
2.965832
2.780612
2.982468
2.180697
2.271847
2.689732
1.800087
1.691727
1.874081
1.868448
1.610488
1.945555
1.618508
2.376009
1.550635
2.434460
1.788660
2.501155
1.652997
1.550841
1.550143
2.326026
1.539837
2.774934
2.552392
1.232575
1.314251
1.049253
2.179187
2.955429
2.873134
2.702119
2.894544
2.840316
2.232800
1.525741
3.119736
2.321198
2.739727
2.957373
2.247399
2.889107
3.022804
3.003231
2.928048
2.739687
2.427327
2.979537
2.719196
2.503681
2.429109
2.269676
2.107157
2.648022
2.509575
2.793929
2.579587
2.815621
2.724987
1.892429
1.782191
1.638829
1.775787
1.944831
1.993330
1.938817
2.089300
2.012881
1.827332
1.670276
2.416698
2.263556
2.214214
2.210353
2.784130
2.702074
2.728948
2.222854
2.904191
2.920578
1.122203
2.995059
2.215829
2.356390
2.850369
2.753711
2.336344
3.136861
2.250133
2.990131
2.871379
2.289295
2.277089
2.221680
2.876164
2.815621
2.341267
1.866895
1.413866
1.418556
1.843371
1.384098
1.332841
1.954764
1.602031
1.497784
2.024355
2.119102
2.183944
2.218275
2.324249
2.338711
1.351399
2.846039
2.739129
1.189662
2.217048
2.828229
2.974441
2.904191
1.489584
1.237112
2.565249
1.620522
2.921754
2.965832
2.972474
2.837180
2.350864
3.116775
2.756973
2.495396
2.414208
2.420971
2.132635
2.888739
2.404542
1.800124
2.036880
1.899250
1.944831
2.037435
2.087742
1.542654
2.140835
2.147860
2.063623
2.312672
2.618598
2.376975
2.779028
2.841824
2.660325
1.101408
1.004262
1.256763
2.284792
2.995059
2.265188
2.572613
2.514025
2.785043
1.957508
1.848240
2.595123
2.357639
2.749854
2.885534
3.149965
2.686788
2.745909
2.497590
2.350424
2.701248
2.887230
2.846643
2.310754
2.481543
2.463300
1.839068
2.447866
2.301358
2.245982
2.247502
1.943398
1.480582
1.687672
1.779096
1.821325
1.976588
1.886220
2.141302
2.059218
2.106412
2.102168
1.511727
2.348395
2.589633
2.461437
2.620412
2.640933
2.736513
2.620412
2.778630
2.820404
2.256438
2.258169
1.319636
2.430996
2.392929
2.487726
1.891761
1.923010
2.646316
1.999767
2.620244
2.383380
2.493480
2.827479
2.027483
2.023257
3.093299
2.271809
2.329747
1.877011
1.956298
1.834491
1.898072
2.000227
2.138730
2.039887
1.565097
1.598691
2.097402
2.116719
2.258313
1.381436
1.240925
2.847295
2.847171
2.474845
2.376909
2.779600
2.729882
2.256342
2.811218
2.814902
2.303871
2.237839
2.488566
1.654614
1.780131
2.883277
1.913347
2.357373
2.490332
3.151481
3.105738
3.085844
2.644437
2.877559
2.606400
2.871566
2.865307
2.522049
1.875665
1.816170
1.825482
1.754100
1.299456
1.531026
1.860325
1.797607
1.882112
1.908618
2.059230
2.403872
2.415831
2.382464
1.764810
1.515940
1.492792
2.623248
2.471196
2.862051
2.897349
2.347963
0.922278
0.976269
1.065848
2.518687
2.703641
2.959967
2.280478
3.225336
2.395859
2.238106
2.284792
2.281321
2.714903
2.395373
2.306590
2.634416
2.021808
2.328573
2.179821
2.054565
1.866171
1.893646
1.911015
2.194721
2.149407
2.253910
1.712092
1.778609
2.476723
1.350658
2.724813
2.729145
2.892267
2.893930
2.341995
2.526997
2.273158
2.237012
2.808987
1.444757
2.571383
2.833001
2.883277
2.716858
2.336337
2.975988
2.360801
2.410136
3.120218
3.329158
3.171671
2.935562
2.801906
3.167668
3.008586
3.037989
2.378577
2.567692
2.597813
2.404887
2.856239
2.370050
2.567788
2.883294
2.212891
2.223454
2.310524
2.388290
2.513914
2.444097
2.207888
2.096825
1.819120
1.374089
1.826564
1.948636
1.897657
1.981290
1.948334
1.496876
2.285800
2.128839
1.464123
1.511118
1.616888
2.024355
2.104674
2.157275
1.717309
2.504367
2.323358
2.355996
2.428400
2.650931
2.786625
2.754609
2.289642
2.267542
2.524594
2.366640
2.361079
2.320236
1.639805
1.930002
2.588039
2.848552
2.681152
2.418367
3.181221
2.044251
2.435949
2.347679
2.627009
2.868206
2.013036
2.192498
1.970350
1.816879
1.660235
1.870383
2.247913
2.272325
1.493901
1.730847
1.776367
1.812635
1.597729
1.254335
1.289746
2.530302
2.719217
2.886472
2.892267
2.659003
2.760388
2.655542
0.953755
2.373124
2.474833
2.611130
2.905371
2.325264
2.777427
2.571792
2.826129
2.932787
2.536382
2.330149
2.539262
2.718643
2.361159
2.038471
2.996387
3.050833
2.454511
2.270300
1.427874
1.470217
1.727418
1.783186
1.647763
1.773078
2.192973
2.234146
2.521921
2.555639
2.556747
2.080041
1.107769
2.790703
2.744400
2.854208
2.864504
2.790443
0.997744
0.958896
1.100551
1.116020
1.250063
1.358302
2.569965
2.657557
1.406973
2.527009
2.534299
2.792997
2.451965
2.609129
2.564088
2.721153
2.834726
2.314666
2.737804
2.304596
3.308190
3.191745
2.639352
3.002460
2.404979
2.267491
2.190592
2.277978
2.019144
2.087855
1.955528
1.454462
1.790465
1.364274
1.943424
2.055334
2.037369
1.814593
2.101839
2.074609
1.473927
2.377362
2.436515
2.898134
2.789130
0.973605
2.734578
2.480291
1.501946
2.573792
2.536937
1.949205
1.908450
2.831170
2.735739
1.923708
3.142307
3.002460
2.031097
1.966029
1.922252
2.475097
3.142307
2.072375
2.333228
2.559256
2.262531
2.180248
3.056702
2.037307
3.025422
2.842749
2.164999
2.590984
2.580724
2.103683
1.672756
1.241321
1.709712
1.564421
1.423407
1.428022
1.993407
2.054757
2.090800
2.114954
2.523361
2.074358
2.153610
2.354948
2.507297
2.465921
2.495570
2.317764
0.906032
0.965705
1.095800
2.486858
2.393789
2.479907
2.664838
2.817907
2.344701
2.561241
2.783170
2.716539
3.103019
2.163860
2.018369
1.985685
2.299462
2.111731
1.938889
1.849845
1.775781
1.840940
2.511898
2.367305
2.043346
2.133922
2.402372
1.145954
2.388542
2.818996
2.817569
2.234455
2.442863
1.314808
1.433841
2.131031
2.288372
3.050833
3.135635
2.198071
2.170856
2.088636
1.916332
1.279187
1.496346
1.906289
1.945776
1.963242
1.984554
1.517886
1.855630
1.984566
1.905389
1.546064
1.840940
2.162809
2.215358
2.198449
2.095651
2.299629
1.187961
2.530251
2.801220
2.542511
0.861750
0.839249
2.243886
1.175356
2.638080
2.804458
2.624828
1.828223
1.821761
2.497216
2.444664
2.630409
2.724591
2.575770
2.303824
2.310840
2.731744
3.135635
3.091100
1.981163
2.022413
2.686267
1.787864
1.805523
1.706186
1.886025
1.363933
1.604916
1.852130
1.510172
1.743802
2.492641
1.341087
2.508534
0.980938
2.706290
2.813183
2.809938
2.775276
2.837146
2.833240
2.815946
2.587309
2.859494
2.823013
0.876492
2.229139
2.351477
2.430028
2.394992
2.321965
1.339317
2.480749
2.799818
2.663187
2.270700
2.510509
2.352862
3.226393
3.281698
2.276349
2.273219
2.214399
2.160398
2.522049
1.847454
1.834959
1.792755
1.578568
1.274716
1.731626
1.564421
1.935873
1.750013
2.559365
2.552900
2.552338
0.844330
2.486072
2.462108
0.796639
2.810526
0.766553
2.788550
2.798189
2.680897
0.799105
0.846842
2.575403
1.074174
1.150032
2.694070
1.322882
1.387344
1.542982
2.538099
1.692760
1.600318
2.873130
2.571179
2.496791
2.165984
2.261523
2.616362
2.425477
2.340999
3.099543
2.385156
3.369292
2.213861
2.412730
2.330415
2.401937
1.993055
2.180567
2.091591
1.833926
1.985994
1.897471
1.891654
2.111731
1.526918
2.248569
2.421927
2.409889
1.344573
1.488443
1.314947
2.561385
0.841683
2.762279
2.879288
2.810526
2.642369
2.573997
2.654351
2.609537
2.579823
2.583127
2.540804
1.782255
1.675002
2.719685
2.675198
2.281351
2.360865
2.720644
2.919158
2.914418
3.055375
1.928873
1.921428
1.980064
1.952803
2.525542
2.473393
2.481451
2.481451
2.301145
2.222576
1.514395
1.457338
1.425503
2.076669
1.974261
2.085074
2.656701
2.477517
2.905633
2.501836
2.497561
2.418916
2.563449
3.132740
1.185019
2.855970
2.825758
2.757856
2.863171
2.974488
2.516730
2.501040
1.932256
1.916267
2.659641
2.686942
2.386668
2.391609
2.464262
3.174382
3.423740
2.529876
2.017435
1.848661
2.086501
1.395465
1.404972
1.722521
1.486745
2.112481
1.895544
1.984554
2.033918
1.541802
1.776832
2.285359
1.139761
1.249332
2.315003
1.054309
2.428261
2.665045
1.050428
2.774931
2.546129
2.597187
2.576864
2.403466
2.293424
2.334347
2.728890
3.012297
2.529868
2.403888
1.305041
3.072542
2.968863
2.825758
1.294763
2.455955
2.873130
2.306010
2.226173
1.875901
2.054449
2.316440
2.330415
2.313025
2.352158
2.511389
2.328065
1.768943
1.732056
1.774025
1.655975
1.574727
1.993101
1.574727
1.544465
1.562925
1.770231
2.141773
2.003521
2.189217
0.927939
2.796926
2.864751
3.148192
2.710840
1.274728
2.251450
2.300239
2.081180
2.808191
3.017232
2.474193
3.186233
2.785463
2.464469
2.307889
2.589232
1.910451
2.525542
2.726779
2.593641
2.144455
1.925889
1.597067
1.644412
1.967312
1.638445
2.046790
1.888749
1.869697
2.271905
2.032767
1.574363
2.056712
2.412170
2.596880
2.506070
2.762135
2.515713
2.568238
3.234257
3.197113
3.208047
2.615317
3.015610
3.057854
2.954928
3.080112
2.976437
2.781068
2.715278
2.477823
1.465085
1.515127
1.608563
1.877627
2.476912
2.346171
2.444676
2.495640
2.743729
2.506796
2.665897
2.467834
2.663300
3.503434
3.503434
3.353693
3.378211
2.492114
1.964131
2.602285
1.819382
1.833874
1.726638
1.677086
2.233839
1.971172
2.143230
2.265872
2.072264
2.112300
2.289204
2.119756
2.182731
2.492998
2.436258
2.916647
2.839567
2.812716
2.873338
2.856788
2.911852
2.499110
2.465788
2.479576
3.197113
3.048888
2.536649
1.601532
1.490768
1.818308
2.833520
2.500839
2.480894
2.872994
3.023331
2.888925
2.964353
2.788221
2.427914
2.358052
2.208778
2.485279
2.119763
2.503927
2.331586
2.558643
2.438853
2.089586
1.922645
1.967758
2.137777
1.872103
2.353009
1.771291
2.040722
1.778031
2.302973
2.165684
2.106527
2.189508
2.569621
2.136728
2.636429
2.870891
3.017498
3.088229
3.181709
2.485524
2.445400
2.870273
2.937922
2.058569
2.325640
3.310161
2.370062
2.508601
3.140429
3.220930
2.984557
2.363126
2.368681
2.303012
2.640606
1.927585
2.343529
1.984658
2.487300
2.604150
2.140031
1.613988
1.702041
1.394964
1.718197
1.819606
1.418674
1.575041
2.332020
2.362302
1.583019
2.011185
2.109216
2.199486
2.248966
2.598706
1.335725
2.522563
2.462769
2.380843
2.564864
2.688811
2.659522
2.573193
2.543462
2.598579
2.766434
2.459101
3.206655
3.258620
3.068584
3.075553
2.783100
2.941707
2.627581
2.349595
1.785752
3.271268
3.131612
3.031574
2.407853
2.890493
2.888925
2.119035
2.353809
2.202087
2.361029
2.354603
2.192345
2.276024
1.887194
2.743491
2.729462
2.429536
2.136413
2.011160
1.947312
2.144707
1.978866
1.806641
2.394990
2.312914
2.316429
2.203025
2.442873
2.397243
2.359744
2.396872
2.543076
2.315570
2.606282
2.580294
1.299513
2.911317
2.797296
2.774872
2.852588
3.046124
2.671689
3.251026
2.536250
2.487272
1.510739
1.562182
2.205343
3.124985
2.622629
1.964241
2.171273
2.326873
2.235901
3.377350
2.667366
2.428022
2.454262
2.472991
2.144175
2.411189
1.442468
1.365251
1.417504
1.848868
1.485646
1.730986
1.699818
1.709016
2.393191
2.268383
2.431549
2.065698
2.387825
2.243715
2.510327
2.254850
2.123670
2.244840
2.556452
2.463194
2.318964
1.496631
1.459307
2.629164
2.166695
2.182981
2.007341
2.563332
2.092540
2.661790
2.897198
2.445691
2.704952
2.748250
2.973856
3.120371
3.235374
3.135959
1.412040
2.285657
1.875707
1.752607
2.416336
2.440931
3.100493
2.395592
2.757490
2.601197
2.321522
2.332579
2.091655
1.974540
2.563618
2.256101
1.657921
1.783430
1.903780
1.882812
1.492641
1.971695
1.486299
2.241407
1.936322
1.866075
1.680288
1.604771
1.814437
2.022812
2.480165
2.480165
2.425378
2.571169
2.575514
2.389565
2.100348
2.778528
2.812716
2.778528
2.558463
2.942535
2.917544
2.962203
2.920598
2.639315
2.624512
2.473855
2.740705
3.227771
3.073319
3.175531
3.102890
2.922766
2.725035
3.246524
3.063093
3.061537
2.835711
2.683235
2.634365
3.073633
3.002002
2.214127
2.181164
1.851673
3.364184
2.323382
2.324181
1.961760
2.771414
2.703184
2.559256
2.548838
2.512485
2.177959
2.112682
2.442691
1.840322
1.427869
1.440681
1.346091
1.539925
1.811809
1.892045
1.986855
2.179099
2.448932
2.444632
2.522449
2.510623
1.367469
2.456224
2.935362
2.518855
2.754205
2.617344
3.030874
2.874575
3.212047
3.005838
2.740825
2.602771
2.433228
3.089071
3.057172
3.037773
2.753525
2.525094
2.336909
2.336909
2.380059
1.996399
3.127048
3.214237
2.651436
2.316767
2.855554
3.238746
3.372051
3.027184
2.435809
2.576836
1.933982
2.334066
2.320154
2.610269
2.908702
2.257799
2.382946
2.506326
2.308953
2.414491
2.401013
2.468962
1.396702
1.430762
1.557507
1.821232
1.779632
1.792563
2.037356
2.453454
1.739889
2.466194
2.569399
2.741545
3.012585
2.791900
2.749761
3.018044
2.473587
2.607885
2.571144
2.859161
3.046124
2.901578
3.201753
3.068873
2.832484
2.726129
3.044978
3.102467
2.997025
1.685088
2.128452
2.453792
2.061560
3.330473
2.574122
2.761448
1.957232
2.345151
2.677808
2.840302
2.696660
2.679829
2.315972
2.739694
2.678153
1.771103
1.863475
1.719753
2.005059
2.363101
2.023415
1.771882
1.930393
1.838844
1.701028
1.963042
2.266731
1.581174
1.535641
1.319659
1.411388
1.573849
1.622353
1.502725
2.129697
1.973905
1.786120
1.628059
1.657779
1.869250
2.298941
2.322987
2.393680
1.899309
2.454901
2.454901
2.370450
2.500833
1.151493
2.687411
2.533978
2.602465
2.889847
2.830994
2.861292
2.861669
2.982753
3.087151
3.044307
3.155040
3.205384
3.184014
2.626452
2.707746
3.112692
3.069622
1.372281
2.585059
2.592646
2.425632
3.284919
2.317440
2.386928
2.061882
2.810399
2.918293
2.464865
2.443056
2.244402
2.795457
2.191917
2.240599
1.596416
1.935411
2.340032
2.237602
2.164916
2.085152
1.524452
1.631206
1.942807
2.156776
1.959748
2.400532
2.395070
1.761431
1.889318
2.108732
2.302861
2.340996
2.348692
2.514452
2.726036
2.749929
2.749761
2.630012
2.960232
3.136304
2.978127
3.041029
3.007152
2.491013
2.516731
1.190717
2.997025
2.979271
3.156400
3.080188
2.457378
3.150499
1.417546
2.246131
2.044899
2.671978
2.939209
3.147765
2.859136
1.993323
2.600297
2.425465
2.677808
2.792373
2.732494
2.190374
2.183725
2.291595
2.040271
2.607597
2.199111
1.489005
1.671823
1.338701
1.950753
1.552279
1.756215
1.861652
2.201749
2.487640
2.284956
2.601331
2.675042
2.537446
2.573475
2.738178
3.013141
2.915089
2.836056
2.971967
2.984798
3.135011
2.867774
2.960151
2.716021
1.272272
1.178968
3.142822
3.102078
3.188702
2.991014
2.966702
2.485337
2.266826
2.324109
2.168340
2.614759
2.342383
2.672253
2.271854
2.675268
2.260821
2.221842
1.991316
2.050363
2.691694
2.734989
2.509524
2.271755
2.200398
2.563830
2.511964
1.572240
1.503397
1.643391
1.326478
1.954881
2.279067
1.857246
1.796191
1.735221
2.166439
2.284936
2.251554
1.286034
2.497330
2.572329
2.673656
2.732782
2.714068
2.782820
2.886609
2.484980
2.737632
3.005020
3.104024
2.791664
2.921177
2.611132
2.727432
3.118902
2.518569
2.505606
3.107955
2.535136
1.990448
1.921984
1.729423
2.822720
1.835281
2.859136
2.814380
2.168032
2.894424
2.667882
1.721702
2.416254
1.974202
1.838844
1.958349
2.023381
1.318833
1.540569
1.492677
1.970974
1.558945
2.023155
1.727333
2.082007
1.975365
1.949589
1.830061
2.155460
2.181920
2.478715
2.551497
2.723312
2.383879
2.252228
2.348560
2.973473
2.944449
3.104370
2.919268
3.089405
3.039456
3.025264
2.939353
2.769607
2.586751
2.706549
3.138050
3.169395
2.612767
2.540947
2.620020
2.707746
2.423326
2.579612
2.773284
2.260206
1.277785
1.767301
1.927144
1.773234
2.622444
2.335673
2.387450
1.972738
2.281194
2.308110
2.326439
2.497729
2.386907
2.498798
2.889079
2.889079
2.168041
2.080550
1.961267
1.964037
1.486930
2.074713
2.170499
2.184126
1.453470
1.339074
1.360330
2.206558
2.146116
2.220840
1.662320
1.968959
2.060092
1.744563
2.237363
1.764841
1.654003
2.043924
2.165244
1.509164
1.562273
1.639041
2.266347
2.357269
2.450365
2.478786
2.541587
2.631729
2.652371
2.686307
2.587513
2.905643
3.066652
2.516473
3.056713
2.801884
2.962301
3.050801
3.102031
3.098472
3.131343
3.173209
3.104943
2.625954
1.258344
3.140065
3.122386
3.237298
2.805468
3.044571
1.438335
1.810159
2.341752
2.254497
2.577419
2.365591
2.864211
3.040630
2.287124
2.217414
2.128715
2.017465
1.979342
1.209513
1.276158
1.256542
1.341642
1.443317
1.287270
1.338612
2.036172
1.875096
1.714254
1.931600
2.113281
2.172315
2.505671
2.840987
3.112870
2.922390
3.040554
2.876172
3.047202
3.233455
3.099616
2.850198
2.940565
2.741533
2.471014
1.595911
1.911455
2.784461
2.975209
2.951326
2.767795
2.822838
2.200744
2.131269
2.240041
2.841439
2.039298
1.882956
2.382760
2.329248
2.073047
1.901589
1.606794
1.633408
1.748709
1.783434
2.092670
1.760226
2.005707
2.299041
2.357439
2.277210
2.572786
2.703641
3.062344
2.588978
2.576379
3.109229
2.857335
2.993586
3.037257
2.840674
3.041471
3.090236
2.625606
2.672381
3.067297
2.675309
2.700496
2.472971
2.487561
2.819394
2.700934
2.643652
2.547804
2.489897
1.890444
1.923218
1.956017
2.315788
2.438862
2.139302
1.853685
1.811892
1.972642
1.332321
1.334718
2.139639
1.950753
1.712454
2.165213
2.352598
1.809123
2.023419
2.020146
1.495780
2.260939
1.361098
1.246174
2.257540
2.885262
2.982985
2.542285
2.622775
2.652915
2.929743
2.990024
3.075224
3.092792
2.842993
3.046751
2.730198
2.445363
2.439378
3.058494
3.045165
1.725761
1.438460
2.630527
2.510454
2.598655
2.158045
2.356085
2.047784
1.770613
1.925487
2.595529
2.329443
2.348929
1.294425
1.229112
1.398024
1.936842
1.806827
1.862061
1.909349
1.785903
1.800016
1.886647
1.744911
1.404620
1.391964
2.326093
2.441793
2.722393
2.351943
2.436030
2.665602
2.967339
2.994944
2.912427
2.829364
2.933064
2.912148
3.021882
3.089388
1.142734
3.218502
2.976288
2.764299
1.267520
2.426695
1.663869
1.810159
2.170406
2.696713
2.144175
1.903897
2.329111
2.240254
2.038738
2.244211
1.565877
1.798048
1.509180
1.780930
1.592004
1.740867
1.192655
2.312771
1.999080
1.875763
1.940860
1.265629
2.461935
2.732782
2.826181
3.030181
3.123404
2.831951
2.838531
2.949908
2.810212
2.843918
2.808823
2.476068
3.199635
3.149377
2.671710
2.610130
1.126239
1.077558
2.536948
1.595384
1.501155
2.552239
2.656634
2.743074
2.705036
2.304385
1.784725
2.311191
2.151614
1.392733
1.327698
1.649281
1.367251
1.759494
1.866103
1.474868
1.908594
1.556655
1.646494
2.446460
1.793117
1.807643
1.847463
1.799290
2.184652
2.448685
2.722393
2.732782
2.528819
2.452330
2.833030
3.091956
3.008117
3.028799
3.092064
2.705571
2.852188
2.479230
2.446929
2.872325
2.819394
2.620800
1.459077
1.747596
1.617958
1.832604
1.906932
2.003262
2.385748
2.444227
2.343520
2.169555
2.041386
2.160012
2.034606
1.967094
1.980530
1.250928
1.633751
1.328689
1.380602
1.720219
1.876960
1.833846
1.835513
2.128196
1.758124
2.409976
2.515152
2.677269
2.738496
2.934769
2.853733
2.873447
2.916516
2.910675
3.064379
3.093702
3.055474
2.526069
2.464262
3.236332
3.284564
1.215366
2.177355
2.120606
1.915192
2.333308
2.063831
2.038738
2.097181
2.066975
1.977685
2.234027
1.694837
1.247045
1.444349
1.551475
1.456772
1.698289
1.666361
2.096035
1.668178
1.951535
1.868434
2.013977
1.731483
1.882726
2.064231
2.736155
2.644355
2.346090
2.362923
2.677286
2.575954
2.836440
2.680997
3.065177
2.477667
2.950529
3.202081
2.651351
3.136651
3.108855
1.335710
2.228283
2.613457
3.021557
2.906834
2.992699
2.768462
2.640409
2.165633
1.861203
1.594572
1.863727
1.955859
2.032594
1.377323
1.329934
1.230538
1.216190
1.241791
1.720885
1.807688
2.083716
1.908523
2.220688
2.781744
2.824762
2.958093
2.898746
2.967339
2.600315
2.829594
2.936789
2.521583
2.485999
2.978442
3.179474
3.297482
2.618721
1.549042
1.418379
1.285553
2.391706
2.211232
2.421102
2.167909
2.375393
2.908875
2.953614
2.149165
2.210309
2.319897
2.147984
1.947513
1.578276
2.122244
2.106138
1.746971
2.016248
1.541843
1.548324
1.482573
1.348565
1.329309
1.396626
1.710782
1.456430
1.583036
1.785983
1.967286
2.011622
2.324750
2.398242
2.280099
1.551798
2.454066
2.268137
2.595510
2.907826
2.925883
2.945464
2.960656
2.836337
2.922339
3.101340
3.108180
2.985580
2.733365
2.660416
3.306568
1.046255
1.054954
2.547853
2.825092
1.556419
2.585028
2.838387
2.863426
2.693623
2.463651
2.296549
1.927829
1.672786
2.281171
2.245761
2.295831
1.901643
2.903419
2.310372
1.916583
2.232000
2.268225
2.306300
2.338012
1.950370
2.096061
1.804980
1.666988
1.311088
1.683866
2.072611
2.007127
1.752546
1.820714
1.494874
2.595510
2.387356
2.289509
2.517013
2.442897
2.630814
2.992318
2.777907
2.909480
2.534686
2.502939
3.038285
3.038708
3.069943
2.940335
3.408668
1.102257
1.526648
1.487350
1.497403
2.339721
2.732254
2.985170
3.007710
1.723887
2.051007
2.131919
1.848210
1.510082
1.772967
1.206691
1.169505
1.331880
1.503993
1.558600
1.752387
1.761277
1.892490
2.361464
2.263555
2.494629
2.109891
1.993752
2.175544
1.746486
1.785043
1.809254
2.002052
2.183774
2.203807
2.210937
2.416033
2.645825
2.656197
2.894885
2.813273
2.674694
3.037195
3.140480
3.368480
1.167092
1.169205
2.381143
2.540534
2.919332
2.376245
1.973347
2.252892
2.566797
2.249059
2.472667
1.747991
1.224179
1.334712
1.547018
1.250735
1.275699
1.347766
1.655098
1.704952
1.516233
1.504242
1.856294
1.883675
1.693521
1.629504
2.044132
2.175544
1.708403
2.055704
2.455466
1.960181
1.760133
1.643833
2.688593
2.564450
2.630814
2.614790
2.581286
2.866496
3.051989
2.952320
2.648677
2.578295
3.061217
2.883749
3.102665
3.372442
3.196871
2.612106
2.850070
3.204291
3.218946
3.313586
2.527887
1.190558
2.778789
2.814727
2.956941
2.891982
2.804325
2.937326
2.334486
2.195984
2.091996
2.066091
2.135888
2.064508
2.123971
2.123342
1.895909
2.518979
2.131214
1.974584
1.683399
1.512605
1.290739
1.682176
1.752369
2.418482
2.388443
1.790401
1.918614
1.790238
2.036536
2.107861
2.160995
2.288679
2.257094
2.398064
2.266176
2.651553
2.838724
2.566970
2.519105
2.836207
2.910077
3.123226
3.079455
2.766988
3.015664
3.058463
3.077923
2.829010
3.133381
1.063392
1.058583
2.598640
2.570647
2.701289
1.378365
1.298332
2.891982
2.513954
2.631048
2.246273
2.405949
2.098188
2.101010
2.434156
2.145830
1.920299
1.717129
1.326612
1.261172
1.175390
1.338688
1.353823
1.370156
1.389426
1.347505
2.190062
1.885082
2.159719
1.778172
2.176228
2.523750
1.802719
2.036717
1.947023
2.263827
2.361708
2.371964
2.696318
2.695661
2.777907
2.775252
2.662506
3.057428
2.765647
2.563763
1.083470
3.028567
2.922447
3.188401
3.318454
2.550327
2.548068
1.083824
2.694484
2.467144
2.780330
2.640218
2.717476
2.964035
1.989654
2.222915
2.224706
2.153663
2.248501
2.100016
2.065677
2.275904
2.036258
1.360556
1.280641
1.268618
1.489065
1.744743
1.788318
1.749395
1.953401
1.816393
1.978969
1.738480
2.203672
1.931513
2.041151
1.659067
2.349173
2.437205
2.984711
2.949867
2.714246
2.660707
2.785727
3.046636
2.942640
3.066137
3.009821
3.069416
2.897882
2.809078
2.730839
3.225013
2.922242
1.213474
1.129111
1.137286
2.687992
3.335158
2.414898
2.396098
2.814822
2.701181
2.059158
2.435742
2.129147
2.456129
2.545137
2.027705
1.956459
1.872711
1.355975
1.825844
1.983583
1.887187
1.938289
2.142749
2.382055
1.692056
1.693393
1.668046
1.463349
2.567120
2.950290
2.866602
2.968931
2.836607
2.899964
2.833005
3.111599
3.085736
2.980670
2.872901
3.069613
2.943335
2.858428
3.082695
3.208938
2.835632
1.163648
2.894610
3.217282
1.450965
2.633756
1.616391
2.251959
2.285575
2.552718
2.151721
2.306509
2.367670
2.373355
2.371461
2.309002
2.509803
2.055463
1.455684
1.666326
1.377052
1.483748
1.816393
1.678368
1.640322
1.894886
1.966730
2.147335
2.133973
2.289126
2.175433
2.559214
2.836360
2.696212
2.582552
2.653538
3.012668
2.893900
2.960553
3.148541
3.363433
2.744885
2.861051
2.943500
2.705412
3.304729
3.177639
3.289490
1.088446
1.195734
2.374134
2.349000
2.814822
2.702880
2.170737
2.270344
2.659765
2.173610
2.330305
1.934006
2.213420
1.893600
1.977687
1.856538
1.844733
1.714511
1.718919
1.460573
1.608341
1.686737
2.048115
2.249045
2.012232
1.955314
1.907723
1.968196
2.187626
2.380276
2.842723
2.868652
2.929785
2.564568
2.937308
3.014170
2.533304
2.543744
2.646255
0.981064
0.934200
3.162142
2.730892
2.535816
1.314116
1.780300
1.920674
1.853404
1.714305
2.108485
2.373251
2.589346
2.446706
2.752503
2.556214
2.142768
2.138362
2.504168
2.002770
1.906248
1.492945
1.636186
1.333325
1.376136
1.328840
1.485698
1.406719
1.714372
1.615918
2.156439
2.055581
2.320001
1.734416
1.881803
1.925843
1.809136
2.176228
2.012800
2.271477
2.486720
2.247197
2.373689
2.187731
1.593588
2.242149
2.271098
2.279743
3.057069
3.050830
2.676522
2.657039
3.118403
2.690455
3.007699
2.584623
2.666780
1.216563
2.718543
2.836988
1.327966
2.847771
1.151870
1.560106
1.687711
2.709145
2.573859
2.425130
2.390282
2.216899
2.075882
2.597551
2.404446
2.323214
2.373355
2.112572
2.228919
2.177452
1.779977
1.681547
1.770137
1.997537
1.738080
1.823529
2.096697
2.126306
2.362385
2.610631
2.879899
2.646190
2.700691
3.024017
2.973981
2.927464
3.157023
2.640376
2.788692
3.300735
3.185314
3.092714
2.461310
0.816209
0.909605
1.489704
3.132827
1.495251
2.937613
3.041911
1.174879
2.379101
1.368116
1.443137
2.617602
2.025098
2.209557
2.275498
2.462071
2.275933
1.922743
1.809062
1.806742
1.461337
1.768933
1.777401
1.580031
1.497790
1.922189
1.825792
1.702488
1.863376
1.728247
1.928041
1.963216
2.142749
1.807566
1.962027
1.727894
2.122858
2.044338
1.686765
1.614316
1.603567
2.323162
2.901184
2.868652
2.837188
3.028294
3.063116
3.023509
3.083716
2.846137
2.626923
2.754301
2.646158
3.271419
3.322664
0.853483
0.908221
2.415914
1.228623
3.133337
1.495251
2.864521
1.145609
1.184526
1.207830
2.178707
2.215807
1.586984
2.182470
2.060217
2.655607
2.549323
2.092721
2.164476
2.051263
2.100904
1.807051
1.899441
1.887371
1.600628
1.593262
1.323454
1.406727
1.829767
1.813592
1.749921
1.542828
1.767601
1.753935
2.418482
2.406997
1.799297
1.924113
1.905509
2.489082
1.688143
2.615108
3.030012
2.940554
2.889291
2.691320
2.998598
3.106045
3.164800
2.793394
3.262646
3.266717
2.622890
1.225002
3.283823
3.157009
1.248286
2.529599
2.336401
2.252265
2.752503
2.375691
2.088361
2.175926
2.422709
2.007005
1.898970
1.815528
1.937438
1.362177
1.481066
1.650586
1.786529
1.721889
2.083114
2.077860
1.906529
1.876922
2.016921
1.896770
2.200853
2.157209
2.194565
2.367662
2.523496
2.752626
2.573307
2.554207
2.633608
2.687573
2.982237
3.394585
2.646376
3.155860
2.954957
2.473979
2.466154
1.312388
3.181475
2.750510
2.681167
2.277052
2.086276
1.920518
1.478715
1.825274
2.253896
2.253981
2.191219
2.307027
2.851242
2.532383
2.868652
2.469227
2.933963
2.925431
2.702437
2.931110
2.915710
3.006508
3.005705
3.374345
3.199837
3.289145
3.224858
2.496889
1.287161
1.566601
1.272440
1.293540
3.006162
3.136059
2.768148
2.660091
3.005204
2.414983
2.314296
1.340986
2.582790
2.241353
1.872126
1.948257
1.880807
1.968416
2.069247
1.782329
1.411851
1.616119
1.645377
1.554554
2.026901
2.211793
2.274932
2.288250
2.207522
2.618823
2.750861
2.744402
2.904982
2.716360
3.054948
3.311148
3.229789
3.048564
0.832054
0.986849
2.333550
1.058468
1.122163
1.460641
1.458264
3.038815
2.954196
2.601051
1.358874
1.288227
1.546305
2.026446
2.723257
2.145816
2.216071
2.218515
1.868661
2.198602
2.183888
2.069668
1.944557
2.102845
2.045707
1.796664
2.207937
1.971559
1.961882
1.882336
1.974966
1.819028
1.878841
1.764336
1.940276
2.118758
2.523325
2.419214
2.180081
2.228674
1.426910
2.547339
2.370149
2.932896
2.935367
2.870463
2.943232
2.995739
3.034555
2.889544
3.174169
3.192334
1.561375
1.561375
1.476572
2.493632
2.880691
2.760300
2.387821
1.970268
2.748385
2.686122
2.166303
1.936548
2.574415
2.371504
2.052668
2.166923
1.996501
1.984353
1.310683
1.361158
1.268097
1.787574
2.286574
1.928520
1.814124
1.925285
1.910490
2.077860
1.941187
1.768571
2.563140
2.364743
1.609258
2.339804
2.588020
1.230857
2.681201
2.491012
2.674747
2.722156
2.773728
2.591000
2.699363
2.875209
2.902204
3.307000
2.639740
2.871725
3.360952
3.277438
2.545088
0.892513
1.100097
2.189961
1.856627
1.929064
2.417649
2.091239
1.944557
2.032520
1.789581
1.728463
1.624735
1.308306
1.446176
1.799077
1.677636
1.895131
1.746994
2.261103
2.609700
2.314229
2.624267
2.616372
2.690924
2.780234
2.836342
2.814737
2.820868
2.822479
2.695055
2.823717
2.838516
2.745055
2.695387
2.734556
1.445863
1.641679
1.941052
2.237076
2.534619
1.896571
2.264571
2.437781
2.309199
1.812961
1.841846
1.990203
1.971292
1.910489
1.199943
1.256650
1.505788
1.538508
1.678644
1.766762
1.936809
1.722985
1.811534
2.125765
1.999948
1.784736
2.041525
2.132685
2.607053
1.407351
1.469704
2.549493
2.529982
2.907446
2.559174
2.837240
2.740892
2.940914
2.867176
2.920091
2.742362
2.592850
2.726213
2.707317
3.166183
2.590515
3.099709
3.241610
2.503328
2.453723
2.563757
1.174199
1.295446
2.550372
2.195959
2.127838
1.982339
2.581330
2.212043
2.055265
2.283237
1.301015
1.300902
1.661350
1.404022
1.649086
1.438958
1.773368
1.855466
1.968732
2.047594
2.087606
2.143614
2.318570
1.823923
2.357579
1.523931
2.239456
2.652558
2.927116
2.716177
2.761078
3.125095
3.286938
3.352780
2.543095
2.808569
2.515712
2.406536
1.369526
2.566679
2.370478
1.955647
2.020039
2.433402
2.258312
2.075533
2.029101
1.912134
1.235467
1.451056
1.522250
1.714728
1.736706
1.710864
1.873411
1.618243
1.875840
2.523129
1.774576
2.157706
2.572249
2.590616
2.433126
1.416126
2.433126
2.552461
2.557498
2.650818
2.575981
2.593099
2.880024
2.931118
2.651921
2.808933
3.042078
2.940500
3.154998
3.123451
3.032437
2.539605
3.341532
2.890781
2.962682
2.909935
3.321236
3.427506
1.069496
0.976081
1.734554
1.489535
1.374179
1.424849
2.066742
2.229342
2.076685
1.787961
1.671105
2.370478
2.294999
1.785627
2.386899
2.326106
2.051331
2.198931
1.344652
1.588992
2.043856
2.123739
1.684174
1.724144
1.647595
2.232690
2.557380
2.677127
2.726687
2.826395
2.589067
2.847762
2.559595
3.354593
3.298400
3.292525
3.021048
3.204040
3.238261
2.529468
2.824443
2.642840
2.508255
1.196601
1.457110
1.365555
1.663808
2.742437
2.156878
2.409799
2.205752
2.417794
2.242575
2.327542
2.347849
2.156445
2.401889
2.184389
2.217052
1.923354
2.041917
2.086182
1.960652
1.900274
1.184004
1.603014
1.401441
1.540521
1.441536
2.357579
2.518101
2.311252
1.299298
2.480833
2.688145
2.724102
2.850241
2.874933
2.690710
2.680512
3.243377
3.085932
3.091669
1.769238
1.223223
2.762691
2.328969
2.402064
2.372498
1.281759
1.684754
2.332919
2.080481
2.326106
1.852722
1.978966
2.122294
1.829719
1.281072
1.391468
1.707132
1.678348
1.845414
2.058790
2.001288
2.119221
1.955445
2.133182
1.796279
2.224234
2.146073
2.148606
1.460446
2.206575
2.175069
1.264440
2.475047
2.443304
1.242253
2.535262
2.591163
2.685977
2.793310
2.669240
1.057863
2.690551
2.817884
2.615989
2.727100
2.842204
2.835323
2.521509
2.567962
2.625727
3.197870
2.694986
3.319475
3.080817
3.213941
3.394853
3.380418
3.274838
2.384900
2.450560
1.770357
2.563908
2.460155
2.362828
1.573311
2.144722
2.089694
2.076360
2.401889
2.275965
2.164352
2.043354
2.058332
2.340980
1.919792
1.764035
1.733031
2.296609
2.085048
1.918503
1.909063
1.964260
2.162235
1.859685
1.983223
1.682457
2.458062
1.503983
1.611141
2.351992
2.455055
2.532569
2.475100
2.600037
2.610628
1.160898
2.614701
2.636118
2.512109
3.153834
3.031194
3.020947
3.190072
2.460370
1.816812
1.841139
2.628322
1.065201
1.618531
1.368958
2.158624
2.068076
1.211841
1.221820
1.738332
1.733031
1.682871
1.638749
2.189662
2.072274
2.448579
1.611141
1.443298
2.324206
2.235565
2.433554
2.341514
1.374314
2.408363
2.504596
2.755921
2.632943
2.732109
2.650162
2.511214
2.527643
3.003232
3.020184
3.104306
3.102754
2.648301
3.256131
1.984055
2.096054
0.918274
0.868441
2.410300
1.823534
2.772106
1.374991
2.532734
2.430307
2.120003
1.947627
1.839774
1.910444
1.767340
1.444039
1.618503
1.996156
2.114179
1.948361
1.538215
1.580695
1.947038
2.431955
2.042801
2.132098
2.224814
2.452677
2.341269
2.524257
2.647320
2.797036
2.677278
2.814320
2.691486
2.805036
2.755601
3.243377
2.759119
2.799645
2.539721
3.020669
1.554788
2.721950
2.609458
2.302553
1.379772
2.362798
2.515838
2.532734
1.963588
1.762324
2.562074
2.314519
2.119575
2.087296
2.011448
1.295054
1.812558
1.770065
1.581284
2.040022
2.249100
1.544616
2.486204
2.283929
2.456908
1.538672
1.446326
2.142692
2.331959
2.429523
2.520467
2.688282
2.641168
1.137974
2.870757
2.836165
2.525362
2.709580
2.893637
0.934811
3.268344
3.198773
3.031996
0.907601
3.000866
2.163261
2.316073
2.334613
0.974523
1.008259
1.710560
2.537619
1.731852
1.864527
2.419346
2.226975
2.123892
2.207764
1.883012
2.178273
1.797912
1.762292
1.835213
1.795874
1.100064
1.193350
1.180858
1.390502
1.687120
1.911463
1.853967
1.512099
1.998355
2.055186
2.303136
2.188113
1.925236
2.267919
2.014945
2.057672
2.118730
2.402100
2.429013
1.278906
2.441045
2.418637
2.407890
2.420117
2.553914
1.058385
1.047738
0.983906
2.753119
2.644176
0.988321
1.901692
1.108982
1.099130
2.310871
2.521080
2.142935
2.124028
1.449706
1.472560
2.132104
1.584263
1.540407
1.443761
2.315694
2.530250
1.686303
2.473147
2.122673
2.068737
2.146864
2.118334
1.880418
1.942328
2.146001
2.203188
1.491995
1.993669
1.432547
1.445708
2.309374
2.586287
2.520467
2.533078
2.703788
1.247508
1.165916
2.633815
2.561901
0.985481
2.953120
3.212394
2.422857
1.363504
1.236367
3.037999
2.863517
1.068760
1.423455
1.392782
1.268709
1.060548
1.232610
2.774797
1.443285
2.199327
2.484465
1.940241
1.952247
2.114957
2.310458
2.225498
1.868569
1.353983
2.054599
1.945475
1.507944
1.525165
2.176449
2.291451
2.257790
2.218950
1.542542
2.133242
2.245151
2.352830
2.394702
2.296670
2.445560
1.231357
2.761402
2.716240
2.817888
2.511411
2.805864
2.982789
1.215929
2.482989
2.539077
1.164007
1.314871
0.997055
1.097763
3.211273
1.733652
3.212399
3.059351
2.665061
1.137397
1.493986
1.874470
1.713859
1.517051
1.581852
1.330975
1.938302
2.167383
2.261073
2.529811
2.670939
2.333360
2.533140
2.448073
2.061099
1.708063
1.764153
1.920918
2.027886
2.296173
2.047168
2.010674
1.685116
1.888841
1.761801
1.122416
1.169820
1.568041
1.717119
1.901692
2.240775
2.081080
2.183794
2.257962
1.486946
2.338349
2.141877
2.400333
2.463011
1.227854
2.537385
1.179713
2.938658
2.973227
3.124224
2.448508
3.117649
1.627447
2.524179
2.470269
2.268600
2.162540
2.066420
2.592037
1.962117
1.875210
1.652958
1.298316
1.954496
2.247222
2.120974
2.054197
2.223910
2.243029
1.439663
2.460934
2.404218
2.567292
1.233684
2.821773
1.419558
2.548797
1.999141
3.144392
2.867515
2.816150
3.161362
3.180371
3.302683
2.085027
2.323775
2.620128
2.350423
2.066591
2.121645
1.894963
2.175344
1.922399
1.898901
1.808596
1.823177
1.945702
2.086126
1.833805
1.743913
1.700336
2.002491
1.159373
1.059197
1.396660
1.545574
1.870506
1.399541
1.397240
2.146274
1.505057
1.436336
1.304377
1.334901
2.634094
2.725751
2.925359
1.677675
1.995063
3.137349
1.829179
2.655918
2.799940
2.394399
2.309095
1.957187
2.177265
2.113687
2.112086
1.551660
2.076970
2.199338
2.480679
1.773765
1.921507
1.913633
1.974695
2.010230
2.095554
2.037392
2.041626
1.706083
1.995738
2.055948
1.946591
1.816841
1.839144
1.142993
1.123727
1.215526
1.735532
1.428350
2.170315
1.984579
2.043809
2.078972
1.466199
2.190892
2.313874
2.290263
2.458626
2.390848
3.150164
2.267498
1.896774
1.878937
1.872710
1.492568
2.241380
2.296240
1.621270
2.288733
2.100106
2.260084
1.964999
1.985051
1.980570
1.948506
1.053849
1.539987
2.183237
2.154247
2.182348
2.150634
2.167413
2.219793
1.505057
1.410053
2.264867
2.360097
2.373748
2.419278
2.425039
2.382252
1.338329
1.293698
1.399067
1.318646
1.294034
2.451217
1.192961
1.242891
1.287828
1.544727
1.467005
1.776234
3.216033
1.913729
2.856432
2.655019
2.486841
2.317681
1.655453
1.899219
1.959289
1.792422
2.323775
1.172859
1.499921
1.479100
1.999690
1.934814
1.888849
2.150652
2.207097
1.585341
2.167165
2.211871
2.343259
2.758166
2.534002
2.689691
2.808017
3.009354
3.010704
2.124300
1.999954
2.035387
2.483133
1.804656
2.916384
2.310968
1.751171
2.080947
1.915405
2.934857
2.943387
2.802842
2.930830
2.221568
2.460325
1.948071
1.977684
1.852592
1.886968
1.901981
1.198003
1.759374
1.827975
1.399490
2.081905
1.353297
1.372622
1.248910
1.271034
2.618122
2.624591
3.023413
2.482562
1.688616
2.221807
2.188663
1.756611
2.089302
1.908435
2.385805
1.870952
1.793557
2.202609
1.904291
1.874552
2.059328
2.047168
1.819011
1.811956
1.334036
1.220388
1.219217
1.051469
1.548802
1.719224
2.150466
2.032471
2.057637
2.300974
2.170135
2.026962
2.305806
2.319465
2.737459
2.964590
3.048160
3.152288
2.062137
2.809234
2.682570
3.207581
3.275023
2.373087
1.607682
2.663520
2.735811
2.841173
1.684284
2.397700
2.335641
2.180125
2.117642
1.937123
2.126934
2.107897
2.077140
1.886728
1.918079
2.095220
1.041194
1.093177
1.168850
1.037220
1.304896
1.218089
2.238093
2.218093
2.085346
2.284868
2.349038
2.457829
2.450984
2.017009
2.259696
2.805783
2.387026
2.402544
1.835454
2.095934
2.088251
2.821122
2.875090
2.472957
2.687472
2.217507
2.244086
2.101849
2.254033
1.851197
1.919514
1.092747
1.130042
1.814698
1.836910
1.969215
2.333524
2.408033
2.353364
2.662015
2.873545
2.387026
2.960543
2.969370
3.191352
1.918422
3.054160
3.088930
2.864247
1.667383
1.920835
2.914478
2.785377
2.416713
2.609078
1.598522
2.266750
2.476485
2.687472
1.976635
1.975385
1.960000
1.873853
1.317667
1.286741
1.420246
1.487054
1.346616
1.591069
1.359582
1.719779
2.016233
2.025001
2.217471
2.289279
1.268296
2.359133
1.329615
1.501962
1.849236
2.759092
2.582462
2.582462
2.131147
2.190456
2.456845
2.641708
2.629439
2.581877
2.416318
2.337092
3.113623
1.827623
2.758914
2.158817
1.880606
1.653727
2.046697
1.938437
2.144639
0.965136
1.051716
1.159046
1.606778
2.017677
2.371135
2.555615
2.463664
1.351491
1.914619
2.425677
3.077032
2.427870
2.534712
3.016829
2.291530
1.908848
1.944034
2.143773
2.548905
2.250166
2.112465
2.533808
2.103816
1.752000
2.540450
2.380304
1.728050
1.863464
1.865017
1.756570
1.908395
1.878182
1.768193
1.074258
1.903117
2.139920
2.201933
2.272987
2.302241
1.942553
2.390879
2.295860
2.554364
2.407532
1.338120
2.712387
2.316132
2.681916
2.874963
3.008002
1.984183
2.581885
2.478733
2.325306
2.181069
2.749250
2.401172
2.555141
2.217004
2.472957
2.254443
2.023863
2.026893
1.028584
1.028336
1.219646
2.077386
2.411771
2.436918
1.721712
1.697037
2.401661
1.913731
2.798198
2.794423
1.852673
3.185585
3.018792
2.326350
2.229546
1.668363
1.872848
1.735839
1.675430
2.330621
2.134542
2.028857
1.713502
1.871610
2.192394
2.322718
1.860548
1.901562
2.095086
1.864350
2.122104
1.842129
2.000161
1.569309
1.320711
1.792339
2.335297
2.403800
2.079117
1.419125
1.974895
2.029224
1.580746
2.316132
2.602514
2.410511
2.642877
2.451277
2.402384
2.494490
2.788221
2.374964
2.912784
2.473441
2.267365
2.266145
2.271072
2.818051
2.308799
2.689551
2.271858
2.299108
2.267889
1.858874
1.827785
1.261634
1.278792
1.720673
1.237737
1.288725
1.786858
2.263890
2.388810
2.218163
2.417435
2.329877
1.425467
2.576626
2.501955
2.367757
2.549623
2.870147
2.745283
2.741397
2.922473
2.953282
3.101198
1.843509
2.953931
2.246379
2.126370
1.932754
2.097617
1.891636
1.836548
2.234013
2.063269
1.971743
1.937925
0.981102
1.000661
0.979046
1.020542
1.324393
1.895128
1.888801
1.741606
1.831557
1.508951
2.383262
2.340474
2.726589
2.216261
1.822285
1.727171
2.168432
2.514823
2.517297
2.058725
2.094929
2.117543
1.900641
1.986619
1.843665
0.973990
1.018098
1.522356
1.498758
1.265267
1.628505
1.591335
1.287404
2.753306
2.689184
2.997695
2.376596
2.388127
2.342419
1.737563
2.818051
2.188886
2.371401
2.076855
2.105325
1.898747
1.839242
0.967629
1.271866
1.442669
1.447048
1.228009
1.543257
2.318121
2.793381
2.872522
2.392842
2.496613
2.949387
2.420120
2.284415
2.265428
1.794131
1.725944
2.804304
1.856515
2.525346
2.622572
2.239674
1.768835
1.981684
1.949374
1.944555
2.026623
2.043738
1.983487
1.935804
0.928952
1.009124
1.089197
1.272980
1.350428
1.457869
2.214195
2.202582
2.652096
2.570650
2.486736
2.276726
2.197596
2.096811
2.248636
2.871326
1.734198
1.765737
2.161320
2.158817
2.077936
1.218892
1.189613
2.465029
2.581986
2.246884
2.123525
2.250419
1.769256
1.839866
1.998343
2.146652
2.121044
2.009460
2.091502
0.869084
1.273170
2.426349
2.712357
2.193382
1.870030
1.875962
2.450454
2.397834
2.485921
2.805949
1.922458
1.782383
2.036969
2.176317
1.865443
0.951028
1.108660
0.966445
1.368658
1.072409
1.479086
1.322603
1.367865
2.797770
2.219667
2.033154
2.180499
2.260552
1.932024
1.879373
0.924922
0.901197
0.892125
1.101814
1.043269
2.317060
2.287861
2.250442
2.189626
1.857853
2.259099
2.308525
2.651884
2.757582
2.121044
0.882581
0.872365
1.280143
2.221700
2.296825
1.962623
2.267443
2.408462
2.677412
2.905788
2.873010
2.683947
2.266458
2.135043
2.095854
1.762456
2.437812
2.572480
2.265973
1.830148
2.572480
2.166479
1.907690
2.070536
1.988781
0.945433
1.171384
1.143667
1.087425
1.305460
1.156499
2.281704
2.186894
2.108893
1.907880
2.333413
2.323678
1.969557
2.208604
2.194561
2.440591
1.963134
1.920059
0.973720
0.956399
1.064325
1.082145
2.092106
2.280328
2.274304
2.172108
2.276162
1.815951
2.757383
1.832217
2.534039
2.160606
2.109929
1.726734
1.739981
2.310292
2.310292
2.757576
1.871614
2.111924
1.949557
1.980577
0.881483
1.025313
1.144111
2.410058
2.490961
2.654965
2.507474
1.720626
1.774333
1.702080
2.114007
1.972677
0.963163
2.004830
2.119867
1.834539
2.212827
2.404508
2.518003
2.523480
1.774359
2.547565
2.033170
2.026289
2.293831
2.111924
2.098341
1.958588
0.878428
0.998825
1.040276
2.135192
1.722079
2.120637
2.191247
2.616058
2.136768
1.635180
1.805224
1.854996
1.932208
2.060465
2.287399
2.248048
2.034795
1.964357
1.663134
2.507894
1.823590
1.907346
1.814842
1.830782
1.964342
1.981452
2.097828
2.355538
2.355538
1.788232
1.793742
1.728783
1.636866
2.554165
2.022098
2.175213
2.061387
2.046369
2.168925
1.668384
1.773886
2.297843
2.076182
1.790652
1.805590
1.637313
2.201228
2.015432
1.624489
2.342755
1.802856
1.735063
2.056367
1.718529
2.045607
2.147737
2.145303
1.671077
1.868635
1.788426
1.881097
1.856836
2.310292
1.754258
1.889616
2.305039
2.136309
1.898065
1.867230
2.125922
1.968809
2.038153
2.307194
2.211836
2.196335
2.221761
1.971819
1.647087
1.720939
1.726365
1.926174
1.952152
2.219773
1.899987
1.938704
1.615316
2.017410
1.906026
1.817707
2.105019
2.158846
1.759662
1.768575
1.889465
1.833651
1.831137
1.916504
1.766774
1.924602
1.928993
1.739995
1.685841
2.001125
2.015592
1.927254
2.247358
2.064657
2.019606
1.805590
1.727434
1.874112
1.629283
1.813691
2.093638
1.833236
1.760878
1.495581
1.786276
1.875853
1.920130
1.746241
1.885582
1.758493
1.828155
1.877496
1.866899
1.917600
1.954067
1.763362
1.998828
1.789980
1.880090
1.553120
1.804264
1.798763
1.709985
1.886037
1.865591
1.639907
1.681904
1.807667
1.825321
1.814444
1.535396
1.854303
1.952934
1.790727
1.913247
1.691319
1.677690
1.588203
1.877828
1.786276
1.905957
1.669991
1.913029
1.854915
1.828558
1.736878
1.902617
2.002455
1.908046
1.784392
2.045907
2.016726
1.708200
1.856242
1.723900
1.610338
1.770166
1.792809
1.678543
1.791752
1.758995
1.618606
1.846378
1.751669
1.771831
2.002455
1.849399
1.710278
1.869215
1.547341
1.504664
1.595300
1.515794
1.431102
1.598163
1.638354
1.519114
1.661311
1.760945
1.789940
2.206896
1.705757
1.738924
1.625160
1.432143
1.781390
1.477960
1.415517
1.663787
1.472735
1.638044
1.762286
1.565348
1.591255
1.487566
1.643764
1.461424
1.342868
1.302349
1.740927
1.648180
1.846703
1.416635
1.499436
1.653605
1.549561
1.551427
1.954504
1.433299
1.505333
1.682939
1.624724
1.214157
1.419136
1.611321
1.371961
1.325445
1.533626
1.489265
1.350138
1.372285
1.368622
1.452543
1.512501
1.359068
1.521795
1.587088
1.657542
1.288469
1.668674
1.452016
1.386967
1.443173
1.330630
1.463318
1.509936
1.234132
1.175358
1.604712
1.505767
1.586552
1.607354
1.196103
1.426752
1.683719
1.242701
1.166276
1.481955
1.364133
1.523121
1.390632
1.548569
1.278317
1.268743
1.445295
1.479399
1.188488
1.524720
1.471721
1.509974
1.567058
1.535446
1.406794
1.349172
1.175214
1.438706
1.517795
1.427916
1.431300
1.221604
1.163129
1.331879
1.381947
1.211331
1.153767
1.238414
1.410007
1.123633
1.419495
1.369273
1.229382
1.330529
1.304064
1.344382
1.212273
1.245254
1.306161
1.208992
1.275081
1.150443
1.073896
1.162357
1.254757
1.126809
1.108072
1.123782
3.372065
3.377350
3.372065
1.999647
3.167446
3.333838
3.303284
3.238261
