6215 1 3
1.276550
1.297743
1.267445
1.052946
1.149197
1.019295
1.460502
1.241163
1.275283
1.383887
1.045035
1.129049
1.051484
1.079516
1.298591
1.386834
1.148752
1.152226
1.039796
1.286305
1.038580
1.516193
1.741228
1.454090
1.604546
1.316637
1.332806
1.406623
1.355449
1.189232
1.266754
1.326106
1.440215
1.270372
1.135747
1.101555
1.231160
1.700329
1.340885
1.536864
1.606598
1.459967
1.272524
1.234470
1.135010
1.490787
1.006034
1.128900
1.011476
1.743305
1.136435
1.171381
1.073555
1.393942
1.641622
1.466750
1.514134
1.588904
1.060587
1.474832
1.669792
1.755223
1.164211
1.869256
1.231259
1.272965
1.514267
1.562992
1.362409
0.997133
1.402971
1.838105
1.022181
1.677425
1.192392
1.309699
1.329550
1.597588
1.165619
1.090885
1.162615
1.593321
1.549589
1.052690
1.001476
1.064509
1.311582
1.889685
1.792871
1.716785
1.500633
0.983053
1.526811
1.496227
1.675906
0.929656
1.943032
1.847925
1.896376
1.781054
2.084596
1.442009
1.613365
1.558761
1.625012
1.585933
1.476461
1.380544
1.413826
1.538989
1.564805
1.750657
1.974045
1.740670
1.868225
1.809475
1.772043
1.274823
1.362763
1.618911
1.566256
1.539796
1.452841
1.454026
1.046046
1.498325
1.551030
1.568592
1.645492
1.742478
1.625571
1.032237
1.108177
1.014152
1.831910
1.832767
1.798085
1.853077
1.741457
1.635228
1.406496
1.234896
1.419837
1.345536
1.124285
1.473684
1.640192
1.482689
1.540159
1.914819
1.080068
1.924373
1.373630
2.077902
1.937241
1.785448
1.788153
1.200070
1.301183
1.897977
1.968004
1.815229
1.982685
1.882408
1.592560
1.562397
1.676685
1.533452
1.530819
1.358054
1.484108
1.434602
1.247583
1.769397
1.547173
1.672208
1.663684
1.958107
1.850449
1.858293
1.949276
1.901273
1.567169
1.151323
1.933745
2.174965
1.870771
2.084069
1.856405
1.652752
1.379507
1.430726
1.778504
1.724897
1.354032
1.434716
1.341963
1.385992
1.339120
1.435907
1.194755
1.091421
1.556436
1.608888
1.504232
1.687311
1.967914
2.034057
1.959085
1.931332
1.732801
1.767471
1.730518
1.259150
1.832033
1.907151
1.808623
1.710896
1.636538
1.771532
1.493987
1.459050
1.438628
1.600684
1.368092
1.424736
1.024915
1.413186
1.415133
1.533680
1.623892
1.689512
1.177367
1.766126
1.908295
1.671063
1.973271
2.057970
1.995276
1.932110
1.569327
1.320977
1.513537
1.559841
1.453095
1.413750
1.391600
1.122694
1.242625
1.645282
1.645170
1.665838
1.651604
1.825522
1.734349
2.009937
1.119070
1.203626
1.838060
1.826195
1.691020
1.881056
1.512924
2.082358
1.954494
1.896248
1.983394
1.696030
1.733972
1.492528
1.432572
1.750036
1.485593
1.363734
1.659221
1.491458
1.437289
1.394997
1.462273
1.349262
1.443955
1.614314
1.516679
1.419296
1.511153
1.527619
2.004770
1.902693
1.901018
2.033619
1.985722
1.905017
1.699844
2.136751
2.235806
1.839405
1.445897
2.097454
1.769004
1.655299
1.689486
1.702302
1.405565
1.486049
1.414949
1.348698
1.246349
1.363422
1.057049
1.085844
1.022700
1.490183
1.130131
1.536626
1.674312
1.652868
1.946859
2.014471
1.626630
1.945863
1.747892
1.776192
1.543320
2.007314
2.049855
1.810876
1.921190
1.655025
1.780178
1.854274
2.105824
1.755118
1.606986
2.092221
1.668680
1.723317
1.708484
1.494602
1.173909
1.034641
1.540026
1.729990
1.306878
1.539767
1.335405
2.074454
2.036176
1.755689
1.909108
1.918711
2.273111
1.729135
1.598344
1.999779
2.048451
2.197559
2.235257
1.787584
1.598794
1.524636
1.490236
1.416498
1.458176
1.856058
1.339356
1.333754
1.513173
1.479733
1.901465
2.186095
1.136904
1.251503
1.595222
1.737843
1.735594
1.818333
1.858807
2.037375
2.029735
2.022049
1.590119
1.274063
1.733531
1.567066
1.810712
1.818346
1.838404
1.708681
1.828387
1.958099
2.156168
1.952918
1.839966
1.746538
1.988339
1.355435
1.400450
1.605141
1.513590
1.490843
1.296713
1.317657
1.520691
1.642077
1.538423
1.454457
1.590194
1.741830
1.498147
1.925254
1.410255
1.515600
1.915157
1.904265
1.639564
1.781437
1.609964
1.917359
1.662578
1.852313
1.975064
1.656083
1.605319
1.747431
1.311313
1.352449
1.672447
1.641916
1.437935
1.116849
1.317657
1.087647
1.482258
1.635934
1.449240
1.280062
1.241175
1.327233
1.944409
1.762090
1.856502
1.799384
2.063157
1.987160
1.804431
1.807414
1.945880
1.594608
1.782568
1.793987
2.111651
1.777802
1.752044
1.706658
2.061918
2.208007
1.921594
1.781950
1.515569
1.430030
1.709905
1.356471
1.522180
1.999172
1.293008
2.141663
1.925995
1.849166
1.285567
2.072814
2.270952
2.021067
2.054775
1.203256
1.887321
1.882614
1.893114
1.451113
1.655014
2.208258
1.649320
1.526269
1.502859
1.687717
1.648962
1.840461
1.605419
1.553842
1.751671
1.412699
1.405769
1.165441
1.371812
1.279439
1.339604
1.389383
1.416206
1.574857
1.337577
1.601657
1.351028
1.392045
1.917423
1.909768
2.141262
1.968274
1.904102
1.949336
1.588054
1.434028
1.854926
1.913162
1.423304
1.908313
1.526151
1.526785
1.628061
1.839067
1.726400
1.982976
1.711268
1.513652
1.696548
1.653052
1.453124
1.424527
1.459608
1.416837
1.415324
1.408486
1.405729
1.452708
1.538423
1.590734
2.106997
2.121797
1.608827
2.022606
1.706700
1.540931
1.621105
1.568321
2.108136
1.737505
2.037091
1.844581
2.106418
1.747965
1.538168
1.652289
1.652298
1.684285
1.768012
1.056549
1.177756
1.073341
1.129566
1.421161
1.429585
1.402137
1.449284
1.548291
1.330389
1.333124
2.077686
1.397336
1.410360
1.891531
1.412712
1.556689
1.467011
1.921246
1.959995
2.075682
1.624860
1.915516
1.801863
1.981358
2.143394
2.108136
1.927283
2.052197
1.929025
2.136237
1.986259
1.531684
1.626566
2.282150
1.889641
1.696240
1.651981
1.843524
1.918495
1.789587
1.042993
1.315158
1.298180
1.352394
1.229987
1.961801
1.452708
1.300714
2.275175
2.153303
1.321035
2.012192
1.304828
1.329871
1.931806
2.077959
1.783828
1.905000
1.578237
1.560846
1.610955
1.878453
1.846262
1.757930
1.933985
1.845343
1.695390
1.696558
1.944590
2.002017
1.234850
1.110545
1.345372
1.457328
1.349198
1.431502
1.174292
1.618064
1.408701
1.423976
1.405729
1.964056
1.334742
1.259412
2.263951
2.240994
2.026309
1.312496
1.921260
2.156597
1.956960
1.381770
1.773842
1.687448
1.779825
1.692279
1.692279
1.973494
1.727568
1.718363
1.972729
1.866648
1.546905
1.731571
1.537780
1.898675
1.954459
1.541544
1.646607
1.282904
1.171210
1.902495
1.818290
1.351028
2.168597
2.201530
2.311500
2.220935
2.060892
2.348997
2.040281
1.983414
2.357007
2.234041
2.538724
1.491481
1.394926
1.883487
1.741123
2.047338
1.880467
1.923635
1.748661
1.329500
1.389263
1.332942
1.433290
1.555158
2.030457
2.261324
2.247054
2.230753
2.264914
1.256960
2.386069
2.030717
1.780540
1.941632
1.424493
1.807333
1.801879
1.981658
1.832629
1.828121
1.986259
2.091746
1.690586
1.736310
1.945694
1.190089
1.280701
1.517613
2.417522
2.269057
2.209119
2.194880
2.466265
1.888700
1.712741
1.781171
2.073711
2.046705
1.985059
1.448869
1.612345
1.775554
2.262735
2.217742
1.962298
2.409166
1.952531
1.967233
2.259293
1.387431
1.346375
1.695824
1.572991
2.316756
2.053526
1.602570
2.071794
1.771167
2.049100
2.369318
1.857692
1.709703
1.684750
1.872872
1.301746
1.264843
1.039710
1.295113
1.353785
1.461354
1.432706
1.389288
1.609552
1.279437
1.276353
1.634234
1.441858
2.581175
2.394747
1.866613
1.857769
1.828121
2.197295
2.032693
2.118227
2.113344
2.087466
1.691884
2.046156
2.057787
1.982921
1.951744
1.904799
2.005030
2.001990
1.842108
1.877906
2.341482
2.053591
1.885547
1.607851
1.734506
1.580827
1.827256
2.011890
2.039917
2.337544
1.710792
1.970101
1.412066
1.357074
2.492047
2.733917
1.887284
1.213823
2.217531
2.491154
2.037737
1.791075
1.836274
1.490779
1.765181
2.230463
2.105773
2.029504
2.084342
2.037867
1.936900
2.114069
1.981502
1.678035
1.730782
1.741552
1.338958
1.137125
1.238682
1.377448
1.336207
1.347766
1.258507
1.587374
1.765229
1.677762
1.884844
1.786672
2.652369
2.046692
2.288572
2.587397
2.034981
1.731556
1.772871
2.087563
1.989426
1.632561
2.039621
2.102680
2.009531
1.954645
1.818211
2.180996
2.347419
2.341482
1.723212
1.613946
1.898165
1.525629
1.073823
1.094005
1.125918
1.556299
1.390830
1.321731
1.412066
1.406988
1.437776
1.399197
1.279437
1.296028
2.740151
2.188395
2.403607
2.118952
1.286714
2.497980
1.493891
1.606006
2.021577
1.724406
2.127200
1.691121
1.680918
1.674740
1.680463
1.732914
1.666955
2.100218
1.803890
1.890636
2.034250
1.720297
1.966420
1.823436
2.103492
2.136874
2.527891
2.488051
2.578125
1.795098
1.910685
2.161208
1.093657
1.451332
1.462162
1.680284
1.854673
2.525420
2.311415
2.607401
2.652369
2.188518
2.087179
1.272633
2.363393
2.581248
1.237961
2.873298
1.707854
1.329423
1.434339
1.470412
1.437038
1.713830
1.616810
2.184114
2.177889
1.799818
2.125787
2.014766
2.009856
2.114738
1.997119
1.961490
2.085133
1.779612
1.753846
1.978414
2.009994
2.249409
1.967450
2.188545
2.293453
2.037846
1.738510
1.523147
1.547597
1.251116
1.259906
1.271109
1.468852
2.167336
2.322305
2.053213
2.058551
1.987286
1.825079
1.514776
1.618190
1.637308
1.544948
1.767389
1.651271
1.640642
1.604653
1.916593
2.003298
2.115924
2.210225
2.059258
2.192338
2.297585
2.125437
2.514047
1.715702
1.715214
1.071658
1.152795
1.090327
1.436218
1.400761
1.418482
1.308011
1.321731
1.786067
1.711052
1.785517
2.397545
2.696405
2.077710
2.911707
2.607612
1.896928
2.501878
2.112551
1.372444
1.949715
2.063680
1.954136
1.512947
1.987619
2.231661
2.056267
1.658095
1.774970
1.917019
1.712556
1.894654
1.686240
1.789379
2.040241
1.715106
2.115924
2.164486
2.025476
1.974080
2.590971
2.310034
2.009680
2.069642
2.075041
1.578791
1.821160
1.435720
1.813934
1.303671
1.355332
1.229807
1.425007
1.281890
1.861987
1.717786
1.326044
2.721477
1.618027
1.792026
2.772822
1.873535
1.261867
2.242817
1.278888
2.320337
1.341841
1.539908
1.490433
1.953871
1.885283
1.497561
1.553059
1.530825
1.833664
1.609771
1.652327
2.033024
1.509885
2.145442
1.690109
1.813132
2.053297
2.544713
2.094660
2.250178
2.376960
2.407363
2.263966
2.615498
2.306621
1.968743
2.020564
1.799481
1.335782
1.394336
1.267864
1.612534
1.228325
1.564503
2.264258
2.762053
2.481490
2.934884
2.682676
3.052624
2.699119
1.237101
2.402288
1.855817
2.112551
1.861205
2.043106
2.115479
2.220340
2.230419
1.838488
1.382352
1.972179
1.875414
2.029159
1.574676
1.427781
1.535769
1.612600
1.526821
1.885845
1.910765
1.611483
1.332976
1.856068
1.803908
1.999471
2.269255
2.021120
2.127383
2.145442
2.262590
2.210225
2.021891
1.810046
2.242401
2.563028
2.373790
1.859681
2.218292
2.044460
1.798797
1.800058
1.616960
1.546793
1.325187
1.370733
1.335760
1.802151
1.329352
1.481043
1.162422
2.678899
1.258300
1.351976
2.951505
1.214626
1.352080
1.343808
1.185308
1.544691
2.771811
2.310802
1.459692
1.481901
1.313461
1.967130
1.536253
1.543706
1.746516
1.607876
1.417257
1.488626
1.811234
1.855341
2.182003
2.037930
2.159586
2.185148
1.969540
1.995141
1.869192
1.986664
1.938383
2.176211
1.468015
1.592433
1.198686
1.225144
1.256261
1.558262
1.273204
1.318657
1.265159
1.329469
1.781515
1.981697
2.216984
1.334489
2.328464
2.292803
2.256160
2.829619
2.866218
1.243002
1.285753
1.249515
1.304400
1.237101
2.234063
1.795910
1.376863
2.221247
1.394702
1.475771
1.477324
1.321813
1.468445
1.994482
1.137884
1.528244
1.477485
1.337422
1.612335
1.382929
1.573069
1.350618
1.658837
1.934741
2.030736
1.944597
2.169837
2.363035
2.427642
2.388409
1.954093
2.313030
2.480257
2.564858
2.632286
2.506211
1.522759
1.500893
1.710220
1.321192
1.401293
1.361332
1.323583
1.334104
1.593497
1.572007
1.281817
1.749687
1.256358
1.153212
2.276383
2.765763
2.507524
1.532175
3.050861
1.950324
1.824589
1.588334
2.168342
1.367901
1.890804
1.532818
1.415861
2.009936
1.687772
1.773059
1.484233
1.326095
1.690760
1.536253
1.598536
1.604024
1.694435
1.954139
1.890266
2.028956
2.159586
1.977243
2.044438
2.369891
2.150225
2.535182
2.522422
2.026805
2.466490
1.401515
1.394737
1.451067
1.408238
1.237696
1.054641
1.242181
1.246654
1.996322
1.220826
1.195219
1.249460
2.069442
1.255643
1.318605
1.352247
1.238459
2.971334
1.623429
1.266793
1.368183
1.342820
1.380085
2.031727
2.095853
1.736917
1.508226
1.799907
1.648923
2.337477
1.845137
2.035990
2.044276
2.230647
2.532858
2.707895
2.435759
2.125831
1.731620
1.936595
1.666821
1.410085
1.612296
1.069768
1.544150
1.714788
1.888156
1.110042
1.217695
1.124215
1.234303
1.199577
2.262206
1.240970
2.380313
2.944108
2.868341
1.878329
2.488521
2.433072
2.099793
1.347996
1.372361
1.538452
1.329229
1.372887
1.354802
1.713928
1.236483
1.222185
1.513776
1.326095
1.621950
1.641069
1.961534
2.206948
1.757088
1.866058
1.903800
1.884503
1.933592
2.483732
2.485290
2.440101
2.298283
2.462244
2.483954
2.530386
2.535314
2.494731
2.383235
2.317592
2.244990
1.519634
1.219912
1.185919
1.107608
1.293887
1.384799
1.428105
1.546530
1.727461
1.272423
1.645655
1.261296
1.220943
1.859440
1.073749
1.197886
1.256728
2.627871
1.245843
1.181043
1.454807
1.613529
1.254564
1.234623
2.554226
2.227242
1.985142
1.238192
1.791146
1.186053
1.271252
1.220983
1.871069
2.154652
1.386136
1.222185
1.606663
1.666149
1.592759
1.499476
1.749722
1.861424
2.276308
2.021113
1.580224
1.988865
2.525951
2.446859
2.564130
2.111972
2.194479
2.536734
2.534037
2.630248
2.106449
1.754906
1.648784
1.730165
1.072588
1.116675
1.457617
1.400346
1.535752
1.712958
1.501686
1.601959
1.885531
1.649531
2.077729
1.161594
2.172409
1.270561
1.811158
1.197180
1.193696
1.168943
1.254564
2.883759
2.670038
2.659127
2.850131
2.238680
2.160148
1.141284
2.090420
1.871069
1.303425
2.170357
1.607817
1.747005
1.251398
1.855958
1.512303
1.663194
1.803851
1.492955
1.867476
2.154314
2.340603
1.991706
2.261747
2.431747
1.315578
1.318651
1.470484
1.439300
1.503876
1.238267
1.472232
1.906313
1.234973
1.504592
1.193981
2.816498
1.181043
1.205726
1.181043
2.335722
1.168943
2.537670
2.552632
1.147668
1.233841
1.018044
1.544058
1.468788
1.629344
2.196326
1.698918
1.702633
1.476111
1.458364
1.422655
2.067622
2.536583
2.259757
2.047472
2.939986
2.114629
2.119397
2.407534
2.984485
2.591159
2.384745
2.905332
2.764162
2.660878
2.157415
2.068117
2.368141
2.307533
2.522332
2.407722
2.433148
2.520379
1.357674
1.224490
1.266297
1.341074
1.497202
1.468413
1.370861
1.871474
1.325168
1.211955
1.232424
2.648578
2.189775
2.278938
2.252352
1.842178
2.097601
2.381935
1.754794
1.604077
1.455504
1.102040
1.381226
1.828220
2.058049
2.121662
2.359313
2.072083
2.171408
2.143503
2.466195
2.469470
2.402115
2.306299
2.265659
2.510927
2.433148
2.147557
1.529769
1.156454
1.227708
1.412821
1.229686
1.163702
1.698382
1.247874
1.280910
1.803320
1.604847
1.699874
1.614276
1.677455
1.606391
1.178948
1.396760
2.651543
1.113555
1.611582
2.211608
1.404991
1.604077
1.342345
1.215170
1.915686
1.427550
1.971147
1.867476
1.749722
2.107200
1.699610
2.135000
2.200584
2.741815
2.626050
2.590590
2.108421
2.454802
2.041621
1.378714
1.592594
1.561927
1.497202
1.888042
1.812556
1.379976
1.983162
1.981661
1.988340
2.018015
2.812474
2.117688
2.582908
1.948080
2.358494
1.089053
0.998494
1.137877
1.820019
1.381226
1.591087
1.866835
1.804292
2.206154
1.840394
1.683859
2.298630
1.819569
2.318661
2.798273
1.846580
2.966015
2.722549
2.648695
2.558980
2.473025
2.500257
2.616865
2.299986
2.414336
1.981033
1.336440
1.814476
1.678767
1.718646
1.785910
1.426768
1.133803
1.333500
1.369585
1.542262
1.888117
1.653420
2.013424
1.845960
1.661031
1.696514
1.181146
2.434114
2.733057
2.677133
2.678345
2.695151
2.503574
2.678345
2.117806
1.490754
1.515312
1.525124
1.097191
1.739429
1.470142
1.872510
1.612134
1.639109
2.222111
1.884053
2.182869
1.867023
2.220005
3.011799
1.794996
1.803929
2.371151
2.242451
2.188019
1.488094
1.585361
1.506221
1.438862
1.406756
1.976546
1.625665
1.270992
1.281373
1.647871
1.733899
2.117837
1.224230
1.142643
2.179780
1.253941
2.480072
2.156372
2.375620
2.481703
1.589130
2.362020
2.081316
1.510933
1.486364
1.512961
1.506794
1.516487
2.027312
1.683336
1.599817
2.112351
2.110734
1.834525
2.809041
2.848046
1.990531
2.068939
2.973497
2.526298
1.949847
1.440627
1.337454
1.341505
1.354294
1.100114
1.187949
1.613921
1.481077
1.526028
1.488074
1.932927
1.704614
1.646832
1.707084
1.175138
1.245462
1.188200
2.540003
2.590726
1.974830
1.069049
2.274224
0.869792
0.930388
1.101619
2.382977
1.990096
1.853312
1.493590
2.206451
2.288071
2.044586
2.118264
2.377411
2.832251
2.467060
2.443611
2.461281
1.747537
2.111697
1.645482
1.563608
1.659039
1.619837
1.602548
2.007541
1.923572
1.927407
1.271280
1.114534
1.747009
1.139205
2.556923
2.790896
1.213451
1.178780
1.818044
2.321114
1.642607
1.469377
2.300611
1.349176
1.828856
2.212258
2.027312
2.257458
1.626786
2.066444
2.052253
2.134408
1.753333
1.872984
2.664314
2.786877
2.887987
2.543414
1.860324
1.932021
2.388719
2.227466
2.882600
2.582977
2.540004
2.485091
2.569623
2.525492
2.213225
2.232480
2.211736
1.904463
1.880026
1.870947
1.733985
1.524435
1.392046
1.087834
1.543450
1.732801
1.859593
2.072958
2.008007
1.255737
2.142929
2.102519
1.262262
1.148631
1.181672
1.803320
1.713981
1.838639
1.228251
1.579053
2.017118
1.882450
2.103572
2.560344
2.174650
2.531066
1.535431
1.505790
1.558389
1.513103
1.566193
1.580679
1.269852
1.574250
1.982656
2.180986
2.284111
2.318783
1.632400
1.781787
2.055511
2.161686
2.595300
2.619732
1.751706
2.123995
1.767202
1.437027
1.324056
1.882632
2.083580
2.084351
1.175348
1.126472
1.148660
1.079018
1.088832
1.004821
1.059927
2.525257
2.504916
1.044897
1.213451
2.505509
2.583936
2.582845
0.897850
1.435574
1.488662
1.817123
2.012921
1.628146
2.393472
2.235049
1.789738
2.869118
2.754453
2.344935
2.806944
2.549395
2.477431
1.894713
2.500537
2.605829
1.963199
1.859789
1.150576
1.096538
1.394390
1.580127
1.317167
1.534698
2.044292
2.075086
1.568100
1.448047
1.511075
1.619487
0.982473
2.399786
2.514132
1.734817
1.060083
2.571938
0.923742
0.875246
1.087086
1.001515
1.017856
1.189416
1.667142
1.679532
1.035343
1.585018
1.958850
2.432353
1.805201
2.411938
2.390814
1.858288
1.814945
1.808766
1.990500
1.995513
1.739714
2.458007
1.890628
1.772740
2.322189
2.314466
2.126068
2.372602
1.728562
1.938315
1.610843
1.153237
1.533398
1.184938
1.991773
2.049491
2.018361
1.170081
1.615414
1.717522
1.049663
2.132143
2.184173
1.385740
2.390838
0.848576
1.877154
1.419567
1.265716
1.513050
1.762703
1.772550
1.640593
2.234965
2.427403
1.671132
1.589351
1.772740
1.765853
1.758589
1.656032
2.499082
1.589351
1.852894
2.210199
2.720549
2.265834
2.159292
2.627577
1.831132
2.544251
2.495957
2.079388
1.986365
1.995720
1.621828
1.465654
1.002021
1.408185
1.360639
1.240402
1.318793
2.032006
1.982366
1.804177
1.619413
1.532093
1.598442
1.808101
2.038852
2.096022
1.943041
1.562717
1.531270
0.692730
0.627945
0.811272
1.665936
1.581729
1.681506
1.853328
2.522135
1.823435
2.673964
2.868987
2.708167
2.645195
2.119004
1.857707
1.747779
2.258337
1.961599
1.674012
1.516275
1.571460
1.168711
1.628064
1.753200
1.518513
1.679303
2.258042
0.918171
1.940661
2.696408
2.552844
1.437807
1.502055
0.992183
0.869686
1.951770
2.296726
2.605829
2.604712
2.147074
2.023788
1.676570
1.487237
0.974544
1.215835
1.725799
1.777626
1.898669
1.903886
1.268881
1.976567
2.169157
1.998301
1.203724
1.168711
2.141267
2.070973
2.026606
1.904635
1.947427
0.956571
2.143340
2.403344
2.522598
0.783197
0.767151
1.484736
0.749070
1.800434
1.798782
1.674335
1.542855
1.476821
2.434813
2.260490
2.827780
2.591430
2.725381
2.169827
2.258080
2.800145
2.604712
2.607482
1.755746
1.801263
2.034972
1.477715
1.652379
1.449622
1.659214
1.226587
1.362558
1.102550
1.112839
1.067613
1.734467
1.044680
2.111814
0.917612
2.501116
1.986455
2.212250
1.543185
1.492857
1.264276
1.674595
2.204857
1.419008
1.719604
0.718818
1.415921
1.576423
1.667807
1.640108
1.540648
0.860912
1.966852
2.430926
2.499559
1.897961
2.074530
2.262216
2.528315
2.442487
2.311767
2.116344
2.153547
2.034462
1.949847
1.753254
1.635826
1.550574
1.454763
0.998552
1.427448
1.360639
2.088874
1.147368
1.457652
1.471937
1.604568
0.770995
2.090515
1.978097
0.663126
1.448566
0.625615
1.220136
1.372126
2.502666
0.555655
0.563181
1.857160
0.659633
0.718245
1.850616
0.767752
0.836297
1.053604
1.738261
1.445806
1.155879
2.364516
1.823153
1.889441
1.946858
1.923523
2.682867
2.484046
2.418032
2.729556
2.369358
2.536467
2.199822
2.173079
2.161349
2.221712
1.869109
1.979505
1.874421
1.584081
2.095214
2.163553
1.112375
2.152808
1.059694
2.059644
1.832010
1.844761
0.966697
1.037084
0.890180
1.990020
0.698543
2.288145
1.791707
1.448566
1.813909
1.647199
1.642112
1.772368
1.705768
1.739225
1.903074
1.501795
1.370567
2.463493
2.756842
2.169010
2.373852
2.852559
2.783726
2.816600
2.645914
1.846376
1.754154
1.804007
1.864237
2.422036
2.367825
1.869870
1.869870
1.774916
1.754020
1.307604
1.208814
1.221755
1.908288
1.849542
1.764421
2.150742
2.014696
1.747970
1.835654
1.910454
1.589201
1.833277
2.460355
0.693897
1.896736
1.917659
1.918978
2.368680
2.326250
1.944280
1.946647
1.784196
1.695801
2.554737
2.659762
2.305041
2.234578
2.284255
2.471861
2.205812
2.473534
2.011339
1.820289
1.671500
1.146067
1.173618
1.360450
1.301078
2.040809
1.890164
1.903886
2.109081
1.239919
1.133022
2.029030
0.785366
0.755834
1.829923
0.754593
2.007175
2.241772
0.851371
2.229887
2.150924
2.285926
2.126212
1.825525
1.553679
1.576570
1.914098
2.246739
1.723835
1.651539
0.763914
2.023506
2.042499
1.917659
0.757325
1.812600
2.364516
1.915119
2.008116
1.771016
2.057695
2.224483
2.161349
2.194056
1.918329
2.008506
1.838287
1.765154
1.688311
1.610566
1.547437
1.433540
1.854320
1.433540
1.378429
1.285988
1.966953
2.213994
2.275254
1.820900
0.679273
2.155781
2.041595
2.295205
1.929083
0.737666
1.778133
1.713532
1.785186
2.735476
2.829086
2.213088
2.435773
2.840365
2.298163
2.264885
2.520262
1.813719
2.422036
2.087235
2.155434
2.155901
1.962149
1.651281
1.618992
1.868588
1.318380
2.128877
2.092718
2.167936
2.213609
2.250932
1.185887
2.232635
1.877230
2.029411
1.933752
2.197301
1.999588
1.759405
1.630453
1.989698
2.067924
1.846917
2.039090
2.113505
2.142998
1.847303
2.116079
1.895314
1.704910
1.809437
1.046876
1.221136
1.327276
1.624416
1.563304
1.860705
2.089510
1.835597
2.620490
2.517061
2.561476
2.329544
2.703775
2.286359
2.286359
2.553750
2.164527
2.295250
1.882740
2.009247
1.897361
1.806783
1.390650
1.348505
2.028536
2.082810
2.117013
2.066473
2.167965
2.251935
2.120044
2.265635
2.240777
1.951852
1.834239
2.052847
2.109755
2.152493
2.185823
2.024521
1.566853
1.719498
1.676914
1.638791
1.989698
2.227512
1.701980
1.378297
1.233929
1.545520
2.577016
1.713843
1.712476
2.429174
2.359324
2.591382
2.405333
2.671780
2.140150
2.111569
2.102715
2.263454
2.032162
2.398264
2.342350
2.379683
2.462108
1.832780
1.866682
1.957339
2.011069
2.130199
1.961683
1.130499
2.239689
1.088026
2.216932
2.123680
2.098518
2.058769
1.920700
1.694783
2.115242
1.978848
2.179494
2.245101
2.173474
1.753416
1.700518
2.401220
2.452829
1.840699
1.928208
1.979059
2.223850
2.418555
2.619542
2.698790
2.704298
2.161499
2.245414
2.269417
2.367461
1.895406
2.456148
2.090445
1.882483
2.036823
1.853054
1.744566
1.816502
1.194133
1.402475
1.582029
1.184045
1.220768
2.021742
1.712311
1.186682
2.229632
2.314679
2.236189
2.086000
1.695927
0.896842
1.567662
1.728405
1.842640
1.969601
2.052938
2.023725
1.976153
1.893515
2.174967
2.171300
1.641040
1.467736
1.559242
1.771345
2.162157
2.133062
2.012006
1.910078
1.706200
1.551711
1.908941
2.081144
2.454969
2.305559
2.447016
2.591382
2.044214
2.271383
2.043276
2.215232
2.372059
2.216911
2.255404
1.825932
2.202611
2.508483
2.337252
2.123633
1.758529
1.932412
1.820274
1.838129
1.920463
1.670548
1.895676
2.092375
2.207221
1.506236
2.138982
2.143064
1.908655
1.809395
2.028483
1.393074
1.494923
0.801426
1.500090
2.039797
2.107732
2.157590
2.214323
1.901970
1.563674
1.870589
1.857080
1.303804
1.348183
1.706629
2.155772
1.398754
1.761881
1.984686
2.060594
1.952941
2.440091
2.202958
1.878254
1.883895
2.471112
2.327296
1.797805
1.306213
1.122314
1.185386
1.575585
1.225449
1.904922
1.242864
1.248644
1.926910
2.176903
1.751005
2.201071
2.077354
2.252058
1.905603
2.000069
1.914609
1.909639
1.632900
1.859359
2.062743
0.977763
0.924906
1.442203
1.919643
1.817754
1.603728
1.490357
1.637024
2.173586
2.202755
1.653446
1.885266
2.022089
2.163464
2.089099
1.886868
2.194717
0.982287
1.775709
1.668133
1.502775
1.785405
1.816145
2.448296
2.213755
2.686232
2.511389
2.226413
2.344234
2.049858
1.875032
2.560878
2.443054
1.927610
2.100376
1.740533
1.681664
1.278211
1.889942
1.309136
2.034001
1.903291
2.039152
1.332318
1.236803
1.933959
2.183560
1.437710
1.437710
1.671233
1.721265
1.676489
1.961246
1.701293
2.120310
2.152493
2.120310
2.079038
1.775125
1.468241
1.621944
1.702182
2.062530
1.798563
1.714042
1.973755
1.692362
1.215980
1.968025
2.220318
2.178223
1.970697
1.676484
2.183481
1.684026
2.080919
2.208095
2.021199
1.599975
2.160014
1.861098
1.682267
1.713351
2.191922
1.924238
2.059603
1.959832
2.285007
2.374372
1.931498
2.024719
2.005435
2.439459
2.381366
1.994641
2.055525
1.612320
1.624019
1.108458
1.416675
1.587320
1.702279
1.819455
1.937360
1.668296
1.636818
1.877365
1.628809
0.853586
1.702835
1.819546
1.891833
2.162361
1.802773
1.035146
0.932589
1.975654
2.422321
2.093198
2.099263
1.811334
1.780734
2.123069
2.453526
2.230431
2.027827
1.609817
1.609817
1.807959
1.777050
2.242699
2.175818
2.576197
2.054224
2.678486
2.267571
2.266460
2.547978
2.468541
2.464243
1.789419
2.133892
2.274645
2.386828
2.199443
2.130939
2.229642
2.458444
1.928327
2.550155
1.899045
2.062972
1.162907
1.247411
1.259907
1.164724
1.231287
1.286071
2.213485
1.844900
1.221344
1.818924
1.261629
2.090900
1.946981
2.137004
2.112208
2.720958
1.561269
1.812979
1.735641
2.093254
2.214323
1.163477
2.113148
2.841713
2.389734
2.064100
2.095681
1.587974
2.320621
1.514758
1.628526
2.394639
1.865389
1.982650
2.562240
2.582992
1.897087
2.161862
2.482832
2.476532
2.464242
2.426953
2.517220
2.035508
2.018735
1.949515
1.935794
1.924482
2.079395
2.625021
2.248627
2.037523
2.254744
2.263989
2.086595
2.087432
1.684029
1.789297
1.803903
1.081450
1.227398
1.383045
1.260444
1.303236
1.858173
1.972124
1.974366
1.397909
1.350311
1.994375
1.738070
1.856805
1.635500
1.980714
1.499851
1.499851
2.035885
1.761133
0.701927
1.448903
1.489205
2.065225
2.050440
2.091635
1.047881
1.120301
1.241501
1.383095
1.630647
1.619916
1.472566
2.566170
2.228349
2.375701
1.316201
1.920235
1.105515
2.474741
2.697894
2.373644
2.238228
2.108030
2.381913
1.970896
2.034683
2.163610
2.086043
2.164206
2.042626
2.173439
1.537966
1.612961
1.851050
2.050228
2.026584
1.757808
1.955818
1.599520
1.718054
1.298483
1.843665
1.920215
1.974181
1.669590
1.778555
1.948806
1.351108
1.344750
2.096071
1.863122
1.960392
1.862374
2.017157
2.102618
2.112208
1.817860
2.301456
1.615300
2.256775
1.268871
2.753509
2.082452
1.841150
0.827410
2.320621
2.331287
1.085699
1.966775
2.145897
1.542473
1.357847
1.721809
1.846205
2.625243
2.560201
2.468718
1.875094
1.766273
2.211047
2.147020
2.482832
2.395782
2.474359
2.037721
2.118699
2.603015
2.360677
2.129224
2.480264
1.648304
2.087919
1.425972
1.758224
1.297850
1.362047
1.406743
2.274079
1.934327
1.620113
1.914879
2.033012
1.815434
1.835505
2.013681
2.587271
2.388444
2.198225
1.450590
1.541552
2.035442
2.231749
2.710694
2.288922
0.790816
0.683299
1.352371
1.780513
1.309774
2.372366
2.500302
1.998849
1.807324
1.816267
1.700323
2.672176
2.198625
2.491932
1.940144
2.105806
1.927011
1.944773
1.951842
1.896953
2.056114
2.038362
2.459751
2.044617
1.763221
2.471162
2.670902
1.833804
1.745660
2.025484
1.409992
1.828713
1.927331
1.509857
1.751855
1.260310
2.357220
2.041526
1.550357
0.801959
1.879446
1.170193
1.098250
1.418579
2.089187
2.030300
2.141890
1.841278
2.074286
1.889991
1.614859
2.268232
2.497985
2.258650
2.388657
2.869266
2.147026
2.040227
2.055525
2.443547
1.452768
1.587851
1.625386
2.628086
1.665190
1.875094
1.994142
2.123375
2.346530
2.207299
1.925451
2.310545
1.632800
2.263989
1.950810
1.721339
1.357413
1.237310
1.402909
1.887640
1.360276
1.527801
1.766350
2.125587
1.427793
1.344760
1.852219
2.225599
2.012242
1.832801
1.382818
1.251621
1.783031
1.716909
1.728103
1.761570
2.487760
2.811316
2.283463
2.655884
1.524427
1.523668
2.409828
1.107390
1.019257
0.872543
2.957953
0.788081
2.497084
2.334459
2.309294
2.375701
2.142461
2.324909
2.558101
1.961730
1.104876
1.700871
1.554379
1.658193
2.744802
2.020024
2.202719
1.729477
1.992797
2.072535
1.998314
2.112177
2.178667
2.107085
2.130362
2.130362
1.829269
1.678134
2.235260
2.251285
1.657326
1.678506
1.566668
1.670895
1.689505
1.398445
1.171481
1.878426
1.885780
1.930700
1.539080
1.647480
2.076116
1.794380
2.246685
1.338468
1.224633
2.231395
2.266989
1.021519
1.006682
1.210832
2.262783
1.835765
1.856890
1.795641
1.807974
1.502510
2.001234
1.844284
1.888129
2.023001
2.008531
1.667356
2.613760
2.124195
2.376220
2.411875
2.273366
2.472646
1.912477
2.373743
2.321451
2.316704
0.807654
0.961872
0.966096
0.949625
2.576983
2.403222
1.267095
1.481788
2.092247
1.894177
2.688336
2.255453
2.538328
2.477099
2.096533
1.931677
1.501542
1.634105
2.191461
1.197326
1.246240
1.265461
1.512561
1.679184
1.074553
1.132851
1.910344
1.743507
1.630514
1.958409
2.316201
1.762214
1.872855
1.903059
2.164608
2.455795
2.557266
2.161143
2.869624
1.417517
2.318772
2.710525
2.728955
2.733206
2.357302
1.544915
1.731905
2.529168
2.486769
2.536446
2.581478
2.611546
1.911572
1.872622
1.999080
2.088526
1.981974
2.211860
2.025831
2.032464
1.728216
1.667209
1.379216
1.466401
1.633452
1.651715
2.073337
1.688307
2.211978
1.846923
1.668321
1.678856
1.689001
1.828254
2.114177
1.743107
1.751780
1.978204
2.219972
2.597332
1.632520
1.451263
1.973099
2.514390
0.969595
2.118603
2.588194
1.239704
2.239441
2.229518
2.107121
2.653413
2.670521
2.582419
2.586002
2.347383
1.734103
1.734579
1.774224
2.114399
2.401846
2.415579
2.018910
2.167015
1.741845
1.423207
1.083143
1.904389
1.758224
1.301632
2.102623
2.284605
1.783751
1.993090
1.728327
1.029707
1.593136
0.925464
0.714071
1.758476
1.879764
1.918308
1.761743
1.703492
1.986373
2.420356
2.591217
2.457351
1.855815
1.225662
2.689951
2.264946
2.116975
2.048800
2.302956
2.421544
1.610259
1.502335
2.496126
2.520819
2.425578
2.079224
1.840376
1.969917
1.820896
1.954976
2.393888
2.422249
2.537694
1.318797
1.203470
1.168221
1.747742
1.663007
1.722405
1.638265
1.766778
1.863887
1.514845
1.357356
0.932084
0.824331
1.644737
1.738188
1.899846
1.669732
1.800444
1.827162
2.880216
2.689939
2.740462
2.152114
1.518661
1.692864
2.648770
1.975340
0.908969
1.695284
2.643709
2.798578
1.163652
2.237306
1.440545
1.481788
1.699547
2.352460
1.821413
1.710777
2.036449
1.955069
2.368317
2.057276
1.816319
2.229140
1.818366
1.709330
1.455093
1.770244
1.200968
2.228828
1.924989
1.930481
1.657604
0.759973
1.818415
1.418579
1.915760
2.646598
2.103880
1.550083
1.497121
1.646139
1.531025
1.520984
1.644695
2.098841
0.973320
1.890638
2.607473
2.586443
0.967679
0.888851
2.446812
1.611474
1.481606
2.278501
2.515356
2.420381
2.492855
2.175761
2.097221
2.036956
2.383202
1.234357
1.137253
1.479968
1.181458
1.641906
1.666309
1.350763
1.763627
1.437200
1.499788
2.030245
1.696889
1.560616
1.441036
1.380901
1.611906
1.749519
1.899846
1.418579
1.817057
1.690968
2.285720
1.931677
2.877503
2.320790
2.194751
1.322990
1.768233
2.092584
2.137191
2.678879
2.653413
2.428855
1.346485
1.595139
1.579806
1.651815
1.732213
1.719940
1.777689
1.919253
2.423408
2.258776
2.347655
1.996598
1.812056
2.235293
1.843176
1.265996
1.821286
1.463023
1.340537
1.638360
1.663422
1.461203
1.379997
1.718449
1.242104
1.690664
1.712128
1.837203
1.826729
2.156377
1.446171
1.568088
1.738526
2.484464
2.485762
2.596896
3.267562
2.125336
2.098366
1.700210
1.207149
1.140230
1.918327
1.874265
1.903940
2.155926
1.961148
2.368317
2.333255
2.176004
1.722502
1.971701
2.095129
1.306916
1.587608
1.767914
1.686294
1.529153
1.529622
1.939570
1.438820
1.642347
1.420525
1.813089
1.555864
1.430213
1.580072
1.710910
1.898469
1.620879
1.714347
1.793732
1.589806
2.179596
2.065964
3.244343
2.105366
2.597692
1.892062
2.487859
2.208596
2.334752
1.361272
1.885391
2.310469
2.292733
2.459620
2.157400
2.467737
2.176268
1.723575
1.705115
1.864916
1.479403
1.639326
1.902804
1.541811
1.278485
1.268094
1.211318
1.302904
1.553989
1.599226
2.145483
1.450505
1.419173
1.895781
2.457153
1.418496
2.815794
2.880216
1.856244
2.584622
1.930639
2.054524
2.136148
2.685133
2.217181
1.394051
2.472148
1.529523
1.455515
1.320428
2.169874
1.923388
2.310378
1.772110
1.709313
2.418136
2.442249
1.901470
2.020226
2.245607
1.821335
2.058944
1.804265
2.015610
1.868491
2.091749
1.727637
1.452511
1.541625
1.413619
1.399674
1.096487
1.205518
1.555521
1.340934
1.460024
1.625927
1.437940
1.847369
2.187288
2.123320
1.598811
0.853129
1.639794
1.557760
1.773554
1.780178
1.941779
1.998094
2.875321
2.383605
2.757235
2.975833
3.516830
3.150192
2.352620
2.112818
1.642088
0.880214
0.869388
2.475729
2.529063
1.507176
2.728593
2.307364
2.284271
2.292659
2.258224
2.058854
1.590136
1.542872
2.053767
2.001382
2.003982
1.649622
2.307157
1.791245
1.603807
2.022449
1.881858
2.176436
2.115692
1.743937
1.940998
2.070839
1.532588
1.355414
1.553179
1.557515
1.461686
1.504542
1.496468
1.030583
1.773554
1.612939
1.650524
1.646097
1.626702
1.706623
1.623174
2.415782
1.561325
1.935604
1.796890
2.090962
2.449712
2.833306
2.622548
1.422795
1.005458
1.481930
1.405277
1.515161
2.394664
2.558203
2.041632
2.174819
1.483330
1.951593
2.132385
1.944990
1.640477
2.062808
1.132356
1.103947
1.258492
1.272573
1.413254
1.626332
1.577757
1.469197
1.921093
2.026329
1.869702
1.425065
1.447557
1.453242
1.486528
1.226559
1.306103
1.543949
1.681740
1.568920
1.586386
1.698792
1.921162
1.907604
2.041352
2.593961
1.509627
2.976647
2.339731
1.651463
1.106702
1.184885
2.335056
2.557082
2.063693
2.207118
1.451107
1.859511
1.562589
2.062788
2.263369
2.043619
1.207153
1.364126
1.453702
1.236090
1.278682
1.165399
1.530940
1.521059
1.407573
1.515414
1.674118
1.714248
1.416905
1.441625
1.852222
1.453242
1.517074
1.369212
1.956844
1.570014
1.196881
0.883609
1.928694
1.687970
1.706623
2.017885
1.882152
1.879688
2.614097
2.204733
2.085916
2.202471
3.118809
2.876751
2.721847
1.604143
1.927781
2.330229
2.762269
2.279962
1.860806
1.733382
2.239685
1.168431
2.671797
2.663244
2.003328
1.823034
2.232536
1.802890
2.060911
1.441005
1.457719
1.802413
1.840309
1.458317
1.887459
1.822057
1.673484
2.291696
1.961694
1.737158
1.928640
1.607620
1.166262
1.567074
1.556798
1.842129
2.081951
1.387926
1.443070
1.372838
1.471080
1.568973
1.428280
1.540518
1.468122
1.533201
1.535540
2.083275
1.920615
1.972572
1.797654
2.413640
2.060568
3.428251
3.481441
1.579845
3.094904
2.591877
2.555324
2.511800
2.418202
0.948449
0.962404
2.539443
2.418898
2.655789
1.375784
1.313761
1.823034
2.323702
2.510102
1.931326
1.604698
1.662026
1.858304
2.196090
2.018624
1.726486
1.618527
1.301731
1.148713
1.025962
1.178448
1.180662
1.132988
1.124148
1.212402
1.795455
1.689543
1.771651
1.634628
1.451072
1.707458
1.586326
1.888169
1.465761
1.763939
1.519413
1.490141
2.201227
2.057001
2.415782
2.464222
2.151902
3.301345
2.257076
2.160985
1.041302
2.566785
2.615865
2.432628
1.918330
2.205463
2.192903
1.011628
2.650618
2.528725
2.587311
2.634999
2.676627
1.794154
1.498683
2.032402
1.957532
1.502547
1.485205
1.799387
1.855935
2.145789
1.805293
1.256691
1.178620
1.163290
1.374320
1.596854
1.634491
1.578281
1.782624
1.694043
1.668991
1.651693
1.436503
1.624229
1.758197
1.037231
1.840366
1.598301
1.453480
1.555720
2.355076
2.216175
2.385520
3.127275
2.634686
2.905606
3.050617
2.952842
2.814054
2.685750
2.613523
1.664333
2.644213
1.264208
1.097210
1.143481
2.512978
1.882957
2.329442
2.406090
2.191436
2.433424
1.373256
1.374462
1.499141
2.025702
2.069113
1.922778
1.738780
1.698655
1.199475
1.482120
1.493364
1.413723
1.705014
1.845215
1.506954
0.877845
1.042507
0.862589
0.799814
1.649397
2.530081
2.280593
1.817037
2.023545
2.802731
1.893558
3.093919
2.873429
2.342432
1.895421
2.842577
2.915065
2.709000
2.743774
2.206835
2.569822
1.165756
2.577516
2.295987
1.459024
2.606316
1.482818
2.072297
2.099393
2.394148
1.823957
2.112165
2.245800
2.400288
2.373533
2.195385
2.073248
1.900210
1.442701
1.807925
1.260945
1.261699
1.694043
1.476353
1.438744
1.759262
1.429370
1.825305
1.615672
1.854899
1.394517
1.660872
2.134210
2.054504
1.779721
1.738827
1.697973
2.348774
2.307214
2.357517
1.814037
2.520080
2.540440
2.543184
2.458630
1.853606
2.304365
1.912073
1.079268
1.184561
2.221042
2.201895
2.191436
2.350311
2.016136
2.284897
2.032552
1.790578
1.940029
1.637644
1.900728
1.715393
1.614513
1.466814
1.630960
1.718861
1.550117
1.367133
1.456052
1.483865
1.769418
1.843615
1.440313
1.363912
1.243216
1.375743
1.600523
1.485393
1.361547
1.697744
2.058570
1.759855
2.231831
3.147397
2.079240
2.062161
2.323899
0.865015
0.682997
2.413596
2.365750
2.131348
1.400176
1.332949
1.358459
1.371429
1.374285
1.847613
2.372560
2.403997
1.399802
1.757134
2.062745
1.932850
1.998082
2.050354
1.712655
1.512773
1.490010
1.517375
1.287808
1.203423
1.176054
1.490157
1.306792
1.454701
1.611241
1.757478
1.710026
1.724167
1.610030
1.843421
1.834514
1.781501
1.451072
1.691367
1.718313
1.329277
1.678851
1.938447
1.407945
0.825776
1.339870
1.372059
1.375793
3.584452
2.246006
2.025572
2.073894
2.668466
2.356544
2.824575
2.072141
2.249705
1.316376
2.342968
2.497163
1.211503
2.500760
1.091272
1.431682
1.351517
2.337979
2.427609
2.404831
2.285053
2.156811
1.913556
2.020050
1.444188
1.372385
2.400288
2.106785
1.956408
1.815396
1.527515
1.505813
1.458010
1.628363
1.568633
1.462411
1.397740
1.369897
1.385477
2.045740
2.560520
2.226743
2.372686
2.914468
3.473862
2.893414
1.943685
2.128842
2.476673
2.172819
2.475317
2.535019
1.873416
0.559248
0.682303
1.045676
2.446941
1.111259
2.463809
2.518704
1.143050
2.116883
1.393273
1.381922
2.396044
1.758414
1.351233
2.241169
1.796810
2.229313
1.463075
1.665346
1.583818
1.282797
1.530923
1.775076
1.685964
1.536445
1.566176
1.500443
1.710425
1.432985
1.348276
1.631981
1.767897
1.845215
1.146664
1.453444
1.057884
1.643300
1.505355
1.061464
0.834065
0.881492
1.315375
2.568267
1.697744
2.993907
3.221622
2.728763
2.833404
3.512810
2.533019
1.985771
2.545588
2.056187
2.197718
1.938383
0.674126
0.797814
1.925495
1.328046
2.429270
1.111259
2.388518
1.113561
1.277655
1.218720
1.752921
1.984564
1.314201
1.873258
1.243144
2.476670
2.387608
1.244835
1.419095
2.029897
1.383534
1.492674
1.609322
1.527690
1.421217
1.412442
1.164726
1.359561
1.525958
1.644694
1.517939
1.641254
1.686355
1.450917
1.842129
1.852040
1.767972
1.378529
1.211595
1.201548
0.913593
2.177184
3.517719
3.489847
2.774311
2.202217
3.288091
2.553151
1.896704
2.370275
2.343312
2.160647
2.273676
1.292719
1.727598
2.282663
1.301898
2.070784
1.894559
1.228694
1.757134
1.984108
2.051612
1.425158
1.920608
1.628698
1.669660
1.461583
1.673098
1.157612
1.510734
1.433179
1.757425
1.673596
1.374955
1.283229
1.445430
1.517481
1.531448
1.176585
1.727776
1.403470
1.546524
1.925481
1.994997
2.296754
1.866957
1.751856
2.119988
1.985965
2.772729
1.747640
2.031042
2.455423
2.756848
1.759485
1.878466
1.261732
2.249935
2.324880
2.251588
1.355605
2.013042
1.722936
1.306888
1.586181
1.728168
1.664765
1.405847
1.424919
2.566538
1.790969
1.697744
1.795739
2.539423
3.333891
2.423295
2.475092
2.284094
2.406103
3.459947
1.793418
2.492699
1.917559
2.337734
1.809918
1.252430
1.186273
1.408993
1.324568
2.471467
2.174396
2.336648
2.261658
2.476718
1.983495
2.011769
1.303439
1.929776
1.404948
1.570527
1.674814
1.583772
1.610650
1.651517
1.593856
1.414568
1.336197
1.353461
1.494073
1.360002
1.302284
1.735141
1.759838
1.498310
2.237587
2.466664
1.715862
2.604910
2.380380
2.327929
2.297201
2.158811
2.645908
0.581921
1.020145
1.714101
1.072714
1.209587
1.170596
1.242058
2.387238
2.426886
2.332103
1.364255
1.370842
1.370225
1.639338
1.865227
1.182343
1.364514
1.348133
1.609682
1.483953
1.365455
1.678175
1.718247
1.669683
1.786841
1.561222
1.706719
1.518110
1.525901
1.447352
1.918008
1.304138
1.485897
1.187772
1.320429
1.800501
1.501657
1.560782
1.601607
1.704345
0.804933
2.132281
1.794617
2.449733
2.462034
2.790593
3.511390
3.167023
2.491492
3.096385
2.231738
2.032313
1.252253
1.252253
1.390959
2.075077
2.436209
2.432600
2.017842
1.678262
1.685663
1.815700
1.846025
1.613972
1.919736
1.921648
1.694903
1.700119
1.536281
1.566010
1.190653
1.256724
1.149620
1.490162
1.734822
1.720379
1.421554
1.913804
1.559900
1.283229
1.630249
1.148135
1.508446
1.676235
1.036963
1.851983
1.929003
0.534110
2.339118
1.800618
2.178425
1.937479
1.759400
1.983162
2.470853
2.906544
2.266572
1.823900
1.965181
2.575005
1.950811
2.300440
1.781390
0.767073
1.163323
1.838986
1.197838
1.241523
2.045104
1.587684
1.718247
1.539838
1.632996
1.428337
1.338155
1.246154
1.494704
1.752377
1.329547
1.571586
1.407400
1.773489
1.280391
1.602864
1.758496
1.992602
2.231842
2.535291
2.221176
2.914726
3.149245
3.103487
1.980239
2.407920
2.306463
2.305441
2.258090
2.348545
1.342906
1.330433
1.142991
1.350414
1.960712
1.614589
1.387315
1.919287
1.914576
1.535213
1.661705
1.614027
1.632700
1.668295
1.064239
1.183098
1.225084
1.361850
1.267905
1.389928
1.820689
1.830801
1.783422
1.756588
1.662726
1.273581
1.604943
1.563159
1.409182
0.814105
0.921568
1.907299
1.934412
2.395171
2.008746
3.155348
2.784280
2.284791
3.337771
3.196768
2.753213
2.205304
2.625510
2.491436
2.300067
1.955942
2.815115
2.504775
1.698620
1.760406
1.960402
1.227945
1.417668
2.302770
2.044330
1.850974
1.653977
1.916596
1.445049
1.462525
1.747135
1.173848
1.217997
1.473330
1.495595
1.610289
1.517948
1.401863
1.422721
1.872343
1.837819
1.967094
1.831145
1.774301
1.381195
1.720450
0.946786
1.595814
1.905457
2.345431
2.813183
3.166160
2.466014
2.195667
2.219518
1.901460
2.386524
1.639257
1.792517
1.378808
2.162322
1.447328
1.678246
1.346817
1.929218
1.810993
1.580440
1.709216
1.692322
1.123646
1.301240
1.380734
1.254177
1.291107
1.317042
1.649071
1.835246
1.387002
1.534672
1.213667
1.508181
1.423797
1.467035
1.988539
0.831514
1.988539
2.043920
1.829693
2.071336
2.223059
2.158091
2.372653
2.459145
2.600824
3.151262
2.980197
3.091332
2.695469
2.678145
2.972047
1.911115
1.787503
2.487246
2.489074
2.406101
2.273781
1.631258
1.160283
0.968479
1.242528
1.344543
1.354574
1.324740
1.899884
2.131066
1.774998
1.262959
1.258345
1.447328
1.461288
1.291789
1.953990
2.023770
1.503316
1.569106
1.345751
1.840694
1.830923
1.829674
1.550834
1.358716
1.430252
1.525019
2.132911
1.776670
2.120518
2.018205
2.351429
2.320682
2.132355
1.901143
2.015171
1.988056
2.730747
2.689664
2.502858
1.758109
2.292921
1.871587
1.660421
1.319904
1.265888
1.263560
1.195146
2.291766
1.522784
1.903342
1.672348
2.115609
2.121734
2.245353
2.283010
2.011941
2.151829
1.493948
1.493795
1.602242
1.526713
1.643077
1.698048
1.624997
1.071085
1.358880
1.504699
1.737986
1.575538
1.720450
1.491334
2.009380
0.650688
2.109093
2.270248
2.189482
2.613470
2.508217
2.892729
2.247686
2.159640
2.883795
2.674671
1.178515
1.319573
2.329218
1.617245
1.727049
1.758458
1.391219
1.334880
1.463187
1.742547
2.023770
1.570333
1.706843
1.752648
1.609633
1.242278
1.232993
1.297064
1.415591
1.388845
1.849682
1.797143
1.744076
1.617686
1.741731
1.341403
1.520405
1.589315
1.588030
0.942073
1.593047
1.954551
0.667879
2.123160
1.950305
0.707182
2.188417
2.157283
2.215859
2.753021
2.533206
0.609245
2.765089
2.990612
2.609768
3.056929
3.103689
3.239569
1.910512
2.035163
2.053136
2.798295
2.148973
2.140144
2.871379
2.524289
1.928424
1.704308
2.090382
1.609269
1.640134
1.304204
1.934088
1.790191
1.734491
1.301029
1.907411
1.455606
1.483284
2.151829
2.109696
1.559953
1.486367
1.674044
1.841336
1.530103
1.285483
1.801393
1.656547
1.710068
1.601575
1.675451
1.661574
1.668070
1.641725
1.659414
1.331219
1.731743
1.245097
1.244426
1.953571
1.973972
1.954615
2.059012
2.244421
2.293907
0.602910
2.330339
2.632568
2.041798
2.852129
2.966404
2.540314
2.518504
1.737532
1.161562
1.254375
2.149165
1.263672
1.393079
1.455126
1.675169
1.557624
1.226983
1.164669
1.255302
1.801393
1.726304
1.845085
1.723532
1.717993
1.634768
1.244426
1.315089
1.984100
1.954730
2.087767
1.991645
0.864193
1.982360
2.227118
2.427043
2.397538
2.655437
2.398156
2.145266
2.222147
2.939930
3.010885
2.731054
2.851597
2.185085
2.457585
1.087158
1.237567
0.718435
0.612813
1.679336
1.321379
2.265291
1.462181
1.419971
1.473173
1.785764
1.692509
1.495010
1.613264
1.304001
1.718714
1.866108
1.744148
1.640546
1.679728
1.424616
1.435134
1.682916
1.500972
1.696506
1.909383
1.714371
2.073326
1.860290
2.203608
2.404992
2.462494
2.736614
2.784933
2.595987
2.437184
2.780112
2.159640
2.364856
2.375266
1.919229
2.617634
1.394723
2.264269
1.937548
1.516608
1.424495
1.492490
1.469174
1.419971
1.318089
1.335129
1.381231
1.616886
1.844678
1.671658
1.579900
1.365289
1.298235
1.354907
1.565728
1.622362
1.564044
1.577811
1.608319
1.665662
1.618116
1.213917
1.070861
1.854964
1.831823
2.146420
2.309869
2.450120
2.339467
0.735159
2.860204
2.427016
2.139884
2.351915
2.710456
0.575253
2.559002
2.655967
2.834807
0.584630
2.669679
1.112967
1.565940
1.463941
0.682206
0.844670
1.477223
1.347412
1.451592
1.257975
1.571239
1.872531
1.642595
1.586334
1.566016
1.962443
1.441151
1.477138
1.565124
1.499824
0.963977
1.114784
1.054808
1.382565
1.336109
1.352044
1.275542
1.826391
1.594578
1.699585
1.521718
1.669572
1.726140
1.748924
1.811530
1.763977
1.752738
1.731775
1.635232
0.952343
1.798311
1.691942
2.080264
2.020815
2.354326
0.641291
0.769582
0.726446
2.463269
2.057772
0.848371
1.158696
1.202956
1.280040
1.591237
1.914645
1.496455
1.423483
1.491601
1.472725
1.589989
1.527416
1.466129
1.474795
1.392711
1.308730
1.482044
1.265295
1.402017
1.309523
1.560189
1.537976
1.517219
1.394710
1.455352
1.618134
1.453916
1.727506
1.385560
1.265347
2.000964
2.284280
2.309869
2.350370
2.632492
0.927255
0.778175
2.575928
2.284905
0.611934
2.540806
2.254352
1.826876
1.046058
0.904212
2.822996
2.417202
0.910799
1.175394
1.220342
1.323469
0.997204
1.317076
2.076781
1.471397
1.571521
1.421690
1.473186
1.347188
1.909206
2.037626
1.811880
1.594638
1.611583
1.440286
1.328983
1.659767
1.743330
1.555869
1.504215
1.565508
1.575672
1.688780
1.774690
1.688138
1.693104
1.767004
2.002607
1.698414
0.839948
2.242296
2.410213
2.378672
2.356153
2.365193
2.361382
0.889155
2.014774
2.180195
0.912191
0.992612
0.663947
0.754192
2.260768
1.045630
2.616962
2.688887
2.138446
1.013095
1.045948
1.189657
1.144762
1.264032
1.203631
1.377976
1.355524
1.321592
1.463804
1.904671
1.917884
1.538226
1.898355
1.376780
1.657979
1.503500
1.462784
1.329863
1.404801
1.389177
1.549845
1.641728
1.350767
1.483851
1.444857
1.060200
1.164185
1.490953
1.529456
1.255485
1.486897
1.677688
1.698474
1.626513
1.444638
1.637146
1.851470
2.021799
2.184981
0.906742
2.313131
0.774821
3.018507
2.821653
2.519852
2.050186
2.780294
1.035134
1.975961
1.967929
1.608390
1.207601
1.257719
1.275750
1.441475
1.544625
1.532762
1.566261
1.365918
1.615571
1.669013
1.773843
1.676968
2.014328
1.420141
2.288188
2.180151
2.340696
0.926950
2.668526
1.104597
2.232737
1.182704
2.626110
2.518565
2.515462
2.336538
2.448373
2.124857
1.156107
1.504270
1.838724
1.741787
1.560830
1.621722
1.481857
1.377157
1.421241
1.410681
1.369689
1.444065
1.470525
1.590923
1.363877
1.226718
1.255139
1.529244
1.161854
0.977097
1.399503
1.451145
1.244509
1.692034
1.800218
1.452874
1.623356
1.408980
1.109794
1.242144
2.279999
2.619750
2.191549
1.074009
1.252977
2.415496
1.206508
2.336547
2.566479
1.708074
1.505307
1.234348
1.184548
1.339513
1.297954
1.506894
1.560068
1.462544
1.924328
1.520093
1.490602
1.452700
1.498139
1.532985
1.390333
1.481727
1.625394
1.248491
1.567918
1.691902
1.527354
1.414678
1.421148
1.162712
1.052274
1.215646
1.462220
1.710417
1.405685
1.604226
1.527050
1.543469
1.499304
1.811320
1.629248
2.111685
2.202170
1.942065
2.075868
1.527954
1.204046
1.183546
1.194302
1.517196
1.514914
1.816181
1.550087
1.809733
1.668415
1.776430
1.392800
1.546348
1.583549
1.552469
1.037225
1.610016
1.505888
1.402081
1.525102
1.400325
1.455694
1.537663
1.623356
1.511805
1.807790
2.040587
1.964542
1.810751
1.913158
1.760777
1.302830
1.177968
1.300271
1.182351
1.095898
2.191779
0.840892
0.965378
1.003103
1.208162
1.244165
1.185229
2.090479
1.137968
2.666632
2.137078
1.889363
1.610658
1.198176
1.146361
1.374336
1.465896
1.504270
1.201774
1.773485
1.777854
1.686896
1.581289
1.646182
1.424048
1.578973
1.845485
1.535364
2.005893
2.153450
2.178994
2.349098
2.508966
2.488996
2.640191
2.695053
1.201556
1.176140
1.268459
2.168286
1.251204
2.494833
1.670006
1.257855
1.207856
1.396122
1.782925
1.842124
1.963460
1.842039
1.751620
1.896800
1.448356
1.436955
1.370352
1.454308
1.506727
1.486168
1.513532
1.387128
1.618333
1.383520
1.339616
1.327633
1.011742
1.099678
2.455320
2.312986
2.614964
1.832598
1.228870
1.359650
1.701278
1.507416
1.535968
1.437740
1.881719
1.404785
1.378223
1.852284
1.412269
1.420533
1.681511
1.549845
1.449790
1.436422
1.348952
1.316107
1.380664
1.086631
1.465951
1.612634
1.354667
1.377061
1.411124
1.615392
1.429288
1.501565
2.080948
2.131739
2.322380
2.204094
2.296618
2.218061
1.517130
2.251168
2.268516
1.874527
2.127719
1.719900
1.310751
1.970010
1.934728
1.773200
1.492737
1.724187
1.700429
1.490934
1.403470
1.497969
1.692997
1.655571
1.644639
1.464269
1.516837
1.707996
1.032201
1.096145
1.231312
1.008223
1.402671
1.453364
1.418114
1.523447
1.421665
2.073653
2.169735
2.177852
2.182536
1.394119
1.579676
2.405542
1.452401
1.363392
1.263430
1.386840
1.257726
1.812737
1.750244
1.667580
1.805744
1.629912
1.809134
1.668168
1.865250
1.512718
1.491640
1.208391
1.217179
1.676304
1.731776
1.450139
1.963760
1.993267
2.116574
2.162714
2.030911
1.452401
2.001691
2.088673
2.376083
1.301486
2.197777
2.217335
2.315149
1.260103
1.321566
1.771157
1.832741
1.633960
1.772777
1.500500
1.574192
1.849827
1.805744
1.639156
1.473157
1.540701
1.499268
1.457969
1.334370
1.525261
1.683183
1.665185
1.678462
1.677757
1.766801
1.694407
1.624528
1.634990
1.736939
1.006066
1.987047
1.094673
1.372365
1.525869
1.599855
1.544262
1.544262
1.332722
1.577922
2.035363
2.333713
2.125542
2.035983
1.765448
1.608845
2.029303
1.377211
1.912266
1.783641
1.471348
1.484509
1.499269
1.477678
1.688115
0.921505
1.106135
1.411190
1.618864
1.495315
2.100329
2.253992
2.258003
1.049572
1.566654
1.646333
2.450966
2.144544
2.213398
2.146152
1.658555
1.442001
1.335787
1.327436
1.830006
1.504766
1.238992
1.726160
1.562111
1.385904
1.819338
1.854574
1.428535
1.421459
1.590294
1.474980
1.553073
1.496157
1.381167
1.183200
1.490795
1.542673
1.698835
1.712293
1.798883
1.690379
1.917885
2.028301
2.208579
2.050496
1.068923
1.952491
1.674653
1.626138
1.905968
2.432866
1.594853
2.191141
2.201927
1.779477
1.477871
1.862226
1.704320
1.750218
1.664099
1.667580
1.807081
1.479978
1.501725
1.090421
0.986336
1.277043
1.602535
1.939330
2.042364
1.558994
1.546611
2.178439
1.664625
1.916086
1.862326
1.404293
1.896652
2.135800
1.686518
1.575104
1.318535
1.399312
1.371828
1.403234
1.705790
1.788491
1.569067
1.408765
1.499420
1.791167
1.872535
1.383005
1.605408
1.744597
1.419355
1.644392
1.427963
1.704073
1.372643
1.331511
1.578526
1.736824
1.887223
1.657447
1.119411
1.709363
1.683792
1.437661
1.674653
1.758379
2.226191
1.638936
1.660164
1.564618
1.923212
2.100427
1.715572
2.050986
1.863868
1.675941
1.784070
1.688879
1.879760
1.629514
1.824737
1.702402
1.767380
1.835161
1.551198
1.445961
1.414332
1.604575
1.635136
1.181526
1.123981
1.568780
1.665343
1.778505
1.654368
1.789735
1.956313
1.180851
1.801178
1.967551
1.743141
1.769186
2.254569
2.255780
1.833414
2.249936
2.255012
2.244229
1.396859
2.180641
1.855134
1.501649
1.411399
1.351465
1.655259
1.401622
1.887578
1.831025
1.550085
1.730925
1.010368
1.004944
0.971281
1.090631
1.520081
1.470434
1.464552
1.524893
1.513201
1.320504
2.077482
2.051716
2.250314
1.603006
1.243677
1.134965
1.530189
1.791455
1.790325
1.712990
1.696589
1.686441
1.682821
1.581098
1.442617
1.053322
1.252799
1.633346
1.488375
1.251059
1.378915
1.355474
1.165897
2.122715
1.873064
2.208230
2.078658
2.138787
1.681102
1.378130
1.879760
1.617154
1.786499
1.777093
1.784230
1.605878
1.412497
1.036299
1.258543
1.664851
1.508816
1.172277
1.361411
1.947887
2.293776
2.147112
1.808576
1.854307
2.042288
1.799724
1.679891
1.633388
1.371691
1.268753
1.784630
1.377358
1.780676
1.840356
1.730759
1.233320
1.699576
1.667189
1.515481
1.714376
1.747921
1.578323
1.734602
0.981596
1.053269
1.239212
1.144740
1.118362
1.240104
1.901162
1.756668
2.196034
2.251036
1.902922
1.831164
1.531257
1.575984
1.849303
1.907726
1.354030
1.296596
1.643466
1.783641
1.725016
1.483753
1.096290
2.080131
2.101470
1.857798
1.681175
1.588780
1.174836
1.277788
1.612636
1.711075
1.702486
1.738226
1.686635
0.838837
1.019663
2.065910
2.200337
1.724846
1.598413
1.579343
2.113012
1.955817
1.935013
2.069000
1.410870
1.132478
1.596930
1.786400
1.621240
0.933047
1.182983
1.050373
1.305390
1.074053
1.285443
1.112480
1.196616
2.181607
1.857640
1.717286
1.824944
1.778159
1.582875
1.411585
0.888475
0.866971
0.888475
1.107022
1.183492
1.943726
2.001872
1.777564
1.819830
1.519274
1.728435
1.767323
1.864425
1.964964
1.702486
0.902580
0.870263
1.096201
1.851600
2.020073
1.676723
1.867939
1.945305
2.131556
2.008159
2.150637
2.034332
1.666645
1.731447
1.775487
1.141922
1.718941
1.950829
1.871459
1.235749
1.950829
1.797979
1.421424
1.747234
1.646963
1.060916
1.131221
0.977059
0.922601
1.165534
1.106238
2.005900
1.997342
1.930170
1.860832
1.971214
1.882767
1.848991
1.667687
1.803356
1.924320
1.569551
1.466270
0.934081
0.920735
0.925021
1.009034
1.822572
1.995696
1.954309
1.916620
1.929989
1.715120
2.138808
1.599975
2.190568
1.736381
1.794478
1.190089
1.250610
1.849770
1.849770
1.781796
1.531508
1.735587
1.411959
1.470231
0.896713
1.039029
0.975890
1.958952
2.160865
2.064952
2.126773
1.153857
1.250336
1.187287
1.728544
1.563785
0.967459
1.857631
1.692541
1.632693
1.708725
1.824479
2.115134
2.174785
1.432716
1.735860
1.471179
1.449320
1.851319
1.735587
1.719132
1.531716
0.841849
0.943416
0.973748
1.846095
1.512361
1.655789
1.761906
2.114209
1.890020
1.077094
1.229131
1.493460
1.568237
1.687982
1.858973
1.753697
1.576265
1.723711
1.075231
1.916715
1.297660
1.403708
1.293451
1.494808
1.462971
1.521894
1.706813
2.180324
2.180324
1.519279
1.471476
1.267662
1.122390
1.939636
1.662099
1.532501
1.511891
1.660895
1.775316
1.463533
1.642109
1.878643
1.624258
1.655409
1.583708
1.068269
1.849142
1.468824
1.072490
1.718730
1.180856
1.163248
1.678453
1.339537
1.766120
1.816239
1.850157
1.414100
1.616456
1.469452
1.625208
1.700472
1.849770
1.363322
1.500088
1.739553
1.615480
1.607912
1.515430
1.754176
1.852285
1.911821
2.078070
2.173816
2.166550
2.072170
1.621066
1.207855
1.321316
1.354088
1.521356
1.426994
1.707580
1.532332
1.484566
1.406778
1.895207
1.787737
1.475979
1.717145
1.719504
1.228627
1.311860
1.382916
1.408275
1.391624
1.731899
1.420552
1.510466
1.587260
1.524781
1.546400
2.460336
2.330565
1.602486
1.823039
2.118999
2.343400
1.583708
1.648089
1.597605
1.198307
1.351367
1.684568
1.459134
1.341427
1.194069
2.202632
1.765506
1.526887
1.525779
1.513518
1.487147
1.471626
1.557530
1.626688
1.470258
1.540283
1.374663
1.659167
1.577840
1.776746
1.387880
1.387669
1.626132
1.435358
1.470583
1.617744
1.254323
1.463253
1.574883
1.563045
1.596376
1.428644
1.769220
1.834101
1.614737
1.502971
1.267233
1.352390
1.101350
1.951921
2.202632
1.878795
2.033306
2.392134
1.560186
1.443985
1.371843
1.672960
1.718267
1.718721
1.478938
1.672042
1.683839
1.451809
1.738775
1.649164
1.571019
1.685578
1.926827
1.534076
1.567725
1.426459
1.470656
1.701305
1.504187
1.621043
1.718267
1.499534
1.384192
1.424523
1.245981
1.377667
1.376093
1.080374
1.227453
1.788419
2.048070
1.425549
2.106996
1.623184
1.623778
1.949980
1.400688
1.284625
1.256444
1.076531
1.660731
1.376376
1.384563
1.554991
1.312636
1.408047
1.376139
1.206815
1.237807
1.355242
1.551133
1.695924
1.177706
1.183695
1.561260
1.245458
1.437631
1.265010
1.329314
1.499826
1.604312
1.874502
1.791119
1.387251
1.286029
1.414575
1.420104
1.055705
1.583851
1.596442
1.286059
1.316189
1.267358
1.203318
1.285661
1.106949
1.171785
1.445098
1.760149
1.109348
1.798052
1.576267
1.636796
1.258332
1.577537
1.228124
1.473622
1.454535
1.262388
1.485922
1.526127
1.117411
1.105159
1.686243
1.665651
1.646455
1.469634
1.250290
1.167835
1.403718
1.080449
1.083298
1.514034
1.432779
1.748544
1.228582
1.253061
1.249418
1.244441
1.474073
1.698983
1.279886
1.532822
1.426822
1.406294
1.329383
1.286754
1.189080
1.579945
1.211985
1.381332
1.677953
1.518430
1.185323
1.268951
1.087338
1.400325
1.353784
1.224538
1.136782
1.312260
1.649300
1.171444
1.590453
1.279173
1.233667
1.130475
1.264846
1.263825
1.298850
1.279068
1.399082
1.289642
1.375076
1.145638
1.084355
1.174289
1.358796
1.165056
1.134127
1.183512
2.422688
2.440091
2.422688
1.275208
2.440659
2.414773
2.411378
2.502858
