10997 1 1
2.022787
1.828543
2.066645
1.986500
2.146280
2.097350
2.092594
2.511524
2.223375
2.164117
2.451387
2.291198
1.884491
2.010576
2.178469
1.919158
1.772509
1.945382
2.059361
1.738656
1.971412
2.645828
2.124832
2.178737
2.520276
2.021763
2.363011
2.208641
2.157729
2.238205
1.890874
1.774354
1.821851
2.284442
1.884673
2.260856
2.173087
2.021748
2.225483
2.246116
1.963381
1.953845
2.189354
2.086212
1.854796
1.990751
2.226649
2.547179
1.945036
1.920552
2.453454
2.059236
2.277990
2.147515
1.816592
1.802829
1.670726
1.835192
1.850090
1.847091
2.534927
2.185530
2.371535
2.405274
2.338915
2.437163
1.819545
2.210332
1.642215
1.895790
1.881644
1.860566
1.642476
2.329747
2.492013
2.833373
2.193678
1.984099
1.966803
2.527422
2.096260
1.860874
1.801471
1.581002
1.610996
1.705368
1.679738
2.010581
2.216511
2.617714
2.169441
2.403896
2.546091
2.803011
2.063679
1.892642
2.300550
2.616798
2.553630
2.276483
2.618398
2.738804
2.444049
1.723951
1.956486
1.935128
1.848538
1.826943
1.795224
1.780891
1.951675
2.455437
2.592896
1.904410
1.855309
2.627382
2.631926
2.858625
2.787537
2.631380
1.954917
2.194584
2.362123
2.698028
2.585039
1.627470
1.709546
1.851298
1.579886
1.553769
1.925464
1.623160
1.780666
2.253295
2.459931
2.598984
2.485986
1.922860
2.898262
2.603585
2.647461
2.349868
2.690964
2.047469
2.868195
2.810190
2.592361
2.543699
1.689160
1.918572
2.030915
2.090390
2.494314
2.814718
1.821356
1.742766
2.720033
2.517384
2.496499
2.356617
2.854130
3.043009
2.608969
2.496890
1.968244
2.754882
2.396222
2.525637
2.630692
1.615938
1.540743
1.412539
1.874101
1.524840
1.961019
1.471930
1.954717
2.029245
1.994681
2.098744
2.077112
1.951675
2.047274
1.904410
2.356026
2.361588
2.793125
2.681538
1.848745
1.733943
2.897215
2.889842
2.723505
2.251332
2.293110
2.572902
2.483514
1.643594
1.604319
1.754515
1.457507
1.572739
1.682150
1.722136
1.846469
2.006330
1.676977
1.631586
2.034203
1.956486
2.414299
2.489678
2.617634
2.247050
3.010050
2.517834
2.879746
1.809001
2.671740
2.813708
2.968365
2.713523
2.751953
2.228018
2.209542
2.352731
1.579523
1.723001
1.934517
1.913422
2.194997
2.398962
2.301048
1.931922
2.317876
2.020754
3.078381
3.063400
2.858625
3.064140
2.990713
2.351338
3.064591
2.834398
2.699671
2.304543
2.319107
2.839953
3.090012
3.030100
2.129625
2.597813
2.292868
2.321638
2.478357
2.527972
1.904142
2.133030
2.097431
1.697117
2.263621
2.253384
2.362983
2.220148
2.138167
2.144874
3.016469
3.069409
2.848788
2.802060
2.813708
2.802189
2.851101
2.848520
2.913760
2.635628
2.213161
2.574673
1.361432
1.606605
1.710269
1.490325
1.452486
2.105796
1.699370
2.066531
1.994681
1.546413
1.718492
1.607245
2.949728
2.573644
2.487893
1.964042
2.763844
2.318879
2.702272
2.654037
2.565547
2.268573
1.463751
1.666858
1.453029
1.972854
2.015978
2.182266
2.301280
2.538301
1.546413
1.442252
2.139897
1.802125
2.104634
2.302192
2.448223
3.261337
2.938421
3.093109
2.877230
2.869862
2.812077
2.643353
3.090012
2.759454
3.219110
2.987814
3.268878
2.672086
2.880259
2.956029
2.956920
3.075117
2.783741
3.119030
2.764325
2.561774
2.416604
2.535983
2.344366
2.772556
1.679657
1.570931
1.471900
1.480446
1.388149
1.971139
1.445891
1.377778
1.379362
1.877458
1.657095
2.178562
1.353226
2.633734
2.574275
2.398549
1.507491
2.265601
2.056305
3.163575
3.235378
3.099465
2.691857
3.436406
3.067878
3.143034
2.923917
2.040766
2.847231
2.839180
2.462720
2.269949
2.697532
2.634590
2.848520
2.772359
2.490112
2.187085
2.389436
2.293264
1.384310
1.426898
1.994761
2.041143
1.952609
2.196903
2.408600
2.229294
3.086134
2.861281
3.089442
3.049070
3.311813
3.052625
3.184045
2.434922
3.059572
2.532444
2.599062
2.446644
2.719033
2.356885
2.843579
3.024071
1.404834
1.426317
1.504633
1.766705
1.898600
1.596145
2.232707
2.114619
2.502267
2.137823
2.686891
2.265601
2.257996
1.942855
1.937453
1.909452
2.580952
3.003251
2.980164
2.274307
2.140490
3.152790
2.787046
2.921789
3.268878
2.211454
2.941861
3.000102
2.921973
2.453153
2.823818
2.816264
2.754929
2.221593
2.483975
2.880434
1.447452
1.554251
1.857605
1.941525
1.369961
2.362959
2.526076
2.290756
1.567924
2.292124
2.171535
2.814352
3.023256
3.065004
2.315979
2.417646
3.225840
2.334096
3.012300
2.852101
2.837746
2.922878
2.477775
2.356617
2.937953
3.221308
3.367229
2.838757
3.035928
2.335561
2.448802
2.631640
2.899182
2.663446
2.537865
2.755396
2.306247
1.264566
1.807837
1.346107
2.525484
2.502267
2.352148
2.233739
2.795675
2.171139
1.749199
2.275436
2.905077
2.996643
2.773506
2.576794
2.860087
2.423448
2.468704
3.308431
3.488040
3.206289
3.294835
3.349902
3.161938
2.990398
2.843652
2.890380
2.802514
2.871853
2.129868
2.452487
2.133925
2.306322
2.391377
1.485592
1.696599
1.327074
1.370763
1.897766
2.007869
2.056156
2.327839
2.198754
2.004754
2.120604
2.555676
2.409660
2.916825
3.094964
1.758168
2.675436
3.238915
2.366498
2.256990
3.117928
3.184045
2.773538
3.492597
3.075117
2.995070
2.534411
2.871938
3.161938
2.403372
2.351199
2.874435
2.251201
1.344690
1.592645
1.394784
1.551795
1.248984
1.312932
1.867583
1.358408
2.187236
2.223580
1.504042
2.414194
2.359607
2.352148
2.515872
1.839400
1.650311
3.121692
2.825354
2.759340
2.909287
3.005740
2.835079
2.372778
2.318558
3.380779
2.997718
3.126441
2.114823
3.019853
3.294835
2.859524
2.677763
2.697532
3.043453
2.857095
3.025313
2.689219
3.142312
2.993954
2.420735
2.660083
1.729948
1.741427
1.394472
1.994534
2.380412
2.615985
2.396956
2.450812
2.570643
2.221894
3.015511
2.757979
2.588761
2.949496
2.892342
3.052269
2.255584
2.980164
2.343822
3.120070
3.488159
2.834275
3.103465
3.142312
3.090495
2.883882
2.567992
2.649080
3.075664
1.733691
1.275810
1.334610
2.086036
1.998557
2.057652
2.088587
2.631541
2.437106
2.370040
2.519913
3.285268
3.293720
2.640316
2.719257
2.137427
2.851303
3.046173
3.201523
3.090177
3.407752
2.826611
2.888629
2.534411
2.844353
2.976924
2.350833
2.914906
2.195959
2.900191
2.409622
1.432044
1.317029
1.305429
1.267119
1.369317
1.379715
2.027172
1.979590
2.036891
2.140240
1.958053
1.455105
2.231658
2.746077
3.020657
3.223247
2.906448
2.741239
2.756378
3.068973
2.995300
2.903574
3.227586
2.461011
2.488473
3.243448
2.480243
2.834928
3.004655
3.236329
2.995070
2.976243
3.456296
2.786821
2.951784
3.136415
3.033104
2.473321
2.889151
1.330241
1.941444
1.809367
1.843078
1.292438
2.030452
1.973764
1.368675
1.309788
1.420820
1.309788
1.298721
2.145419
2.334672
2.273526
2.615985
2.450812
2.388841
2.299700
2.509895
2.299700
2.655604
2.261025
3.256612
3.004952
3.012543
3.223247
3.138439
3.285268
2.640316
2.329147
2.422894
2.992265
3.405761
3.499142
2.288724
3.380942
3.113247
3.026036
2.997718
2.950092
3.290306
3.198997
2.521022
3.396448
3.488040
3.350272
3.094103
3.224556
2.970088
3.065012
3.107438
3.169104
2.913848
2.681761
2.631640
2.287440
2.228062
2.507602
2.556412
2.499939
1.686412
1.387657
1.872732
2.034888
2.041895
1.994534
1.654584
2.598668
2.533912
2.310495
2.542553
2.643661
3.342018
3.266968
3.261337
2.975860
2.759823
3.650766
3.436406
3.239641
3.165188
2.912136
3.363116
3.139876
3.375406
3.540820
3.279381
3.363031
2.365022
2.480243
3.186010
2.965426
3.356123
3.605461
3.156008
3.444963
2.301685
2.327628
3.456296
3.183720
3.456296
3.150747
3.403599
3.136132
3.107438
2.843652
3.104296
2.493293
3.127001
2.310734
2.299371
2.605103
1.479757
1.288001
1.837275
1.835198
1.973642
1.921099
1.414943
2.687301
2.476266
2.736631
1.653001
1.795356
1.636423
1.734742
2.789122
2.257996
1.909585
3.006588
2.278086
3.076240
3.609392
2.734053
3.004836
3.259186
3.363031
3.551070
2.408991
3.224918
3.276237
3.458177
3.580186
3.418025
3.040344
2.933126
2.317959
2.393416
2.391446
2.375764
1.371769
1.789793
1.952677
1.858711
1.882272
2.374288
2.285636
2.380088
2.088451
2.401519
2.351811
2.500878
2.652500
2.437467
1.796050
1.895045
2.098639
2.796438
3.040638
2.661174
2.470490
3.537638
3.389839
3.618536
3.183751
4.023108
3.540820
3.017533
3.143307
3.213011
3.046294
3.233837
3.188882
3.144675
3.345570
3.687739
3.332661
3.217688
2.550634
2.973290
3.273407
2.973290
3.333484
2.788625
2.597009
1.450542
1.847899
1.340550
2.000960
1.353304
2.034312
2.159783
2.107212
1.941459
2.527040
2.846152
2.493024
2.321903
2.369067
2.538679
2.913892
2.924639
3.119800
2.876144
2.695642
3.413546
2.568289
2.474208
3.218647
3.309369
3.192214
3.205503
3.367229
3.525149
2.566930
2.655356
2.330213
3.483732
2.530198
3.551668
2.714765
2.890380
2.467519
2.318965
2.348733
2.398208
2.807253
2.329827
2.893971
2.508341
1.517606
1.548646
1.659384
2.065388
1.897147
1.998361
1.970726
1.860621
2.108764
1.998369
1.913076
2.244452
2.145204
2.558226
1.451303
2.390772
2.743311
3.058381
3.226794
2.876609
2.321677
2.460700
2.968514
2.922873
2.750579
3.494371
2.378299
3.383639
3.719764
3.136415
3.144675
3.418242
3.139472
2.465241
2.695622
3.391556
2.897904
3.075725
2.423769
1.829903
2.107736
2.303546
1.344419
2.715833
2.525031
2.408170
2.666822
2.668226
2.769055
2.624795
2.509895
2.509895
2.617057
3.060806
3.185763
2.841307
2.637562
3.386672
3.599013
2.761552
3.565215
3.131827
2.343190
3.665612
3.338800
2.362684
3.522736
2.923816
2.613431
3.731646
2.951784
3.148721
3.488159
3.492405
3.386725
3.345570
2.698308
2.552577
2.838573
1.433965
1.870557
1.306666
1.311859
1.252208
1.362878
2.411402
2.469219
2.317320
2.892123
2.333158
2.494007
2.468375
2.291220
2.610264
2.244771
2.726146
1.843485
2.617057
2.628157
2.640339
2.414421
3.441866
2.383247
2.791264
2.961658
2.834893
3.361762
3.599013
3.450022
3.161594
2.906728
2.807304
2.395530
3.593897
3.016879
3.193406
3.222374
3.374870
3.549456
3.401673
2.700416
3.294494
3.170172
2.834041
2.420562
2.969167
2.950994
3.019354
2.578768
2.386157
2.907254
2.882296
2.408315
2.625621
2.734770
2.016649
1.903525
1.932462
1.911091
1.970715
1.905712
2.089874
2.105911
1.466447
2.892813
2.789122
2.855144
3.612832
3.058017
2.700587
2.712494
2.915572
2.958588
1.984614
2.548278
2.934513
2.343657
3.289059
3.482028
3.783022
4.141530
3.723595
3.458350
3.142416
2.435610
2.992390
3.599820
3.427496
3.605461
3.551070
3.634047
3.504894
3.278888
3.686336
3.874095
3.069283
3.416254
3.208076
3.418025
3.016784
3.056263
2.530837
1.625311
1.317319
1.256946
1.699611
1.259143
1.926358
2.041268
1.934285
2.247120
2.188093
2.146756
2.174322
2.251306
2.223224
2.624795
2.944309
2.453851
2.472442
2.929413
2.128979
2.008810
2.760316
3.328924
2.876144
2.979388
2.830574
4.147223
3.576834
3.420676
3.458350
3.094808
3.698324
3.278888
3.224556
3.448225
3.759600
3.718755
3.767001
3.755625
3.016784
2.875783
2.756902
2.957381
2.556412
2.850059
2.450088
2.550345
1.644380
1.625320
1.307358
1.217990
1.700203
1.829864
1.261699
1.371443
1.889506
2.254348
2.620080
2.603589
2.777056
2.805947
3.582789
3.533666
4.230186
3.792754
3.388398
3.707312
2.987168
3.940469
3.223291
3.338800
2.385685
3.415660
2.905803
2.697618
3.875757
3.647091
3.684639
3.461499
2.695622
2.295584
3.256763
2.952137
2.814755
2.924572
1.526638
1.742202
1.878072
1.260476
2.005825
1.953632
1.989392
2.148317
2.189571
2.000621
1.460014
2.230913
2.671835
2.466316
2.168610
2.452065
2.815908
2.406942
2.667435
2.635070
2.572027
1.654454
3.604045
3.539427
3.604045
3.353315
3.539427
3.938141
3.679058
3.097895
3.753342
3.818461
3.373913
3.878412
4.022390
3.805671
3.516913
3.254783
3.744681
2.755574
3.153539
3.476022
3.153539
3.153539
3.949251
2.931962
2.505502
2.697877
2.685377
3.282041
3.298304
3.006682
3.145290
2.576373
1.492364
1.528714
1.974641
2.082846
2.124954
2.372513
2.275575
2.237996
2.474278
2.316738
3.077978
2.723267
2.780246
2.917603
3.399241
3.156428
2.152830
3.851025
3.097615
2.841307
3.927565
3.618017
2.339760
2.402180
3.473320
3.228233
3.697761
3.798099
3.502969
3.768812
3.532398
3.818650
2.995907
3.183172
3.016879
3.035833
3.203301
3.127875
3.694271
3.327087
3.461499
3.667376
2.491093
3.466684
4.091640
2.984513
3.631688
3.755625
3.784477
3.401673
2.872070
2.773211
2.907065
3.241112
3.019309
2.972886
2.450493
2.639413
2.443422
1.691033
1.905563
1.971806
2.033758
2.575534
2.372513
2.314241
2.616544
2.887759
2.768031
2.807274
3.623335
2.780687
2.778437
2.778437
2.836190
3.456600
3.691354
3.691354
3.579212
3.136227
3.473320
3.865535
3.927915
3.068714
3.366565
3.203301
2.404060
3.110548
3.172796
3.634047
3.144675
3.261588
2.752411
3.740957
4.044857
3.838100
2.850444
3.682033
3.774645
3.582560
3.324122
3.549456
3.145246
2.598390
3.205283
3.070173
2.530841
1.582997
1.542033
1.315302
1.696750
1.306788
2.736631
3.489254
3.399241
2.629052
2.745665
2.830574
3.915911
3.797270
3.040355
3.986982
3.657489
3.183172
2.972150
3.596056
3.322294
2.680324
4.004673
3.294494
2.838362
3.584874
2.821946
2.857533
2.870106
2.512613
2.378418
3.024140
2.529401
2.459378
2.380609
2.506044
1.369520
1.691345
1.816430
2.041268
1.285172
1.894587
1.840077
1.932002
1.881582
1.501140
1.815774
1.977981
1.844811
2.181068
2.165822
2.509740
2.643242
2.518371
2.874267
3.077978
2.816633
3.018932
2.829279
3.041624
1.900825
2.502429
2.756771
2.660357
2.664287
3.103995
1.987249
2.421319
2.220696
3.029744
4.023108
3.855200
3.790505
4.187496
3.719221
3.548844
3.487812
4.066248
3.309001
3.744681
3.731060
2.904219
3.586653
3.619531
2.309305
2.630153
3.022604
2.434498
2.734814
1.820421
1.299850
1.314022
2.004923
1.305526
2.074843
2.021563
2.007946
1.855028
1.962790
2.098970
1.977981
2.253034
2.309930
3.030797
3.030797
2.816633
2.855968
2.667466
2.814185
1.664410
3.232856
2.773621
3.924491
3.715342
2.401815
2.762700
4.088916
2.958588
3.871346
3.840064
3.865156
3.061274
2.486911
2.226312
2.322773
3.576834
3.940093
3.480917
3.480917
3.698221
3.706492
4.349527
3.253196
3.144187
2.757809
3.407570
3.003510
3.806542
3.687217
2.785125
3.539898
3.576477
2.972115
3.739374
3.508226
2.751184
3.507962
3.282041
2.980068
2.380609
2.434498
1.612460
1.646508
1.870217
1.395156
1.437143
1.415888
1.479486
2.275457
1.644933
3.038817
2.580760
2.309930
2.781492
3.461192
2.733828
3.101219
3.229172
3.517635
3.466646
2.659381
3.754482
3.412929
4.188163
3.110548
3.481852
3.144855
3.515720
3.874333
3.087997
2.871214
3.596056
3.724095
3.691830
3.503878
4.084801
3.892234
3.524602
3.413401
2.285544
2.572638
1.469263
1.389628
1.312670
1.411438
1.430013
2.274412
2.330431
2.966151
2.715833
2.381196
1.376078
2.731410
3.584281
3.113582
2.837952
3.016766
2.322178
3.845471
3.046339
3.885666
3.617286
3.957319
3.818650
3.498970
3.832824
2.393580
4.131011
4.022390
3.502142
2.645283
3.706492
3.896051
3.810128
2.603728
3.166442
2.618457
3.830266
2.530837
2.684875
3.008220
2.409513
2.978884
2.815842
2.674176
2.542840
2.562858
2.674265
1.483549
1.491189
1.412339
1.468165
1.889780
1.279322
1.284843
2.054314
2.101031
1.999949
1.513076
2.229133
1.506597
2.323226
2.396847
1.596328
1.773621
2.799259
3.568897
3.032495
3.024091
2.499319
2.520023
2.218160
1.950833
3.474266
4.181102
2.352306
2.378847
2.374047
2.996381
3.884172
3.572692
3.230177
3.030361
4.375718
3.790505
3.272850
2.603011
2.603859
3.263654
3.774555
3.991143
4.015248
3.201590
3.901543
2.709278
3.919521
3.919521
2.551376
2.773466
2.390840
1.749645
1.391318
1.976460
2.134789
1.553187
2.843928
2.472736
2.312748
2.265782
3.017493
2.383898
2.830962
1.589550
3.568897
3.139060
3.810297
2.551826
2.473512
2.468867
3.544018
3.145907
3.185076
3.319621
3.757797
2.263866
4.440719
3.125055
2.659518
2.626477
3.366565
3.667627
3.647812
3.384178
3.745583
3.539697
3.814254
3.637588
4.349527
3.347392
3.466833
3.949656
3.754498
3.617562
2.745416
3.640188
3.035559
3.047426
2.797724
2.814755
2.545785
2.439423
2.344843
2.169694
2.308452
1.392151
1.938798
2.039869
1.525718
2.141347
2.408558
2.313020
2.934416
2.781492
2.937905
3.156428
2.723870
2.047459
2.805091
2.819530
2.183050
1.831555
3.636626
2.771916
2.338148
3.140460
3.845471
3.735098
2.996381
3.785965
3.575999
3.048102
3.181565
3.893689
2.749695
4.076202
3.940469
3.033715
3.044163
3.481852
3.539697
4.170265
3.705314
4.009510
2.710467
2.882894
3.327087
3.992362
2.937495
3.058757
3.834191
2.696818
3.773202
2.838362
4.298912
4.089745
3.298304
2.520005
2.681783
2.786050
2.637783
2.764408
1.392363
1.829651
1.410542
1.441535
1.384197
1.527635
1.545782
3.218644
3.033681
2.758886
1.664590
3.420249
3.463074
1.762823
3.244916
2.366692
2.643589
2.786160
2.702152
3.336412
2.786160
2.240572
2.473512
4.252283
3.786646
2.797368
3.374506
3.877372
3.668902
4.322721
4.479298
4.188163
3.602787
4.253332
3.791496
3.548844
3.731060
3.955284
3.768138
2.726497
3.908425
3.873385
2.688377
2.427937
3.076525
2.925313
2.816494
2.971430
2.509972
2.545785
2.786050
2.557834
1.452114
1.766391
1.691240
1.911180
1.344227
2.087075
2.124200
2.221547
2.366567
2.656992
2.485781
2.678709
2.680722
1.631077
3.166182
1.513164
3.203284
1.984565
2.280543
2.428193
2.945521
3.374506
3.120321
3.097949
4.153506
3.738997
4.296632
3.698221
2.794525
3.907857
3.659591
4.009510
3.179710
4.036640
4.083853
3.842819
2.568828
2.710986
3.325152
2.838362
3.065505
3.647149
3.912945
3.810128
2.948337
3.692840
3.692840
3.288408
3.740983
2.980774
2.686821
1.592381
1.631154
1.443323
1.840838
1.938801
1.340663
1.423862
1.315744
1.914991
1.542523
1.522486
2.177044
2.262043
2.865376
2.332913
3.124524
2.649146
2.430212
3.110234
3.268141
3.035023
2.761979
2.869642
3.023262
3.721505
3.741372
3.211766
2.708727
2.075070
2.961290
2.442143
3.409086
2.748358
3.073249
3.073249
2.831852
2.460106
2.393101
3.877372
3.899243
3.290302
3.907171
4.440719
4.189800
4.009821
4.061833
4.055615
2.985202
3.535332
3.023198
3.021310
2.683010
4.060607
3.024093
4.084026
3.602465
3.460141
3.696182
3.742029
4.019826
4.216465
4.375624
4.143732
2.628798
2.719542
2.914339
2.823462
2.566554
3.111330
2.897948
3.044284
2.582702
3.147651
1.579613
2.041569
1.935923
2.212578
1.449763
1.461256
1.634550
2.439001
1.526285
1.547018
1.521424
2.663863
3.045583
1.582691
1.534202
2.903289
2.340160
4.034455
2.664754
4.017570
3.032331
3.774849
4.423173
3.652658
3.907171
3.181565
4.332624
3.430405
3.179710
3.966145
3.774555
2.710467
3.775002
3.495671
4.589500
4.152715
3.499872
3.387701
2.895087
4.260937
3.771574
3.834191
4.148220
3.490239
2.687645
2.605835
2.359725
3.125268
2.409217
2.496219
1.487121
1.933278
2.211573
1.997393
2.050332
2.286647
2.193982
2.647111
2.892813
2.462499
3.478299
2.667171
2.710037
3.869824
3.623335
2.249227
1.804378
3.163466
4.077662
2.945364
2.859730
2.551826
2.903626
3.723239
3.810297
4.007317
3.243960
4.127846
3.935767
2.261157
3.808790
4.186011
3.706669
3.983089
3.706669
4.030319
4.195089
3.865156
3.384178
2.715052
3.890534
3.672914
4.329515
4.299833
3.890534
3.786213
3.194923
3.605328
3.925951
4.273007
3.664301
4.482433
3.309452
3.724068
4.260937
3.696817
3.431206
3.978880
3.837386
3.191962
2.284043
2.362194
2.282049
2.511802
1.791302
2.499544
2.479638
2.541187
1.691599
2.882324
3.136468
2.910003
1.833080
2.442568
1.814415
2.305821
3.232717
3.195010
3.336412
2.769331
3.831888
3.784890
3.577474
3.651130
4.079360
3.215706
3.827626
3.435493
3.650564
4.336090
3.659591
3.346122
2.931206
3.099080
3.407570
2.502128
3.696182
3.312675
3.502142
3.872490
4.062160
3.914737
3.841766
3.003896
2.452595
2.971101
2.095234
2.337549
2.375691
1.475338
1.467936
2.002990
1.510122
1.651138
1.545403
2.616254
1.553187
3.117468
1.767663
3.180882
1.835078
1.591547
1.927472
2.884096
2.121059
1.901343
3.721505
3.721505
2.451262
3.411970
3.524988
2.542344
2.477828
2.186548
3.522696
3.544018
3.234678
3.858438
4.204959
3.328742
3.097949
3.684214
3.779883
3.512849
3.013605
4.009510
4.768559
2.654792
4.026536
3.164211
3.900651
4.062160
3.996035
4.213176
3.996035
4.144652
3.001797
2.850020
2.897948
3.094407
2.325594
3.105354
2.215255
2.428097
2.263668
2.674434
1.481167
1.452999
2.017271
1.481624
1.448538
1.400947
2.354962
2.102225
2.101004
1.944033
1.905311
1.556071
1.633272
1.519126
2.322514
1.745460
2.490363
2.326239
1.545731
2.641198
2.856227
3.039046
2.951208
2.354500
2.212184
3.869824
2.507812
2.700864
3.047189
2.342509
4.196944
4.323497
4.128726
3.994396
3.899243
3.919869
3.920542
3.008881
4.773447
3.795726
3.862213
4.179174
3.784056
2.916673
4.075098
4.200999
4.231022
4.409100
4.770992
3.483736
3.082136
2.894424
3.783361
3.782289
3.682027
3.933148
4.129460
3.139368
2.396728
3.208631
3.271881
3.384932
3.376509
3.097989
2.760441
2.536008
2.591361
2.542876
2.764704
1.506946
1.478091
2.046627
1.406748
2.075099
1.990327
1.743075
2.031635
1.859513
1.758805
1.757959
1.635209
2.414248
1.527861
2.439001
1.509403
1.535075
2.912284
2.643242
2.580271
2.804614
1.576545
3.156297
3.318841
1.927472
1.667732
2.688231
2.946939
1.779363
1.969957
2.700443
2.678709
1.583172
2.841372
2.171079
2.799267
2.956105
3.171452
2.664402
3.163711
2.140468
3.567188
3.567188
3.917624
4.323497
3.899490
3.791421
2.589908
3.299103
3.854060
3.434101
4.489589
4.550829
4.296632
3.817350
3.827832
4.127783
4.231022
2.578732
4.319032
3.876856
3.889148
3.733124
3.889148
3.739257
3.630734
2.931869
2.976485
4.063570
4.290083
3.846912
2.855555
2.540540
3.507150
3.655241
3.271881
3.203372
4.012651
2.963111
2.677742
2.390840
2.885648
2.470310
3.231041
2.920500
2.169690
2.306548
2.301162
1.630270
1.423024
1.380207
1.961313
1.370721
2.126900
2.080897
2.069255
2.289704
2.309883
2.064433
1.692271
1.622742
1.883011
1.551485
1.724495
2.478215
2.562787
1.494145
2.148854
2.772996
3.109216
2.087157
2.081318
2.109052
3.478299
2.726373
2.961290
3.163711
2.624593
3.336412
2.934491
3.599207
3.181626
4.125448
4.256873
4.011245
3.784890
4.017894
3.778340
3.505116
2.367959
4.435561
4.559185
3.672914
4.761331
3.682027
4.725288
4.019826
2.735036
2.910482
4.179943
3.650217
3.131924
3.635240
2.889160
3.268587
1.796671
1.829990
2.035090
1.889993
1.926827
2.046779
1.431965
1.316289
1.980433
2.327944
2.221998
2.215895
2.177458
1.734094
1.451129
1.866582
1.902914
1.873731
1.536052
1.627419
1.876311
1.736128
1.666018
1.633272
2.414248
1.943148
1.997266
1.510122
2.628105
2.294189
2.443952
2.734483
3.234215
2.090885
3.045583
1.844309
1.929705
1.631077
1.684664
3.037668
3.109216
2.734078
1.963356
2.458013
2.002784
3.023262
2.354500
4.437073
4.333169
3.293692
3.302255
4.122461
3.147147
3.827239
4.023905
3.585964
4.094339
3.849440
2.568953
2.729285
3.890534
3.978649
4.016455
3.978649
2.916053
4.540349
3.804255
4.052007
2.555584
3.724068
4.144652
4.251496
3.956538
3.071606
3.324712
3.508880
2.572463
1.825346
1.805019
1.447170
1.564327
1.925887
1.568706
2.183634
1.429878
1.453836
2.208953
2.006848
2.289535
2.294189
2.022506
1.914493
1.898540
1.709182
1.661368
2.433101
2.595016
2.630903
2.156249
2.336621
2.060898
3.160837
3.047189
3.019824
3.917624
3.002192
4.079377
4.031386
3.048465
3.577474
3.088881
3.294781
2.985938
3.005819
2.854866
3.202730
4.831184
4.836266
4.521270
4.186096
3.985268
3.905454
3.495671
4.582818
4.501258
4.453376
4.562381
3.645846
3.978521
4.268199
4.139449
2.598318
3.920329
3.655241
3.044284
2.809931
2.517811
1.730351
2.035090
2.095714
2.005331
2.143216
2.061331
1.902260
1.473880
2.310216
2.107213
2.300326
2.034505
1.568884
1.993572
1.849517
2.478215
2.474839
1.876477
1.503547
1.782357
2.450761
1.513680
2.105288
2.761253
1.971311
3.013329
3.079626
3.281355
3.090715
3.090715
2.422097
2.146274
2.807194
3.044867
2.836524
4.245667
3.868487
3.967291
3.450474
3.102416
2.233531
2.100477
2.993628
3.782321
3.645365
3.216212
4.129264
3.782321
3.857591
3.873976
4.578712
2.976838
3.820592
2.566670
3.407185
4.588621
4.195703
3.647987
4.491844
4.026536
4.715311
4.608559
4.705692
4.530769
3.602702
3.347751
4.305228
3.508880
3.804763
3.369300
3.071606
2.862714
2.295589
3.055996
2.433815
2.215931
1.482017
1.499756
2.014763
1.996546
1.357911
2.100236
1.516523
2.300326
1.727854
2.424466
1.652492
1.618682
1.499113
1.564963
1.958862
1.853016
1.993572
1.967664
2.372005
1.661368
2.358943
1.938010
2.440907
1.709182
1.907067
1.736877
2.140191
1.820166
2.398893
3.894293
3.650180
3.816832
4.112843
4.017894
4.052035
2.892977
2.954847
4.335413
3.656281
4.116086
3.774531
3.375000
4.290083
4.491844
3.759305
4.631698
2.989093
3.433566
3.254841
2.910482
2.663804
3.740614
3.154374
3.259567
3.358500
3.494550
3.620178
3.448236
3.009580
2.377479
2.395631
2.368510
1.580947
1.955105
1.902586
1.995343
1.972669
1.497017
1.475536
2.048566
1.909182
1.920115
1.521222
1.677786
2.073097
1.575504
2.406204
2.308502
2.410075
2.126198
1.496766
1.852508
2.299907
2.337409
2.484239
1.876477
2.479220
2.699939
2.023871
2.775538
3.321867
2.259620
2.900053
1.564241
4.163181
4.030386
4.123692
3.797156
2.548834
4.017894
3.769183
4.155937
3.706502
4.210177
3.963879
3.762362
4.299833
4.836266
4.510783
2.686833
2.529117
3.731375
3.179338
2.678648
3.736303
3.736303
4.589043
4.836234
2.538987
3.998412
4.078197
2.411713
3.296627
3.998412
3.740614
3.311420
2.992791
2.761241
2.353868
2.514905
1.849623
1.975464
1.919929
1.652492
2.418021
2.429961
2.325583
1.553717
1.866232
1.692271
1.853016
1.885524
1.758805
1.528486
1.943148
1.846365
1.519325
2.029773
3.061262
2.380798
3.000289
1.997504
2.321946
3.376463
2.336621
3.042069
2.859008
2.934491
2.511863
1.841632
2.945427
3.387850
3.627586
3.868487
3.670966
3.785246
3.902179
4.000887
2.659030
3.873976
2.874902
2.905947
4.382803
4.363418
4.215374
4.219728
3.434101
4.754438
3.976217
4.225212
4.719494
4.697621
4.770992
4.163121
4.298760
3.966715
4.183394
2.527984
3.132361
4.590831
4.715311
4.411368
3.748836
4.362466
3.801583
3.801583
3.453151
2.992791
2.809931
3.000654
2.174080
2.115500
1.909580
1.944505
1.948143
1.924627
1.559820
2.097333
2.151174
1.441561
2.177649
1.846870
1.677786
1.846870
2.054290
1.941042
1.613852
1.831615
1.964795
1.521333
1.825278
1.766050
2.195841
2.168093
1.382911
1.943148
2.715703
2.621968
2.489835
2.524423
3.190967
1.534439
2.322464
2.162494
2.278498
2.811846
2.738461
4.334314
4.055840
3.657774
4.029081
2.657754
4.505445
2.977723
2.768941
4.736602
4.256029
4.018007
4.163121
4.624976
3.824913
2.581136
3.231575
2.555969
2.895566
2.635661
3.683064
3.138697
3.720042
3.311420
3.683064
2.529053
3.201431
3.494550
2.414742
2.360513
2.238765
2.869544
2.701702
2.527003
2.052168
2.421896
1.701147
1.726061
1.388921
2.113067
2.269971
1.872097
1.765878
2.227429
2.359361
2.200357
2.428658
2.605732
2.522376
1.979816
2.685751
2.635828
3.220337
2.067036
2.029773
1.545731
2.457893
1.630708
1.681157
2.321946
2.265074
2.269932
2.551527
2.493636
2.639767
2.682718
3.042069
2.998573
2.085927
3.666873
3.562079
4.161338
4.256873
4.143319
3.308711
3.355834
3.940545
2.876725
4.407012
4.435561
4.784721
4.645073
3.300133
3.963879
3.626923
2.827081
4.133983
3.158959
5.023447
2.970219
4.955323
4.138213
3.970807
4.622367
2.704395
3.125216
4.744691
4.241937
4.218010
3.236999
3.162811
2.991924
2.984263
2.897085
3.584986
2.853754
3.584986
3.385495
2.625365
2.897085
3.070429
3.331074
2.527893
3.024349
1.659273
1.751452
1.547599
1.469901
1.508969
2.009657
2.240381
1.793712
1.555560
1.470567
2.373113
2.148561
2.019175
1.885985
2.442577
1.974782
1.949071
1.683083
2.440750
1.369213
1.388177
2.210574
4.267025
3.828896
4.269569
3.797156
3.914090
3.933656
3.902179
3.831056
2.875756
2.951515
4.216553
2.875445
3.499368
4.225212
4.625848
2.697017
4.425092
2.873820
4.332826
2.651843
4.304656
4.087909
3.972306
4.271056
4.590831
4.703652
4.503971
4.557199
3.165679
2.547479
2.700786
3.998412
3.348318
3.343730
3.126650
3.033624
2.686837
2.355042
2.458467
2.045731
1.976999
1.994173
1.774217
1.469901
1.917748
1.496500
1.954172
1.977548
1.541263
1.787706
1.683654
2.110511
1.765795
2.015615
1.887770
2.064966
1.982680
1.531956
1.479715
1.846905
1.754261
1.436898
2.259935
2.440750
1.520845
2.352692
2.390537
1.341271
1.482226
3.175336
2.393874
2.653376
2.615186
2.859008
2.914704
2.914704
3.170960
3.660415
3.237859
2.873980
3.820462
4.049051
4.984358
4.950415
2.690079
4.216553
4.736602
3.127566
3.294781
3.077230
3.199480
4.383928
5.283374
4.459421
4.348172
3.591846
3.394782
3.280772
4.495956
4.901239
4.069039
4.047471
3.500483
4.372005
2.993483
3.136332
3.720042
3.033304
2.625365
2.392213
2.215334
2.396320
2.076599
1.718288
2.170571
2.084642
1.989140
2.142043
1.902614
2.083732
2.398946
2.457491
2.500982
2.424466
2.442577
1.348828
1.501439
3.186620
3.220337
2.258046
2.618834
3.176053
3.045583
1.803142
4.030386
4.249049
2.966651
3.129045
2.390504
3.451344
2.933931
2.899108
3.090248
4.693780
4.881016
2.849875
2.737080
2.606410
4.317684
4.974123
3.176529
3.559169
4.783104
4.080047
4.715385
4.267745
4.496994
4.901239
4.624976
4.715385
4.276757
3.565323
3.709319
3.736303
3.893874
2.684752
3.014900
4.415767
4.628378
2.791459
4.435679
3.129391
3.923368
3.409959
2.456294
2.916957
3.283322
2.926965
1.562183
1.850718
1.973233
1.907972
2.143284
1.658662
1.578072
2.297713
1.582826
2.494821
1.805702
1.818336
2.530989
1.991466
2.598239
2.581727
2.322464
2.393874
1.756705
1.878808
2.704756
3.847605
3.660415
3.899901
4.070365
3.972305
3.779664
3.393110
3.751083
4.041105
2.618735
2.795010
4.022786
3.369527
2.655836
3.086652
5.092265
4.840469
4.620371
4.540329
3.153917
5.040479
4.999025
4.631449
4.182153
3.882331
2.525657
2.624602
4.503971
4.565458
4.355878
2.702074
4.046421
3.107465
3.754588
3.840375
3.726147
3.409959
3.272726
2.849878
2.751709
2.562547
2.368510
2.193407
1.894646
1.858053
1.505443
1.561503
2.084207
1.514108
2.234390
2.062205
1.776633
1.605704
2.345315
2.011670
2.077855
1.968277
2.210468
1.872267
1.872267
2.530560
2.524431
1.572728
1.904933
2.410075
2.180718
2.106297
2.015902
2.524431
2.443744
2.831726
2.768922
2.533274
2.758473
3.370802
3.333158
4.407115
3.484545
3.230731
3.130674
2.319073
4.038231
2.631980
4.310868
4.458564
3.254721
3.185849
2.696476
2.781707
4.379783
4.335413
4.318832
4.038744
4.069272
4.802073
4.631449
4.783104
4.467706
4.291680
4.298760
4.106393
4.046883
4.205166
4.575911
2.791205
2.758688
3.073880
3.121397
2.975237
2.935500
2.955193
3.549292
2.802069
1.872496
1.456152
1.910042
1.955247
2.114100
2.353999
1.902614
1.882791
1.561427
2.321801
1.987451
2.530560
1.973971
2.285090
2.459721
2.517864
2.599247
2.927557
2.811600
2.796980
2.991689
2.636056
3.348289
4.263623
3.664614
3.627873
3.568117
4.041105
4.233836
4.950415
4.043653
4.954625
4.748493
2.617506
2.792643
4.614069
4.389693
4.835336
3.186737
3.038897
3.236999
2.977308
4.281334
3.840375
2.405424
2.771178
2.174080
2.565444
2.599879
1.872496
1.891113
1.947010
1.920371
2.065959
1.523359
1.861716
2.358476
2.011317
1.857949
1.988002
1.561427
2.184581
1.997152
2.373113
2.418021
2.543753
2.593495
2.530560
2.530560
2.100075
2.595937
2.479369
2.617669
2.742358
2.626924
2.782862
2.548941
2.223911
2.833716
4.220160
4.103454
4.358610
3.043092
5.114389
2.560829
4.786857
4.865120
2.742383
2.610737
3.927076
3.820462
3.751083
2.801455
3.028190
3.255869
3.488772
2.708722
4.534252
4.291680
4.795290
4.715385
3.709319
3.844777
3.416939
4.871860
4.703652
3.346342
3.445670
2.897973
3.124425
3.238821
3.360876
2.989059
2.825593
2.024166
2.717232
1.544917
1.727738
1.483689
2.087975
1.970233
2.056242
1.542009
2.233532
2.466933
2.345315
1.733797
2.146132
2.483554
1.388294
2.313193
2.530897
1.512256
1.445472
1.526277
1.593437
3.780846
3.721293
1.900944
1.678224
3.234740
4.334314
3.131970
3.333158
3.889136
3.405843
3.459581
3.627873
4.004592
4.162068
4.374963
3.433198
3.326662
2.779283
2.982761
4.628661
4.623711
4.083305
3.103545
4.633768
2.734700
2.879944
4.279917
4.066851
4.043343
2.815927
2.207290
2.005720
2.016980
2.233331
1.605472
1.707296
1.882585
1.480890
1.527161
1.969945
2.047005
1.639578
2.250880
2.240381
1.874266
2.082485
1.995517
2.086640
2.017949
2.023843
2.452595
2.599240
2.246537
2.361850
2.599247
2.639177
3.043856
3.045959
3.043856
2.725574
2.878968
2.750688
2.848529
1.452722
2.910446
2.991689
1.528099
1.720949
3.004340
3.323179
3.606422
3.315158
2.964215
3.986997
3.019504
3.183868
3.451344
4.987108
4.281512
4.117998
5.106712
3.870418
4.090974
2.351729
2.499534
3.606207
4.840473
2.632756
3.730824
3.307759
4.327436
2.547741
2.651156
3.604779
3.676312
4.633768
4.314875
4.279917
2.534334
2.849342
2.532611
2.233663
2.387187
2.765054
2.802154
2.523932
2.146580
1.571110
1.546761
1.796592
1.474188
1.468475
1.490894
1.551108
1.772141
1.864096
1.790102
1.796592
1.809682
1.935775
1.926066
2.175392
2.140215
1.711401
1.773902
2.076883
1.986882
2.307947
2.468468
1.550843
1.498579
2.500982
2.599240
2.113990
2.144760
2.555470
2.364010
2.598239
2.590329
2.217345
2.802844
2.628105
1.530651
3.140902
4.398180
4.286078
2.817466
2.434500
2.228848
2.942302
4.369881
2.655836
3.927076
4.748493
2.702057
2.553644
3.124465
2.730918
4.306650
4.473823
2.587600
3.572892
4.406205
3.790780
2.708722
2.531272
3.204559
4.732688
4.142905
3.500391
3.688179
3.180568
2.257146
2.236949
2.759484
2.781667
2.384801
1.752729
1.747295
1.970381
2.112237
1.954865
1.929780
1.923698
1.980263
1.930491
2.499807
2.549891
2.404562
1.467864
2.069834
2.277237
2.457526
2.238842
2.473978
2.896127
2.941006
2.896127
3.093552
3.508145
3.883481
3.627873
2.777180
4.157920
5.095751
4.495292
4.894489
3.864585
2.951589
2.863078
2.863078
3.389694
4.881016
3.009422
3.637171
4.281512
4.525290
4.694955
3.968616
2.770680
4.498535
3.263545
3.296572
4.376709
3.343066
4.104392
3.630303
4.168492
4.343636
3.066839
4.348835
4.088732
2.574327
3.780575
3.698645
2.081151
2.421484
3.293955
3.549292
3.104652
3.067933
2.998474
3.012170
2.621535
2.544269
2.405424
1.999790
1.608153
1.858754
1.749189
1.560341
1.943112
2.190876
2.259249
2.149412
1.906361
2.198100
2.507840
2.040543
2.086640
2.417336
2.534449
2.484710
1.600056
2.523624
2.456811
2.295166
2.283037
1.410777
2.583957
2.590910
2.590500
3.141360
3.323179
3.226948
2.761877
3.459475
3.189767
1.943649
3.061823
3.558415
2.189106
3.375622
3.939997
3.274424
2.713766
2.753917
4.943820
2.934563
3.042299
4.655175
4.354478
4.361229
3.773513
3.895199
3.188910
3.211031
4.210555
4.575911
4.056923
2.791228
2.881282
3.452782
3.845540
4.002059
3.447746
3.529337
3.133277
3.463878
2.623229
4.078853
2.843974
4.054438
3.771952
3.792797
3.129120
3.129120
2.989061
3.168688
3.467203
2.236949
1.916030
1.960429
1.789729
1.978892
1.954865
1.530596
2.369694
1.803831
1.917462
2.038812
2.352062
2.097187
2.410595
2.358476
2.141266
1.467424
2.430132
2.150348
1.458558
1.372465
1.336646
2.585361
2.597771
2.828885
1.416205
2.594172
3.185496
3.045644
3.201810
1.726470
3.524723
3.474006
5.125984
4.628079
2.784647
2.758734
4.898423
4.897801
2.876752
2.923904
3.741482
3.487428
3.420277
4.594102
4.656571
4.655175
4.212904
3.837574
4.421371
4.354671
4.212904
3.184514
2.554697
4.158983
4.732688
4.216645
4.168492
3.146864
3.688179
2.931187
3.075629
2.849342
4.086935
4.043343
4.054438
2.736468
3.416537
2.666519
2.250485
2.089567
1.893602
1.574272
1.530438
1.691759
1.918977
1.851890
1.771372
1.970960
1.926473
1.948911
1.764099
1.910818
1.531668
2.157202
2.082485
2.369694
2.404562
1.630889
1.552668
2.592092
2.555470
2.679630
2.802844
3.020653
2.980448
2.980448
2.680519
2.651169
1.553396
3.158222
1.549845
1.483078
1.628965
1.991058
1.847389
4.414853
3.375622
3.191676
3.156520
2.532687
2.127287
2.461044
4.629768
4.949563
4.710786
4.943820
3.149408
4.333920
2.795010
2.724039
4.794098
3.007590
2.703954
4.685956
5.203946
5.017467
4.840473
3.481912
3.533163
2.471328
4.218606
3.135424
3.500391
3.730824
4.046887
3.090099
4.057042
3.463878
3.944150
3.371834
3.149405
4.101516
3.959957
3.064481
2.898649
2.727601
2.759169
2.229790
1.675689
1.763041
1.848085
1.556324
1.683296
2.039696
1.893855
2.231206
2.293644
1.852273
1.957317
1.606915
1.685055
2.324129
2.683753
1.452291
1.413379
1.332289
2.417534
2.923750
2.641840
2.956852
2.868954
3.317544
3.508145
4.122573
3.032350
3.105542
3.833809
4.428503
2.554514
2.275627
2.840272
2.658215
4.981715
4.930344
2.997570
3.192750
3.205422
5.162920
3.392609
2.607149
3.062712
4.383495
3.125645
3.349864
3.705516
4.883134
4.428775
2.311471
4.328531
4.157927
4.452411
3.262799
4.402622
3.139466
3.071223
3.290567
2.573982
2.817391
2.623346
2.185090
1.905814
2.301110
1.943121
1.947319
1.884708
2.047005
1.739841
1.803232
2.035570
2.175678
1.716131
1.863678
1.965671
2.631257
2.099866
2.346002
2.165878
2.314944
2.231471
2.800710
1.240557
1.273633
3.024564
2.925344
1.319023
3.024564
2.960158
2.941006
2.960158
3.193946
3.876276
3.279656
3.558415
3.616843
4.253035
4.203341
2.110258
3.814216
3.827054
3.593238
2.865541
2.798251
2.644299
3.315502
2.737540
3.079467
4.959315
3.407973
3.604749
2.982761
2.534076
2.395174
4.563492
4.046883
4.078423
2.528416
4.205166
3.955252
3.859962
3.020788
3.082826
3.374001
3.452411
3.123515
3.718461
3.585771
4.216714
3.720553
3.780774
3.277668
3.713097
2.737898
1.905814
1.466282
1.620669
1.505720
1.458227
1.794477
1.578060
1.579093
1.604665
1.664574
1.832654
1.962273
2.291283
2.047020
1.803831
2.157202
2.554393
2.334427
2.333907
1.681691
2.091255
2.424284
1.974326
2.163503
2.620253
2.581337
2.617516
1.468937
3.020653
2.436866
2.573064
2.707550
1.234957
3.241667
4.185488
3.833809
3.816965
3.295697
4.217891
4.078465
2.316625
2.658845
3.209153
3.002201
3.493105
2.479796
4.824855
3.313560
4.604321
3.133676
4.228306
3.914923
2.859871
3.902602
3.388260
3.371834
3.743826
4.204628
4.218009
4.204628
3.403497
2.881951
4.002290
3.078476
2.239378
2.072845
2.073466
1.675689
2.265619
2.177589
2.056076
2.281460
2.070742
2.334427
2.519857
1.935848
1.936555
2.244168
2.174684
2.765103
2.377421
2.401637
2.842558
2.400034
2.458339
2.255111
2.696714
2.576828
2.695543
1.382079
2.581843
1.760813
1.514384
1.747666
3.128479
1.861476
3.183868
2.468984
4.710786
2.816913
4.577886
4.821893
4.436415
3.325690
2.851324
3.185286
3.191392
2.530431
2.838828
3.148548
3.653445
3.422474
4.293113
4.228306
3.979925
4.417383
4.402622
2.504808
3.392846
4.062444
3.311733
2.916472
2.969307
2.071052
2.245112
2.563805
2.314644
1.919530
2.292663
1.422461
1.597304
1.607864
1.884948
1.981913
2.069178
1.965824
2.089109
2.187535
1.873172
2.396241
2.530594
2.591690
2.515977
2.330851
2.352141
2.705914
2.615979
2.650836
2.314944
1.352551
2.856946
2.609446
2.781757
2.754285
2.898041
1.188915
2.985119
3.094388
3.725833
2.877832
3.202006
3.064081
3.433041
3.202006
4.800894
4.391829
4.413769
3.272115
3.407973
2.870147
4.154580
3.895199
4.340016
3.969040
3.711881
4.043331
3.848174
3.817045
4.483047
4.334859
3.218448
4.295312
2.853910
3.196254
3.718461
3.400552
2.872788
3.688833
3.786003
3.786003
2.624936
2.643654
2.532611
1.849883
1.927454
1.418047
1.430619
1.406240
1.470391
1.895802
1.728979
1.912927
2.339231
2.074706
1.856151
2.447181
1.925237
1.740714
2.110226
2.068381
1.770935
1.360576
1.124946
1.399283
1.333169
2.942421
2.681656
1.416205
1.317372
3.317544
3.457793
4.377194
3.588546
3.339497
3.616843
4.136193
4.034647
4.217891
2.110578
2.879086
3.366782
3.054938
3.469040
4.158824
4.685956
4.694622
3.040234
3.089520
3.228960
2.624184
2.529567
4.604321
4.633777
3.052623
3.105405
2.947793
3.326262
4.707386
5.134710
3.478752
2.967081
4.181427
3.119299
3.943034
2.719210
3.237837
4.047533
4.018894
4.086884
3.087981
3.251657
3.228442
3.242581
3.406643
3.306384
2.402950
2.386603
3.051788
2.176197
2.379851
1.861078
1.926863
2.580543
1.851490
1.757659
1.580130
1.889158
1.517795
1.959520
1.735333
1.791372
2.207509
1.937388
2.355903
2.334973
2.126473
2.052365
1.945232
2.235899
2.281460
2.350455
2.350455
2.269325
2.530594
2.589435
2.690089
1.742935
2.439793
2.518190
2.670590
2.065796
2.287268
2.605964
1.440399
3.766709
3.936682
1.668968
1.861476
3.013205
3.644207
3.029719
5.029772
2.650619
2.689028
4.285751
4.525810
2.694963
4.529613
4.556312
3.176510
4.993051
3.711881
3.225434
4.830125
3.272369
4.030182
4.514800
4.177350
2.782035
2.669096
2.783416
3.180376
3.133991
2.638581
3.286723
2.489852
2.976138
2.305493
2.185090
1.486485
1.473714
1.730888
1.935450
1.575804
1.759021
2.196532
1.912927
2.272541
1.798603
2.012335
2.501444
2.385564
2.576828
2.770744
2.714454
2.499553
2.767909
2.937007
3.308518
3.561515
3.090148
3.976119
3.206378
2.912757
4.110169
2.879086
4.144343
5.012485
2.904971
5.029772
5.125984
2.709283
4.931137
4.784132
3.094343
3.320349
4.595318
4.425944
4.842237
4.868038
3.326262
3.225735
3.188138
4.563492
3.768923
3.079749
2.460736
5.134710
4.359624
4.490095
4.439328
4.641185
4.960367
4.059599
3.721005
3.902602
4.463585
4.086884
4.023413
3.478086
3.875135
3.680099
2.561344
4.008414
3.687518
3.406643
2.767884
2.066747
3.106140
2.303463
2.623346
2.301819
1.835232
1.434807
1.861390
2.295526
2.058787
2.042395
1.972279
2.163036
2.265619
2.030407
2.081362
2.610275
2.281533
2.292341
2.376383
2.866035
2.768263
2.333578
2.915150
2.960158
2.824126
3.193946
3.387041
1.664560
1.868170
2.005812
3.290725
3.092301
3.444998
3.248494
3.910528
4.375495
2.722780
3.867841
2.648670
2.788909
3.009422
4.694955
4.694955
3.018837
4.556312
3.768923
3.533163
4.210555
4.447152
4.707386
5.000938
4.959983
4.228306
4.086368
4.472678
4.678257
2.809896
4.158680
4.298150
2.950464
4.258189
4.258189
4.237380
3.546259
3.067348
3.417804
2.783416
2.816499
2.821078
2.769720
2.500311
2.321751
1.531724
1.676268
1.816609
1.812162
1.988881
2.450665
2.421522
2.254400
2.143823
2.690089
2.768263
2.659730
1.604811
1.570485
2.768676
2.142998
1.381213
2.231471
2.890243
2.902585
3.089225
3.582895
3.530247
3.753120
1.937532
3.695784
2.288693
4.655227
4.381619
2.655928
3.110434
3.054574
4.666853
3.169908
2.581432
3.166217
4.357646
4.232353
5.314352
5.239315
2.448857
4.417771
4.456769
4.624165
4.961963
4.483047
4.172698
2.607748
2.692719
3.120059
2.224423
2.529514
2.072845
2.813869
2.055644
2.172098
2.612167
1.727143
1.640057
1.629564
1.517442
1.786736
2.006533
1.796654
1.917592
2.160202
1.940840
1.918363
2.103786
2.163036
2.280795
2.304119
2.040427
2.103786
1.992050
2.316554
1.903289
1.845282
2.653746
1.539555
2.264138
2.204992
2.890243
2.915150
2.972645
2.760583
2.757374
2.829080
2.740938
2.635198
3.322233
3.112840
3.671567
3.915938
3.827167
3.085761
2.889396
2.861284
3.695784
2.142572
4.204399
2.343872
2.256925
4.799384
2.486062
4.391829
4.614853
4.897801
4.742736
4.556312
3.249152
3.028044
2.494573
3.326262
5.041648
3.142725
4.732119
4.463585
2.585442
4.566426
2.732819
2.890819
2.770369
3.718412
4.086884
4.420221
3.902225
3.785883
3.995257
3.677635
3.097482
3.237731
2.628610
2.937791
2.529514
2.634402
2.805664
2.375899
2.328518
2.233504
2.025743
1.423159
1.645825
1.722536
1.880048
1.721978
1.974593
1.759688
2.167004
1.802941
1.861390
1.933845
2.261575
2.344854
2.512773
1.925030
1.429906
1.620959
2.822968
2.621840
2.761332
2.509341
2.810443
2.683753
2.266420
2.503353
2.906824
3.074405
3.984185
2.886624
3.460330
2.949539
3.927682
2.898486
2.310665
4.930891
2.904971
3.325715
3.034576
3.260121
3.038548
4.611309
2.494573
4.247602
4.856617
2.657416
2.614707
4.452204
4.355193
2.922255
2.676867
2.184249
2.821078
3.121699
2.066791
2.438589
1.830950
1.545885
1.726765
1.698708
2.012330
1.860710
1.657013
1.957216
2.026955
2.293113
2.108476
2.032344
2.447181
1.843932
2.221266
2.588933
2.552865
2.765103
2.895777
2.291613
2.503353
2.728851
2.934781
3.028100
2.840984
3.555083
3.660099
3.596822
3.066690
3.216853
3.636252
3.930086
3.894917
2.716784
2.561151
2.847981
3.190503
2.650539
3.309016
2.597938
2.722102
3.165466
2.966620
5.276544
5.208364
2.721851
3.086017
4.839464
3.040014
3.166023
2.700589
2.700589
2.828054
3.441639
3.045080
2.937791
3.254545
3.578494
3.687946
3.242841
3.069904
2.849708
2.936682
2.129082
1.978711
2.523669
2.196493
2.066747
2.382589
1.979084
2.547134
1.846112
1.706060
1.972772
1.475271
1.773657
1.730888
1.902139
1.952945
1.717008
2.155465
1.976161
2.151696
1.940222
2.316554
2.254400
1.998657
2.364457
2.281321
1.883500
2.623729
2.648592
2.299922
2.798780
2.959542
3.103991
3.744155
3.645859
3.231201
2.811028
3.418850
3.922816
4.176276
3.722900
2.193787
4.876040
3.674551
4.204399
2.909143
4.938374
4.865513
2.607155
2.678595
3.008366
3.320349
3.038548
2.565988
4.417771
3.207224
4.789145
3.061987
3.130884
4.415035
4.435077
4.642807
4.414422
4.351653
3.608711
3.929379
2.845358
3.867050
3.865687
2.796823
2.328036
2.479739
2.387506
2.929599
2.829113
2.594852
2.929599
2.720993
2.745666
2.467726
2.387389
2.044832
1.753326
1.529045
1.542729
1.823112
2.045231
1.775188
1.810830
2.089305
2.000319
2.021599
1.811900
1.910100
2.244625
2.393501
2.262093
1.663506
2.801835
2.801835
2.194340
2.972645
2.757374
2.683865
3.013116
3.098857
3.039599
3.089225
3.032514
2.972760
3.582895
3.703766
3.984185
3.566744
3.290725
4.129349
4.370020
1.993115
4.881265
4.799384
3.576109
3.114717
4.821893
2.749334
2.929892
3.121768
3.325690
3.266412
5.276544
3.188138
2.813228
3.099486
3.020602
2.389248
5.205566
4.996955
4.098957
3.075767
3.075767
2.654667
2.580750
2.440169
2.462980
2.584194
2.172098
1.922462
1.832476
1.953518
2.059683
1.274267
1.315272
2.045231
1.725823
1.812236
1.952947
2.267148
1.947555
2.364457
2.515977
2.693941
1.826583
1.795526
1.861185
1.604811
2.124044
2.190287
2.891348
2.452033
2.441406
2.482705
2.777020
2.606656
2.616565
2.870280
3.218926
3.255785
3.703766
2.844862
2.920244
2.915898
4.581540
4.427792
4.824766
4.873049
3.703820
2.722297
4.459090
4.651567
4.546934
2.521709
2.598168
3.260121
3.325715
3.075637
4.471366
5.041648
2.901769
4.578436
4.597732
4.584053
4.416198
4.701775
4.414422
3.608711
4.281624
4.509412
3.216123
4.039328
4.190218
3.832147
4.127466
3.300835
3.460719
2.925154
2.083715
2.593374
2.792125
2.216825
2.290150
1.358288
1.694202
1.412886
1.545885
1.569905
1.780359
1.818932
1.878841
1.862818
2.022406
1.826534
2.553970
2.262994
1.924213
2.167004
2.421262
2.001131
1.846504
2.549816
2.266348
2.512773
2.019918
2.041555
2.069912
2.002362
2.693941
2.591404
2.144458
1.804755
2.458123
2.962353
2.891787
2.891787
2.855668
3.053033
2.675912
2.682602
3.144524
3.210339
3.506651
3.588164
2.985279
3.257201
4.799384
3.333518
2.835218
3.069895
2.469421
2.555770
5.073056
5.219539
3.207224
4.960367
5.044954
4.566426
5.053158
4.158680
4.073078
3.286677
3.101130
3.216123
2.686006
3.073592
3.720110
3.015328
3.387484
3.367745
2.735725
2.556462
2.786409
2.705270
1.916551
2.074776
2.025204
1.368107
1.968667
1.657028
1.927109
1.726213
1.872209
2.010824
2.025076
2.416522
2.059606
2.575943
1.944172
2.641909
1.991394
2.222744
2.351815
2.299173
2.545678
2.445362
2.424420
2.996114
2.950948
2.950948
2.743265
2.870280
2.881064
3.347432
3.548681
3.565171
3.653623
2.802693
2.901600
2.869753
4.991646
3.117329
3.456750
3.017378
2.700865
2.639454
2.565135
2.406322
2.813228
3.711597
3.789293
5.051972
4.730760
4.569715
4.526524
4.747941
4.028687
3.606304
3.367745
3.597045
3.603411
2.824265
3.081887
3.390241
2.485763
3.053590
2.252785
2.925154
2.689785
2.557531
1.323409
1.401323
1.297670
1.387154
1.695093
1.777234
1.743190
1.834184
1.749871
1.732357
1.979583
2.411504
2.340549
2.553970
2.624730
2.731789
2.260309
3.089225
3.479328
3.558881
3.539504
3.634856
3.074311
3.101830
3.275734
3.636807
3.688935
4.092504
3.108486
4.785428
3.722900
4.413527
4.780124
4.754652
3.327679
3.152696
2.689734
2.860198
2.836762
2.811975
3.284777
5.189466
5.271302
3.962164
5.286490
2.735456
5.051972
3.389772
4.944143
4.074286
4.356631
4.611786
2.919766
3.106547
4.452165
2.789625
3.754857
3.477470
2.331182
2.204882
2.204882
2.423438
3.073592
2.792125
3.435832
2.633213
2.382369
2.228360
1.401323
1.443570
1.563287
1.474861
1.781959
1.873013
1.637667
2.091798
1.972335
2.139139
1.720975
2.224068
1.762994
2.291613
2.236533
2.830076
2.966148
2.754588
3.528912
3.566171
2.857200
3.455584
3.425427
3.137729
3.794158
2.106681
4.670533
2.804825
4.651567
2.746762
2.919430
2.912555
2.694314
2.161154
2.543148
3.801494
3.273681
3.642549
2.713194
2.929892
3.962170
3.801494
3.389953
3.400166
5.276544
3.633554
3.933266
4.983174
3.130845
5.120135
5.111080
3.852901
5.135011
5.022656
4.398635
4.943769
3.617263
3.787796
4.832460
3.475435
2.924805
2.323299
4.111367
3.729692
3.250573
3.174710
3.089384
2.959161
2.448997
2.594852
2.572224
2.413673
2.402036
1.787842
1.742225
1.927692
2.010549
1.459332
1.642534
1.595450
1.642534
1.965805
2.012772
1.962637
1.980397
2.180802
2.172572
2.211750
2.563651
2.206776
1.981205
1.937953
2.731789
2.239116
2.805608
2.283775
2.288165
2.802393
2.881064
3.445338
3.548681
3.339112
3.209960
3.497941
3.424900
2.657288
3.494944
3.696089
4.683753
4.833250
4.819434
2.947312
3.137729
4.176276
3.511189
2.198348
2.086236
4.586699
4.702255
3.315428
3.090476
2.678011
3.243046
3.389953
3.076521
3.681004
2.440233
5.111080
5.013461
4.938314
3.633554
3.112458
3.789293
3.767903
4.919579
2.499989
3.272721
4.165070
3.705215
2.744761
4.276793
3.075767
3.289934
3.370746
3.289934
3.758063
4.111367
3.045080
2.749490
3.200994
2.450675
2.960651
2.837211
2.505603
2.921471
2.735725
2.565619
2.595101
2.852895
3.037124
2.492101
2.263444
2.270329
2.020005
1.733553
1.755920
1.796763
1.344443
1.421761
1.705250
1.827124
1.995236
1.647559
2.126158
1.660284
1.630304
1.843437
2.005669
1.751973
2.390473
2.190652
2.032433
2.207273
1.713586
2.441239
2.639519
2.657790
1.954557
2.433286
1.921458
2.575943
2.155954
2.458123
2.470584
2.356300
2.313257
2.266673
2.647565
2.498115
2.705361
2.879958
2.776075
3.390506
3.550169
3.001648
2.804618
2.942203
4.531137
4.781593
4.461631
2.307167
2.198348
3.090476
2.755090
5.030111
5.231154
3.343894
5.189466
3.999161
2.564349
5.104325
2.852632
3.265838
3.255953
4.716561
4.863007
2.532459
4.613985
4.268950
3.331368
3.567178
2.565619
2.893822
2.047899
1.953542
2.284302
2.532657
1.889007
2.243134
1.260745
1.362126
1.218462
1.408058
1.653506
1.879263
1.741502
2.118492
2.190652
1.882301
1.944362
2.306002
2.584383
2.545678
2.805608
2.827088
2.683270
3.482431
3.281645
3.448219
3.655043
3.678049
3.173381
3.351695
2.968209
3.529127
2.886096
3.991547
4.602315
4.352209
4.306829
2.559018
3.545298
3.074816
3.962164
3.511207
3.852901
5.146109
5.046651
5.002667
4.989103
4.278479
4.514857
3.146657
2.606277
3.463475
3.137326
4.528738
4.099338
4.415619
3.609711
2.592869
2.770574
2.479739
4.098957
3.297925
3.865687
2.441298
3.315454
2.724267
2.644569
2.122956
2.581177
1.633921
1.638769
1.282668
1.271397
1.551975
1.411554
1.727184
1.675292
2.082304
2.118492
1.906762
2.059606
2.067842
2.641909
2.470584
2.438723
2.774524
2.472783
2.494054
2.396550
3.506651
3.026041
2.990422
3.511189
4.819434
4.491744
4.198559
4.197980
3.533772
2.712779
2.925792
2.281547
2.922887
3.733175
5.058503
5.206915
2.508800
3.548676
4.055528
5.128861
5.094120
4.953907
3.702592
4.944143
4.715844
2.723422
4.914134
3.705161
3.239812
3.161040
3.408647
4.452165
3.129357
3.401702
2.786156
2.921188
3.115525
3.115525
3.180645
2.132905
1.747949
2.468538
2.251946
2.410179
1.911504
1.696769
1.929012
1.282668
1.322733
1.797100
1.769212
1.828315
1.876433
1.876433
1.754606
2.005669
1.706776
2.020037
1.888517
2.012772
2.022406
1.809180
1.968791
1.953426
1.884009
2.286597
1.943664
1.948616
2.623024
2.722539
2.761913
3.426954
3.657216
3.451279
2.884567
3.055209
3.081641
2.804825
2.558288
4.651567
2.704177
2.906882
4.903038
3.343702
4.513936
4.026680
5.269815
2.465595
2.291763
3.252029
3.475604
5.045485
3.408647
3.999161
4.199427
3.024407
3.831130
3.729692
3.153126
3.119364
3.603411
2.529503
2.402036
1.881267
1.808718
2.044842
2.177507
1.681637
1.636570
1.636931
1.695488
1.988654
1.736109
1.723330
1.653506
2.022406
2.091583
1.735320
1.686630
1.874932
2.205311
2.057502
2.353072
2.607996
2.792593
2.717535
2.304973
2.346455
2.898384
2.745341
3.345788
2.764226
2.696290
3.279986
3.192804
3.698271
3.549683
2.912912
2.823930
2.758287
2.851151
4.532477
4.206662
4.056214
4.339615
4.559107
4.790234
3.274894
3.285749
3.185121
5.072423
4.551857
3.248873
4.996955
4.674589
3.910816
4.043373
4.330693
4.584771
4.635286
2.732855
3.533260
3.307444
3.401702
3.134150
3.153865
2.409790
2.851803
2.679645
2.795725
2.193558
2.816118
1.960816
1.209450
1.476320
1.590324
1.606439
1.742214
1.955190
1.872146
1.981555
1.715733
1.819088
1.895093
2.393952
1.907524
2.174900
2.577046
2.472783
2.891081
2.891348
2.298233
2.239116
3.284813
3.128855
3.286446
3.199525
3.329755
3.268327
3.026041
2.940880
3.674128
3.477991
3.484012
3.452165
3.097330
3.176975
4.352209
4.342887
3.496014
2.752949
3.363981
4.608522
4.315343
3.074939
2.328958
3.804349
5.005280
3.312052
3.761386
3.357529
2.584021
4.828624
2.567794
2.454724
3.656385
4.056636
3.606304
3.230584
2.764363
2.679645
2.410933
2.217820
2.538462
2.448542
2.288071
2.285448
1.777817
1.758250
1.275303
1.513316
1.466912
1.590964
1.713461
1.785811
1.405043
2.300894
2.286597
1.781207
1.933529
1.945111
2.507288
2.477401
2.558065
2.366607
2.543576
2.247428
2.584871
2.397395
2.582317
3.307554
3.448351
2.823160
2.636846
2.681972
3.288247
4.531137
1.920975
1.882815
4.441546
4.700570
4.746926
2.916507
4.608522
4.819538
5.018667
4.496139
3.343894
2.870959
3.719512
3.296632
4.864932
4.768569
4.915410
4.633489
4.211880
3.705161
4.938739
4.697613
3.478195
3.425453
3.309156
3.523566
3.722474
2.813889
3.141982
3.009748
2.829254
2.193558
2.613704
2.795725
2.193558
2.318198
3.037124
2.402036
2.089054
2.275605
2.156844
2.399316
1.868506
1.733553
1.170218
1.391979
1.874036
2.447732
1.912739
2.622109
2.547178
1.933349
1.987020
1.982637
1.985236
2.356121
2.206831
2.200397
3.085789
3.009669
3.278876
3.366655
2.755840
2.737586
2.746136
3.254472
3.128915
3.718259
3.627214
3.175502
4.177959
3.176975
4.422072
3.956699
4.602315
2.717390
2.549918
4.349382
2.529083
2.787631
2.581009
3.936274
3.123803
4.752782
4.741214
4.908328
5.004308
4.717877
2.294778
4.527272
3.463475
3.705215
3.206658
2.938986
2.840331
3.370746
3.510335
2.993557
2.212451
2.131124
2.613530
2.835242
2.744038
3.315454
1.894096
2.074737
2.288352
2.089054
1.999444
1.868506
1.761253
1.767498
1.628657
1.628657
1.806766
1.225054
1.346203
1.488486
2.120216
2.315578
2.300526
2.487327
2.511293
2.371669
2.547178
2.309934
2.327488
2.366607
2.492833
2.368402
2.327947
2.259952
2.443828
3.096572
3.040247
3.361663
3.329755
2.626390
2.719239
2.657684
2.886624
2.889507
3.431567
3.469736
3.649377
3.507683
3.551086
3.278998
2.682470
3.441562
4.339615
4.131010
3.971435
2.658347
2.039208
2.564698
3.531029
3.078541
4.406482
2.432565
4.274812
4.236008
3.846715
2.363994
3.198307
3.848958
2.943890
3.250103
2.985157
3.372787
3.296449
2.663158
2.549419
2.909941
3.146720
2.710391
2.578007
1.905660
1.761253
2.034292
1.995526
1.950368
1.622982
1.628442
1.733360
1.730811
1.609960
1.416820
1.544354
1.267872
1.395035
1.389882
1.785625
1.647581
1.718477
1.593369
2.035783
1.894846
1.656554
1.620005
1.744695
1.857304
2.393952
2.538657
1.928167
2.649989
1.968517
2.437387
2.584794
2.792593
2.984109
3.100469
2.705042
3.406615
3.102864
2.757323
2.877773
2.754869
3.441562
2.947132
2.787420
4.022789
3.546573
2.066517
4.372658
4.315747
4.271482
3.090476
3.123803
2.729323
2.659139
3.810675
3.944105
4.150678
2.586230
3.903277
3.548676
3.719512
3.846715
3.761386
4.901388
4.365743
4.032239
4.828624
4.175007
3.680414
3.921776
3.544443
3.014930
3.058944
3.461076
2.964844
2.823429
2.465364
2.047125
2.816118
1.841452
1.780118
1.686950
1.719405
1.789995
1.889586
1.745930
1.714902
1.626806
2.315578
2.489264
1.914917
1.902640
2.722491
2.662291
3.122815
3.170461
2.613516
2.866033
3.474919
3.496630
3.282734
3.055209
3.097330
3.115082
3.009249
2.283831
4.285587
4.514868
3.321784
5.058503
3.044750
3.538501
2.680172
3.274894
3.569174
3.719512
4.903038
4.807773
4.231576
4.439074
4.807773
4.381653
3.728019
3.761386
3.258541
3.401702
3.210401
3.017343
2.431206
2.887663
2.758143
2.484224
2.152874
2.152874
2.488374
2.350310
2.387245
1.583245
1.497145
1.155134
1.124151
1.202106
1.469260
1.630046
2.027303
1.673739
2.513750
1.915802
2.316232
2.368402
2.454912
2.282239
3.063019
2.766618
2.653235
3.252378
3.425636
3.243243
3.385113
3.302786
2.804649
3.387791
2.595078
3.015522
3.909275
4.151891
2.634664
2.666943
2.160531
3.376190
4.115067
4.236008
4.623249
3.960199
3.585073
4.113328
3.747530
4.737754
3.544443
3.522309
4.233524
3.469003
3.323103
3.145900
3.141982
2.829254
3.461076
3.549217
3.274038
3.250103
3.209408
2.306232
3.209408
1.994563
2.388075
2.585872
2.012180
2.535636
2.107473
1.985220
2.288352
1.911791
1.872518
1.708837
1.636690
2.204675
2.362199
2.204675
1.904785
2.597927
2.434228
1.968517
2.044899
2.129115
2.325110
2.383095
2.451132
2.494011
3.122815
2.734841
2.608869
2.541255
3.100469
3.334945
3.186774
2.889507
2.930084
2.906792
2.917058
3.234372
1.574577
3.262968
2.949146
3.171360
1.757073
3.175502
1.906941
4.091859
4.665998
4.240413
2.924993
3.374238
2.760387
4.458487
2.366137
3.714539
3.757954
2.337584
4.872611
2.436647
3.357237
3.296632
3.846715
3.526945
4.797932
3.634641
3.689115
3.374552
3.298050
2.782928
2.590076
3.206658
3.252774
3.307966
3.323103
2.888514
2.952184
2.827010
2.653581
2.184432
2.069467
2.344900
2.422086
2.440384
2.358397
2.102404
2.018871
1.628442
1.680411
1.924969
1.725858
2.074884
1.175929
1.599533
1.988654
1.684429
2.442974
1.606775
2.515100
2.368329
1.920500
3.246090
3.191572
3.131008
3.158657
2.673067
2.644992
3.329775
3.466187
3.417092
1.504867
1.724078
1.871389
1.868224
2.100043
1.740929
1.993342
1.782966
2.508392
3.342788
1.953132
3.369022
4.653261
4.187897
3.299414
3.789642
3.829593
2.916568
3.564046
4.537114
3.123438
3.585073
3.728019
2.659756
2.569519
2.330713
3.289951
2.887663
3.056511
3.049958
2.085940
2.046592
2.888514
2.924983
3.097072
1.821674
2.112075
1.813673
1.263676
0.998686
1.530302
1.738642
1.863390
2.004062
1.487413
1.963186
2.158955
1.649039
2.204458
1.916853
2.082148
1.931518
2.085911
2.459269
2.246959
2.622964
3.223590
3.217546
3.226555
3.047918
3.630609
2.664044
1.882815
3.735933
3.894005
4.339615
1.952782
3.735488
3.671772
2.839144
2.481480
2.733892
2.641196
4.834769
3.496624
3.551737
3.660810
2.410185
2.510980
3.312818
3.323276
3.321312
3.371381
3.395721
4.087756
2.414445
3.314139
3.289951
3.549217
3.009748
3.259421
3.176434
2.734304
2.913900
2.230984
2.952184
2.564578
2.552305
1.887060
1.990716
1.859270
1.083797
1.197742
1.090875
1.255290
1.858329
1.672319
1.888595
2.413615
1.877820
1.883654
2.296153
2.183507
2.364595
2.219080
2.233343
2.305092
2.544190
2.984109
2.953372
3.002202
3.067339
3.013077
3.186774
2.796165
2.814851
2.910701
3.385113
2.968963
3.682170
3.674128
2.100043
2.258727
4.091859
2.431444
2.817870
2.406313
4.726494
2.607044
2.516549
3.529944
2.265364
3.168499
4.591917
4.636636
3.923640
3.965186
3.251513
3.512228
3.571933
3.323276
3.627690
3.555704
3.539257
3.289810
2.943890
3.102356
3.609691
2.734304
2.207175
1.813749
1.808917
1.622982
1.209450
1.665250
1.688496
1.888595
1.691876
1.688496
1.967778
1.918418
2.442974
1.922241
1.706911
1.772500
1.907151
2.584794
2.524503
2.147150
2.058405
2.158305
2.131442
2.246655
2.599154
2.765347
3.071025
2.979463
3.707229
1.643539
3.014062
2.399560
2.603712
2.170393
2.429137
3.735933
1.947248
2.714481
2.735186
3.898596
3.486097
3.598105
3.602207
2.974386
4.423365
3.285066
3.742506
4.929155
3.965186
2.477941
3.587972
3.533981
3.728019
3.071819
3.282418
3.302268
2.094797
2.805515
2.889957
2.882590
2.514643
1.982733
2.078399
2.473616
1.669300
2.042969
1.562043
1.158234
1.251665
1.560115
1.863390
1.715572
1.328494
2.012915
1.881663
2.140666
1.870636
2.051044
2.155710
1.796027
1.888788
2.451132
2.506127
2.053452
2.163487
2.364511
2.343395
2.687696
2.724640
3.157645
3.427627
3.225944
1.398109
3.051528
2.981488
2.603712
4.047456
4.100635
2.273534
2.352605
4.047456
3.154611
2.867171
4.240413
4.103820
1.983829
2.162693
3.308772
2.518275
2.607044
3.523752
3.440858
2.230280
2.264177
3.054292
2.433000
2.324623
3.527521
3.326271
3.565535
2.674013
2.758143
2.627255
2.769598
2.564578
2.070341
1.117545
1.241573
1.530302
1.832642
1.719159
1.832211
1.963186
1.750474
1.724645
1.549148
1.722027
2.051559
1.928255
1.958021
2.310984
2.374008
2.548209
2.419709
3.031140
2.994564
2.487171
2.817477
2.802903
3.489868
3.639365
1.520737
1.493174
1.650387
1.707971
3.064562
1.913213
2.088977
2.679878
2.829551
2.837828
2.468894
2.788542
2.012557
3.600235
3.523359
3.415342
3.369556
2.859730
4.103246
4.193880
2.044132
3.046077
3.292534
2.817870
4.653261
2.534259
3.992838
4.337234
2.324213
4.680035
2.894182
3.009822
2.528145
2.818214
2.774039
3.275568
3.303543
3.809914
3.300381
3.692335
3.374552
3.327168
3.469003
3.302268
3.012647
3.094626
2.250154
2.133042
2.177243
2.740004
1.874760
2.053259
1.179261
1.384068
1.604905
1.629751
1.582971
1.724476
1.832211
1.606002
1.638407
1.668242
1.600194
1.968118
2.353780
2.262124
1.841837
1.740678
1.864569
2.519310
2.519310
2.177768
2.411195
2.469535
2.489187
2.155488
2.176362
2.949279
2.967646
2.638690
3.196958
3.249422
2.960158
3.486115
3.124527
3.432256
3.641905
1.854443
3.600235
3.415342
3.284469
2.788542
2.716011
2.234857
2.664570
2.003788
2.603904
4.034005
3.640716
3.109606
3.389397
2.508700
3.467136
3.207577
3.788621
3.371381
3.327168
3.479070
3.378609
3.627690
2.044649
2.101928
3.583156
3.549217
3.582527
3.649412
3.408370
3.326271
2.845084
2.844733
2.605167
2.482423
2.013871
1.795547
1.562043
1.697809
1.133028
1.518341
1.573909
1.759351
1.711211
1.424105
1.967778
1.649443
1.609563
2.276480
2.310005
1.836392
2.265899
3.031122
3.189665
3.236464
3.434385
3.370030
3.378497
2.931074
3.232390
3.762660
2.926633
2.926633
3.558911
3.831946
2.593557
1.925019
2.092409
2.344164
2.494628
2.493783
3.688598
3.111016
2.211882
2.512316
3.910816
4.711585
2.894182
3.488995
3.308702
3.583384
3.362804
3.935475
4.000368
3.415989
3.583156
3.649412
3.208255
3.658019
3.043292
3.447742
3.167737
2.767952
2.619528
2.568793
2.304827
2.257862
2.523378
2.473616
2.042556
1.837241
1.705480
1.968652
1.718559
1.543691
1.039263
1.435469
1.333187
1.048171
1.328345
1.420849
1.759351
1.813646
2.029686
1.406033
1.854227
1.799721
1.872060
1.911588
1.483528
1.690391
2.077352
1.568369
1.748455
1.893927
1.747432
2.353780
1.737978
1.747830
1.777467
1.760122
2.601785
1.822829
2.248681
2.317392
2.377271
2.374008
2.079123
2.290969
2.423473
2.723090
2.797145
3.136934
3.168587
2.950060
3.276640
3.670659
3.520025
3.432264
2.949146
1.707971
3.051528
1.791034
2.647586
2.111709
2.521425
2.696550
3.651013
2.544821
2.859730
4.103246
2.820750
3.312182
3.582759
3.528059
3.165200
2.671581
4.444029
2.361915
2.479974
3.679434
3.384559
3.542228
3.521783
3.461785
3.559349
2.346256
2.196983
2.401655
2.845084
2.717316
2.165229
2.096887
2.482423
1.966263
1.763845
1.854899
1.728864
1.573405
1.713931
1.355621
1.153161
1.762913
1.844378
1.991250
2.231305
2.311923
2.974144
2.693550
2.420582
3.160314
2.765975
2.862906
3.102605
3.182756
3.157645
3.062223
3.006025
3.237116
3.084112
2.735970
2.671278
1.650387
2.591243
2.722098
3.728637
2.205515
2.266467
2.959221
1.900309
3.763582
3.872547
3.998868
3.246463
2.508201
3.165919
2.838076
3.994783
3.019743
2.974386
3.657999
3.039109
3.064275
3.513501
2.214576
3.778911
3.574096
3.837035
3.367100
3.555704
3.141760
3.008374
2.062233
2.538943
2.491831
2.798695
2.538943
2.098601
1.981497
1.848330
2.069467
1.783370
1.906381
2.135812
1.200498
1.543990
1.734579
1.660444
1.576564
1.913125
2.009908
2.634225
1.916699
2.394676
1.567972
2.451176
2.216733
2.132626
1.464594
1.420644
2.968045
3.031122
3.045942
3.155052
2.872015
2.766937
2.868383
3.110603
3.327817
3.311817
2.217120
1.827121
1.917364
2.294543
2.493429
2.015354
2.284164
3.469285
2.984629
3.222778
3.959517
3.957589
1.871726
2.644594
2.138556
2.087786
4.407713
4.236516
3.308028
3.175516
3.025189
2.486713
3.523696
2.580132
2.667541
3.092190
3.294921
3.314081
2.708693
3.059911
2.995027
3.251781
2.137712
2.541273
2.433717
2.502906
2.444448
2.571683
2.655245
1.932299
1.857777
1.040253
1.003547
1.102021
0.955032
0.964912
1.542191
1.551800
1.566164
1.671100
1.608863
1.732627
1.914930
2.379406
1.885567
1.812638
2.319715
2.199142
2.996374
3.058994
2.924423
2.734919
2.687593
2.758530
2.975500
3.075872
2.944174
2.868383
2.911844
2.794233
2.727402
2.691202
3.336023
3.344554
2.617134
3.545985
2.543038
2.833745
2.765487
2.679878
3.457841
4.072910
2.131776
1.905317
1.838041
1.804711
2.760602
2.235777
2.107557
3.805929
2.504489
2.928366
2.872581
4.736578
3.177275
3.344369
3.420033
3.302268
2.127198
2.222585
2.979912
2.473616
2.240570
1.804221
1.710359
1.973800
1.200529
1.209496
1.469743
1.592800
1.591832
1.619526
1.618971
1.683038
1.769194
1.806631
1.675843
2.155710
1.732559
1.726134
2.694947
1.814501
2.760827
3.046351
2.679022
2.414399
2.875059
3.160066
2.868998
2.833008
3.093225
2.765975
2.678362
2.960158
3.384586
3.363478
2.899198
1.643539
1.670310
1.691791
1.511707
1.556286
1.746893
3.236722
3.178659
2.015354
3.772964
1.825809
1.905317
3.082389
3.983155
2.919652
3.961380
2.760029
4.424017
2.410185
3.347278
3.232693
3.595150
2.543233
2.576974
3.248584
3.305975
2.976797
3.193319
2.817883
2.268370
2.219594
3.476442
3.196440
3.342305
2.715395
2.798938
2.541273
2.502906
2.390491
2.382599
2.582664
2.105650
1.850870
1.912402
2.009478
1.862996
1.902447
1.825164
1.737665
1.872060
1.608702
2.056270
2.026590
1.759458
1.736053
1.951934
2.037116
1.829374
1.696807
1.859712
1.768204
2.092984
1.956049
2.954598
2.794233
3.184500
3.237116
3.248668
3.219343
2.996163
3.084112
3.549615
3.717958
2.613567
2.988349
3.017505
2.714275
3.365111
2.764412
2.606626
2.973747
3.922663
2.911999
3.831600
2.366036
3.948493
2.247737
2.037199
2.497909
2.394092
2.701894
3.320047
3.790510
2.533870
3.332495
3.406859
3.315841
3.344007
2.345960
3.653285
2.521293
2.892292
2.911508
3.632230
3.376082
3.436570
3.039143
2.790025
2.774382
2.691761
2.645213
2.479590
2.571786
2.586098
2.582664
2.586098
2.017632
1.000980
1.049354
1.197008
1.568369
1.434281
1.456990
1.505148
1.655428
1.709871
1.703917
2.098326
2.286531
1.807926
1.879988
1.798207
2.924423
2.734919
3.010707
2.868998
3.136934
2.927715
2.761241
3.037630
3.154736
3.010707
3.076081
3.054598
3.062223
2.910180
3.100112
2.944174
2.547932
2.676313
3.230613
3.215352
3.478862
3.313355
2.317765
2.678246
1.555423
2.253639
2.693888
2.754955
1.835961
2.284164
2.155385
2.309510
2.489194
2.593460
3.146148
2.922523
2.870648
3.307031
3.543557
2.772703
2.653850
2.744563
3.571054
3.648618
3.200692
2.562017
2.520644
1.914523
1.955948
1.887839
1.748711
1.741473
1.908573
0.947324
1.003547
1.316940
1.684104
1.716002
1.762082
1.802987
1.727404
1.795855
2.664766
2.347597
1.949586
2.878144
2.372205
2.885281
2.801436
2.933947
2.473475
2.406480
3.142418
3.267489
3.389092
3.405421
2.834479
3.661562
3.903316
3.862661
2.680789
2.217404
3.777997
3.836953
1.555682
2.009816
1.918320
1.781306
2.740090
2.678115
2.068018
2.987727
3.615212
2.678115
3.342691
3.604354
3.615463
2.569225
2.291509
3.550301
3.157156
2.436759
3.056184
3.385574
2.447554
2.674013
2.656801
2.552926
1.862373
1.899522
1.937274
1.968342
1.943221
1.120241
1.363209
1.680582
2.228670
2.001314
1.817825
1.721884
1.713322
2.690820
1.697453
2.768446
2.146397
2.968045
2.885491
3.105786
2.936632
3.182756
2.860427
2.836911
2.591474
3.549615
3.445792
3.069879
3.402277
2.864733
3.814575
3.732858
3.798156
2.958155
2.458317
1.547299
1.618825
3.847487
2.000547
2.600129
2.257265
2.178359
3.499870
3.497124
3.210625
2.719517
2.847170
3.095408
2.730142
2.590546
2.308228
3.319110
3.485545
3.392713
2.393333
3.648618
3.490379
2.815260
3.420468
2.003767
2.900659
2.033327
2.520837
2.333555
2.541705
2.769598
1.943683
1.761220
1.837581
1.058290
1.025710
1.422554
1.390730
1.586858
1.486176
1.629657
1.921916
1.561427
2.190237
1.876248
2.268716
2.487904
2.579449
1.771084
2.020407
2.131049
1.995766
2.085791
2.792843
2.400522
3.056571
2.919749
2.596317
3.053138
3.067921
3.115404
3.210943
3.238595
3.092578
3.542377
3.364754
2.781001
3.427819
3.746415
3.445792
3.862661
2.589213
3.627042
3.567318
3.903316
3.469285
3.763582
2.749569
2.120248
2.827801
1.825809
2.364027
2.584748
1.702590
2.891040
2.624614
3.559020
2.953884
2.677351
3.103744
3.039109
3.592170
3.140758
3.752786
2.886555
3.694410
2.681706
3.043422
3.492331
3.652217
2.490327
3.036304
2.385369
2.738000
2.963835
1.958041
2.191834
2.377038
2.560960
2.624270
2.643888
2.676004
2.447637
2.541389
2.389728
2.569010
2.297733
2.469986
2.392239
1.841803
1.077913
1.222318
1.374297
1.590496
1.322851
1.824628
1.840575
2.327651
2.550474
1.775410
2.000112
1.517077
1.681962
1.359959
1.419905
1.259198
1.381171
2.849026
2.926648
2.918465
2.830663
2.959145
3.075872
3.389092
3.265069
3.230053
2.583259
2.771918
2.238215
3.874248
3.812616
3.879417
3.797648
1.839959
2.149052
2.259566
3.961380
3.095408
2.915145
2.751615
3.473063
3.473063
3.001758
3.509576
3.606232
2.178707
2.814217
2.437694
1.910869
2.333555
2.500447
2.251580
2.622338
2.582664
2.072728
2.245433
2.491194
2.510289
2.111599
2.006121
1.840488
1.878903
1.147587
1.128466
1.548740
1.553921
1.383879
1.542191
1.463552
1.831334
1.651942
1.828764
1.803468
1.903013
1.778772
2.339866
1.750769
2.709631
1.746057
2.664346
2.694947
2.018621
1.451713
2.037226
1.420644
1.303030
2.954598
2.904844
2.899934
2.950156
3.051356
3.141641
3.016655
3.784979
3.891847
2.398456
2.358672
2.514462
3.014170
2.085500
2.077564
2.238178
3.626858
2.465797
2.217782
2.857045
3.892039
2.480887
2.400777
2.377553
2.864438
3.361012
3.549421
2.446992
2.749940
2.820348
3.653285
3.510429
3.092190
3.519859
3.584076
3.318986
2.294273
2.210105
2.447147
2.318761
2.729164
2.692597
2.285362
2.355881
2.165608
2.360358
2.450042
2.571683
1.914523
1.960621
1.163917
1.278172
1.174648
1.331289
1.441828
1.433131
1.433131
1.593402
2.482679
2.034750
1.629104
2.675104
1.788030
2.394676
2.317392
2.233219
2.692697
2.841784
2.854254
2.799225
2.440986
2.869742
2.782967
2.892281
2.677727
2.753316
2.980523
2.996312
2.937220
3.511439
3.236722
2.611476
2.991893
2.465797
3.096641
2.923280
2.429525
3.138578
2.791434
2.888148
2.626967
2.343025
2.749940
2.343025
2.715099
3.490379
3.490379
3.475130
3.519859
2.060353
2.910573
3.050886
2.286753
1.922206
2.214575
2.491831
2.415697
0.964007
1.238501
1.405799
1.391967
1.657963
1.578761
1.988703
1.993250
2.099032
2.613886
2.610801
1.359959
1.486772
2.750732
1.599274
2.177768
1.250080
2.654153
2.926648
2.936704
2.835573
2.861123
2.627757
2.892281
3.231001
3.376968
3.107183
3.583387
3.796282
2.637131
2.863729
3.051155
2.077564
3.144708
3.111016
2.282000
2.000547
2.374799
2.598333
3.237425
2.947223
2.917156
3.331660
3.608494
2.391172
3.632230
2.627158
2.182790
2.810724
2.711904
2.346557
2.464628
2.136954
1.972395
2.096394
2.007267
1.963745
1.147835
1.676484
2.196288
2.268716
2.316185
2.617550
1.426312
2.689128
2.625993
1.788203
1.847348
1.300343
2.740017
2.789807
2.275631
2.542495
2.701097
2.687335
2.707032
2.664268
2.907475
2.791503
2.943809
3.102502
3.077691
3.415123
3.363774
2.830654
3.319203
3.574537
3.151162
2.495106
3.770686
3.578101
2.405806
3.153538
3.096622
2.253449
1.667068
3.373574
3.272314
3.499870
3.961380
3.773589
2.610073
2.764758
3.004556
3.004556
3.205261
3.331660
3.381906
3.569436
3.119177
3.097129
3.305072
3.485556
3.448463
3.431976
3.431976
2.263804
2.573598
2.820348
3.203491
2.833068
2.056673
2.579080
2.161321
2.373001
2.222084
1.947592
2.051641
1.941170
1.558299
1.874350
1.824461
1.898675
2.216480
2.297571
2.257174
1.564847
1.884607
2.320412
2.357078
2.575524
1.595569
2.639063
2.169976
2.799209
2.838482
3.025404
3.025404
2.907475
2.959145
2.740444
3.190779
3.214895
2.563037
2.764662
3.546187
3.611169
2.881345
2.979656
3.742116
2.604133
3.401928
3.351069
3.694162
3.051155
2.502207
2.659732
2.985655
2.540567
2.643046
2.523320
2.484904
2.866418
2.579782
2.654626
2.580671
2.401924
2.320948
3.277525
2.067237
3.038122
2.733744
3.075746
2.748019
2.375915
2.479764
1.855853
2.890352
2.309683
2.069363
2.133015
1.815319
1.974678
1.974924
2.044538
1.878585
1.811007
1.015252
1.105900
1.102519
1.015828
1.320613
1.390730
1.525844
1.261836
1.985691
1.895257
1.933052
2.453498
2.244841
2.205452
1.667522
2.397912
2.446981
2.553253
2.369637
1.743000
1.826693
2.497179
1.901314
2.357078
2.011523
1.933153
2.233219
2.275894
1.241454
1.400859
2.586799
2.706447
2.378558
2.754786
2.339361
2.817211
2.928730
2.918465
3.073948
2.547124
2.727261
3.048085
3.265069
2.519735
3.401857
3.554036
2.643276
3.611169
3.382667
2.880730
3.723580
3.862661
3.680411
3.752070
2.534346
2.508834
2.423398
2.134349
2.571416
2.475848
2.120248
3.681445
2.887495
2.629968
2.000547
2.832642
2.757766
3.553294
3.553294
2.429213
2.621680
3.237718
2.282321
2.522734
3.531595
2.520569
2.505243
3.367609
3.369492
2.247867
2.321150
3.331935
2.540488
3.409974
3.200684
2.215087
2.716056
2.619008
2.441301
1.942707
2.114568
2.005775
1.171150
1.644152
1.734597
1.997289
1.407113
2.296266
2.068394
2.098836
1.830597
1.663382
1.808483
2.732519
2.679838
2.520152
2.520152
2.392797
2.844006
2.677727
2.862373
2.995865
3.222740
2.639412
3.154759
3.154759
2.649816
2.900725
3.058743
3.177120
3.735304
2.542447
3.573743
3.728382
2.924110
2.809930
2.833928
2.556974
1.939782
2.100544
2.428684
2.887495
3.096055
2.523320
2.322121
2.529284
2.308802
3.333689
3.434998
2.817883
2.364858
2.544665
2.595604
2.558602
2.306093
2.031080
2.031080
2.114568
1.984600
2.136551
0.940534
0.977878
0.879672
1.194992
1.317800
1.339274
1.048155
1.611906
1.611822
1.132755
1.424000
1.407113
2.009876
1.708143
2.617550
2.480358
2.615879
2.644043
2.500467
1.768583
2.582773
2.706447
2.586799
1.996684
2.365315
2.641352
3.222988
3.679763
3.619668
2.376047
3.364732
3.538523
2.338199
2.316583
2.337473
2.465611
3.327598
2.428578
3.402314
2.021472
2.042386
2.229278
2.342533
2.310351
2.052835
2.169223
2.134279
2.314767
2.515750
2.090644
2.010810
2.165608
2.197785
1.828816
1.032208
1.198159
1.290047
1.533606
1.844875
2.166027
1.821674
1.848367
2.148715
2.032372
2.509516
1.962119
2.198522
2.615879
2.275170
2.176210
2.784154
2.596236
2.767195
2.777414
2.996312
3.119617
2.795964
2.819169
3.735304
2.107520
2.021279
2.332243
2.448256
2.110620
2.270458
2.496875
1.859157
1.583181
1.978083
2.450554
1.944644
2.000892
1.799783
2.576248
2.118561
3.059333
2.864438
2.067652
3.342800
3.093258
2.471705
3.461681
3.133108
2.958780
2.688199
2.584218
1.733450
1.563155
1.861975
2.032372
1.782448
1.820123
2.056607
2.040805
1.516574
2.316764
2.144905
1.857296
1.848367
2.544824
2.551362
2.444701
2.562351
1.397296
1.634576
2.590724
2.126191
2.707698
2.841784
2.325099
2.666600
2.682113
2.881271
2.781173
2.672164
2.305741
2.620118
2.926042
3.096177
2.409246
2.606499
2.688026
3.530640
2.986366
2.848392
2.654505
2.779790
2.819169
3.722502
2.696236
3.273654
3.558787
3.507620
3.626858
3.573743
2.323751
3.311093
2.297967
2.288605
3.144708
2.197595
3.085547
2.113892
2.203941
2.176173
2.816101
3.057788
3.205312
2.303455
2.457825
1.942644
2.359952
2.299675
2.097541
2.155389
2.287601
1.989296
2.065074
2.197785
1.861948
1.223127
1.100564
1.134747
1.134747
1.343742
1.317800
1.225550
1.555327
1.744540
1.515928
2.270745
1.808087
1.997861
1.796593
1.615175
1.733251
2.630037
2.547174
1.789257
2.462653
1.116136
2.836829
2.854254
2.784970
2.632052
2.784970
2.463500
2.864374
2.734381
2.537941
2.527310
2.684585
3.735304
3.626858
2.865638
2.962808
2.581669
1.613452
1.819135
1.894469
3.555827
2.992546
3.253312
3.524771
3.388869
3.262573
3.223197
3.182294
3.383420
2.419498
3.310357
3.262817
2.443367
2.155389
1.987282
2.035892
0.949048
1.020774
1.388400
1.798182
2.184600
1.863288
2.159255
2.259794
2.616952
2.252198
2.552975
2.551092
1.251005
2.711251
2.521378
1.245812
1.150487
1.915030
1.116136
2.754786
2.763253
2.551307
2.507609
2.590231
3.364754
3.254382
3.062387
2.616132
2.440257
2.636120
2.392410
3.051155
1.921830
2.724847
3.111547
1.527162
3.182325
2.622736
2.744056
3.241280
3.140877
3.367104
3.402359
2.347441
3.409300
2.889854
2.226834
2.069659
2.292631
2.217729
2.480766
2.019276
1.890060
1.325173
1.282699
1.440782
1.440782
1.408821
1.155487
1.666819
1.655892
1.875595
2.039182
2.478453
2.511517
1.845431
2.159255
2.556641
2.588490
1.134431
2.045171
2.323439
2.791658
2.874390
2.902648
2.702646
2.609047
2.708222
2.825648
2.921882
2.605896
2.960534
2.822552
2.476944
2.991747
3.087158
3.102502
3.324750
3.156981
3.409056
1.985977
2.613185
2.007685
2.102975
2.163401
1.854676
2.985655
1.863483
1.808212
3.255327
3.174716
3.200446
3.386945
2.700758
2.262559
2.177138
2.088358
2.290474
2.293903
2.239529
2.153659
1.005756
0.988347
1.068412
0.912579
0.970437
0.941539
1.198159
1.155841
1.069974
1.629066
1.644763
1.832482
2.350101
1.681978
1.736976
2.059498
2.159255
2.534887
1.292008
1.771824
2.000450
2.653244
2.462653
2.758177
2.594970
2.819769
2.492008
2.376402
2.707032
2.606724
2.891861
2.995312
2.763471
2.578867
3.614852
2.448763
2.045864
2.220994
2.613185
2.389239
2.542447
2.305688
2.332319
1.893959
1.929360
2.049858
3.095678
2.689610
1.507615
3.233078
3.342800
3.013899
2.751498
2.296975
3.113244
3.118929
3.191102
3.221935
3.223197
3.023874
3.139052
2.373594
3.290346
3.200421
2.520450
2.770298
2.314767
2.448263
1.834829
0.805728
1.210022
0.918363
1.699934
1.734979
1.567071
1.513259
1.491722
1.547536
1.582796
1.892839
2.186581
2.389280
2.332513
2.327906
2.233942
2.295619
2.531648
2.395312
2.454345
2.552537
3.016258
2.735512
2.855753
2.515204
2.515140
2.095255
2.890110
3.233744
2.412084
3.022193
2.584310
2.151326
0.922561
0.876980
0.964007
1.686628
1.483367
1.556484
1.718475
2.456159
1.908046
1.799637
2.278177
1.990755
1.464305
2.442697
2.653244
2.670951
2.384517
2.547841
3.209129
3.219771
3.211704
3.169567
2.507490
2.900725
3.485884
3.401173
2.907687
2.340812
2.323751
2.297967
2.312799
2.029613
3.007558
2.952744
2.898253
3.307018
2.370863
2.261798
2.020070
2.377397
2.279939
2.037766
2.226834
1.888539
2.017404
1.971373
1.812793
1.916072
0.866973
1.381526
1.003959
1.442489
1.580272
1.434721
1.568594
2.198212
2.501582
1.961900
2.451031
1.864108
2.487766
2.363382
2.707698
2.645425
0.892034
2.607041
2.482911
2.563931
2.734927
2.824081
2.864740
2.416110
2.441853
2.804222
3.219771
3.254382
2.486482
2.491657
3.615590
2.210191
2.474164
2.276701
2.106952
1.988590
3.407838
3.113244
2.211137
3.342704
2.429927
2.481358
2.719752
2.744018
3.262817
2.232259
2.228161
2.466657
2.108156
2.014724
1.843340
0.850396
1.020955
1.235931
1.627119
1.538788
1.544058
1.740229
1.629554
2.042624
1.693543
2.306565
1.949215
2.563808
2.114088
2.100802
2.325273
1.666469
1.735306
1.328785
2.609447
2.702041
2.652248
0.895298
0.979381
0.936625
2.811532
2.726120
2.944208
2.759389
3.053605
3.056768
3.147760
2.399124
2.760482
3.219396
2.535881
3.394573
3.425738
3.164781
2.515140
1.966655
2.582819
2.788085
2.907687
2.146533
1.984908
2.174745
2.210889
2.265998
2.982458
2.265998
3.055774
2.381563
2.936145
2.390603
2.344580
1.403690
1.452036
1.350822
1.473981
1.599294
1.598784
1.329273
1.544058
1.981648
1.875595
1.619106
2.185588
2.220300
1.568594
2.550820
2.617868
1.214709
2.707698
2.030313
2.175458
2.445512
2.284517
2.879398
2.631301
3.106348
3.053605
3.033519
3.164030
3.241166
2.763471
2.750341
3.616092
3.543505
3.515975
3.427716
2.078977
2.337112
2.230347
1.744861
2.624953
1.613452
2.647171
2.344580
1.235931
1.190741
1.429607
1.835429
1.820041
2.225404
2.610801
2.033829
2.077115
1.923973
2.047169
2.243172
2.575630
2.625391
2.540162
2.521455
2.379629
2.644329
2.326968
3.209114
3.147760
3.213975
3.490121
3.514421
3.574167
2.191949
2.103880
2.286451
2.040660
2.612020
2.380717
2.047619
2.905872
1.894469
1.924255
2.859277
2.251566
3.102502
3.123997
2.602435
2.615549
2.110398
2.196750
1.737662
2.326723
2.274765
2.419228
1.891647
1.934861
2.439254
2.602541
1.019694
2.479343
2.787803
2.666318
2.888245
2.883590
2.426862
2.376941
3.219771
2.548803
2.706403
3.574167
2.370916
2.345762
2.144590
2.414313
2.312752
2.339553
2.447403
2.291933
2.986470
2.182050
1.542288
3.007001
3.156817
3.096589
2.824368
2.844743
2.855638
2.570209
0.839300
1.005756
1.186797
1.357490
1.744540
2.056473
2.008412
1.370780
1.464302
2.556641
1.982220
2.236539
1.075395
0.924764
2.246547
2.346655
2.716844
2.883355
3.000007
3.025753
3.156659
2.574775
2.340042
2.373254
2.678886
2.691187
2.770983
2.684879
2.156384
2.770983
2.039588
1.291181
1.291181
1.364314
2.147096
2.773402
0.900143
1.058866
1.290733
1.474656
1.459094
1.752883
1.929508
2.542295
2.172960
1.824906
2.534226
2.435267
2.292982
2.388847
2.653244
2.313320
2.496415
2.661542
2.984705
3.129765
3.171218
2.470091
2.662475
2.711457
2.966778
2.772247
2.395093
2.992787
3.473109
3.486369
3.543505
2.277843
2.090406
2.269707
1.831604
2.136075
1.249433
2.228540
2.174551
2.165076
2.645975
3.113244
3.103302
2.511236
2.083824
2.599851
2.905607
2.152735
2.012942
2.224501
2.043538
0.854412
0.867832
1.252600
1.243671
1.375267
1.375267
1.911821
2.222797
2.355316
1.726141
2.234800
2.414095
2.416125
2.531092
2.502129
2.668390
2.184515
2.461087
2.422048
2.487630
2.888245
2.837551
2.302501
2.305158
2.986611
2.911118
2.368225
2.522818
2.548993
2.369024
2.833952
2.750341
3.212323
2.503983
2.469594
2.053932
3.439613
2.260016
1.927015
2.226862
2.743701
2.743701
3.034712
2.959292
3.034712
3.080808
3.152178
1.526365
3.037201
3.001164
2.804012
3.158970
2.905677
3.057101
2.800113
2.950478
2.753846
2.256608
2.045368
2.116930
0.907984
0.948325
1.664991
1.403459
1.865838
1.306325
1.765592
1.235774
1.856616
1.886871
2.140982
2.305742
2.368147
1.853263
1.206615
2.531092
2.670951
2.082754
2.320787
2.388656
2.668390
2.657391
2.500805
3.130342
3.130342
3.130342
3.044493
3.219771
2.371027
2.522661
3.300768
3.330210
3.347462
3.217631
3.407215
1.893272
2.129206
2.506517
1.291181
1.416569
1.942699
1.456369
3.046372
2.235801
2.376119
2.877032
2.080051
2.072808
2.097964
0.832693
0.962242
1.316866
1.750292
2.173300
2.078503
2.327728
2.246309
2.321173
2.248232
2.642298
0.913824
0.975728
2.728739
2.472284
2.411238
2.942465
3.007767
3.000007
2.247857
2.694840
3.034376
2.469594
1.951583
2.359857
2.422743
1.989874
1.928124
2.631674
1.690431
2.070907
2.263042
2.974672
2.090781
2.489451
2.440927
1.055625
0.930548
0.936914
1.348834
1.321434
1.198160
1.527494
1.520161
1.742553
1.755251
2.401803
2.095630
2.250496
2.200042
2.431580
2.647485
2.570844
2.960811
2.708358
2.895783
3.089829
2.503983
3.240996
3.230428
3.142079
3.394573
3.299698
3.287792
2.428135
1.346326
2.084383
2.073113
1.883151
3.031981
2.079960
2.541707
1.036057
1.353261
1.416661
1.348424
1.354272
1.500756
1.890640
1.397398
2.288346
2.310941
1.925187
1.738470
2.000423
2.313595
2.211548
2.003024
2.325090
2.504867
1.033177
2.455739
0.936985
0.913824
2.817240
2.831673
2.980766
2.906646
2.366546
2.546852
3.466864
3.401584
3.488057
2.522928
3.396764
3.351081
2.678886
2.338271
1.757264
2.388835
2.483612
2.565652
2.142117
3.152178
1.690583
1.409693
2.170787
2.178950
2.944789
2.883528
2.474823
2.197386
2.257375
1.125697
1.797946
1.982728
1.772085
1.683087
1.749794
1.988539
1.802179
1.914048
1.935938
1.924207
2.369511
2.250251
2.577195
2.469132
0.972147
2.752159
2.725723
2.752159
0.906063
2.835159
3.034376
2.747452
2.394634
2.377439
2.312082
2.428135
1.738943
1.765176
2.249190
1.254023
2.473229
2.985273
3.174442
1.630833
2.889870
2.174745
2.610012
2.642118
0.926307
1.058866
1.234751
1.455277
1.740229
1.945933
1.975824
1.442742
2.164935
1.082710
2.315878
0.997609
2.656335
2.507337
2.554386
2.526973
2.575728
2.529027
2.230546
2.265303
2.511010
2.681860
1.963866
2.045557
3.352932
1.254023
1.163418
2.082990
1.258708
1.677657
2.833826
2.084997
2.857934
2.220253
0.923095
0.820940
1.024027
1.416187
1.343512
1.749083
1.997037
2.119789
1.976826
2.422740
2.493597
2.493597
1.088589
1.759912
2.240658
1.678337
2.138168
2.134270
2.342465
1.053287
2.617974
2.510067
2.744541
2.594482
2.797076
2.980766
2.366599
2.358961
2.671910
3.238279
3.070186
2.141958
1.663125
1.850599
1.971147
2.198231
2.379141
2.739697
2.822928
2.727174
0.810643
1.123278
1.152493
1.378705
1.579628
1.773220
1.724078
1.638745
1.586051
1.806031
2.194559
2.195122
2.210591
2.157604
2.097874
2.136595
2.028555
2.074474
2.216572
2.166771
2.393259
2.201153
1.023327
2.381260
2.502005
2.034710
2.400017
2.106538
2.302501
2.761945
2.913987
2.102892
0.808687
2.869931
2.949530
3.056267
2.982342
3.376272
3.163576
1.888992
2.046787
2.003898
1.743673
2.259346
2.574784
2.206340
0.873599
1.030005
1.951735
1.820907
2.146134
2.017870
2.253332
2.041647
1.824707
2.047805
1.983281
2.502005
2.362586
1.066049
2.496120
2.663654
2.479153
0.924286
2.274551
2.387228
2.982342
3.126193
3.136828
3.125166
2.537028
2.533418
3.316138
3.327914
2.288561
2.056190
2.630377
2.134873
2.186928
1.690886
1.160680
2.586660
1.825758
1.643827
1.284390
2.696620
2.390405
2.633431
2.190184
1.160181
1.688034
2.294097
2.079142
2.063786
2.056731
2.094335
1.522153
1.636964
2.176162
1.009948
2.201153
2.422504
2.106538
1.108565
0.915545
0.980867
2.855087
0.924165
0.908740
2.630859
2.953804
3.050594
2.023508
2.681860
1.944609
1.845797
2.021681
2.423726
2.155844
2.766017
2.691844
2.147339
0.951664
0.872445
0.893492
1.495286
1.646113
1.203600
1.837935
1.914912
1.763925
1.657902
1.000879
0.965128
1.913081
2.234035
2.415273
1.011673
2.656335
2.154724
2.810143
2.597084
2.494791
3.160411
3.182775
2.308502
3.198279
2.212826
2.245233
2.197218
1.775863
1.914576
1.862534
1.684521
1.833401
1.209081
1.328343
2.034725
2.625115
2.811830
2.746468
2.801697
2.301518
2.285114
2.136605
2.064229
0.758278
0.961490
0.855333
0.818615
0.831132
0.948482
1.096866
1.218772
1.484812
1.442930
1.740224
1.733147
1.541163
2.234262
1.756443
1.942714
2.321599
2.274538
2.229821
2.306096
2.164158
2.429178
0.944018
2.828100
1.114142
2.343735
2.349103
3.007767
0.915545
0.933184
2.331208
2.415434
2.764287
2.427141
3.035137
3.248407
3.351081
2.208186
2.068615
1.808394
2.122928
2.256440
1.180517
2.019797
2.217526
2.064229
2.387455
2.232642
1.238493
1.519919
2.294537
1.603102
1.090334
2.301380
2.065828
1.884092
2.431248
1.055874
2.317579
1.360765
1.124935
2.495453
2.173440
2.240507
2.354375
2.350912
2.839031
2.305437
2.528491
3.184883
3.184883
2.046549
2.494102
2.687727
1.644736
2.426453
2.807465
2.883172
2.766793
2.565469
2.040284
2.767996
2.575686
0.858629
0.868072
1.199790
1.061521
1.119772
1.323750
1.064293
1.494193
1.568187
1.263726
1.492060
1.442930
1.395220
1.529573
1.099450
1.213317
2.159189
1.492624
1.067788
1.028165
1.904128
1.009948
2.703157
2.588583
2.761945
2.216790
2.219975
1.118689
0.998731
2.619257
2.633040
2.413671
3.094959
2.279619
2.731329
2.973251
2.133470
2.244991
2.231453
2.634076
2.664307
2.665159
3.096980
2.053242
1.936249
1.489232
2.334991
2.339396
1.753896
1.311154
1.502388
1.300383
2.747265
2.201274
2.426400
0.923091
1.335698
1.109499
1.227309
1.060302
1.456637
1.022438
1.032387
2.159901
1.260458
2.075015
2.036695
1.952597
2.253031
1.162313
2.225606
2.225606
2.260522
2.079966
2.312921
2.501715
1.264231
2.594482
1.012135
0.996093
1.272553
0.924165
0.941070
2.242729
2.490154
2.755073
2.331450
2.989789
2.219778
3.123691
2.550488
1.691325
2.125341
1.439937
1.690886
2.561033
1.238883
1.668695
1.461144
2.395174
2.695560
1.017490
1.103330
1.059739
0.948314
1.146695
1.143915
1.126749
1.933920
1.993338
1.941487
1.897323
2.109901
2.162044
1.168670
1.395365
1.112842
1.126971
1.691097
2.016486
1.987071
2.195873
2.049405
1.631144
1.786262
1.000990
2.105169
2.093546
2.042051
1.268321
1.288516
1.420931
2.183434
2.228620
2.760015
2.958724
3.115252
2.825292
3.182775
2.267651
1.976993
2.101100
1.640176
2.013183
1.742253
1.465758
2.047438
2.628907
2.028670
1.458346
1.563419
2.556190
2.520085
2.248904
1.238883
2.833826
0.900496
1.147047
1.019696
1.096866
1.226022
1.255777
1.162740
2.047805
2.362586
2.302275
1.420904
1.878635
1.168679
2.544373
2.181340
2.128840
2.144303
2.217599
2.381260
2.533010
1.956337
1.136133
1.118689
1.006936
1.133825
1.617704
2.534006
2.219325
2.817151
2.536113
3.065476
2.566276
2.046549
2.191393
1.938631
1.530054
2.408482
2.713677
2.574139
2.157469
0.828405
0.995408
1.262182
1.229021
1.370999
1.117205
1.201032
1.263726
1.321025
1.298470
1.872020
2.077488
2.014384
2.189775
2.196908
2.314103
2.011350
2.295901
2.244652
2.329150
1.380777
1.149078
2.457572
1.271685
1.552921
1.610716
1.710334
2.018503
1.300105
2.589575
2.533010
0.887974
2.118891
1.135755
1.157818
1.013530
2.396922
2.440266
2.596877
2.271484
2.345741
2.835135
2.651224
2.611935
2.781307
2.052022
2.123423
2.185741
1.143025
1.203493
2.833826
1.381947
2.089454
2.061538
1.283233
1.432254
1.356779
2.585970
0.923233
0.853345
0.828736
0.926655
0.972566
1.229021
1.167599
1.231347
1.201032
1.160894
1.107100
1.084228
1.185886
1.112842
2.239722
2.257822
2.055862
2.393399
1.305764
2.302275
2.379970
2.459562
1.155170
1.641612
1.472399
1.695204
1.135220
1.067055
2.675811
1.526624
2.322246
1.119873
2.043102
2.098301
2.570706
1.883034
2.027405
2.150324
2.634076
2.025040
2.319926
1.769202
1.372086
2.019855
1.860070
2.189176
1.630854
1.549616
2.707891
1.549616
1.563419
1.181823
2.604921
1.432254
2.300547
2.605029
0.960043
0.977020
1.301945
1.290000
1.240094
1.079312
1.173692
1.098629
2.239722
2.189379
2.096126
1.957910
2.289631
1.879735
2.457572
2.028566
2.468418
1.833846
1.582733
2.154904
1.861672
2.027890
1.034589
1.872090
1.312261
1.314062
0.943299
1.873491
1.301762
2.327891
1.343735
1.354433
1.327364
2.536113
2.448144
1.216461
1.670505
1.706339
2.925266
2.902914
2.943065
2.970289
3.080961
3.109558
2.699761
2.153590
1.787476
2.664655
2.509421
2.176481
2.110216
2.161040
2.033249
1.864079
2.494102
2.406975
2.318595
1.995541
1.029302
0.985641
0.971972
1.019465
1.136387
1.051707
1.953612
1.952597
2.392487
2.502141
1.457232
1.482486
1.140767
0.925463
2.171235
2.438932
1.167982
1.900925
1.108302
3.093439
3.024804
1.813781
3.109558
3.153032
2.043102
2.843822
2.028572
2.145824
2.199416
2.248335
2.720822
2.495798
2.496630
2.061709
0.931286
1.145235
1.095644
1.098629
2.185914
2.100039
1.937528
1.842225
1.928242
1.735166
2.221268
2.324440
2.265646
1.634331
1.917860
1.473098
1.468155
0.929659
1.650332
1.301989
2.667802
1.526930
1.327364
3.016057
3.141597
3.045062
2.887835
2.958461
2.913924
2.966977
1.944168
2.102483
2.109567
2.011026
2.003037
2.002925
2.262512
2.048007
2.393560
2.071660
2.131546
1.065874
1.061521
1.189188
2.295901
2.202187
1.971396
1.971396
2.035475
1.166977
1.203859
2.640381
2.441282
1.538599
3.113624
1.701661
1.861955
1.669294
1.700262
2.304626
3.153032
1.666991
1.842567
2.196469
2.759586
2.509811
1.831930
2.066670
2.297159
2.395131
2.088643
2.180771
2.201202
2.392487
2.104381
2.255145
1.443966
1.038648
3.141597
2.724814
2.984715
2.219325
2.529235
2.738191
2.597524
2.858912
2.334696
2.029914
2.124526
1.877852
2.020289
2.231451
2.094495
2.083309
2.043608
2.027869
2.328339
2.082473
1.899228
1.693872
2.328008
1.165771
0.972916
2.533098
1.325277
2.695940
2.526861
2.904429
1.020057
2.757379
2.529235
2.322246
2.544352
2.675075
2.966977
1.753548
2.185192
2.282132
2.316999
2.391791
2.076378
2.180126
2.119317
2.182699
2.182915
2.077827
3.101003
1.165771
1.005073
0.993583
1.087894
2.211180
2.801129
2.245702
1.650332
2.324528
2.529235
2.757379
2.505781
2.479748
2.296666
2.061783
2.310924
2.310142
2.537753
2.162805
2.729157
2.435256
1.982353
1.911752
1.947569
2.166383
2.093825
1.897663
1.984311
1.959626
1.824442
1.693872
1.844389
1.912522
1.653434
1.495377
1.627790
2.512243
2.391745
2.405875
2.860365
2.845999
2.959710
3.045062
2.755290
3.020422
3.130450
1.464900
2.675075
2.045673
2.469136
1.909193
1.796202
1.923989
2.031935
1.883072
2.056350
2.323233
2.230316
2.030506
1.937032
2.000453
2.201202
1.984111
2.301565
2.201202
2.055466
2.029691
2.392839
2.544365
2.311721
2.720884
1.067055
2.964396
3.038354
3.048901
2.904429
3.113624
3.113624
2.188805
2.227911
2.112577
1.787476
2.811308
2.276289
2.661743
2.106176
2.582161
2.582161
2.651548
2.516187
2.245265
1.943749
1.972292
2.031481
1.772397
1.972924
1.927531
1.980916
2.008362
1.977647
2.080136
2.240218
1.904899
2.092494
1.963650
1.995252
1.953531
1.919544
2.163435
1.622273
1.438445
2.537126
2.533098
2.959710
2.235354
2.202958
2.854771
1.678995
2.481311
2.357509
2.063172
2.106176
1.740783
2.004044
1.702697
2.184091
2.572196
2.443804
2.014312
2.337734
1.890583
2.046502
1.941936
1.971799
1.863809
2.631093
1.462352
2.274390
2.178427
2.547220
2.667802
2.964396
2.797217
2.661743
2.597524
1.868670
1.819152
1.932347
1.942671
1.848110
1.766442
2.180519
2.298052
2.181330
2.239878
1.781959
1.889324
2.166383
1.961690
1.815299
2.063360
2.109850
1.737810
2.839500
2.753576
2.120251
2.095648
1.531428
1.613077
2.298482
2.162427
2.345582
2.184091
2.032970
1.911126
2.510013
2.105304
2.289828
1.806532
1.937179
1.787455
2.021569
2.065645
2.240053
2.182915
2.389308
2.946475
1.499055
1.767640
2.366820
1.918194
1.941432
1.802550
1.983714
2.551154
2.395894
2.289519
2.801705
2.057527
2.304251
1.868670
1.760384
2.075674
1.964782
2.004468
2.252621
2.346966
2.071572
1.874055
2.154704
1.888299
1.881479
1.850573
2.239127
2.142831
2.801705
2.554936
2.138712
2.100422
2.119024
2.467648
1.952476
1.687173
1.715087
1.786817
1.900406
2.003956
1.741576
1.837189
2.327557
1.493261
1.448067
1.968100
1.482169
1.494103
1.656192
1.641302
1.963606
1.985221
2.203954
1.904663
1.790457
2.474109
2.780562
2.673693
1.461039
2.119526
1.900760
1.898262
1.829529
2.179664
2.064310
2.147823
1.835625
1.829475
1.886076
1.950900
1.810016
1.851671
1.753867
1.981614
1.921706
2.084719
2.418493
2.704617
2.232312
1.306742
1.466006
2.304251
2.130229
2.172945
2.172945
1.828673
1.836627
2.144638
2.280241
2.589138
2.131846
2.491098
2.656742
1.454842
1.382563
1.418395
1.760917
1.965828
2.044457
1.977400
2.252668
2.051392
1.735473
1.748941
1.836550
1.961478
1.745691
1.905716
1.791839
1.966532
1.778347
2.177020
2.079249
1.742874
1.863614
1.831837
1.874727
1.812626
1.835211
1.910167
2.045849
1.955249
1.599912
2.315135
2.205875
2.191837
1.993881
1.237482
1.995154
1.996712
1.936502
2.049062
1.865355
1.876460
1.963606
1.745195
2.173002
2.054704
1.836201
1.746988
2.534167
1.705346
1.544342
2.048189
2.298482
1.966022
1.963606
1.584491
2.026988
1.957901
1.925029
2.173002
2.010650
1.831837
1.727809
1.826988
1.944057
1.784154
1.964555
1.554498
1.991810
2.753576
2.104645
2.232627
1.947946
2.039241
2.081006
1.961478
1.560732
1.776658
1.976566
1.888556
1.707904
1.673985
1.720132
1.721211
1.620645
2.554936
2.097004
1.434186
2.318071
1.974556
2.099964
1.992321
1.603095
1.829237
1.791630
1.770738
1.695975
2.045513
2.133306
1.868232
1.824304
1.923926
2.562245
2.562245
1.218449
1.947946
1.724789
1.936802
2.040710
2.107343
1.777237
1.890014
1.747418
1.589844
1.449310
1.392319
2.350908
1.487723
2.437833
1.381412
1.782555
1.575211
1.886570
2.078475
1.901085
1.817487
1.968763
1.899161
1.895019
1.999595
1.972059
1.846810
1.641679
1.510366
1.967484
1.809932
2.457188
2.199474
2.277551
1.263030
1.933235
1.679488
1.514236
1.590750
2.045513
1.674210
1.625271
2.026988
1.718707
1.736849
1.799296
2.004480
2.159570
2.252602
1.239581
1.990022
1.513764
1.373936
1.906221
1.469850
1.719704
1.719704
1.677240
1.754523
1.769226
1.639303
1.720707
1.693431
1.799593
1.556215
1.738402
1.222573
1.961285
1.490669
1.315394
1.540663
1.619913
1.902662
1.768806
1.633562
1.882282
2.325195
1.893385
2.356510
1.387702
1.326195
1.623843
1.887696
1.598566
1.402645
1.864823
2.041617
1.750127
1.706531
1.718915
1.702294
1.732881
1.769802
1.883091
2.145840
2.390426
1.326195
2.009393
1.813476
1.932870
1.835941
1.840619
1.432526
1.451394
1.591973
1.634360
1.691038
1.744660
1.352375
1.938722
2.146441
2.088384
1.969085
1.999620
2.012137
1.515495
1.865599
1.809995
1.812042
1.577329
1.720761
1.846474
1.592669
1.676456
1.705951
1.355207
2.325854
2.044607
1.908916
1.832737
1.960644
1.187824
2.000533
1.841379
1.311526
1.981770
1.803449
1.552298
1.601631
1.835571
1.681329
1.758386
1.779405
1.690145
1.637431
1.656354
1.657238
1.655713
1.764161
1.698463
1.600492
1.844399
2.082335
1.404045
2.199474
2.060927
1.939281
1.344620
1.374135
1.540663
1.511965
1.470228
1.597121
1.726906
1.812857
2.037937
2.014119
1.973137
1.788498
1.806473
1.850860
1.900449
1.912489
1.870241
1.812857
2.228672
1.889533
2.208400
1.998700
2.201096
2.273195
1.260116
1.306241
1.344898
1.421331
1.823761
1.914064
1.706089
1.467307
1.641260
1.514340
1.654871
1.570041
1.536902
1.695029
1.692754
1.548861
1.885336
1.747526
1.784312
1.799418
1.738969
1.608371
1.440924
1.594604
1.623840
1.649868
1.406094
1.240995
1.194578
1.899116
1.823761
1.875808
2.089434
1.779918
1.444037
1.447667
1.523482
1.561716
1.736181
1.656896
1.684209
1.828318
1.744218
1.815993
1.279895
2.115995
1.221441
1.976325
2.148520
1.951015
1.658940
1.708411
1.650885
1.450233
1.547520
1.513944
1.840714
2.073025
1.940642
1.277302
1.986863
1.271405
1.799966
1.746523
1.859768
1.534891
1.590759
1.547505
1.646257
1.667968
1.416284
1.931622
1.998573
2.199896
1.275822
1.866781
1.948831
1.946922
1.883673
1.978171
1.797412
1.920902
1.829512
1.753531
1.348228
1.292894
1.878151
1.268260
1.829875
1.844124
1.846568
1.411398
1.504232
1.351544
1.610998
1.888099
1.627130
1.604022
1.440875
1.497589
2.043957
1.190908
1.948831
2.062911
1.132650
2.149152
1.986863
2.161864
1.822758
1.290777
1.456129
1.485950
1.931023
1.794008
1.145183
1.845275
1.807049
1.990303
1.853021
2.043533
2.201096
1.766941
1.657132
1.416789
1.572752
1.500343
1.505976
1.585968
1.880024
1.898878
1.815993
1.137844
2.062911
1.756633
1.705047
1.672963
1.569303
1.367237
1.506395
1.607623
1.572979
1.178173
1.805458
1.890963
1.862748
2.071019
1.815138
1.555214
1.714076
1.609051
1.505730
1.401099
1.333616
1.539113
2.063890
1.315325
1.288366
1.235129
1.700511
1.093701
1.278709
1.210469
1.722889
1.776842
1.285350
1.786203
1.643506
1.340141
1.404523
1.606424
1.457582
1.628172
1.479034
1.303541
1.700511
1.695499
1.779276
1.784765
1.767937
1.724066
1.805070
1.889755
1.904081
1.334308
1.548966
1.335358
1.338195
1.450233
1.519294
1.397520
1.384308
1.386653
1.497348
1.437562
1.469050
1.422200
1.471337
1.530760
1.666883
1.845976
1.602334
1.666883
1.305564
1.305564
1.329767
1.162672
1.158867
1.211021
1.746898
2.071019
1.976325
1.866208
1.978030
1.352420
1.392445
1.432192
1.620384
1.109884
1.862748
1.828558
1.158073
1.170898
1.208776
1.210603
1.813110
1.674629
1.757544
1.548652
1.515732
1.406814
1.253089
1.395596
1.351374
1.220430
1.951015
1.405198
1.405221
1.332462
1.605615
1.346250
1.620737
1.150558
1.870260
1.682866
1.818376
1.488883
1.441762
1.369517
1.876857
1.334814
1.203882
1.248129
1.169755
1.793219
1.726290
1.156923
1.868612
1.903940
1.173050
1.208183
1.284255
1.371425
1.287884
1.314526
1.429634
1.411619
1.367852
1.395485
1.545515
1.237599
1.884161
1.508504
1.361389
1.375279
1.271100
1.350986
1.324385
1.362066
1.273505
1.443535
1.510008
1.344599
1.314325
1.626416
1.274026
1.170868
1.240304
1.650581
1.720149
1.720149
1.890861
1.646521
1.833726
1.806115
1.181753
1.845623
1.641813
1.852373
1.741996
1.525991
1.723715
1.662879
1.605469
1.490346
1.364427
1.356049
1.441518
1.569367
1.580049
1.525380
1.716084
1.766944
1.109884
1.620737
1.299494
1.103511
1.205092
1.232112
1.323895
1.323430
1.442092
1.320297
1.262912
1.709004
1.697826
1.231034
1.218262
1.266580
1.660408
1.303496
1.646521
1.746898
1.545315
1.188902
1.319460
1.294416
1.359197
1.359301
1.303728
1.286547
1.342752
1.300749
1.287961
1.264834
1.690972
1.722106
1.241673
1.717844
1.674629
1.665558
1.306837
1.258683
1.323871
1.511256
1.288511
1.333284
1.487071
1.374836
1.434612
1.263842
1.299494
1.602764
1.481950
1.337325
1.366694
1.244822
1.355610
1.461608
1.364622
1.405763
1.290896
1.351204
1.262392
1.279089
1.166381
1.340960
1.236894
1.292600
1.258085
1.184264
1.376359
1.395624
1.289046
1.387244
1.424001
1.246954
1.208783
1.257637
1.554420
1.509210
1.536331
1.646701
1.461930
1.267142
1.178490
1.181656
1.256307
1.418312
1.476683
1.287124
1.204736
1.213460
1.501414
1.566888
1.537695
1.574004
1.677162
1.511348
1.467404
1.454318
1.519143
1.467260
1.239388
1.534229
1.469845
1.515221
1.528737
1.327190
1.267855
1.244805
1.291802
1.555982
1.712172
1.485407
1.393319
1.420159
1.492418
1.454183
1.492040
1.405570
1.402102
1.289740
1.264554
1.380317
1.398816
1.342531
1.199106
1.324948
1.295960
1.453593
1.454336
1.243915
1.383113
1.217226
1.193437
1.526675
1.268202
1.333433
1.265565
1.336429
1.506439
1.363242
1.325043
1.266789
1.437221
1.454395
1.415829
1.286639
1.294022
1.264011
1.453781
1.253536
1.297310
1.331576
1.466708
1.333727
1.317654
1.294587
1.311236
1.911504
1.911504
1.314234
2.959292
1.838524
2.099913
2.356790
2.356790
2.251946
1.808552
1.179445
1.294253
1.008541
1.330368
1.330368
1.330368
1.313323
1.160493
1.359160
2.712815
2.651741
2.856087
2.224678
2.197343
2.401924
2.401924
3.870074
4.146426
3.533988
3.724911
3.770643
3.482032
3.016999
3.284587
3.584703
2.768916
3.091666
2.567577
3.581749
3.870074
3.987910
3.323585
3.225228
2.926937
3.274698
2.489194
2.239934
2.496641
3.278373
3.053053
1.208237
