10997 1 1
2.059450
1.899432
2.091440
2.048624
2.177738
2.131066
2.148894
2.434597
2.252269
2.196073
2.482337
2.287018
1.973538
2.055686
2.210859
2.003529
1.890277
1.991165
2.136641
1.856234
2.018821
2.563066
2.130654
2.184305
2.508753
2.052499
2.390781
2.208489
2.205095
2.269736
2.015856
1.896187
1.922381
2.230230
1.963609
2.311428
2.238668
2.072076
2.261191
2.292856
2.051636
2.099432
2.237590
2.179345
1.910586
2.034989
2.235049
2.533258
1.999149
1.980950
2.481303
2.102249
2.340146
2.204639
1.895441
1.935111
1.785833
1.895239
1.931742
1.904920
2.449957
2.223253
2.378422
2.527797
2.426504
2.521570
1.854040
2.329082
1.701171
2.100827
2.052736
2.004199
1.746181
2.337509
2.406017
2.746627
2.315315
2.041825
2.011384
2.564358
2.190156
1.910348
1.838167
1.613083
1.696706
1.768611
1.809994
2.140213
2.290110
2.522135
2.227538
2.388059
2.449949
2.653843
2.118932
1.948570
2.265518
2.566764
2.543218
2.334607
2.665197
2.740537
2.539209
1.730002
2.106914
2.028489
2.019236
1.932781
1.877691
1.859701
2.144166
2.472105
2.558211
2.030617
1.910121
2.533674
2.555128
2.762206
2.765672
2.586702
2.019048
2.276538
2.453344
2.688390
2.609878
1.627429
1.674899
1.941991
1.648821
1.656478
1.977105
1.759797
1.857202
2.363425
2.457653
2.481165
2.429688
1.982657
2.764380
2.520469
2.530594
2.424172
2.590981
2.088829
2.830221
2.793244
2.661142
2.554525
1.707773
2.088001
2.184372
2.223892
2.550229
2.743200
1.945068
1.868808
2.575201
2.489698
2.426857
2.471575
2.826117
2.968662
2.589683
2.564238
2.090509
2.776693
2.498019
2.557241
2.656923
1.628277
1.554871
1.496504
2.058412
1.555584
2.100714
1.528044
2.146731
2.140957
2.066958
2.224897
2.197097
2.144166
2.195777
2.030617
2.412720
2.472444
2.638621
2.560490
1.933453
1.841227
2.830188
2.762035
2.739991
2.396851
2.409092
2.491399
2.514791
1.637631
1.624433
1.741651
1.529914
1.630606
1.658440
1.711232
1.941032
2.154382
1.765669
1.614642
2.229286
2.106914
2.497801
2.592998
2.662916
2.349630
2.831440
2.491181
2.738997
1.926970
2.603778
2.813967
2.906624
2.747570
2.781063
2.377241
2.382650
2.385275
1.582965
1.744565
2.108713
1.921304
2.344933
2.465724
2.426418
2.070609
2.483710
2.106516
2.887234
2.970300
2.762206
2.945234
2.974862
2.485506
3.017692
2.830285
2.710730
2.420850
2.441260
2.791828
2.975971
2.950025
2.266401
2.650699
2.380905
2.442394
2.524295
2.577289
1.886817
2.333493
2.292584
1.738216
2.396807
2.428577
2.479174
2.263578
2.278152
2.224189
2.951655
2.930687
2.839100
2.795746
2.813967
2.807337
2.798732
2.851931
2.986575
2.693488
2.312890
2.513680
1.364937
1.581856
1.733028
1.581541
1.557643
2.280200
1.817621
2.313841
2.066958
1.634593
1.843206
1.750923
2.785534
2.639128
2.618261
2.021109
2.786281
2.447132
2.718587
2.717989
2.611612
2.260780
1.514330
1.662279
1.474535
2.111338
2.269835
2.372470
2.479731
2.702053
1.634593
1.517452
2.347685
1.922102
2.194950
2.497361
2.596883
3.082328
2.893595
2.958931
2.792156
2.784116
2.765096
2.603194
2.975971
2.752585
3.207884
3.003838
3.100336
2.681221
2.888579
2.913314
2.890203
3.161705
2.764423
3.128827
2.752543
2.655093
2.464251
2.588209
2.427032
2.699929
1.642887
1.548161
1.457980
1.473953
1.487669
1.926853
1.550541
1.436460
1.483364
1.833577
1.653689
2.304096
1.460509
2.728917
2.760274
2.530473
1.650264
2.360345
2.142908
3.037983
3.059320
2.930078
2.649593
3.295915
2.925010
3.180965
2.893351
2.150265
2.803262
2.793593
2.597618
2.408698
2.743012
2.706729
2.851931
2.797437
2.567074
2.344511
2.499573
2.359375
1.374069
1.525858
2.060830
2.145939
2.034579
2.338470
2.583508
2.392231
2.934526
2.802878
3.107416
2.969894
3.216423
3.022858
3.198705
2.576900
2.965247
2.640296
2.680311
2.561203
2.719698
2.477355
2.845389
2.995327
1.450757
1.485722
1.537740
1.741203
2.037518
1.620434
2.416272
2.320746
2.631038
2.342941
2.690509
2.360345
2.420550
1.988170
2.089509
1.991349
2.664077
3.004054
2.929173
2.413061
2.232369
3.191107
2.767702
2.954292
3.100336
2.358835
2.877518
2.984649
2.937250
2.534727
2.803004
2.743555
2.643324
2.305051
2.511038
2.719878
1.478758
1.559081
1.889608
1.873847
1.495667
2.524050
2.659512
2.484854
1.756057
2.643938
2.208388
2.699843
3.009141
2.932298
2.382453
2.486391
3.111006
2.482918
3.029236
2.769734
2.863717
2.900584
2.637459
2.471575
2.883822
3.095881
3.148563
2.863108
2.935927
2.520019
2.554693
2.642802
2.884088
2.691734
2.594935
2.713419
2.315788
1.344377
1.799376
1.490854
2.669457
2.631038
2.517520
2.455228
2.840565
2.323513
1.880557
2.678224
2.884401
3.001138
2.787301
2.612596
2.847129
2.551161
2.595379
3.199232
3.376465
3.055211
3.157131
3.375477
3.104460
2.942495
2.750858
2.785899
2.848027
2.893880
2.294559
2.419410
2.190020
2.284323
2.332274
1.508919
1.633816
1.406592
1.461046
1.890062
1.995073
2.261188
2.460694
2.370261
2.220081
2.281772
2.640469
2.756008
2.883684
3.037695
1.911890
2.756796
3.205574
2.552243
2.367018
3.041878
3.198705
2.793790
3.311923
3.161705
3.190050
2.643372
2.810090
3.104460
2.457968
2.401038
2.752225
2.253893
1.424188
1.577325
1.447251
1.566776
1.378020
1.311894
1.845371
1.416286
2.413844
2.374859
1.587316
2.556890
2.515796
2.517520
2.655879
1.991989
1.823628
3.160275
2.887691
2.825961
2.927112
2.891860
2.857099
2.477035
2.376612
3.358065
2.924374
3.047036
2.250743
2.968466
3.157131
2.843786
2.775584
2.743012
3.084075
2.891028
2.886924
2.705784
3.044732
2.865175
2.346270
2.536494
1.675031
1.705914
1.489490
2.001496
2.560411
2.684630
2.527912
2.633259
2.668391
2.576975
2.956351
2.927725
2.752760
3.062015
2.968435
3.158473
2.443928
2.929173
2.496169
2.996672
3.275026
2.828313
3.204263
3.044732
2.898348
2.792801
2.445246
2.454543
2.907100
1.735857
1.379286
1.440281
2.148211
2.173714
2.108348
2.158992
2.740363
2.701856
2.758549
2.661340
3.125187
3.122018
2.703008
2.740896
2.297122
2.839791
2.945530
3.355252
3.270053
3.388649
3.028113
3.064824
2.643372
3.062572
3.047774
2.460916
2.863085
2.275288
2.730771
2.289024
1.483798
1.405696
1.410004
1.343855
1.370668
1.396417
2.041003
2.068050
2.242466
2.301533
2.203774
1.572520
2.413593
2.977889
3.149665
3.113047
2.955381
2.781736
2.860169
2.993675
2.868360
2.970708
3.119573
2.551380
2.604231
3.207854
2.654325
2.972424
3.182435
3.344574
3.190050
2.900086
3.162905
2.706880
2.813911
2.964334
3.127584
2.498863
2.784409
1.432840
1.863319
1.736000
1.836440
1.339076
2.047379
2.129339
1.479195
1.417282
1.515520
1.417282
1.398835
2.344664
2.480815
2.486255
2.684630
2.633259
2.771471
2.421249
2.716638
2.421249
2.807676
2.451120
3.217142
3.063524
3.014322
3.113047
3.182222
3.125187
2.703008
2.504833
2.534357
3.006118
3.225202
3.339479
2.465926
3.227762
3.045053
3.164282
2.924374
3.062983
3.316179
3.145862
2.665181
3.350847
3.376465
3.113613
2.955330
3.259668
3.166892
3.259716
3.107524
3.007673
2.853545
2.660885
2.642802
2.268512
2.212991
2.372698
2.389071
2.369354
1.678906
1.475512
1.871519
2.036511
2.024310
2.001496
1.711913
2.911930
2.664129
2.687626
2.876945
2.969275
3.189915
3.108099
3.082328
2.992922
2.794356
3.478512
3.295915
3.384134
3.253639
2.945243
3.481528
3.273106
3.370112
3.417495
3.220852
3.197619
2.530894
2.654325
3.082006
2.928798
3.386467
3.308319
3.141373
3.353126
2.517045
2.525255
3.162905
3.135503
3.162905
3.231408
3.123197
3.056595
3.107524
2.750858
3.231586
2.442790
3.072109
2.264515
2.214818
2.414391
1.496561
1.368258
1.815750
1.817704
1.979150
2.287209
1.542237
2.760799
2.670145
2.820915
1.906035
2.053183
1.815050
1.911809
3.073342
2.420550
2.136140
3.026618
2.401169
2.923498
3.358528
2.818925
3.094547
3.322889
3.197619
3.563392
2.607548
3.023918
3.069545
3.331368
3.479340
3.183116
3.142247
3.012822
2.328636
2.231213
2.295041
2.306574
1.500043
1.704029
1.915793
1.838605
1.881023
2.586584
2.482578
2.554684
2.431226
2.667054
2.615902
2.622658
3.013556
2.612433
2.068181
1.998710
2.203645
3.058003
3.132813
2.774803
2.572663
3.342139
3.246260
3.399853
3.088028
3.790107
3.417495
3.184916
3.034407
3.165692
3.191257
3.170625
3.281155
2.906722
3.282607
3.332970
3.017792
2.964281
2.552023
2.773974
2.972400
2.773974
2.982024
3.102293
2.448319
1.471224
1.802037
1.384727
2.046005
1.367175
2.116541
2.414806
2.503471
2.344923
2.642582
2.894880
2.876405
2.711215
2.559508
2.641467
3.092774
2.927715
3.040509
2.915637
2.794835
3.267128
2.733826
2.665469
3.107545
3.194146
3.100574
3.353765
3.148563
3.514557
2.818585
2.880044
2.507809
3.122582
2.633567
3.196427
2.976646
2.785899
2.440464
2.336059
2.266719
2.279025
2.596156
2.223183
2.682711
2.366559
1.531045
1.597576
1.647645
2.085273
1.938467
2.199869
2.371131
2.225538
2.127731
1.980250
2.332525
2.540329
2.520493
2.701498
1.658588
2.694606
2.880815
3.031163
3.096712
2.921307
2.526632
2.650722
3.057751
3.067534
2.725475
3.329339
2.555200
3.479194
3.386145
2.964334
2.906722
3.277138
2.916960
2.564747
2.599470
3.059932
2.925578
2.945165
2.221788
1.823987
2.307329
2.493184
1.467083
2.827057
2.719338
2.697298
2.803514
2.763327
2.983167
2.785033
2.716638
2.716638
2.782758
3.117931
3.299055
2.893364
2.835692
3.253227
3.407613
2.834742
3.410989
3.258341
2.529587
3.555779
3.485522
2.579912
3.677215
3.052280
2.834338
3.477745
2.813911
3.309281
3.275026
3.145753
3.216961
3.282607
2.462561
2.363057
2.544665
1.429584
1.869836
1.422907
1.406361
1.374785
1.392158
2.607550
2.778807
2.696528
2.918254
2.590433
2.816418
2.861076
2.719735
2.846997
2.627239
3.026758
2.111253
2.782758
2.816000
2.986535
2.776479
3.302671
2.521291
2.788494
2.965032
2.875437
3.246747
3.407613
3.255819
3.282409
2.922502
2.935187
2.569875
3.389380
3.115109
3.369696
3.314598
3.037298
3.219109
3.068003
2.598028
2.990419
2.947352
3.046795
2.343723
3.151368
3.109684
3.181024
2.374471
2.225776
2.669886
2.639052
2.262794
2.378498
2.491122
2.032557
1.853222
1.881461
1.888402
2.013056
1.992063
2.183669
2.206935
1.559328
3.084338
3.073342
3.080569
3.468667
3.390593
2.817481
2.981477
2.870850
2.909070
2.132390
2.680537
2.953463
2.498095
3.458601
3.547232
3.627989
3.954781
3.627644
3.508150
3.257385
2.660184
3.100851
3.301802
3.353674
3.308319
3.563392
3.670511
3.202432
3.106762
3.311714
3.632679
3.204256
3.400159
2.903422
3.183116
2.787250
3.136164
2.307743
1.624777
1.429306
1.381511
1.730852
1.346917
1.922091
2.081753
2.282087
2.535408
2.497096
2.446524
2.546655
2.628324
2.604798
2.785033
3.058189
2.581765
2.729148
3.212718
2.351178
2.175234
3.121615
3.332702
2.915637
2.978806
2.833420
3.972174
3.300091
3.591761
3.508150
3.229631
3.495488
3.106762
3.259668
3.096604
3.566037
3.338486
3.342134
3.344323
2.787250
3.213734
3.059703
2.635788
2.389071
2.790646
2.291485
2.386489
1.630869
1.684219
1.392773
1.309847
1.683988
1.825675
1.371091
1.402130
2.084139
2.675794
2.796934
2.862752
2.963212
2.803369
3.452727
3.393750
3.917615
3.610923
3.350847
3.537149
3.130117
3.640646
3.404245
3.485522
2.607610
3.579603
2.786350
2.844630
3.706289
3.574006
3.280309
3.157155
2.599470
2.253775
3.157869
3.188047
2.549411
2.831695
1.588505
1.746461
1.878995
1.401829
2.194998
2.153325
2.330625
2.164712
2.557343
2.429490
1.610946
2.645524
2.839370
2.706825
2.552263
2.858680
2.890380
2.736966
2.754040
2.938646
2.925493
1.995164
3.475040
3.374215
3.475040
3.443616
3.374215
3.713175
3.744128
3.269142
3.472721
3.460988
3.183928
3.474967
3.607152
3.406712
3.190613
3.030024
3.628146
2.682493
2.899268
3.128286
2.899268
2.899268
3.546475
3.067329
2.603917
2.610790
2.979781
2.911768
2.919119
2.731442
3.178550
2.297421
1.438798
1.503299
2.251121
2.130031
2.518407
2.720296
2.622528
2.667328
2.723795
2.664525
3.184467
3.090722
3.030810
3.110360
3.406961
3.322378
2.301328
3.667665
3.059321
2.893364
3.671906
3.442557
2.576864
2.596628
3.643859
3.158842
3.574126
3.552673
3.546324
3.866549
3.359222
3.508739
3.119875
3.314394
3.115109
3.109948
3.309867
3.288266
3.509616
3.495887
3.157155
3.731905
2.543685
3.122978
3.705402
3.179279
3.313674
3.344323
3.461482
3.068003
2.680914
2.962385
3.116377
2.920963
3.005616
2.753105
2.232811
2.367299
2.229629
1.737343
1.942936
2.065556
2.204773
2.910929
2.720296
2.617880
2.841240
3.009044
2.819702
2.818043
3.587580
3.093538
3.068778
3.068778
2.862598
3.393733
3.496139
3.496139
3.371525
3.319074
3.643859
3.930738
3.599024
3.263606
3.559952
3.309867
2.636343
3.319557
3.381845
3.670511
2.906722
3.405164
2.625447
3.576321
3.658702
3.554208
3.022545
3.266785
3.392755
3.183633
3.002590
3.219109
2.836669
2.443015
2.977936
2.907862
2.345222
1.523294
1.479155
1.451780
1.681463
1.371318
2.820915
3.421389
3.406961
2.757850
2.790206
2.833420
3.632267
3.565209
3.105115
3.555681
3.691747
3.314394
3.082343
3.624704
3.025512
2.789167
3.570579
2.990419
2.677409
3.180215
3.095134
3.052367
3.071743
2.354417
2.274901
3.075027
2.327455
2.222119
2.230095
2.360774
1.470519
1.691348
1.774073
2.081753
1.411623
2.403594
2.345365
2.142657
2.354070
1.554888
2.363886
2.402179
2.369184
2.508337
2.580183
2.840137
2.953262
2.844662
3.088873
3.184467
2.867385
3.425657
3.198381
3.353631
2.263753
2.715942
3.053536
2.768340
2.827189
3.058937
2.190614
2.581500
2.404699
3.114132
3.790107
3.849234
3.706389
3.706063
3.472322
3.739711
3.176862
3.670617
2.987566
3.628146
3.673159
3.030553
3.396961
3.385355
2.368540
3.103015
2.716798
2.204872
2.589162
1.781634
1.404350
1.467723
2.021175
1.425550
2.080635
2.073064
2.315511
2.305336
2.390717
2.508981
2.402179
2.563848
2.627007
3.223098
3.223098
2.867385
3.185086
2.819967
2.914510
1.987394
3.488486
2.988062
3.746720
3.545943
2.548995
2.793977
3.817203
2.909070
3.947606
3.794506
4.075019
3.109537
2.693039
2.451768
2.629050
3.300091
3.673451
3.675198
3.675198
3.348371
3.286391
3.840441
3.416590
3.329666
3.007267
3.565905
3.114194
3.763823
3.846997
2.864263
3.450942
3.204550
2.771088
3.358913
3.121990
2.571157
3.222854
2.911768
2.765163
2.230095
2.204872
1.525561
1.671585
1.890768
1.534754
1.556020
1.547906
1.657283
2.676671
1.875465
3.154947
2.769203
2.627007
2.931003
3.542681
2.869126
3.174288
3.152533
3.361466
3.484852
2.817436
3.514476
3.461923
3.711870
3.319557
3.653125
3.282606
3.645676
3.482058
2.873346
2.711315
3.624704
3.342695
3.420578
3.314469
3.587937
3.462002
3.099781
3.000635
2.206106
2.346257
1.497631
1.419009
1.473686
1.497462
1.707120
2.707617
2.687075
3.092979
2.827057
2.709356
1.580692
2.880446
3.683274
3.106016
2.859703
2.993057
2.507301
3.597274
3.005212
3.580311
3.420003
3.623915
3.508739
3.234364
3.434300
2.669984
3.634281
3.607152
3.649440
2.983218
3.286391
3.423670
3.685675
2.509941
2.848682
2.520825
3.421357
2.307743
2.384166
2.685016
2.252032
2.726109
2.523783
2.480951
2.285717
2.379636
2.423481
1.456796
1.456478
1.434104
1.442763
1.806107
1.353165
1.421240
2.048418
2.117764
2.121516
1.528762
2.645793
1.647235
2.721096
2.710623
1.841496
2.065504
2.989433
3.687297
3.474681
3.091075
2.691662
2.691901
2.425694
2.207030
3.553337
3.917577
2.559525
2.571148
2.551210
3.076701
3.607430
3.819543
3.285607
3.111023
3.942690
3.706389
3.436801
2.841331
2.822817
3.391979
3.364914
3.573994
3.735471
2.899929
3.479632
2.576473
3.508091
3.508091
2.461355
3.073705
2.179657
1.709443
1.424383
1.985890
2.549122
1.859074
2.963649
2.683812
2.674175
2.618020
3.043167
2.595869
3.089795
1.852544
3.687297
3.416900
3.624348
2.744064
2.658099
2.644424
3.636221
3.192070
3.205504
3.488327
3.500188
2.502198
4.079807
3.305246
2.808769
2.720341
3.559952
3.798377
3.915804
3.473622
3.353711
3.671431
3.411178
3.246031
3.840441
2.984162
3.040302
3.654832
3.491704
3.502915
2.965136
3.189383
2.666287
2.735461
2.522573
2.549411
2.318973
2.207446
2.194859
2.080742
2.166536
1.426121
2.371097
2.447774
1.593751
2.479613
2.794655
2.640753
3.068226
2.931003
3.352173
3.322378
2.806494
2.365572
2.825747
2.922366
2.447554
2.146300
3.512867
2.850739
2.580593
3.097163
3.597274
3.475203
3.076701
3.972974
3.353052
3.154073
3.280126
3.472175
2.888564
4.017950
3.640646
3.099843
3.118627
3.653125
3.671431
3.671602
3.325293
3.530746
2.838616
2.747457
3.495887
3.790216
2.707293
2.775780
3.391334
2.638106
3.552608
2.677409
3.645768
3.604631
2.919119
2.373076
2.352934
2.457913
2.332478
2.584425
1.401617
1.724583
1.433861
1.479950
1.377899
1.689103
1.654105
3.343918
3.215362
2.947034
2.173106
3.754490
3.667201
2.176384
3.291321
2.637292
2.784015
2.813135
2.762779
3.669477
2.813135
2.531217
2.658099
3.993431
3.708596
2.807555
3.334898
3.618659
3.786794
4.119523
3.923631
3.711870
3.233919
3.761523
3.359936
3.739711
3.673159
3.464961
3.299477
2.917171
3.526097
3.468383
3.032382
2.303186
3.186428
2.617652
3.112270
3.084589
2.298074
2.318973
2.457913
2.312418
1.453223
1.555562
1.564371
1.913145
1.549793
2.376342
2.581191
2.594847
2.744616
2.946537
2.766848
2.765044
3.046760
2.038346
3.629229
1.850010
3.559470
2.518275
2.593582
2.694320
3.074878
3.334898
3.029478
3.221025
3.839507
3.369687
4.011136
3.348371
2.727143
3.629802
3.768195
3.530746
3.320771
3.526764
3.737989
3.363166
2.781930
2.924350
2.938075
2.677409
2.734306
3.523997
3.567312
3.685675
2.686665
3.251421
3.251421
2.930182
3.284532
2.623030
2.411785
1.507526
1.513179
1.435163
1.870581
1.945178
1.497759
1.635255
1.471133
2.488191
1.665568
1.720248
2.577854
2.595793
3.153775
2.603718
3.219054
2.925786
2.791744
3.293223
3.455848
3.148274
2.875254
2.898529
3.380022
3.811359
3.723792
3.667298
2.891295
2.444989
3.157601
2.640588
3.588518
2.898236
3.068143
3.068143
2.990343
2.710660
2.593529
3.618659
3.604020
3.182328
3.594871
4.079807
4.257824
3.614247
4.111431
3.949561
3.048006
3.619415
3.078627
3.109419
2.861681
3.592255
3.146369
3.640546
3.649286
3.071986
3.648938
3.758691
3.710314
3.722724
3.674152
3.711269
3.063663
3.113922
3.256771
3.093305
2.345100
3.085114
2.585605
2.633117
2.344545
2.817712
1.490206
2.027847
1.893570
2.540485
1.633735
1.551549
1.760133
2.795446
1.777368
1.696363
1.769105
2.937142
3.335030
1.913707
1.869578
2.921456
2.581114
3.855830
2.927466
3.745000
2.966426
3.835095
4.275684
3.767557
3.594871
3.280126
4.002522
3.508491
3.320771
3.501910
3.364914
2.838616
3.311178
3.581160
4.031388
3.776558
3.120070
3.028131
2.685992
3.759029
3.643545
3.391334
3.601097
3.077851
2.504802
2.433593
2.141167
2.913127
2.187275
2.240296
1.464940
1.797791
2.516772
2.323729
2.475027
2.589565
2.397223
2.745763
3.084338
2.610981
3.752566
2.697782
2.826065
3.839968
3.587580
2.575626
2.348026
3.608547
3.899927
2.955637
2.862400
2.744064
2.946323
3.640655
3.624348
3.818378
3.177489
4.173368
3.689773
2.504250
3.596476
3.947829
3.831160
3.803376
3.831160
3.697969
3.946157
4.075019
3.473622
2.942785
3.477228
3.721962
3.800821
3.814694
3.477228
3.335515
3.268038
3.626305
3.765595
3.800572
3.697287
3.917389
2.963323
3.249614
3.759029
3.582048
3.496881
3.502629
3.375045
2.829192
2.143620
2.214715
2.096238
2.309657
1.802122
2.830824
2.711055
2.631475
1.968481
3.086233
3.349786
3.247741
2.217820
2.755744
2.388818
2.727170
3.379638
3.208615
3.669477
2.797869
3.986999
3.917370
3.629678
3.386374
3.743816
3.373050
3.489533
3.631539
3.790593
3.994024
3.768195
3.507051
2.777592
2.875784
3.565905
2.785681
3.648938
2.971382
3.649440
3.339979
3.509516
3.377236
3.448623
2.678579
2.197891
2.569708
2.002165
2.118370
2.151045
1.441684
1.458492
1.962024
1.775440
1.836658
1.723000
2.921697
1.859074
3.332580
2.018367
3.327556
2.365832
2.077385
2.287254
3.259806
2.572150
2.451906
3.811359
3.811359
2.770144
3.672350
3.423832
2.826225
2.716699
2.493615
3.548464
3.636221
3.204742
3.480075
4.347065
3.483113
3.221025
3.348556
3.977103
3.598175
3.209057
3.530746
4.071562
2.646201
3.741951
2.803795
3.484046
3.509516
3.533959
3.558906
3.533959
3.570675
3.244627
3.224360
2.585605
2.834953
2.137413
2.742606
2.058125
2.183024
2.056471
2.349048
1.446857
1.452639
2.056191
1.536341
1.646087
1.630140
2.655226
2.223015
2.524808
2.467035
2.453804
1.727910
1.919796
1.760284
2.616590
1.957842
2.678793
2.559103
1.939639
2.941767
3.151231
3.452209
3.373296
2.896955
2.758262
3.839968
2.975726
2.715799
3.115506
2.636037
3.957508
4.059763
3.826517
3.659404
3.604020
3.634012
4.115470
3.015009
4.414159
3.923106
4.140103
4.343712
3.988830
3.075571
3.589111
3.665004
3.731536
3.894593
4.117469
3.626226
2.879042
2.783112
3.752513
3.687190
3.247821
3.673001
3.677449
3.116507
2.227918
2.835529
2.895219
3.023003
3.041969
2.734190
2.467224
2.299733
2.305528
2.271989
2.511723
1.471921
1.508939
1.883580
1.491586
2.188934
2.188325
1.889638
2.548239
2.135419
2.008577
2.010241
1.847483
2.753025
1.787140
2.795446
1.788850
1.738863
3.074041
2.953262
2.874178
3.059764
1.935978
3.225514
3.476006
2.287254
1.892038
2.845833
3.107313
2.228622
2.537492
2.739185
2.765044
2.131635
2.841050
2.745452
3.006795
3.243433
3.585079
2.676847
3.267872
2.470363
3.635764
3.635764
3.699301
4.059763
3.769283
3.955345
2.793000
3.447344
4.063685
3.529190
4.158343
4.160881
4.011136
3.895863
3.794074
3.677510
3.731536
2.793456
3.851911
3.405062
3.755738
3.603362
3.755738
3.719408
3.195768
2.730438
2.717543
3.604629
3.798630
3.707199
2.610419
2.367080
3.051630
3.131481
2.895219
2.849711
3.274077
2.621073
2.420485
2.179657
2.979009
2.244772
2.778557
2.587420
1.996245
2.130860
2.152278
1.584823
1.406255
1.396604
1.899774
1.514045
2.139138
2.136759
2.201765
2.533869
2.447650
2.316608
1.911514
1.761221
2.097322
1.741283
1.958819
2.822551
2.640506
1.845339
2.490104
3.032396
3.285642
2.523252
2.582389
2.666506
3.752566
3.129301
3.157601
3.267872
2.904290
3.669477
3.176567
3.691411
3.131955
3.911452
4.091472
4.115745
3.917370
4.016575
3.884917
3.456372
2.670050
3.964551
4.099061
3.721962
4.144023
3.247821
3.982296
3.710314
2.570858
2.611608
3.606030
3.158552
3.307737
3.054500
3.061045
2.842785
1.571408
1.622954
1.800421
1.695178
1.884984
2.068612
1.636863
1.500545
2.444920
2.525710
2.355621
2.665535
2.498620
1.958286
1.710860
2.047127
2.465897
2.135422
1.774723
1.843222
2.155688
2.020449
1.904813
1.919796
2.753025
2.192983
2.247689
1.775440
2.949208
2.522470
2.748880
3.003668
3.452401
2.558216
3.335030
2.352422
2.403244
2.038346
2.017843
3.216862
3.285642
2.789971
2.530569
2.913551
2.457035
3.380022
2.896955
4.191991
4.075980
3.272519
3.227646
3.822242
3.095925
3.914947
3.753402
3.513747
3.836252
3.572669
2.810323
2.949525
3.477228
3.592613
3.577569
3.592613
3.077364
3.981502
3.358920
3.570833
2.979568
3.249614
3.570675
3.586013
3.394615
2.700275
2.855658
3.033486
2.279713
1.570716
1.564437
1.415208
1.489878
1.625116
1.501780
2.282147
1.709869
1.704558
2.227875
2.417181
2.570090
2.522470
2.298022
2.165347
2.290454
2.132405
1.995188
2.617707
2.718072
2.688802
2.706902
2.883587
2.634653
3.182566
3.115506
3.051686
3.699301
3.044881
3.804466
3.714962
3.132747
3.629678
3.229161
3.437004
3.012431
2.831566
2.835451
3.286028
4.180971
4.210964
4.032025
3.651597
3.520171
3.441601
3.581160
3.826681
3.903504
3.831581
3.737939
3.170029
3.651190
3.690475
3.528675
2.426932
3.621033
3.131481
2.633117
2.495641
2.239596
1.543820
1.800421
2.053679
2.028876
2.167528
2.216692
2.384717
1.717712
2.324812
2.100599
2.413401
2.515687
1.829293
2.247000
2.141438
2.822551
2.813171
2.130281
1.837034
2.091742
2.583785
1.861032
2.369033
3.052026
2.434854
3.376391
3.336197
3.754797
3.504791
3.504791
3.082650
2.782907
2.808698
3.478196
2.874769
3.995805
3.931308
4.126774
3.417428
3.097355
2.596865
2.420620
3.092829
3.902454
3.788915
3.206506
3.969518
3.902454
3.605985
3.703594
4.247440
3.095507
3.816478
2.876631
3.515449
4.066731
3.646676
3.705880
3.856696
3.741951
3.891807
3.846657
3.972965
3.712331
3.117410
2.926647
3.757520
3.033486
3.192186
2.911089
2.700275
2.487920
2.165054
2.659913
2.181969
2.014799
1.455040
1.466167
1.980801
2.046565
1.470836
2.226355
1.670905
2.413401
1.899007
2.528741
1.884955
1.834841
1.716619
1.754810
2.441541
2.125414
2.247000
2.235365
2.582672
1.995188
2.552045
2.230978
2.541456
2.132405
2.457651
2.266553
2.513598
2.451025
2.975717
4.192258
3.568051
3.877125
4.134321
4.016575
4.119255
3.034836
3.187497
3.906617
3.718277
3.557377
3.779749
3.014574
3.798630
3.856696
3.728573
3.846395
2.715493
2.982656
2.875348
2.611608
3.079706
3.109661
2.743098
2.792555
2.881818
2.937168
3.011446
2.912743
2.583608
2.177147
2.222591
2.138660
1.466877
1.667759
1.827475
1.806340
1.808469
1.534467
1.484707
1.991504
1.949888
1.886344
1.601186
1.862130
2.395789
1.814973
2.757304
2.653171
2.776423
2.394149
1.794719
2.096185
2.561496
2.700320
2.637354
2.130281
2.781473
2.983084
2.432071
3.061767
3.579329
2.696377
3.199347
2.202981
3.996486
4.127423
4.292163
3.954797
2.872344
4.016575
3.662477
4.247699
3.883399
4.028593
3.706958
3.752575
3.814694
4.210964
4.014135
3.033199
2.814162
3.680906
2.891410
2.940831
3.286580
3.286580
3.909767
3.906104
2.983452
3.213425
3.321859
2.231081
2.780259
3.213425
3.109661
2.809690
2.622077
2.436631
2.165032
2.237465
1.709700
1.694662
2.043429
1.884955
2.781729
2.667404
2.558427
1.904107
2.096332
1.911514
2.125414
2.193314
2.008577
1.723488
2.192983
2.183897
1.805259
2.457555
3.227892
2.573132
3.075390
2.533731
3.010692
3.798254
2.883587
3.340447
3.367554
3.176567
3.055606
2.337529
2.974416
3.495071
3.652457
3.931308
3.639374
3.667228
3.773210
3.805505
2.934462
3.703594
2.985689
3.046486
4.443372
4.383565
4.337650
3.835029
3.529190
4.385674
4.133810
4.183773
4.243466
4.149627
4.117469
3.638108
3.897740
3.439295
3.668746
2.911525
2.810798
3.846628
3.891807
3.685961
3.244108
3.716907
3.581673
3.581673
2.903497
2.622077
2.495641
2.577146
2.050564
1.971159
1.636874
1.715039
1.801192
1.765308
1.599067
1.880031
2.070827
1.575235
2.146878
2.065452
1.862130
2.065452
2.517898
2.505379
1.889068
2.015800
2.527371
1.794215
2.092232
1.985400
2.620216
2.681876
1.696295
2.192983
2.991900
2.894422
2.600346
2.599025
3.366815
2.056519
2.987462
2.822979
2.884183
2.773754
2.785481
4.321894
3.885630
3.722732
4.233549
2.977898
4.226177
3.153334
3.013383
4.273582
3.829669
4.169714
3.638108
3.874774
3.315119
2.909368
2.848451
2.353641
2.564833
2.422365
3.030897
2.712241
3.018391
2.809690
3.030897
2.350958
2.734870
2.937168
2.202168
2.162976
2.039008
2.488625
2.413768
2.277031
1.924720
2.153879
1.519409
1.547879
1.410464
1.859993
2.134508
2.030140
1.946653
2.251819
2.411463
2.599966
2.633958
2.811604
2.732788
2.358732
2.837810
2.900337
3.463254
2.562940
2.457555
1.939639
2.568802
2.244110
2.340903
3.010692
2.827420
2.931607
2.608274
2.578245
3.156973
3.283714
3.340447
3.016819
2.528079
3.588548
3.548190
4.029349
4.091472
3.845293
3.368107
3.315873
4.028364
3.033644
4.098462
3.964551
4.603467
4.421848
3.286320
3.706958
3.680219
2.907851
4.235565
3.367444
4.348411
3.266661
4.299703
3.889227
3.830436
3.891284
3.137045
2.815928
3.789540
3.711835
3.736213
2.807783
3.265166
3.300196
3.140548
2.528444
2.970501
3.035040
2.970501
2.894073
2.317384
2.528444
2.644483
2.989974
2.268947
2.757657
1.534494
1.534717
1.454544
1.436527
1.496697
1.905076
2.276842
2.054332
1.743186
1.805240
2.745575
2.636098
2.492573
2.438654
2.753056
2.497191
2.521580
2.005008
2.705528
1.685317
1.742659
2.651932
4.213458
3.842873
4.025544
3.954797
3.997448
3.986001
3.773210
3.901580
3.080144
3.072387
3.965044
3.084891
3.573750
4.183773
4.292603
2.989702
4.179523
3.130203
4.025671
2.928239
3.893179
3.584085
3.439816
3.756824
3.846628
3.808563
3.760890
3.761818
2.772789
2.927235
3.097448
3.213425
2.806454
2.842370
2.809764
2.628396
2.384836
2.145646
2.243728
1.995216
1.893695
1.878116
1.565023
1.436527
1.606346
1.381425
1.697367
2.043521
1.619303
1.816480
1.840965
2.274592
1.878327
2.310247
2.116021
2.489557
2.458222
1.778185
1.801329
2.205256
2.079257
1.822334
2.475368
2.705528
1.840910
2.516383
2.542306
1.759113
1.925048
3.467975
3.067572
2.649287
2.644953
3.367554
2.932877
2.932877
3.288191
3.839166
3.330412
3.039967
3.871706
4.176681
4.540200
4.557321
2.946555
3.965044
4.273582
3.304332
3.437004
3.039316
3.064190
4.284397
4.429935
3.925078
3.926331
3.630180
3.482423
2.924901
3.936006
4.045116
3.581902
3.753918
3.025488
3.624212
2.998081
3.220731
3.018391
2.634164
2.317384
2.154690
2.054323
2.202685
2.024885
1.504869
2.182184
2.066125
2.226638
2.415314
1.896241
2.354770
2.734925
2.495574
2.702249
2.528741
2.753056
2.038391
1.977490
3.541553
3.463254
2.770473
2.639985
3.458098
3.335030
2.367541
4.127423
4.402991
3.021903
3.165679
2.742642
3.537034
3.153368
3.095473
3.256813
4.351737
4.408910
2.988132
2.959690
2.889313
4.326663
4.393601
2.896812
3.576981
4.078220
3.594209
4.022914
3.725493
3.719224
4.045116
3.874774
4.022914
3.819517
3.143035
3.220271
3.286580
3.386463
3.032131
2.672528
3.779084
3.786905
2.550971
3.635017
3.249026
3.145019
2.879833
2.262437
2.525722
2.768208
2.546360
1.431283
1.596049
1.669356
1.657741
1.950406
1.716101
1.593817
2.629471
1.900619
2.599801
1.994248
2.096730
2.836651
2.297683
2.929682
2.782766
2.987462
3.067572
2.516254
2.557920
2.710085
3.990475
3.839166
4.216596
4.179820
4.094706
3.764958
3.415611
3.751797
4.186153
2.945963
2.995078
4.165310
3.541677
2.951909
3.236605
4.471627
4.394606
4.153445
4.054546
3.347842
4.273046
4.245661
3.953670
3.651784
3.684207
2.896131
2.974489
3.760890
3.667656
3.614201
2.480834
3.219447
2.989266
3.058774
3.112238
3.062698
2.879833
3.080598
2.496623
2.428371
2.303297
2.138660
2.065265
1.818149
1.797405
1.426261
1.387110
2.079219
1.510712
2.035721
2.165950
1.769971
1.658980
2.338791
2.276316
2.350080
2.063696
2.634821
2.164911
2.164911
2.894379
2.897559
1.845335
2.147051
2.776423
2.607664
2.641476
2.548211
2.897559
2.714956
3.143207
3.076939
2.573698
2.736506
3.429586
3.311703
4.449077
3.481129
3.419448
3.252282
2.731840
3.909045
2.897171
4.389001
4.458031
3.347945
3.349957
2.982380
3.038604
3.990345
3.906617
3.832002
3.841664
3.825197
4.302880
3.953670
4.078220
3.852237
3.969215
3.897740
3.877768
3.788710
3.810192
3.922520
3.122963
3.139984
2.809084
3.107319
2.599622
2.552078
2.520601
2.924212
2.509891
1.604574
1.463480
1.932212
2.062187
2.177032
2.383533
1.896241
1.991121
1.878662
2.522695
2.337039
2.894379
2.408889
2.727949
2.846416
2.782543
2.859324
3.249643
3.128574
3.097507
3.405398
2.650100
3.591045
4.413000
3.658748
3.864480
3.706364
4.186153
4.336112
4.557321
4.139606
4.511536
4.443274
2.944812
3.122039
4.228846
3.856359
3.937201
2.853729
2.711044
2.807783
2.730325
3.366733
3.112238
2.185442
2.392850
2.050564
2.340870
2.361990
1.604574
1.609135
1.658220
1.737146
2.088445
1.781707
1.852675
2.488814
2.254871
1.914561
2.133227
1.878662
2.586659
2.451142
2.745575
2.781729
2.739304
2.945809
2.894379
2.894379
2.407821
2.912875
2.646583
2.737210
2.705302
2.705269
2.992301
2.584698
2.624280
2.831974
4.288156
4.232022
4.405773
3.077010
4.722289
2.929689
4.532950
4.608437
2.936208
2.823723
4.016548
3.871706
3.751797
3.048542
3.155547
3.435950
3.594240
3.038332
4.078863
3.969215
4.050945
4.022914
3.220271
3.301390
2.951537
3.834738
3.808563
2.889902
3.376295
2.672287
3.076528
2.786610
2.821929
2.699219
2.550947
1.961941
2.370744
1.414792
1.524463
1.414981
1.851824
1.647125
1.973833
1.548882
2.164364
2.489709
2.338791
1.807085
2.549148
2.801340
1.765734
2.487026
2.646312
2.081229
2.028643
2.230484
2.330618
4.231537
4.143510
2.630006
2.545920
3.262304
4.321894
3.141707
3.311703
4.122392
3.500919
3.652628
3.864480
4.065754
4.270428
4.431808
3.563342
3.455568
3.101029
3.245446
4.106741
3.920042
3.629556
2.746756
3.686597
3.088090
3.081856
3.392148
3.201520
3.181792
2.452621
2.105014
1.977111
1.972836
2.031522
1.436689
1.492784
1.575971
1.455095
1.424245
1.672911
1.721254
1.650894
2.264953
2.276842
2.090514
2.034208
2.260671
2.494811
2.436303
2.254266
2.691373
2.686323
2.665562
2.495786
2.859324
2.985709
3.468099
3.291247
3.468099
2.959331
3.084754
2.913024
2.967046
2.063463
3.340792
3.405398
2.348425
2.564687
3.095490
3.610693
3.962644
3.359287
3.039797
4.350519
3.089485
3.272083
3.537034
4.626889
3.954948
3.802617
4.590228
3.801285
3.672148
2.663417
2.850073
3.607667
4.119222
2.964318
3.249350
2.947130
3.789892
2.883558
2.989389
3.075459
3.166222
3.686597
3.422131
3.392148
2.358353
2.612410
2.278163
2.078704
2.202281
2.654038
2.457339
2.275419
1.971962
1.381177
1.375870
1.563454
1.324486
1.337798
1.348901
1.372872
1.535824
1.610216
1.582068
1.563454
1.594048
1.692874
1.656761
2.057018
1.922932
1.502180
1.620315
2.101618
1.859436
2.316302
2.538080
1.928598
1.878853
2.702249
2.686323
2.359753
2.439979
2.900609
2.806773
2.929682
2.865085
2.415397
3.139637
2.949208
2.289844
3.243911
4.378859
4.257660
3.021649
2.839458
2.676351
3.051658
4.330339
2.951909
4.016548
4.443274
2.971594
2.821656
3.173779
3.033275
4.324825
4.401776
2.880341
3.608540
4.061045
3.698797
3.038332
2.878186
2.887692
3.842684
3.489430
3.110905
3.114766
2.895036
2.124996
2.037403
2.395789
2.565818
2.136502
1.507138
1.515457
2.064889
1.980094
1.889290
2.141805
2.102718
1.938924
2.014683
2.539761
2.724025
2.400860
1.875308
2.308516
2.569004
2.783458
2.388247
2.671744
3.209639
3.208919
3.209639
3.231063
4.014641
4.356129
3.864480
2.920722
4.251329
4.729638
4.541993
4.708802
3.935348
3.170869
3.167668
3.167668
3.306690
4.408910
3.209071
3.659758
3.954948
4.166879
4.476226
3.841608
3.085883
4.118905
3.038765
3.099435
3.984208
3.030899
3.461848
3.154016
3.454301
3.582521
2.793375
3.423703
3.244111
2.392103
3.039104
2.993649
2.033888
2.254734
2.755953
2.924212
2.966519
2.604824
2.652173
2.629410
2.297617
2.240462
2.185442
1.967232
1.425056
1.657494
1.612088
1.577895
1.868650
2.182619
2.133173
2.077981
1.706372
2.416691
2.794501
2.527050
2.494811
2.732315
2.794449
2.707265
1.810755
2.869860
2.619933
2.413067
2.415630
2.143268
2.589821
2.551539
2.572835
3.332347
3.610693
3.314722
2.780827
3.684608
3.199572
2.626625
3.113701
3.935970
2.659627
3.423576
3.912650
3.422071
2.972683
2.999549
4.489110
2.987395
2.952233
4.205600
4.027298
3.893009
3.790226
3.752390
2.799027
2.918698
3.711377
3.922520
3.504934
3.057515
3.125467
3.058248
3.222433
3.332232
3.047452
3.015286
2.767919
2.974183
2.389354
3.276866
3.077068
3.202849
3.134660
3.094848
2.707384
2.707384
2.550433
2.698217
2.863415
2.037403
1.837877
1.617766
1.556781
1.799606
1.889290
1.389286
2.314270
1.773335
2.199528
1.958455
2.216689
2.354473
2.483647
2.488814
2.040528
1.812545
2.620513
2.494484
2.012158
1.818348
1.827216
2.694001
2.633863
3.202344
2.368974
2.619829
3.331658
3.139524
3.248319
2.420734
3.619298
3.589175
4.812029
4.533793
2.998215
3.020928
4.476420
4.575325
3.126373
3.195299
3.704772
3.562894
3.528406
4.191240
4.130854
4.205600
3.935263
3.770237
4.036049
4.102653
3.935263
3.397206
2.850846
3.548304
3.842684
3.485852
3.454301
2.822390
3.114766
2.619378
3.145690
2.612410
3.272391
3.181792
3.202849
2.494061
2.902980
2.341919
2.112753
2.011359
1.812145
1.394667
1.332886
1.482279
1.618414
1.646548
1.706805
2.160695
1.832305
1.791628
1.744181
2.223333
1.742145
1.975502
2.034208
2.314270
2.400860
1.986308
1.810188
2.840233
2.900609
2.681293
3.139637
3.257850
3.164053
3.164053
2.663192
2.641553
2.447978
3.329497
2.522405
2.343181
2.571652
2.679931
2.643275
4.541718
3.423576
3.383801
3.251431
2.963618
2.622005
2.965403
4.577224
4.711965
4.609369
4.489110
3.386148
4.322133
2.995078
3.043375
4.534920
3.181545
2.933886
4.508843
4.425635
4.508286
4.119222
3.482147
3.534762
2.811175
3.848041
2.908069
3.110905
3.249350
3.500406
2.722052
3.360889
2.974183
3.261685
2.898942
2.769735
3.248056
3.179208
2.905030
2.494038
2.548146
2.637957
2.039544
1.470881
1.552180
1.635509
1.388590
1.632506
2.103110
2.051048
1.979341
2.242169
1.817475
2.359162
1.963669
1.823257
2.742371
2.968459
2.003933
1.975632
2.056438
2.577891
3.369055
2.611046
2.998065
2.863754
3.797278
4.014641
4.590942
3.074740
3.202712
4.188732
4.511699
2.976455
2.870425
3.041996
2.976386
4.649863
4.599759
3.230325
3.367415
3.362439
4.515049
3.505544
2.975026
3.332290
3.980034
2.966723
3.477025
3.674289
4.233161
3.886870
2.626412
3.738522
3.508525
3.731648
3.285323
3.575195
2.828610
3.118972
2.957284
2.366394
2.450300
2.307526
2.000925
1.825493
2.091618
1.865574
1.768820
1.712510
1.721254
1.897778
1.979633
2.115167
2.285225
1.703714
1.728271
2.255176
2.754052
2.377220
2.463808
2.282810
2.339164
2.393474
2.925593
2.120352
2.092468
3.387590
3.298333
2.252707
3.387590
3.045683
3.208919
3.045683
3.403437
4.280583
3.595723
3.935970
4.114148
4.468484
4.396386
2.757820
3.811375
3.866324
3.680866
3.022892
2.949358
2.853817
3.623025
3.200294
3.395934
4.536397
3.493198
3.621345
3.245446
2.833790
2.615737
3.848338
3.788710
3.819987
2.744283
3.810192
3.445188
3.251319
3.103693
2.800778
3.041273
3.061014
3.128820
3.116970
3.038636
3.369743
3.096213
3.105475
2.768405
3.030604
2.385569
1.825493
1.308915
1.389534
1.292092
1.292033
1.526971
1.397383
1.478162
1.444122
1.498131
1.772289
1.785162
1.982419
1.791884
1.773335
1.975502
2.610579
2.321893
2.424680
1.794301
2.335359
2.517818
2.161531
2.278215
2.838784
2.815899
2.905727
2.001115
3.257850
2.545032
2.564176
2.604107
2.112544
3.492399
4.580891
4.188732
4.313607
3.547321
4.473241
4.455161
2.782952
3.017790
3.398417
3.156975
3.529136
2.725419
4.446380
3.456447
4.144531
2.756293
3.597607
3.328883
2.980256
3.232398
2.941242
2.898942
3.133109
3.397603
3.429111
3.397603
2.942981
2.609071
3.268637
2.633938
2.121403
1.931280
1.922572
1.470881
1.986022
2.255442
2.220676
2.085654
1.869252
2.321893
2.520971
2.128151
2.143984
2.340962
2.449257
2.915488
2.464968
2.516478
3.021080
2.548435
2.621301
2.454467
2.774979
2.645975
2.869761
2.315396
2.593853
2.607323
2.519970
2.596010
3.321990
2.645763
3.272083
2.968149
4.609369
3.088631
4.459812
4.577928
4.353352
3.639855
3.016314
3.343559
3.445989
2.748582
2.991812
3.200274
3.641390
3.477916
3.623387
3.597607
3.467320
3.569749
3.575195
2.314535
2.914613
3.220020
2.847252
2.558477
2.599414
1.960224
2.076972
2.399353
2.174028
1.917229
2.121643
1.233054
1.429066
1.431037
1.867422
1.903126
2.072597
1.773322
1.963860
1.874049
2.079741
2.249677
2.536586
2.823069
2.517427
2.576377
2.555228
2.850112
2.917701
2.873515
2.339164
2.106349
3.211757
2.684230
2.813597
2.646992
2.879144
2.004094
2.998021
3.154451
4.283017
2.891005
3.347572
3.217410
3.580537
3.347572
4.652507
4.313512
4.373067
3.395749
3.493198
3.123868
3.665848
3.752390
3.603441
3.402590
3.266941
3.387134
3.266430
3.284618
3.730760
3.709864
2.822320
3.436288
2.608436
2.816586
3.116970
2.911123
2.947159
3.102289
3.076836
3.076836
2.401830
2.367753
2.278163
1.833099
1.902136
1.223069
1.246677
1.227886
1.283199
1.577615
1.544965
1.669527
2.134176
1.701651
1.612024
2.421932
2.168207
1.633298
2.165703
2.381419
1.989917
2.091072
1.974243
2.013541
2.206604
3.259470
2.617096
2.368974
2.282287
3.797278
4.049120
4.623871
4.210730
3.775579
4.114148
4.648836
4.508950
4.473241
2.778456
3.078100
3.523679
3.172593
3.591583
4.220930
4.508843
4.502156
3.194667
3.147010
3.115435
2.860605
2.846267
4.144531
4.250306
3.000629
3.289877
3.173269
3.405416
3.748860
4.032384
3.133161
3.006142
3.491397
2.792144
3.236337
2.488427
2.834394
3.221273
3.220787
3.369980
2.719128
2.808029
2.818763
2.818998
2.990771
2.858747
2.244185
2.191799
2.646357
2.073494
2.300232
1.823542
1.905374
2.359288
1.796205
1.749641
1.360689
1.620224
1.360038
1.710122
1.503612
1.816238
2.137479
1.660619
2.350009
1.908513
1.807321
1.853126
2.248054
1.881313
2.085654
2.004336
2.004336
2.076502
2.536586
2.557531
2.767037
1.843618
2.739950
2.774120
2.724197
2.222813
2.340822
2.614834
2.357997
4.384884
4.430914
2.595828
2.645763
3.101494
3.711807
3.140645
4.825977
2.882405
2.846699
4.261190
4.420370
3.016057
4.578264
4.287020
3.241236
4.269964
3.266941
2.859449
3.901951
2.866191
3.347329
3.599953
3.422240
2.518778
2.844621
2.527130
2.796636
2.749709
2.747750
2.859990
2.290188
2.591750
2.183235
2.000925
1.276972
1.264973
1.476522
1.594679
1.386340
1.576259
2.013038
1.669527
2.099430
1.937743
2.378566
2.658443
2.462902
2.645975
2.780196
2.648090
2.527652
2.760715
2.982568
3.649397
4.041029
3.210602
4.547285
3.246204
3.057582
4.127748
3.078100
4.188612
4.752343
3.086028
4.825977
4.812029
2.924087
4.635390
4.600243
3.388333
3.455527
4.249385
4.351456
4.341784
4.213823
3.405416
3.308604
3.278376
3.848338
3.698514
2.801001
2.790324
4.032384
3.601450
3.720750
3.857507
3.891337
3.876157
3.384151
3.146251
3.232398
3.584392
3.369980
3.276166
3.009911
3.233411
3.133501
2.355129
3.229673
3.163638
2.990771
2.623255
1.968395
2.694606
2.157805
2.307526
2.161998
1.794468
1.206489
1.574979
1.821984
1.706591
2.229641
2.181452
1.812730
1.986022
2.308941
2.265035
2.629508
2.467333
2.341894
2.486638
2.964384
2.946324
2.498898
3.118443
3.045683
2.796177
3.403437
3.864644
2.476130
2.673325
2.711236
3.341628
3.157013
3.523866
3.292471
3.911176
4.311783
2.919510
3.914578
2.871022
3.105016
3.209071
4.476226
4.476226
3.011690
4.287020
3.698514
3.534762
3.711377
3.935403
3.748860
3.896746
4.058995
3.597607
3.351533
3.580292
3.715592
2.931702
3.443359
3.432412
2.711049
3.385587
3.385587
3.434400
3.068154
2.725430
2.965884
2.527130
2.507567
2.488570
2.439842
2.228223
2.162906
1.310913
1.502546
1.624276
1.523682
1.752661
2.417210
2.354531
2.358069
2.360698
2.767037
2.946324
2.879457
1.903567
1.919616
2.923838
2.270329
1.915889
2.393474
2.977343
2.829517
3.076648
4.212705
4.151561
4.265741
2.697323
3.750272
2.884653
4.512611
4.302996
2.838095
3.329343
3.234504
4.161098
3.101681
2.895033
2.906282
4.075226
3.714716
4.126091
4.259553
2.713874
3.976457
3.970840
3.683612
3.967053
3.730760
3.510887
2.417062
2.750378
2.998345
2.088950
2.303386
1.931280
2.443834
1.915201
1.993783
2.473473
1.733246
1.674279
1.417765
1.300117
1.488340
2.008417
1.772714
1.812039
1.741816
1.619470
1.621557
1.929327
1.812730
1.886966
2.236478
2.012629
1.929327
1.766675
1.931301
2.097804
2.062000
2.826022
2.046081
2.420757
2.366156
2.977343
3.118443
2.938420
2.647588
2.725138
2.658949
2.626669
2.562454
3.641649
3.230745
4.221260
4.560312
4.502680
3.109268
2.920592
2.931049
3.750272
2.822520
4.152796
2.946642
2.920226
4.653360
2.995699
4.313512
4.446670
4.575325
4.545230
4.287020
3.369132
2.955304
2.707498
3.405416
4.204988
2.904357
4.032843
3.584392
2.719870
3.739064
2.787230
3.060521
2.900044
3.188225
3.369980
3.522092
3.173699
3.079300
3.235325
3.155091
2.729127
2.821180
2.398916
2.629425
2.303386
2.364874
2.735134
2.206850
2.183618
2.123458
1.964700
1.201004
1.434333
1.486416
1.564910
1.427620
1.770577
1.725272
2.219090
1.570380
1.574979
1.714783
1.890219
1.938377
2.385901
2.098655
1.910647
2.017435
2.989150
2.874542
3.063375
2.703577
2.993809
2.968459
2.404585
2.514302
2.813257
3.101185
4.617342
2.989992
3.553567
2.998998
3.972024
2.973667
2.948698
4.847965
3.086028
3.497620
3.294687
3.655205
3.174767
4.164996
2.707498
3.524322
3.731703
2.823163
2.418231
3.513344
3.482830
2.567195
2.420116
2.119118
2.488570
2.735134
2.008831
2.165367
1.845497
1.264325
1.511741
1.522446
1.720213
1.656678
1.420108
1.583392
2.070478
1.805118
2.244310
2.214860
2.421932
1.824206
2.295963
2.782098
2.782525
2.915488
2.955039
2.276458
2.514302
2.684265
2.896640
3.083559
2.844207
4.368610
4.388267
4.426280
3.196409
3.557042
4.353214
4.454627
3.915095
2.878704
2.730590
3.113538
3.639245
2.987945
3.437636
2.824006
2.966771
3.184691
3.135630
4.278664
4.169930
2.857842
3.188080
3.773206
2.734971
2.830803
2.538618
2.538618
2.613611
2.994857
2.725023
2.629425
2.919740
3.017468
3.024621
2.853446
2.708504
2.754641
2.583499
2.106718
1.988355
2.243721
2.051321
1.968395
2.162386
1.953513
2.383284
1.807788
1.713701
1.887234
1.233911
1.502648
1.476522
1.654869
1.679375
1.829151
1.731683
1.663100
1.758789
1.581735
1.931301
2.358069
2.189471
2.190960
2.069864
2.047471
2.831318
2.898337
2.396236
2.740015
2.874088
3.140579
4.380466
4.433313
3.501812
2.837602
3.480855
3.941226
4.167901
3.808199
2.841128
4.796888
3.766672
4.152796
3.101408
4.730515
4.644129
2.810024
2.850843
3.229935
3.455527
3.174767
2.818348
3.976457
3.041323
3.954552
2.853332
2.923915
3.621593
3.508728
3.652727
3.512821
3.670204
3.134110
3.233691
2.894407
3.289715
3.234593
2.534935
2.218807
2.351182
2.239622
2.612386
2.527491
2.352249
2.612386
2.382932
2.446405
2.220341
2.218762
1.941684
1.725917
1.274899
1.288784
1.687407
1.778868
1.867136
2.036269
1.706781
1.649415
1.617293
1.686964
1.661004
2.331405
2.502788
2.301658
2.041682
2.943966
2.943966
2.385038
2.938420
2.725138
2.624791
2.923579
3.196431
3.015435
3.076648
2.998681
3.028334
4.212705
4.548798
4.617342
4.301620
3.341628
4.135153
4.328879
2.663713
4.712420
4.653360
3.696343
3.308424
4.577928
2.936470
3.110426
3.387861
3.639855
3.285144
4.278664
3.278376
2.989882
3.252913
3.011562
2.625756
4.021122
4.044855
3.508852
2.787437
2.787437
2.453410
2.565884
2.254033
2.273449
2.314120
1.993783
1.919004
1.851410
1.936954
1.984214
1.119256
1.141340
1.778868
1.403176
1.474059
1.946668
1.856489
2.128322
2.190960
2.517427
2.573438
1.909374
1.877930
1.797989
1.903567
2.137611
2.275257
3.016688
2.521511
2.597020
2.660468
2.644686
2.519809
2.577637
2.735664
3.335557
3.479931
4.548798
2.880965
2.929095
3.012635
4.475091
4.375383
4.738500
4.698593
3.775031
2.879940
4.407713
4.524654
4.428258
2.987922
2.812976
3.655205
3.497620
3.456748
3.848669
4.204988
2.956889
3.893183
4.040092
3.890074
3.812652
3.817153
3.512821
3.134110
3.438504
3.568830
2.838757
3.435907
3.387934
3.252925
3.341381
2.884588
2.919781
2.596806
2.076662
2.354231
2.489497
2.091600
2.160854
1.149723
1.433315
1.215534
1.264325
1.297712
1.524431
1.921239
1.537824
1.990512
1.616843
2.012865
2.284868
1.959933
2.116800
2.219090
2.041806
2.169195
2.026903
2.392548
2.319025
2.385901
1.967891
2.097512
2.159301
1.776426
2.573438
2.547280
2.135111
1.770496
2.615727
3.021084
2.997324
2.997324
3.017301
2.918156
2.588052
2.623831
3.254026
3.360699
4.330313
4.368931
3.065048
3.434416
4.653360
3.899600
3.125182
3.320212
2.696072
2.773114
4.262854
4.131614
3.041323
3.876157
4.188168
3.739064
3.885897
3.443359
3.429776
3.000062
2.800750
2.838757
2.493839
2.731515
3.088003
2.654550
2.922636
2.987987
2.492228
2.315108
2.440005
2.377220
1.888739
1.961313
1.935924
1.172480
1.592019
1.357610
1.717771
1.668018
1.565152
1.653443
1.914790
2.350601
2.043432
2.270600
1.613817
2.373574
2.230426
2.308325
2.440211
2.385579
2.780674
2.615452
2.502062
2.874954
2.784110
2.784110
2.614066
2.735664
2.704530
4.131239
4.360653
4.298475
4.339332
2.793781
2.969516
3.024467
4.792047
3.320106
3.886639
3.376666
2.873087
2.813791
2.757403
2.613597
2.989882
3.357869
3.463783
4.022209
3.803655
3.819647
3.800452
3.935652
3.372976
3.167325
2.987987
3.167915
3.083641
2.551663
2.770242
2.979298
2.315337
2.728929
2.184156
2.596806
2.430378
2.276964
1.144260
1.171826
1.121787
1.183249
1.443842
1.520726
1.534483
1.616317
1.413603
1.420767
1.589153
2.069438
1.965589
2.284868
2.393223
2.498807
2.434832
3.076648
4.273009
4.053039
4.344973
4.310899
3.130637
3.205921
3.447446
3.725339
3.759773
4.120305
3.241439
4.626463
3.808199
4.320649
4.612681
4.547014
3.490492
3.327583
2.909884
3.230359
3.005258
2.968079
3.548830
4.419324
4.682751
3.896243
4.429417
2.836381
4.022209
3.115218
3.870326
3.445536
3.669379
3.630995
2.689973
2.873034
3.567459
2.600449
3.283265
2.982136
2.597590
2.076581
2.076581
2.269423
2.731515
2.489497
2.929195
2.372047
2.213627
2.107322
1.171826
1.204077
1.305521
1.238868
1.445675
1.528109
1.668018
1.944591
1.578556
1.800682
1.822111
1.763347
1.820969
2.276458
2.400473
2.697863
2.838349
2.648793
4.463533
4.063203
2.900728
4.067864
3.830478
3.258376
3.800666
2.819903
4.550099
2.922176
4.524654
2.906210
3.106198
3.113783
2.880602
2.784186
3.118202
3.830781
3.851686
3.964035
2.848541
3.110426
3.909879
3.830781
3.835270
3.657042
4.278664
3.827505
3.832025
4.220542
3.061129
4.095357
4.395153
3.781518
4.190059
4.171375
3.583866
3.906464
3.239627
3.637870
3.880345
3.225293
2.658486
2.617427
3.387947
3.182280
2.884133
2.830426
2.815493
2.647629
2.274024
2.352249
2.361863
2.480399
2.230010
1.761531
1.723886
1.861345
1.909725
1.237030
1.342751
1.297171
1.342751
1.742753
1.832070
1.567768
1.612643
1.870870
1.698222
1.803508
2.114783
2.253648
1.664387
1.742158
2.498807
2.221691
3.061827
2.442431
2.477631
2.658699
2.704530
4.157509
4.360653
4.026965
3.807299
4.268337
4.193043
2.555962
4.256448
4.476226
4.569644
4.698831
4.681548
3.067812
3.258376
4.167901
3.630783
2.899273
2.765989
4.513261
4.584695
3.514249
3.232896
2.837139
3.441871
3.835270
3.191172
3.711046
2.620034
4.395153
4.126637
4.300958
3.827505
3.103087
3.463783
3.597390
4.050696
2.655132
2.994317
3.563985
3.268014
2.777527
3.587243
2.787437
2.934330
2.982664
2.934330
3.116043
3.387947
2.725023
2.526244
2.845060
2.567222
2.686508
2.566910
2.355016
2.664895
2.492228
2.374495
2.391741
2.585134
2.741260
2.303734
2.238162
2.146787
1.925692
1.704801
1.731657
1.739467
1.146722
1.190519
1.449120
1.548844
1.694940
1.362976
1.809114
1.630965
1.607360
1.729710
1.619590
1.843848
1.967897
1.731100
1.649476
1.750723
1.911290
2.021339
2.240028
2.344897
1.606004
2.430732
1.907996
2.270600
2.102405
2.615727
2.660229
2.397354
2.333091
2.254756
2.955162
2.720503
3.018600
2.701023
2.625356
4.255502
4.441710
3.086867
2.874657
3.042078
4.488523
4.623200
4.330669
2.943655
2.899273
3.232896
2.933267
4.668093
4.540384
3.461158
4.419324
3.863599
2.731504
4.163721
2.928805
3.072694
3.291031
3.891900
3.906534
2.753693
3.937613
3.669486
3.184894
3.369770
2.374495
2.594295
2.051054
1.960689
2.161467
2.301390
1.857431
2.146924
1.090855
1.140731
1.062204
1.200510
1.355702
1.510847
1.414555
1.843514
1.731100
1.992871
2.068698
2.390010
2.795118
2.780674
3.061827
2.655751
2.577925
4.257017
3.610240
3.864671
4.545761
4.532803
3.406145
3.727500
3.080264
4.362432
2.893229
3.991560
4.500341
4.329404
4.249054
2.718489
3.621355
3.615112
3.896243
3.456622
3.781518
4.287349
4.223881
4.291444
4.125852
3.608000
3.893641
2.993718
2.716540
3.206388
2.891352
3.667685
3.382145
3.674562
3.168957
2.746714
2.809619
2.351182
3.508852
2.940958
3.234593
2.287342
2.938443
2.469909
2.403698
2.057145
2.445478
1.654908
1.641113
1.114819
1.107975
1.358870
1.206710
1.614478
1.358268
1.692151
1.843514
1.537445
2.043432
2.156848
2.373574
2.660229
2.555046
2.933634
2.672291
2.450397
2.435210
4.330313
3.111406
3.006729
3.630783
4.681548
4.433103
4.178631
4.148926
3.698186
2.889124
3.071782
2.840540
3.408115
3.762232
4.541733
4.426168
2.637028
3.564950
3.916330
4.306537
4.423316
4.159713
3.683300
3.870326
4.087418
2.885994
4.106452
3.580814
3.048323
3.207131
3.293964
3.567459
2.833570
3.010457
2.574234
2.639560
2.773055
2.773055
2.856451
2.018964
1.792200
2.238502
2.052672
2.322506
1.854014
1.659319
1.864327
1.114819
1.139708
1.536465
1.543472
1.640270
1.519892
1.519892
1.421537
1.619590
1.701924
1.709486
1.533546
1.832070
1.616843
1.479919
1.612798
2.070249
2.041651
2.052089
1.927594
1.917202
2.873046
2.991156
2.601518
4.209125
4.336146
4.163475
2.856871
3.248186
3.217926
2.922176
2.667394
4.524654
2.831122
3.086342
4.590207
3.459251
4.624053
3.939726
4.565074
2.674267
2.506745
3.723157
3.650365
4.310915
3.293964
3.863599
3.502836
2.781131
3.577522
3.182280
2.851424
2.789638
3.083641
2.677953
2.230010
1.845295
1.827393
1.976349
2.071888
1.655236
1.398683
1.381788
1.451895
1.669315
1.404662
1.395044
1.355702
1.616843
1.739752
1.879181
1.801221
1.542033
2.078222
2.002224
2.395883
2.847040
3.039696
2.931717
2.303628
2.473575
2.765357
2.548060
4.109580
2.736134
2.646809
3.608673
3.446196
4.424835
4.218858
2.951655
2.858351
2.881085
2.933744
4.474489
4.114804
4.028814
4.325281
4.422620
4.662907
3.618847
3.487498
3.419228
4.399690
4.161214
3.512951
4.044855
4.040054
3.519560
3.506259
3.719289
3.829026
3.939375
2.861331
3.429365
3.069514
3.010457
2.828941
2.868340
2.691442
2.599329
2.467613
2.560349
2.148522
2.564811
1.901688
1.066275
1.241793
1.319264
1.321720
1.547209
1.648568
1.656955
1.621708
1.715405
1.458001
1.535549
2.037304
1.998545
2.138862
2.843144
2.672291
3.068290
3.016688
2.344267
2.221691
3.850094
3.707882
3.929262
3.715578
3.985958
3.809808
3.111406
2.945558
4.421077
4.299265
4.031794
3.917624
3.204390
3.274420
4.329404
4.310592
3.597907
2.898723
3.504341
4.500831
4.561547
3.582405
2.625403
3.793780
4.388465
3.609783
3.665837
3.376465
2.830786
4.057252
2.731097
2.633691
3.433630
3.611352
3.167325
2.929888
2.547529
2.467613
2.246064
2.447322
2.526083
2.259594
2.207306
2.097966
1.771735
1.723204
1.105411
1.283210
1.217238
1.306822
1.454346
1.666270
1.184776
1.847871
2.052089
1.956295
1.720313
1.733936
2.261976
2.358671
2.451367
2.466186
2.770804
2.247742
2.531055
2.452574
2.486819
4.024598
4.283916
2.803607
2.635890
2.682827
3.364009
4.488523
2.594170
2.658322
4.398595
4.758419
4.714073
3.039858
4.500831
4.528804
4.389026
4.474726
3.461158
3.443477
3.645978
3.718965
4.374606
4.159071
4.169720
4.018832
3.894587
3.580814
4.091333
3.820580
3.486595
3.309351
3.003836
3.300707
3.552351
2.563937
2.812122
2.737993
2.631033
2.148522
2.754704
2.560349
2.148522
2.565594
2.741260
2.230010
2.005018
2.318719
2.256488
2.389793
1.841284
1.704801
1.065497
1.189649
1.530664
2.252019
1.991559
2.088338
2.246024
1.988354
1.793705
1.939929
2.024268
2.494943
2.201717
2.221822
3.496692
3.251009
3.905625
4.127785
2.775722
2.721367
2.781494
3.392781
3.193427
3.781977
3.759947
3.279667
4.172244
3.274420
4.392292
3.940288
4.500341
2.875157
2.680533
4.276404
3.048163
3.308087
3.231663
4.205457
3.230777
4.594546
4.207570
4.508324
4.281504
4.186018
2.513704
3.755352
3.206388
3.268014
3.004888
2.694099
2.607478
2.982664
3.093169
2.741943
2.505410
2.123940
2.421738
2.556069
2.481345
2.938443
1.914143
2.027671
2.114511
2.005018
1.947236
1.841284
1.771649
1.802830
1.557924
1.557924
1.759871
1.087963
1.143108
1.254444
1.775934
1.873885
1.939716
2.032866
2.008277
1.899441
2.246024
2.334757
2.390990
2.466186
2.704031
2.480880
2.437817
2.391539
2.500855
3.497708
3.294153
4.119442
3.985958
2.480144
2.701314
2.585005
2.882348
2.901169
3.979136
4.104351
4.453633
4.106978
4.083231
3.567561
2.659396
3.594823
4.325281
4.102483
3.980867
2.752785
2.669932
2.675780
3.645928
3.185980
4.575853
2.587892
4.146880
4.425934
3.725516
2.535681
3.144694
3.289469
2.892494
2.931084
2.679257
3.050589
3.103311
2.468650
2.363480
2.658557
2.864580
2.510206
2.348178
1.896494
1.771649
1.987364
1.931027
1.856846
1.631382
1.657668
1.661172
1.691068
1.584082
1.183070
1.307444
1.114907
1.178518
1.168216
1.557265
1.559179
1.500530
1.304792
1.701526
1.633312
1.689225
1.717951
1.413018
1.977625
2.037304
2.365526
1.575275
2.346521
1.675384
2.600774
2.821568
3.039696
3.244013
3.372031
2.692430
4.087748
3.307906
2.715601
2.836894
2.739615
3.594823
3.056305
2.860603
4.001374
3.646286
2.820724
4.358325
4.248281
4.705123
3.232896
3.230777
3.217713
2.807151
4.433814
4.339278
4.413913
2.729096
4.464628
3.564950
3.645978
3.725516
3.665837
4.240335
4.310854
4.052309
4.057252
3.750913
3.645073
3.836086
3.529194
2.754470
2.778850
3.189235
2.716204
2.570332
2.341647
2.127708
2.564811
1.880183
1.678356
1.605129
1.474269
1.545196
1.616403
1.743228
1.396212
1.710538
1.873885
2.138996
1.971208
1.953861
2.948351
2.905154
3.506531
3.651042
2.468153
2.865406
3.984156
3.922790
3.564904
3.248186
3.204390
3.235251
3.095405
2.916101
4.634813
4.556325
3.430735
4.541733
3.120430
3.583721
2.834407
3.618847
3.529741
3.645978
4.590207
4.279321
4.092920
3.856517
4.279321
3.975215
3.581349
3.665837
3.234491
3.010457
2.958278
2.714096
2.632003
2.633386
2.662175
2.308636
2.121786
2.121786
2.292473
2.162629
2.169996
1.593497
1.494559
1.046715
1.018257
1.072091
1.235463
1.483587
1.653753
1.844243
2.113775
1.857909
2.318017
2.480880
2.587713
2.324388
3.407670
2.609017
2.627862
3.992873
4.184929
3.815179
3.759284
3.849365
2.812167
3.730482
2.564280
3.100124
3.972996
4.165221
2.724070
2.716532
2.779813
4.305015
4.550602
4.425934
4.368133
3.889715
3.639631
3.959236
3.782954
4.158628
3.529194
3.513370
3.588175
3.407043
3.264292
3.136509
2.812122
2.631033
3.189235
3.296719
2.993231
2.931084
2.924532
2.204501
2.924532
1.979301
2.256991
2.397624
2.009664
2.585027
2.282368
2.010631
2.114511
1.825651
1.776387
1.658114
1.541922
1.846283
1.907923
1.846283
1.595696
2.204565
1.923296
1.675384
1.819236
2.063058
2.452843
2.525035
2.601865
2.496097
3.506531
2.572471
2.460599
2.419460
3.372031
4.152440
3.517492
2.901169
3.010463
2.945126
2.891576
3.338824
2.310691
3.380580
2.994401
3.239063
2.482663
3.279667
2.585471
4.063632
4.525386
4.219106
3.073666
3.447958
2.876244
4.533730
3.008072
4.290839
3.702914
2.615030
4.388147
2.717804
3.499572
3.718965
3.725516
3.397333
4.064548
3.590940
3.607254
3.128414
3.072584
2.898403
2.846007
3.004888
3.450918
2.982731
3.264292
2.790143
2.738451
2.585659
2.601538
2.146480
2.169155
2.336762
2.460108
2.243250
2.273617
2.023664
1.955021
1.657668
1.717651
1.866382
1.703758
1.969109
1.034677
1.471941
1.669315
1.637791
1.969877
1.758497
2.078144
1.888314
1.738542
3.798129
3.735011
3.535062
3.600203
2.569884
2.542208
3.928210
4.136032
3.825329
2.256374
2.514114
2.763424
2.757944
3.043154
2.547353
2.896313
2.611193
3.612973
3.409329
2.795456
3.457458
4.593122
4.556212
4.411373
4.607882
4.329955
3.001015
4.021458
4.454281
3.478329
3.639631
3.581349
2.828146
2.790504
2.621523
3.066995
2.633386
2.753691
2.744120
2.374378
2.392725
2.790143
2.949803
2.887152
1.857965
2.042467
1.754387
1.081461
0.945131
1.303155
1.474414
1.584201
1.700121
1.244663
1.643448
1.751171
1.797530
1.821494
2.013069
2.054220
1.902649
2.039994
2.642933
2.239180
2.510691
3.922226
3.790104
3.853571
3.183865
4.163895
3.756397
2.658322
3.763808
3.919691
4.325281
2.654211
4.527814
4.437108
2.920394
2.608423
3.359235
2.770163
4.365564
3.446344
3.613843
3.716480
2.740079
2.707341
3.157142
3.361300
3.406766
3.369275
3.375925
3.531428
2.607630
2.989718
3.066995
3.296719
2.737993
2.948619
2.885133
2.532706
2.695424
2.480966
2.738451
2.438244
2.447680
1.827561
1.897920
1.776433
1.007476
1.050202
0.991531
1.105017
1.560332
1.571142
1.619499
1.927359
1.944152
1.944729
1.990792
2.157853
2.386961
2.242355
2.336095
2.387708
2.504356
3.244013
3.059445
3.148000
3.302467
3.173940
3.517492
2.758685
2.735017
2.961904
3.759284
3.034817
4.329374
4.421077
3.043154
3.255760
4.063632
2.523585
2.929821
3.050562
4.439622
2.757960
3.275609
3.483906
2.588156
3.691009
4.124944
4.213634
3.875867
4.098707
3.281004
3.572546
3.230836
3.361300
3.252002
3.392589
3.268237
3.019604
2.892494
3.046351
3.213597
2.532706
2.142400
1.821054
1.845812
1.631382
1.066275
1.473309
1.432603
1.619499
1.436031
1.432603
1.674082
1.822745
1.969877
1.575322
1.782448
1.864841
1.972690
2.821568
2.685735
2.165869
2.113247
2.181187
2.186956
2.251279
2.486294
2.687955
3.352022
3.132401
4.276839
2.427219
3.073588
3.433470
3.660288
3.150060
3.510593
3.763808
2.651959
2.834856
2.884006
4.551683
3.553128
4.361147
3.636091
3.175162
4.397773
3.442077
4.142225
4.404360
4.098707
2.649289
3.596285
3.465470
3.581349
3.213816
3.006266
3.057384
2.438448
2.564876
2.648257
2.660648
2.439857
1.996603
2.075444
2.350098
1.654681
1.962109
1.553810
1.029733
1.084755
1.317952
1.584201
1.581285
1.127980
1.664892
1.567572
1.717520
1.887343
1.721655
1.911604
1.463937
1.991528
2.601865
2.697450
2.087120
2.156271
2.426827
2.335034
2.565896
2.563663
3.769729
3.866809
3.506548
2.079088
3.117928
3.039544
3.660288
4.102786
4.142281
3.168203
3.284059
4.102786
4.343563
4.147032
4.219106
4.113683
2.698122
2.822371
3.352152
2.686188
2.757960
3.517294
3.584144
2.520044
2.556181
3.232996
2.655877
2.561543
3.300133
3.064244
3.183529
2.766609
2.662175
2.655496
2.709795
2.438244
2.041926
1.001137
1.086262
1.303155
1.548635
1.510049
1.545329
1.643448
1.578362
1.598609
1.282323
1.401461
1.907762
1.637805
1.955969
2.347480
2.494919
2.502043
2.433026
3.198351
3.232854
2.369498
2.839921
2.821266
3.928835
3.978007
2.214998
2.232188
2.422586
2.519302
3.093786
2.825039
3.059455
2.688961
2.851285
2.886601
3.495335
3.941718
2.878204
3.739629
3.664638
3.540408
3.422129
4.034763
4.115294
4.215213
2.717902
4.154193
3.392646
2.929821
4.593122
3.140885
4.496925
4.443872
3.123502
4.428891
3.031878
3.724428
2.703724
2.922427
2.885084
3.306041
3.956237
3.688860
3.167798
3.426391
3.128414
3.000202
3.407043
3.057384
3.102700
2.828629
2.503792
2.313668
2.374389
2.626314
1.874653
2.106735
1.046798
1.178822
1.371749
1.378420
1.335608
1.492125
1.545329
1.483735
1.346191
1.579293
1.320081
1.634703
1.854459
1.812755
1.502774
1.860615
1.934351
2.082156
2.082156
2.155176
2.529903
2.629793
2.728593
2.145553
2.153506
3.132689
3.196064
2.516684
3.681122
3.649245
3.077823
4.216780
3.346694
3.719885
3.917247
2.662256
3.739629
3.540408
3.307607
3.941718
3.823656
3.107121
2.702753
2.727875
2.714135
4.629119
4.251115
3.657014
3.722497
2.783114
3.538930
3.466001
3.762743
3.369275
3.000202
3.147501
3.177073
3.252002
2.401170
2.473551
3.313404
3.296719
3.354542
3.366022
3.146380
3.064244
2.853883
2.847104
2.540325
2.317048
1.976479
1.743610
1.553810
1.672308
1.019228
1.334554
1.313116
1.488880
1.449083
1.200459
1.674082
1.360207
1.321080
1.804399
1.994035
1.782982
2.234523
3.233745
3.590192
3.840038
3.875851
4.164169
3.755805
2.916128
3.309176
3.871802
4.094486
4.094486
3.579373
3.952127
2.638550
2.663566
2.974449
2.454393
2.618977
2.583302
4.638041
4.141813
2.927418
2.765631
4.462598
4.399591
3.031878
3.608925
3.265306
3.542930
3.443002
3.476222
3.596949
3.107252
3.313404
3.366022
2.939145
3.331216
2.763679
3.183443
2.916269
2.563060
2.430701
2.561328
2.577722
2.172208
2.512183
2.350098
2.102394
1.821427
1.635656
1.925914
1.681808
1.573709
0.967639
1.226427
1.139409
0.958901
1.133143
1.202894
1.488880
1.527301
1.677511
1.195552
1.682311
1.678205
1.564323
1.586447
1.243688
1.647802
1.715633
1.299157
1.457777
1.738979
1.804033
1.854459
1.501379
1.886927
1.900019
1.452953
2.166780
1.782809
2.312099
2.400823
2.519013
2.494919
2.179148
2.332378
2.372530
2.636317
2.717167
3.478130
3.704416
3.031755
3.568663
4.160608
3.821653
3.713737
2.994401
2.519302
3.117928
2.625880
3.782168
2.929222
3.584313
3.878263
3.693252
3.591876
4.034763
4.115294
3.840672
4.367335
4.450119
4.528715
3.152386
2.834812
4.334857
2.608999
2.655905
3.720929
3.903054
3.892862
3.390650
3.229119
3.280991
2.579198
2.490065
2.268908
2.853883
2.806165
2.406593
2.220548
2.317048
1.963498
1.770707
1.884359
1.725278
1.596344
1.666061
1.162971
1.034307
1.447530
1.875403
2.049943
2.204931
2.303743
3.102876
2.621354
2.388964
3.652801
2.743553
2.826052
3.387734
3.526848
3.769729
3.291972
3.112106
3.618100
3.269837
2.655702
2.624682
2.422586
2.655431
2.801742
3.840504
3.168860
3.229591
4.144743
2.576933
3.774805
3.908606
4.019370
4.364110
2.683275
4.294002
3.662227
4.406918
3.055080
3.175162
3.594238
3.290535
3.274508
3.456257
2.557732
3.543066
3.580014
3.522050
3.391267
3.392589
3.192111
2.812223
2.366405
2.521627
2.567947
2.731364
2.521627
2.068562
2.143685
1.975172
2.169155
1.707224
1.840355
2.140101
1.064822
1.339121
1.498571
1.377543
1.293591
1.595261
1.961069
2.281109
1.911658
2.493918
1.958238
2.595858
2.210727
2.131768
1.916190
2.031209
3.157307
3.233745
3.257122
3.459078
2.951401
2.822135
2.917570
3.428757
3.748122
3.344582
3.117014
2.659830
2.739489
3.200656
3.585881
2.848848
3.282063
3.492637
4.177854
4.239487
4.013075
4.005820
2.637944
2.768025
2.849856
2.823123
4.473729
4.498623
4.285119
4.116640
3.266005
2.779186
3.469087
2.878807
2.974290
3.234603
3.346159
3.345049
2.941227
2.803889
3.022444
3.013434
2.435894
2.676618
2.445198
2.371792
2.377073
2.520783
2.581932
1.894580
1.759968
0.973617
0.918261
1.003124
0.895983
0.903687
1.278265
1.333682
1.323353
1.505108
1.447059
1.753453
1.643919
2.066802
1.633358
1.590519
2.312012
2.263395
3.037534
3.281367
3.053614
2.697926
2.592250
2.697746
3.121866
3.316464
3.089019
2.917570
3.030505
2.767286
2.742464
2.669139
3.625943
3.677156
2.611207
3.876157
2.521816
2.840633
2.761921
2.688961
3.447257
4.146544
3.078712
2.656179
2.605044
2.583816
3.997147
3.171699
3.026955
3.813883
3.426720
3.906346
3.576438
4.325377
3.361505
3.370700
3.146494
3.057384
2.466484
2.577727
3.032063
2.350098
2.158415
1.808522
1.688202
1.919276
1.081932
1.075041
1.262904
1.344348
1.321407
1.436525
1.469264
1.516460
1.649308
1.530164
1.814978
1.911604
1.706554
1.583652
2.399233
1.892059
2.982626
3.186836
2.566585
2.384938
3.007113
3.621350
2.889016
2.768798
3.497688
2.743553
2.663249
3.077823
3.822744
3.975920
2.879608
2.427219
2.472746
2.453346
2.229681
2.297118
2.473876
3.222415
3.189022
2.848848
3.883647
2.513317
2.656179
4.067851
4.358783
3.909647
4.294934
2.963124
4.292008
2.740079
3.326764
3.248912
3.548090
2.847754
2.845207
3.290576
3.426246
3.202228
3.325847
3.070154
2.571105
2.502775
3.177580
3.003619
3.122816
2.868507
2.592982
2.676618
2.371792
2.271770
2.276483
2.500333
2.096675
1.891651
1.867137
2.138911
1.912617
1.810711
1.776921
1.451985
1.564323
1.337291
1.822390
1.823728
1.869324
1.712510
2.030619
1.996488
1.797715
1.906741
1.720258
1.977624
2.088340
2.047546
3.137123
2.767286
3.645653
3.618100
3.618647
3.512010
3.173485
3.269837
4.081846
4.217828
2.598811
3.017431
3.051929
2.737976
3.448444
2.782106
2.642841
2.984187
4.010536
4.113212
3.907165
3.385987
4.009005
2.407335
2.825264
2.753206
3.183050
3.710094
4.119084
4.404231
2.713451
3.896719
3.768157
3.404290
3.337281
2.638839
3.598116
2.859473
3.078223
3.154132
3.431705
3.133040
3.206757
2.797378
2.955397
2.595569
2.489462
2.508576
2.364506
2.441039
2.461644
2.500333
2.461644
1.910925
0.929358
0.990136
1.057745
1.299157
1.217956
1.225661
1.285427
1.389964
1.571723
1.770962
2.055634
2.068530
1.776105
1.977837
1.936576
3.053614
2.697926
3.201915
2.889016
3.478130
3.064013
2.723546
3.377877
3.665037
3.201915
3.443909
3.288850
3.291972
2.969642
3.387063
3.089019
2.533315
2.712849
3.293933
3.276800
3.577008
3.431307
3.319178
2.748008
2.253187
3.190989
3.983909
4.015318
2.591571
3.282063
3.043474
2.534980
3.444779
2.908007
3.347579
3.192236
3.137906
3.499203
3.655426
3.081137
2.971648
3.018193
3.417443
3.457144
2.916069
2.775117
2.432075
1.889229
1.942968
1.827256
1.757275
1.746027
1.862461
0.882858
0.918261
1.130811
1.570711
1.737820
1.928712
1.623809
1.499451
1.497853
2.283666
1.981592
1.815993
3.192375
2.315876
3.187642
3.094796
2.960113
2.373051
2.301510
3.492162
3.860981
3.828078
3.746980
2.826918
3.750648
4.039452
3.972439
3.885197
3.093706
3.780551
3.905715
2.200025
2.898754
2.780334
2.521520
3.805789
3.657117
2.929669
4.025428
4.309534
3.657117
3.740436
3.386751
3.619297
2.865746
2.610872
3.366092
3.255180
2.764847
2.943941
3.203487
2.686526
2.766609
2.467759
2.407463
1.944170
1.905602
1.830394
1.912014
1.893592
1.007191
1.166409
1.429841
1.905947
2.013894
1.800023
1.601914
1.710410
2.342993
1.823659
2.503657
2.200505
3.157307
2.986499
3.570462
3.065164
3.526848
2.861134
2.929179
2.595243
4.081846
3.498486
3.105535
3.468583
2.929733
3.974645
3.778788
3.862485
4.074044
3.536334
2.258536
2.319005
3.898534
2.969266
3.749044
2.422133
3.053645
4.180963
4.306252
4.210021
3.746628
3.711168
3.323701
2.953349
2.751231
2.654926
3.682097
3.426218
3.281727
2.691983
3.457144
3.504747
3.056214
3.168921
2.313189
2.964783
2.356863
2.592249
2.234892
2.415183
2.709795
1.976482
1.733424
1.794671
0.976713
0.953026
1.228877
1.178794
1.423414
1.309453
1.365100
1.732947
1.314667
1.884134
1.962518
2.149974
2.258992
2.140120
1.711701
2.068200
2.140675
2.106349
2.127463
2.931475
2.335516
3.247032
3.030834
2.538231
3.461405
3.338736
3.554256
3.521108
3.652210
3.358909
3.955816
3.739677
2.775980
3.450315
3.901062
3.498486
3.972439
2.619983
3.673062
3.596433
4.039452
3.492637
3.774805
3.927066
3.118784
3.918647
2.513317
2.619431
2.719442
2.332821
3.910987
3.687125
4.356595
4.043318
3.004812
3.852758
3.290535
3.704623
3.249060
3.531537
3.123355
3.618324
2.928035
3.165964
3.478137
3.457354
2.756432
2.869015
2.568343
2.586390
2.783257
2.193921
2.477584
2.673247
2.779048
2.464147
2.513127
2.513999
2.361562
2.477419
2.375038
2.529637
2.275404
2.365466
2.288505
1.796462
0.972698
1.075477
1.157422
1.402640
1.136196
1.673604
1.993845
2.154408
2.287744
1.895615
2.034193
1.931906
1.827412
1.894351
1.912864
1.945284
2.033291
3.081184
3.123588
3.094121
2.891637
3.191257
3.316464
3.828078
3.718014
3.477623
2.591277
3.919129
3.285412
3.900428
3.909718
3.904874
3.798093
2.725208
3.117379
3.132340
4.294934
3.323701
3.007738
3.064108
3.623259
3.623259
3.150082
3.501535
3.324665
2.484217
3.009643
2.716073
2.131633
2.234892
2.341501
2.193562
2.584598
2.500333
2.038357
2.149648
2.414612
2.415361
2.057827
1.978288
1.922760
1.947987
1.020957
1.015087
1.396628
1.376243
1.153675
1.278265
1.205287
1.817461
1.483261
1.909637
1.910800
2.015044
1.900894
2.225957
1.653293
2.422458
1.849136
2.488265
2.399233
1.971734
1.900820
2.099600
2.031209
1.955314
3.137123
3.000260
2.980289
3.083016
3.363244
3.559874
3.046811
3.854470
4.000696
3.452673
3.552934
3.734703
4.134115
2.943209
3.017235
3.285509
3.563906
3.503196
3.108384
4.008754
3.900462
3.645518
2.717528
2.689897
3.112625
3.680143
3.645143
2.763332
2.940652
3.017257
3.598116
3.468416
3.234603
3.494932
3.453573
3.131981
2.634857
2.508734
2.756616
2.604960
2.595248
2.752297
2.339902
2.423823
2.120040
2.292651
2.429708
2.520783
1.889229
1.903946
1.051226
1.100181
1.041133
1.128772
1.271786
1.210727
1.210727
1.405855
2.045955
1.816330
1.542817
2.210081
1.703669
2.493918
2.400823
2.270300
2.906187
3.022197
2.898445
3.038898
2.377507
2.984772
2.894469
3.003794
2.685810
2.713976
3.219096
3.299876
2.952540
3.483064
3.222415
2.678389
4.067084
3.503196
4.022837
3.089306
2.810231
3.702716
3.022823
3.101418
2.898448
2.675227
2.940652
2.675227
3.039795
3.504747
3.504747
3.356626
3.494932
2.381669
2.796969
2.885186
2.482204
2.165167
2.358888
2.567947
2.329067
0.903751
1.080381
1.169456
1.204521
1.513247
1.425035
1.769007
1.758863
1.923248
2.376546
2.341299
1.894351
1.811700
2.589002
1.798751
2.155176
1.909359
2.773964
3.123588
3.104992
2.961322
2.953554
2.547987
3.003794
3.591555
3.326674
3.121342
3.621672
3.776129
2.746742
3.923277
4.035284
3.017235
3.963503
4.141813
3.210732
2.969266
2.576144
2.886393
3.383185
3.265979
3.651689
3.330137
3.564988
2.707491
3.431705
2.961345
2.523473
3.015586
2.624183
2.566080
2.670494
2.402723
2.223129
2.038481
1.941084
1.909692
1.028489
1.535391
1.879367
2.149974
2.010494
2.343404
1.775843
2.448662
2.301774
1.939788
1.962537
1.975427
2.980986
3.020851
2.254798
2.525200
2.711737
2.682448
2.750283
2.660728
3.030320
2.938179
3.152421
3.310570
3.304119
3.945658
3.384051
2.821693
3.263203
3.530319
3.119479
3.697654
3.799676
3.534532
3.520029
4.304337
4.122682
3.409945
2.435060
3.438363
3.334775
4.180963
4.294934
4.289824
3.484989
3.664438
3.084749
3.084749
3.774166
3.330137
3.596737
3.751220
3.173362
3.226902
3.627454
3.421850
3.558114
3.504188
3.504188
2.614919
2.924322
3.017257
3.124940
2.681578
2.390172
2.472541
2.225150
2.318314
2.194350
2.110132
2.000961
1.917507
1.342557
1.673958
1.661216
1.726098
1.900001
2.204615
2.131927
1.395399
2.075841
2.256861
2.063483
2.183373
1.687737
2.397342
2.123993
2.946048
3.003618
3.225785
3.225785
3.030320
3.191257
2.762024
3.595436
3.546220
2.561310
2.759135
3.529240
3.573445
2.898834
2.981499
3.806029
2.621118
3.390342
3.288728
3.680041
4.035284
3.495384
3.650599
3.939275
3.494033
2.831888
2.778072
3.456014
3.615850
2.935664
2.996627
2.903641
2.696478
2.641406
3.130228
2.340671
3.000453
2.730893
2.942719
2.650307
2.468813
2.560023
2.130286
2.744552
2.249832
2.040548
2.095113
2.007242
2.033984
1.950303
1.986012
1.846665
1.828491
0.935623
0.994883
1.015436
0.934849
1.144164
1.178794
1.351792
1.095567
1.738761
1.717100
2.000389
2.007461
1.935704
1.894197
1.713626
2.130385
2.093373
2.239196
2.019286
1.903591
2.007323
2.101408
1.901966
2.063483
2.039681
1.970071
2.270300
2.386555
1.875913
1.869715
2.752908
2.864095
2.346589
2.963909
2.296663
2.905357
3.072303
3.094121
3.402903
2.499419
2.708717
3.268068
3.718014
2.544805
3.673052
3.784543
2.676352
3.573445
3.344839
2.913641
3.745937
3.972439
3.664898
3.787590
2.574652
3.802488
2.548338
3.165450
3.716074
2.625132
3.118784
3.684122
3.928740
3.799309
2.969266
3.730508
3.834199
4.202596
4.202596
2.717097
2.955480
3.229487
2.729916
2.896907
3.637909
2.820776
2.824497
3.456545
3.530958
2.613692
2.678952
3.500039
2.854407
3.492433
3.109611
2.549978
2.725899
2.567803
2.452065
2.191828
2.064119
1.955267
1.045996
1.491263
1.570032
1.733730
1.202346
1.991239
2.135209
2.116269
2.072025
1.841827
1.943474
2.783433
2.778419
2.449246
2.449246
2.314581
2.966247
2.685810
2.937942
3.190042
3.488173
2.673255
3.173052
3.173052
2.713518
2.920758
3.043326
3.138492
3.774345
2.624829
3.453118
3.679806
3.878429
3.847586
3.932925
3.780125
2.817019
3.068140
2.609487
3.928740
3.934220
2.778072
2.625143
2.801443
2.696517
3.321990
3.327238
3.070154
2.655300
2.599902
2.603142
2.593409
2.311706
2.067417
2.067417
2.064119
1.968360
2.101034
0.902754
0.920600
0.857806
1.071843
1.128601
1.160536
0.956186
1.482682
1.452351
1.011737
1.205578
1.202346
1.725335
1.843904
2.343404
2.283801
2.267716
2.328592
2.097637
1.973488
2.394073
2.864095
2.752908
2.062526
2.325418
2.685629
3.465268
3.713938
3.551745
3.510592
3.274143
3.437579
3.567329
3.411610
2.656220
3.457872
3.500998
2.768452
3.593172
2.369205
2.393746
2.513342
2.535337
2.612143
2.239820
2.404549
2.300242
2.466860
2.641301
2.188487
2.132029
2.120040
2.175113
1.977079
0.973870
1.059937
1.111687
1.367256
1.616394
1.837702
1.670551
1.951778
1.908793
1.826439
2.014574
2.165958
2.220721
2.267716
2.267354
2.175487
2.831008
2.716733
2.837519
2.837008
3.299876
3.508924
2.854358
2.861848
3.774345
3.175773
3.028170
3.421644
3.545055
3.126587
3.271641
2.712371
2.662450
2.192298
2.870733
2.716919
2.770162
2.785518
2.512625
3.537891
2.430314
3.259311
3.112625
3.029208
3.554927
3.614901
2.861789
3.493087
3.419464
3.160129
2.780604
2.643046
1.557747
1.392118
1.670550
1.826439
1.603194
1.648939
1.786242
1.798120
1.445708
1.895479
1.861250
1.716889
1.951778
2.040012
2.191819
2.142061
2.197524
1.696462
1.525982
2.499072
2.121373
2.805617
3.022197
2.282883
2.800196
2.798466
2.946534
2.864086
2.664788
2.222006
2.563089
3.072806
3.348295
2.444081
2.616599
2.691220
3.700868
3.024382
2.885185
2.702483
2.798078
2.861848
3.796995
2.705165
3.176231
3.528668
3.438327
3.563906
3.453118
3.417519
4.069613
3.311848
2.533703
3.963503
2.608663
3.580780
2.557878
2.610371
2.602495
2.877164
3.149060
3.183898
2.637056
2.624174
2.306592
2.435688
2.400477
2.416757
2.197730
2.278712
1.992689
2.040269
2.175113
1.830676
1.080943
0.994780
1.049046
1.049046
1.168780
1.128601
1.079374
1.377197
1.596284
1.326893
1.886931
1.928349
1.996062
1.994764
1.649175
1.798897
2.450455
2.349728
1.970047
2.615145
1.799413
2.910696
2.898445
2.848889
2.654289
2.848889
2.404250
3.073003
2.786662
2.598931
2.566424
2.735124
3.774345
3.563906
3.854629
3.091069
2.845490
2.140499
2.517898
2.611334
3.740209
3.581353
3.564230
3.745395
3.539401
3.465504
3.479974
3.426085
3.519929
2.782932
3.392277
3.399657
2.748085
2.197730
2.146067
2.042734
0.887835
0.938292
1.210992
1.707237
1.891484
1.737134
1.914294
1.986493
2.274139
2.210692
2.503522
2.429768
1.804645
2.565310
2.532966
1.906425
1.769819
2.007729
1.799413
2.963909
2.803335
2.512549
2.472577
2.556356
3.739677
3.584095
3.077303
2.661940
3.559370
3.690525
2.517941
4.035284
2.901068
3.729278
3.968204
2.046429
3.299537
2.960362
3.069639
3.530655
3.452523
3.661472
3.632153
2.786901
3.624777
3.073715
2.555618
2.399650
2.449661
2.421388
2.660285
2.018651
1.880886
1.149690
1.114406
1.260310
1.260310
1.256426
1.038477
1.481235
1.572430
1.766780
2.090451
2.053889
2.139582
2.071106
1.914294
2.532555
2.486042
1.743736
2.096858
2.310750
2.893638
3.035179
2.986565
2.751297
2.564211
2.754579
2.969010
3.166026
2.579546
3.163742
2.961311
2.499256
3.285534
3.291623
3.310570
3.534699
3.141021
3.329584
2.993348
3.652876
2.914260
3.040192
2.443474
2.669085
3.939275
2.671376
2.530274
3.474450
3.446302
3.495630
3.523106
2.879781
2.631476
2.514663
2.420421
2.627628
2.499459
2.399441
2.228435
0.952958
0.930252
0.975131
0.878351
0.883179
0.876283
1.059937
1.035824
0.988091
1.438460
1.515258
1.968481
2.033488
1.795144
1.808292
1.961320
1.914294
2.187992
1.758498
1.910880
2.037395
2.731401
2.615145
2.866602
2.714752
2.893893
2.579036
2.338058
2.750283
2.601227
3.055755
3.266254
2.767366
2.629421
3.605040
2.574484
3.132338
3.276724
3.652876
2.557812
2.624829
2.401548
2.513259
2.747765
2.859858
3.009188
3.211018
2.932949
2.135027
3.445814
3.554927
3.526351
3.467966
2.660154
3.396252
3.360999
3.521942
3.547374
3.479974
3.459579
3.414381
2.758820
3.542513
3.472426
2.739459
2.990980
2.466860
2.494287
1.876404
0.781912
1.092044
0.882624
1.567693
1.603039
1.439733
1.358558
1.379034
1.485637
1.509025
2.012691
2.111932
2.180081
2.337069
2.301183
2.240539
2.295705
2.659405
2.361141
2.426369
2.534186
3.246891
2.772529
2.893065
3.494066
3.496181
3.132479
3.732798
3.571683
2.799402
3.299914
2.778523
2.479288
0.865923
0.858225
0.903751
1.515003
1.391271
1.418362
1.849806
2.353407
2.108350
1.907042
2.129371
2.128318
1.651891
2.455459
2.731401
2.718456
2.324295
2.515986
3.430007
3.410587
3.548752
3.516124
2.574047
2.920758
3.436934
3.328393
3.805578
2.623233
3.417519
3.311848
3.322165
3.015463
3.592712
3.523132
3.220385
3.596003
2.743165
2.610281
2.423610
2.670631
2.599334
2.401631
2.555618
2.140062
2.363671
2.276128
2.027886
2.072297
0.841228
1.216122
0.925440
1.282229
1.404819
1.569556
1.701049
2.059555
2.271524
1.992626
2.639272
2.006935
2.700363
2.572177
2.805617
2.810706
1.626801
2.641533
2.447316
2.649148
2.818159
3.003679
3.120394
2.356927
2.393124
2.931099
3.410587
3.584095
2.531632
2.577705
3.594879
2.420673
3.593043
3.340075
3.109397
2.981878
3.634069
3.396252
2.688577
3.772751
2.788370
2.860284
3.106035
3.089193
3.399657
2.602652
2.606917
2.671169
2.314861
2.097583
1.915362
0.835405
0.953201
1.080679
1.605852
1.527114
1.589410
1.939371
1.813445
1.911225
1.786035
2.160535
2.145470
2.389021
2.262688
2.225233
2.272229
1.863161
1.897934
1.797802
2.656721
2.774910
2.801032
1.748590
1.760537
1.714450
2.873109
2.834457
3.086279
2.834730
3.274927
3.356019
3.277633
2.450093
2.812244
3.159268
2.618095
3.320520
3.344206
3.099725
3.496181
2.984880
3.516923
3.601798
3.805578
3.174825
2.939356
2.696777
2.706797
2.757687
3.455955
2.757687
3.416004
2.784494
3.281489
2.780078
2.625931
1.221568
1.306885
1.178878
1.396715
1.489121
1.488585
1.171388
1.589410
1.821555
1.766780
1.766582
2.322293
2.310185
1.701049
2.564668
2.621359
1.719686
2.805617
2.122853
2.159763
2.456527
2.334739
3.012905
2.635630
3.357683
3.274927
3.168900
3.319791
3.210546
2.767366
2.800020
3.621355
3.500483
3.416915
3.307747
3.044502
3.406013
2.458085
2.518102
3.492373
2.140499
3.046937
2.625931
1.080679
1.063457
1.351406
2.003728
1.730213
2.145916
2.341299
2.165324
2.271975
2.043653
2.118231
2.222234
2.661413
2.686212
2.582831
2.535104
2.399012
2.644478
2.258792
3.376683
3.277633
3.134100
3.434556
3.456487
3.526994
3.221415
3.122351
2.507356
3.022050
2.894463
2.727081
2.929194
3.561131
2.611334
2.707180
3.355845
2.743539
3.449209
3.558465
3.013106
3.008009
2.590816
2.560778
1.642509
2.159133
2.167582
2.210445
2.091470
2.229510
2.442981
2.712513
1.671590
2.632681
2.898464
2.712634
3.011401
3.021994
2.354522
2.379671
3.410587
2.595900
2.717596
3.526994
2.471651
3.178854
3.206638
3.554570
3.369500
3.357946
3.112534
2.592993
3.115613
3.119798
2.153850
3.332797
3.416162
3.395600
3.292090
3.356896
3.199754
2.972963
0.818987
0.952958
1.055981
1.212339
1.596284
2.171172
1.958876
1.614170
1.471762
2.532555
2.047565
2.219044
1.665408
1.766053
2.282944
2.441254
2.785709
3.014145
3.021865
3.238633
3.293697
2.655542
2.507766
2.525550
3.195119
3.391723
3.578939
3.377321
3.184423
3.578939
3.022459
1.748947
1.748947
1.884675
2.622805
3.110451
0.850446
0.997445
1.151691
1.317652
1.359287
1.939291
1.930358
2.394500
2.221309
2.019462
2.444746
2.485327
2.510688
2.496588
2.731401
2.527249
2.516461
2.798324
3.026891
3.155493
3.212879
2.573023
2.726057
2.766415
3.038271
2.792271
2.465883
3.017961
3.394668
3.475183
3.500483
3.214143
3.037222
2.635089
2.678621
2.494420
1.684144
2.595595
2.530679
2.582465
3.227879
3.396252
3.454323
2.950228
2.538035
2.887639
3.190696
2.588678
2.386565
2.604231
2.424093
0.849261
0.839755
1.132874
1.143218
1.372465
1.372465
2.024754
2.204861
2.296290
1.851584
2.463859
2.399208
2.494325
2.659846
2.680395
2.751721
2.269513
2.501239
2.538021
2.636094
3.011401
2.952964
2.282830
2.227836
3.163322
2.974674
2.369100
2.576903
2.660528
2.465997
2.861607
2.800020
3.184010
3.304549
3.301881
3.048693
3.374583
2.515992
2.800043
2.553982
2.911626
2.911626
3.303219
3.170627
3.303219
3.353946
3.313055
2.100598
3.362966
3.328506
3.223018
3.501457
3.194127
3.337034
3.121447
3.267988
3.081407
2.649626
2.401047
2.477491
0.886735
0.897341
1.600452
1.332888
1.818290
1.363236
1.869208
1.508987
2.071223
1.904653
2.296502
2.381541
2.463103
2.180259
1.649063
2.659846
2.718456
2.126799
2.331696
2.558790
2.751721
2.701046
2.500447
3.193769
3.193769
3.193769
3.057510
3.410587
2.411135
2.633988
3.215568
3.273093
3.250167
3.127239
3.318093
2.812756
2.371293
3.187959
1.748947
1.900965
2.842131
1.934046
3.253768
2.618507
2.710006
3.515257
2.568411
2.582160
2.501529
0.824373
0.913007
1.241543
1.728876
2.421433
2.346960
2.493504
2.447586
2.366376
2.263600
2.795897
1.599321
1.630857
2.840101
2.454121
2.387294
3.059865
3.009998
3.021865
2.261052
2.822007
3.085914
3.301881
2.824729
2.686352
2.719064
2.819824
2.849366
2.900363
2.359934
2.635779
2.684264
3.309734
2.556987
2.838166
2.843749
0.973594
0.904848
0.895992
1.221392
1.204138
1.051885
1.437762
1.487626
1.664159
2.000118
2.600858
2.265754
2.377744
2.334212
2.444219
2.723580
2.678997
2.915810
2.858313
2.925330
3.051616
3.304549
3.146999
3.124444
3.037868
3.320520
3.210008
3.213906
3.104465
1.762592
3.018759
2.895485
2.582695
3.275836
2.540733
2.937112
0.973955
1.259541
1.332560
1.266584
1.347533
1.588099
2.138121
1.724538
2.374334
2.433971
2.329535
2.093152
2.438283
2.508240
2.477222
2.254573
2.465064
2.589108
1.718994
2.670601
1.723211
1.599321
2.878494
2.904687
2.991728
2.880786
2.407583
2.635320
3.418607
3.342243
3.387803
3.292081
3.301212
3.282069
3.195119
2.594563
2.641592
2.643285
2.745946
2.812937
2.460000
3.313055
2.209490
1.830701
2.522979
2.663705
3.343519
3.204168
2.845934
2.581566
2.600180
1.019544
1.872810
2.132417
1.926873
2.236301
2.053919
2.255174
2.046654
2.112389
2.157568
2.196562
2.578145
2.464148
2.687495
2.536900
1.686491
2.822127
2.780316
2.822127
1.697364
2.970813
3.085914
2.894131
2.481967
2.504338
3.006108
3.104465
2.482106
2.633824
2.474492
1.619491
2.758300
3.149392
3.276782
2.251563
3.182462
2.696777
2.958287
2.997933
0.891568
0.997445
1.165447
1.428444
1.939371
2.350329
2.180125
2.052405
2.200287
1.538415
2.588690
1.560223
2.715577
2.612476
2.604202
2.616679
2.703189
2.655475
2.262361
2.181351
2.588917
3.208418
2.841388
3.035564
3.322140
1.619491
1.449729
2.446554
1.583576
2.350632
3.036033
2.630574
3.196185
2.629591
0.904088
0.837510
0.994504
1.556689
1.645255
1.883876
2.204607
2.319060
2.219666
2.479417
2.458875
2.458875
1.552622
2.334603
2.489783
2.250836
2.438323
2.506680
2.485668
1.766364
2.674174
2.626080
2.808838
2.652212
2.784567
2.991728
2.360094
2.400785
2.768431
3.147822
3.049324
2.985696
2.324358
2.653967
2.855697
2.675272
2.782793
3.360321
3.196466
3.041797
0.801807
1.047311
1.055074
1.367189
1.636300
1.967535
1.854530
2.010761
2.077265
1.896934
2.418042
2.404884
2.487013
2.441980
2.343157
2.396307
2.271812
2.339447
2.472658
2.405267
2.471833
2.343793
1.749719
2.550558
2.690845
2.185674
2.531625
2.103326
2.282830
2.759812
2.941908
2.064387
1.548452
3.010288
2.988830
3.063802
2.976395
3.296818
3.110482
2.784482
2.985112
2.766651
2.403620
2.875041
2.909647
2.670831
0.871090
0.995235
2.090833
1.985578
2.363795
2.274255
2.405058
2.260426
1.943112
2.168672
2.087078
2.690845
2.554198
1.709434
2.478555
2.688011
2.589043
1.633684
2.265506
2.466330
2.976395
3.059617
3.066630
3.092628
3.122979
3.110732
3.273638
3.199521
2.995487
2.811671
3.196074
2.356044
2.535995
2.468486
1.502946
2.774936
2.547431
2.258383
1.675545
3.202621
2.732561
2.943631
2.665903
1.081441
1.761171
2.280361
2.199207
2.175665
2.304461
2.336605
2.166523
2.256166
2.353769
1.597754
2.343793
2.541798
2.103326
1.802667
1.565028
1.824756
2.821381
1.645822
1.661261
2.737039
2.969096
3.046847
2.856813
3.208418
2.652866
2.515768
2.435638
2.717259
2.961609
3.250327
3.078946
2.642678
0.922456
0.866120
0.868001
1.492828
1.909241
1.417359
1.964737
2.026713
1.897475
2.262357
1.439198
1.511038
2.031509
2.430559
2.574731
1.744488
2.715577
2.112061
2.829744
2.717545
2.609725
2.970696
3.119368
2.382485
3.161278
2.356979
2.798104
2.428414
2.469772
2.499449
2.646708
2.443920
2.580555
1.523166
1.714566
2.571064
2.975509
3.087521
3.197125
3.089811
2.785086
2.763614
2.651094
2.586567
0.798334
0.946210
0.870624
0.823930
0.818852
0.910320
1.120298
1.262603
1.775034
1.827239
1.929061
1.915552
1.912014
2.302837
2.356058
2.344993
2.504200
2.487943
2.417726
2.481068
2.221122
2.575004
1.706611
2.757274
1.830928
2.407737
2.318532
3.009998
1.565028
1.565794
2.395633
2.518287
2.878628
2.505553
2.958976
3.234363
3.282069
2.740356
2.327941
2.604721
2.416780
2.596425
1.473428
2.573505
2.763694
2.586567
2.749150
2.668126
1.234861
1.978456
2.316456
2.064640
1.451729
2.489419
2.441066
2.374952
2.606710
1.616377
2.371526
1.941185
1.769896
2.625033
2.149646
2.268993
2.415627
2.446009
2.879463
2.400570
2.632534
3.134652
3.134652
2.630320
2.713851
2.995605
2.271124
2.697675
3.061175
3.199625
3.061950
3.037565
2.545054
3.059039
2.957723
0.852241
0.860333
1.147842
1.091336
1.248911
1.395043
1.209187
1.632421
1.838170
1.597446
1.634090
1.827239
2.066837
2.172538
1.439504
1.411069
2.367056
2.174935
1.591026
1.473922
2.322622
1.597754
2.725737
2.677686
2.759812
2.207416
2.216899
1.772520
1.734057
2.748844
2.770243
2.495330
3.056711
2.816482
3.035625
2.914788
2.294293
2.345213
2.369980
3.043087
3.050936
2.849009
3.019724
2.691578
2.589860
1.975407
2.613372
2.609055
2.459792
1.706216
2.026960
1.648340
3.077639
2.636184
2.789422
0.898898
1.282990
1.132775
1.168836
1.349140
2.004132
1.505578
1.363329
2.433502
1.788721
2.273221
2.408413
2.372782
2.529791
1.805448
2.469450
2.469450
2.420596
2.141462
2.458158
2.531074
1.829577
2.652212
1.610270
1.740796
1.907674
1.645822
1.558824
2.276131
2.594952
2.880226
2.621445
2.959878
2.634010
3.051439
2.882679
2.317121
2.432797
1.929056
2.468486
2.792267
1.571604
2.320936
1.872518
2.976560
2.985741
0.972691
1.038461
1.075213
0.963959
1.306802
1.320308
1.255978
2.079811
2.163576
2.129136
2.065894
2.322720
2.312480
1.633777
1.883951
1.492649
1.656770
2.266682
2.299870
2.247037
2.418001
2.189840
2.160325
2.353553
1.681758
2.363045
2.075456
2.039499
1.887298
1.891810
2.013226
2.224858
2.274376
2.823812
2.985375
3.091576
2.850881
3.119368
2.614877
2.532112
2.334038
2.238585
2.665447
2.310253
1.974151
2.744494
2.941978
2.576326
1.929207
2.102105
2.912943
2.885894
2.605207
1.571604
3.036033
0.905137
1.127729
1.012590
1.120298
1.799314
1.917140
1.642341
2.168672
2.554198
2.466774
2.080747
2.051570
1.815250
2.643815
2.386706
2.423635
2.121043
2.167644
2.550558
2.593857
2.308144
1.736632
1.772520
1.632103
1.846617
2.154746
2.653256
2.323484
2.843699
2.665337
2.971629
3.039313
2.630320
2.799464
2.578893
2.059959
2.746996
3.072196
2.893383
2.572907
0.851641
0.948933
1.304016
1.242905
1.358024
1.200156
1.284487
1.597446
1.474618
1.736595
2.068069
2.269997
2.203468
2.383885
2.383321
2.478087
2.215850
2.434956
2.431467
2.480971
2.083534
1.819402
2.568803
1.828236
2.051609
2.084506
2.165929
2.331830
1.971770
2.606006
2.593857
1.658809
2.400559
1.745548
1.835271
1.684225
2.478869
2.522654
2.724658
2.336971
2.418436
2.849411
2.600208
2.846699
2.722495
2.651276
2.803249
2.438757
1.405204
1.491869
3.036033
1.837740
2.643768
2.709035
1.601614
1.874379
1.740533
3.046198
0.939326
0.880537
0.857118
0.989194
0.984815
1.242905
1.175796
1.418380
1.284487
1.241427
1.326202
1.512985
1.630817
1.492649
2.438172
2.451069
2.247234
2.481087
1.936758
2.466774
2.492022
2.601498
1.824232
2.125594
2.119413
2.122528
1.780790
1.570878
2.763258
1.986285
2.442368
1.455919
2.389428
2.533851
2.679005
2.376563
2.517561
2.335567
3.043087
2.524593
2.769692
2.368746
1.833275
2.409577
2.325938
2.585881
2.263621
2.081808
2.930515
2.081808
2.102105
1.469286
2.910455
1.874379
2.682200
2.943430
0.960364
0.954311
1.419797
1.535633
1.379401
1.504188
1.477680
1.394959
2.438172
2.404348
2.295799
2.295469
2.479840
2.238855
2.568803
2.296891
2.523319
2.349806
2.205162
2.282231
2.201889
2.287343
1.688523
2.251389
1.983622
1.894837
1.412768
2.267921
1.827660
2.418561
1.854942
1.895402
1.897705
2.665337
2.535053
1.762712
2.239127
2.226794
2.736079
2.768047
2.903912
2.900853
2.956124
2.844902
2.775454
2.276406
2.266058
2.614924
2.695732
2.622530
2.345646
2.434290
2.337925
2.500197
2.713851
2.655412
2.814237
2.475229
1.077367
1.007407
0.957808
1.009505
1.190149
1.182677
2.314210
2.372782
2.462106
2.530421
2.085563
2.108359
1.853025
1.524151
2.221330
2.555225
1.527522
2.272106
1.548293
2.853387
2.844004
2.306228
2.844902
2.986991
2.389428
2.668529
2.223160
2.304572
2.478363
2.512024
2.929330
2.775374
2.834848
2.561479
0.969731
1.313112
1.392800
1.394959
2.393407
2.336154
2.162846
2.097266
2.191381
2.313125
2.240948
2.369499
2.248703
2.079734
2.265316
1.997721
2.014421
1.449084
2.101854
1.836687
2.661199
2.026371
1.897705
2.791061
2.733544
2.727739
2.785307
2.831301
2.815375
2.734101
2.400701
2.525795
2.441062
2.342820
2.642983
2.481880
2.705169
2.543282
2.873688
2.566245
2.543075
1.146359
1.091336
1.249650
2.434956
2.385326
2.261300
2.261300
2.218820
1.727978
1.732281
2.581037
2.552696
2.052739
2.848482
2.180608
2.279662
2.127966
2.140506
2.415039
2.986991
2.164613
2.294570
2.503171
2.711762
2.683951
2.335703
2.572385
2.587614
2.726921
2.334571
2.409113
2.300688
2.462106
2.108594
2.347793
2.023660
1.609268
2.733544
2.647411
2.814975
2.323484
2.515239
2.796202
2.575212
2.673332
2.660345
2.500338
2.549883
2.370488
2.220325
2.332840
2.351860
2.357181
2.153938
2.090322
2.350994
2.142030
2.218634
2.114708
2.397841
1.778905
1.351737
2.545771
1.889437
2.708845
2.600513
2.595391
1.393018
2.586094
2.515239
2.442368
2.520571
2.537191
2.734101
2.176135
2.475219
2.495974
2.512504
2.603800
2.322778
2.476071
2.326326
2.399252
2.255661
2.078520
2.702483
1.778905
1.339356
1.407722
1.615589
2.305697
2.572122
2.369763
2.101854
2.434084
2.515239
2.586094
2.485406
2.527905
2.465034
2.403827
2.530099
2.622483
2.780831
2.481789
2.959605
2.755267
2.140431
2.161123
2.019004
2.276083
2.321817
2.057724
2.213821
2.138716
2.145441
2.114708
2.082700
2.216125
1.905921
1.917400
2.060732
2.549326
2.484631
2.390546
2.500427
2.491843
2.527519
2.727739
2.506939
2.579647
2.810364
2.005609
2.537191
2.224980
2.690475
2.247385
2.218357
2.439309
2.676361
2.420168
2.429069
2.633908
2.628272
2.439653
2.139716
2.222141
2.300688
2.010566
2.347885
2.300688
2.080734
2.049119
2.400281
2.378924
2.373182
2.534824
1.570878
2.584686
2.635082
2.653162
2.595391
2.848482
2.848482
2.338013
2.329224
2.261899
2.266058
2.586486
2.470763
2.552350
2.387756
2.566104
2.566104
2.753188
2.627440
2.617509
2.220180
2.236250
2.497845
2.121926
2.325402
2.349263
2.429462
2.407350
2.336333
2.463977
2.602139
2.143384
2.265230
2.027678
2.035197
1.981052
2.005370
2.199448
1.967405
1.749144
2.440937
2.545771
2.527519
2.290243
2.272982
2.552931
2.058841
2.480165
2.417022
2.246594
2.387756
2.150919
2.243006
2.064350
2.428123
2.820052
2.785085
2.428799
2.724694
2.119614
2.222801
1.976075
1.986735
1.954261
2.340368
1.853835
2.337218
2.261305
2.479442
2.661199
2.584686
2.605467
2.552350
2.575212
2.270951
2.148656
2.196883
2.186306
2.228595
2.183161
2.494258
2.606314
2.516584
2.599989
1.930341
2.075041
2.276083
2.101283
1.961176
2.193493
2.128685
1.917910
2.432689
2.398874
2.200603
2.228164
1.935067
1.971958
2.392375
2.347413
2.376358
2.428123
2.373076
2.292846
2.788851
2.435135
2.628083
1.998690
2.118739
1.938111
2.189009
2.127016
2.253034
2.255661
2.349956
2.563167
1.911298
2.192972
2.546408
2.297246
2.327936
2.064464
2.063434
2.246969
2.300858
2.247595
2.423896
2.212600
2.405038
2.270951
2.027664
2.362879
2.265942
2.312322
2.551921
2.636737
2.437100
2.332982
2.513839
2.113687
2.004509
1.909171
2.312294
2.180111
2.423896
2.249643
2.168261
2.188069
2.251367
2.438029
2.173086
2.032667
2.050463
2.272103
2.276183
2.405959
1.919297
1.923969
2.265354
1.910810
1.839633
2.156897
1.868254
1.858650
2.049310
2.045570
2.270967
2.244215
2.434073
2.365888
1.994189
2.216109
2.400206
2.360264
1.881636
2.225082
2.186060
2.129486
2.246116
2.469419
2.354605
2.392678
2.189301
2.167488
2.412166
2.287400
2.007212
1.998185
1.931479
2.111229
1.979121
2.129961
2.195644
2.361772
2.189217
1.758923
1.830486
2.405038
2.372560
2.459661
2.459661
2.253598
1.924765
2.185175
2.272404
2.361063
2.123594
2.254526
2.271017
1.740840
1.642596
1.771964
2.080757
2.169230
2.275305
2.166896
2.412929
2.254462
2.068459
2.027872
2.130054
2.258061
2.103667
2.472711
2.119769
2.321697
2.170273
2.511958
2.477178
1.964646
2.095831
1.946900
2.020644
2.062059
1.924563
1.969969
2.075303
1.995238
1.774150
2.303509
2.229468
2.153030
2.099603
1.543539
2.097010
2.093342
2.179708
2.288188
2.173590
2.138702
2.270967
2.061527
2.543437
2.446116
2.039517
1.888826
2.337813
1.972273
1.866930
2.245230
2.392375
2.165373
2.270967
1.899597
2.330485
2.254440
2.248693
2.543437
2.375694
1.946900
1.810398
1.893746
1.989267
1.882993
2.007533
1.627763
2.036026
2.398874
2.066334
2.162574
2.178674
2.296291
2.350509
2.258061
1.794507
2.159359
2.248949
2.225056
1.853793
1.826560
1.835450
1.844005
1.718557
2.249643
2.047248
1.727880
2.095208
2.083202
2.070664
2.135114
1.874644
2.063979
2.067495
2.067268
1.980283
2.372225
2.409435
2.006107
1.889669
1.965365
2.247935
2.247935
1.438679
2.178674
1.974350
2.156505
2.308291
2.308318
2.143985
2.251286
1.798421
1.740870
1.527184
1.531796
2.103742
1.819044
2.139628
1.624220
2.070088
1.761124
2.141369
2.389246
2.234676
2.081761
2.309666
2.188527
2.245932
2.365401
2.323565
2.218648
1.717232
1.644391
1.986230
1.878296
2.211500
2.012212
2.202996
1.650068
2.174159
1.940777
1.657290
1.787328
2.372225
1.951703
1.836836
2.330485
2.027415
1.809982
1.864156
2.024051
2.090144
2.090612
1.441963
2.149812
1.868353
1.593006
2.079815
1.726834
1.971126
1.971126
1.918358
2.207654
2.124692
1.715991
1.827140
1.775561
1.873082
1.584984
1.772334
1.405834
1.973237
1.763425
1.523147
1.752579
1.873599
2.184002
2.099247
1.778070
1.930841
2.096370
1.906963
2.106056
1.561308
1.489247
1.878436
2.103295
1.852875
1.557644
2.215630
2.358870
2.062949
1.875399
1.886735
1.872472
1.817586
1.853256
1.935336
2.097696
2.119216
1.489247
2.072886
2.095774
2.262808
2.179229
2.125551
1.622076
1.664176
1.788147
1.753114
1.769444
1.744300
1.446761
1.967424
2.004726
2.054953
2.002403
2.098717
2.114830
1.715828
2.128647
2.161439
2.169848
1.736098
1.830403
1.883633
1.625168
1.735709
1.764674
1.487704
2.097973
1.976568
1.889177
1.890998
1.964580
1.333566
2.011380
2.098855
1.466032
2.267929
2.103239
1.736932
1.823285
2.143404
1.900898
2.087724
2.099600
1.997560
1.941006
1.914507
1.911077
1.798042
1.893151
1.842003
1.662045
1.935929
1.899140
1.567513
2.012212
2.061339
1.953121
1.498162
1.514900
1.752579
1.707258
1.614298
1.845140
1.808582
1.898824
1.985461
2.057945
1.978752
1.950530
2.034003
2.143095
2.090891
2.149526
2.213782
1.898824
2.008601
1.871840
2.006257
1.896161
2.046420
2.013344
1.444789
1.468654
1.520605
1.612358
2.005680
2.024368
2.018042
1.647550
1.958457
1.746487
1.748895
1.685071
1.596151
1.769873
1.774781
1.571001
1.921106
2.004757
2.071215
2.116130
1.963752
1.821994
1.616845
1.757560
1.698307
1.746360
1.479036
1.405616
1.361107
1.910617
2.005680
1.982098
2.057955
2.010746
1.605108
1.642449
1.742214
1.704848
1.814483
1.749616
1.786354
1.832590
1.790980
1.772924
1.350824
1.977976
1.310382
1.897372
2.048658
1.942718
1.935683
1.981055
1.732132
1.586997
1.697571
1.670564
1.922957
1.899625
1.943069
1.422207
1.930204
1.419281
2.051017
2.022790
2.176319
1.698124
1.792239
1.589428
1.680609
1.736696
1.459825
1.803306
1.881435
1.999561
1.379546
1.846444
1.868465
1.970394
1.995166
2.020475
1.927990
2.021167
1.779928
1.830744
1.398496
1.360581
1.891828
1.409770
1.999501
2.030410
2.072548
1.525321
1.684277
1.497708
1.777311
2.131839
1.861012
1.694010
1.480977
1.519535
1.887958
1.315570
1.868465
1.913342
1.289985
2.004998
1.930204
2.023579
2.074702
1.476448
1.590509
1.540787
1.875818
1.771701
1.276204
1.887585
1.854441
1.999507
1.882855
1.939184
2.046420
2.038758
1.901084
1.579352
1.721785
1.632246
1.640535
1.642624
1.853264
1.880030
1.772924
1.272072
1.913342
1.933601
1.943756
1.934912
1.752151
1.518948
1.631577
1.678118
1.680727
1.277297
1.811943
1.891831
1.784419
1.896699
1.779585
1.776825
1.939277
1.857124
1.673991
1.534758
1.494134
1.625549
1.904308
1.398322
1.374469
1.339128
1.705087
1.198375
1.401556
1.293009
1.760854
1.820998
1.403228
1.945185
1.829599
1.454298
1.584598
1.806398
1.593290
1.707555
1.581274
1.370407
1.705087
1.699524
1.786682
1.779713
1.733593
1.773888
1.756906
1.914104
1.944220
1.415468
1.835015
1.523878
1.492458
1.586997
1.635340
1.504902
1.473874
1.444405
1.617722
1.568990
1.618878
1.568964
1.646278
1.650653
1.672559
1.773351
1.622559
1.672559
1.363098
1.363098
1.384510
1.258134
1.245413
1.342330
1.716287
1.896699
1.897372
1.827733
1.934049
1.450490
1.484185
1.493536
1.678137
1.195841
1.784419
1.737823
1.271405
1.214276
1.322387
1.339853
1.840432
1.683733
1.950412
1.663050
1.733330
1.590052
1.415302
1.428731
1.407653
1.292211
1.942718
1.502346
1.536200
1.463070
1.594208
1.391034
1.598969
1.254652
1.803361
1.667750
1.805684
1.623087
1.574367
1.420258
1.789186
1.384663
1.258929
1.307170
1.225589
1.757974
1.711267
1.271484
1.809200
1.949753
1.235104
1.362321
1.378531
1.447455
1.451205
1.378281
1.547735
1.544039
1.529875
1.512365
1.580812
1.290774
1.810194
1.633722
1.444791
1.508017
1.444661
1.424550
1.471734
1.377415
1.344407
1.522217
1.603867
1.359147
1.347297
1.608352
1.340825
1.226399
1.295545
1.642176
1.641615
1.641615
1.789618
1.629404
1.783312
1.736800
1.226052
1.812538
1.677098
1.815753
1.697578
1.692890
1.826565
1.712789
1.712234
1.656551
1.431362
1.445030
1.553646
1.586098
1.641741
1.558500
1.694321
1.727124
1.195841
1.598969
1.359535
1.193005
1.326275
1.302903
1.412698
1.432817
1.551248
1.442815
1.322444
1.659823
1.645928
1.365381
1.257404
1.283878
1.637544
1.336616
1.629404
1.716287
1.568423
1.269915
1.344100
1.338774
1.485189
1.496160
1.451742
1.413559
1.461574
1.331160
1.325768
1.317355
1.696950
1.694810
1.278349
1.692851
1.683733
1.650342
1.303709
1.281663
1.338399
1.569460
1.350722
1.351085
1.628572
1.451133
1.522654
1.336302
1.359535
1.685699
1.524920
1.365195
1.436805
1.269303
1.404233
1.550494
1.429902
1.470695
1.402200
1.464231
1.357405
1.389546
1.347430
1.455862
1.342494
1.394739
1.398689
1.372004
1.507275
1.457873
1.308196
1.452749
1.478120
1.274311
1.243266
1.297543
1.574513
1.489860
1.524467
1.619512
1.458182
1.338843
1.226174
1.243484
1.283459
1.471991
1.498974
1.302770
1.257528
1.255962
1.513514
1.550037
1.543386
1.565598
1.617465
1.507072
1.465671
1.451000
1.499354
1.465629
1.253778
1.517397
1.478347
1.529049
1.525824
1.353425
1.302173
1.294509
1.302595
1.556331
1.654614
1.520742
1.391346
1.415010
1.507514
1.456505
1.500048
1.399843
1.413831
1.375444
1.345850
1.412323
1.439820
1.412755
1.273134
1.419613
1.321127
1.452932
1.494768
1.276696
1.395889
1.277777
1.235952
1.517891
1.291204
1.350531
1.277429
1.337649
1.493554
1.361611
1.333932
1.294408
1.416468
1.449139
1.412037
1.333105
1.325564
1.300697
1.478907
1.255164
1.302123
1.376349
1.446823
1.365619
1.336015
1.314570
1.349215
1.854014
1.854014
1.381826
3.170627
1.811773
1.981646
2.136653
2.136653
2.052672
1.796228
1.653528
1.685442
1.630966
1.519234
1.519234
1.519234
1.715206
1.613005
1.757650
2.790073
2.743454
2.924235
2.555135
2.555933
2.696478
2.696478
4.229311
3.952580
3.937796
4.002727
3.686107
3.297965
4.116443
3.451403
3.464499
3.861887
3.796621
3.613296
4.356999
4.229311
3.725459
3.924292
3.659060
3.574820
3.556962
3.444779
3.220912
3.543926
3.959291
3.863329
1.750952
