5549 1 3
0.962299
0.703458
0.816971
0.752352
0.808270
0.822552
0.757291
0.926820
0.779523
0.931579
1.358436
1.110504
1.058393
0.962294
1.003570
1.309444
1.074908
1.315389
0.899430
0.936668
1.164777
1.097305
1.044837
1.090686
1.197668
1.061249
0.966515
0.916640
1.330814
1.369383
1.241528
1.346660
0.916016
1.061989
0.922708
1.630570
1.494947
1.211314
1.326043
0.932515
0.867625
1.734496
1.176823
1.573162
1.361355
1.266486
1.034435
0.975020
1.384836
0.949526
0.877366
1.437098
1.900019
2.002678
1.903949
1.176515
1.291940
1.346133
1.226012
1.096952
1.138375
1.218459
1.170607
0.941129
1.294455
1.833247
1.997102
2.086629
1.882163
0.978324
1.063107
1.277334
0.971348
1.714608
1.283804
0.835819
1.778187
2.148002
1.925384
1.427917
1.502320
1.362782
1.096868
1.482765
1.135316
1.122204
1.347514
1.902723
2.204515
1.916908
1.842756
1.758727
1.461930
1.913606
1.321388
1.493263
1.173750
1.448523
1.269703
1.436874
1.071031
1.587058
1.973030
1.530752
1.394892
1.128776
1.451836
0.984710
1.039992
1.014757
1.030363
0.925515
1.291940
1.415459
1.472470
1.354216
1.753297
1.626474
2.158254
2.521669
1.580440
1.680713
1.553298
1.406980
1.490808
0.883693
1.310292
1.500604
1.256452
1.745231
1.832591
1.833247
1.989313
1.630243
1.361301
2.136652
1.994022
1.960141
1.277638
1.340516
2.389034
2.538544
0.913949
1.466449
1.535931
1.057847
1.641328
1.585118
1.349665
1.643210
1.737641
1.738095
2.158254
2.454278
1.870579
1.613583
1.362481
1.433959
0.953308
0.883813
0.958921
1.525592
1.026365
1.173750
1.617940
1.440255
1.052510
1.080161
1.188440
1.298605
1.515436
1.537325
1.628721
0.974724
1.954797
1.287078
1.989609
1.815212
2.389034
2.253133
1.911902
2.822890
2.239063
2.175995
1.390499
0.884597
0.901348
1.021597
1.572680
1.598272
1.349567
1.795120
1.922418
1.768281
2.404400
1.843102
2.067204
1.589183
2.421984
2.334834
2.454278
1.326502
1.665626
0.939901
0.950082
1.420440
1.941341
1.757057
2.624731
2.369298
2.340801
1.634911
2.273702
2.045546
2.322707
1.896401
1.501070
1.026699
1.104346
0.989300
0.888578
1.421742
1.193181
1.443123
1.862452
2.244122
2.181804
2.822890
1.966191
1.888253
1.755736
1.077616
0.973935
1.032251
0.889530
1.645588
1.672431
1.550305
1.323614
1.374650
1.397850
2.364050
1.137146
1.951758
1.476144
1.347514
2.241007
2.891446
3.017660
2.609349
1.584209
1.449217
1.311706
1.649412
1.519889
1.092786
1.095908
1.473127
1.407953
1.133711
1.434788
1.316393
2.412436
2.448296
2.757339
2.781836
2.549005
1.235674
0.932070
0.982024
1.146846
0.963099
0.919149
0.922224
1.281251
1.674936
1.179155
1.451690
1.715394
1.877633
1.425880
2.223239
2.340801
2.811343
2.239063
2.185169
2.101073
1.174177
1.039627
1.115054
0.956339
1.637941
1.583060
1.336429
1.421465
1.369481
2.234540
2.781836
2.237759
2.421984
1.190054
1.010430
1.742324
1.570598
1.610471
1.423232
1.728778
1.201288
2.244122
1.226439
3.131168
2.559475
2.258978
1.176086
1.001900
0.952787
0.964316
1.839055
1.492673
1.535015
1.596826
2.098615
2.060039
1.360958
1.421463
1.980979
2.548422
2.440720
2.623162
1.952035
1.861456
2.101073
1.915761
1.979097
1.528752
1.277737
1.337281
0.972940
0.943347
1.113394
1.141764
0.936583
1.811441
1.918251
1.900034
1.402928
1.285930
2.329401
2.146330
2.502265
2.185169
2.771906
3.200153
1.955529
2.361501
2.003193
1.365093
0.929468
0.840159
0.988779
0.834375
0.919958
1.331272
1.652681
1.742324
1.367970
1.081195
1.367970
1.160591
2.016269
1.591224
1.684428
1.900034
1.938568
2.098615
1.360958
1.292824
1.495165
1.290118
2.039249
1.086184
2.463437
1.882190
2.423181
2.448296
2.955863
2.633926
2.156605
2.299380
1.238636
1.265815
1.171328
0.956538
1.061279
1.825733
1.939451
2.032069
1.954797
1.370049
2.215896
2.404400
2.307232
2.025721
2.542523
2.251984
2.304713
2.613647
2.443137
2.650858
2.593654
3.005100
3.200153
3.200153
2.212019
1.451974
1.054748
1.106511
0.937492
1.829437
1.731563
1.728662
1.250116
0.963781
1.053667
1.814595
1.352924
1.576760
2.072440
1.931005
2.134312
2.650858
2.917802
1.433208
2.954986
2.578135
2.681574
1.483296
1.247460
0.953284
1.784506
1.625337
1.779614
1.850089
1.514273
1.164991
1.516473
1.436028
1.606270
2.330360
2.452416
2.358297
2.084448
2.613647
2.115329
2.708375
2.390504
2.495600
3.062758
2.779399
2.768533
1.657744
2.692096
2.346507
1.657944
1.203586
1.080641
1.148265
1.822984
1.818626
1.560353
1.520812
1.398975
2.437866
2.630108
2.640860
3.017660
2.620296
1.550424
1.587373
2.748137
1.884789
2.783970
1.846385
1.207833
1.225547
1.088606
1.256364
0.986905
0.877539
1.043116
0.999208
1.696506
1.878814
1.211519
1.520599
1.335431
1.598452
1.591889
2.996734
2.495600
2.738064
0.942650
0.971707
1.505169
2.013663
1.896178
1.681052
1.868336
0.994752
1.358624
1.081195
1.081195
1.789033
1.395044
2.165857
3.036862
2.468073
2.789841
1.236639
3.052302
2.001850
1.580270
2.858793
2.361501
3.131168
1.508456
1.435672
1.736437
1.131011
1.817286
1.875970
1.777597
1.955606
1.779218
1.547193
1.025771
1.578502
1.293325
2.045145
1.657752
1.094457
1.190282
2.165857
2.446951
2.242881
1.085754
2.018574
2.191761
2.432076
1.472290
1.746730
1.570854
0.984850
1.210881
1.562953
0.958847
1.049627
0.940619
0.926606
1.202096
1.186144
1.814595
1.504414
1.921499
1.316322
2.406023
2.458251
2.514559
1.882882
2.366924
1.092317
2.140039
3.154752
3.005100
2.917802
2.822426
3.040705
2.893184
2.630768
1.679040
0.992689
0.993743
0.899984
0.978358
1.493201
1.486362
1.196227
1.358624
1.854117
1.581990
1.438823
1.398975
1.639657
1.737656
2.913140
2.914643
2.487501
2.975953
2.721200
2.418051
2.268434
1.667451
1.236856
2.026082
1.265815
1.509420
1.286316
0.953999
0.916048
1.039459
0.984328
0.996429
1.495673
1.390625
1.209793
2.059465
2.218105
2.469610
1.980036
2.613968
2.789841
2.876929
1.775212
1.703915
3.047671
2.859193
2.832894
2.983775
1.174646
1.367749
1.731105
0.883270
1.014462
1.020927
0.955156
0.901918
0.899069
1.653536
1.106701
0.968001
1.558491
2.008417
1.917713
1.566075
1.938954
2.084114
1.938954
2.084114
1.843680
2.553542
2.354628
2.385991
2.696025
2.844106
2.993182
3.090793
2.673295
1.693592
2.270162
2.474232
2.270162
2.270162
2.828068
1.573083
1.796735
1.566513
0.956872
0.906896
1.805548
1.696229
1.456775
1.839264
1.801031
1.623205
1.755869
1.959846
1.885803
1.466103
1.755999
1.385094
1.395044
1.849875
2.082332
1.348503
2.701632
1.959957
2.329308
2.096895
2.266232
2.518979
2.030012
2.616360
2.191761
2.305728
2.468570
2.451618
2.983775
2.909825
2.426913
2.680370
2.268434
2.447021
2.432076
1.049381
0.875685
0.978565
1.068167
1.009540
2.173140
1.805548
1.385800
1.198913
1.035173
1.585156
2.490371
2.701632
2.497173
1.951644
2.468570
2.822426
2.495600
1.736919
2.483847
2.884470
0.988860
1.842604
0.956755
1.728662
1.955745
1.959846
1.677014
1.784944
2.274031
2.144776
2.879864
2.616360
2.480717
2.481634
1.896744
1.384055
1.635362
1.587994
0.880675
0.978358
1.065077
1.013238
1.397055
1.692777
2.041469
2.043624
1.330389
0.925115
1.601997
1.720046
1.851050
1.494054
1.974658
2.174686
2.084448
2.570737
2.789741
2.312966
2.464898
2.673295
2.791361
1.444710
1.523660
2.264610
1.104076
0.992414
1.062841
1.153656
1.017854
0.927540
1.159271
1.406547
1.001183
1.001183
1.683996
1.484595
1.898032
1.474720
1.923171
1.738635
1.534215
2.256830
2.178405
2.812093
2.850403
2.850403
2.877901
1.836549
2.835431
3.287319
1.901668
1.199580
1.635362
0.997336
1.445462
1.218284
1.808198
1.112786
1.238338
1.689134
1.537334
1.257054
1.500888
1.892190
2.447016
2.850906
2.707683
2.865294
2.099326
1.890254
1.916795
1.739490
1.599994
0.963452
0.890768
1.163645
1.638140
1.556939
2.021392
2.013663
1.365403
1.415836
1.167260
1.363186
1.495236
1.831258
2.030012
2.992893
1.180366
2.829289
2.993182
1.737393
1.561821
1.574576
1.277920
1.681540
1.625269
0.977036
0.990440
1.591499
1.331956
1.752998
1.152938
1.337262
1.612450
1.409793
1.794004
1.686418
1.309871
1.500053
1.366269
2.020364
1.759273
2.856381
2.274487
1.649571
1.692428
2.732230
2.001303
2.825901
2.259598
1.597711
1.990968
1.990968
1.586567
0.929179
1.069129
1.532251
1.620383
2.161405
1.209053
1.369074
1.709288
1.551825
1.612450
2.703298
2.294440
2.208675
2.571948
1.692275
1.465232
0.966317
1.400477
2.556764
2.780531
2.827978
2.719189
2.877901
1.846902
1.858597
1.731105
1.741015
1.700891
1.500681
1.563509
1.071950
1.469374
1.869075
1.607695
1.617012
1.885803
1.204132
1.336102
1.647641
1.967740
2.012102
2.020364
2.751897
2.349960
1.788332
2.850906
2.780531
2.854550
2.956162
2.790016
1.757935
2.580915
1.968736
1.911556
1.671465
1.422505
1.268044
1.461572
1.573942
1.177347
1.486193
1.756868
1.076234
1.819658
1.911683
1.504516
1.455396
2.338932
2.102757
2.766912
1.618203
2.702157
2.447016
2.980743
2.631500
2.789741
2.791361
1.292051
1.097359
1.873998
1.475217
1.741015
1.302938
1.285706
1.501080
1.820892
1.986976
1.561824
1.607603
1.506063
1.541862
1.863963
2.338932
2.196875
1.453804
2.742560
2.790016
2.597135
2.517841
2.229150
0.878389
1.115427
1.117276
1.540056
1.695740
1.554114
0.939335
0.961175
1.296562
1.438373
1.235543
1.390745
1.672097
1.350190
1.869124
1.236110
1.427988
2.102757
1.465232
1.961792
2.028603
2.442725
2.211595
2.832531
1.647612
2.822340
2.589547
2.438287
2.790880
2.783281
2.181076
1.920333
1.888712
2.318767
0.996741
1.456858
1.134841
2.133431
1.845201
1.510006
1.494554
1.871572
1.661455
1.824126
1.152240
1.709162
2.349960
2.394898
2.671125
2.732230
2.294992
2.228075
2.686026
2.303133
2.321156
2.174879
2.508816
1.923892
1.579839
1.516498
1.113140
1.179356
1.485057
1.217172
1.186144
1.429512
1.263484
1.585156
1.815624
1.270292
1.816246
1.440135
1.527479
2.175853
1.863420
1.598696
1.522545
1.371101
1.339401
1.786031
2.812093
2.556764
1.929172
2.488707
2.741144
2.301934
2.283275
2.089650
2.222437
2.174879
2.174692
1.708723
1.808094
1.693533
0.942467
1.896615
1.295053
1.511575
1.883004
1.025008
1.341234
2.309343
2.425489
1.710853
2.283921
2.742560
1.368002
1.744452
2.790880
2.249243
2.149594
1.463092
1.610148
1.898853
1.620383
1.516263
1.235543
1.235543
2.408117
1.077955
1.218136
2.419395
2.703298
2.128527
2.196875
2.631381
2.790016
1.866959
1.885367
1.335766
1.328899
2.133431
1.345137
1.928562
1.630146
0.980551
1.080798
1.454920
1.021178
1.142993
1.650189
1.630012
1.352852
1.424462
1.350344
1.674462
1.677113
1.553376
1.263484
1.425258
1.260994
1.031080
1.781644
2.731916
1.281552
2.852238
2.312242
2.921553
2.550497
2.779767
1.949765
2.468671
2.523675
2.476177
0.947550
2.327428
2.402672
1.268601
1.266867
2.517171
2.131682
1.929745
1.275584
1.055724
1.195017
1.256081
1.613492
1.715296
1.871572
1.745174
2.043624
2.002750
1.647252
1.657858
1.135433
1.163944
1.546047
1.070635
1.639440
1.031080
1.326564
2.684530
0.974341
2.227400
2.661110
2.425123
2.256738
2.495127
2.550497
2.395333
2.108092
2.108092
2.314377
2.249708
1.516834
2.402672
2.423709
1.374824
2.390353
2.179277
1.995402
1.607882
1.524186
1.868594
1.705454
1.021111
0.970418
0.821068
1.213874
1.292453
1.827904
1.599395
1.488471
1.815831
1.083571
1.322049
1.876596
1.880560
1.429512
1.350190
1.070635
1.713185
2.141156
1.316765
0.890283
2.510496
2.425489
2.317283
2.260204
2.488707
2.173661
2.523675
1.830514
2.181076
1.635197
1.684669
1.265180
1.847212
1.313677
1.422963
1.306346
1.221463
1.276654
1.551408
1.496519
1.683049
1.568371
1.650189
1.715296
1.228920
1.610148
1.769082
0.900619
1.759794
1.737448
1.607603
1.280717
1.836188
1.657525
1.575761
0.868189
1.036529
2.345132
2.281028
1.612301
1.431276
1.544739
1.744040
2.267753
1.449731
2.575292
2.183884
1.766002
0.972655
1.015092
0.997145
1.852229
1.496415
1.480659
1.724648
1.776613
1.583066
1.201233
1.035327
1.926981
1.592830
1.879664
2.343852
1.807604
2.130871
2.042835
1.062534
1.272198
1.009941
1.879928
2.060870
2.254471
2.531232
2.260194
2.653297
1.519276
1.916261
1.737691
1.749727
1.494902
1.516834
2.485278
1.289516
1.759962
1.815831
1.840514
1.347099
1.609920
1.197535
1.485508
1.686715
1.324349
1.458864
1.352324
1.352324
0.979075
2.368532
2.067704
2.546861
2.034074
1.846604
1.336260
1.590627
1.341345
2.051050
2.242175
1.675545
2.508383
1.748115
1.885367
1.544368
1.662049
1.757277
1.560340
1.766002
1.452777
2.085582
2.575292
1.568346
1.831285
1.160551
1.119919
1.620332
1.591962
1.593670
1.362911
1.583066
1.555051
1.776613
1.774600
1.518151
1.531465
1.790599
2.364764
2.711931
1.145148
2.411476
2.203893
1.748115
1.702634
2.018636
1.718092
2.011051
1.668655
1.175629
1.222172
1.351088
1.326360
1.078354
1.240553
1.406017
1.624382
1.685534
1.347099
0.695682
1.067797
1.994897
1.521112
0.971414
1.258875
2.049596
2.060870
1.837499
1.567452
1.868382
2.408039
2.408039
1.748786
1.964689
1.527334
1.964689
1.718092
2.677801
2.881829
2.097075
1.098729
1.602761
1.604366
1.362911
1.253861
1.613492
1.228920
1.627486
1.581740
1.361737
1.838271
1.728235
1.776385
1.337273
1.592830
0.970793
0.863695
2.734637
2.563946
2.368532
2.065642
1.950357
2.088125
1.959475
2.661110
2.187720
2.409879
1.949765
1.730337
1.131989
1.544368
2.881829
2.485278
1.788906
1.239007
1.353657
1.535252
1.389158
1.588822
1.444549
1.228920
1.858532
1.527312
1.331632
1.486082
1.127416
1.510976
1.232229
1.286559
1.267498
1.351158
2.454518
1.627817
1.854651
1.774881
2.360700
2.677801
2.360700
1.917654
1.715158
1.695987
1.705275
1.033666
1.433053
1.395553
1.050632
1.397082
1.361737
1.107296
1.614594
1.531381
1.192052
0.882622
0.970793
1.915370
2.598928
2.665982
1.029833
0.890283
1.721537
1.729539
2.317283
1.786067
1.603613
1.185483
2.052812
1.566968
1.903618
1.407244
2.072823
1.261244
1.854868
1.921553
1.040643
1.398801
2.380829
2.561242
2.679443
0.940515
0.941132
1.140609
1.171579
1.386085
1.896594
1.513311
1.542422
1.721184
1.558616
1.455836
1.117893
1.549569
1.790379
1.394374
1.045525
1.809386
2.764271
1.330871
2.504989
2.699772
1.660533
0.993246
1.553862
1.524199
2.072563
1.982515
2.395643
1.964689
1.404521
2.556601
1.618899
1.534146
1.140609
1.379460
1.715062
1.143057
1.513632
1.222722
1.579765
1.790379
1.513426
1.271081
1.171765
1.064144
0.863695
1.755116
1.755116
2.340115
2.729992
1.523262
2.629298
1.230108
1.391737
1.553862
1.891388
2.042835
1.051497
1.162934
1.139937
2.552396
1.739634
2.136255
0.957587
1.023440
2.955664
1.868215
1.762727
0.999469
1.683940
1.683497
1.527727
1.858250
1.818080
1.508302
1.037814
1.050632
1.177611
1.046715
1.994897
1.654492
1.085414
1.132588
1.057913
1.806048
1.662455
1.711412
1.772290
2.008943
2.355546
1.456879
1.970754
1.737522
1.456879
2.336433
2.294007
2.408039
1.131117
1.977790
0.988302
2.772632
2.884489
1.095401
1.476851
1.250707
2.103044
1.574947
1.344493
1.103657
1.649331
0.821027
1.127416
1.271081
1.270882
1.270710
2.396705
2.729992
2.130427
2.493529
2.672914
2.544825
0.945649
2.118150
1.737987
1.565521
2.097321
2.353111
1.422270
1.491640
2.327501
1.875856
2.009141
2.263397
2.389677
2.772632
3.114775
3.075855
2.262304
1.962049
1.105944
1.673341
1.322546
1.623145
1.908808
1.952491
1.135692
1.135692
1.266007
1.697358
1.418157
1.660284
2.693442
2.408890
1.322236
2.785329
1.039797
1.291767
2.349616
2.321122
1.262301
1.319701
1.623211
2.101064
2.411476
2.159211
1.651443
1.730202
1.335628
1.730337
1.111572
1.059857
1.859207
0.953897
3.236831
2.780448
1.711630
1.092298
1.075252
1.693175
1.793757
1.589674
2.166807
1.173752
1.762401
1.679657
1.418189
2.613845
1.336311
2.911192
2.544825
2.237314
1.391737
1.432557
1.966370
1.612043
1.744448
1.830986
1.832108
2.257971
1.788906
1.927164
1.383649
1.092298
1.622591
1.488432
1.955081
1.513597
1.090323
1.589674
2.062390
1.725502
1.721184
1.602761
1.734503
1.154358
1.247091
0.980443
1.754791
1.681234
1.282006
1.176260
1.808791
1.115131
1.373653
1.335628
1.456879
2.294007
1.252470
1.633366
2.827119
1.472534
1.740520
1.607613
1.168754
1.176548
1.371392
1.114082
1.682052
1.478940
1.795963
1.368284
1.286351
1.329625
1.455106
2.015307
2.020084
2.460641
1.351158
2.198976
2.408890
2.705110
2.450573
1.914625
1.322169
1.895900
1.133350
1.506114
2.214933
1.890967
1.992493
2.043813
1.906818
1.620465
1.016253
1.171569
1.199829
1.788821
1.896594
1.783562
1.754800
2.198010
1.679657
1.588423
0.942660
1.142699
0.942660
1.447941
1.205609
1.063846
2.004711
2.577823
2.289558
2.499001
1.722720
1.519291
1.411440
1.689007
2.199548
1.242650
1.491238
1.840446
2.302018
2.178847
1.961404
1.890967
2.282219
2.802615
2.384343
1.069775
1.077705
1.038350
0.959119
1.075579
1.158047
1.125715
1.483104
1.227856
1.393119
1.584022
1.694027
1.193291
1.164987
1.361665
1.769082
2.452366
1.624821
0.885278
2.321465
1.432557
1.709786
1.324885
1.685012
1.988808
1.806796
1.718922
1.790653
2.329081
1.897099
1.651787
1.541344
0.991890
0.943138
1.621354
1.398129
1.466651
1.390679
1.379050
1.730561
1.570302
1.162866
1.173891
1.515032
2.262942
1.949219
1.781758
1.372784
2.538719
1.188933
1.876603
1.710791
1.129965
1.060955
1.060955
1.347657
1.841167
1.571863
1.582346
1.181957
1.560891
1.593801
1.689459
1.723737
2.409398
1.932000
1.642797
1.900207
2.014624
2.040406
1.830192
1.599249
1.784446
2.257971
1.954393
0.931795
1.475737
1.694556
1.592483
1.690638
1.407705
1.855120
1.783562
1.974170
1.528336
1.812832
1.365138
1.276958
1.473306
2.321972
2.577823
2.498755
2.737226
2.455496
0.852991
2.045290
1.044674
2.443051
2.665415
1.404930
1.782828
1.154361
2.219839
0.909059
1.187549
2.379905
2.498386
2.967188
2.222735
2.292672
2.309309
2.994598
2.994598
1.171538
1.163437
1.259465
1.762991
1.955081
1.116746
1.338728
1.347852
1.194435
0.991656
1.686901
1.676541
1.467572
0.822061
2.453674
2.285977
1.080968
1.823780
1.829415
1.946865
1.680857
1.829455
1.980157
1.997823
1.829125
1.782828
1.278899
1.592883
1.278899
2.259664
1.932000
3.137508
0.940451
2.282219
2.036876
2.191293
2.765993
1.725748
1.190351
1.027558
1.047625
1.170342
1.672896
1.500892
1.500918
1.350175
1.182998
1.204660
1.701391
1.570638
1.361665
1.136480
1.472795
1.225412
1.260362
2.111383
0.668504
0.592343
0.608605
1.115777
2.443051
1.777764
1.492892
1.925449
1.227675
2.043250
1.664641
1.250988
1.782403
1.591541
1.570041
2.329081
2.302018
2.214845
2.230294
1.227902
1.453586
1.223365
1.316621
1.916772
1.127464
1.529075
1.570899
1.836544
1.024454
1.041821
1.897196
1.730693
1.914089
1.949219
1.130554
0.958071
0.805602
1.723945
1.319500
2.040032
1.928772
2.189386
1.529664
1.862961
2.083359
1.756687
1.945747
2.105519
2.044672
0.973183
1.616310
2.340431
2.638214
2.367610
1.286079
1.365254
1.199829
1.356226
1.519796
1.500471
1.496933
1.152472
1.544849
1.029183
1.149889
1.029183
2.421829
2.121402
2.803406
2.581931
1.369185
1.128335
1.140216
1.136624
1.352167
2.041175
1.886902
1.316618
1.197052
2.036732
1.252674
1.072519
1.759067
2.060221
2.520487
1.025075
2.610716
2.613609
0.980687
1.119620
0.966218
1.540253
1.298537
1.416654
1.028210
1.272279
1.708701
1.306129
1.136480
1.163331
1.351657
0.569766
0.953800
0.765414
1.268028
1.295008
2.207643
1.350640
1.627789
2.058705
0.969835
1.785857
1.525911
1.785857
2.728755
2.413374
2.037883
1.013319
0.985867
1.370113
1.416654
1.272746
1.711843
1.467942
1.350670
1.531045
1.206485
1.458345
1.467609
1.422602
0.809986
0.612015
0.667253
0.936285
1.925449
1.356887
1.909271
2.099838
1.497831
1.930910
1.934807
2.408991
1.616310
2.837248
3.039573
2.806311
1.551434
1.445984
1.759163
1.066996
1.587120
1.204375
1.116836
0.963851
1.095955
1.924248
1.807307
1.005329
1.153529
0.847106
1.165051
0.681622
2.084089
2.366184
1.910715
1.604882
2.270871
2.041175
2.028337
2.044765
2.130630
2.280593
2.619478
2.393818
1.463408
1.550082
2.266314
2.298461
2.753309
3.173295
2.802615
1.544570
1.646716
1.156417
1.115142
1.222716
1.353165
1.474201
1.426292
1.639892
1.148153
0.420405
0.480572
0.831480
1.046148
1.476076
0.822061
0.614949
1.914089
2.014494
1.348851
1.278571
0.642502
1.878237
1.250988
2.222886
1.327353
1.196246
2.058705
1.732453
2.035904
1.823573
2.198584
1.115932
2.784667
2.554673
2.398143
3.021836
2.261300
3.254124
2.212824
1.060011
1.960603
1.248406
1.459850
1.181461
1.605850
1.111852
1.547681
0.985867
0.963851
1.267841
1.191015
2.013177
2.019680
0.874398
0.614152
1.716034
1.416006
0.459017
2.513420
0.973999
1.561729
1.299681
1.920241
2.130630
1.666458
2.790923
1.723800
2.559919
1.099330
2.649172
2.860303
2.986701
3.007895
1.153036
1.083373
1.229405
0.980617
1.563997
1.587791
1.222114
1.378281
1.224318
1.467609
1.557024
2.436518
2.611218
1.878237
2.332010
1.426699
1.694049
0.973999
1.080968
1.304630
2.036732
1.823573
1.421463
1.537741
2.042637
2.213372
1.841245
3.142748
2.844274
2.462956
2.301208
2.043715
2.398143
2.538490
1.385823
1.650701
1.205272
1.621984
1.693666
1.516829
1.013319
1.769173
1.691292
0.906886
1.813515
1.297627
1.124508
1.115770
1.541830
2.421829
1.967582
0.527990
0.527990
0.539421
2.471876
2.108699
2.608019
2.393253
2.330282
2.364357
1.571863
1.571863
1.920241
2.035904
1.953076
1.694237
1.624714
2.280303
1.305562
1.932402
1.716892
1.947138
2.261067
3.094218
2.756671
3.258827
3.165428
3.366315
1.649241
1.046088
1.044556
1.389735
1.850923
1.191015
1.124508
1.564854
0.521572
0.427083
0.979038
0.502398
1.329700
1.919640
2.437850
2.013102
1.584811
1.420895
1.858208
2.022201
2.176321
2.167181
1.463408
1.195249
1.169862
1.046601
1.164228
1.932133
1.603439
1.876747
0.725608
1.053008
0.926066
1.329700
1.115770
1.195529
1.351955
1.474924
2.184801
2.177891
1.871522
1.230551
1.489676
2.397398
1.634511
2.437850
0.684154
1.018404
0.809658
1.920241
2.161433
1.417258
1.829911
1.379308
2.213372
1.617718
3.018930
2.272093
3.496469
2.428344
2.871832
3.290742
3.047343
2.625221
2.500992
2.586122
1.713637
1.072109
0.928769
1.013070
1.245040
2.020822
1.516770
1.650701
1.135048
0.590495
1.075665
1.324819
1.243830
2.129851
0.972642
1.844269
2.602689
1.927827
0.823610
1.694049
1.340786
2.108130
2.690610
1.141460
1.923149
3.324233
2.953529
2.130461
3.165428
2.420433
1.607467
1.435469
1.864518
1.426936
1.556645
1.588604
1.928976
0.947633
1.462472
1.392218
1.399575
1.960964
1.790634
1.467942
1.131135
1.324819
1.564963
1.724047
1.984937
1.575218
1.464270
1.292594
2.441149
1.544997
1.181304
1.307013
1.652774
1.727601
1.143377
1.016564
2.026537
2.378664
2.983795
3.290742
1.085406
2.576243
2.021896
1.858941
1.957374
1.516966
1.202358
0.980617
1.381405
1.624458
1.389735
1.673872
1.692740
2.255031
2.585982
2.194451
2.067334
0.827882
1.889510
1.448236
1.659500
1.622390
2.108130
1.599561
2.176896
2.355621
3.192554
1.865469
2.178784
2.226333
2.162346
2.262057
2.391560
2.777299
2.308606
2.391560
2.858746
1.291396
1.605444
1.663462
1.317855
1.390519
1.795193
1.705622
1.481446
1.481446
1.195529
1.474924
1.208165
1.841704
1.919640
0.953219
0.972642
2.471876
1.762215
1.728567
1.547212
2.107711
1.817479
1.360684
1.356887
1.393189
1.652774
1.364275
1.337597
2.521387
1.109006
2.789485
2.781906
2.013475
1.553953
2.062615
1.269976
1.048636
1.035809
1.599240
1.891641
1.743571
0.521572
1.114750
0.903606
1.268354
1.207548
1.488766
2.380735
2.448897
0.953219
1.913799
1.779606
1.779380
0.892218
1.118966
1.775563
1.783585
1.340786
1.417258
1.046618
1.479945
1.400485
1.612881
3.192554
3.350183
2.016988
1.926709
2.530603
1.201659
1.051706
1.202887
1.435469
1.329879
1.602128
1.735811
1.615900
1.284585
1.597503
2.020822
1.251469
1.230356
1.900124
0.946753
1.859364
1.047868
1.160392
2.211386
2.369833
1.126870
1.393926
1.235808
2.056605
2.028856
1.599561
2.042637
1.645055
1.617718
1.932402
2.852871
2.561718
3.350183
2.062881
2.573072
1.894641
1.123548
1.491856
1.417779
1.447279
2.047017
1.617611
1.906501
1.349281
1.571060
1.786899
1.753520
1.841474
1.650933
1.913858
1.171926
1.378468
1.378468
1.568708
1.257299
1.800340
1.733326
1.057571
2.164719
1.402627
1.308079
1.717170
1.636102
1.115076
2.482440
2.529489
2.967427
2.062881
1.873118
2.940688
2.565665
2.126076
1.029745
1.123190
0.927306
1.609821
1.538796
1.516979
1.847482
2.031273
2.292910
2.228438
2.332684
2.643925
2.248264
1.850866
1.364486
1.759180
2.006138
1.888805
1.527285
1.803008
1.180233
1.245552
1.440294
1.091685
2.374662
2.978506
2.671735
2.009297
1.654766
1.926745
3.132375
1.123190
1.191991
2.050919
1.580079
1.166093
0.770994
1.289040
1.656417
1.279535
1.921152
0.853169
1.572023
1.526578
1.741848
1.706355
1.540039
0.995723
1.218969
1.380852
1.476660
2.114695
1.279240
1.380852
1.664790
1.876448
1.652774
2.298808
1.341180
2.317468
2.206923
1.927626
1.515627
1.618795
1.934984
2.733611
1.353685
2.153780
2.278714
2.381462
1.251263
2.764339
2.032568
1.967639
2.174180
2.308606
1.163392
2.716324
1.026464
1.514943
1.275171
1.514943
1.766887
1.836643
1.382556
1.050766
1.628662
1.032047
0.959183
1.231239
0.984173
1.443706
1.257299
1.073757
1.364645
1.399786
1.129354
2.067334
1.027501
1.946789
1.806252
1.697507
1.621665
1.664790
2.317989
1.927626
2.069379
1.273116
2.298808
1.350797
2.529489
2.364019
2.905686
2.931915
1.980502
2.892936
2.892936
2.983795
2.834380
1.303573
2.778966
2.155527
1.982659
1.070511
1.291378
1.188706
1.231562
1.345604
1.325830
1.383717
1.826058
1.410210
1.081800
1.232462
1.262685
1.859364
1.774988
1.489830
1.512384
1.943469
1.310343
1.806252
1.540654
1.594241
1.803008
1.219178
1.136756
1.325568
1.880009
1.655803
1.865973
1.772652
1.690179
1.648685
1.488584
2.778966
3.135688
1.731461
1.707958
2.832430
1.783895
1.122306
1.420235
0.987541
1.488102
2.072520
1.081800
1.060484
1.821862
1.405379
1.650933
1.363341
1.310179
1.510092
2.104603
2.044282
1.293406
1.261954
1.836617
1.375749
1.739630
1.840079
1.367736
1.245552
2.105751
1.515627
2.860947
2.548360
2.220404
2.162346
2.393595
2.498081
1.032439
1.279479
2.072520
1.538559
1.906501
1.662015
1.774988
2.043802
1.888641
1.129354
1.524724
1.910384
1.762995
1.568681
1.486464
1.605950
1.528099
1.193843
1.576416
1.492882
1.787606
2.353290
1.693546
2.266225
1.497550
1.828803
2.520131
2.835860
1.979913
3.054540
3.027757
3.027757
2.956132
1.234864
0.980495
1.327765
1.327765
1.411095
1.257205
1.453055
1.836643
1.284585
2.017381
1.269839
1.351430
1.279408
1.695669
1.819978
1.401559
1.598205
1.745386
1.179849
1.752679
1.333127
1.315807
1.487288
1.280779
1.852933
1.358537
1.828803
1.219178
1.400329
2.907668
2.799381
2.716324
1.098962
1.211167
1.684586
1.416014
2.094849
1.284585
2.005471
1.349741
1.443628
1.465319
1.980356
1.616536
1.093784
1.222979
1.826948
1.574522
2.019955
1.988265
1.992121
1.564634
1.530475
1.415523
1.701341
2.471219
1.910299
2.549353
2.956482
2.839967
2.339269
1.316895
1.583525
2.110231
2.835860
2.428586
1.232641
2.508900
2.934263
1.853850
1.086618
1.103145
1.858379
1.738547
1.725586
1.408020
1.583429
0.878545
1.268354
0.973144
1.231239
0.958900
0.964042
1.059759
2.043802
1.738972
1.420303
1.605154
2.186205
1.739630
1.775467
2.155750
2.179180
1.478999
1.607890
1.857097
2.537734
2.967427
2.907686
1.239190
2.470861
1.355672
1.255208
1.514028
1.040711
2.017381
1.213442
0.848167
1.369250
1.114758
1.061968
1.745610
1.267529
2.497528
1.447554
1.191571
2.155750
1.849883
1.183408
1.555812
1.330562
2.603004
2.424312
1.497550
1.680647
1.556417
1.312024
2.593553
1.853850
2.934263
1.853850
2.716324
2.394732
1.267775
1.190283
1.689957
1.231562
1.483182
1.493120
1.303609
1.174075
1.380455
1.261004
2.397627
2.129146
2.130993
2.131284
1.902272
1.375749
1.517883
1.377150
1.205462
1.324941
1.461975
2.536156
2.447149
2.931915
1.774208
2.064303
1.128644
1.548220
2.930645
2.704526
3.055382
2.394732
2.207397
1.689957
1.459394
1.042731
1.042731
1.962499
1.303609
1.745610
0.992037
1.048010
1.861492
1.059759
1.638590
1.907760
1.875242
2.210712
2.007434
1.479160
2.294886
1.415523
1.033034
1.766017
1.992432
2.466215
1.869553
1.822719
2.570854
2.719608
2.798355
1.814536
2.706968
1.797755
1.459394
1.288541
1.357672
1.197159
1.351311
1.406112
1.262290
1.574150
1.211354
1.283341
1.583429
1.236061
1.273621
0.955877
0.862292
1.796333
1.300010
1.093784
1.575908
2.105757
1.637128
1.736568
1.653747
2.294886
1.915809
1.609323
1.776046
1.806252
1.692792
2.472558
2.455491
2.178863
2.513282
2.574641
1.721434
1.355101
1.772057
2.145390
2.350073
2.362103
2.907613
2.073020
1.490173
1.197755
1.148715
1.565521
1.515408
1.439624
0.983307
1.231819
1.078148
1.325201
2.186205
2.197975
1.273433
1.691802
1.559360
1.939501
1.605950
1.983402
1.179849
2.192201
1.717646
2.835860
2.416013
2.442120
1.862093
1.324181
1.324181
2.009865
1.251707
1.246447
1.189134
1.593643
1.583660
0.860125
1.091252
1.492168
1.502694
1.983871
1.879453
2.044226
1.661055
2.035800
1.551078
1.237433
2.197270
2.162878
1.234562
2.020458
1.068030
1.601277
1.772057
2.593553
2.350073
1.695572
2.627596
2.570854
1.557945
1.400251
1.131122
1.203022
1.101447
2.142669
1.784807
2.142669
1.104298
1.202454
0.862292
0.616029
1.406389
1.453113
1.758814
1.089015
1.078148
1.404804
1.470059
2.215775
1.875242
1.890866
2.007643
1.944239
2.203278
0.498621
2.143412
1.847412
0.662979
0.922173
1.678754
2.268387
2.402134
1.676951
1.247656
1.702203
1.620738
1.945982
1.774208
1.975214
2.278569
1.648012
2.029525
1.454345
1.450598
1.451308
1.147875
2.094849
1.284192
1.074841
1.589852
1.184189
2.229789
0.316071
0.767632
0.941745
0.944360
0.909643
0.941722
1.164077
2.122245
2.071949
2.403842
1.746595
2.020458
2.192201
1.333511
1.529209
1.760454
2.272787
2.442120
2.434010
2.412857
1.479716
1.277122
1.648012
1.108243
1.178019
1.525670
1.713622
2.075575
2.103998
2.237393
1.063463
1.519847
1.280745
1.552636
1.198206
1.730493
2.089746
2.288541
1.415523
1.210402
1.895074
1.707370
1.082520
1.933699
1.843455
1.753847
1.143481
1.782905
2.127376
2.019610
2.680498
2.272787
1.695572
1.797315
2.080255
1.962101
1.415695
1.140250
1.930802
1.621287
0.959085
0.939916
1.050718
1.185775
2.150173
2.215775
2.044226
1.682668
1.420303
0.941745
1.776346
1.563014
0.928026
1.433972
2.057637
2.187916
1.829589
2.391550
1.315168
1.968006
1.822719
1.684418
1.741553
1.306972
1.086618
1.284192
1.158270
0.950245
0.985800
1.300010
1.268478
1.064964
0.972320
1.722878
2.229565
1.441376
1.183770
1.127141
1.527329
1.806819
2.077679
2.055542
2.186310
2.151768
2.523827
2.005254
2.033516
2.192201
2.233731
2.417607
2.255306
1.525728
2.268916
2.365318
1.880545
1.161155
1.326078
1.907395
1.201548
0.989004
1.049177
2.075575
1.114444
2.194799
2.097398
2.112431
1.313439
1.048496
1.346718
1.281805
1.410444
2.301748
0.266889
2.041231
1.183770
1.528516
1.903273
1.481383
1.752096
1.528516
1.628413
2.112921
2.288459
1.762537
2.274809
1.862093
2.193075
2.080255
1.099104
1.225822
1.525670
1.926768
1.543004
2.075835
2.103998
1.391455
1.358366
1.155948
1.165003
0.855155
1.261649
0.934143
1.037057
1.003863
1.866059
0.456064
0.631053
0.647801
2.049522
1.467842
1.168930
2.061492
1.894220
2.149528
0.941078
1.075703
2.232955
1.937482
1.776346
0.941722
2.007693
2.312770
1.891046
2.493437
2.433069
2.255306
2.006594
2.212416
1.863064
1.362167
1.978393
1.249161
1.354976
1.807283
1.636202
1.684764
1.887096
2.075835
0.954937
1.544012
1.411143
1.464158
1.157917
1.390613
1.075365
0.814428
1.090725
1.499274
2.521322
2.298396
1.756401
2.061492
2.149528
1.168930
1.755935
1.803832
1.261239
1.391381
2.006596
2.190054
1.808334
2.186863
1.542292
2.433069
1.251631
1.278008
1.792086
1.695572
1.483086
2.165401
2.047807
1.173524
1.121237
1.923633
0.984620
1.775867
1.493548
2.332650
2.358646
2.008257
1.914140
1.825464
2.047261
1.664247
1.711162
1.711162
1.661024
1.271783
1.150776
1.886935
2.324196
1.476851
1.696807
2.007693
1.877060
2.314134
1.792086
2.269221
2.037981
2.114838
1.366195
1.907395
1.762236
1.245205
0.994094
1.153527
1.414685
1.970652
1.912833
1.490015
1.474740
1.724535
1.983751
1.358786
1.066082
1.411143
1.196046
1.084489
0.533531
1.541622
1.117183
1.460254
1.711316
1.749224
1.629427
1.847412
0.647801
2.041231
0.789395
1.449648
1.318891
1.734254
0.941078
2.510764
2.244614
2.227250
2.140548
1.764656
1.872338
2.287048
2.184631
1.635290
1.955004
2.081324
1.603439
1.599285
2.047807
1.085559
1.714388
1.685241
1.791897
1.958487
1.789609
2.301748
2.312342
2.275450
1.527078
0.631053
1.300241
1.482493
1.783277
1.233537
2.135592
1.354610
1.965047
2.186310
2.179166
2.297441
1.315168
1.863457
2.097847
2.194667
2.097847
1.634250
1.539466
0.972388
1.343871
1.751952
1.547814
1.301064
0.877726
1.063762
0.356363
1.850930
2.144576
1.916459
2.332809
2.078966
2.105121
1.182694
0.995847
1.467405
1.746908
1.702900
1.525430
0.940680
1.238333
2.306853
2.111871
1.886860
1.907685
2.074565
2.167598
2.360355
1.997049
1.672225
2.275131
2.185394
1.957739
1.866694
1.481026
1.026000
1.089161
1.163435
0.897549
0.834046
1.674011
1.845262
1.165322
1.438902
0.794500
1.040622
0.913831
1.363842
1.849389
1.888345
2.197165
1.117614
1.625610
1.399997
2.228950
2.209182
1.816087
2.315719
2.276572
2.255306
1.475620
1.707809
1.907395
1.552938
1.797462
1.849171
1.306664
1.581923
0.994995
0.980274
1.213078
1.441771
2.310885
1.937595
2.583472
1.791897
1.533927
2.011092
1.911646
0.860499
1.056272
1.702900
1.483030
1.128238
1.625610
2.155208
1.337336
2.370733
1.997750
1.753847
1.953002
2.084397
2.122525
2.233836
2.129144
1.805070
2.051997
2.170321
1.848632
2.275131
1.957739
1.764762
1.004479
1.181916
1.193949
1.634638
1.724535
1.170438
0.896226
1.378141
1.129898
0.470089
1.335247
1.022376
2.536245
1.424785
1.384200
2.096356
2.043434
1.405394
2.085094
1.458810
1.854330
1.496702
2.119767
1.026549
1.476982
1.620243
1.693184
2.101312
2.209903
2.073432
1.148665
2.027508
2.189700
2.289857
1.464469
1.220416
1.632240
0.900196
1.058807
0.960092
1.126793
0.615371
1.888345
2.310885
2.381813
1.960752
2.292371
1.993270
2.627156
2.615236
2.312342
2.276568
1.617672
2.142752
2.101033
2.023409
2.092187
1.740261
1.282200
2.107013
1.464592
1.966045
1.929611
2.152606
2.248132
2.140996
1.934711
1.735634
2.185186
2.165403
2.129599
1.451381
2.193474
1.571836
1.577914
1.385756
0.920533
1.089161
1.109737
0.860872
0.891184
0.936626
0.739611
1.486638
2.590019
2.106142
1.648543
1.756938
1.645399
1.224198
1.072747
1.654044
1.850335
1.195578
0.942652
2.610526
2.222641
2.610526
1.896600
2.014639
2.217156
1.755679
1.713935
2.039772
1.673073
1.604818
2.115489
2.274809
1.666420
1.741437
1.546505
1.495711
1.238677
1.131020
1.172033
1.096896
0.842278
0.748771
2.586469
1.424785
2.066957
2.083170
2.224200
1.853312
1.150577
1.567651
1.750085
1.728042
1.880818
2.227283
2.184815
1.902966
1.648949
1.710065
1.745820
1.553685
1.914941
1.625575
0.955881
1.138937
1.194937
1.112583
1.070849
0.981539
2.254280
2.134219
1.671277
2.576421
2.418036
2.501749
2.144796
2.101700
1.714258
1.227624
1.612355
1.956770
0.883880
2.066957
1.072747
1.872492
1.948481
1.224198
2.314856
2.452937
1.128238
1.130693
1.399290
1.105345
2.590808
2.550826
1.949995
2.068666
2.185221
2.179166
1.699599
2.289543
1.261877
1.390214
1.983884
2.177145
1.528941
1.809315
1.851868
1.802980
1.757314
2.075649
1.925113
1.977025
2.061827
1.218355
1.691307
1.511748
1.625595
0.951547
1.132871
1.145363
0.577480
0.449661
0.856791
2.347932
2.665076
1.648543
1.502980
1.313706
1.961977
1.264504
2.261385
1.902966
2.023874
1.314467
1.314467
1.766036
1.456599
1.553685
1.611761
1.799014
1.032718
1.133558
1.320664
1.473097
1.636462
1.828886
1.674011
1.904110
1.113869
0.968072
1.251241
1.143045
0.752298
0.865632
1.281386
0.365515
1.022376
1.212859
1.508209
1.391830
2.668495
2.033465
2.114589
1.491591
1.039232
2.163335
1.851722
2.261900
2.419335
2.615996
2.182804
1.620692
1.538090
1.773840
1.203179
1.148665
1.175306
1.322408
1.892426
1.841731
2.107810
1.914145
2.127681
1.571836
1.463448
1.656113
1.416300
1.881334
0.877726
1.117183
1.271014
1.078644
2.294027
1.209566
2.911352
2.493063
1.903286
1.795709
1.315691
1.948198
2.615996
1.805124
2.133484
1.557690
1.808852
1.617325
1.857175
1.534162
1.847231
2.194667
1.633331
1.571665
1.771598
1.405293
1.479691
1.369470
1.349149
1.193831
1.031862
0.577480
0.664666
1.390613
0.404621
2.347932
2.714544
2.740940
2.044981
1.796677
1.286843
2.432917
2.261900
1.796297
2.324196
1.933944
1.811464
2.131650
1.995971
1.758161
1.039758
1.307851
1.290188
1.194937
1.476775
1.017661
0.763261
1.748858
2.385410
1.876847
2.592385
2.411710
1.329208
1.933303
1.734202
1.719528
2.217736
1.579719
1.518270
1.605161
1.274367
1.212350
1.426811
1.268935
1.268935
1.735133
2.040149
1.819941
1.752898
1.777335
1.651973
1.206106
1.753868
1.405474
1.132477
1.201644
1.122617
0.949077
1.065583
0.827739
0.882864
1.382367
0.981030
2.464747
2.464747
2.592385
2.665076
1.827702
1.620694
1.853321
1.649098
1.168445
2.567600
2.315475
1.960395
2.079158
1.959316
1.659579
1.669445
2.084122
1.439901
1.663014
1.521067
1.222309
1.356843
1.082314
1.453648
1.078430
1.233191
0.971212
1.365005
1.201686
1.224439
1.286475
1.108042
1.259556
1.271014
1.153682
0.567072
1.211724
2.567071
1.502980
1.240286
1.532453
1.649098
1.944273
1.531429
1.072747
1.895088
1.768401
1.075771
1.467974
1.467974
2.015045
1.561283
1.855468
1.572822
1.399076
1.456142
1.770814
1.656317
1.677670
1.166921
1.282521
1.323663
1.317483
0.951920
1.258371
1.207847
2.330536
1.649635
1.649635
2.741515
1.987559
1.987559
1.668471
1.253205
2.148196
1.729178
2.130970
2.315051
1.032647
1.401333
1.890868
1.605277
1.605277
1.166921
1.329704
1.363778
1.058427
1.128817
1.005885
1.439495
1.619932
1.298227
0.951920
1.612809
0.995963
1.017661
1.183697
1.069963
1.102220
1.125945
1.301838
1.395434
1.863505
1.383233
1.575437
1.796992
1.678075
1.775696
1.700051
1.652516
1.634370
1.650574
1.810112
1.637457
0.967348
1.303937
1.201699
1.247239
1.069963
1.156267
1.259889
1.678263
2.645700
2.493063
2.354744
1.891699
1.949794
1.911171
1.813659
2.235590
2.472053
1.251716
1.834169
1.038194
1.571474
1.819112
1.569687
2.295015
1.908785
1.773840
1.155762
1.874641
1.348009
1.285252
1.526745
1.377294
1.340759
1.447407
1.177390
1.129995
1.079255
1.112333
1.319100
0.898375
1.201699
1.330053
1.083318
0.840656
0.858999
1.162873
1.076504
1.078644
2.669292
2.536394
2.788577
1.453329
1.433378
2.047752
1.953223
1.199623
2.607044
1.796297
1.229105
1.664028
1.355797
1.816964
1.532419
1.848834
1.803404
1.201760
1.251714
1.113095
1.355970
0.998641
1.084440
1.097992
1.237836
1.873376
2.294027
2.692195
2.357990
1.509659
2.053614
1.315843
1.767994
0.728023
1.224831
1.271650
1.094792
1.348933
1.240292
1.239263
1.325134
1.765368
1.264069
1.042700
1.133294
0.948475
1.119297
0.759915
0.656616
1.227624
1.254542
1.971790
2.236682
1.852259
0.721596
1.686369
1.548272
1.936999
1.261268
1.275288
1.321371
1.231789
1.639023
1.272393
1.661647
1.551397
1.330852
1.431760
1.431760
1.303879
1.515731
1.160110
1.044135
1.094266
0.948475
0.907246
1.015786
1.091951
1.411834
2.517182
2.695090
2.449381
2.687733
2.526456
1.561442
1.382100
2.247156
2.138628
1.834880
1.546055
2.276707
1.361796
1.310007
1.380541
1.490406
1.569573
1.259942
0.935075
1.026313
0.855123
1.650574
1.504408
1.614912
1.109049
0.942400
1.024954
1.102009
1.065316
0.948475
1.203946
0.837456
1.047209
1.403055
1.822162
2.592961
2.174611
2.310049
1.598983
1.226638
1.738878
1.976019
1.546055
1.077516
1.253205
2.250227
1.504558
1.449237
0.968919
1.155762
1.321463
1.232467
1.167216
1.255438
1.192438
1.261654
1.214441
1.589773
1.335231
0.692903
1.066099
1.006366
1.115572
1.035859
1.594111
1.533944
1.883980
2.190892
1.875479
1.970054
1.265094
1.493592
1.723207
1.269976
1.349604
0.969042
1.313406
1.372917
1.037652
1.112780
1.159903
0.875733
1.403055
2.255259
1.167787
1.558151
1.462835
1.528237
1.229246
2.607044
2.354281
1.277948
1.270223
1.256418
1.225723
1.584227
1.420022
1.745344
1.584686
0.853440
0.992614
1.356351
1.573128
1.237571
0.853915
1.080249
1.076504
0.436473
2.537638
2.134987
2.727248
2.475975
2.323363
2.729570
1.167787
1.254542
1.260967
1.366534
2.178559
2.477156
2.223439
0.975299
1.421592
1.633514
1.323789
1.366991
1.218576
1.250037
1.144243
1.380825
1.494028
1.010953
0.887625
1.028977
1.230416
1.108353
1.614712
1.567755
1.643982
2.404713
1.868290
2.404095
1.682250
1.827102
1.244482
1.702814
1.493592
1.758351
2.237597
2.459471
1.464024
1.262498
1.384518
1.384518
1.414072
1.277853
1.232370
1.513918
0.933251
1.575613
1.340006
1.093301
0.899089
1.076504
1.997253
1.754843
1.481935
1.868290
2.142622
1.983731
0.728023
1.249432
1.380825
1.456575
1.263685
1.036188
1.223084
1.031862
1.029962
1.713868
2.541791
2.513165
2.470000
1.424847
1.668124
1.474609
1.681130
1.244494
2.028090
1.030752
1.293959
1.362545
2.147099
1.641484
1.271650
1.228558
1.515144
1.350478
1.250170
1.609654
1.485488
1.026518
1.141688
1.102970
1.021847
1.808550
0.476827
2.361465
2.689946
1.921666
1.167787
1.865027
1.244494
1.565971
1.611087
1.453432
1.627808
1.110375
1.342816
2.372574
1.234187
1.124236
1.241654
1.451885
1.293878
0.726063
1.232893
1.344554
1.355970
1.093175
1.173210
1.286675
0.907246
1.244576
1.508270
0.618467
2.435541
1.819593
1.408359
1.239720
1.171689
1.938532
1.287957
0.730350
1.439471
1.521187
1.050837
1.122706
1.080320
1.053554
1.080519
0.994232
1.403055
2.443222
1.621379
1.648871
1.613607
2.053282
2.009109
2.128018
1.173687
1.012970
1.234129
0.436258
1.416783
0.837812
1.315492
1.315492
0.982066
1.129640
1.043003
0.989442
1.697491
2.361439
2.547266
1.921666
2.106490
1.186589
1.322961
1.552063
1.055603
2.057333
1.255841
1.218128
1.218128
1.040236
1.102697
1.040236
1.053504
0.967125
1.254060
1.168147
1.235114
1.230532
1.296260
1.251920
1.114681
1.053421
1.697491
2.255259
1.365798
2.061837
2.361439
2.090113
1.969486
1.178746
1.178746
1.178746
0.965627
1.167787
2.004039
1.921162
1.020093
1.621944
1.365330
0.766571
0.769384
0.768269
1.314483
1.430916
2.101678
1.799467
1.606524
1.596434
1.729535
1.135556
1.777354
2.125382
1.322961
1.936251
1.313644
1.198249
1.378757
1.347949
1.164784
1.051816
1.426855
1.914490
2.299260
1.943785
2.223858
1.186589
1.306421
1.452640
1.244482
1.584606
1.892741
1.429051
1.275061
0.997702
1.006998
1.822639
1.863321
0.719755
1.631392
1.568825
1.078436
1.294196
1.475819
1.205163
1.400445
1.115282
1.832768
1.183515
1.179790
1.233371
0.967125
0.898758
0.793348
1.090982
0.965366
1.295019
1.104048
1.080687
1.128290
0.995663
1.894362
2.479057
0.841774
1.912485
2.086457
1.912485
2.006239
2.125382
2.111454
1.363326
1.454094
1.584606
1.761064
1.837877
1.176009
1.464024
0.901103
1.010953
0.988740
1.098954
1.759357
2.151321
2.286594
2.528084
1.186141
1.787858
1.441984
0.371857
0.528447
1.227866
0.956270
1.007551
1.046019
1.113060
0.992497
0.992497
1.006453
2.152177
0.953320
2.305645
1.336625
1.078436
1.194925
1.594377
1.891255
1.401103
1.392644
1.193930
0.675934
1.134934
1.283953
1.017158
0.978064
1.011000
1.010972
2.420089
2.207284
0.828707
1.658149
2.116615
1.371485
1.377296
0.494953
2.146738
1.892427
1.245341
1.231961
2.251651
2.240735
1.947437
1.430974
1.009537
0.961632
0.991166
0.956596
1.064434
1.800509
1.438508
1.658149
1.888938
2.237273
0.719755
1.378592
1.892427
1.709464
1.875807
1.451627
1.404328
1.240314
1.087051
1.830484
1.634552
1.172310
0.642940
1.161781
0.861382
1.399821
1.049447
1.166014
1.019691
2.115394
0.948791
2.207284
2.168870
1.181278
0.543976
0.564191
1.525061
1.186141
0.998239
1.213350
0.983505
0.594446
0.709464
1.448345
1.267146
1.081781
1.148145
1.420471
0.987399
1.057208
0.896118
0.854436
1.428965
2.248099
2.151321
1.796068
0.928161
1.206106
1.400217
1.890378
1.643124
1.661624
0.654455
1.313568
1.488908
1.351908
1.200639
1.265615
0.558092
0.622941
0.775599
0.840167
1.105880
1.215179
1.222390
1.061951
0.900276
1.253498
1.023675
1.027824
1.978980
2.078483
1.785441
1.907061
0.768383
1.268388
1.317574
1.135556
1.759062
1.837422
0.434488
1.141864
1.396167
1.168345
1.352232
1.845681
1.809154
2.231056
1.859136
1.373858
2.296700
1.854740
1.267239
1.369297
1.050483
1.184787
1.201871
1.072477
1.209622
0.639657
0.735556
0.948952
1.044919
1.262265
1.222390
1.173986
0.998182
0.948791
1.354870
1.686171
1.371485
1.046583
1.933745
2.034617
1.627754
1.454776
1.238720
1.409339
1.180403
1.554273
1.726300
0.612152
1.229810
0.954676
0.816513
1.045994
1.493291
1.160638
1.093800
0.952132
0.543976
1.234433
1.780478
2.133128
1.377427
1.324433
1.460632
1.729560
0.952449
1.096502
1.830484
1.059430
0.806719
0.888282
1.055084
0.865042
1.162663
1.341005
1.456808
1.533697
1.890760
1.388978
0.944332
1.264183
1.030109
0.997507
1.806928
0.708424
1.974873
1.983795
1.505330
2.147479
1.206106
1.755515
1.408214
1.748009
1.130895
1.270723
0.753060
0.926175
1.078299
1.442516
1.078306
1.040305
0.924823
0.840167
1.065900
1.800509
1.888938
1.024984
0.982971
1.669981
1.280413
1.475179
1.587579
0.925458
2.034207
2.044646
1.854740
1.138645
1.214437
1.031401
1.097683
0.880265
1.031299
1.044919
1.196424
1.328592
1.895602
1.653572
1.741193
1.519825
1.291408
1.754490
1.580680
1.116631
0.877014
1.552850
0.989742
1.421443
1.587579
0.605785
0.947892
0.773302
1.538065
1.687533
1.835904
0.978844
1.328857
1.834473
1.084768
0.532654
0.670118
1.097683
0.974829
1.032532
1.031299
1.720619
2.056578
1.063333
0.931554
0.961260
1.112801
2.177336
1.317395
0.512582
1.585565
1.543037
1.310089
1.117246
1.409339
1.118440
1.289390
1.442111
1.142320
1.071768
1.142320
0.926175
0.434488
1.158728
0.709530
0.910077
0.972901
1.720619
1.849235
1.977862
1.180913
1.681275
1.163424
1.552850
1.082967
1.028440
1.049207
1.152090
0.886267
0.765445
0.902416
1.098866
0.689212
1.644804
1.083883
0.992631
0.955848
1.794910
1.598839
1.792812
1.123783
1.871309
0.890245
1.032063
1.272145
0.782731
0.842570
1.163972
1.093800
1.277599
1.066588
1.159773
0.941167
0.568702
1.827993
0.783699
0.846248
1.068518
1.661045
1.585565
0.784575
1.165400
0.671756
2.027234
1.334950
1.159462
1.710234
1.225619
1.063763
1.008789
2.003930
1.012782
0.992631
1.480361
1.286444
0.592680
1.033510
0.960009
1.177696
1.107489
1.071221
1.107006
1.580680
1.774781
0.938842
0.938842
1.966338
1.171254
1.246749
1.296884
1.413108
1.454393
0.906758
0.933013
1.773786
1.693333
1.470273
1.277599
1.488708
0.895918
1.381977
0.929663
1.184463
1.856055
1.218994
1.355803
1.023182
0.927001
0.956305
0.996535
2.046186
2.090713
1.449810
0.663769
1.317395
1.027332
0.777230
0.592680
1.652636
1.469176
1.467717
0.956305
0.614232
0.747559
1.766473
1.688930
1.116404
1.568097
1.436946
1.305730
1.050156
1.050040
0.927001
1.077713
0.852858
1.153730
1.174824
1.933408
1.771978
1.219305
1.013443
0.777230
0.963900
1.332744
1.802871
1.412754
1.007725
1.099292
1.595936
1.470273
1.200780
1.470273
1.408779
1.802759
1.915779
1.859521
1.932242
1.320964
0.975657
1.129724
1.449810
1.246749
1.246749
1.403285
1.531934
1.382855
0.574863
1.437810
1.623471
0.863804
0.863804
1.025161
0.907440
0.969026
1.930193
0.940092
1.072467
1.085254
1.126921
1.085168
1.673418
1.422864
1.243485
1.684991
1.569953
0.979698
1.369100
1.122453
1.623471
1.636757
0.944542
1.198371
1.067981
1.168695
1.653528
1.158004
0.964963
1.085824
1.253773
2.013630
2.003930
1.320964
1.708993
1.008443
1.007696
1.921604
1.151825
1.165513
1.108275
1.305730
1.190526
1.223716
0.935067
1.078827
1.249731
1.132716
0.880223
1.130893
1.150114
1.464867
0.924755
1.098274
1.042944
1.113636
1.129178
1.390966
1.703796
1.168123
1.161271
1.307515
1.142519
1.661395
1.329860
1.686332
1.352897
1.358213
0.950296
0.996491
0.975455
1.088722
1.179419
1.307518
1.226343
1.484839
1.378375
1.358213
1.202832
1.585294
1.550947
0.688183
1.653446
1.146350
1.519876
1.166795
1.241866
1.500999
1.760049
0.975887
1.561343
0.908487
1.868661
1.053390
1.130856
0.986097
1.174237
1.185425
1.253601
1.240120
1.101332
1.750162
1.152014
1.202591
1.798398
1.732682
1.649320
1.727991
1.176510
1.150459
1.113373
1.082186
0.990249
1.249067
1.633756
0.826663
1.061839
0.956446
1.224518
1.088438
1.376021
1.369351
1.154647
1.797241
1.280124
1.150287
1.366881
1.520970
1.760049
0.933160
1.459729
1.357265
1.276432
1.150114
0.996089
1.760049
1.542749
1.073300
1.170319
1.054082
1.123336
0.880223
1.138155
1.436257
1.072929
1.156279
1.001713
1.021091
1.202832
1.260787
1.537020
1.513033
1.208386
0.907174
0.907174
0.916071
0.965971
1.022252
1.118686
0.932532
0.952369
1.013729
1.224166
0.987534
0.905995
1.046574
1.176758
1.118926
1.088372
1.101208
1.103995
1.799736
1.247457
1.292975
1.073300
0.921658
1.616563
1.710661
0.890617
1.236356
1.236356
1.455066
1.042730
0.976742
0.968148
0.930941
1.096063
1.412400
0.947045
1.232693
1.098335
1.008523
1.348228
1.346758
1.182405
1.184137
1.143901
1.226792
1.859168
1.548914
1.343796
0.926242
1.072028
0.900331
0.913635
1.595166
1.625938
1.283840
1.084661
1.062911
1.040431
0.897890
0.789759
1.685511
1.656282
1.180870
0.981669
1.040021
1.359421
1.359533
1.205184
0.973262
1.062148
1.096609
1.104933
0.950761
1.131585
1.340047
0.980393
1.523857
1.368812
1.069086
1.232693
1.169544
1.183439
1.126598
1.189950
1.463167
1.350709
1.339663
0.952124
0.912966
0.994574
1.027220
1.463167
1.218501
1.376747
0.783801
1.392565
1.003791
1.019845
0.990206
1.201216
0.993521
1.049454
1.035250
0.940210
1.002324
1.005287
1.006775
1.327722
1.592024
1.087071
1.093861
1.046569
0.918699
1.067848
1.080996
1.286606
0.862588
1.033393
0.993521
1.117096
1.049368
1.061361
0.836229
1.004648
1.098784
1.124890
1.153265
1.034168
0.974563
1.038727
1.113670
0.921700
0.992202
0.961764
1.314713
1.431044
1.047827
1.030605
1.026649
1.418211
1.435400
1.348183
0.946171
1.095860
0.932216
0.916785
0.744770
1.127529
0.925173
1.005324
0.914924
1.131089
1.043468
1.137038
1.003791
0.983344
1.003200
0.884282
1.112547
1.020111
1.561738
0.916730
1.127529
1.108555
0.980243
1.057272
0.948204
0.929810
1.166424
1.002917
1.097647
0.829682
1.235895
1.426919
1.039261
0.915187
0.974176
1.363908
0.862994
1.051158
1.055897
1.028880
1.111541
1.018994
0.901708
1.076439
0.926233
1.042866
1.363908
1.280253
1.287287
1.479275
1.014148
0.921467
1.034168
1.083925
0.930222
1.224289
1.126466
1.182842
1.404965
1.462086
1.404965
0.958194
1.002917
1.200981
1.120469
0.953486
0.932435
0.858295
1.166424
1.117959
1.031690
1.152732
1.009984
1.019720
0.873261
1.087149
1.106857
1.089840
1.153714
1.185235
1.117534
1.005052
1.223276
1.011305
1.156106
0.908172
0.955961
0.958771
1.061138
1.240722
0.938844
0.897966
1.020271
1.024354
0.877683
1.002618
1.022018
1.069306
1.053164
1.163067
1.163067
1.120120
1.268417
1.262613
0.928048
1.163922
1.174760
1.153561
0.960208
1.031572
0.990278
1.237666
1.315838
1.341946
0.858295
0.903022
0.945423
0.980488
0.925282
1.202255
0.911679
0.880260
1.234698
1.092404
1.001113
0.887474
0.990898
0.877977
1.044958
1.154725
1.253685
1.173729
1.163795
1.022029
0.948557
0.880644
0.876467
0.966963
0.913208
1.016975
0.999191
0.954003
0.937819
1.030749
1.090089
1.066200
1.095008
1.034996
0.933229
1.035106
0.886140
1.012018
1.170731
1.255804
1.177402
1.185462
1.136761
1.081709
1.115096
1.080145
1.178332
1.045023
0.877681
0.910244
1.151184
1.215171
1.072032
1.042858
0.926408
1.022344
0.955894
1.075548
1.017775
1.064833
1.129434
0.903027
1.019254
0.872397
0.863530
1.150486
1.046243
1.044588
0.960235
0.944696
1.026759
1.070133
0.995817
1.028160
1.030163
1.138564
1.018077
0.982994
1.102697
1.073931
1.037582
0.646081
1.236013
1.236013
1.236013
0.909876
