5549 1 3
2.022787
1.828543
2.066645
1.986500
2.146280
2.097350
2.092594
2.511524
2.223375
2.164117
2.451387
1.884491
2.010576
2.178469
1.945382
2.645828
2.520276
2.363011
2.208641
2.238205
2.260856
2.173087
2.246116
1.963381
1.953845
2.189354
1.854796
1.990751
2.547179
2.453454
2.277990
1.816592
1.835192
1.850090
1.847091
2.405274
2.338915
1.819545
2.210332
2.329747
2.492013
2.833373
2.193678
2.527422
1.860874
1.801471
2.617714
2.546091
2.803011
2.063679
1.892642
2.553630
2.618398
2.738804
2.444049
1.723951
1.956486
1.935128
1.826943
1.795224
1.780891
2.455437
2.592896
1.855309
2.631926
2.858625
2.787537
2.698028
2.585039
1.709546
1.851298
1.925464
1.780666
2.898262
2.349868
2.047469
2.868195
2.810190
2.592361
1.918572
2.030915
2.090390
2.494314
2.814718
2.720033
2.517384
2.356617
2.854130
3.043009
2.496890
2.754882
2.396222
2.525637
2.630692
1.961019
2.029245
1.994681
2.098744
2.077112
2.793125
2.681538
2.897215
2.723505
2.251332
2.293110
2.572902
2.483514
1.572739
1.682150
1.722136
1.676977
1.631586
1.956486
2.414299
2.489678
2.617634
3.010050
2.879746
2.813708
2.968365
2.713523
2.751953
2.228018
2.209542
2.352731
1.723001
1.934517
2.194997
2.398962
3.078381
3.063400
2.858625
3.064140
2.990713
2.351338
3.064591
2.834398
2.699671
2.304543
2.319107
3.090012
3.030100
1.904142
2.133030
2.097431
1.697117
2.263621
2.253384
2.220148
3.016469
3.069409
2.848788
2.813708
2.848520
2.913760
2.635628
2.213161
2.574673
1.710269
1.490325
1.452486
2.105796
1.699370
1.994681
2.949728
2.318879
2.268573
1.463751
1.972854
2.015978
2.182266
2.301280
2.538301
1.802125
3.261337
2.938421
3.093109
2.877230
3.090012
3.219110
2.987814
3.268878
3.075117
3.119030
2.772556
1.388149
1.445891
1.657095
2.633734
2.574275
2.056305
3.163575
3.235378
3.099465
3.436406
3.067878
3.143034
2.462720
2.697532
2.634590
2.848520
2.187085
2.389436
1.426898
1.994761
2.196903
3.086134
3.089442
3.311813
3.052625
3.184045
2.434922
3.059572
2.532444
2.599062
2.446644
3.024071
1.426317
1.504633
1.898600
1.596145
2.686891
1.942855
2.580952
3.003251
2.980164
3.152790
3.268878
3.000102
2.921973
2.823818
2.880434
1.447452
1.554251
1.857605
2.362959
2.526076
2.290756
2.171535
2.315979
2.417646
3.225840
2.334096
3.012300
2.477775
2.356617
2.937953
3.221308
3.367229
2.838757
2.335561
2.306247
2.525484
2.795675
2.171139
1.749199
2.905077
2.996643
2.576794
2.860087
2.423448
2.468704
3.308431
3.488040
3.206289
3.294835
3.349902
2.129868
2.133925
2.306322
2.391377
1.327074
1.370763
2.007869
2.056156
2.327839
2.555676
2.409660
2.916825
3.094964
2.675436
3.238915
3.184045
3.492597
3.075117
2.995070
2.534411
2.251201
1.394784
1.551795
1.867583
2.187236
2.825354
2.759340
2.372778
2.318558
3.380779
3.294835
2.677763
2.697532
2.993954
1.394472
2.615985
3.015511
2.949496
2.892342
3.052269
2.255584
2.980164
2.343822
3.488159
2.834275
3.103465
3.075664
1.733691
1.334610
2.086036
2.631541
2.437106
2.370040
2.519913
3.285268
3.293720
2.640316
2.719257
3.046173
3.201523
3.090177
3.407752
2.826611
2.888629
2.534411
2.844353
2.976924
2.350833
2.900191
2.409622
1.305429
1.379715
2.036891
2.140240
1.455105
2.746077
3.020657
3.223247
2.906448
2.903574
3.243448
3.004655
3.236329
2.995070
2.976243
3.456296
2.786821
2.951784
3.033104
2.889151
1.843078
1.292438
2.030452
1.368675
1.420820
2.145419
2.334672
2.615985
2.299700
2.509895
2.299700
2.655604
3.256612
3.004952
3.012543
3.223247
3.138439
3.285268
2.640316
2.329147
2.422894
2.992265
3.499142
2.288724
3.113247
2.521022
3.396448
3.488040
3.350272
3.094103
2.970088
3.065012
2.507602
2.556412
2.499939
1.387657
1.654584
2.598668
3.342018
3.266968
3.261337
2.975860
3.650766
3.436406
3.239641
3.165188
3.363116
3.139876
3.375406
3.540820
3.279381
3.363031
3.356123
3.605461
3.456296
3.456296
3.104296
3.127001
2.310734
1.835198
1.414943
2.687301
2.476266
2.736631
1.795356
1.636423
1.734742
2.789122
3.006588
2.278086
3.609392
3.004836
3.259186
3.363031
3.551070
2.408991
3.224918
3.458177
3.580186
2.317959
2.375764
1.371769
2.374288
2.285636
2.380088
2.652500
2.437467
1.895045
2.098639
2.661174
2.470490
3.537638
3.389839
3.618536
4.023108
3.540820
3.017533
3.143307
3.046294
3.144675
3.687739
3.332661
3.217688
2.550634
3.273407
3.333484
2.788625
2.597009
1.340550
2.159783
2.527040
2.846152
2.493024
2.924639
2.876144
3.309369
3.192214
3.205503
3.367229
3.525149
2.566930
2.655356
3.483732
2.530198
3.551668
2.714765
2.348733
2.398208
2.807253
2.508341
1.548646
1.659384
2.065388
1.897147
2.244452
2.558226
2.743311
3.058381
2.876609
2.750579
2.378299
3.719764
3.144675
3.391556
3.075725
2.107736
2.303546
2.715833
2.525031
2.408170
2.666822
2.769055
2.624795
2.509895
2.509895
3.060806
2.841307
3.599013
3.565215
3.131827
3.338800
2.362684
3.522736
2.923816
2.613431
3.731646
2.951784
3.488159
2.698308
2.552577
2.838573
1.306666
2.411402
2.469219
2.317320
2.892123
2.468375
2.291220
2.610264
2.726146
1.843485
3.441866
2.383247
2.791264
2.961658
3.599013
3.450022
3.161594
2.395530
3.593897
3.016879
3.401673
2.420562
3.019354
2.578768
2.907254
2.882296
2.408315
1.911091
1.970715
2.089874
2.105911
1.466447
2.892813
2.789122
2.855144
3.612832
2.915572
3.289059
3.482028
3.783022
4.141530
3.723595
2.435610
2.992390
3.599820
3.605461
3.551070
3.634047
3.686336
3.874095
3.208076
3.056263
1.317319
1.256946
1.699611
2.041268
2.247120
2.188093
2.146756
2.624795
2.929413
2.128979
2.008810
2.876144
2.979388
4.147223
3.420676
3.698324
3.448225
3.759600
3.718755
3.767001
3.755625
2.875783
2.756902
2.957381
2.556412
2.450088
2.550345
1.625320
1.700203
1.829864
1.261699
1.371443
2.254348
2.777056
2.805947
3.582789
4.230186
3.792754
2.987168
3.223291
3.338800
3.415660
2.905803
2.697618
3.875757
3.647091
3.684639
3.461499
3.256763
2.952137
2.814755
1.526638
1.878072
1.260476
1.953632
1.989392
2.148317
2.189571
2.000621
1.460014
2.230913
2.671835
2.466316
2.452065
3.604045
3.539427
3.604045
3.539427
3.938141
3.679058
3.097895
3.753342
3.818461
3.878412
4.022390
3.805671
3.744681
2.755574
3.153539
3.476022
3.153539
3.153539
3.949251
2.505502
2.685377
3.145290
1.974641
2.082846
2.372513
2.275575
2.237996
2.474278
2.723267
2.780246
2.917603
3.399241
3.156428
2.152830
3.851025
3.097615
2.841307
3.927565
3.618017
2.402180
3.473320
3.228233
3.697761
3.798099
3.502969
3.768812
3.818650
3.183172
3.016879
3.035833
3.203301
3.127875
3.461499
3.667376
4.091640
3.631688
3.755625
3.784477
3.401673
2.972886
1.691033
1.905563
1.971806
2.033758
2.575534
2.372513
2.887759
2.768031
2.807274
3.623335
3.136227
3.473320
3.865535
3.927915
3.203301
3.634047
3.144675
2.752411
4.044857
3.838100
3.070173
2.530841
1.315302
2.736631
3.489254
3.399241
2.629052
3.915911
3.797270
3.040355
3.986982
3.183172
3.322294
4.004673
3.584874
2.529401
2.380609
2.506044
1.369520
2.041268
1.894587
1.881582
1.501140
2.165822
2.509740
2.643242
2.518371
2.874267
3.018932
2.829279
3.041624
1.900825
3.103995
3.029744
4.023108
4.187496
3.548844
4.066248
3.309001
3.744681
3.731060
2.309305
2.630153
3.022604
2.734814
1.299850
1.314022
1.305526
2.007946
1.855028
1.962790
2.098970
3.030797
3.030797
2.855968
2.814185
3.232856
3.924491
3.715342
2.401815
4.088916
3.871346
3.840064
3.865156
3.480917
3.480917
4.349527
2.757809
3.806542
3.687217
2.972115
2.980068
2.380609
1.646508
1.437143
1.479486
2.275457
1.644933
3.038817
3.461192
2.733828
3.101219
3.229172
3.754482
4.188163
3.481852
3.515720
3.874333
3.087997
2.871214
4.084801
3.892234
2.572638
1.469263
1.389628
1.312670
2.274412
2.330431
2.966151
2.715833
2.731410
3.584281
3.113582
2.837952
2.322178
3.957319
3.818650
3.832824
2.393580
4.131011
4.022390
2.645283
2.603728
2.409513
2.674176
2.562858
2.674265
1.284843
1.999949
2.229133
1.506597
2.323226
1.596328
1.773621
3.568897
3.024091
2.499319
2.520023
4.181102
2.378847
2.374047
2.996381
3.884172
3.572692
3.030361
2.603011
2.603859
3.774555
3.991143
4.015248
3.201590
2.709278
3.919521
3.919521
2.551376
1.391318
1.976460
2.134789
1.553187
2.843928
2.472736
2.312748
3.017493
2.830962
3.568897
3.544018
3.145907
3.185076
3.319621
3.757797
4.440719
2.659518
2.626477
3.384178
3.539697
3.814254
3.637588
4.349527
3.047426
2.797724
2.814755
2.545785
2.344843
2.169694
2.308452
1.938798
1.525718
2.408558
2.313020
2.937905
3.156428
2.723870
2.805091
2.819530
3.140460
3.735098
2.996381
3.785965
3.181565
2.749695
3.481852
3.539697
4.170265
3.705314
4.009510
2.882894
3.992362
2.937495
3.058757
4.298912
2.520005
2.764408
1.527635
1.545782
3.218644
3.420249
3.463074
3.244916
2.366692
2.643589
2.240572
4.252283
3.374506
3.877372
3.668902
4.322721
4.479298
4.188163
4.253332
3.791496
3.548844
3.731060
2.427937
3.076525
2.925313
2.509972
2.545785
1.344227
2.087075
2.221547
2.366567
2.656992
2.680722
1.631077
3.166182
3.203284
2.945521
3.374506
3.097949
2.794525
3.659591
4.009510
4.083853
3.842819
3.288408
1.443323
1.840838
1.340663
1.522486
2.865376
3.124524
3.110234
3.268141
2.761979
2.869642
3.721505
3.741372
2.708727
2.961290
2.442143
2.460106
2.393101
3.877372
4.440719
4.189800
4.009821
4.061833
4.055615
3.535332
2.683010
4.084026
3.602465
3.460141
3.696182
3.742029
4.019826
4.216465
4.375624
4.143732
2.628798
2.914339
3.111330
2.897948
2.582702
3.147651
1.449763
2.439001
2.903289
2.340160
4.034455
4.423173
3.181565
3.430405
3.966145
3.774555
3.775002
4.589500
4.152715
3.499872
3.387701
4.260937
3.771574
4.148220
2.687645
2.211573
1.997393
2.050332
2.286647
2.647111
2.892813
3.478299
3.869824
3.623335
2.249227
4.077662
2.945364
2.859730
4.007317
3.243960
4.127846
3.935767
3.808790
4.186011
3.983089
4.195089
3.865156
3.384178
2.715052
3.672914
4.329515
3.925951
4.273007
4.482433
3.309452
4.260937
3.191962
2.284043
2.362194
2.511802
1.791302
2.499544
2.910003
1.833080
2.442568
3.232717
3.195010
3.831888
3.784890
4.079360
3.215706
3.659591
2.931206
3.099080
3.696182
3.312675
3.003896
2.095234
1.510122
2.616254
1.553187
3.117468
3.721505
3.721505
3.524988
2.542344
2.477828
3.522696
3.544018
4.204959
3.097949
3.512849
4.009510
4.768559
4.026536
3.001797
2.850020
2.897948
3.094407
2.325594
3.105354
1.481167
2.017271
1.400947
1.944033
1.905311
1.633272
1.519126
2.490363
2.326239
2.641198
2.856227
3.039046
2.951208
3.869824
2.342509
4.196944
4.323497
4.128726
3.920542
4.773447
3.862213
4.179174
3.784056
4.231022
4.409100
4.770992
3.783361
3.682027
3.933148
3.139368
3.208631
3.271881
3.384932
3.376509
3.097989
2.760441
2.536008
2.764704
1.506946
1.406748
1.859513
1.758805
2.414248
2.439001
2.912284
2.643242
2.804614
1.576545
3.156297
3.318841
2.688231
2.841372
3.163711
2.140468
4.323497
3.899490
3.791421
2.589908
3.299103
3.434101
3.817350
3.827832
4.127783
4.231022
4.319032
3.889148
3.889148
3.739257
3.507150
3.655241
3.271881
3.203372
4.012651
2.963111
2.677742
2.470310
3.231041
2.920500
2.306548
2.301162
1.630270
1.423024
1.380207
1.370721
2.069255
2.289704
1.622742
1.551485
2.478215
2.562787
2.772996
2.087157
2.081318
3.478299
2.961290
3.163711
2.624593
3.181626
4.125448
4.256873
4.011245
3.784890
4.435561
4.559185
3.672914
4.761331
3.682027
4.725288
4.019826
2.735036
3.650217
3.131924
3.635240
1.926827
1.431965
1.316289
1.980433
2.177458
1.734094
1.536052
1.736128
1.666018
1.633272
2.414248
1.943148
1.510122
2.628105
3.234215
1.844309
1.929705
1.631077
2.734078
1.963356
2.458013
2.002784
4.437073
4.333169
3.293692
3.302255
4.122461
4.094339
2.568953
2.729285
4.540349
2.555584
3.071606
3.324712
3.508880
1.447170
1.564327
1.568706
2.183634
1.429878
1.453836
1.898540
1.709182
1.661368
2.595016
2.630903
2.156249
2.336621
2.060898
3.160837
3.002192
3.048465
3.294781
2.985938
3.005819
2.854866
4.831184
4.836266
4.521270
4.186096
3.985268
3.905454
4.582818
4.501258
4.453376
4.562381
2.598318
3.655241
2.809931
2.005331
2.143216
2.478215
2.474839
1.876477
1.503547
2.450761
1.513680
1.971311
3.013329
3.281355
3.090715
3.090715
4.245667
3.868487
3.967291
3.450474
3.102416
2.993628
4.129264
3.857591
4.578712
2.976838
3.820592
2.566670
4.588621
4.491844
4.026536
4.715311
4.608559
4.705692
4.530769
3.508880
3.804763
3.369300
3.071606
2.295589
3.055996
1.499756
1.357911
1.618682
1.499113
1.564963
1.853016
1.661368
2.358943
1.709182
1.907067
2.140191
1.820166
3.894293
3.650180
3.816832
2.892977
4.335413
3.375000
4.491844
4.631698
2.989093
3.740614
3.448236
2.395631
1.580947
1.955105
1.902586
1.995343
2.126198
1.852508
2.299907
2.337409
2.484239
1.876477
3.321867
4.163181
4.030386
4.123692
2.548834
3.769183
3.762362
4.836266
2.686833
2.529117
3.179338
3.736303
3.736303
4.836234
3.998412
4.078197
3.998412
3.740614
3.311420
2.992791
2.353868
1.849623
2.418021
1.553717
1.853016
1.885524
1.758805
1.943148
1.846365
1.519325
2.029773
3.061262
3.000289
1.997504
3.376463
2.336621
3.042069
2.859008
3.387850
3.627586
3.868487
4.382803
4.363418
4.215374
4.219728
3.434101
4.719494
4.697621
4.770992
4.298760
2.527984
4.715311
2.992791
2.809931
2.174080
1.441561
1.941042
1.613852
1.964795
1.521333
1.382911
1.943148
2.715703
2.489835
3.190967
1.534439
2.322464
2.162494
2.278498
2.811846
2.738461
4.334314
4.029081
4.505445
2.977723
2.635661
3.683064
3.311420
3.683064
2.529053
2.360513
2.701702
2.527003
1.701147
2.200357
1.979816
3.220337
2.067036
2.029773
2.457893
1.630708
1.681157
2.639767
2.682718
3.042069
2.998573
3.666873
3.562079
4.161338
4.256873
2.876725
4.407012
4.435561
4.784721
4.645073
3.300133
3.626923
5.023447
4.955323
4.138213
3.970807
2.704395
3.125216
4.744691
3.162811
2.991924
3.385495
3.070429
2.527893
1.659273
1.751452
1.469901
1.508969
2.009657
2.240381
1.793712
1.470567
2.373113
2.148561
2.019175
1.885985
1.683083
2.440750
1.388177
2.210574
4.267025
3.828896
4.269569
3.914090
3.933656
2.875756
2.951515
4.216553
2.875445
3.499368
2.697017
4.271056
3.998412
3.126650
2.686837
2.458467
2.045731
1.469901
1.541263
2.110511
1.887770
1.479715
1.846905
1.754261
2.440750
1.482226
2.393874
2.653376
2.615186
2.859008
2.914704
2.914704
3.170960
3.660415
2.873980
4.049051
4.984358
4.950415
4.216553
3.127566
3.294781
3.077230
3.199480
5.283374
4.459421
3.280772
4.069039
2.993483
3.136332
3.033304
2.396320
2.076599
1.718288
2.170571
2.084642
1.989140
2.142043
2.398946
1.501439
3.186620
3.220337
2.258046
2.618834
4.030386
4.249049
2.390504
2.933931
2.899108
3.090248
4.693780
2.606410
4.974123
3.559169
4.080047
4.715385
4.267745
4.496994
4.715385
3.565323
3.709319
3.736303
2.684752
2.791459
3.129391
3.409959
2.926965
1.850718
1.658662
1.578072
2.297713
1.582826
1.805702
1.818336
2.530989
1.991466
2.322464
2.393874
1.756705
1.878808
3.847605
3.660415
3.899901
4.070365
3.779664
4.041105
2.618735
3.369527
5.092265
4.840469
4.620371
4.540329
5.040479
4.999025
4.182153
2.702074
4.046421
3.754588
3.726147
3.409959
2.849878
2.751709
2.562547
2.193407
1.505443
2.084207
1.514108
2.062205
2.077855
2.210468
1.872267
1.872267
1.904933
2.443744
2.831726
2.768922
3.370802
3.333158
4.407115
3.484545
4.038231
2.631980
4.310868
4.458564
3.254721
3.185849
2.696476
4.379783
4.335413
4.318832
4.038744
4.069272
4.291680
4.298760
2.791205
2.758688
3.073880
3.121397
2.975237
2.935500
2.802069
1.872496
1.456152
2.114100
2.353999
1.561427
2.321801
1.973971
2.517864
2.599247
2.927557
3.348289
4.263623
3.664614
4.041105
4.233836
4.950415
4.748493
4.389693
4.835336
3.186737
2.977308
4.281334
2.405424
2.174080
2.565444
2.599879
1.872496
2.065959
1.523359
2.358476
1.857949
1.988002
1.561427
2.184581
1.997152
2.373113
2.418021
2.595937
2.548941
2.223911
5.114389
4.786857
4.865120
2.742383
2.610737
2.801455
3.028190
4.534252
4.291680
4.715385
3.709319
3.445670
2.897973
3.238821
2.989059
2.825593
2.024166
1.544917
1.483689
2.087975
1.970233
2.056242
1.733797
2.146132
1.388294
2.313193
1.526277
1.593437
3.780846
3.721293
3.234740
4.334314
3.131970
3.333158
4.004592
4.162068
4.374963
3.433198
3.326662
4.628661
4.623711
4.083305
4.279917
4.066851
2.207290
2.005720
2.016980
1.882585
1.969945
2.047005
2.250880
2.240381
2.086640
2.017949
2.452595
2.599247
2.639177
3.043856
3.045959
3.043856
1.452722
1.528099
1.720949
3.004340
3.323179
3.606422
3.315158
2.964215
4.987108
5.106712
3.870418
4.090974
2.351729
2.499534
3.606207
3.730824
3.307759
4.314875
4.279917
2.849342
2.532611
2.387187
2.765054
1.546761
1.474188
1.468475
1.772141
1.935775
1.926066
2.175392
2.140215
1.711401
1.773902
2.076883
2.113990
2.217345
2.802844
2.628105
3.140902
2.817466
2.434500
4.369881
4.748493
2.702057
2.553644
2.587600
4.406205
3.790780
3.204559
4.142905
3.500391
3.180568
2.257146
2.781667
1.752729
1.747295
1.970381
2.112237
1.929780
1.923698
1.930491
2.499807
1.467864
2.069834
2.238842
2.473978
3.093552
3.508145
3.883481
2.777180
4.157920
5.095751
4.495292
4.894489
2.951589
2.863078
2.863078
3.389694
3.637171
4.694955
3.968616
4.498535
3.263545
3.296572
3.343066
4.104392
3.630303
4.168492
4.343636
3.066839
4.348835
4.088732
2.574327
2.081151
2.421484
2.405424
1.999790
1.608153
1.943112
2.190876
2.259249
2.149412
2.507840
2.040543
2.086640
2.417336
2.534449
2.484710
2.523624
1.410777
2.583957
3.141360
3.323179
3.226948
3.459475
3.189767
1.943649
3.061823
2.189106
3.375622
3.939997
2.713766
4.655175
4.354478
4.056923
2.791228
2.881282
3.452782
4.002059
3.447746
4.078853
3.771952
3.792797
3.129120
3.129120
1.960429
1.530596
2.038812
2.410595
2.358476
2.141266
1.467424
1.458558
1.372465
1.336646
2.585361
2.597771
2.828885
1.416205
3.185496
3.201810
5.125984
4.628079
2.876752
2.923904
3.741482
3.487428
3.420277
4.594102
4.656571
4.655175
4.212904
3.837574
4.212904
4.216645
4.168492
3.146864
3.075629
2.849342
4.086935
2.736468
3.416537
2.250485
2.089567
1.574272
1.530438
1.918977
1.851890
1.771372
1.764099
1.531668
1.630889
1.552668
2.592092
2.679630
2.802844
3.020653
2.680519
2.651169
1.553396
3.158222
1.628965
1.991058
1.847389
4.414853
3.375622
4.629768
4.949563
4.710786
3.149408
3.007590
2.703954
4.685956
5.203946
5.017467
3.135424
3.500391
3.730824
4.046887
4.101516
3.064481
2.727601
2.759169
1.556324
2.039696
2.231206
2.293644
1.852273
2.324129
1.452291
2.923750
2.956852
2.868954
3.317544
3.508145
4.122573
2.554514
2.275627
2.840272
4.930344
2.997570
3.192750
3.205422
5.162920
3.392609
4.383495
3.705516
4.328531
4.157927
4.452411
3.262799
4.402622
3.139466
3.290567
2.573982
1.947319
1.884708
2.047005
1.716131
1.863678
1.965671
2.631257
2.346002
2.800710
3.024564
2.925344
3.024564
3.193946
3.876276
3.814216
3.827054
2.644299
3.315502
2.737540
3.079467
4.959315
3.407973
3.604749
2.534076
2.395174
4.563492
2.528416
3.020788
3.082826
3.374001
3.452411
3.123515
3.720553
3.780774
1.466282
1.458227
1.794477
1.962273
2.554393
2.334427
1.681691
2.620253
2.581337
2.617516
3.020653
2.573064
2.707550
1.234957
4.185488
2.316625
3.209153
3.002201
3.493105
2.479796
4.824855
4.604321
2.859871
4.204628
4.218009
4.204628
2.881951
4.002290
2.239378
2.265619
2.281460
2.070742
2.334427
2.519857
2.174684
2.765103
2.400034
2.458339
2.255111
2.696714
2.576828
2.695543
1.382079
1.760813
1.514384
2.468984
4.710786
3.325690
2.851324
3.185286
2.530431
2.838828
4.293113
4.417383
4.402622
3.392846
2.916472
2.969307
2.563805
2.314644
1.919530
1.422461
1.884948
2.187535
2.396241
2.530594
2.591690
2.330851
2.352141
2.705914
2.615979
1.352551
2.856946
1.188915
2.985119
3.094388
3.725833
4.800894
3.272115
3.407973
4.340016
3.969040
3.711881
4.043331
3.848174
3.817045
4.483047
4.334859
4.295312
2.853910
3.688833
2.643654
2.532611
1.849883
1.927454
1.406240
1.470391
1.895802
2.339231
2.074706
1.740714
2.068381
1.770935
1.360576
1.124946
1.333169
2.942421
2.681656
1.416205
1.317372
3.317544
3.457793
4.377194
4.136193
2.110578
2.879086
4.685956
3.040234
3.089520
3.228960
4.604321
4.633777
4.707386
5.134710
3.478752
2.967081
3.943034
3.242581
3.406643
3.306384
2.402950
3.051788
2.176197
2.379851
1.926863
1.580130
1.889158
1.517795
1.937388
2.334973
1.945232
2.281460
2.530594
2.589435
2.690089
2.439793
2.518190
2.670590
1.440399
3.766709
3.936682
1.668968
3.644207
5.029772
2.650619
4.529613
4.556312
3.711881
4.830125
4.030182
4.514800
4.177350
2.669096
3.180376
3.133991
3.286723
2.489852
2.305493
1.486485
1.473714
1.730888
1.935450
2.196532
2.272541
2.012335
2.385564
2.576828
2.770744
3.206378
4.110169
2.879086
4.144343
5.012485
2.904971
5.029772
5.125984
3.094343
4.563492
5.134710
4.439328
4.641185
4.960367
4.463585
4.023413
3.478086
3.875135
3.680099
2.561344
3.687518
3.406643
2.303463
2.301819
1.861390
2.295526
2.058787
2.042395
1.972279
2.265619
2.030407
2.081362
2.610275
2.281533
2.866035
2.768263
2.915150
2.824126
3.193946
3.387041
1.664560
1.868170
2.005812
3.290725
3.092301
3.444998
3.248494
3.910528
4.375495
4.694955
4.694955
4.556312
4.707386
5.000938
4.959983
4.472678
4.678257
2.809896
4.158680
4.298150
2.950464
4.237380
3.546259
3.417804
2.816499
2.821078
2.769720
1.812162
2.450665
2.421522
2.254400
2.143823
2.690089
2.768263
2.659730
1.604811
1.570485
2.142998
1.381213
2.890243
3.582895
3.695784
4.655227
2.655928
3.169908
5.314352
5.239315
4.624165
4.961963
4.483047
2.692719
3.120059
1.629564
1.517442
2.006533
1.918363
2.653746
1.539555
2.264138
2.204992
2.890243
2.915150
2.972645
2.760583
2.757374
3.322233
3.112840
3.671567
3.915938
3.827167
3.085761
2.861284
3.695784
2.142572
2.343872
2.256925
4.556312
3.249152
5.041648
3.142725
4.732119
4.463585
4.566426
3.718412
3.677635
3.097482
3.237731
2.628610
2.937791
2.634402
2.375899
2.328518
2.233504
2.025743
1.423159
1.645825
1.722536
1.880048
2.167004
1.802941
1.861390
2.261575
1.429906
2.266420
2.503353
2.906824
3.074405
3.984185
2.886624
3.460330
3.927682
4.930891
2.904971
3.260121
3.038548
4.247602
2.657416
2.614707
2.922255
2.676867
2.184249
2.821078
2.066791
1.830950
1.545885
2.012330
1.860710
1.657013
1.957216
2.026955
2.293113
2.108476
2.032344
2.221266
2.588933
2.552865
2.765103
2.895777
2.503353
2.728851
2.934781
3.028100
3.555083
3.660099
3.596822
3.894917
2.716784
3.190503
2.966620
5.276544
5.208364
2.721851
3.086017
2.828054
3.441639
3.045080
2.937791
2.849708
2.936682
2.129082
1.978711
1.979084
1.846112
1.773657
1.730888
2.155465
1.940222
2.254400
1.998657
2.623729
3.103991
3.418850
3.922816
4.176276
4.876040
2.909143
4.938374
2.607155
2.678595
3.038548
3.207224
4.789145
4.415035
3.608711
3.867050
2.796823
2.328036
2.479739
2.387506
2.929599
2.829113
2.594852
2.929599
2.387389
1.753326
1.810830
2.021599
1.811900
1.910100
2.244625
2.393501
2.801835
2.801835
2.972645
2.757374
2.683865
2.972760
3.582895
3.703766
3.984185
3.290725
4.129349
4.370020
4.881265
3.576109
3.114717
3.121768
3.325690
3.266412
5.276544
3.099486
3.020602
2.654667
2.580750
2.440169
2.462980
1.922462
1.832476
1.953518
2.059683
1.274267
1.315272
1.812236
1.952947
1.947555
1.604811
2.124044
2.190287
2.891348
2.777020
2.616565
3.218926
3.255785
3.703766
2.920244
4.581540
4.427792
4.824766
4.873049
4.459090
2.598168
3.260121
5.041648
2.901769
4.578436
4.597732
4.584053
3.608711
3.216123
4.039328
2.083715
2.593374
2.216825
1.358288
1.412886
1.545885
1.569905
1.780359
1.818932
1.862818
2.022406
1.924213
2.167004
2.001131
1.846504
2.266348
1.804755
2.458123
2.962353
3.053033
3.144524
3.210339
3.333518
3.069895
2.469421
5.073056
5.219539
3.207224
4.960367
5.044954
4.566426
4.158680
4.073078
3.286677
3.216123
3.367745
2.556462
1.916551
2.074776
2.025204
1.657028
1.872209
2.025076
2.416522
2.059606
1.944172
1.991394
2.222744
2.351815
2.299173
2.545678
2.445362
2.996114
2.950948
2.950948
2.743265
3.548681
3.653623
2.869753
4.991646
3.117329
3.456750
3.017378
2.639454
2.565135
2.406322
3.711597
3.789293
3.606304
3.367745
3.597045
2.824265
2.485763
2.252785
1.323409
1.401323
1.297670
1.749871
1.732357
1.979583
3.479328
3.558881
3.074311
3.101830
3.275734
3.636807
3.688935
4.092504
4.785428
3.327679
2.836762
2.811975
3.284777
5.189466
5.271302
3.962164
5.286490
2.735456
3.389772
4.074286
4.356631
2.919766
3.106547
3.754857
2.382369
1.401323
1.474861
2.091798
1.972335
2.224068
1.762994
2.830076
2.754588
3.528912
3.566171
2.106681
4.670533
2.746762
2.919430
2.912555
2.694314
2.161154
2.543148
3.801494
3.273681
3.642549
3.962170
3.801494
3.389953
3.400166
5.276544
3.633554
3.933266
4.983174
5.120135
5.111080
3.852901
5.135011
4.398635
3.617263
3.787796
4.832460
3.475435
2.924805
2.323299
3.250573
3.174710
3.089384
2.959161
2.594852
2.413673
2.402036
1.459332
1.642534
1.595450
1.642534
1.965805
2.012772
1.962637
2.172572
2.206776
1.981205
1.937953
2.239116
2.283775
3.445338
3.548681
3.497941
4.683753
4.833250
4.819434
4.176276
2.086236
3.315428
3.090476
2.678011
3.243046
3.389953
3.681004
5.111080
5.013461
4.938314
3.633554
3.112458
3.789293
3.767903
4.165070
3.705215
4.276793
3.289934
3.289934
3.045080
2.749490
2.450675
2.565619
2.852895
2.492101
2.263444
2.270329
2.020005
1.733553
1.755920
1.796763
1.705250
1.827124
1.843437
2.190652
1.713586
2.433286
2.458123
2.470584
2.879958
3.390506
2.942203
4.781593
3.090476
5.030111
5.231154
5.189466
3.999161
2.564349
2.852632
3.265838
3.255953
4.716561
4.863007
2.532459
3.331368
3.567178
2.565619
2.893822
2.047899
1.953542
2.284302
1.889007
1.260745
1.362126
1.218462
1.741502
2.118492
2.190652
1.882301
2.306002
2.584383
2.545678
2.827088
2.683270
3.482431
3.281645
3.448219
3.655043
3.678049
2.886096
4.602315
4.352209
3.545298
3.074816
3.962164
3.511207
3.852901
4.278479
4.514857
3.137326
2.479739
2.441298
2.122956
1.551975
1.675292
2.118492
1.906762
2.059606
2.067842
2.470584
3.026041
2.990422
4.819434
4.491744
4.198559
3.533772
2.712779
3.733175
5.058503
5.206915
4.055528
5.128861
5.094120
3.702592
4.715844
2.723422
4.914134
3.705161
3.408647
3.129357
3.401702
2.786156
2.921188
3.115525
3.115525
3.180645
1.747949
1.322733
1.876433
1.876433
1.754606
1.706776
1.888517
2.012772
2.022406
2.286597
1.948616
2.623024
2.722539
3.657216
2.884567
2.558288
2.704177
2.906882
4.903038
4.513936
4.026680
5.269815
2.465595
2.291763
3.252029
5.045485
3.408647
3.999161
3.831130
3.153126
3.119364
2.402036
2.044842
1.681637
1.636570
1.636931
1.988654
2.022406
2.091583
1.735320
1.686630
1.874932
2.205311
2.353072
2.792593
2.717535
2.898384
2.764226
3.279986
3.192804
2.912912
2.758287
4.532477
4.339615
4.790234
4.551857
3.248873
3.910816
4.043373
4.330693
4.584771
2.732855
3.533260
3.307444
3.401702
3.153865
2.409790
2.851803
2.795725
2.193558
1.209450
1.476320
1.955190
1.872146
1.981555
1.715733
2.393952
2.891081
2.891348
2.298233
2.239116
3.284813
3.199525
3.329755
3.026041
2.940880
3.674128
3.477991
3.097330
4.352209
4.342887
4.608522
4.315343
2.328958
3.804349
2.584021
4.056636
3.606304
3.230584
2.217820
2.448542
2.288071
1.513316
1.785811
1.405043
2.286597
1.781207
1.933529
2.507288
2.477401
2.558065
2.366607
2.584871
3.288247
4.700570
4.746926
4.608522
4.819538
5.018667
2.870959
4.768569
4.633489
4.211880
3.705161
3.425453
3.523566
3.722474
3.141982
2.193558
2.795725
2.193558
2.402036
2.089054
2.275605
2.156844
1.868506
1.733553
1.874036
2.447732
2.547178
1.933349
3.278876
3.366655
3.254472
3.128915
3.718259
3.627214
4.177959
4.602315
2.717390
2.549918
2.529083
2.787631
2.581009
3.936274
4.741214
3.705215
3.206658
2.840331
2.212451
2.131124
2.613530
2.835242
2.744038
2.089054
1.999444
1.868506
1.761253
1.628657
1.628657
2.300526
2.547178
2.366607
2.327947
2.259952
3.361663
3.329755
2.719239
2.886624
2.889507
3.431567
3.469736
3.649377
3.441562
4.339615
2.039208
3.531029
3.078541
4.274812
3.198307
2.943890
3.250103
2.985157
3.372787
3.296449
2.663158
1.905660
1.761253
2.034292
1.950368
1.733360
1.416820
1.544354
1.389882
1.718477
1.593369
1.744695
2.393952
2.538657
1.928167
2.649989
1.968517
2.437387
2.584794
2.792593
2.705042
3.102864
2.757323
2.877773
2.754869
3.441562
2.947132
2.787420
4.271482
3.090476
2.659139
3.944105
4.150678
3.903277
4.032239
4.175007
3.680414
3.921776
3.544443
3.014930
3.461076
2.964844
2.823429
2.465364
2.047125
1.780118
1.686950
1.719405
1.745930
2.489264
2.722491
2.662291
3.122815
3.170461
3.097330
3.115082
2.283831
4.285587
4.514868
3.321784
5.058503
3.538501
4.903038
3.728019
3.258541
3.401702
3.017343
2.887663
2.758143
2.152874
2.152874
2.027303
1.673739
2.513750
1.915802
2.316232
2.454912
2.282239
3.063019
2.766618
2.653235
3.252378
3.425636
3.385113
2.804649
3.909275
4.151891
2.160531
3.376190
4.115067
3.960199
3.585073
4.113328
3.747530
3.544443
3.141982
3.461076
3.549217
3.274038
3.250103
2.012180
1.985220
1.911791
1.872518
1.708837
2.204675
2.362199
2.204675
2.597927
2.434228
1.968517
2.044899
2.129115
2.325110
2.383095
2.494011
3.122815
2.734841
3.334945
3.186774
2.889507
2.930084
2.906792
2.917058
3.234372
1.574577
3.262968
2.949146
1.757073
1.906941
2.924993
3.374238
3.714539
3.757954
2.337584
2.436647
2.782928
2.590076
3.206658
3.252774
3.307966
2.888514
2.653581
2.102404
2.018871
2.074884
1.175929
1.988654
2.442974
2.515100
2.368329
3.131008
3.329775
1.504867
1.871389
2.100043
2.508392
1.953132
4.653261
4.187897
3.299414
3.789642
3.564046
3.123438
3.585073
3.728019
2.659756
2.569519
2.330713
3.289951
2.887663
3.056511
3.049958
2.085940
2.046592
2.888514
1.821674
1.263676
1.530302
1.738642
1.863390
1.963186
2.158955
1.649039
2.082148
2.459269
2.246959
2.622964
3.223590
3.217546
3.226555
4.339615
1.952782
3.735488
2.641196
4.834769
3.551737
3.660810
2.410185
2.510980
3.312818
3.321312
3.395721
3.314139
3.289951
3.549217
2.230984
2.564578
2.552305
1.197742
1.090875
1.858329
2.183507
2.364595
2.305092
2.544190
3.067339
3.013077
3.186774
3.385113
3.682170
3.674128
2.100043
2.817870
2.406313
4.726494
2.265364
3.168499
3.251513
3.512228
3.571933
3.555704
3.539257
2.943890
3.102356
2.207175
1.813749
1.209450
2.442974
1.922241
1.706911
1.772500
2.584794
2.524503
2.147150
2.246655
2.765347
3.071025
3.707229
2.603712
1.947248
2.714481
2.735186
3.486097
3.602207
2.974386
3.285066
3.742506
3.587972
3.533981
3.728019
3.071819
3.282418
3.302268
2.094797
2.805515
2.889957
2.514643
1.982733
2.078399
2.473616
1.669300
1.158234
1.251665
1.863390
1.328494
2.012915
1.881663
2.140666
1.796027
2.053452
2.163487
2.687696
2.724640
3.157645
1.398109
3.051528
2.603712
4.047456
4.100635
2.273534
2.352605
4.047456
2.518275
3.440858
3.054292
3.527521
2.674013
2.758143
2.627255
2.564578
1.117545
1.241573
1.530302
1.832642
1.719159
1.832211
1.963186
1.750474
1.724645
1.549148
1.722027
1.928255
2.548209
2.419709
3.031140
2.994564
2.817477
1.520737
1.650387
1.707971
3.064562
2.468894
2.788542
3.600235
3.523359
3.415342
4.103246
4.193880
3.046077
3.292534
2.817870
4.653261
2.894182
3.303543
3.300381
3.692335
3.327168
3.302268
3.012647
3.094626
2.133042
2.177243
2.740004
1.874760
1.384068
1.604905
1.629751
1.582971
1.724476
1.832211
1.600194
1.968118
2.353780
2.262124
1.841837
2.177768
2.411195
2.469535
2.489187
2.176362
3.196958
3.249422
3.486115
3.600235
3.415342
2.788542
2.716011
2.234857
2.003788
2.603904
4.034005
3.389397
2.508700
3.467136
3.788621
3.327168
2.044649
2.101928
3.583156
3.549217
3.582527
2.605167
2.482423
1.795547
1.133028
1.711211
1.424105
2.276480
2.265899
3.189665
3.236464
3.434385
3.370030
2.931074
3.232390
3.762660
2.926633
2.926633
3.831946
2.494628
2.493783
3.688598
3.111016
2.211882
2.512316
2.894182
3.488995
3.415989
3.583156
3.043292
2.767952
2.568793
2.257862
2.473616
2.042556
1.837241
1.705480
1.039263
1.328345
1.813646
2.029686
1.854227
1.799721
1.872060
1.911588
2.077352
1.747432
2.353780
1.747830
1.777467
1.822829
2.248681
2.317392
2.377271
2.723090
2.797145
3.670659
2.949146
1.707971
3.051528
1.791034
2.647586
2.111709
2.521425
4.103246
2.820750
3.312182
3.582759
3.528059
2.671581
3.679434
3.384559
3.542228
3.521783
3.461785
3.559349
2.401655
2.096887
2.482423
2.974144
2.693550
3.160314
2.765975
2.862906
3.102605
3.157645
3.062223
3.006025
2.735970
1.650387
2.591243
2.722098
3.728637
1.900309
3.246463
2.508201
2.838076
2.974386
3.039109
3.064275
3.555704
3.008374
2.538943
2.491831
2.538943
1.981497
1.848330
1.783370
1.906381
1.734579
1.660444
1.913125
2.394676
2.451176
1.464594
3.045942
2.872015
2.766937
3.110603
3.327817
3.311817
2.217120
1.827121
2.294543
2.493429
2.015354
2.644594
4.407713
4.236516
3.175516
3.025189
2.486713
3.523696
2.580132
2.667541
2.708693
2.995027
2.137712
2.541273
2.433717
2.502906
2.444448
1.932299
1.857777
1.003547
1.102021
0.955032
0.964912
1.542191
1.566164
1.671100
1.732627
1.885567
2.319715
2.199142
2.996374
3.058994
2.734919
2.975500
4.072910
1.905317
1.838041
2.504489
2.928366
2.872581
3.177275
3.420033
3.302268
2.127198
2.222585
2.473616
2.240570
1.592800
1.591832
1.683038
1.806631
1.675843
1.732559
3.046351
2.679022
2.868998
2.833008
3.093225
2.765975
2.678362
3.363478
2.899198
1.691791
1.746893
2.015354
3.772964
1.825809
1.905317
3.082389
3.983155
2.919652
2.760029
2.410185
2.543233
2.576974
3.305975
2.976797
3.193319
3.196440
3.342305
2.715395
2.798938
2.541273
2.502906
2.382599
1.850870
1.912402
1.902447
1.737665
1.872060
1.759458
1.736053
2.037116
1.829374
1.768204
2.092984
2.954598
3.184500
3.549615
3.717958
2.988349
3.017505
2.714275
3.365111
3.922663
2.911999
3.831600
2.366036
3.948493
2.037199
2.497909
2.394092
2.701894
3.332495
3.406859
3.653285
2.521293
2.892292
2.911508
2.017632
1.197008
1.434281
1.505148
1.655428
1.703917
1.807926
1.798207
2.734919
2.868998
2.927715
2.761241
3.037630
3.154736
3.076081
3.054598
3.062223
2.910180
2.676313
3.230613
3.215352
3.478862
3.313355
2.317765
2.678246
2.253639
1.835961
2.155385
2.593460
3.146148
2.922523
2.870648
3.307031
3.543557
2.772703
2.653850
2.744563
3.571054
2.562017
1.914523
1.955948
1.887839
0.947324
1.003547
1.716002
1.802987
1.727404
1.795855
1.949586
2.933947
3.142418
3.267489
3.389092
2.834479
3.661562
3.903316
3.862661
2.680789
2.217404
3.836953
1.555682
2.678115
3.615212
2.678115
3.342691
3.604354
2.569225
2.291509
3.550301
2.436759
3.056184
3.385574
2.447554
2.674013
2.656801
2.552926
1.862373
1.899522
1.937274
1.120241
2.001314
1.817825
1.721884
1.713322
3.105786
3.549615
3.445792
3.069879
3.402277
2.864733
3.814575
3.732858
3.798156
2.958155
2.178359
2.719517
2.847170
3.095408
3.319110
3.485545
2.393333
2.333555
2.541705
1.943683
1.629657
1.876248
2.268716
2.487904
2.020407
2.085791
3.056571
2.919749
2.596317
3.053138
3.067921
3.115404
3.210943
3.238595
3.542377
3.364754
2.781001
3.427819
3.746415
3.445792
3.862661
3.627042
3.567318
3.903316
2.749569
2.827801
1.825809
2.364027
2.584748
1.702590
2.891040
2.624614
3.559020
2.677351
3.103744
3.039109
3.592170
2.886555
3.694410
3.492331
3.652217
2.385369
1.958041
2.191834
2.624270
2.676004
2.447637
2.541389
2.389728
2.297733
2.469986
1.077913
1.222318
1.374297
1.590496
1.322851
1.824628
2.000112
1.359959
1.419905
2.849026
2.926648
2.959145
3.389092
3.265069
2.583259
2.771918
3.812616
2.149052
3.095408
2.751615
3.473063
3.473063
2.178707
1.910869
2.333555
2.500447
2.251580
2.072728
2.245433
2.111599
1.548740
1.553921
1.383879
1.542191
1.463552
1.831334
1.651942
1.828764
1.803468
1.750769
2.709631
2.018621
1.303030
2.954598
2.904844
2.899934
2.950156
3.051356
3.141641
3.016655
3.784979
3.891847
3.014170
2.085500
2.077564
2.238178
2.465797
2.217782
2.400777
2.377553
2.864438
3.549421
3.653285
3.510429
3.584076
2.294273
2.210105
2.447147
2.318761
2.285362
1.914523
1.960621
1.278172
1.174648
1.331289
2.394676
2.317392
2.233219
2.841784
2.854254
2.440986
2.980523
2.996312
2.937220
3.511439
2.611476
2.991893
2.465797
2.429525
2.715099
2.060353
2.910573
3.050886
2.286753
1.922206
2.214575
2.491831
2.415697
1.238501
1.405799
1.391967
1.657963
1.578761
1.993250
2.099032
2.610801
1.359959
1.486772
2.177768
1.250080
2.926648
2.936704
2.835573
3.376968
3.583387
2.637131
2.863729
2.077564
3.144708
3.111016
2.598333
3.237425
2.947223
2.917156
2.711904
2.096394
2.007267
1.963745
2.268716
2.316185
2.617550
1.426312
2.542495
2.701097
2.687335
2.907475
2.791503
3.415123
3.363774
2.830654
2.495106
2.405806
3.373574
3.272314
3.205261
3.381906
3.569436
3.485556
3.431976
3.431976
2.263804
2.573598
2.579080
2.161321
2.222084
1.947592
2.051641
1.558299
1.874350
2.216480
2.297571
2.257174
1.564847
2.320412
1.595569
2.639063
2.169976
2.799209
3.025404
3.025404
2.907475
2.959145
3.190779
2.764662
3.546187
3.611169
3.742116
2.502207
2.540567
2.579782
2.654626
2.580671
2.320948
2.067237
2.375915
2.309683
1.974678
1.974924
1.015252
1.105900
1.015828
1.525844
1.985691
1.933052
1.667522
2.397912
2.446981
2.553253
1.901314
2.011523
1.933153
2.233219
2.275894
1.241454
2.378558
3.073948
3.265069
2.519735
2.643276
3.611169
3.382667
3.723580
3.862661
2.134349
2.571416
2.475848
3.553294
3.553294
2.621680
2.282321
2.522734
3.531595
3.367609
3.200684
2.716056
2.619008
2.441301
2.114568
1.171150
1.734597
1.997289
1.407113
2.296266
2.068394
2.732519
2.520152
2.520152
2.844006
3.154759
3.154759
2.649816
2.542447
2.924110
2.809930
1.939782
2.100544
2.428684
3.333689
2.544665
2.031080
2.031080
2.114568
1.984600
2.136551
0.940534
0.977878
1.048155
1.611906
1.611822
1.132755
1.407113
2.009876
1.708143
2.617550
2.480358
2.615879
2.644043
2.500467
2.365315
3.679763
2.376047
2.337473
2.229278
2.342533
2.052835
2.169223
2.134279
2.090644
2.010810
1.198159
1.290047
1.844875
2.166027
1.821674
1.848367
2.509516
2.615879
2.275170
2.176210
2.784154
2.777414
2.996312
3.119617
2.795964
2.021279
2.332243
2.448256
2.110620
2.270458
2.496875
1.859157
1.583181
2.450554
1.944644
2.000892
2.576248
3.059333
2.864438
3.342800
2.471705
3.461681
2.958780
1.733450
1.563155
1.861975
1.782448
1.820123
2.056607
2.040805
1.516574
2.316764
2.144905
1.848367
2.544824
2.551362
1.397296
1.634576
2.126191
2.707698
2.841784
2.781173
2.672164
2.926042
2.606499
2.688026
2.986366
2.848392
3.722502
2.297967
3.144708
3.085547
2.816101
3.057788
2.303455
2.457825
2.359952
2.299675
1.223127
1.343742
1.225550
1.744540
1.515928
2.270745
1.808087
1.997861
2.836829
2.854254
2.864374
2.734381
2.537941
2.865638
2.962808
2.581669
1.613452
1.819135
1.894469
3.555827
3.253312
3.524771
3.388869
3.182294
2.419498
1.798182
2.184600
1.863288
2.159255
2.551092
1.251005
1.150487
3.364754
3.254382
3.062387
1.921830
3.111547
1.527162
3.182325
2.622736
2.744056
3.241280
3.140877
3.367104
3.402359
2.347441
3.409300
2.292631
2.217729
1.325173
1.440782
1.440782
1.155487
1.666819
2.039182
2.478453
2.511517
2.159255
2.556641
2.588490
2.045171
2.323439
2.791658
2.874390
2.902648
2.702646
2.921882
2.605896
2.476944
2.991747
3.156981
3.409056
2.613185
2.007685
3.255327
3.174716
2.700758
2.262559
2.177138
1.068412
0.912579
0.970437
0.941539
1.198159
1.155841
1.629066
1.832482
2.350101
1.681978
1.736976
2.059498
2.159255
2.534887
1.292008
2.000450
2.653244
2.758177
2.819769
2.606724
2.995312
3.614852
2.448763
2.045864
2.220994
2.613185
2.389239
2.542447
1.893959
3.095678
2.689610
3.233078
3.342800
3.013899
3.118929
3.191102
3.221935
3.023874
3.139052
3.290346
2.520450
2.770298
0.805728
1.491722
1.547536
1.892839
2.186581
2.295619
2.395312
2.454345
2.552537
2.735512
2.855753
2.515204
2.515140
2.890110
2.412084
3.022193
0.922561
1.686628
1.556484
1.718475
2.456159
1.799637
1.464305
2.653244
2.670951
3.219771
3.211704
3.169567
2.507490
2.340812
2.297967
2.312799
3.007558
2.952744
2.898253
3.307018
2.370863
2.261798
2.377397
2.279939
0.866973
1.003959
1.442489
1.580272
1.434721
2.198212
1.961900
2.707698
0.892034
2.607041
2.482911
2.734927
2.824081
2.864740
2.804222
3.219771
3.254382
2.491657
3.615590
2.276701
2.106952
1.988590
3.407838
2.211137
2.429927
2.481358
2.719752
2.744018
2.228161
1.020955
1.235931
1.627119
1.740229
1.629554
1.693543
2.306565
2.563808
2.609447
2.702041
2.652248
2.811532
3.053605
3.056768
2.760482
3.219396
3.394573
3.425738
2.515140
1.966655
2.146533
1.984908
2.174745
2.210889
2.265998
2.265998
2.381563
2.936145
2.390603
1.403690
1.350822
1.473981
1.599294
1.981648
1.619106
2.707698
2.879398
2.631301
3.106348
3.053605
3.241166
2.624953
1.613452
2.647171
1.235931
1.190741
1.429607
1.835429
2.225404
2.610801
2.033829
2.243172
2.625391
2.540162
2.644329
3.209114
3.213975
3.490121
3.514421
3.574167
2.103880
2.286451
2.612020
2.380717
2.047619
2.905872
1.894469
2.859277
2.251566
3.102502
3.123997
2.602435
2.615549
2.326723
2.274765
2.419228
1.891647
2.602541
1.019694
2.787803
2.666318
2.888245
3.219771
2.548803
3.574167
2.144590
2.414313
2.312752
2.339553
2.291933
2.986470
2.182050
3.007001
3.156817
3.096589
2.855638
2.570209
0.839300
1.186797
1.357490
1.744540
2.056473
1.370780
1.464302
2.556641
1.982220
2.236539
0.924764
2.716844
3.025753
2.574775
2.340042
2.373254
2.156384
2.773402
0.900143
1.290733
1.474656
1.752883
1.929508
2.542295
2.172960
2.534226
2.435267
2.653244
2.496415
2.470091
2.662475
2.711457
2.966778
2.772247
2.992787
3.473109
3.486369
2.269707
1.249433
2.511236
0.867832
1.375267
1.375267
1.911821
2.222797
2.355316
1.726141
2.531092
2.668390
2.461087
2.888245
2.837551
2.503983
2.469594
2.053932
2.260016
1.927015
2.226862
2.743701
2.743701
3.034712
2.959292
3.034712
3.080808
3.152178
3.037201
3.001164
2.804012
3.158970
2.905677
1.306325
1.765592
1.235774
2.531092
2.670951
2.082754
2.320787
2.668390
2.657391
2.500805
3.130342
3.130342
3.130342
3.044493
3.219771
2.522661
3.300768
3.330210
3.347462
2.506517
1.456369
0.832693
0.962242
1.316866
1.750292
2.321173
2.248232
2.472284
2.411238
2.942465
3.007767
2.694840
3.034376
2.469594
1.951583
2.359857
2.422743
2.631674
2.070907
1.055625
0.930548
1.348834
2.401803
2.431580
2.708358
3.089829
2.503983
3.230428
3.142079
3.394573
2.428135
2.073113
1.883151
1.348424
2.288346
2.310941
2.325090
2.504867
0.936985
2.817240
2.831673
2.980766
2.366546
2.546852
3.466864
3.401584
2.338271
1.757264
2.388835
2.483612
2.565652
3.152178
1.690583
1.409693
2.178950
1.125697
1.797946
1.982728
1.683087
1.749794
1.988539
2.577195
2.469132
0.972147
2.752159
2.725723
2.752159
2.835159
3.034376
2.747452
2.377439
2.312082
2.428135
1.738943
1.765176
1.630833
2.174745
0.926307
1.740229
1.945933
1.442742
2.164935
2.656335
2.507337
2.554386
2.681860
1.963866
2.045557
1.163418
1.258708
2.084997
1.024027
1.749083
2.119789
2.422740
2.493597
2.493597
1.088589
2.342465
1.053287
2.617974
2.797076
2.980766
2.366599
3.238279
2.141958
2.198231
2.379141
2.822928
0.810643
1.152493
1.378705
1.773220
1.724078
1.806031
2.194559
2.393259
2.201153
1.023327
2.502005
2.400017
2.761945
2.913987
0.808687
2.869931
2.982342
3.376272
3.163576
1.888992
2.046787
2.003898
1.743673
2.259346
1.951735
1.820907
2.146134
1.824707
2.047805
1.983281
2.502005
2.362586
2.496120
0.924286
2.387228
2.982342
3.126193
3.136828
3.125166
2.537028
3.327914
2.186928
1.690886
1.825758
1.643827
1.284390
2.696620
1.160181
1.688034
2.294097
2.079142
2.063786
2.176162
1.009948
2.201153
2.422504
2.855087
0.924165
0.908740
2.023508
2.681860
2.021681
2.423726
0.951664
0.872445
0.893492
1.495286
1.646113
1.203600
1.837935
1.914912
1.763925
1.657902
1.000879
0.965128
1.913081
2.234035
2.656335
2.597084
3.160411
3.182775
2.308502
1.862534
1.684521
1.833401
1.328343
2.034725
2.625115
2.811830
2.301518
2.285114
0.818615
0.831132
0.948482
1.096866
1.218772
1.484812
1.442930
1.740224
1.733147
2.234262
1.756443
1.942714
2.229821
2.306096
2.164158
2.429178
0.944018
2.343735
2.349103
3.007767
2.427141
2.208186
1.180517
2.019797
2.217526
2.294537
1.603102
2.301380
2.431248
2.317579
2.495453
2.354375
2.839031
2.046549
2.687727
1.644736
2.807465
2.883172
2.766793
2.565469
2.040284
0.858629
0.868072
1.119772
1.263726
1.492060
1.442930
1.395220
1.529573
1.009948
2.703157
2.588583
2.761945
2.216790
2.619257
2.633040
3.094959
2.279619
2.731329
2.634076
3.096980
2.053242
1.936249
0.923091
1.227309
1.022438
1.032387
2.159901
2.075015
2.036695
1.952597
1.162313
0.924165
2.242729
2.490154
2.755073
2.331450
2.989789
3.123691
1.691325
2.125341
1.439937
1.690886
2.561033
1.461144
1.017490
1.103330
1.146695
1.933920
1.993338
1.941487
1.897323
2.109901
2.162044
1.168670
1.395365
1.126971
1.691097
2.049405
1.000990
2.760015
2.958724
3.115252
2.825292
3.182775
1.976993
1.640176
2.013183
2.628907
2.028670
1.458346
1.563419
2.556190
2.520085
2.248904
1.147047
1.019696
1.096866
1.226022
2.047805
2.362586
1.420904
1.168679
2.544373
2.144303
2.217599
2.533010
1.133825
2.534006
2.817151
2.046549
2.408482
2.713677
1.262182
1.229021
1.117205
1.201032
1.263726
1.321025
1.872020
2.077488
2.014384
2.189775
2.196908
2.314103
2.011350
2.295901
1.380777
1.149078
2.457572
1.300105
2.589575
2.533010
0.887974
1.157818
1.013530
2.396922
2.440266
2.596877
2.651224
2.611935
2.123423
2.185741
1.283233
1.356779
1.229021
1.167599
1.231347
1.201032
2.239722
2.257822
1.305764
1.155170
1.472399
1.695204
2.675811
2.322246
1.119873
2.043102
2.098301
2.570706
2.150324
2.634076
2.019855
2.189176
1.630854
1.549616
2.707891
1.549616
1.563419
1.181823
2.604921
0.977020
1.079312
1.173692
2.239722
2.189379
2.096126
1.957910
2.289631
1.879735
2.457572
2.028566
1.833846
1.582733
1.861672
2.027890
1.034589
1.312261
1.314062
0.943299
2.327891
1.354433
1.327364
1.216461
2.902914
2.943065
2.970289
3.080961
2.176481
2.033249
2.318595
1.995541
0.971972
1.019465
1.953612
1.952597
2.392487
1.457232
1.482486
1.140767
0.925463
2.438932
1.108302
3.093439
3.024804
1.813781
2.043102
2.843822
2.495798
0.931286
2.185914
2.100039
1.735166
2.221268
2.265646
1.473098
1.468155
2.667802
1.526930
1.327364
3.016057
2.913924
2.966977
2.109567
2.011026
2.003037
2.002925
2.262512
2.071660
2.295901
2.202187
1.971396
1.971396
2.441282
1.538599
3.113624
1.701661
1.666991
1.842567
2.759586
2.066670
2.088643
2.180771
2.201202
2.392487
2.255145
1.038648
2.984715
2.029914
2.124526
2.020289
2.094495
2.083309
1.899228
1.693872
1.165771
1.325277
2.695940
2.526861
2.904429
1.020057
2.322246
2.544352
2.675075
2.966977
2.185192
2.119317
2.182699
1.165771
0.993583
1.087894
2.245702
2.324528
2.162805
1.982353
1.947569
2.166383
2.093825
1.959626
1.693872
1.844389
1.912522
1.653434
1.495377
2.512243
2.391745
3.130450
1.464900
2.675075
2.045673
2.469136
1.923989
2.031935
1.883072
2.056350
2.000453
2.201202
1.984111
2.201202
2.055466
2.392839
2.544365
2.311721
2.720884
2.964396
3.038354
3.048901
2.904429
3.113624
3.113624
2.188805
2.227911
2.112577
2.811308
2.276289
2.106176
2.582161
2.582161
2.651548
1.943749
1.972292
2.031481
1.972924
1.927531
1.980916
2.008362
2.240218
1.904899
2.092494
2.163435
2.235354
2.854771
2.481311
2.357509
2.063172
2.106176
1.740783
2.572196
2.443804
2.014312
2.337734
1.890583
2.046502
1.941936
1.971799
1.462352
2.547220
2.667802
2.964396
1.819152
1.932347
1.848110
1.766442
2.180519
2.298052
2.181330
2.166383
1.961690
1.815299
2.063360
2.109850
1.737810
2.839500
2.753576
1.531428
2.298482
2.162427
2.345582
2.032970
1.911126
2.510013
2.289828
1.806532
1.937179
1.787455
2.021569
2.240053
2.946475
1.767640
2.366820
1.918194
1.802550
2.801705
1.964782
2.004468
2.252621
2.346966
2.071572
1.888299
1.881479
2.239127
2.142831
2.801705
2.554936
2.138712
2.119024
2.467648
1.687173
1.715087
1.786817
1.482169
1.494103
1.656192
1.963606
1.904663
2.119526
1.898262
1.829529
2.179664
1.835625
1.829475
1.950900
1.810016
1.851671
1.981614
1.921706
2.232312
1.306742
1.836627
2.280241
2.589138
2.131846
2.491098
2.656742
1.454842
1.418395
2.044457
1.977400
2.252668
1.748941
1.836550
1.966532
1.778347
1.742874
1.910167
2.045849
1.955249
1.599912
2.315135
1.993881
1.237482
1.936502
1.876460
1.963606
1.745195
1.836201
1.544342
2.048189
2.298482
1.966022
1.963606
1.584491
2.026988
1.925029
1.826988
1.944057
2.753576
1.560732
1.776658
1.976566
1.707904
1.673985
1.620645
2.554936
1.992321
1.770738
1.695975
1.868232
2.562245
2.562245
1.218449
1.936802
2.107343
1.589844
1.449310
1.392319
2.350908
1.487723
2.437833
1.782555
1.886570
2.078475
1.901085
1.817487
1.968763
1.899161
2.277551
1.263030
1.590750
2.026988
1.718707
2.004480
2.159570
1.239581
1.719704
1.719704
1.677240
1.754523
1.639303
1.720707
1.693431
1.799593
1.490669
1.315394
1.540663
1.902662
1.768806
2.325195
1.623843
2.041617
1.706531
1.718915
1.883091
2.145840
2.390426
2.009393
1.813476
1.840619
1.591973
1.352375
1.938722
2.146441
1.999620
1.515495
1.865599
1.676456
1.355207
2.325854
2.044607
1.908916
2.000533
1.841379
1.803449
1.552298
1.601631
1.835571
1.681329
1.656354
1.655713
1.764161
1.600492
1.844399
2.082335
1.404045
2.060927
1.939281
1.374135
1.540663
1.511965
1.470228
1.597121
1.726906
1.812857
2.014119
1.973137
1.788498
1.806473
1.850860
1.900449
1.812857
2.228672
1.889533
2.208400
1.998700
2.201096
2.273195
1.260116
1.421331
1.823761
1.914064
1.706089
1.514340
1.654871
1.570041
1.695029
1.692754
1.885336
1.747526
1.799418
1.738969
1.440924
1.594604
1.623840
1.649868
1.240995
1.194578
1.823761
2.089434
1.779918
1.444037
1.447667
1.523482
1.561716
1.736181
1.650885
1.450233
1.547520
1.840714
2.073025
1.277302
1.799966
1.534891
1.667968
1.931622
1.946922
1.883673
1.978171
1.829512
1.753531
1.878151
1.610998
1.888099
1.627130
1.497589
1.190908
2.062911
1.132650
1.485950
1.145183
1.845275
1.807049
2.043533
2.201096
1.766941
1.657132
1.416789
1.500343
1.585968
1.898878
1.137844
2.062911
1.756633
1.569303
1.506395
1.607623
1.178173
1.862748
2.071019
1.401099
1.333616
1.539113
2.063890
1.315325
1.288366
1.235129
1.700511
1.093701
1.722889
1.776842
1.340141
1.404523
1.606424
1.457582
1.628172
1.479034
1.303541
1.700511
1.695499
1.779276
1.784765
1.724066
1.338195
1.450233
1.519294
1.397520
1.497348
1.437562
1.530760
1.666883
1.845976
1.666883
1.162672
2.071019
1.866208
1.352420
1.392445
1.432192
1.109884
1.862748
1.828558
1.158073
1.757544
1.548652
1.395596
1.405198
1.405221
1.605615
1.346250
1.870260
1.441762
1.334814
1.203882
1.726290
1.156923
1.903940
1.173050
1.208183
1.411619
1.395485
1.884161
1.361389
1.271100
1.350986
1.362066
1.273505
1.344599
1.314325
1.626416
1.274026
1.720149
1.720149
1.890861
1.852373
1.741996
1.525991
1.723715
1.662879
1.605469
1.364427
1.356049
1.441518
1.569367
1.580049
1.766944
1.109884
1.103511
1.205092
1.232112
1.320297
1.709004
1.218262
1.266580
1.660408
1.545315
1.188902
1.286547
1.342752
1.300749
1.264834
1.690972
1.722106
1.717844
1.511256
1.288511
1.333284
1.487071
1.374836
1.434612
1.355610
1.290896
1.351204
1.262392
1.289046
1.424001
1.554420
1.509210
1.536331
1.267142
1.178490
1.181656
1.256307
1.418312
1.501414
1.566888
1.537695
1.574004
1.677162
1.511348
1.467404
1.515221
1.528737
1.327190
1.267855
1.244805
1.555982
1.712172
1.485407
1.492418
1.405570
1.402102
1.380317
1.398816
1.342531
1.453593
1.454336
1.243915
1.383113
1.217226
1.193437
1.526675
1.268202
1.333433
1.325043
1.266789
1.437221
1.454395
1.294022
1.331576
1.333727
1.317654
1.294587
1.311236
2.959292
1.179445
1.294253
1.008541
1.330368
1.330368
1.330368
1.208237
