5549 1 3
1.696157
1.384896
1.702334
1.589040
1.791977
1.781566
1.784408
2.237576
1.946304
1.975700
2.303287
1.500558
1.673462
1.918040
1.584042
2.311390
2.313802
2.222929
1.882622
1.972351
2.047445
1.888216
1.972719
1.642812
1.690256
1.910729
1.419364
1.655467
2.376023
2.288496
2.116246
1.613370
1.366960
1.401147
1.334256
2.304868
2.143651
1.561449
2.144113
2.042669
2.202255
2.754813
1.924592
2.316709
1.636071
1.551480
2.372686
2.233452
2.520692
1.771088
1.523661
2.352635
2.498775
2.524332
2.350713
1.504951
1.683934
1.588597
1.478849
1.401256
1.485637
2.176886
2.129364
1.448455
2.340405
2.663139
2.727268
2.522825
2.392721
1.412477
1.414263
1.532610
1.264212
2.603513
2.190917
1.762040
2.568787
2.703183
2.543514
1.620700
1.895476
2.067404
1.975935
2.228321
2.457657
2.272138
2.141934
2.749312
3.049585
2.376715
2.572916
2.235590
2.211560
2.473686
1.679763
1.794302
1.751590
2.061564
2.004476
2.343950
2.322939
2.495435
2.638916
2.015768
2.039775
2.266705
2.177590
1.530519
1.410511
1.434132
1.389678
1.390885
1.683934
2.518151
1.967386
2.034390
2.493660
2.542648
2.738330
2.968166
2.537446
2.601725
2.007348
2.017254
2.086525
1.618874
1.485829
2.068741
1.903522
2.676243
2.651952
2.663139
2.892757
2.692787
2.182909
3.017191
2.759345
2.634488
2.125596
2.174486
2.994756
2.995898
1.643297
1.816774
1.836842
1.572444
2.342619
2.124284
2.199742
2.616618
2.609637
2.569348
2.738330
2.852427
2.730122
2.405068
1.916363
2.329296
1.603888
1.448553
1.414640
2.024102
1.417818
1.751590
2.326595
2.128977
1.918722
1.302326
1.530855
1.680885
2.229163
2.430233
2.024167
1.384326
2.863044
2.430879
2.868637
2.631532
2.994756
3.152093
2.875351
3.185526
2.870226
2.854358
2.433658
1.306413
1.432256
1.553029
2.419104
2.020692
1.763352
2.763273
2.833787
2.667936
3.459410
2.812937
3.164450
2.375491
2.720517
2.694871
2.852427
1.965822
2.281452
1.343538
1.701198
2.289641
2.586618
2.940253
3.231201
3.032522
3.085722
2.378770
2.914862
2.568698
2.596150
2.438734
2.480566
1.270181
1.362377
1.504214
1.474891
2.113155
1.543487
2.605182
2.847882
2.993538
3.204244
3.185526
2.588116
2.727262
2.520575
2.572715
1.217491
1.238117
1.544232
2.158021
2.024993
2.029239
1.921929
2.186100
2.292167
3.300383
2.178015
2.904782
2.362908
2.141934
2.909826
3.272458
3.412196
2.957902
2.239719
1.996909
2.666816
2.357661
2.271776
1.566535
2.465730
2.633484
2.553137
2.394887
2.311991
2.404687
3.220497
3.379686
3.174773
3.226690
3.251768
1.866316
1.736834
1.987712
2.055113
1.225510
1.270874
1.745120
1.582551
1.819212
2.634687
1.986614
2.466015
2.738956
2.738698
3.260499
3.085722
3.344508
2.870226
2.731248
2.541224
1.847300
1.287311
1.308734
1.645534
1.792805
3.009092
2.906288
2.246757
2.142428
3.468108
3.226690
2.776080
2.720517
2.525970
1.289876
2.127261
2.586997
2.700518
2.643331
2.914068
2.141196
2.993538
2.149865
3.404001
2.910044
2.636079
2.639243
1.387145
1.269780
1.803453
2.043495
1.901123
1.926704
2.543738
3.056234
2.996407
2.689741
2.779382
2.993627
3.102940
2.997920
3.293072
2.440183
2.521212
2.541224
2.384729
2.650723
2.211156
2.640640
2.033254
1.255380
1.247483
1.513657
1.599426
1.495068
2.393852
2.767385
2.804659
2.528622
2.575149
3.275497
2.989166
3.375696
2.731248
3.043790
3.454699
2.654316
2.909790
2.530886
2.500105
1.495759
1.219952
1.826640
1.325786
1.392260
1.623960
1.894821
2.127261
2.478224
2.682182
2.478224
2.744683
2.898572
2.702439
2.651914
2.804659
2.913891
3.056234
2.689741
2.190612
2.257204
2.641900
3.634079
2.105729
3.227466
2.538015
3.209278
3.379686
3.395967
3.150112
2.476355
2.850653
2.259031
2.260797
2.184136
1.212459
1.623464
2.222737
2.995634
2.799379
2.863044
3.018659
3.480035
3.459410
3.227797
3.176649
3.523943
3.237940
3.546938
3.627713
3.288123
3.431665
3.341067
3.621173
3.454699
3.454699
2.577677
2.464077
1.940295
1.559236
1.525764
2.040085
1.889102
2.292087
1.760615
1.747161
1.659662
2.540730
2.670737
2.098774
3.702878
2.782212
3.352016
3.431665
3.454783
2.372640
3.284396
3.253481
3.354374
1.947304
2.050502
1.301105
1.856717
1.833664
1.884375
2.355366
2.562643
1.558195
1.779696
2.625251
2.437506
3.615949
3.519293
3.722216
3.973563
3.627713
2.961774
3.186569
2.908174
3.152833
3.633304
3.345361
3.265408
2.384880
3.251241
3.318166
2.314491
2.398643
1.299588
1.635938
1.945652
2.143555
2.209286
3.071676
2.587548
3.490170
3.295197
3.292841
3.412196
3.355329
2.201307
2.237970
3.550939
2.450484
3.595368
2.285335
1.921022
1.952377
2.589602
2.250334
1.390276
1.301504
1.796482
1.558932
1.782576
1.898435
2.323437
2.747848
2.485064
2.577078
2.253515
3.650313
3.152833
3.419153
2.404060
1.656525
1.745606
1.952365
1.922940
1.881543
1.958919
2.611243
2.637408
2.682182
2.682182
2.820639
2.840167
3.682890
3.567062
2.969438
3.186564
2.244838
3.323410
2.423181
2.200316
3.618563
2.909790
3.404001
2.467739
2.181802
2.560608
1.298711
1.867934
1.969025
1.847295
2.094427
2.176375
1.890010
2.709116
2.456458
1.735208
3.027147
2.148811
2.431293
2.586632
3.682890
3.571673
3.026197
2.226765
3.628771
2.665271
3.462143
2.056399
2.474846
2.318268
2.757858
2.768278
2.074549
1.664234
1.612662
1.729904
1.621736
1.454370
2.499590
2.540730
2.699233
3.198240
2.593035
3.234146
3.712845
3.816963
4.035861
3.859485
2.333098
2.540773
3.614698
3.621173
3.454783
3.382904
3.667360
3.748466
3.202985
2.348341
1.268572
1.218703
1.597362
1.800582
1.708671
1.719165
1.612951
2.637408
2.761761
1.832548
1.745386
2.587548
2.822545
4.086685
3.182637
3.447216
3.427763
3.511224
3.796973
3.840283
3.845331
2.306512
2.065895
2.772067
2.260797
2.088795
2.300925
1.589218
1.470869
1.585156
1.281715
1.327345
1.917704
2.547627
2.393899
3.399440
3.980075
3.818698
2.533458
3.066449
3.186564
3.012965
2.749364
2.267614
3.688910
3.550310
3.719133
3.529812
2.429017
2.255089
2.663767
1.500547
1.577458
1.302645
1.577177
1.667058
2.020179
1.733976
1.620774
1.604433
1.777913
1.953389
1.905180
2.224389
3.238783
3.231641
3.238783
3.231641
3.568120
3.877901
2.960814
3.732326
3.736678
3.804009
4.072704
3.802660
3.408318
2.581453
3.098298
3.455679
3.098298
3.098298
3.839040
2.450643
2.237920
2.388217
1.629152
1.861383
1.892256
1.812695
1.840090
1.914262
2.508742
2.643435
2.731714
3.116530
2.957450
1.858842
3.425503
2.886613
2.840167
3.658198
3.463152
2.266628
3.419777
3.073225
3.773737
3.816452
3.658953
3.938356
3.735338
2.722253
2.665271
2.620804
2.709261
2.794106
3.529812
3.145318
4.056031
3.596398
3.845331
3.744929
3.462143
2.566354
1.635253
1.680402
1.762482
1.693051
2.104067
1.892256
2.608406
2.415654
2.323050
3.206897
2.987314
3.419777
4.063133
3.740329
2.709261
3.382904
3.152833
2.513334
3.920949
3.725731
2.139448
2.305218
1.295022
2.292087
3.118129
3.116530
2.485903
3.538415
3.780798
2.663099
3.895220
2.722253
3.338679
4.144072
3.651043
2.072252
2.040238
2.207343
1.305622
1.800582
1.759911
1.694501
1.445851
1.720422
1.958586
2.088763
2.309166
2.697712
2.795221
2.634665
2.865052
1.707336
2.932795
2.718436
3.973563
3.961214
3.036949
4.127861
3.241028
3.408318
3.335201
1.955012
2.079129
2.994946
2.238356
1.298342
1.359764
1.329759
1.739742
1.627112
1.657475
1.674512
2.479915
2.479915
2.755591
2.514870
3.188443
3.329644
3.398476
2.019433
3.478606
4.059333
3.967898
3.997120
3.081419
3.081419
4.326622
2.274266
3.469599
3.504257
2.725242
2.263798
2.040238
1.717048
1.453504
1.645033
1.781303
1.756289
2.282548
3.156486
2.505170
2.652740
2.868902
3.689628
3.867121
2.934553
2.977286
3.905943
2.946096
2.619091
4.137653
4.019629
2.243541
1.458385
1.342897
1.390505
1.891359
1.954643
2.224550
1.952365
2.462872
3.116926
2.826970
2.513202
2.059067
3.610967
3.735338
3.829709
2.355465
4.156660
4.072704
2.145289
2.241971
2.092281
2.280848
2.292653
2.240446
1.309930
1.540467
1.710331
1.514337
1.894275
1.718440
1.729566
3.249656
2.569504
1.977873
2.140327
3.242177
1.984042
2.200886
2.685961
3.638283
3.602546
2.544286
2.178955
2.226900
3.768448
4.129143
3.720970
2.999249
2.305682
3.959649
3.959649
2.129013
1.334990
1.759591
1.685372
1.489389
2.085904
2.167392
2.015056
2.229689
2.708068
3.249656
3.428755
2.935298
3.038734
3.218153
3.496256
4.091681
2.437133
2.440617
2.924026
2.969266
3.835177
3.629251
4.326622
3.142630
2.717339
2.663767
2.262984
2.092375
1.868904
2.013876
1.660311
1.427930
1.862665
1.714541
2.790274
2.957450
2.265001
2.265239
2.545409
3.000550
3.765283
2.685961
3.767299
2.817065
2.366821
2.934553
2.969266
4.166974
3.729696
4.002639
2.726349
3.531831
2.646646
2.695280
4.205942
2.029369
2.163867
1.467760
1.457529
2.285398
3.130597
3.341051
2.775377
1.857717
2.187032
1.705366
3.382645
3.242245
3.716053
3.615919
4.135656
4.202158
3.867121
4.254628
3.769344
3.036949
3.335201
1.923362
2.290229
2.876913
2.211834
2.262984
1.403227
1.681667
1.732137
1.800161
2.212112
2.516345
1.575708
2.878667
3.088773
2.657788
3.242245
2.813097
2.520541
3.088204
4.002639
3.962622
3.922055
3.471444
1.352425
1.860940
1.386167
1.489475
2.292626
2.219495
2.263829
2.256636
2.424834
2.351819
3.158388
3.135171
2.318407
2.333807
1.964606
1.889714
1.819133
3.716053
4.091681
4.328769
3.679578
4.173584
4.062222
3.083358
2.313104
4.167028
3.017531
3.355762
3.092674
3.202709
3.325937
4.257052
3.937981
3.674253
1.935420
2.190039
2.242131
2.850132
2.340011
2.515741
1.445944
1.892138
2.421673
1.963446
3.125812
4.229545
2.817065
3.080347
3.827083
3.768448
3.750535
4.333914
4.037887
3.230974
3.238983
3.606633
3.088119
3.984343
2.209505
1.764888
1.652198
1.782195
1.768353
2.345623
2.499590
2.984114
3.134988
3.206897
1.831128
3.270737
2.618469
2.465055
3.417337
3.145072
3.485882
3.424960
3.325720
3.201305
3.002096
4.027937
3.997120
2.924026
2.422652
3.102536
4.192019
3.258983
4.328133
3.891718
3.139337
3.606633
3.363244
2.076246
2.140006
2.211663
1.812271
1.895281
2.812261
1.664509
1.982248
2.214302
2.770569
3.551086
3.685340
3.551559
3.016543
3.088204
2.439486
2.736684
3.092674
2.990982
3.142144
1.907791
1.426877
2.066825
1.489389
2.330971
3.158388
3.158388
3.412754
1.981064
2.165568
3.412082
3.428755
4.265801
2.813097
3.031387
4.002639
4.443740
3.380102
2.222080
2.152941
2.850132
2.297382
2.256931
2.383436
1.427240
1.652337
1.425892
1.788184
1.820273
1.435817
1.434823
2.154331
1.809669
2.497851
2.665694
2.818534
2.854087
3.134988
1.631670
3.016174
3.106979
3.630041
3.906402
4.150460
3.855736
4.047388
3.733241
4.096313
4.458232
4.162658
3.216678
3.513313
3.385254
2.187731
3.612678
3.545985
2.310308
2.325569
3.389215
2.701006
2.344313
2.159823
1.439926
1.412527
1.633903
1.550551
1.874157
1.892138
2.168771
2.088763
2.222003
1.562712
2.287021
2.322814
2.501816
2.283982
2.515221
1.680726
3.106979
2.780234
3.759592
2.323761
3.178273
3.174558
3.407902
3.356212
3.760200
4.096313
4.013873
3.316437
3.316437
3.202724
4.059066
4.217399
3.545985
3.596979
4.093318
3.117092
2.630279
2.281722
2.380542
2.238005
2.266403
2.130550
1.587868
1.312436
1.288570
1.359642
1.636836
1.737343
1.541115
1.396204
2.001684
2.149010
2.592560
1.767929
1.617023
2.984114
2.333807
2.515221
2.163128
3.011919
2.911460
2.813918
3.605886
3.685340
3.896405
3.895726
3.102536
4.422805
3.513313
4.191926
3.325937
2.326903
4.293983
2.363117
4.001672
2.011533
1.354457
1.386404
1.772586
1.751637
1.637222
1.371652
1.526963
1.443423
1.435817
1.874157
1.695243
1.426877
2.187580
2.189694
1.505229
1.671160
1.575708
2.367792
1.595161
1.950931
1.486006
2.920607
3.054078
3.212678
3.177428
3.516193
3.251798
2.239136
2.442199
4.473553
1.989110
3.319945
3.641902
4.102668
1.338370
1.453218
1.518988
1.858858
1.436895
1.471448
1.673739
1.522381
1.484653
2.394224
2.289840
1.697248
1.871498
1.657105
3.015271
2.866558
2.940297
3.118588
2.664299
2.368859
2.531756
4.397597
4.346737
3.983817
4.291283
4.138938
3.783802
4.381329
4.318981
3.818565
3.841060
2.188003
4.217399
2.879831
1.732696
1.861731
2.001684
1.940716
1.600330
1.312798
1.925742
1.326953
1.645882
2.985482
3.072884
2.936236
2.936236
3.012445
3.474955
3.432139
3.339405
2.961897
2.868068
3.120482
3.392068
4.139049
2.613152
3.452489
2.135846
4.220383
3.693498
3.380102
3.886637
4.218755
4.292137
4.103903
4.102668
4.263790
3.811893
3.319945
2.030872
2.531039
1.402640
1.317592
1.514961
1.416958
1.372169
1.652908
1.484653
1.755462
1.522381
1.505867
1.553248
1.378645
3.390553
3.348075
3.663664
2.385144
3.784775
3.271609
3.693498
4.022660
2.792162
4.008390
3.657157
2.275511
1.393469
2.051574
1.915004
2.032495
1.705538
1.731417
1.766022
1.802458
1.956770
1.600330
2.177842
2.965681
3.451764
3.291568
1.944106
2.864917
3.398870
4.346737
2.213651
2.065889
2.733909
3.978210
3.978210
4.037519
3.813140
3.857575
3.813140
4.008390
3.440893
3.145814
2.352277
1.891931
1.855065
1.554950
1.652908
1.748115
1.550551
1.695243
1.621357
1.340220
1.492121
2.313397
2.178881
1.620781
2.868765
1.871498
2.170883
1.848877
3.237751
3.373543
3.474955
4.235809
4.332680
4.192070
3.579770
3.174558
3.875700
4.296827
4.162658
3.573060
1.900967
3.886637
3.145814
2.879831
2.171576
1.383986
1.799179
1.660992
1.839539
1.574462
1.238900
1.695243
2.210009
1.911923
2.270182
1.223801
1.525512
1.480289
1.542224
2.432515
2.489910
3.271356
4.021501
3.618190
2.721625
2.458055
3.727486
3.440893
3.727486
2.447565
2.253137
2.426320
2.219391
1.571035
1.843863
1.525259
2.266008
1.507623
1.492121
1.938398
1.267457
1.269980
1.753050
1.731187
2.170883
2.630075
3.517225
3.447544
2.714545
2.813918
2.616562
3.552288
3.896405
4.095202
4.357887
2.666461
3.426947
4.205601
4.223258
3.639472
3.387005
2.084506
2.770925
4.051653
2.486103
2.360199
3.713495
3.205913
2.669853
1.539497
1.722459
1.310028
1.383334
1.971775
1.944060
1.797345
1.460936
1.885591
1.898248
1.881869
1.815990
1.730450
1.914331
1.193392
1.603931
3.540022
3.561068
3.058349
3.617855
3.729800
2.644864
2.526541
3.431159
2.714564
3.216531
2.358384
4.188218
3.813140
2.235570
2.716284
2.386284
1.999196
1.310028
1.407577
1.772697
1.926537
1.360627
1.848049
1.613926
1.914331
1.243906
1.635901
2.203822
2.214517
1.848877
2.616278
2.616278
3.027563
3.401188
2.763381
3.804416
4.070130
4.191456
3.431159
2.967909
3.118588
2.666425
2.564242
4.075765
4.108521
2.704065
3.995529
2.091967
2.291793
3.205333
2.394662
2.217925
1.769605
2.028753
1.886173
1.820843
1.711850
1.827542
1.134618
2.377394
2.266008
1.579334
2.187239
3.451764
3.171910
1.620943
2.429148
2.342375
2.926489
3.673951
2.302865
4.016905
3.314210
3.899942
3.917591
4.181017
4.372703
3.917591
3.684096
4.035161
3.978210
1.998334
2.603218
2.479628
3.583649
3.003653
1.912702
1.531806
1.419860
1.780705
1.611604
1.839375
1.871855
1.858832
1.848271
1.525512
1.635901
1.250074
1.292663
3.482748
3.401188
3.368940
3.495662
3.605350
3.880747
2.064763
3.263365
4.042659
3.803987
3.918971
3.954987
4.320860
4.276965
4.356949
2.625421
3.511493
3.502725
3.889615
3.583649
3.018938
3.034379
2.577688
2.261115
1.319463
2.017143
1.364878
1.853312
1.765582
1.964090
1.887531
1.887531
1.805141
1.917785
2.341740
2.369285
3.255923
3.160934
3.077906
3.331248
2.842634
2.412779
3.993143
3.878844
2.652525
2.601612
2.540777
3.732802
3.784775
4.002380
3.522395
3.428421
3.684717
3.573060
2.101506
2.069354
2.818656
2.311436
3.260451
3.208778
2.400727
1.954073
1.306991
1.914794
2.094660
1.448533
1.824066
1.816112
2.099905
2.331339
2.392977
3.381903
3.112252
3.425673
3.880747
3.710306
4.191456
3.690466
3.940371
3.980673
2.864394
2.794553
3.463491
2.479401
2.171576
2.441805
2.318646
1.954073
1.892480
1.535070
1.864918
1.655611
1.925074
1.448533
1.834444
1.827441
1.885591
1.855065
2.170954
2.022858
1.555180
3.250840
4.205601
4.033813
2.600701
2.378193
2.582515
2.364180
3.757774
3.684717
3.917591
4.035161
2.633257
2.768780
3.491455
2.338955
2.440350
2.104339
1.330869
1.266699
2.035166
2.069615
1.881397
1.505907
1.973865
1.166590
1.695995
1.160758
1.125633
3.375927
3.392981
3.073293
3.271356
3.017710
3.160934
3.679891
3.861637
4.153013
2.911423
3.190621
3.879132
3.812117
3.953586
3.333905
3.242374
2.333913
2.210526
2.141752
1.766671
1.994906
2.083753
2.048675
1.944060
1.865349
1.873208
1.816268
2.331339
2.324987
2.502790
2.312968
2.502790
1.106804
1.046409
1.153918
2.734911
3.422177
3.454039
3.176311
2.760086
4.065187
3.831753
3.544716
3.862909
1.698480
1.992736
3.313004
3.946999
3.334460
3.537323
3.333905
2.913575
2.768429
2.587248
2.108629
1.380611
1.299435
1.245716
1.867419
1.682258
1.726778
2.150854
2.232774
1.395412
1.508124
1.965057
1.784973
1.727042
2.555040
2.187580
2.990870
2.746441
1.733894
3.628298
3.690466
2.541362
2.336088
2.208631
3.673303
3.461471
2.849319
4.470753
3.680885
3.232321
2.238056
2.466130
1.848736
1.852633
1.940248
2.096274
1.819109
1.880919
1.797377
2.041273
1.320253
1.795839
1.769612
1.957428
3.165053
3.510359
3.195436
2.676393
3.814489
3.523967
4.007775
3.521487
2.368175
2.353579
2.353579
2.720110
3.432459
3.480679
3.659535
3.873509
2.601153
2.502499
2.629189
4.517575
4.240746
4.635300
4.569016
3.146619
3.781615
3.436845
2.526179
2.190159
2.415246
2.479401
2.164774
1.668368
1.706712
2.078960
2.243505
2.060927
1.764363
1.855919
1.865349
1.882501
1.713055
1.802063
1.785293
1.023674
2.202236
3.176575
3.422177
3.153272
3.375657
3.043748
1.316250
2.937984
1.498029
3.281000
3.659366
2.516968
3.843936
3.780835
4.184521
2.130581
2.252004
3.924948
4.562055
3.990125
3.874066
3.620916
3.431781
3.463957
3.463957
1.883807
1.259896
1.874989
1.981335
1.864918
1.991621
1.190735
1.020981
1.065746
1.035434
2.183042
2.283394
2.493142
0.965172
3.140118
3.119041
3.228687
3.496830
2.767970
2.823141
3.530264
3.307722
3.344029
3.775771
3.808674
3.843936
3.768035
3.545051
3.768035
4.498974
4.635300
3.526147
2.355493
2.913575
3.429966
2.757068
3.737036
2.430409
2.166884
1.572546
1.567535
1.767675
1.541515
1.542289
1.544196
1.310299
1.230147
1.196294
1.948619
2.416734
2.555040
2.882817
2.378021
2.193714
1.037974
3.248438
1.089222
1.310200
1.269211
2.685906
3.281000
3.895210
3.642668
3.620130
2.658960
2.836874
2.432816
3.460591
3.958790
3.645775
2.765322
3.680885
3.946999
4.050351
3.714140
2.173286
2.426389
2.356727
1.310286
2.096977
2.321781
2.217505
1.695979
1.951842
1.024975
2.481680
2.758386
2.652129
3.569515
3.510359
2.738637
2.009382
1.577870
2.738207
3.475985
2.896000
3.037315
3.080861
3.885539
3.306904
3.774576
3.501926
4.075781
4.288950
4.224288
2.524783
3.466042
3.313125
3.632487
2.676198
1.692387
1.661720
2.083753
1.349226
1.572729
1.866290
1.830872
1.768050
2.711137
2.726877
2.625991
2.726877
3.349204
3.363138
3.547412
3.544175
2.415844
2.714776
2.184923
2.496116
3.741315
3.227184
3.428985
1.899402
1.777362
4.152966
1.898759
2.393560
3.112815
3.573196
3.831651
2.438788
4.013622
3.848926
1.326155
1.288166
1.973316
1.703146
1.963660
2.222475
1.182088
1.751557
1.861562
1.761499
2.882817
2.109426
2.386179
0.928512
2.428938
1.537328
2.597047
2.379289
3.263697
1.917464
3.611237
3.750357
2.231864
3.266710
3.467005
3.266710
3.125569
4.156420
2.339876
2.041835
1.953213
1.882364
2.222475
2.040683
1.916643
1.826441
2.087839
2.054169
1.654953
2.641495
2.322337
2.601236
0.958402
1.108465
1.020519
1.828849
3.620130
2.822985
2.599566
2.951976
2.091920
2.555167
4.241483
4.391646
3.466042
3.951262
3.379613
3.444339
2.414647
2.357579
2.077552
1.469863
1.782314
2.246853
2.427224
2.138343
1.767157
2.045200
2.016949
1.718849
1.693324
0.941343
2.714940
0.930815
2.730647
2.948392
3.448087
3.451989
3.055086
3.227184
4.360610
4.197185
3.875998
4.399652
4.356767
4.248814
3.671453
3.443067
4.187581
2.907972
4.198313
3.046396
2.768429
2.002240
2.098599
1.366092
1.341160
1.900863
2.428582
2.083631
1.390859
1.843280
1.210880
0.901314
0.851587
0.955031
2.845341
2.322692
0.965172
0.957199
3.569515
3.502791
2.672004
2.497875
1.380379
2.850769
3.460591
2.818747
2.430856
2.390769
3.750357
3.694402
4.221064
4.128745
3.586250
2.390714
4.421612
3.586686
3.942339
3.833002
2.552797
3.464377
2.386930
2.170855
2.190716
1.451928
1.769322
1.299308
1.617884
2.190125
1.898697
1.953213
2.138343
2.072915
1.831341
1.954976
1.919100
1.861852
1.032046
3.163169
3.055931
1.055002
3.525300
2.899163
2.419110
3.396291
3.529257
3.875998
3.932394
4.494628
3.741867
4.390327
2.092822
3.796313
3.744353
3.918747
2.855415
2.231367
1.550380
1.475119
1.945117
2.016606
2.181230
2.367323
1.892157
2.020855
2.322337
2.554741
3.146903
3.578708
2.850769
3.602386
3.274002
2.765766
2.899163
3.228687
2.539858
4.152966
4.128745
3.604449
3.765542
4.184493
4.261058
3.602735
4.100444
4.398983
4.182786
2.675284
3.778634
3.942339
2.620206
2.559235
1.703047
2.226694
1.770179
2.154434
2.045001
2.041835
1.915463
2.036060
2.016466
2.013613
1.787782
1.587370
2.937742
2.494596
3.349204
3.573770
1.160729
1.239505
1.265664
3.248304
3.045675
3.447702
3.208097
3.502148
3.467431
3.480679
3.480679
3.529257
4.221064
4.181228
3.970399
3.869979
4.291675
2.304688
4.121512
3.678064
2.993162
4.249767
4.213574
4.048431
3.273164
3.277871
3.099901
1.664772
2.280773
2.375740
2.175272
2.006025
1.831341
1.587370
2.079321
1.045760
0.990570
1.659503
0.946613
2.862056
3.412354
3.462677
3.483733
2.314329
2.459969
3.877527
3.781785
4.341351
3.886122
3.671453
2.199469
2.437423
1.792731
1.496699
2.093388
1.649775
1.907981
1.017287
1.780962
1.752267
2.862056
2.937742
2.772739
2.468834
2.611230
3.512303
3.288000
3.446476
2.571203
2.768648
2.957073
2.686510
3.462677
1.378219
1.650139
1.633262
3.529257
2.988108
3.849542
3.061581
3.907304
4.261058
4.086213
4.357625
3.928568
3.593312
3.748241
3.046858
3.372310
3.040123
2.628983
2.638029
2.606525
2.305474
1.502191
1.787485
1.924529
1.972951
2.261967
1.439221
1.703047
2.138662
0.983097
1.997286
2.169973
2.672805
2.985593
2.247781
2.789293
3.464280
3.534318
2.767530
2.765766
2.687695
2.728670
4.228175
2.149347
2.673488
3.380456
3.010365
2.371694
3.277871
2.356504
1.917323
1.590347
1.917634
1.701841
1.461297
1.983492
2.122125
2.403342
2.079470
2.162752
1.877339
1.998518
2.076612
1.826441
1.585122
2.169973
2.324347
2.721017
3.021638
2.822623
2.932582
2.335054
3.534703
2.550575
2.632110
2.372016
3.778800
3.831993
2.101296
2.441622
2.903045
3.720014
3.470325
3.372310
2.327131
3.468104
2.348353
2.136832
2.195803
1.988065
2.063646
1.945117
2.176891
1.731812
2.175272
2.248646
2.014968
3.091735
3.392916
3.491823
3.526560
2.617884
2.892543
3.315623
2.279513
2.360357
2.728670
2.853254
3.767895
4.111005
4.209197
3.968765
2.945867
2.522881
2.677424
2.554744
3.484531
3.404385
3.191069
3.484531
2.779524
1.837301
2.076037
1.966647
1.365445
1.389453
1.994200
2.039275
1.901205
1.901205
2.772739
2.611230
2.341472
3.001462
3.412354
2.036357
2.247781
3.248304
3.457510
3.467206
3.148092
3.418177
2.927641
2.550373
2.822985
2.697778
3.778800
2.587081
2.393725
2.912413
2.227547
2.952453
3.000439
2.093385
1.898651
2.176096
2.323969
1.392010
1.320732
1.728127
1.935053
2.152167
1.045760
1.635942
1.742821
1.869844
2.394295
2.339536
3.320946
3.405969
2.036357
2.624511
3.291345
3.608551
2.611026
2.914837
3.513369
2.254579
2.687695
3.849542
2.260473
3.838234
3.921889
4.016476
4.209197
3.736103
4.125079
2.311937
3.135911
2.345248
1.451588
1.491944
1.590347
1.573244
2.075945
1.886483
2.006748
2.498008
2.139036
2.261967
1.991507
1.949098
2.253189
1.189392
2.104937
1.681464
2.730345
3.294130
3.360925
2.749394
2.527183
1.836201
3.619138
3.800332
2.853254
4.184493
3.764131
4.086213
4.121512
4.151239
3.410787
3.736103
3.816874
3.095000
2.130928
2.262415
2.368824
1.701684
1.474969
1.957861
2.404538
2.156035
1.434510
1.881909
1.923644
2.086339
1.975157
2.168834
2.032214
2.699705
2.652815
2.652815
2.528371
2.036558
3.108255
2.794704
2.872343
3.142374
2.953724
2.461026
2.314067
2.104977
1.844546
3.808032
3.609466
3.962671
3.816874
3.792048
3.147403
2.749829
2.401270
1.417128
1.523716
1.342669
1.730235
1.961057
1.827711
2.973247
3.450285
2.981730
3.081022
3.334968
3.503429
3.624973
3.518873
3.129776
3.017948
2.526925
2.458880
2.764309
3.498690
3.214002
3.469489
3.622181
2.078096
3.459295
4.139951
4.071964
2.917249
2.998085
3.929874
2.888772
1.523716
1.638161
2.055497
2.050980
2.273216
1.133464
2.509464
2.518413
2.170502
3.317657
1.341296
3.540802
2.517913
2.741515
2.756277
2.419038
1.470687
2.001249
3.399888
2.811653
3.134198
3.472148
3.399888
2.919642
3.047750
3.778800
3.244133
3.442401
3.606679
3.836837
3.497727
3.295332
3.884014
4.183168
3.687444
3.180159
4.138517
3.395546
3.042001
1.855588
3.683651
3.597922
3.561570
3.473031
3.191069
2.062324
2.894692
1.558827
1.868431
1.755297
1.868431
1.844043
1.896332
2.242233
2.626872
2.330273
1.379317
1.194480
1.804654
1.973087
2.383834
2.036558
1.936107
3.019141
2.921164
2.783634
3.526560
1.395825
3.172632
2.818987
2.324182
2.845086
2.919642
3.397882
3.497727
3.744429
3.658627
3.244133
2.633766
3.609466
3.402766
3.920291
3.708286
4.168797
3.799672
3.799672
3.470325
3.081816
2.026351
2.917036
3.477552
3.121342
2.029571
2.498264
2.259785
1.757769
1.830553
1.919933
1.961988
1.968591
1.665270
2.439572
1.907024
2.291252
2.104937
2.155479
2.546948
2.197251
2.854744
3.189379
2.818987
3.157654
3.399350
3.498690
3.392289
1.954262
2.212975
3.099704
2.983500
4.020847
4.086325
2.047039
3.031126
3.146252
2.917036
3.267593
2.198502
2.088650
2.693591
2.034668
1.351563
1.523798
1.270273
2.040442
2.080935
2.439572
1.804418
2.237388
2.226112
2.168834
2.489241
2.289690
2.539294
3.502377
3.578099
2.334811
2.406828
2.618921
3.429919
3.584011
3.126061
2.638633
3.469489
3.233748
3.295332
3.985964
3.655812
3.156265
2.677424
2.664495
2.441586
1.736173
1.895532
2.080935
1.848253
2.156035
1.948568
2.155479
3.176090
2.877475
2.783634
3.215567
3.612463
3.288510
2.418367
3.323447
3.225569
3.565877
3.491947
3.687269
3.439096
3.098255
3.506276
2.108438
3.674239
3.146235
3.095690
3.188112
3.646574
2.871360
3.368783
3.731262
3.731262
3.764950
1.647754
1.429654
2.255581
2.255581
1.959947
1.615547
2.181409
1.896332
2.498008
2.287950
1.674672
2.184876
2.164953
2.919910
2.503812
2.261609
2.442061
2.659908
3.092676
3.046834
3.558385
3.437084
1.866554
1.812774
2.876472
3.714709
3.095690
3.392289
3.305453
3.811994
3.544962
2.894692
2.178006
1.719062
1.910936
1.931634
1.948312
2.498008
2.094077
1.766629
1.691166
1.686269
2.215253
2.054083
2.054865
2.120103
2.738721
2.455617
3.423090
3.470439
2.761006
2.526518
3.383687
3.582755
3.151949
3.391516
3.084382
3.550994
3.842464
3.847597
3.955925
2.264604
3.036722
3.322940
3.646574
3.244414
1.912673
3.098026
3.172565
2.301482
1.326484
1.646590
1.825575
1.722027
1.932623
1.653172
2.320363
1.881028
1.869844
2.094860
1.804654
2.242094
2.222319
2.142037
3.176090
2.863016
2.429869
2.393035
3.091075
3.584011
3.505237
3.215219
3.177801
1.925688
3.321481
2.056258
3.626921
3.962671
3.863683
1.775203
2.988614
2.257411
1.743140
1.620538
1.609387
2.287950
1.909922
1.265191
2.584563
2.465106
2.432720
2.142775
2.304119
3.307658
3.027496
2.908726
3.215219
3.279895
3.521126
2.578078
3.755955
3.413864
3.305847
3.146235
3.084403
3.262818
3.249835
3.373188
2.301482
3.172565
2.301482
2.894692
2.349487
2.072886
1.863870
1.996144
1.757769
1.942127
2.587371
2.557343
1.847546
2.308157
2.140855
3.358729
3.094186
3.550832
3.575073
3.645071
3.429919
2.473312
2.237326
1.992533
2.388339
2.241655
3.251426
3.423821
3.708286
3.090035
2.928889
1.733495
2.156022
3.032845
3.341178
3.199117
2.349487
2.190783
1.996144
1.777036
1.560708
1.560708
2.227351
2.557343
2.142775
2.111110
2.036703
2.609673
2.142037
2.521390
2.869344
2.906655
3.408880
3.172920
2.575635
3.519503
3.582755
1.419087
3.114241
2.672802
3.221529
2.968104
2.842359
3.507587
3.313833
4.012655
3.103212
2.957692
1.987116
1.777036
1.820983
2.148904
1.796277
1.615476
1.774076
1.580542
1.735533
1.804085
1.854516
2.320363
2.583183
1.497079
2.595730
1.352476
2.218846
2.361254
2.054865
2.472433
3.308110
2.370548
2.623004
2.386844
3.519503
2.848541
2.568941
2.885375
2.818987
2.382616
3.134863
3.163634
3.032713
3.262201
3.425362
3.126194
3.337957
3.024455
3.022979
3.841260
3.230627
3.253937
2.517547
1.757776
1.841690
1.687000
1.978931
1.683785
2.482698
2.139013
2.293187
2.650689
2.385185
3.091075
3.092798
1.761077
2.782106
3.002404
2.905732
3.225569
3.108567
3.092676
3.213261
2.953249
3.646574
3.174645
3.149868
2.927284
1.980651
1.980651
2.074227
1.688361
2.471287
1.674172
2.070006
2.338207
2.066736
2.629968
2.465141
2.570361
2.401001
2.784044
3.360328
2.697574
3.679891
3.681494
1.672415
2.784164
3.044741
3.412506
3.104749
3.507741
3.198073
3.024455
3.373188
3.841260
3.708405
3.898404
3.507587
1.963124
1.683919
2.031060
1.975910
1.681309
2.153076
2.245757
2.153076
2.491534
2.614808
1.352476
1.477444
2.037016
2.375821
2.355676
2.295235
2.650689
2.316673
2.061379
3.416347
2.906655
2.867733
2.775101
2.814132
3.176390
0.935782
3.205352
2.796730
1.024109
1.208252
2.665571
2.912931
2.988384
3.236405
1.813113
1.971927
2.199888
2.156056
3.090035
3.072532
3.291540
2.917355
2.765329
2.240748
1.921344
2.246369
1.228428
1.948312
2.520893
2.548889
2.477840
2.508154
2.956118
0.817473
1.187684
1.422335
1.582133
1.281076
2.891566
2.715750
2.620286
2.860421
3.102894
2.943289
3.104749
3.213261
2.027387
2.000973
1.991233
3.680965
3.149868
3.078783
3.247883
1.710354
1.682542
2.917355
1.701855
1.378806
1.756073
1.976086
1.934846
2.259293
2.170568
1.554575
1.833893
2.560465
1.985163
2.219188
2.294022
2.593834
2.732228
3.582755
1.570477
2.622041
2.317991
3.415852
3.023364
3.172010
2.043214
1.890053
3.017101
2.842683
2.943527
3.350402
3.680965
3.708405
1.901339
3.032070
2.916937
1.333769
1.186816
2.124730
1.989099
2.273511
2.133335
2.327854
2.765034
3.243864
3.416347
3.360328
2.801593
2.429869
1.422335
2.455857
1.996343
3.077039
1.888257
2.984598
2.855945
3.001312
3.531102
3.535232
3.745946
2.842359
2.876076
2.185233
1.712182
1.326484
2.520893
1.565716
1.543398
1.650505
2.361254
2.623913
1.857071
2.047382
2.668443
3.380144
2.772470
1.741403
1.394633
2.425402
2.391227
3.096534
3.116209
2.555177
2.800119
3.078958
3.006860
3.150581
3.213261
2.654476
3.658919
3.379819
1.751610
2.848609
3.019924
2.784039
1.843614
1.951088
2.867539
1.660055
1.298290
1.372103
1.934846
1.520032
2.053433
2.146064
2.354296
1.774923
1.770953
1.766333
2.384174
2.392014
2.712738
0.688191
2.987013
1.741403
3.530602
3.630665
1.685240
1.804297
3.530602
2.124927
3.145098
2.578591
3.660925
2.593108
2.927284
2.585733
3.032070
1.204771
1.404817
1.756073
2.267341
1.616239
2.224753
2.259293
1.617699
1.587455
1.869443
1.892421
1.479531
2.379357
2.239138
2.769280
2.607679
2.889635
0.931746
1.116409
1.073780
3.029225
1.724284
1.816911
3.520523
3.416060
3.342066
3.228002
3.330212
2.530588
2.897912
2.455857
2.891566
2.477618
2.851997
3.002102
3.309161
3.210085
3.379819
2.771397
3.235411
1.833722
1.749892
2.986856
1.660707
1.590700
1.916653
1.941778
1.975600
1.980690
2.224753
2.000316
2.528769
2.634080
2.627415
1.758144
2.199114
2.543390
2.645313
2.516136
2.093899
3.035078
3.348800
2.788545
3.520523
3.342066
1.816911
1.931660
1.800125
1.485828
2.249862
2.795490
3.119691
2.160922
2.994251
3.244038
3.210085
1.730897
1.751532
3.431594
3.708405
3.549449
2.786699
2.829417
1.703842
1.274776
2.101655
1.795186
2.433341
2.269160
3.313177
2.778898
3.186598
2.706162
2.791769
3.095287
3.426313
1.992195
1.992195
3.629903
2.150754
2.160884
2.672612
2.400053
1.892175
2.195229
2.477618
2.979622
3.282734
3.431594
3.036955
2.808255
2.570460
2.107495
2.867539
1.817000
1.727652
1.658745
1.122473
1.570948
2.308309
2.541317
1.626908
1.651450
2.443744
2.439561
2.642277
1.640390
2.634080
1.685775
1.668146
1.340662
2.187571
2.372650
2.459276
2.573656
2.591690
3.044653
2.796730
1.073780
2.987013
1.228114
1.835446
1.580856
1.865116
3.228002
2.373430
2.632954
2.692319
2.704255
2.321587
3.149186
2.930378
3.166415
3.431956
3.120893
3.401078
2.253619
1.775936
2.829417
2.731197
2.553435
2.467714
2.851403
2.862087
2.549296
2.712738
3.352258
3.249268
2.447148
1.116409
2.231199
2.417450
3.468776
1.530079
2.496843
2.177936
2.644126
2.555177
2.503913
2.626547
3.535232
3.037485
2.579420
2.353310
2.579420
1.649280
1.524037
1.857043
1.950220
1.758160
2.113969
2.528444
2.413683
2.607401
1.000951
2.667998
3.126883
2.965175
3.381777
3.155037
3.247928
1.531742
1.363374
1.676713
1.752851
1.639401
2.357406
2.861977
2.817528
2.667129
2.642718
2.022846
3.053443
2.158844
2.195894
2.415367
2.895885
1.812989
2.406042
2.356262
2.686945
2.712070
1.775808
1.926100
1.059482
1.204019
0.962859
0.965095
1.930042
1.891008
1.505809
1.645680
1.595351
2.168332
2.025460
2.787504
2.608189
2.646653
3.313308
3.218967
1.592644
1.553522
2.265557
2.609759
2.666921
2.668428
3.129824
3.379819
1.810847
1.940613
2.867539
2.152460
1.922442
2.036557
1.596975
2.411797
1.542562
1.506010
2.723865
2.411182
2.912164
2.718248
2.901093
2.851403
2.783789
3.020127
2.835198
1.205975
1.312814
1.639401
3.253661
1.513904
1.592644
2.300077
2.758885
2.500936
2.371027
2.043214
2.164869
2.073218
2.760098
2.456315
2.707258
3.173494
3.470118
2.490381
2.874040
2.406042
2.686945
2.605310
1.662638
1.843851
1.921259
2.248677
2.443744
1.627738
1.479955
1.853654
1.512548
1.206501
1.871161
2.547196
3.091963
2.680353
2.690717
3.015029
2.994551
2.403468
3.248576
3.394678
2.048010
3.239051
1.815593
3.094724
1.756522
2.187718
2.177439
2.493575
2.818246
3.065024
3.228055
2.127285
2.496367
2.457821
2.117843
1.375604
1.682510
1.920088
2.039848
1.462692
1.582728
1.326214
2.646653
2.912164
3.181595
2.810297
2.692236
2.563867
3.173869
3.175238
3.352258
3.074719
2.636359
3.172678
3.173604
3.217670
3.147354
1.715033
2.325071
1.859212
1.624179
1.819693
2.290645
2.568965
2.468102
2.410809
2.767370
2.985057
2.258209
2.226606
2.318852
3.268833
2.302450
1.670847
1.730391
1.696087
0.967302
1.059482
1.603638
1.589095
1.781698
1.730354
1.550865
2.685606
3.188560
2.895259
2.839516
2.767944
3.324384
3.142970
2.957672
1.763676
1.749694
3.152205
1.254051
2.226763
2.625708
2.226763
2.882383
3.030140
2.189151
1.949616
3.209477
2.123710
2.953279
3.255320
2.175629
2.593108
2.555325
2.594548
1.556543
1.638186
1.996966
1.233237
1.819156
1.519740
1.590162
1.416579
2.999529
2.680353
3.320353
3.059195
3.355131
2.673040
2.861438
3.202153
3.327411
2.092247
1.925778
2.502663
2.478316
2.514457
2.688170
2.818552
2.047852
2.319001
2.760927
1.672746
1.998246
1.688436
1.971030
2.125901
1.850569
1.903810
2.707691
2.661147
2.461865
2.997349
3.308343
3.048028
3.210960
3.130896
2.960335
2.807898
2.706306
3.242030
2.620542
3.320353
2.957672
3.324224
3.299737
3.142970
2.031600
2.248043
1.513904
2.095653
2.261618
1.484329
2.349487
2.123501
2.506431
2.289775
2.713320
2.503913
2.837180
2.370032
3.166561
3.009401
3.133206
2.137106
1.621048
1.852410
2.734547
2.823276
2.481970
2.764796
2.363422
2.256627
2.836990
1.185187
1.442951
1.649023
1.829340
1.609470
1.592617
1.906200
0.924352
1.023680
2.436482
2.755138
3.129251
2.839516
2.808886
2.385940
1.987203
3.151843
1.918996
2.514457
2.229266
3.001561
3.001561
1.868473
1.539743
2.319001
2.443310
2.221516
1.929652
2.013805
2.003003
1.718123
1.798679
1.644110
1.930042
1.811339
1.675002
1.738877
1.710922
1.620180
1.489849
2.089667
1.865284
0.763320
2.547196
2.612429
2.568354
2.646322
2.845344
3.028872
2.948797
3.030795
3.065501
2.138798
1.727848
1.824483
1.882608
2.094115
1.937690
2.130291
2.134691
2.437281
2.963282
3.228055
3.238210
3.196277
2.001825
1.921326
2.171825
2.016712
2.109799
1.670847
1.773334
1.473630
1.317445
1.644053
2.413683
2.372650
2.260525
2.490687
2.657121
2.128513
2.909609
3.128773
2.916806
3.179076
2.266505
2.187250
2.094115
1.992633
2.209257
1.715608
2.871273
2.888631
1.961172
1.614668
1.866261
2.353310
2.470842
1.445636
1.721115
1.621500
1.608393
1.559334
1.684987
1.825699
1.639835
0.924352
1.161547
2.199114
0.764845
2.755138
2.851136
2.841757
3.170298
3.267237
2.312235
2.233565
1.824483
2.387385
2.400053
2.297843
2.722712
2.453187
2.415069
2.714555
1.958642
2.071034
1.947099
1.971030
1.977335
2.215918
1.089250
2.507723
2.739564
2.757741
3.066509
2.967639
2.584226
3.244293
2.703681
1.756729
1.864411
2.775369
2.731400
2.484932
2.838184
2.981890
2.986769
3.076753
3.076753
1.973698
2.178343
2.605535
1.830238
2.136912
1.585574
2.065940
1.862099
1.680454
1.803786
2.001180
1.929530
1.762368
2.106042
1.344235
1.954030
2.139065
2.440265
2.739797
2.739797
3.066509
3.129251
3.025066
2.682425
3.253331
3.009647
2.816133
2.168564
2.259656
2.072984
2.161801
2.212378
1.979864
1.769192
2.120700
2.175233
1.641506
1.689825
1.093387
1.224036
1.084540
1.730229
1.705573
1.773670
1.300153
2.037119
1.921941
2.162717
1.694838
1.951402
1.792800
2.260525
2.359082
0.845184
2.234793
3.151381
2.808886
2.524576
2.662808
3.009647
3.042763
3.242945
2.957672
1.690378
1.866585
2.165681
2.488252
2.488252
2.227288
1.890162
2.076480
2.726425
2.886426
3.082389
2.505635
2.376482
2.271863
2.024103
1.321894
1.639446
1.739862
1.761659
1.913876
1.916698
2.570303
2.378422
2.378422
2.800476
3.036566
3.036566
2.482980
2.251184
2.200979
2.076210
1.747913
1.848819
2.100261
3.040329
2.349344
1.705156
1.705156
2.024103
1.760270
2.031525
0.995542
1.043774
1.152572
1.718396
1.903306
1.316918
1.761659
1.830859
1.390141
2.215918
2.081815
1.840981
2.112875
1.876398
2.209593
2.939718
1.789074
2.166014
1.918325
2.028247
1.701340
1.877486
1.807621
1.751356
1.700668
1.378614
1.570835
1.960065
1.980726
2.092517
1.625210
2.004285
1.840981
2.099254
2.016297
2.524668
2.798360
3.128773
3.032687
2.825118
1.719170
1.685991
1.894180
1.822103
1.914318
2.235267
1.717043
1.413375
2.235379
1.843971
1.837304
2.274478
2.600508
2.437281
2.566440
2.096954
3.004447
2.620818
2.106650
1.836639
2.013301
2.188450
2.198061
2.187745
2.275037
1.542879
1.875953
2.172521
1.625210
1.871855
1.960616
1.117554
1.546253
1.990082
2.424667
2.490687
2.829380
2.734417
2.815062
2.586583
2.639082
2.967451
2.751764
2.775135
1.993160
2.387385
2.295053
2.631089
2.810370
2.003640
2.033307
2.056029
1.976798
1.415436
1.550504
1.443829
2.178673
1.845252
2.097535
1.566659
1.787255
2.520092
2.657121
3.005260
2.830075
2.717477
2.157814
2.560545
2.354380
1.464009
1.635659
1.702536
2.739831
2.582091
2.797843
2.736112
2.582412
2.026091
1.911383
2.119373
2.037263
1.983079
1.747709
0.937603
0.784621
2.807898
2.829658
2.947428
1.753635
2.351024
1.317236
2.734591
2.356386
2.285791
2.458917
2.329485
2.574331
2.779411
1.923040
2.817227
1.883245
1.831403
1.535398
1.668959
1.668959
1.338918
2.069378
1.827555
1.955385
1.855155
1.983079
1.876387
1.989589
1.926553
2.173674
2.724869
2.713814
2.785869
2.770158
2.976597
2.643466
2.607567
2.920334
2.928781
3.044685
1.995700
1.862881
2.846222
2.561579
2.300188
1.961346
1.874167
1.193395
0.922428
1.002767
0.947822
1.378614
1.325334
1.985405
1.539055
1.899477
1.383693
1.444357
1.733328
1.983079
1.832184
0.990182
1.863214
2.370260
2.468658
2.774450
2.669592
3.074265
3.055545
2.134470
1.678081
1.776426
1.995700
2.080776
2.251184
1.771336
2.587228
2.471945
2.462359
2.566440
2.195936
2.444168
2.482873
2.618382
2.331467
2.537637
2.570022
2.110146
2.374059
0.759745
1.641622
1.476469
1.680740
1.625535
2.189046
2.305161
2.461951
2.569283
2.570130
2.765663
1.814312
1.910229
2.181020
2.005546
2.570693
0.919528
2.148252
1.886057
1.416822
1.950600
1.720294
1.223236
2.370260
2.547570
2.785395
2.831057
2.912812
2.360511
2.166260
1.993160
2.020552
2.346271
2.263762
2.172977
2.596317
2.012358
1.941010
2.017086
1.979056
0.852813
1.086516
1.682648
1.950621
1.220655
1.710087
1.858179
2.424667
0.671749
2.669394
2.457666
2.695116
2.731506
2.798453
2.763662
2.785395
2.829658
2.207783
2.874097
1.888593
1.845144
1.830573
2.613994
1.848100
1.985942
1.984961
2.092049
2.136375
1.860959
1.105283
1.390958
1.746271
1.385693
1.255505
1.368491
1.930128
2.005378
2.383057
2.459627
2.377336
2.708356
2.960981
3.138786
2.796799
2.877001
2.618364
2.927769
1.910229
1.689353
1.907538
1.874087
1.837419
1.756827
1.850646
1.850646
1.887053
2.246786
1.991867
1.679022
1.613440
1.677766
1.968303
1.950073
1.317349
2.424667
2.782935
2.708510
2.973060
2.960981
2.975747
2.226954
1.464009
2.085073
1.390958
1.355456
1.518359
1.446854
1.914806
1.639835
1.507400
2.237250
2.712748
2.640974
2.657468
2.842551
2.791354
2.834599
2.982120
2.760624
1.782389
1.980320
2.410858
2.168787
1.914969
2.376563
1.702536
2.121421
1.908110
2.294064
2.390132
2.044379
2.045956
1.663148
1.652866
1.699026
1.428938
2.423840
0.633911
2.697698
2.722687
2.628323
2.785395
2.383502
2.760624
1.692698
1.784863
1.749848
1.828828
2.111432
2.591896
1.962319
2.237975
2.372087
2.295027
2.175683
1.881206
0.822344
1.353503
1.533567
2.178673
1.741536
1.148418
1.375085
1.876387
1.877268
2.115211
0.790118
2.718032
2.753200
2.297637
2.058206
2.007721
1.816796
2.004084
0.924228
1.486291
1.778591
1.455008
1.593290
1.635856
1.605366
1.896420
1.672229
2.370260
2.643983
2.479173
2.665314
2.698359
2.881019
2.669254
2.849149
2.758624
2.566056
2.132942
1.134224
1.882843
0.856783
1.311271
1.311271
1.538161
1.781815
1.666836
1.599569
2.297017
2.717105
2.627903
2.628323
2.617155
1.722081
1.895939
1.719463
1.989470
1.799654
2.052856
2.369237
2.369237
2.230381
2.095725
2.230381
2.276379
2.305883
2.161594
2.195181
1.989734
2.345681
2.160911
1.156963
1.550934
1.066982
2.297017
2.547570
2.008869
2.378155
2.717105
2.597198
2.549564
2.841982
2.841982
2.841982
2.639696
2.785395
2.466436
2.984070
2.507022
2.875066
2.075531
1.335084
0.802637
0.958881
1.434639
1.686184
2.504507
2.220357
2.564307
2.514187
2.669197
2.763080
2.724952
2.875303
1.895939
1.787340
2.217004
2.237207
2.343646
1.850201
1.118915
0.979936
1.586403
2.300509
2.534398
2.706754
2.892072
1.722081
2.593649
2.627172
2.618364
1.883095
1.975525
1.746678
1.467853
1.513155
1.529761
2.179705
2.358830
0.843492
2.593120
2.639567
2.617192
2.419626
2.665220
2.714412
2.794935
2.097934
1.729310
2.095260
2.202828
2.325783
2.305883
1.519652
1.323774
1.658818
1.192157
1.507770
1.680970
1.360327
1.395157
1.451388
2.462362
2.578966
0.892253
2.604716
2.659568
2.604716
2.784337
2.875303
2.701980
2.073719
1.500444
1.883095
1.666682
1.786006
1.568788
1.837419
0.938241
1.385693
1.532274
1.291473
2.225561
2.572043
2.584993
2.693711
1.823964
1.688986
1.624152
0.895439
1.031460
1.631309
1.026760
1.574556
1.562455
1.723953
1.781874
1.781874
0.914306
2.337726
0.990527
2.655923
2.657278
2.617192
2.369264
2.786311
1.851810
1.960556
2.196586
1.899229
0.814927
1.235914
1.355616
1.478694
1.544131
1.687778
1.523997
2.522604
2.331488
0.894709
2.279048
2.400347
2.594331
2.568105
0.717505
2.785792
2.637781
2.629278
2.503983
1.876119
1.933804
1.882040
1.686407
1.909397
1.629979
1.567432
1.557431
1.774827
2.042796
1.935632
2.279048
2.179678
2.562753
0.879690
2.462518
2.637781
2.787184
2.810401
2.621735
1.589313
2.607341
1.962995
1.747564
1.716286
1.585214
1.218960
2.035896
1.184991
1.452761
1.761928
1.693042
1.704750
2.155649
0.979944
2.331488
2.496902
2.605973
0.714731
0.747438
1.613603
1.823964
1.836140
2.182600
1.008351
0.798166
0.848131
1.496595
1.363737
1.033173
1.686011
1.837216
1.649189
1.433878
0.876278
0.849443
1.867295
2.353050
2.572043
2.635461
2.391162
2.514245
2.081225
1.751569
1.747073
1.804250
1.192344
1.652406
1.925468
2.015229
1.696545
1.644710
0.749923
0.798884
0.908870
0.973961
1.064319
1.243698
1.208691
1.528346
1.539875
1.762274
1.481369
1.530221
2.154169
2.314088
2.193339
2.341389
0.857837
2.486243
2.435404
2.763080
2.337651
1.773456
0.878671
1.560673
1.720310
1.710254
1.281690
2.060406
2.269742
2.440235
2.399799
2.420397
2.671335
1.729677
1.891321
1.658093
2.016770
2.036745
1.961681
1.914355
1.672902
0.793401
0.834816
1.004247
1.076123
1.265384
1.208691
1.257591
1.357836
0.979944
2.489224
2.469388
2.594331
2.268282
2.663031
2.607248
2.658191
1.384884
1.682444
1.770124
2.450283
1.516160
1.820001
0.833757
1.241796
1.009352
0.917041
1.542611
1.805606
1.556275
1.539304
1.094964
0.714731
2.263920
2.604163
2.712937
1.297182
2.442413
2.597253
1.662059
1.874332
1.553509
1.747564
2.007985
1.378250
1.052285
1.151328
1.018863
1.615471
1.710114
1.707010
1.761781
1.962371
1.726378
1.079522
1.190652
1.095344
1.435000
2.164150
0.884025
2.708483
2.713150
2.672678
2.641475
2.514245
1.458172
1.431294
1.592433
1.951821
1.780219
1.366990
1.480844
1.874472
1.826182
1.565381
1.075571
0.956293
0.973961
1.174583
2.042796
2.179678
1.295603
1.098803
2.333037
2.248756
2.274354
2.388030
0.935171
2.548351
2.675874
1.729677
1.665873
1.867944
1.121041
1.117517
0.980845
1.053927
1.076123
1.109900
1.682263
1.943597
1.788549
1.866014
1.752225
1.732868
1.958576
2.074138
1.250169
1.029479
2.229983
1.084358
2.514535
2.388030
0.785468
0.934713
0.875562
2.472023
2.460593
2.697760
1.696409
1.693295
1.740346
1.862470
1.073346
1.349467
1.117517
1.042363
1.037993
1.053927
1.971970
2.218987
1.126234
1.007416
1.038002
1.164580
2.617121
1.341225
1.048727
1.320823
1.259575
1.423668
1.790422
1.770124
1.772927
1.960153
1.643109
1.548323
1.990600
1.548323
1.480844
0.982375
1.792351
0.920049
1.000857
1.042361
1.971970
2.034671
2.103360
1.578639
2.055710
1.401047
2.229983
1.537570
1.211496
1.235839
1.242163
1.339156
0.882681
0.998345
1.052246
0.787762
2.278584
1.170084
1.131693
1.037627
2.613558
2.607525
2.687393
2.465534
1.725692
1.767791
1.824208
1.756954
0.905206
0.960033
1.510502
1.539304
2.142358
1.143294
1.070804
0.923569
0.776820
2.417387
0.951466
2.340744
2.397826
1.367834
1.320823
1.859703
1.880983
0.843098
2.100668
1.703359
1.374760
2.300679
2.382184
1.156072
1.115144
2.594686
1.210248
1.131693
2.599506
2.491788
2.030579
1.855920
1.779755
1.834550
1.506415
1.669454
1.582191
2.074138
2.088835
1.374696
1.374696
2.376254
1.203485
2.442805
1.247353
1.273699
1.313408
1.889113
1.671457
1.977090
2.039879
1.997023
2.142358
2.310562
0.876206
2.495400
1.385572
1.576540
2.038961
1.636735
1.656624
1.267660
1.199809
1.009385
1.093287
2.570298
2.526683
2.446607
0.781865
1.341225
1.445863
1.974338
2.030579
1.675611
1.820567
1.907278
1.009385
0.790628
0.910662
1.984651
2.139448
1.498631
2.008512
1.971343
1.866312
1.539464
1.433329
1.199809
1.338279
1.237461
1.261061
1.191976
2.546745
2.452319
2.526240
1.169792
1.974338
1.685523
1.740085
1.735494
1.848553
1.660206
1.514930
1.866162
1.997023
2.006018
1.997023
2.119988
2.426651
2.307779
2.304509
2.460017
2.473980
2.276585
2.339207
2.446607
2.442805
2.442805
1.877226
2.005748
1.727834
2.133384
1.366670
1.549331
2.009064
2.009064
1.842910
1.719124
1.720580
1.631762
1.709046
1.461149
1.640362
1.625655
1.664343
1.808472
1.866342
2.196155
2.073772
2.453744
1.834969
1.711104
1.760010
1.549331
1.443475
2.029192
1.771776
1.505375
1.706389
1.819370
1.703325
2.078909
2.035636
1.265716
2.449808
2.594686
2.473980
1.536957
1.713021
1.616869
1.584015
1.704416
1.725128
1.709640
1.866312
1.697018
1.435914
1.537434
2.228026
1.365643
2.292331
2.501889
1.257777
1.942585
1.811273
1.919937
1.769492
1.586623
1.917961
1.690652
1.688979
1.908176
1.764791
1.571585
2.359076
2.476822
1.360622
1.827402
1.452348
1.663697
2.327234
1.728805
1.729113
1.833403
1.879348
1.534985
1.716074
1.675580
2.288882
2.201508
2.327234
2.412935
1.845804
1.834360
2.014216
1.486402
1.556523
1.673381
1.309562
1.304511
1.318565
1.600003
1.547818
1.825802
1.636788
1.544494
1.887546
1.480696
1.553840
1.496432
1.656547
1.693587
1.746700
1.932567
1.966938
1.196150
1.779838
2.325620
2.439926
2.159587
2.203115
2.386416
1.288916
1.334389
1.764026
1.660789
1.884829
1.527564
1.615638
1.450264
1.520619
1.602572
1.993547
2.026612
1.967870
1.299755
2.173808
1.672391
1.205810
1.674294
1.695120
1.600003
1.482236
1.727726
1.381816
1.773727
1.942585
1.653658
1.600003
1.371846
1.715237
1.448736
1.854198
1.986697
2.501889
1.476719
1.587487
1.630947
1.581923
1.621464
1.358446
2.412935
1.662672
1.541969
1.517871
1.703181
2.442710
2.442710
1.184175
1.712547
1.806718
1.280028
1.237230
1.220524
2.276750
1.222476
2.270083
1.600735
1.668615
1.673215
1.612141
1.508639
1.469675
1.452485
2.137571
1.199029
1.590368
1.715237
1.450230
2.135132
2.200083
1.168425
1.615276
1.615276
1.612662
1.552462
1.555325
1.737053
1.687512
1.507483
1.397989
1.325726
1.513625
1.460800
1.310638
2.280102
1.508149
1.627205
1.595133
1.556324
1.935470
2.038845
2.235907
1.688240
1.585212
1.567969
1.195402
1.206745
2.005225
2.075425
1.742080
1.417772
1.538866
1.511255
1.200707
2.268632
2.018780
1.660678
1.665397
1.652749
1.616675
1.526350
1.486242
1.424210
1.330061
1.333386
1.513417
1.610742
1.381892
1.568503
1.908521
1.222343
1.817103
1.584418
1.385667
1.513625
1.497108
1.493878
1.490582
1.739791
1.874251
1.696671
1.636385
1.612540
1.622703
1.688847
1.680885
1.874251
2.137860
1.814367
2.096649
1.895432
1.835958
1.789381
1.269541
1.401410
1.652334
1.747849
1.447759
1.399009
1.612345
1.450817
1.511857
1.649338
1.954465
1.375477
1.558063
1.337568
1.317099
1.488058
1.520628
1.646130
1.121284
1.158326
1.652334
1.856591
1.658012
1.344040
1.183895
1.354774
1.421413
1.544131
1.511440
1.296456
1.380675
1.572378
1.742825
1.267240
1.693605
1.182533
1.568790
1.712107
1.650243
1.663952
1.729189
1.639329
1.727534
1.534992
1.296808
1.600963
1.260818
1.283158
1.101643
1.719183
1.115283
1.316375
1.069469
1.602569
1.520118
1.771599
1.835958
1.607272
1.338315
1.193858
1.416381
1.429713
1.785148
1.060994
1.719183
1.677068
1.247143
1.351234
1.433333
1.076129
1.754738
1.807745
1.221593
1.111981
1.408838
1.868535
1.193138
1.126132
1.149912
1.458151
0.989223
1.442971
1.491486
1.235184
1.428760
1.291358
1.180373
1.452937
1.289757
1.132333
1.458151
1.421898
1.483623
1.567474
1.483545
1.117113
1.296456
1.350702
1.186296
1.371386
1.301046
1.412064
1.510590
1.691555
1.510590
1.064850
1.807745
1.657959
1.312048
1.194468
1.301366
1.001541
1.754738
1.820375
1.158706
1.627521
1.240667
1.254694
1.146348
1.176333
1.376247
1.232921
1.695031
1.300586
1.216198
1.015886
1.458019
1.142719
1.762946
1.131495
1.256611
1.213803
1.265145
1.642840
1.178230
1.055139
1.267405
1.218337
1.105269
1.214579
1.167284
1.353837
1.156596
1.529145
1.529145
1.673946
1.568514
1.448565
1.205007
1.577237
1.475889
1.350477
1.208478
1.277501
1.193670
1.387148
1.421512
1.432433
1.001541
1.033345
1.197027
1.169514
1.185582
1.391520
1.054897
1.070824
1.385174
1.321778
1.110418
1.136152
1.150545
1.117902
1.110399
1.415631
1.502672
1.569458
1.252343
1.195029
1.175335
1.179989
1.126368
1.183002
1.104583
1.135614
1.199993
1.125896
1.130189
1.262003
1.323256
1.394765
1.431127
1.206244
1.078245
1.163876
1.146450
1.260242
1.283756
1.363440
1.336379
1.355863
1.585530
1.402660
1.437509
1.388377
1.407951
1.253755
1.154627
1.172736
1.373204
1.552834
1.335978
1.172483
1.167558
1.157667
1.262602
1.245995
1.189027
1.344260
1.306106
1.119691
1.269157
1.095864
1.079659
1.341511
1.152116
1.256187
1.209333
1.128352
1.225112
1.181970
1.194644
1.162416
1.109786
1.232574
1.212264
1.221374
2.095725
0.982281
1.042616
0.717054
1.181097
1.181097
1.181097
0.926981
