5549 1 3
2.059450
1.899432
2.091440
2.048624
2.177738
2.131066
2.148894
2.434597
2.252269
2.196073
2.482337
1.973538
2.055686
2.210859
1.991165
2.563066
2.508753
2.390781
2.208489
2.269736
2.311428
2.238668
2.292856
2.051636
2.099432
2.237590
1.910586
2.034989
2.533258
2.481303
2.340146
1.895441
1.895239
1.931742
1.904920
2.527797
2.426504
1.854040
2.329082
2.337509
2.406017
2.746627
2.315315
2.564358
1.910348
1.838167
2.522135
2.449949
2.653843
2.118932
1.948570
2.543218
2.665197
2.740537
2.539209
1.730002
2.106914
2.028489
1.932781
1.877691
1.859701
2.472105
2.558211
1.910121
2.555128
2.762206
2.765672
2.688390
2.609878
1.674899
1.941991
1.977105
1.857202
2.764380
2.424172
2.088829
2.830221
2.793244
2.661142
2.088001
2.184372
2.223892
2.550229
2.743200
2.575201
2.489698
2.471575
2.826117
2.968662
2.564238
2.776693
2.498019
2.557241
2.656923
2.100714
2.140957
2.066958
2.224897
2.197097
2.638621
2.560490
2.830188
2.739991
2.396851
2.409092
2.491399
2.514791
1.630606
1.658440
1.711232
1.765669
1.614642
2.106914
2.497801
2.592998
2.662916
2.831440
2.738997
2.813967
2.906624
2.747570
2.781063
2.377241
2.382650
2.385275
1.744565
2.108713
2.344933
2.465724
2.887234
2.970300
2.762206
2.945234
2.974862
2.485506
3.017692
2.830285
2.710730
2.420850
2.441260
2.975971
2.950025
1.886817
2.333493
2.292584
1.738216
2.396807
2.428577
2.263578
2.951655
2.930687
2.839100
2.813967
2.851931
2.986575
2.693488
2.312890
2.513680
1.733028
1.581541
1.557643
2.280200
1.817621
2.066958
2.785534
2.447132
2.260780
1.514330
2.111338
2.269835
2.372470
2.479731
2.702053
1.922102
3.082328
2.893595
2.958931
2.792156
2.975971
3.207884
3.003838
3.100336
3.161705
3.128827
2.699929
1.487669
1.550541
1.653689
2.728917
2.760274
2.142908
3.037983
3.059320
2.930078
3.295915
2.925010
3.180965
2.597618
2.743012
2.706729
2.851931
2.344511
2.499573
1.525858
2.060830
2.338470
2.934526
3.107416
3.216423
3.022858
3.198705
2.576900
2.965247
2.640296
2.680311
2.561203
2.995327
1.485722
1.537740
2.037518
1.620434
2.690509
1.988170
2.664077
3.004054
2.929173
3.191107
3.100336
2.984649
2.937250
2.803004
2.719878
1.478758
1.559081
1.889608
2.524050
2.659512
2.484854
2.208388
2.382453
2.486391
3.111006
2.482918
3.029236
2.637459
2.471575
2.883822
3.095881
3.148563
2.863108
2.520019
2.315788
2.669457
2.840565
2.323513
1.880557
2.884401
3.001138
2.612596
2.847129
2.551161
2.595379
3.199232
3.376465
3.055211
3.157131
3.375477
2.294559
2.190020
2.284323
2.332274
1.406592
1.461046
1.995073
2.261188
2.460694
2.640469
2.756008
2.883684
3.037695
2.756796
3.205574
3.198705
3.311923
3.161705
3.190050
2.643372
2.253893
1.447251
1.566776
1.845371
2.413844
2.887691
2.825961
2.477035
2.376612
3.358065
3.157131
2.775584
2.743012
2.865175
1.489490
2.684630
2.956351
3.062015
2.968435
3.158473
2.443928
2.929173
2.496169
3.275026
2.828313
3.204263
2.907100
1.735857
1.440281
2.148211
2.740363
2.701856
2.758549
2.661340
3.125187
3.122018
2.703008
2.740896
2.945530
3.355252
3.270053
3.388649
3.028113
3.064824
2.643372
3.062572
3.047774
2.460916
2.730771
2.289024
1.410004
1.396417
2.242466
2.301533
1.572520
2.977889
3.149665
3.113047
2.955381
2.970708
3.207854
3.182435
3.344574
3.190050
2.900086
3.162905
2.706880
2.813911
3.127584
2.784409
1.836440
1.339076
2.047379
1.479195
1.515520
2.344664
2.480815
2.684630
2.421249
2.716638
2.421249
2.807676
3.217142
3.063524
3.014322
3.113047
3.182222
3.125187
2.703008
2.504833
2.534357
3.006118
3.339479
2.465926
3.045053
2.665181
3.350847
3.376465
3.113613
2.955330
3.166892
3.259716
2.372698
2.389071
2.369354
1.475512
1.711913
2.911930
3.189915
3.108099
3.082328
2.992922
3.478512
3.295915
3.384134
3.253639
3.481528
3.273106
3.370112
3.417495
3.220852
3.197619
3.386467
3.308319
3.162905
3.162905
3.231586
3.072109
2.264515
1.817704
1.542237
2.760799
2.670145
2.820915
2.053183
1.815050
1.911809
3.073342
3.026618
2.401169
3.358528
3.094547
3.322889
3.197619
3.563392
2.607548
3.023918
3.331368
3.479340
2.328636
2.306574
1.500043
2.586584
2.482578
2.554684
3.013556
2.612433
1.998710
2.203645
2.774803
2.572663
3.342139
3.246260
3.399853
3.790107
3.417495
3.184916
3.034407
3.191257
2.906722
3.332970
3.017792
2.964281
2.552023
2.972400
2.982024
3.102293
2.448319
1.384727
2.414806
2.642582
2.894880
2.876405
2.927715
2.915637
3.194146
3.100574
3.353765
3.148563
3.514557
2.818585
2.880044
3.122582
2.633567
3.196427
2.976646
2.266719
2.279025
2.596156
2.366559
1.597576
1.647645
2.085273
1.938467
2.540329
2.701498
2.880815
3.031163
2.921307
2.725475
2.555200
3.386145
2.906722
3.059932
2.945165
2.307329
2.493184
2.827057
2.719338
2.697298
2.803514
2.983167
2.785033
2.716638
2.716638
3.117931
2.893364
3.407613
3.410989
3.258341
3.485522
2.579912
3.677215
3.052280
2.834338
3.477745
2.813911
3.275026
2.462561
2.363057
2.544665
1.422907
2.607550
2.778807
2.696528
2.918254
2.861076
2.719735
2.846997
3.026758
2.111253
3.302671
2.521291
2.788494
2.965032
3.407613
3.255819
3.282409
2.569875
3.389380
3.115109
3.068003
2.343723
3.181024
2.374471
2.669886
2.639052
2.262794
1.888402
2.013056
2.183669
2.206935
1.559328
3.084338
3.073342
3.080569
3.468667
2.870850
3.458601
3.547232
3.627989
3.954781
3.627644
2.660184
3.100851
3.301802
3.308319
3.563392
3.670511
3.311714
3.632679
2.903422
3.136164
1.429306
1.381511
1.730852
2.081753
2.535408
2.497096
2.446524
2.785033
3.212718
2.351178
2.175234
2.915637
2.978806
3.972174
3.591761
3.495488
3.096604
3.566037
3.338486
3.342134
3.344323
3.213734
3.059703
2.635788
2.389071
2.291485
2.386489
1.684219
1.683988
1.825675
1.371091
1.402130
2.675794
2.963212
2.803369
3.452727
3.917615
3.610923
3.130117
3.404245
3.485522
3.579603
2.786350
2.844630
3.706289
3.574006
3.280309
3.157155
3.157869
3.188047
2.549411
1.588505
1.878995
1.401829
2.153325
2.330625
2.164712
2.557343
2.429490
1.610946
2.645524
2.839370
2.706825
2.858680
3.475040
3.374215
3.475040
3.374215
3.713175
3.744128
3.269142
3.472721
3.460988
3.474967
3.607152
3.406712
3.628146
2.682493
2.899268
3.128286
2.899268
2.899268
3.546475
2.603917
2.979781
3.178550
2.251121
2.130031
2.720296
2.622528
2.667328
2.723795
3.090722
3.030810
3.110360
3.406961
3.322378
2.301328
3.667665
3.059321
2.893364
3.671906
3.442557
2.596628
3.643859
3.158842
3.574126
3.552673
3.546324
3.866549
3.508739
3.314394
3.115109
3.109948
3.309867
3.288266
3.157155
3.731905
3.705402
3.313674
3.344323
3.461482
3.068003
2.753105
1.737343
1.942936
2.065556
2.204773
2.910929
2.720296
3.009044
2.819702
2.818043
3.587580
3.319074
3.643859
3.930738
3.599024
3.309867
3.670511
2.906722
2.625447
3.658702
3.554208
2.907862
2.345222
1.451780
2.820915
3.421389
3.406961
2.757850
3.632267
3.565209
3.105115
3.555681
3.314394
3.025512
3.570579
3.180215
2.327455
2.230095
2.360774
1.470519
2.081753
2.403594
2.354070
1.554888
2.580183
2.840137
2.953262
2.844662
3.088873
3.425657
3.198381
3.353631
2.263753
3.058937
3.114132
3.790107
3.706063
3.739711
3.670617
2.987566
3.628146
3.673159
2.368540
3.103015
2.716798
2.589162
1.404350
1.467723
1.425550
2.315511
2.305336
2.390717
2.508981
3.223098
3.223098
3.185086
2.914510
3.488486
3.746720
3.545943
2.548995
3.817203
3.947606
3.794506
4.075019
3.675198
3.675198
3.840441
3.007267
3.763823
3.846997
2.771088
2.765163
2.230095
1.671585
1.556020
1.657283
2.676671
1.875465
3.154947
3.542681
2.869126
3.174288
3.152533
3.514476
3.711870
3.653125
3.645676
3.482058
2.873346
2.711315
3.587937
3.462002
2.346257
1.497631
1.419009
1.473686
2.707617
2.687075
3.092979
2.827057
2.880446
3.683274
3.106016
2.859703
2.507301
3.623915
3.508739
3.434300
2.669984
3.634281
3.607152
2.983218
2.509941
2.252032
2.480951
2.379636
2.423481
1.421240
2.121516
2.645793
1.647235
2.721096
1.841496
2.065504
3.687297
3.091075
2.691662
2.691901
3.917577
2.571148
2.551210
3.076701
3.607430
3.819543
3.111023
2.841331
2.822817
3.364914
3.573994
3.735471
2.899929
2.576473
3.508091
3.508091
2.461355
1.424383
1.985890
2.549122
1.859074
2.963649
2.683812
2.674175
3.043167
3.089795
3.687297
3.636221
3.192070
3.205504
3.488327
3.500188
4.079807
2.808769
2.720341
3.473622
3.671431
3.411178
3.246031
3.840441
2.735461
2.522573
2.549411
2.318973
2.194859
2.080742
2.166536
2.371097
1.593751
2.794655
2.640753
3.352173
3.322378
2.806494
2.825747
2.922366
3.097163
3.475203
3.076701
3.972974
3.280126
2.888564
3.653125
3.671431
3.671602
3.325293
3.530746
2.747457
3.790216
2.707293
2.775780
3.645768
2.373076
2.584425
1.689103
1.654105
3.343918
3.754490
3.667201
3.291321
2.637292
2.784015
2.531217
3.993431
3.334898
3.618659
3.786794
4.119523
3.923631
3.711870
3.761523
3.359936
3.739711
3.673159
2.303186
3.186428
2.617652
2.298074
2.318973
1.549793
2.376342
2.594847
2.744616
2.946537
3.046760
2.038346
3.629229
3.559470
3.074878
3.334898
3.221025
2.727143
3.768195
3.530746
3.737989
3.363166
2.930182
1.435163
1.870581
1.497759
1.720248
3.153775
3.219054
3.293223
3.455848
2.875254
2.898529
3.811359
3.723792
2.891295
3.157601
2.640588
2.710660
2.593529
3.618659
4.079807
4.257824
3.614247
4.111431
3.949561
3.619415
2.861681
3.640546
3.649286
3.071986
3.648938
3.758691
3.710314
3.722724
3.674152
3.711269
3.063663
3.256771
3.085114
2.585605
2.344545
2.817712
1.633735
2.795446
2.921456
2.581114
3.855830
4.275684
3.280126
3.508491
3.501910
3.364914
3.311178
4.031388
3.776558
3.120070
3.028131
3.759029
3.643545
3.601097
2.504802
2.516772
2.323729
2.475027
2.589565
2.745763
3.084338
3.752566
3.839968
3.587580
2.575626
3.899927
2.955637
2.862400
3.818378
3.177489
4.173368
3.689773
3.596476
3.947829
3.803376
3.946157
4.075019
3.473622
2.942785
3.721962
3.800821
3.765595
3.800572
3.917389
2.963323
3.759029
2.829192
2.143620
2.214715
2.309657
1.802122
2.830824
3.247741
2.217820
2.755744
3.379638
3.208615
3.986999
3.917370
3.743816
3.373050
3.768195
2.777592
2.875784
3.648938
2.971382
2.678579
2.002165
1.775440
2.921697
1.859074
3.332580
3.811359
3.811359
3.423832
2.826225
2.716699
3.548464
3.636221
4.347065
3.221025
3.598175
3.530746
4.071562
3.741951
3.244627
3.224360
2.585605
2.834953
2.137413
2.742606
1.446857
2.056191
1.630140
2.467035
2.453804
1.919796
1.760284
2.678793
2.559103
2.941767
3.151231
3.452209
3.373296
3.839968
2.636037
3.957508
4.059763
3.826517
4.115470
4.414159
4.140103
4.343712
3.988830
3.731536
3.894593
4.117469
3.752513
3.247821
3.673001
3.116507
2.835529
2.895219
3.023003
3.041969
2.734190
2.467224
2.299733
2.511723
1.471921
1.491586
2.135419
2.008577
2.753025
2.795446
3.074041
2.953262
3.059764
1.935978
3.225514
3.476006
2.845833
2.841050
3.267872
2.470363
4.059763
3.769283
3.955345
2.793000
3.447344
3.529190
3.895863
3.794074
3.677510
3.731536
3.851911
3.755738
3.755738
3.719408
3.051630
3.131481
2.895219
2.849711
3.274077
2.621073
2.420485
2.244772
2.778557
2.587420
2.130860
2.152278
1.584823
1.406255
1.396604
1.514045
2.201765
2.533869
1.761221
1.741283
2.822551
2.640506
3.032396
2.523252
2.582389
3.752566
3.157601
3.267872
2.904290
3.131955
3.911452
4.091472
4.115745
3.917370
3.964551
4.099061
3.721962
4.144023
3.247821
3.982296
3.710314
2.570858
3.158552
3.307737
3.054500
1.884984
1.636863
1.500545
2.444920
2.498620
1.958286
1.774723
2.020449
1.904813
1.919796
2.753025
2.192983
1.775440
2.949208
3.452401
2.352422
2.403244
2.038346
2.789971
2.530569
2.913551
2.457035
4.191991
4.075980
3.272519
3.227646
3.822242
3.836252
2.810323
2.949525
3.981502
2.979568
2.700275
2.855658
3.033486
1.415208
1.489878
1.501780
2.282147
1.709869
1.704558
2.290454
2.132405
1.995188
2.718072
2.688802
2.706902
2.883587
2.634653
3.182566
3.044881
3.132747
3.437004
3.012431
2.831566
2.835451
4.180971
4.210964
4.032025
3.651597
3.520171
3.441601
3.826681
3.903504
3.831581
3.737939
2.426932
3.131481
2.495641
2.028876
2.167528
2.822551
2.813171
2.130281
1.837034
2.583785
1.861032
2.434854
3.376391
3.754797
3.504791
3.504791
3.995805
3.931308
4.126774
3.417428
3.097355
3.092829
3.969518
3.605985
4.247440
3.095507
3.816478
2.876631
4.066731
3.856696
3.741951
3.891807
3.846657
3.972965
3.712331
3.033486
3.192186
2.911089
2.700275
2.165054
2.659913
1.466167
1.470836
1.834841
1.716619
1.754810
2.125414
1.995188
2.552045
2.132405
2.457651
2.513598
2.451025
4.192258
3.568051
3.877125
3.034836
3.906617
3.014574
3.856696
3.846395
2.715493
3.109661
2.912743
2.222591
1.466877
1.667759
1.827475
1.806340
2.394149
2.096185
2.561496
2.700320
2.637354
2.130281
3.579329
3.996486
4.127423
4.292163
2.872344
3.662477
3.752575
4.210964
3.033199
2.814162
2.891410
3.286580
3.286580
3.906104
3.213425
3.321859
3.213425
3.109661
2.809690
2.622077
2.165032
1.709700
2.781729
1.904107
2.125414
2.193314
2.008577
2.192983
2.183897
1.805259
2.457555
3.227892
3.075390
2.533731
3.798254
2.883587
3.340447
3.367554
3.495071
3.652457
3.931308
4.443372
4.383565
4.337650
3.835029
3.529190
4.243466
4.149627
4.117469
3.897740
2.911525
3.891807
2.622077
2.495641
2.050564
1.575235
2.505379
1.889068
2.527371
1.794215
1.696295
2.192983
2.991900
2.600346
3.366815
2.056519
2.987462
2.822979
2.884183
2.773754
2.785481
4.321894
4.233549
4.226177
3.153334
2.422365
3.030897
2.809690
3.030897
2.350958
2.162976
2.413768
2.277031
1.519409
2.599966
2.358732
3.463254
2.562940
2.457555
2.568802
2.244110
2.340903
3.156973
3.283714
3.340447
3.016819
3.588548
3.548190
4.029349
4.091472
3.033644
4.098462
3.964551
4.603467
4.421848
3.286320
3.680219
4.348411
4.299703
3.889227
3.830436
3.137045
2.815928
3.789540
3.265166
3.300196
2.894073
2.644483
2.268947
1.534494
1.534717
1.436527
1.496697
1.905076
2.276842
2.054332
1.805240
2.745575
2.636098
2.492573
2.438654
2.005008
2.705528
1.742659
2.651932
4.213458
3.842873
4.025544
3.997448
3.986001
3.080144
3.072387
3.965044
3.084891
3.573750
2.989702
3.756824
3.213425
2.809764
2.384836
2.243728
1.995216
1.436527
1.619303
2.274592
2.116021
1.801329
2.205256
2.079257
2.705528
1.925048
3.067572
2.649287
2.644953
3.367554
2.932877
2.932877
3.288191
3.839166
3.039967
4.176681
4.540200
4.557321
3.965044
3.304332
3.437004
3.039316
3.064190
4.429935
3.925078
2.924901
3.581902
2.998081
3.220731
2.634164
2.202685
2.024885
1.504869
2.182184
2.066125
2.226638
2.415314
2.734925
1.977490
3.541553
3.463254
2.770473
2.639985
4.127423
4.402991
2.742642
3.153368
3.095473
3.256813
4.351737
2.889313
4.393601
3.576981
3.594209
4.022914
3.725493
3.719224
4.022914
3.143035
3.220271
3.286580
3.032131
2.550971
3.249026
2.879833
2.546360
1.596049
1.716101
1.593817
2.629471
1.900619
1.994248
2.096730
2.836651
2.297683
2.987462
3.067572
2.516254
2.557920
3.990475
3.839166
4.216596
4.179820
3.764958
4.186153
2.945963
3.541677
4.471627
4.394606
4.153445
4.054546
4.273046
4.245661
3.651784
2.480834
3.219447
3.058774
3.062698
2.879833
2.496623
2.428371
2.303297
2.065265
1.426261
2.079219
1.510712
2.165950
2.350080
2.634821
2.164911
2.164911
2.147051
2.714956
3.143207
3.076939
3.429586
3.311703
4.449077
3.481129
3.909045
2.897171
4.389001
4.458031
3.347945
3.349957
2.982380
3.990345
3.906617
3.832002
3.841664
3.825197
3.969215
3.897740
3.122963
3.139984
2.809084
3.107319
2.599622
2.552078
2.509891
1.604574
1.463480
2.177032
2.383533
1.878662
2.522695
2.408889
2.782543
2.859324
3.249643
3.591045
4.413000
3.658748
4.186153
4.336112
4.557321
4.443274
3.856359
3.937201
2.853729
2.730325
3.366733
2.185442
2.050564
2.340870
2.361990
1.604574
2.088445
1.781707
2.488814
1.914561
2.133227
1.878662
2.586659
2.451142
2.745575
2.781729
2.912875
2.584698
2.624280
4.722289
4.532950
4.608437
2.936208
2.823723
3.048542
3.155547
4.078863
3.969215
4.022914
3.220271
3.376295
2.672287
2.786610
2.699219
2.550947
1.961941
1.414792
1.414981
1.851824
1.647125
1.973833
1.807085
2.549148
1.765734
2.487026
2.230484
2.330618
4.231537
4.143510
3.262304
4.321894
3.141707
3.311703
4.065754
4.270428
4.431808
3.563342
3.455568
4.106741
3.920042
3.629556
3.392148
3.201520
2.105014
1.977111
1.972836
1.575971
1.672911
1.721254
2.264953
2.276842
2.494811
2.436303
2.691373
2.859324
2.985709
3.468099
3.291247
3.468099
2.063463
2.348425
2.564687
3.095490
3.610693
3.962644
3.359287
3.039797
4.626889
4.590228
3.801285
3.672148
2.663417
2.850073
3.607667
3.249350
2.947130
3.422131
3.392148
2.612410
2.278163
2.202281
2.654038
1.375870
1.324486
1.337798
1.535824
1.692874
1.656761
2.057018
1.922932
1.502180
1.620315
2.101618
2.359753
2.415397
3.139637
2.949208
3.243911
3.021649
2.839458
4.330339
4.443274
2.971594
2.821656
2.880341
4.061045
3.698797
2.887692
3.489430
3.110905
2.895036
2.124996
2.565818
1.507138
1.515457
2.064889
1.980094
2.141805
2.102718
2.014683
2.539761
1.875308
2.308516
2.388247
2.671744
3.231063
4.014641
4.356129
2.920722
4.251329
4.729638
4.541993
4.708802
3.170869
3.167668
3.167668
3.306690
3.659758
4.476226
3.841608
4.118905
3.038765
3.099435
3.030899
3.461848
3.154016
3.454301
3.582521
2.793375
3.423703
3.244111
2.392103
2.033888
2.254734
2.185442
1.967232
1.425056
1.868650
2.182619
2.133173
2.077981
2.794501
2.527050
2.494811
2.732315
2.794449
2.707265
2.869860
2.143268
2.589821
3.332347
3.610693
3.314722
3.684608
3.199572
2.626625
3.113701
2.659627
3.423576
3.912650
2.972683
4.205600
4.027298
3.504934
3.057515
3.125467
3.058248
3.332232
3.047452
3.276866
3.134660
3.094848
2.707384
2.707384
1.617766
1.389286
1.958455
2.483647
2.488814
2.040528
1.812545
2.012158
1.818348
1.827216
2.694001
2.633863
3.202344
2.368974
3.331658
3.248319
4.812029
4.533793
3.126373
3.195299
3.704772
3.562894
3.528406
4.191240
4.130854
4.205600
3.935263
3.770237
3.935263
3.485852
3.454301
2.822390
3.145690
2.612410
3.272391
2.494061
2.902980
2.112753
2.011359
1.394667
1.332886
1.618414
1.646548
1.706805
1.744181
1.742145
1.986308
1.810188
2.840233
2.681293
3.139637
3.257850
2.663192
2.641553
2.447978
3.329497
2.571652
2.679931
2.643275
4.541718
3.423576
4.577224
4.711965
4.609369
3.386148
3.181545
2.933886
4.508843
4.425635
4.508286
2.908069
3.110905
3.249350
3.500406
3.248056
2.905030
2.548146
2.637957
1.388590
2.103110
1.979341
2.242169
1.817475
2.742371
2.003933
3.369055
2.998065
2.863754
3.797278
4.014641
4.590942
2.976455
2.870425
3.041996
4.599759
3.230325
3.367415
3.362439
4.515049
3.505544
3.980034
3.674289
3.738522
3.508525
3.731648
3.285323
3.575195
2.828610
2.957284
2.366394
1.768820
1.712510
1.721254
1.703714
1.728271
2.255176
2.754052
2.463808
2.925593
3.387590
3.298333
3.387590
3.403437
4.280583
3.811375
3.866324
2.853817
3.623025
3.200294
3.395934
4.536397
3.493198
3.621345
2.833790
2.615737
3.848338
2.744283
3.103693
2.800778
3.041273
3.061014
3.128820
3.096213
3.105475
1.308915
1.292033
1.526971
1.785162
2.610579
2.321893
1.794301
2.838784
2.815899
2.905727
3.257850
2.564176
2.604107
2.112544
4.580891
2.782952
3.398417
3.156975
3.529136
2.725419
4.446380
4.144531
2.980256
3.397603
3.429111
3.397603
2.609071
3.268637
2.121403
1.986022
2.085654
1.869252
2.321893
2.520971
2.449257
2.915488
2.548435
2.621301
2.454467
2.774979
2.645975
2.869761
2.315396
2.607323
2.519970
2.968149
4.609369
3.639855
3.016314
3.343559
2.748582
2.991812
3.623387
3.569749
3.575195
2.914613
2.558477
2.599414
2.399353
2.174028
1.917229
1.233054
1.867422
1.874049
2.249677
2.536586
2.823069
2.576377
2.555228
2.850112
2.917701
2.106349
3.211757
2.004094
2.998021
3.154451
4.283017
4.652507
3.395749
3.493198
3.603441
3.402590
3.266941
3.387134
3.266430
3.284618
3.730760
3.709864
3.436288
2.608436
3.102289
2.367753
2.278163
1.833099
1.902136
1.227886
1.283199
1.577615
2.134176
1.701651
1.633298
2.381419
1.989917
2.091072
1.974243
2.206604
3.259470
2.617096
2.368974
2.282287
3.797278
4.049120
4.623871
4.648836
2.778456
3.078100
4.508843
3.194667
3.147010
3.115435
4.144531
4.250306
3.748860
4.032384
3.133161
3.006142
3.236337
2.818998
2.990771
2.858747
2.244185
2.646357
2.073494
2.300232
1.905374
1.360689
1.620224
1.360038
1.660619
1.908513
2.248054
2.085654
2.536586
2.557531
2.767037
2.739950
2.774120
2.724197
2.357997
4.384884
4.430914
2.595828
3.711807
4.825977
2.882405
4.578264
4.287020
3.266941
3.901951
3.347329
3.599953
3.422240
2.844621
2.796636
2.749709
2.859990
2.290188
2.183235
1.276972
1.264973
1.476522
1.594679
2.013038
2.099430
2.378566
2.462902
2.645975
2.780196
3.246204
4.127748
3.078100
4.188612
4.752343
3.086028
4.825977
4.812029
3.388333
3.848338
4.032384
3.857507
3.891337
3.876157
3.584392
3.276166
3.009911
3.233411
3.133501
2.355129
3.163638
2.990771
2.157805
2.161998
1.574979
1.821984
1.706591
2.229641
2.181452
1.986022
2.308941
2.265035
2.629508
2.467333
2.964384
2.946324
3.118443
2.796177
3.403437
3.864644
2.476130
2.673325
2.711236
3.341628
3.157013
3.523866
3.292471
3.911176
4.311783
4.476226
4.476226
4.287020
3.748860
3.896746
4.058995
3.580292
3.715592
2.931702
3.443359
3.432412
2.711049
3.434400
3.068154
2.965884
2.507567
2.488570
2.439842
1.523682
2.417210
2.354531
2.358069
2.360698
2.767037
2.946324
2.879457
1.903567
1.919616
2.270329
1.915889
2.977343
4.212705
3.750272
4.512611
2.838095
3.101681
4.126091
4.259553
3.683612
3.967053
3.730760
2.750378
2.998345
1.417765
1.300117
2.008417
1.621557
2.826022
2.046081
2.420757
2.366156
2.977343
3.118443
2.938420
2.647588
2.725138
3.641649
3.230745
4.221260
4.560312
4.502680
3.109268
2.931049
3.750272
2.822520
2.946642
2.920226
4.287020
3.369132
4.204988
2.904357
4.032843
3.584392
3.739064
3.188225
3.155091
2.729127
2.821180
2.398916
2.629425
2.364874
2.206850
2.183618
2.123458
1.964700
1.201004
1.434333
1.486416
1.564910
2.219090
1.570380
1.574979
1.890219
1.910647
2.404585
2.514302
2.813257
3.101185
4.617342
2.989992
3.553567
3.972024
4.847965
3.086028
3.655205
3.174767
3.524322
2.823163
2.418231
2.567195
2.420116
2.119118
2.488570
2.008831
1.845497
1.264325
1.720213
1.656678
1.420108
1.583392
2.070478
1.805118
2.244310
2.214860
2.295963
2.782098
2.782525
2.915488
2.955039
2.514302
2.684265
2.896640
3.083559
4.368610
4.388267
4.426280
3.915095
2.878704
3.639245
3.135630
4.278664
4.169930
2.857842
3.188080
2.613611
2.994857
2.725023
2.629425
2.754641
2.583499
2.106718
1.988355
1.953513
1.807788
1.502648
1.476522
1.731683
1.581735
2.358069
2.189471
2.831318
3.140579
3.480855
3.941226
4.167901
4.796888
3.101408
4.730515
2.810024
2.850843
3.174767
3.041323
3.954552
3.621593
3.134110
3.289715
2.534935
2.218807
2.351182
2.239622
2.612386
2.527491
2.352249
2.612386
2.218762
1.725917
2.036269
1.617293
1.686964
1.661004
2.331405
2.502788
2.943966
2.943966
2.938420
2.725138
2.624791
3.028334
4.212705
4.548798
4.617342
3.341628
4.135153
4.328879
4.712420
3.696343
3.308424
3.387861
3.639855
3.285144
4.278664
3.252913
3.011562
2.453410
2.565884
2.254033
2.273449
1.919004
1.851410
1.936954
1.984214
1.119256
1.141340
1.474059
1.946668
2.128322
1.903567
2.137611
2.275257
3.016688
2.644686
2.577637
3.335557
3.479931
4.548798
2.929095
4.475091
4.375383
4.738500
4.698593
4.407713
2.812976
3.655205
4.204988
2.956889
3.893183
4.040092
3.890074
3.134110
2.838757
3.435907
2.076662
2.354231
2.091600
1.149723
1.215534
1.264325
1.297712
1.524431
1.921239
1.990512
1.616843
2.116800
2.219090
2.169195
2.026903
2.319025
1.770496
2.615727
3.021084
2.918156
3.254026
3.360699
3.899600
3.320212
2.696072
4.262854
4.131614
3.041323
3.876157
4.188168
3.739064
3.443359
3.429776
3.000062
2.838757
2.987987
2.315108
1.888739
1.961313
1.935924
1.357610
1.565152
1.914790
2.350601
2.043432
1.613817
2.230426
2.308325
2.440211
2.385579
2.780674
2.615452
2.874954
2.784110
2.784110
2.614066
4.360653
4.339332
3.024467
4.792047
3.320106
3.886639
3.376666
2.813791
2.757403
2.613597
3.357869
3.463783
3.167325
2.987987
3.167915
2.551663
2.315337
2.184156
1.144260
1.171826
1.121787
1.413603
1.420767
1.589153
4.273009
4.053039
3.130637
3.205921
3.447446
3.725339
3.759773
4.120305
4.626463
3.490492
3.005258
2.968079
3.548830
4.419324
4.682751
3.896243
4.429417
2.836381
3.115218
3.445536
3.669379
2.689973
2.873034
3.283265
2.213627
1.171826
1.238868
1.944591
1.578556
1.763347
1.820969
2.697863
2.648793
4.463533
4.063203
2.819903
4.550099
2.906210
3.106198
3.113783
2.880602
2.784186
3.118202
3.830781
3.851686
3.964035
3.909879
3.830781
3.835270
3.657042
4.278664
3.827505
3.832025
4.220542
4.095357
4.395153
3.781518
4.190059
3.583866
3.239627
3.637870
3.880345
3.225293
2.658486
2.617427
2.884133
2.830426
2.815493
2.647629
2.352249
2.480399
2.230010
1.237030
1.342751
1.297171
1.342751
1.742753
1.832070
1.567768
1.698222
2.253648
1.664387
1.742158
2.221691
2.442431
4.157509
4.360653
4.268337
4.569644
4.698831
4.681548
4.167901
2.765989
3.514249
3.232896
2.837139
3.441871
3.835270
3.711046
4.395153
4.126637
4.300958
3.827505
3.103087
3.463783
3.597390
3.563985
3.268014
3.587243
2.934330
2.934330
2.725023
2.526244
2.567222
2.374495
2.585134
2.303734
2.238162
2.146787
1.925692
1.704801
1.731657
1.739467
1.449120
1.548844
1.729710
1.731100
1.911290
2.430732
2.615727
2.660229
2.701023
4.255502
3.042078
4.623200
3.232896
4.668093
4.540384
4.419324
3.863599
2.731504
2.928805
3.072694
3.291031
3.891900
3.906534
2.753693
3.184894
3.369770
2.374495
2.594295
2.051054
1.960689
2.161467
1.857431
1.090855
1.140731
1.062204
1.414555
1.843514
1.731100
1.992871
2.390010
2.795118
2.780674
2.655751
2.577925
4.257017
3.610240
3.864671
4.545761
4.532803
2.893229
4.500341
4.329404
3.621355
3.615112
3.896243
3.456622
3.781518
3.608000
3.893641
2.891352
2.351182
2.287342
2.057145
1.358870
1.358268
1.843514
1.537445
2.043432
2.156848
2.660229
3.111406
3.006729
4.681548
4.433103
4.178631
3.698186
2.889124
3.762232
4.541733
4.426168
3.916330
4.306537
4.423316
3.683300
4.087418
2.885994
4.106452
3.580814
3.293964
2.833570
3.010457
2.574234
2.639560
2.773055
2.773055
2.856451
1.792200
1.139708
1.519892
1.519892
1.421537
1.701924
1.533546
1.832070
1.616843
2.052089
1.917202
2.873046
2.991156
4.336146
2.856871
2.667394
2.831122
3.086342
4.590207
4.624053
3.939726
4.565074
2.674267
2.506745
3.723157
4.310915
3.293964
3.863599
3.577522
2.851424
2.789638
2.230010
1.976349
1.655236
1.398683
1.381788
1.669315
1.616843
1.739752
1.879181
1.801221
1.542033
2.078222
2.395883
3.039696
2.931717
2.765357
2.736134
3.608673
3.446196
2.951655
2.881085
4.474489
4.325281
4.662907
4.161214
3.512951
3.519560
3.506259
3.719289
3.829026
2.861331
3.429365
3.069514
3.010457
2.868340
2.691442
2.599329
2.560349
2.148522
1.066275
1.241793
1.648568
1.656955
1.621708
1.715405
2.037304
3.068290
3.016688
2.344267
2.221691
3.850094
3.715578
3.985958
3.111406
2.945558
4.421077
4.299265
3.204390
4.329404
4.310592
4.500831
4.561547
2.625403
3.793780
2.830786
3.611352
3.167325
2.929888
2.447322
2.259594
2.207306
1.283210
1.666270
1.184776
2.052089
1.956295
1.720313
2.261976
2.358671
2.451367
2.466186
2.531055
3.364009
4.758419
4.714073
4.500831
4.528804
4.389026
3.443477
4.159071
4.018832
3.894587
3.580814
3.309351
3.300707
3.552351
2.812122
2.148522
2.560349
2.148522
2.230010
2.005018
2.318719
2.256488
1.841284
1.704801
1.530664
2.252019
2.246024
1.988354
3.905625
4.127785
3.392781
3.193427
3.781977
3.759947
4.172244
4.500341
2.875157
2.680533
3.048163
3.308087
3.231663
4.205457
4.207570
3.268014
3.004888
2.607478
2.505410
2.123940
2.421738
2.556069
2.481345
2.005018
1.947236
1.841284
1.771649
1.557924
1.557924
1.939716
2.246024
2.466186
2.437817
2.391539
4.119442
3.985958
2.701314
2.882348
2.901169
3.979136
4.104351
4.453633
3.594823
4.325281
2.669932
3.645928
3.185980
4.146880
3.144694
2.892494
2.931084
2.679257
3.050589
3.103311
2.468650
1.896494
1.771649
1.987364
1.856846
1.661172
1.183070
1.307444
1.168216
1.500530
1.304792
1.413018
2.037304
2.365526
1.575275
2.346521
1.675384
2.600774
2.821568
3.039696
2.692430
3.307906
2.715601
2.836894
2.739615
3.594823
3.056305
2.860603
4.705123
3.232896
2.807151
4.339278
4.413913
4.464628
4.052309
3.750913
3.645073
3.836086
3.529194
2.754470
3.189235
2.716204
2.570332
2.341647
2.127708
1.678356
1.605129
1.474269
1.743228
2.138996
2.948351
2.905154
3.506531
3.651042
3.204390
3.235251
2.916101
4.634813
4.556325
3.430735
4.541733
3.583721
4.590207
3.581349
3.234491
3.010457
2.714096
2.633386
2.662175
2.121786
2.121786
1.653753
1.844243
2.113775
1.857909
2.318017
2.587713
2.324388
3.407670
2.609017
2.627862
3.992873
4.184929
3.759284
2.812167
3.972996
4.165221
2.779813
4.305015
4.550602
3.889715
3.639631
3.959236
3.782954
3.529194
2.812122
3.189235
3.296719
2.993231
2.931084
2.009664
2.010631
1.825651
1.776387
1.658114
1.846283
1.907923
1.846283
2.204565
1.923296
1.675384
1.819236
2.063058
2.452843
2.525035
2.496097
3.506531
2.572471
4.152440
3.517492
2.901169
3.010463
2.945126
2.891576
3.338824
2.310691
3.380580
2.994401
2.482663
2.585471
3.073666
3.447958
4.290839
3.702914
2.615030
2.717804
2.898403
2.846007
3.004888
3.450918
2.982731
2.790143
2.601538
2.023664
1.955021
1.969109
1.034677
1.669315
1.969877
2.078144
1.888314
3.535062
3.928210
2.256374
2.763424
3.043154
3.612973
2.795456
4.593122
4.556212
4.411373
4.607882
4.021458
3.478329
3.639631
3.581349
2.828146
2.790504
2.621523
3.066995
2.633386
2.753691
2.744120
2.374378
2.392725
2.790143
1.857965
1.081461
1.303155
1.474414
1.584201
1.643448
1.751171
1.797530
2.054220
2.642933
2.239180
2.510691
3.922226
3.790104
3.853571
4.325281
2.654211
4.527814
2.770163
4.365564
3.613843
3.716480
2.740079
2.707341
3.157142
3.406766
3.375925
2.989718
3.066995
3.296719
2.480966
2.438244
2.447680
1.050202
0.991531
1.560332
2.157853
2.386961
2.387708
2.504356
3.302467
3.173940
3.517492
3.759284
4.329374
4.421077
3.043154
2.929821
3.050562
4.439622
2.588156
3.691009
3.281004
3.572546
3.230836
3.392589
3.268237
2.892494
3.046351
2.142400
1.821054
1.066275
1.969877
1.575322
1.782448
1.864841
2.821568
2.685735
2.165869
2.251279
2.687955
3.352022
4.276839
3.660288
2.651959
2.834856
2.884006
3.553128
3.636091
3.175162
3.442077
4.142225
3.596285
3.465470
3.581349
3.213816
3.006266
3.057384
2.438448
2.564876
2.648257
2.439857
1.996603
2.075444
2.350098
1.654681
1.029733
1.084755
1.584201
1.127980
1.664892
1.567572
1.717520
1.463937
2.087120
2.156271
2.565896
2.563663
3.769729
2.079088
3.117928
3.660288
4.102786
4.142281
3.168203
3.284059
4.102786
2.686188
3.584144
3.232996
3.300133
2.766609
2.662175
2.655496
2.438244
1.001137
1.086262
1.303155
1.548635
1.510049
1.545329
1.643448
1.578362
1.598609
1.282323
1.401461
1.637805
2.502043
2.433026
3.198351
3.232854
2.839921
2.214998
2.422586
2.519302
3.093786
3.495335
3.941718
3.739629
3.664638
3.540408
4.115294
4.215213
4.154193
3.392646
2.929821
4.593122
3.031878
3.956237
3.167798
3.426391
3.000202
3.057384
3.102700
2.828629
2.313668
2.374389
2.626314
1.874653
1.178822
1.371749
1.378420
1.335608
1.492125
1.545329
1.320081
1.634703
1.854459
1.812755
1.502774
2.155176
2.529903
2.629793
2.728593
2.153506
3.681122
3.649245
4.216780
3.739629
3.540408
3.941718
3.823656
3.107121
2.727875
2.714135
4.629119
3.722497
2.783114
3.538930
3.762743
3.000202
2.401170
2.473551
3.313404
3.296719
3.354542
2.540325
2.317048
1.743610
1.019228
1.449083
1.200459
1.804399
2.234523
3.590192
3.840038
3.875851
4.164169
2.916128
3.309176
3.871802
4.094486
4.094486
3.952127
2.618977
2.583302
4.638041
4.141813
2.927418
2.765631
3.031878
3.608925
3.107252
3.313404
2.763679
2.563060
2.561328
2.172208
2.350098
2.102394
1.821427
1.635656
0.967639
1.133143
1.527301
1.677511
1.682311
1.678205
1.564323
1.586447
1.715633
1.804033
1.854459
1.886927
1.900019
1.782809
2.312099
2.400823
2.519013
2.636317
2.717167
4.160608
2.994401
2.519302
3.117928
2.625880
3.782168
2.929222
3.584313
4.115294
3.840672
4.367335
4.450119
4.528715
2.834812
3.720929
3.903054
3.892862
3.390650
3.229119
3.280991
2.268908
2.220548
2.317048
3.102876
2.621354
3.652801
2.743553
2.826052
3.387734
3.769729
3.291972
3.112106
2.655702
2.422586
2.655431
2.801742
3.840504
2.576933
4.364110
2.683275
3.662227
3.175162
3.290535
3.274508
3.392589
2.812223
2.521627
2.567947
2.521627
2.143685
1.975172
1.707224
1.840355
1.498571
1.377543
1.595261
2.493918
2.595858
1.916190
3.257122
2.951401
2.822135
3.428757
3.748122
3.344582
3.117014
2.659830
3.200656
3.585881
2.848848
2.768025
4.473729
4.498623
4.116640
3.266005
2.779186
3.469087
2.878807
2.974290
2.941227
3.022444
2.435894
2.676618
2.445198
2.371792
2.377073
1.894580
1.759968
0.918261
1.003124
0.895983
0.903687
1.278265
1.323353
1.505108
1.753453
1.633358
2.312012
2.263395
3.037534
3.281367
2.697926
3.121866
4.146544
2.656179
2.605044
3.426720
3.906346
3.576438
3.361505
3.146494
3.057384
2.466484
2.577727
2.350098
2.158415
1.344348
1.321407
1.516460
1.530164
1.814978
1.706554
3.186836
2.566585
2.889016
2.768798
3.497688
2.743553
2.663249
3.975920
2.879608
2.453346
2.473876
2.848848
3.883647
2.513317
2.656179
4.067851
4.358783
3.909647
2.963124
2.740079
2.847754
2.845207
3.426246
3.202228
3.325847
3.003619
3.122816
2.868507
2.592982
2.676618
2.371792
2.276483
1.891651
1.867137
1.810711
1.451985
1.564323
1.869324
1.712510
1.996488
1.797715
1.977624
2.088340
3.137123
3.645653
4.081846
4.217828
3.017431
3.051929
2.737976
3.448444
4.010536
4.113212
3.907165
3.385987
4.009005
2.825264
2.753206
3.183050
3.710094
3.896719
3.768157
3.598116
2.859473
3.078223
3.154132
1.910925
1.057745
1.217956
1.285427
1.389964
1.770962
1.776105
1.936576
2.697926
2.889016
3.064013
2.723546
3.377877
3.665037
3.443909
3.288850
3.291972
2.969642
2.712849
3.293933
3.276800
3.577008
3.431307
3.319178
2.748008
3.190989
2.591571
3.043474
2.908007
3.347579
3.192236
3.137906
3.499203
3.655426
3.081137
2.971648
3.018193
3.417443
2.775117
1.889229
1.942968
1.827256
0.882858
0.918261
1.737820
1.623809
1.499451
1.497853
1.815993
2.960113
3.492162
3.860981
3.828078
2.826918
3.750648
4.039452
3.972439
3.885197
3.093706
3.905715
2.200025
3.657117
4.309534
3.657117
3.740436
3.386751
2.865746
2.610872
3.366092
2.764847
2.943941
3.203487
2.686526
2.766609
2.467759
2.407463
1.944170
1.905602
1.830394
1.007191
2.013894
1.800023
1.601914
1.710410
3.570462
4.081846
3.498486
3.105535
3.468583
2.929733
3.974645
3.778788
3.862485
4.074044
3.053645
3.746628
3.711168
3.323701
3.682097
3.426218
2.691983
2.234892
2.415183
1.976482
1.365100
1.962518
2.149974
2.258992
2.068200
2.127463
3.247032
3.030834
2.538231
3.461405
3.338736
3.554256
3.521108
3.652210
3.955816
3.739677
2.775980
3.450315
3.901062
3.498486
3.972439
3.673062
3.596433
4.039452
3.927066
3.918647
2.513317
2.619431
2.719442
2.332821
3.910987
3.687125
4.356595
3.004812
3.852758
3.290535
3.704623
3.123355
3.618324
3.478137
3.457354
2.568343
2.193921
2.477584
2.464147
2.513999
2.361562
2.477419
2.375038
2.275404
2.365466
0.972698
1.075477
1.157422
1.402640
1.136196
1.673604
2.034193
1.894351
1.912864
3.081184
3.123588
3.191257
3.828078
3.718014
2.591277
3.919129
3.909718
3.117379
3.323701
3.064108
3.623259
3.623259
2.484217
2.131633
2.234892
2.341501
2.193562
2.038357
2.149648
2.057827
1.396628
1.376243
1.153675
1.278265
1.205287
1.817461
1.483261
1.909637
1.910800
1.653293
2.422458
1.971734
1.955314
3.137123
3.000260
2.980289
3.083016
3.363244
3.559874
3.046811
3.854470
4.000696
4.134115
2.943209
3.017235
3.285509
3.503196
3.108384
2.717528
2.689897
3.112625
3.645143
3.598116
3.468416
3.453573
2.634857
2.508734
2.756616
2.604960
2.339902
1.889229
1.903946
1.100181
1.041133
1.128772
2.493918
2.400823
2.270300
3.022197
2.898445
2.377507
3.219096
3.299876
2.952540
3.483064
2.678389
4.067084
3.503196
2.810231
3.039795
2.381669
2.796969
2.885186
2.482204
2.165167
2.358888
2.567947
2.329067
1.080381
1.169456
1.204521
1.513247
1.425035
1.758863
1.923248
2.341299
1.894351
1.811700
2.155176
1.909359
3.123588
3.104992
2.961322
3.326674
3.621672
2.746742
3.923277
3.017235
3.963503
4.141813
2.886393
3.383185
3.265979
3.651689
2.624183
2.038481
1.941084
1.909692
2.149974
2.010494
2.343404
1.775843
2.525200
2.711737
2.682448
3.030320
2.938179
3.945658
3.384051
2.821693
3.697654
3.520029
3.438363
3.334775
3.774166
3.596737
3.751220
3.421850
3.504188
3.504188
2.614919
2.924322
2.472541
2.225150
2.194350
2.110132
2.000961
1.342557
1.673958
1.900001
2.204615
2.131927
1.395399
2.256861
1.687737
2.397342
2.123993
2.946048
3.225785
3.225785
3.030320
3.191257
3.595436
2.759135
3.529240
3.573445
3.806029
3.495384
3.494033
2.935664
2.996627
2.903641
2.641406
2.340671
2.468813
2.249832
2.033984
1.950303
0.935623
0.994883
0.934849
1.351792
1.738761
2.000389
1.713626
2.130385
2.093373
2.239196
1.901966
2.039681
1.970071
2.270300
2.386555
1.875913
2.346589
3.402903
3.718014
2.544805
2.676352
3.573445
3.344839
3.745937
3.972439
3.165450
3.716074
2.625132
4.202596
4.202596
2.955480
2.729916
2.896907
3.637909
3.456545
3.109611
2.725899
2.567803
2.452065
2.064119
1.045996
1.570032
1.733730
1.202346
1.991239
2.135209
2.783433
2.449246
2.449246
2.966247
3.173052
3.173052
2.713518
2.624829
3.878429
3.847586
2.817019
3.068140
2.609487
3.321990
2.599902
2.067417
2.067417
2.064119
1.968360
2.101034
0.902754
0.920600
0.956186
1.482682
1.452351
1.011737
1.202346
1.725335
1.843904
2.343404
2.283801
2.267716
2.328592
2.097637
2.325418
3.713938
3.510592
2.656220
2.513342
2.535337
2.239820
2.404549
2.300242
2.188487
2.132029
1.059937
1.111687
1.616394
1.837702
1.670551
1.951778
2.014574
2.267716
2.267354
2.175487
2.831008
2.837008
3.299876
3.508924
2.854358
3.028170
3.421644
3.545055
3.126587
3.271641
2.712371
2.662450
2.192298
2.716919
2.770162
2.785518
3.537891
3.259311
3.112625
3.554927
2.861789
3.493087
3.160129
1.557747
1.392118
1.670550
1.603194
1.648939
1.786242
1.798120
1.445708
1.895479
1.861250
1.951778
2.040012
2.191819
1.696462
1.525982
2.121373
2.805617
3.022197
2.864086
2.664788
3.072806
2.616599
2.691220
3.024382
2.885185
3.796995
3.311848
3.963503
3.580780
2.877164
3.149060
2.637056
2.624174
2.435688
2.400477
1.080943
1.168780
1.079374
1.596284
1.326893
1.886931
1.928349
1.996062
2.910696
2.898445
3.073003
2.786662
2.598931
3.854629
3.091069
2.845490
2.140499
2.517898
2.611334
3.740209
3.564230
3.745395
3.539401
3.426085
2.782932
1.707237
1.891484
1.737134
1.914294
2.429768
1.804645
1.769819
3.739677
3.584095
3.077303
2.901068
3.968204
2.046429
3.299537
2.960362
3.069639
3.530655
3.452523
3.661472
3.632153
2.786901
3.624777
2.449661
2.421388
1.149690
1.260310
1.260310
1.038477
1.481235
2.090451
2.053889
2.139582
1.914294
2.532555
2.486042
2.096858
2.310750
2.893638
3.035179
2.986565
2.751297
3.166026
2.579546
2.499256
3.285534
3.141021
3.329584
3.652876
2.914260
3.474450
3.446302
2.879781
2.631476
2.514663
0.975131
0.878351
0.883179
0.876283
1.059937
1.035824
1.438460
1.968481
2.033488
1.795144
1.808292
1.961320
1.914294
2.187992
1.758498
2.037395
2.731401
2.866602
2.893893
2.601227
3.266254
3.605040
2.574484
3.132338
3.276724
3.652876
2.557812
2.624829
2.747765
3.211018
2.932949
3.445814
3.554927
3.526351
3.360999
3.521942
3.547374
3.459579
3.414381
3.542513
2.739459
2.990980
0.781912
1.379034
1.485637
2.012691
2.111932
2.295705
2.361141
2.426369
2.534186
2.772529
2.893065
3.494066
3.496181
3.732798
2.799402
3.299914
0.865923
1.515003
1.418362
1.849806
2.353407
1.907042
1.651891
2.731401
2.718456
3.410587
3.548752
3.516124
2.574047
2.623233
3.311848
3.322165
3.592712
3.523132
3.220385
3.596003
2.743165
2.610281
2.670631
2.599334
0.841228
0.925440
1.282229
1.404819
1.569556
2.059555
1.992626
2.805617
1.626801
2.641533
2.447316
2.818159
3.003679
3.120394
2.931099
3.410587
3.584095
2.577705
3.594879
3.340075
3.109397
2.981878
3.634069
2.688577
2.788370
2.860284
3.106035
3.089193
2.606917
0.953201
1.080679
1.605852
1.939371
1.813445
1.786035
2.160535
2.389021
2.656721
2.774910
2.801032
2.873109
3.274927
3.356019
2.812244
3.159268
3.320520
3.344206
3.496181
2.984880
3.174825
2.939356
2.696777
2.706797
2.757687
2.757687
2.784494
3.281489
2.780078
1.221568
1.178878
1.396715
1.489121
1.821555
1.766582
2.805617
3.012905
2.635630
3.357683
3.274927
3.210546
3.492373
2.140499
3.046937
1.080679
1.063457
1.351406
2.003728
2.145916
2.341299
2.165324
2.222234
2.686212
2.582831
2.644478
3.376683
3.134100
3.434556
3.456487
3.526994
3.122351
2.507356
2.894463
2.727081
2.929194
3.561131
2.611334
3.355845
2.743539
3.449209
3.558465
3.013106
3.008009
2.159133
2.167582
2.210445
2.091470
2.712513
1.671590
2.898464
2.712634
3.011401
3.410587
2.595900
3.526994
3.206638
3.554570
3.369500
3.357946
2.592993
3.115613
3.119798
3.332797
3.416162
3.395600
3.199754
2.972963
0.818987
1.055981
1.212339
1.596284
2.171172
1.614170
1.471762
2.532555
2.047565
2.219044
1.766053
2.785709
3.238633
2.655542
2.507766
2.525550
3.184423
3.110451
0.850446
1.151691
1.317652
1.939291
1.930358
2.394500
2.221309
2.444746
2.485327
2.731401
2.516461
2.573023
2.726057
2.766415
3.038271
2.792271
3.017961
3.394668
3.475183
2.635089
1.684144
2.950228
0.839755
1.372465
1.372465
2.024754
2.204861
2.296290
1.851584
2.659846
2.751721
2.501239
3.011401
2.952964
3.304549
3.301881
3.048693
2.515992
2.800043
2.553982
2.911626
2.911626
3.303219
3.170627
3.303219
3.353946
3.313055
3.362966
3.328506
3.223018
3.501457
3.194127
1.363236
1.869208
1.508987
2.659846
2.718456
2.126799
2.331696
2.751721
2.701046
2.500447
3.193769
3.193769
3.193769
3.057510
3.410587
2.633988
3.215568
3.273093
3.250167
3.187959
1.934046
0.824373
0.913007
1.241543
1.728876
2.366376
2.263600
2.454121
2.387294
3.059865
3.009998
2.822007
3.085914
3.301881
2.824729
2.686352
2.719064
2.900363
2.635779
0.973594
0.904848
1.221392
2.600858
2.444219
2.858313
3.051616
3.304549
3.124444
3.037868
3.320520
3.104465
2.895485
2.582695
1.266584
2.374334
2.433971
2.465064
2.589108
1.723211
2.878494
2.904687
2.991728
2.407583
2.635320
3.418607
3.342243
2.594563
2.641592
2.643285
2.745946
2.812937
3.313055
2.209490
1.830701
2.663705
1.019544
1.872810
2.132417
2.236301
2.053919
2.255174
2.687495
2.536900
1.686491
2.822127
2.780316
2.822127
2.970813
3.085914
2.894131
2.504338
3.006108
3.104465
2.482106
2.633824
2.251563
2.696777
0.891568
1.939371
2.350329
2.052405
2.200287
2.715577
2.612476
2.604202
3.208418
2.841388
3.035564
1.449729
1.583576
2.630574
0.994504
1.883876
2.319060
2.479417
2.458875
2.458875
1.552622
2.485668
1.766364
2.674174
2.784567
2.991728
2.360094
3.147822
2.985696
2.675272
2.782793
3.196466
0.801807
1.055074
1.367189
1.967535
1.854530
1.896934
2.418042
2.471833
2.343793
1.749719
2.690845
2.531625
2.759812
2.941908
1.548452
3.010288
2.976395
3.296818
3.110482
2.784482
2.985112
2.766651
2.403620
2.875041
2.090833
1.985578
2.363795
1.943112
2.168672
2.087078
2.690845
2.554198
2.478555
1.633684
2.466330
2.976395
3.059617
3.066630
3.092628
3.122979
3.199521
2.535995
2.468486
2.547431
2.258383
1.675545
3.202621
1.081441
1.761171
2.280361
2.199207
2.175665
2.353769
1.597754
2.343793
2.541798
2.821381
1.645822
1.661261
2.856813
3.208418
2.435638
2.717259
0.922456
0.866120
0.868001
1.492828
1.909241
1.417359
1.964737
2.026713
1.897475
2.262357
1.439198
1.511038
2.031509
2.430559
2.715577
2.717545
2.970696
3.119368
2.382485
2.646708
2.443920
2.580555
1.714566
2.571064
2.975509
3.087521
2.785086
2.763614
0.823930
0.818852
0.910320
1.120298
1.262603
1.775034
1.827239
1.929061
1.915552
2.302837
2.356058
2.344993
2.417726
2.481068
2.221122
2.575004
1.706611
2.407737
2.318532
3.009998
2.505553
2.740356
1.473428
2.573505
2.763694
2.316456
2.064640
2.489419
2.606710
2.371526
2.625033
2.415627
2.879463
2.630320
2.995605
2.271124
3.061175
3.199625
3.061950
3.037565
2.545054
0.852241
0.860333
1.248911
1.597446
1.634090
1.827239
2.066837
2.172538
1.597754
2.725737
2.677686
2.759812
2.207416
2.748844
2.770243
3.056711
2.816482
3.035625
3.043087
3.019724
2.691578
2.589860
0.898898
1.168836
1.505578
1.363329
2.433502
2.273221
2.408413
2.372782
1.805448
1.645822
2.276131
2.594952
2.880226
2.621445
2.959878
3.051439
2.317121
2.432797
1.929056
2.468486
2.792267
1.872518
0.972691
1.038461
1.306802
2.079811
2.163576
2.129136
2.065894
2.322720
2.312480
1.633777
1.883951
1.656770
2.266682
2.189840
1.681758
2.823812
2.985375
3.091576
2.850881
3.119368
2.532112
2.238585
2.665447
2.941978
2.576326
1.929207
2.102105
2.912943
2.885894
2.605207
1.127729
1.012590
1.120298
1.799314
2.168672
2.554198
2.080747
1.815250
2.643815
2.121043
2.167644
2.593857
1.846617
2.653256
2.843699
2.630320
2.746996
3.072196
1.304016
1.242905
1.200156
1.284487
1.597446
1.474618
2.068069
2.269997
2.203468
2.383885
2.383321
2.478087
2.215850
2.434956
2.083534
1.819402
2.568803
1.971770
2.606006
2.593857
1.658809
1.835271
1.684225
2.478869
2.522654
2.724658
2.600208
2.846699
2.803249
2.438757
1.601614
1.740533
1.242905
1.175796
1.418380
1.284487
2.438172
2.451069
1.936758
1.824232
2.119413
2.122528
2.763258
2.442368
1.455919
2.389428
2.533851
2.679005
2.335567
3.043087
2.409577
2.585881
2.263621
2.081808
2.930515
2.081808
2.102105
1.469286
2.910455
0.954311
1.504188
1.477680
2.438172
2.404348
2.295799
2.295469
2.479840
2.238855
2.568803
2.296891
2.349806
2.205162
2.201889
2.287343
1.688523
1.983622
1.894837
1.412768
2.418561
1.895402
1.897705
1.762712
2.768047
2.903912
2.900853
2.956124
2.622530
2.337925
2.814237
2.475229
0.957808
1.009505
2.314210
2.372782
2.462106
2.085563
2.108359
1.853025
1.524151
2.555225
1.548293
2.853387
2.844004
2.306228
2.389428
2.668529
2.775374
0.969731
2.393407
2.336154
2.313125
2.240948
2.248703
1.997721
2.014421
2.661199
2.026371
1.897705
2.791061
2.815375
2.734101
2.441062
2.342820
2.642983
2.481880
2.705169
2.566245
2.434956
2.385326
2.261300
2.261300
2.552696
2.052739
2.848482
2.180608
2.164613
2.294570
2.711762
2.572385
2.334571
2.409113
2.300688
2.462106
2.347793
1.609268
2.814975
2.500338
2.549883
2.220325
2.351860
2.357181
2.218634
2.114708
1.778905
1.889437
2.708845
2.600513
2.595391
1.393018
2.442368
2.520571
2.537191
2.734101
2.475219
2.326326
2.399252
1.778905
1.407722
1.615589
2.369763
2.434084
2.481789
2.140431
2.019004
2.276083
2.321817
2.138716
2.114708
2.082700
2.216125
1.905921
1.917400
2.549326
2.484631
2.810364
2.005609
2.537191
2.224980
2.690475
2.439309
2.676361
2.420168
2.429069
2.222141
2.300688
2.010566
2.300688
2.080734
2.400281
2.378924
2.373182
2.534824
2.584686
2.635082
2.653162
2.595391
2.848482
2.848482
2.338013
2.329224
2.261899
2.586486
2.470763
2.387756
2.566104
2.566104
2.753188
2.220180
2.236250
2.497845
2.325402
2.349263
2.429462
2.407350
2.602139
2.143384
2.265230
2.199448
2.290243
2.552931
2.480165
2.417022
2.246594
2.387756
2.150919
2.820052
2.785085
2.428799
2.724694
2.119614
2.222801
1.976075
1.986735
1.853835
2.479442
2.661199
2.584686
2.148656
2.196883
2.228595
2.183161
2.494258
2.606314
2.516584
2.276083
2.101283
1.961176
2.193493
2.128685
1.917910
2.432689
2.398874
1.935067
2.392375
2.347413
2.376358
2.373076
2.292846
2.788851
2.628083
1.998690
2.118739
1.938111
2.189009
2.253034
2.563167
2.192972
2.546408
2.297246
2.064464
2.423896
2.265942
2.312322
2.551921
2.636737
2.437100
2.113687
2.004509
2.312294
2.180111
2.423896
2.249643
2.168261
2.251367
2.438029
2.032667
2.050463
2.272103
1.868254
1.858650
2.049310
2.270967
2.365888
2.225082
2.129486
2.246116
2.469419
2.189301
2.167488
2.287400
2.007212
1.998185
2.111229
1.979121
2.189217
1.758923
1.924765
2.272404
2.361063
2.123594
2.254526
2.271017
1.740840
1.771964
2.275305
2.166896
2.412929
2.027872
2.130054
2.321697
2.170273
1.964646
1.969969
2.075303
1.995238
1.774150
2.303509
2.099603
1.543539
2.179708
2.138702
2.270967
2.061527
2.039517
1.866930
2.245230
2.392375
2.165373
2.270967
1.899597
2.330485
2.248693
1.893746
1.989267
2.398874
1.794507
2.159359
2.248949
1.853793
1.826560
1.718557
2.249643
2.135114
2.067268
1.980283
2.006107
2.247935
2.247935
1.438679
2.156505
2.308318
1.740870
1.527184
1.531796
2.103742
1.819044
2.139628
2.070088
2.141369
2.389246
2.234676
2.081761
2.309666
2.188527
2.202996
1.650068
1.787328
2.330485
2.027415
2.024051
2.090144
1.441963
1.971126
1.971126
1.918358
2.207654
1.715991
1.827140
1.775561
1.873082
1.763425
1.523147
1.752579
2.184002
2.099247
2.096370
1.878436
2.358870
1.875399
1.886735
1.935336
2.097696
2.119216
2.072886
2.095774
2.125551
1.788147
1.446761
1.967424
2.004726
2.098717
1.715828
2.128647
1.735709
1.487704
2.097973
1.976568
1.889177
2.011380
2.098855
2.103239
1.736932
1.823285
2.143404
1.900898
1.914507
1.798042
1.893151
1.662045
1.935929
1.899140
1.567513
2.061339
1.953121
1.514900
1.752579
1.707258
1.614298
1.845140
1.808582
1.898824
2.057945
1.978752
1.950530
2.034003
2.143095
2.090891
1.898824
2.008601
1.871840
2.006257
1.896161
2.046420
2.013344
1.444789
1.612358
2.005680
2.024368
2.018042
1.746487
1.748895
1.685071
1.769873
1.774781
1.921106
2.004757
2.116130
1.963752
1.616845
1.757560
1.698307
1.746360
1.405616
1.361107
2.005680
2.057955
2.010746
1.605108
1.642449
1.742214
1.704848
1.814483
1.732132
1.586997
1.697571
1.922957
1.899625
1.422207
2.051017
1.698124
1.736696
1.803306
1.970394
1.995166
2.020475
1.779928
1.830744
1.891828
1.777311
2.131839
1.861012
1.519535
1.315570
1.913342
1.289985
1.540787
1.276204
1.887585
1.854441
1.939184
2.046420
2.038758
1.901084
1.579352
1.632246
1.642624
1.880030
1.272072
1.913342
1.933601
1.752151
1.631577
1.678118
1.277297
1.784419
1.896699
1.534758
1.494134
1.625549
1.904308
1.398322
1.374469
1.339128
1.705087
1.198375
1.760854
1.820998
1.454298
1.584598
1.806398
1.593290
1.707555
1.581274
1.370407
1.705087
1.699524
1.786682
1.779713
1.773888
1.492458
1.586997
1.635340
1.504902
1.617722
1.568990
1.650653
1.672559
1.773351
1.672559
1.258134
1.896699
1.827733
1.450490
1.484185
1.493536
1.195841
1.784419
1.737823
1.271405
1.950412
1.663050
1.428731
1.502346
1.536200
1.594208
1.391034
1.803361
1.574367
1.384663
1.258929
1.711267
1.271484
1.949753
1.235104
1.362321
1.544039
1.512365
1.810194
1.444791
1.444661
1.424550
1.377415
1.344407
1.359147
1.347297
1.608352
1.340825
1.641615
1.641615
1.789618
1.815753
1.697578
1.692890
1.826565
1.712789
1.712234
1.431362
1.445030
1.553646
1.586098
1.641741
1.727124
1.195841
1.193005
1.326275
1.302903
1.442815
1.659823
1.257404
1.283878
1.637544
1.568423
1.269915
1.413559
1.461574
1.331160
1.317355
1.696950
1.694810
1.692851
1.569460
1.350722
1.351085
1.628572
1.451133
1.522654
1.404233
1.402200
1.464231
1.357405
1.308196
1.478120
1.574513
1.489860
1.524467
1.338843
1.226174
1.243484
1.283459
1.471991
1.513514
1.550037
1.543386
1.565598
1.617465
1.507072
1.465671
1.529049
1.525824
1.353425
1.302173
1.294509
1.556331
1.654614
1.520742
1.507514
1.399843
1.413831
1.412323
1.439820
1.412755
1.452932
1.494768
1.276696
1.395889
1.277777
1.235952
1.517891
1.291204
1.350531
1.333932
1.294408
1.416468
1.449139
1.325564
1.376349
1.365619
1.336015
1.314570
1.349215
3.170627
1.653528
1.685442
1.630966
1.519234
1.519234
1.519234
1.750952
