5448 1 3
0.601059
0.598159
0.704007
0.645905
0.608367
0.572590
0.378874
0.374892
0.441788
0.603460
0.884038
0.830708
0.658528
0.381137
0.541393
0.432513
0.619103
0.860021
0.496759
0.534730
0.438414
0.620155
0.687399
1.226911
1.086964
0.743426
0.661502
0.987196
1.438147
0.996442
1.125537
1.114834
0.982437
0.873820
0.751590
0.716662
0.807333
0.794598
0.977989
1.006634
0.918756
0.910137
1.277656
0.963009
1.075146
0.457651
1.177270
0.939229
1.290365
1.024375
0.939065
1.120857
1.316043
0.551954
1.030163
1.502157
0.857241
0.972391
0.883325
0.781769
1.169518
1.067704
1.121114
0.999671
0.799041
1.289690
1.204363
1.459318
1.444762
0.914687
0.991078
0.886250
0.781854
1.384049
0.714311
0.931510
1.048434
0.895911
1.314606
0.851354
0.768211
1.251015
1.024375
1.032539
0.939065
1.136038
1.000273
0.943223
0.748127
1.753097
0.927536
0.879546
0.902586
1.061873
1.101568
1.344249
1.465586
1.321289
1.211551
0.653743
1.464515
1.021209
1.050557
1.143800
1.013249
1.505442
0.930101
1.904242
0.931391
1.904598
1.401908
1.648313
1.942315
1.971982
1.471094
1.129987
0.949391
1.754919
1.840048
1.837240
0.944775
0.913217
1.512692
0.955859
0.891181
0.955500
1.329657
1.270195
0.898594
1.809934
1.986342
1.919006
1.932888
0.992179
0.909023
0.955859
0.866597
1.270316
0.893035
1.322344
1.405827
1.718759
1.461813
1.427533
2.175040
2.039219
2.281528
2.540913
2.652357
2.392783
2.156814
2.149314
1.869645
2.075537
1.736866
0.945986
1.107644
0.972440
0.901381
0.968981
0.923108
0.835073
0.923019
1.563608
0.918262
1.688200
0.773464
1.120751
1.540942
1.551512
1.111961
1.789703
1.986396
1.121955
2.108665
1.901839
1.411930
0.873665
1.015635
1.059869
1.525338
1.434770
1.797410
2.045211
2.162444
1.794681
1.778594
0.990216
0.942065
1.615331
1.433222
1.663372
1.432886
1.120751
1.172146
1.282041
0.961153
1.130905
0.948181
1.974374
1.818712
1.185962
2.482888
1.958418
1.816520
1.737965
1.456555
1.768988
0.902272
1.001735
0.914399
1.309251
1.681055
1.780134
1.878581
1.831087
1.271766
1.498647
2.579279
2.054602
2.365792
2.245157
2.062726
2.135368
2.472544
0.925312
1.066358
0.982624
1.663372
1.701609
1.629840
1.270118
1.661248
2.497235
2.485645
2.430678
2.681408
1.656070
1.991627
1.900338
0.996470
0.934352
1.003053
1.485174
1.194754
1.423366
1.050081
1.159711
1.039711
2.447203
1.921824
2.437257
2.497235
1.895504
1.730990
1.774575
1.004382
0.988441
0.821954
0.891780
0.990896
1.557020
0.974824
1.656676
1.497155
1.701609
1.389318
1.210829
0.997379
1.834400
1.324006
1.761653
1.205605
2.194961
2.710035
0.970914
2.345083
2.522525
2.202622
1.779050
2.901247
2.237293
2.636446
1.402032
1.507854
0.943297
1.011638
1.015424
1.664051
1.739663
1.765919
1.712014
1.329531
1.649914
1.512239
2.787410
2.636446
2.899147
2.548566
1.510043
1.394537
0.945866
0.995833
0.926826
0.968110
1.321926
1.038479
1.883187
1.430254
1.006854
1.051339
0.911693
0.959086
0.959690
1.053496
0.885338
1.632150
1.353357
1.458271
1.908370
1.890573
2.109514
1.263481
1.079871
1.250026
1.486951
3.057925
1.831927
0.888486
1.100047
0.944806
0.955365
0.949178
0.949178
0.870991
1.741106
1.765919
1.352317
1.286817
2.126503
2.387395
1.965558
2.194961
1.615344
2.497060
2.634218
2.626392
2.336551
2.899658
2.582099
2.244219
2.365792
1.438255
1.325492
1.007079
0.953145
0.955728
0.961073
1.015424
1.881189
1.517762
1.641756
1.675592
1.267839
1.377884
1.228200
1.250026
2.298443
2.421754
1.997054
2.714496
1.254530
1.433032
2.299242
2.536726
3.304061
2.333983
2.336551
2.430678
1.799479
1.347933
1.166780
0.866983
1.060646
1.041539
0.962864
0.966803
1.205242
1.172146
1.388561
1.919594
1.425013
2.932561
3.228191
2.287688
2.163485
1.222631
1.649646
1.000226
1.039574
0.990512
1.034033
1.499913
1.888631
1.675937
1.816314
1.427253
1.787374
1.847351
2.275288
2.421690
2.615263
2.583057
2.482442
2.793961
2.793961
1.101736
1.074306
1.091523
0.978707
0.984849
1.562148
1.119074
1.625700
1.014097
1.026234
1.794279
1.905145
1.218330
2.266844
1.397110
1.548798
2.417527
1.473902
2.681408
1.639998
1.461367
1.123441
1.326053
1.083936
0.954622
1.067156
0.852816
0.840628
1.003165
1.164049
1.678044
1.293615
1.856276
2.001510
1.134449
1.259498
1.688286
1.788473
3.114006
2.794277
3.057925
2.704010
2.974293
1.746308
2.135598
1.820238
1.182219
1.107993
1.200035
1.986300
1.527758
1.860492
1.337095
1.977688
1.409382
1.105200
2.419353
2.447815
3.121002
2.950154
2.482442
1.144510
1.063746
0.975477
0.866309
1.164117
1.808878
1.994362
1.457301
1.527758
1.062395
1.547289
1.485672
1.209583
2.159217
1.345618
1.514405
2.334430
2.439831
2.990201
3.193472
1.852570
2.933506
2.888272
1.848333
2.038239
2.046104
1.364080
1.119857
0.897429
1.188382
0.988690
0.993542
0.974469
1.690379
1.333978
1.496537
1.405683
1.432794
1.528171
1.343582
1.642080
2.475182
2.188087
2.625479
2.650139
2.504476
2.324166
2.757436
3.228191
2.622230
1.455024
0.926376
0.893645
1.167155
0.895387
1.580009
1.549792
1.560289
1.230377
1.773651
1.047500
1.724059
1.906107
1.082886
2.211468
2.475182
2.281289
2.504476
2.626392
2.622230
1.057992
0.983617
1.026569
0.941509
0.931396
1.967555
1.021377
1.855860
2.248685
2.511833
2.420853
1.192286
2.135598
1.460238
1.442519
0.994903
1.375412
1.520915
1.865876
1.443148
1.590667
1.378626
1.666654
1.470965
1.534477
2.521355
2.909825
2.964321
1.958498
1.631521
2.623468
2.731873
2.601500
1.561551
1.029351
1.130112
1.499832
1.493285
1.458131
1.373630
2.132436
1.859415
2.660466
2.623858
1.602152
3.063326
2.101354
2.279804
1.699035
1.977616
2.841595
1.610411
1.305751
1.189895
1.236767
1.767203
1.896692
1.638885
1.501858
1.501858
1.336317
1.969567
1.707947
1.707947
2.015859
2.148791
2.579847
1.113215
2.510939
2.417963
2.627943
3.166354
1.925338
2.828290
3.033982
2.405300
2.954468
3.193472
2.875788
1.763142
1.117689
1.063128
0.987018
1.038360
1.056012
1.349931
1.082886
2.562377
1.951038
2.929163
1.623759
2.933506
1.945452
1.848431
1.496413
1.790270
1.798299
1.501705
1.766590
1.464744
0.932156
1.049558
1.144858
1.103703
1.114978
0.996617
1.124085
0.961871
1.363184
1.458131
1.820767
1.300394
1.372524
1.231470
1.310030
1.378209
1.760820
1.669165
2.532786
2.228790
3.103652
3.167883
1.827605
2.784872
3.102422
1.452172
1.117513
1.483361
1.424670
1.450481
1.124085
1.410246
1.401998
1.820767
1.342402
1.300920
1.428189
1.243401
1.405683
1.797760
1.162171
1.123846
1.008657
2.211468
2.033459
2.189755
3.090248
2.679283
2.466434
2.643175
2.124743
1.616803
2.735963
3.198303
2.949222
2.705661
1.796709
2.769099
2.623468
1.452172
0.934033
1.289404
1.380339
1.397430
1.517383
1.401998
1.882928
1.880352
1.613015
1.530122
2.377541
2.510939
2.507718
2.929163
3.020533
2.860300
2.718149
2.518021
2.150795
1.317806
1.309082
1.523959
1.832767
1.346202
1.394599
1.454950
1.767128
1.998012
2.155221
2.238461
2.736603
3.090248
2.753066
3.108620
2.593305
1.807646
2.351470
1.455024
1.721280
0.990121
1.134067
1.024367
1.568912
1.045053
0.915663
0.963482
1.064078
1.334311
0.988297
1.697646
1.630142
1.461359
1.750964
1.044694
1.411116
1.705908
1.440099
1.330879
1.611161
2.107008
1.833202
2.228790
2.580553
2.492427
3.079210
1.370906
1.427031
1.049600
1.540306
1.173988
1.516638
1.631718
1.468216
1.619921
1.800002
1.730664
1.285351
2.307065
2.579847
2.719309
2.864791
1.912413
2.962335
2.690153
2.937558
2.984590
2.790875
1.724291
1.965979
2.406487
1.422689
1.161444
1.524267
1.114507
1.480056
1.882928
1.743700
1.588419
1.561530
1.805697
1.349219
1.659507
1.454950
1.985714
1.967088
1.921055
2.351701
2.420853
2.131725
2.071685
1.689508
2.623858
2.771550
1.847431
2.668833
1.945452
2.173473
2.731873
1.782095
1.931513
1.979575
0.966732
1.156209
1.078498
1.075439
0.983710
1.041909
1.224879
1.711960
1.719284
1.325196
1.328376
1.248562
1.325196
1.800002
1.124966
1.258646
2.338958
2.887567
2.569498
1.730320
2.487625
2.454096
1.501102
1.477281
1.506584
1.931513
1.643055
1.071851
1.068069
1.035592
1.307560
1.637555
1.921441
1.160305
1.489308
1.991843
1.802870
1.634806
1.705380
1.766841
1.779205
1.751274
2.189755
2.894825
2.235240
2.867918
1.542799
1.814843
2.982253
1.945452
2.183167
2.570020
2.782367
3.108620
2.197559
1.980282
1.980282
2.327846
1.053086
1.315780
0.882400
1.025245
1.516996
1.342504
1.386340
1.351894
1.567777
1.476484
1.578045
1.609333
1.777965
1.939464
1.075709
1.182948
1.241390
1.693211
1.492202
1.418663
1.376205
1.376205
1.311904
1.816792
2.007107
1.556544
1.775944
1.893277
2.011101
2.431288
2.211770
1.430240
1.201081
1.759072
2.185546
0.954300
1.667784
1.369732
1.866247
1.447953
1.468210
1.718648
1.551639
1.618172
1.957500
1.172149
1.640292
1.664286
1.380800
1.457000
1.914390
1.670274
2.376026
1.556544
1.435166
2.235240
1.689508
2.691734
1.771158
2.771550
2.786249
1.557943
1.595832
0.981159
1.711421
1.782987
1.021243
1.365070
1.179453
1.004751
1.133961
1.267763
1.890856
1.438584
1.619921
1.797435
1.082649
1.468216
1.705364
2.205879
2.205879
1.721735
1.812865
2.141781
1.812865
2.676042
2.200368
2.751451
2.784593
2.780340
2.452109
2.474224
2.522856
2.428625
1.558254
1.749764
1.229013
1.774372
1.876797
1.212765
1.755739
1.796881
1.248562
1.413867
2.436742
1.787396
1.483909
2.680488
2.699744
1.508595
2.401541
2.643175
1.534201
2.736603
1.870327
2.174278
2.047324
2.500623
1.958719
1.176645
1.817140
1.862448
1.148408
1.073250
1.556967
1.628452
1.592319
1.600287
1.082159
1.748336
1.704256
1.749442
1.382518
1.797915
1.909357
1.753311
1.231318
1.408350
2.053855
1.673456
2.631018
1.619957
2.743177
2.051420
1.447327
2.213298
2.723207
2.174278
2.303065
1.881140
2.303065
2.123695
1.592296
1.785143
1.732392
1.544121
1.000286
1.413765
1.471960
1.778248
1.769175
1.684132
1.501011
1.468022
1.524233
1.635502
1.502602
1.454320
1.355686
1.163579
1.073565
1.611188
1.816792
1.605412
1.890715
2.615896
1.877976
2.175201
2.452343
2.577476
1.155890
1.229446
2.488833
2.496647
1.468805
1.959220
1.611907
1.255960
1.361146
1.685288
1.561777
1.367744
1.613934
1.617026
1.705174
1.561358
1.618926
1.629199
1.919385
1.749442
1.719515
1.391339
1.781775
1.719530
1.091477
1.160305
1.686838
1.783367
1.278582
1.407430
1.359020
1.111601
1.056701
1.056701
1.244602
2.680689
1.396621
1.660828
1.751274
1.589576
2.896785
2.428889
2.594268
1.730827
1.693617
2.787390
2.702886
2.314238
1.905959
1.661174
1.427031
1.029050
1.657674
1.405077
1.858569
1.714028
2.135326
1.700423
1.380702
1.207925
1.453233
1.568688
1.080971
0.971012
1.502381
1.007901
1.248562
0.972569
1.152373
1.697119
1.864690
2.468057
1.096691
1.933350
1.742917
1.268721
1.125744
1.059955
1.281548
1.367757
1.202915
1.724618
1.870589
1.862039
1.724944
1.512132
1.145277
1.262411
1.307831
1.495710
1.224353
0.909884
1.279220
1.683462
1.641692
1.386804
1.172149
1.755364
0.988468
0.971012
1.182948
1.502602
2.083563
1.996751
1.281819
2.504165
1.273893
1.812865
1.557684
1.775490
1.557684
1.803068
2.822097
2.991782
2.780340
2.123695
2.008131
2.134176
1.378523
1.030958
1.104589
1.063671
1.787784
1.697237
2.073091
1.279220
1.104926
1.385371
1.498177
1.073565
2.054681
1.244602
1.143946
1.366720
2.436742
2.165470
2.294849
2.691734
2.829762
2.257032
2.068357
1.911395
2.446491
2.185546
2.068738
1.031899
1.367757
1.483191
1.576687
1.338651
1.360180
1.567692
1.758536
1.917845
1.717380
1.506647
1.022674
1.295143
1.635339
1.073829
1.707265
0.905454
1.085591
1.438938
1.357304
1.180928
1.551293
1.245902
1.468091
2.355322
2.510296
2.327578
2.355322
1.067487
2.419153
2.667921
2.746027
2.487169
2.468963
2.334962
2.320274
1.774307
1.853046
1.123226
1.585706
1.560669
1.556228
1.394679
1.917845
1.446813
1.620071
1.405426
1.116127
1.022674
1.051270
1.433138
1.350080
1.358132
1.494453
1.120820
1.446051
1.697119
1.999241
1.663681
2.382003
2.642051
2.388510
2.702886
2.571916
2.760546
2.522121
1.933350
1.289389
2.568089
2.605256
2.298348
1.822114
1.630217
2.271281
1.953805
2.022496
1.421820
1.196238
1.140122
1.483313
1.409209
1.428325
1.407964
1.436983
1.709018
1.368402
1.790607
1.902416
1.731974
1.328889
1.720720
1.569043
1.451298
1.452476
1.162254
1.316739
1.326272
2.315373
1.697119
2.102550
2.806620
2.004019
1.319825
2.141781
2.092823
2.373543
1.759194
2.187824
1.367318
1.500363
2.260649
2.512932
1.588115
1.186930
1.363108
1.405426
1.761508
2.050955
1.216374
1.380702
1.558398
1.409924
1.063229
0.972569
1.100349
1.464236
1.851735
1.011528
1.014056
0.999794
1.127496
0.950896
1.067487
1.557203
1.692179
1.581245
2.726364
2.108116
2.781844
2.587603
2.766199
1.644831
1.892945
1.902311
2.675041
2.093683
2.405852
2.405852
1.830249
1.325847
1.668364
1.094598
1.239464
1.320253
1.330274
1.456616
1.438562
1.316098
1.524090
1.134873
1.436983
1.134873
1.763964
1.138637
1.253088
1.362549
1.847829
1.835081
1.771633
1.495190
1.001047
2.788508
0.904393
1.392816
1.235246
1.871097
2.434306
2.781844
1.827299
2.733396
1.639218
2.192082
1.605730
2.038785
2.558682
1.539198
2.385723
1.822114
1.742156
2.054219
1.388802
1.585600
1.665608
1.018216
0.927154
1.279324
1.064091
1.219798
1.400924
1.912205
1.617865
1.476152
1.576817
1.627559
1.599299
1.663507
1.635502
1.063229
1.142200
1.098810
1.159314
0.997452
1.378180
1.238377
2.595214
2.385185
2.596309
1.319825
0.984492
2.383062
2.092049
1.872358
1.851992
1.779422
1.584427
2.303463
1.043205
2.500309
1.645215
1.133936
1.645215
2.525624
2.500309
1.146432
1.100435
1.094283
1.389601
1.513375
1.612737
1.521284
1.213612
2.315373
0.999794
2.609059
2.108116
1.631096
1.830041
1.988345
1.763568
1.709951
2.071209
2.465978
2.650695
1.892945
1.837177
1.791234
1.780135
2.220751
1.284618
1.528897
1.942933
2.222358
2.497094
1.851474
1.474047
1.646609
1.076578
1.208002
1.076748
1.291286
1.744497
1.477824
1.473267
1.462878
1.381572
1.864341
1.703059
1.386031
1.397519
1.297269
1.429279
1.171499
1.440434
1.363430
0.973086
2.533669
2.757205
1.259461
1.235246
1.975662
1.915025
2.318264
2.185487
2.346511
1.482016
1.618525
2.460842
1.670247
1.539198
2.525624
2.158831
1.774087
1.512463
1.556743
1.247622
1.194315
1.620071
1.513375
0.963084
0.853997
1.172149
1.350951
2.028063
2.188510
2.662085
1.392278
0.975257
0.990586
2.021810
1.485504
1.958741
1.482016
1.827299
1.621356
2.772817
1.941371
1.403359
1.566585
1.735030
1.973004
1.602182
2.980687
2.016673
0.990779
1.373722
1.387584
1.256793
1.164736
1.485848
1.691929
1.249474
1.756752
2.563974
2.835217
0.943805
2.472114
1.241657
2.028857
1.954096
1.994885
2.070771
1.537939
1.882488
1.791234
1.940339
1.739070
0.938937
1.873769
1.264449
2.022496
1.411319
1.669492
1.038890
1.184169
1.524286
1.490411
1.636309
1.394240
1.203095
1.017791
1.323305
1.408444
1.731974
1.990224
1.875047
1.406987
1.323305
1.399465
1.298089
2.326624
2.358283
0.950827
1.406567
1.359990
1.994885
1.958741
2.443873
1.638146
1.586074
1.384742
1.384997
2.556780
2.026680
1.685362
1.555583
1.512463
1.487642
1.402840
1.017791
1.848138
1.672204
1.353151
1.395781
0.973655
1.423268
2.633324
2.812432
2.637252
1.325230
1.364668
1.627262
1.332699
1.863838
2.303463
1.873769
2.595549
1.142953
1.414989
1.554145
1.483244
1.439870
1.350705
1.301304
1.017791
1.017791
1.230239
1.389840
1.546896
1.446017
1.576383
1.470575
1.440553
1.476006
1.822385
0.985446
2.212096
0.906035
2.760826
2.757205
2.835217
1.941728
2.048958
1.807656
1.921034
2.517654
2.509852
1.795459
1.837177
2.450340
1.023871
2.426637
1.506952
0.992222
1.313416
1.719141
1.077627
1.636309
0.998178
1.466095
1.510963
1.291953
0.813388
1.014614
2.099885
2.718790
2.636030
2.633324
1.842760
1.970763
1.758494
1.773826
1.197592
0.950865
1.891497
2.923747
2.053887
0.964658
1.050892
1.090058
1.112010
1.521342
1.448404
1.210267
1.332250
1.503448
1.012015
1.826182
1.092630
1.535120
1.294735
1.491645
1.339421
0.962621
0.973655
1.496840
2.225835
2.502402
2.662085
1.441935
1.438566
1.728786
1.724932
1.361366
1.379354
1.179246
2.447327
2.363507
1.773826
1.709553
2.033343
1.481872
1.793823
1.981486
1.005205
0.998366
0.959867
1.106770
1.035826
1.198491
0.998366
1.096641
1.541359
1.199505
0.857921
1.151931
1.264855
1.194315
1.012015
1.708983
1.679615
1.777065
1.485848
1.633047
1.367114
0.779597
1.191850
0.986614
1.920264
1.241657
2.760826
1.131616
1.493112
2.022292
1.830868
1.782343
1.807656
1.525123
1.719564
2.291217
2.318861
2.975174
2.700570
1.646237
1.483244
0.797830
1.203184
1.897504
1.914692
1.156194
1.123111
1.156194
2.633324
2.308156
1.392278
1.163350
1.441935
1.486745
1.826380
1.914697
2.178250
2.260427
2.655045
2.026680
0.953410
2.765351
1.505637
1.620641
3.144157
2.557811
1.344225
1.546013
1.333836
1.638081
1.625005
1.377489
1.686763
1.227508
1.035947
1.097359
1.235713
1.569380
2.464319
2.538799
1.092247
1.046253
1.056436
0.908163
1.970240
1.954802
1.361065
1.734359
1.441388
1.827896
1.384997
2.113480
2.386947
2.289426
2.323987
2.064024
0.917840
1.943071
2.996993
2.874942
2.616155
2.318861
1.481045
1.046552
1.628964
1.646237
1.252598
1.344107
1.347481
1.301901
1.528063
2.060246
1.529732
0.970505
2.282743
0.955725
2.703830
2.748187
1.495568
1.516126
1.523984
1.521613
1.586032
1.399899
1.931679
1.446141
2.123708
1.719564
2.291217
1.878424
1.891497
1.943071
3.229485
1.728266
1.132822
1.681780
1.381385
1.443738
1.191945
1.228582
1.210267
1.252598
1.203184
1.679615
1.071528
1.071528
0.495218
0.966201
2.595684
2.397973
0.864282
0.704027
0.818912
1.046253
2.379643
0.943805
1.475033
1.553065
1.728786
1.863192
1.663765
1.423412
1.076380
1.663336
1.906142
2.323987
1.978683
2.157199
1.981809
2.025212
3.131364
1.574518
1.102728
1.388561
1.569036
1.526097
1.583541
1.535440
0.981691
1.256030
1.351836
1.004402
0.508125
1.296073
1.442135
2.283665
2.528551
1.792476
0.898333
0.974729
1.000968
1.652084
1.909479
1.123242
1.874776
1.632050
1.334349
1.237473
0.884796
2.860120
3.384418
2.582322
1.857259
1.818566
2.027408
1.393650
1.535026
1.870654
1.698951
1.678022
1.256407
1.392630
1.030682
0.444959
0.483290
0.441080
1.236157
1.123111
1.236157
2.615792
2.464319
1.987216
0.805689
1.213590
0.662041
2.673763
1.802154
1.593188
1.970763
1.586074
1.162594
1.384742
2.327923
1.980553
2.735543
2.446253
1.866575
2.787125
2.423224
3.163474
1.857259
1.116927
1.178442
1.232218
1.220213
1.259896
1.438708
1.542762
1.019547
1.646724
1.344107
1.228582
1.431301
1.473126
1.502457
1.302760
1.478129
0.657277
1.279099
2.563737
1.792476
1.513649
2.624811
1.025520
1.360918
1.070252
1.759641
1.795893
1.825401
2.261154
2.400072
2.325775
2.157199
2.148382
2.914566
2.810824
2.196333
2.024414
1.102728
1.820369
1.658652
1.186987
1.383639
1.657572
1.661464
1.465476
1.020059
1.123610
0.535442
2.270453
0.535948
2.502402
1.774365
1.933181
1.393157
1.751032
1.131296
1.100173
1.527950
1.705194
1.825401
2.382240
2.125346
2.119438
2.793327
2.085729
2.253951
1.571106
1.008005
1.126482
1.828282
1.849422
1.612863
1.993417
1.661331
1.309792
1.657846
1.392630
1.431893
1.307155
1.442986
1.350457
1.888494
2.570472
2.244602
2.712408
2.570472
1.881353
1.968367
1.884913
2.068308
1.361065
2.312078
2.290631
2.735543
3.149410
0.883385
2.244953
2.244953
2.051157
1.045263
1.009759
1.371802
1.589324
1.580508
1.502725
1.351837
1.817743
0.657828
1.747395
1.955421
1.987216
1.068825
1.025520
2.736144
2.156977
2.640108
2.646393
1.499017
1.629427
1.499280
1.058294
1.963522
1.910791
1.861839
2.159866
1.942529
1.865640
2.631037
1.995328
1.984615
1.493301
3.289259
3.274511
3.484315
2.008914
1.920267
1.550556
1.838198
1.711843
1.655359
1.446786
1.440483
1.995232
1.724486
1.596238
1.488679
1.339111
1.027786
1.027786
0.984906
1.183850
1.467129
1.375860
1.375796
0.535948
2.232096
2.166081
1.378984
2.097377
1.782260
1.054083
1.083997
1.575340
1.873213
1.998489
2.490268
3.214461
0.944840
2.999437
2.582322
1.270683
1.676718
1.589324
1.458261
1.786700
1.329793
1.303563
1.516074
1.883494
2.166065
2.267823
2.146488
1.070628
2.008102
1.567217
1.264875
1.307511
1.320408
1.243060
1.049213
1.258046
1.526655
1.861839
2.024412
1.971780
1.258938
1.466313
1.320805
2.088346
2.231044
2.128436
2.550294
2.400072
1.493301
2.082611
1.097856
2.139312
2.925508
3.384418
1.933759
1.070554
1.424885
1.640136
1.842332
1.168892
1.236157
1.829819
2.570343
1.516949
1.702394
1.163350
0.995614
1.258938
1.663765
1.827896
1.721771
1.825401
2.126258
1.839222
1.839222
3.294416
3.214461
3.103144
1.362723
1.068884
1.416728
1.384190
1.833018
1.474249
1.030682
1.357076
1.065618
1.905997
1.805215
0.494737
0.749081
2.093608
2.242120
1.133465
1.460325
1.556140
1.395153
1.807441
1.803490
1.386851
1.920704
1.712902
1.185040
2.366337
2.112466
2.698299
2.196333
3.035410
2.225513
2.588104
1.149650
1.501676
1.501797
1.491598
1.524272
1.693205
1.198127
1.549612
1.970571
1.424885
1.131681
1.797382
1.961067
1.970571
1.579692
1.147629
1.377775
1.354538
1.294020
1.333937
1.217040
2.032424
1.942077
1.158117
1.015391
1.881353
1.548523
1.521613
1.412251
1.130520
1.543575
1.861839
1.056895
0.860572
0.944325
0.822333
1.493301
1.804320
2.467202
1.877229
1.776216
2.698299
1.161051
1.506292
1.819632
1.426501
1.351282
0.981736
1.443658
1.157731
0.619064
1.172583
1.480072
1.243359
1.872621
1.295309
1.351836
2.262060
2.162664
0.903660
2.055761
2.275599
1.745296
1.543575
1.941439
2.171766
2.504177
2.487264
2.954685
1.655783
1.618367
1.502725
1.082446
1.403680
1.825918
1.939268
1.902883
1.531442
1.256012
1.482102
1.815861
1.096477
1.379152
1.648586
1.797828
1.172140
1.898208
2.491700
2.266510
2.152268
2.152268
2.235313
2.611632
2.597061
2.751688
2.776030
3.280057
2.488412
2.139312
3.061677
1.342615
1.530540
1.610096
1.089769
1.840924
1.976009
1.380724
1.620236
1.345421
1.147629
1.803473
2.029281
1.044322
1.289531
1.015231
1.348545
1.121466
1.283564
1.017010
2.239598
2.010283
2.483887
0.655950
2.643512
1.942077
1.057683
1.194477
1.320408
1.661978
1.920704
1.241168
1.456036
2.293297
2.127905
1.943110
1.485001
2.126000
0.981303
1.890604
3.137721
3.314578
3.222116
1.242863
1.187217
1.244611
1.704176
1.930225
1.412214
1.390198
1.429394
1.691584
0.327049
0.927684
1.212310
1.044529
1.162766
1.065618
1.132477
1.460536
0.663474
1.158117
1.393157
1.727746
1.699319
1.971780
1.866044
1.147196
1.845010
1.603723
1.185811
1.883823
1.883823
3.365465
2.588104
1.930225
1.452005
1.182166
1.803473
1.309792
0.966582
0.790091
0.987855
1.140505
1.593533
1.707953
1.636805
1.175906
1.282517
1.675374
2.144447
2.469803
1.520542
1.286447
1.591640
1.050495
2.055761
1.225225
2.082489
1.284692
1.611119
1.943110
2.554833
2.164114
1.808108
1.437603
2.549437
2.653380
2.472385
3.075684
2.728387
1.347681
1.509926
1.625358
1.307420
1.332689
1.985438
1.595002
1.413917
1.443658
1.346238
1.426652
1.373158
1.064133
0.966582
1.043425
1.479428
0.973600
0.973600
1.192223
1.258683
1.448304
1.191812
1.310496
2.000835
2.500008
1.158117
1.658315
1.691571
1.778576
2.217994
1.937197
3.158925
1.903180
2.804675
3.109417
3.118665
2.973078
3.230396
1.024437
1.347534
1.934373
1.398272
1.582544
1.267980
0.953462
1.123264
1.282517
1.403589
0.937587
1.247302
1.652725
2.005151
1.595489
1.866044
1.768101
1.790369
1.467735
1.418617
1.466945
1.234149
1.873234
3.288433
3.229556
2.179281
3.075684
3.129568
2.674108
1.006678
1.560246
1.810042
1.798842
1.867553
1.708470
1.786744
1.332689
1.162133
0.897648
0.965294
1.065618
1.536501
1.809646
2.334693
2.483887
2.037814
1.202893
1.395190
1.856447
1.572595
1.183576
1.768101
1.943981
2.259239
2.339975
1.843086
3.003304
1.001519
2.137298
2.137298
1.696630
3.158925
2.728387
2.019365
2.938760
1.411686
1.086794
1.092218
1.532482
1.471839
1.223904
2.014706
1.312078
1.403680
0.955342
1.418905
1.756476
1.886720
2.063438
2.221749
2.027131
1.826602
1.286447
1.606892
1.699319
1.245247
1.274651
1.846238
2.615033
2.793215
2.359847
3.205444
1.842478
1.688657
1.600703
1.332968
1.456751
2.119376
1.097704
1.066386
0.897648
0.937176
0.955851
1.250795
1.403589
1.178174
0.990083
1.155780
1.453430
1.269395
1.322482
2.021482
2.221749
2.343281
0.938661
1.237518
1.094226
1.172004
1.296149
1.312844
1.161495
1.955045
1.062267
1.883823
3.000431
2.861912
2.615033
3.175098
2.520081
3.294349
1.916992
3.069895
3.118665
2.902638
2.060802
0.987955
1.191691
2.080791
1.282095
2.110400
1.296484
1.256886
1.375748
1.255220
1.813731
1.345986
1.278283
1.346288
0.977785
0.950122
1.250214
0.640660
1.267980
1.558208
1.526253
1.570045
1.491957
1.063216
1.560948
1.158723
1.672875
1.081493
2.250782
1.739455
1.095515
1.664632
0.999428
0.938661
1.651365
1.742037
1.494588
1.224076
1.314421
2.432400
1.065175
1.063548
1.205034
1.419001
1.090828
0.937176
2.001969
2.061591
2.057875
1.560502
1.877243
1.551604
1.394757
1.356314
1.852323
1.186566
1.847632
1.306657
1.062463
1.805235
1.755314
1.466458
1.460989
2.645900
0.910081
1.072226
1.185811
3.104940
1.890604
2.026298
2.557241
2.510849
1.220970
1.477666
1.378318
1.004827
0.913714
0.964939
1.498467
1.376862
0.953462
1.833943
1.069534
1.416499
1.045519
1.005899
1.191812
2.343281
1.741949
1.678480
1.076854
1.219603
1.364349
1.602363
1.586084
1.943981
1.399738
1.354870
2.339975
2.359959
2.648777
2.977378
1.143421
2.365943
1.354134
1.361837
1.004827
1.892035
1.830598
1.850697
1.375748
2.098838
1.260830
1.426116
1.190284
1.331865
1.169280
1.557176
1.619438
1.992309
2.066558
2.036145
1.826602
1.286447
1.646805
1.884708
2.663993
2.110164
2.793215
1.873234
1.176050
2.207204
1.946672
1.253919
1.673125
1.331679
1.358873
1.205034
1.391319
1.052089
1.439484
1.058586
1.279603
1.360391
1.593073
1.515447
1.790203
1.980869
1.711087
1.626469
1.966383
1.347251
1.366716
1.543799
1.294565
1.445301
1.603723
1.119160
1.442140
2.477596
2.443349
2.185874
2.553493
1.607674
1.491991
1.814508
1.233493
1.355432
0.931171
1.413457
1.159619
1.416499
0.864089
1.075604
1.364418
2.116520
2.091236
2.186601
2.085558
1.533258
1.870329
1.314224
1.655346
1.749988
1.180707
1.677686
2.327863
1.177351
0.933271
2.009425
1.768814
2.443349
2.143416
1.010310
2.992129
1.933260
1.815733
1.170589
1.300096
1.566037
1.628717
1.475982
0.744046
1.165588
1.496937
0.891423
1.069910
1.933744
1.702737
1.810277
1.443713
1.558665
1.095515
0.866780
0.954232
1.331633
1.665981
1.772892
1.742037
1.375313
1.666299
1.644076
1.260076
2.134142
2.361962
1.318539
2.214353
2.263812
2.132046
1.970211
1.051880
1.165799
2.060802
1.044725
0.756700
1.035232
1.161805
0.945788
0.833861
1.179161
1.178167
1.364980
1.404338
1.080601
1.127402
1.185975
1.751167
1.720093
1.573139
2.047302
2.186601
1.183921
1.891322
1.385746
1.747484
1.430638
1.327618
1.514177
2.254527
1.060480
2.365617
1.805235
2.224863
3.000431
2.866834
2.433702
2.026298
1.790655
1.794573
2.742997
1.653973
1.756764
0.866717
1.038121
1.059588
1.602801
1.617649
1.325479
1.228063
1.185374
1.459517
1.672036
0.972392
1.254274
0.986257
0.905927
1.084529
1.342088
1.660993
1.981630
2.021904
1.932638
1.646564
1.631350
2.017379
1.455674
1.292352
1.660312
1.444079
1.908159
1.197578
1.449789
2.744349
2.618396
2.928722
3.000211
2.961341
2.295869
2.430798
1.383238
1.344489
1.568734
1.180533
0.953192
1.035151
1.992140
1.298684
1.925164
2.043754
1.192514
1.040516
1.176773
0.984112
1.497556
2.055409
2.025342
2.150324
1.075726
1.211935
1.463559
1.747484
1.142418
2.071308
1.743571
1.602363
1.375313
1.197578
1.180707
1.908934
2.227177
2.327863
2.800063
2.185874
1.541143
1.927159
1.999151
1.226596
1.061999
1.617649
1.076295
1.029420
1.285210
1.998866
1.988825
2.129378
2.021642
2.066558
1.842126
2.011325
1.564637
1.366716
1.605307
1.375313
1.168968
2.395690
2.518277
1.168968
2.448969
1.180707
1.919889
1.190372
2.354097
1.987004
2.711843
2.946194
1.264373
1.006478
0.883644
0.850477
1.053656
1.491551
1.482865
1.254274
2.201872
2.232619
2.041890
1.439193
1.958966
1.502822
1.408383
1.908159
2.003972
1.237576
1.400146
2.648833
1.273783
1.450734
1.668368
1.970211
2.849570
1.847292
2.849570
1.600647
2.080734
2.719366
1.099820
1.132748
2.742997
1.227110
1.050478
1.078490
1.341864
1.151467
1.497556
2.094735
2.047302
1.532953
1.300055
1.363607
1.524788
1.500672
1.169322
1.127430
1.894538
1.666299
1.197578
1.763345
1.275899
1.284541
1.250688
1.744694
1.670336
1.450734
2.910915
2.844038
1.573249
1.475941
1.226585
1.329965
2.344583
1.147578
1.344489
1.424216
2.379298
1.576462
1.286857
1.190394
1.066511
0.677778
2.225114
1.286434
1.558141
1.632293
1.616018
1.856100
2.125021
0.669756
0.624657
0.550022
1.127294
0.711456
2.071037
2.217074
2.169863
1.746105
1.558059
1.573766
2.690790
1.050267
1.528964
0.663545
1.758794
1.136569
1.368617
1.094103
1.131401
1.326751
2.163609
1.650130
1.316426
0.954232
1.926483
1.772357
1.924225
1.740387
1.244501
1.325192
1.886894
1.701857
1.637937
2.502297
1.082045
2.132046
2.585223
2.378606
2.426704
2.142753
2.910915
1.099441
1.165265
1.196747
0.745211
1.033352
1.237345
2.048064
1.305479
1.262403
1.230429
1.298439
0.945775
0.977570
0.984112
1.538500
1.355402
1.874110
1.954072
2.181630
2.128624
1.387783
1.532953
1.175624
1.610086
1.432719
1.844370
1.371131
1.047271
2.288650
2.516393
1.701857
2.416505
1.952924
2.456616
2.426704
1.257193
1.383238
1.783838
1.806141
2.048064
1.763145
1.806141
1.654768
1.367982
1.031754
1.189316
1.264917
1.158745
1.359943
2.299844
0.515084
2.038112
1.166206
1.122138
1.314890
1.926483
1.786961
2.221501
1.072006
1.469740
2.516393
1.598680
2.605415
1.192697
1.124561
1.718944
1.394071
1.155795
1.238604
1.372794
1.078530
1.078490
0.822969
1.463179
1.068974
2.060609
2.196165
2.056580
1.619538
1.517255
1.363607
1.275871
1.125435
1.117419
1.958416
1.610086
1.499930
1.503674
1.315967
1.545395
1.277438
2.593175
2.559955
1.802520
1.733637
1.298230
1.236659
1.234666
1.183347
1.181109
1.882195
1.742139
1.462257
0.437754
0.827774
0.911837
1.336967
1.819288
1.650560
0.985855
2.028179
1.222311
1.136289
1.119945
1.903511
1.831170
1.443939
1.259351
1.626102
1.593338
1.838264
1.882408
1.863724
1.235959
1.744694
1.273783
1.425036
1.053059
0.862806
1.248838
1.666757
1.067455
1.065039
1.176616
1.547186
1.547186
1.265475
1.622684
1.441600
1.406783
2.348400
2.277350
1.998173
1.501887
0.958030
2.072576
1.376281
2.174432
1.680248
1.798449
1.637937
2.177873
1.734197
2.416505
1.655633
2.117976
2.593175
1.725535
1.835850
1.489614
1.124561
1.087064
1.234470
1.718657
1.826101
1.654768
0.978234
1.063039
1.814062
0.600628
2.011462
2.420987
1.882221
1.318181
1.352221
1.262289
0.984421
1.634062
1.013247
1.879198
1.540038
1.749425
2.420635
2.431739
1.655633
2.179399
1.889366
1.988194
2.273587
2.574014
1.140141
1.911582
1.169120
1.288181
1.013514
1.484408
1.172564
0.661595
1.364086
1.826101
1.225929
1.102845
1.063852
1.689781
1.672530
1.355920
0.939514
1.109579
1.464348
1.183347
0.981672
0.923715
1.045354
2.231022
1.945160
2.257575
2.265423
1.545641
1.681333
1.481107
1.660556
1.529997
1.222311
2.032868
1.191792
1.583821
1.609995
1.406241
1.191271
1.725535
1.918878
0.974129
1.705133
1.239931
1.369415
1.437035
1.222020
1.231512
1.121097
0.870358
1.161552
1.125386
1.238124
1.326523
1.245516
1.231277
2.465920
2.567116
2.322104
1.587024
1.740825
1.302911
1.775461
1.559569
1.181895
0.808190
2.299266
1.945353
1.952694
1.265145
1.696003
1.509776
2.228172
2.003279
2.235720
1.733420
1.999017
1.601368
1.576123
1.790804
1.475941
1.141830
1.066270
1.383634
1.007104
1.225137
1.309257
1.142361
0.489039
1.344204
1.243460
0.434244
1.251953
2.011462
2.425958
2.097685
1.180600
2.043927
1.884762
1.916774
1.393978
1.159153
1.330430
1.419816
1.346821
1.377578
2.134279
2.063926
1.496134
1.578864
2.194169
2.650993
2.042760
1.807718
0.813918
1.600694
1.262722
1.464207
1.202775
0.867143
1.886184
1.654678
1.770685
2.508142
2.667558
2.097685
2.273307
2.040276
1.783313
1.688325
2.039524
1.981709
1.617228
1.576801
1.333075
1.891857
1.956864
1.336967
2.108588
1.473692
1.219321
2.094125
1.730578
1.777967
1.099849
1.016034
1.824378
1.857198
1.132742
1.070051
1.219754
0.954937
1.071873
1.502106
1.542507
1.427318
1.034518
1.372794
0.883275
0.888000
1.105421
0.978241
1.358678
2.211283
1.895681
2.348400
1.763247
0.515084
0.835763
0.837227
0.638206
2.141467
2.042711
1.620696
1.418223
1.604162
1.994002
1.561872
2.014716
2.163273
1.623497
1.397639
2.291818
1.867613
1.957337
1.314805
1.677427
1.322451
1.170273
0.945010
1.302030
1.401108
1.219396
0.530303
0.663235
1.147722
2.040276
2.567116
2.281249
2.406486
2.572556
2.322104
1.531051
1.809690
1.416321
2.031942
0.893799
2.167619
2.028429
1.396219
1.674950
1.755813
1.834547
1.407024
2.015413
1.937531
2.345541
2.046508
2.293904
2.029779
1.791955
1.575897
1.700746
1.818324
1.957337
1.818324
0.723555
0.813083
1.689781
1.130416
0.896557
1.283388
1.231224
1.208139
1.886184
2.560533
2.231022
2.560533
2.613576
2.667558
1.576787
0.950546
1.804553
2.016326
2.043927
1.020394
1.943081
1.198052
1.985894
1.878770
0.962546
1.209455
1.180447
1.162157
1.199582
0.955179
1.015612
1.159097
1.057519
1.227903
1.168575
0.971494
1.579541
1.206829
1.630137
1.715964
1.529507
1.605108
1.355745
2.559191
1.661121
2.499735
1.390274
1.788274
1.226983
1.200946
1.444738
0.914368
1.186384
1.006968
0.954239
0.806585
1.414486
1.251953
1.719469
2.622489
2.465920
2.522867
2.434359
1.580968
2.070116
1.128673
1.168228
1.354734
2.083490
2.176656
0.973483
1.874876
2.135765
2.357286
2.002961
1.881926
1.756537
1.700585
1.198052
1.153349
2.183902
2.073435
1.318771
1.874132
1.561297
2.185031
1.802520
1.141037
1.093472
0.928293
0.905641
1.358776
1.310717
1.250921
1.345103
1.241417
0.918224
1.045225
1.163372
0.796879
1.118438
0.979100
1.461636
1.510260
2.485256
1.411679
1.884762
1.559569
2.219761
2.462063
1.964720
1.840120
2.290121
2.128426
2.157446
1.799522
1.887201
1.953646
2.124691
2.164201
1.787020
1.782216
1.542228
1.078612
0.928623
1.274705
1.138419
0.986330
0.484130
0.590266
0.418238
0.360048
2.555314
2.417994
2.508142
2.280328
2.069290
1.157470
1.091482
1.446116
1.709489
1.970552
1.620696
1.893639
2.047178
1.814223
1.918267
2.059953
2.222904
1.980718
1.957337
1.632344
1.942294
1.138461
1.419274
1.179377
1.062106
0.880658
1.079145
1.031493
1.202978
0.890644
0.981888
0.888000
0.621683
1.048208
0.434244
1.838791
2.067632
1.806514
1.274887
2.220919
0.953743
2.532432
1.644738
2.048456
2.268878
2.321432
2.063926
1.223369
1.621102
1.765363
2.093041
2.057455
1.174816
1.232340
1.988432
2.042760
1.106503
1.338008
1.542984
1.542984
1.571332
1.180771
1.088860
1.088379
1.148803
0.877479
0.955008
1.243778
2.521269
2.635545
2.494752
2.390033
2.140450
2.141467
2.372999
2.120419
1.924187
2.182250
2.245072
2.196330
1.972463
2.268878
1.972463
1.153349
1.153349
1.727435
1.223369
0.801653
1.227202
1.052928
0.820183
0.729796
1.643144
2.771776
1.674125
2.494752
1.986790
2.135999
1.098431
1.553690
2.183147
2.083490
1.193790
1.579441
1.552392
2.079141
1.407024
2.293402
1.822388
2.275164
2.075053
2.128013
1.931765
1.697016
1.101130
1.474141
1.362949
1.010168
1.220904
1.046816
1.002233
0.455345
1.159965
0.843423
1.208250
2.741920
2.268314
2.339484
2.287082
2.676489
2.015313
1.874332
1.911825
1.527924
1.738473
1.655907
1.929916
2.470584
1.161565
1.874876
1.620696
2.060755
2.277039
2.267257
1.768855
1.768855
1.579441
1.914314
1.823033
1.491613
1.759496
2.321432
1.433117
1.804289
1.812600
1.674319
1.178285
1.407711
1.531813
0.993226
0.848572
1.152295
1.703449
2.401934
2.249933
1.447865
1.948374
2.096747
1.448771
1.952842
1.779663
1.085582
1.553690
2.607076
2.209740
1.557474
1.479527
2.594473
1.965490
2.081122
1.568412
1.438763
1.796908
1.866914
1.838829
2.120425
1.541033
1.784566
1.267116
1.178102
1.332607
1.521812
1.269034
1.328987
1.059217
1.301939
1.310717
1.028754
1.252484
1.250221
1.024623
1.217575
1.047473
0.868276
1.016622
0.981087
0.848572
0.666212
1.112672
1.023916
1.561624
1.434435
2.455743
2.637388
2.555314
1.677300
2.164105
2.446876
1.215931
1.434510
1.945409
1.446669
1.131080
1.520620
2.036729
1.395060
2.219761
1.488254
2.092981
2.214262
2.083490
2.089059
2.514858
1.532577
1.611075
2.139195
2.025129
1.282413
1.786800
1.978410
1.236954
2.184710
1.322979
1.922177
1.349422
1.315517
1.442181
1.167017
1.003787
0.882783
1.076132
1.979672
1.515816
2.390033
2.630103
2.599251
1.804118
1.647770
2.030004
1.948690
2.131842
1.180623
1.618375
1.272846
1.931565
2.020956
2.092981
2.124963
1.479527
1.249912
1.754266
1.773062
1.373417
2.163273
2.024887
1.772632
2.055753
1.593513
0.668750
1.212035
1.506658
1.314811
0.944272
0.941588
1.147496
1.023916
1.112672
1.026110
2.660913
1.242029
1.663594
2.004488
1.628690
1.813166
2.637459
2.281682
1.391477
1.969666
1.376656
1.559594
1.701747
2.033284
2.063072
2.107298
1.174816
1.273921
1.536242
0.817379
1.409249
0.935927
0.927623
1.001406
1.210873
2.226881
2.160084
1.841457
1.180623
1.991824
1.765674
1.188834
0.932599
2.258889
1.614411
1.278943
1.564031
1.964345
0.927623
1.217460
0.903807
0.991759
1.064152
1.686903
2.017639
2.550210
2.057973
1.576742
2.152101
1.879964
1.318548
1.252984
1.711287
1.994238
1.841457
1.693117
1.969620
1.422430
1.682437
1.274887
1.618375
2.473200
1.074972
0.908145
1.559158
1.593516
1.608836
1.769557
1.348367
1.492341
1.912249
1.465004
1.447228
1.141987
1.232538
1.273921
1.288390
1.038960
1.146526
1.146526
1.506658
1.134055
0.968206
1.017173
0.945030
1.059213
1.190392
1.063424
1.583462
0.378645
2.785303
2.621013
2.785303
1.961214
1.512144
1.860342
1.180623
1.274887
1.307638
1.163076
1.190438
1.207208
1.315090
1.283380
2.273943
1.465004
1.737553
1.485278
0.753331
0.723221
1.044126
0.877295
1.123165
0.915262
1.086343
0.968157
1.176508
0.578184
0.988108
0.378645
1.561624
2.666384
2.299214
1.535134
1.647516
1.776081
1.735129
1.471247
1.118515
1.553690
1.970116
1.455437
1.913744
1.787106
1.826776
1.248655
1.242123
1.164428
1.208879
1.338220
1.296577
0.855549
0.692255
2.286077
2.667307
2.516079
2.176260
2.489960
1.769591
2.287082
1.030383
2.099811
2.315880
0.901822
1.688216
2.209740
1.969828
1.429419
1.199410
1.190681
1.963569
2.059405
1.959695
1.739365
1.634506
0.965295
0.891408
0.970897
1.375383
0.966932
1.583462
1.902355
2.592731
2.086709
2.741920
2.373635
1.939799
1.658559
0.932930
0.904414
2.400209
2.302719
0.720773
1.632722
1.505289
1.088180
1.190438
1.845029
1.255105
2.063072
1.876237
1.404127
1.116199
0.864105
1.260830
1.234548
1.173023
1.259770
1.175985
1.034099
1.150919
1.199690
1.034014
1.680686
2.077162
2.163802
1.187738
1.731740
1.666533
0.734550
0.801653
1.288345
0.909884
1.064072
1.272552
1.097989
1.870892
2.131735
1.516412
2.030004
0.832927
1.609715
1.455906
2.473200
2.463600
1.539900
1.665091
1.913744
1.375313
1.675075
1.827449
1.468730
1.441105
1.249007
1.259359
1.163705
1.915831
1.012317
1.971879
1.933007
1.675911
2.651707
1.725788
2.147718
1.467396
1.136492
2.115952
1.088180
1.465490
1.283380
1.876612
1.892677
1.880335
1.399834
1.357242
0.657282
1.236561
1.167767
1.267240
0.894349
1.084176
1.038709
1.095770
0.801913
0.930722
0.806505
0.452861
0.458822
0.511377
2.459201
1.777486
2.497859
1.294743
1.355975
1.785155
1.888340
1.685199
1.416573
1.455906
1.084122
1.247551
1.600599
1.471848
1.325014
1.300227
1.167767
1.296577
1.112185
1.049569
1.259359
1.070556
1.004147
0.882505
1.242415
1.535034
2.393236
2.047652
1.677356
1.151306
1.939799
2.118348
1.206918
1.135519
1.268240
1.759502
1.788357
1.562475
0.921117
1.642448
1.600599
1.379973
0.976476
1.191227
1.544968
2.702434
2.535988
2.144489
1.507263
1.294743
2.153117
2.501717
1.599207
1.602101
1.789977
1.340773
1.098244
1.127873
2.217441
2.116830
1.487862
1.275819
1.943867
1.447191
1.485845
1.696962
0.865972
1.152186
1.100184
0.965295
1.269018
0.788549
1.942623
2.461399
2.067226
1.240751
1.251273
1.373937
1.538407
1.330495
1.344471
1.330495
2.410202
0.685404
0.685404
0.706214
1.135566
1.059733
1.445294
0.933597
1.266223
1.069072
2.271586
2.274146
1.374054
0.989758
0.894744
1.421495
1.135519
1.917761
2.183478
1.945146
0.990011
1.103339
1.036571
1.233141
1.043158
1.088180
1.226669
1.377426
1.418433
1.315586
1.447295
1.362459
1.396478
1.659169
0.904468
1.102813
1.231345
1.051497
1.088017
1.191265
1.963180
2.119509
2.430888
2.305535
1.798105
1.653070
1.646520
1.450336
1.232192
1.629691
1.821060
1.638136
2.072730
2.118348
1.894022
0.970510
1.160902
1.158295
1.197367
1.315366
1.259710
1.403127
1.409573
1.371638
0.980707
0.886033
1.271600
1.372501
1.361500
1.200359
1.296333
1.230135
1.144565
1.335022
1.283746
1.069294
2.386060
1.363490
1.710418
1.198829
2.108250
0.833318
0.685404
0.973979
2.257191
1.013348
1.051697
1.087041
1.231719
1.129141
1.055875
1.559043
1.094973
2.018024
2.413215
2.338207
1.945612
0.610526
0.679593
2.024940
1.240751
1.173105
2.088978
2.289323
1.091967
1.082880
1.238576
1.336175
1.077746
1.306661
0.910027
1.337013
1.265128
1.248016
1.525115
1.405588
1.157387
2.022416
2.312003
2.191375
1.711499
2.148787
1.010435
2.092127
1.770333
1.807781
1.116513
0.828637
2.008672
1.120516
1.089501
1.385918
1.004065
1.514451
1.488219
1.401833
1.411455
1.140102
1.311340
0.966696
1.269760
0.965906
1.438647
2.109133
1.680221
0.919617
1.933279
0.610526
1.169990
1.050082
1.526986
1.245804
0.968574
1.373937
0.964513
1.136173
1.228908
1.248605
1.269430
1.226027
1.537056
1.254383
1.109252
1.595972
1.572886
1.565406
2.149914
2.075199
0.554802
1.722408
1.134198
0.712568
1.155743
1.058269
0.981528
1.103915
1.216832
1.271490
1.059733
1.313123
1.302412
0.917750
0.973901
2.245321
0.825987
1.534289
1.642161
1.895290
1.915594
1.449038
1.900181
0.795831
0.712568
0.936897
1.155550
0.946995
1.221107
1.126274
0.961678
0.778562
1.375542
1.340836
1.173198
1.492609
1.026524
1.334377
1.154153
1.232348
1.019825
2.082027
1.438263
1.559799
1.424286
2.004303
1.967356
1.647021
2.011489
2.260948
1.113275
1.251588
1.201748
1.338618
1.483193
1.458417
1.618650
1.092877
1.881473
1.943856
2.089250
1.869169
2.005389
2.303693
2.227729
2.027884
1.816679
1.595497
1.798105
1.216855
1.609308
1.384299
1.271693
1.184621
0.819937
1.087615
1.601481
1.413083
1.144197
0.969546
1.399846
1.808395
1.329255
1.400183
0.968124
1.684828
1.995523
1.468304
1.093579
0.519469
1.052470
1.061648
1.231513
1.102847
1.304265
1.790246
1.112554
0.969842
1.595497
0.926102
0.525916
0.698856
1.983083
1.893562
1.475132
1.937096
1.936857
1.759542
1.190364
1.168871
1.148866
1.894994
0.820882
1.414095
1.371074
1.976133
1.443413
1.222719
1.826806
1.255553
1.785506
1.935831
0.644125
0.968571
1.238348
1.048316
1.047713
0.613694
1.011682
0.924388
1.451767
1.779191
1.540233
0.996219
0.794595
0.525916
0.511973
1.608711
1.842841
1.895097
1.086964
1.232021
0.968574
0.927685
2.031433
1.066227
1.062249
1.047713
1.229720
1.138768
1.220605
1.357125
0.949166
1.235702
1.090260
0.899272
0.935207
0.965201
1.105381
1.416982
1.652474
1.766494
1.904119
0.966007
0.966007
1.073230
1.043974
1.126220
1.200277
1.312149
0.943824
1.277552
0.993741
1.136589
1.323429
1.011258
1.056216
1.391133
1.046919
1.022678
0.882070
1.248531
1.309088
1.065030
0.663207
1.714478
1.437691
1.496240
1.549292
1.644860
1.477427
1.308138
1.461335
1.171712
1.058213
1.901683
0.719974
0.982931
0.749106
1.209105
1.061431
1.376280
1.321781
1.003911
0.908190
1.178987
1.087412
1.310325
1.980216
1.980216
1.830410
1.709608
1.661307
1.297490
1.133596
1.559799
0.770026
0.712437
1.106814
0.463969
1.655378
1.537928
0.631505
1.488856
0.911627
1.139042
1.163733
0.896401
1.046735
0.910161
1.009638
1.906336
1.780901
1.765833
1.124284
1.023708
0.991751
1.126795
1.284083
1.213251
1.129685
1.210965
1.427749
1.427092
1.512770
1.114968
1.684727
1.203835
1.821224
0.631505
0.946995
0.906770
1.202257
1.159219
1.443464
1.556281
1.110057
1.292306
2.027884
1.088627
0.924285
1.065030
0.723517
1.106214
1.671886
1.960799
1.193834
1.453135
1.938767
1.452079
1.050477
1.177944
1.167576
0.862281
1.158133
1.118872
1.165487
1.519810
1.288459
0.940322
1.195819
1.249091
1.201523
1.263982
0.900691
1.018180
1.592928
1.631390
1.833785
0.928227
1.673539
0.566538
0.617767
0.946995
0.987820
1.008194
1.192568
0.835779
0.987473
0.988226
0.854306
0.790646
0.882194
0.893439
1.079214
0.958780
0.988478
1.071164
1.009638
1.539180
1.470043
1.443464
1.370414
1.479620
1.144944
1.029292
0.857283
1.176361
1.210934
1.693331
1.973056
1.755192
1.790196
0.853299
1.647062
0.835779
0.917476
1.192662
1.048522
1.017719
1.056381
0.979509
0.912195
1.406819
1.130890
1.053761
1.067805
1.161813
1.186362
1.960799
1.987668
1.047857
1.056728
1.435488
0.887773
2.104542
1.540662
1.796028
1.077672
1.388143
1.141338
1.085604
1.902591
1.073230
1.110949
0.947864
1.137575
1.047402
0.812785
1.086507
1.320575
0.738420
0.990574
0.887773
0.956408
1.132467
1.347971
1.086203
1.071562
1.001878
1.297283
1.136289
0.877023
0.791241
0.912195
1.758515
1.461438
1.708249
1.384434
1.156515
1.058594
0.493443
1.190773
1.130771
1.019205
1.284527
1.348701
1.100363
1.738269
1.696867
0.963921
0.975021
1.162120
0.980042
0.943824
0.837535
1.131161
0.991462
1.109818
1.995454
1.451268
1.240608
1.204255
1.755031
0.956408
1.574373
1.345702
1.934971
1.243393
1.328416
1.149745
1.113551
1.019205
1.965802
1.671886
1.134226
1.212969
0.903587
0.794148
1.128969
0.957413
1.514493
1.363384
1.536366
1.129653
1.359941
1.642030
0.558676
1.936832
0.876549
1.134226
1.744121
1.101508
1.055245
1.077788
1.047443
1.095729
1.498379
1.169136
1.061671
0.486618
1.658387
0.658021
1.190773
1.134226
0.876549
1.055333
1.284695
1.410857
1.726709
0.990934
1.123766
1.148803
0.960770
1.122281
1.631426
1.288956
1.039892
1.189186
1.184173
1.984145
1.386337
1.209070
1.119369
1.284527
1.760670
1.104715
1.748086
1.785058
1.086593
1.335081
1.126968
1.450840
1.417021
1.091377
0.857283
1.796028
0.784390
0.998292
1.729766
1.881478
1.042696
1.045850
1.369079
1.271974
1.004578
1.114746
1.348120
1.366583
1.868308
1.936832
1.119369
1.745722
1.420555
1.082478
1.512063
1.091234
1.247742
1.274541
1.882843
1.590479
0.573832
0.784390
0.903587
1.993852
1.229605
0.984238
1.067743
1.578739
1.627539
1.531620
1.400136
1.091234
1.144397
1.292138
1.498379
1.691480
1.257816
1.067312
1.263158
1.037192
1.870186
1.893055
1.396329
1.157769
1.993852
1.539350
1.032441
0.982676
0.988896
1.016952
1.615870
1.208073
1.019951
1.144733
1.049811
0.994729
1.666592
1.267056
1.407243
1.361182
1.428451
1.044715
1.021538
1.354674
1.604940
0.949040
1.611961
1.252486
1.036527
1.110216
1.021028
1.140124
1.000925
1.333192
1.320431
0.998566
1.295673
1.157769
1.489145
1.043699
1.043699
0.875564
1.560565
1.203405
1.725239
1.413514
1.332410
1.696397
1.008001
1.039808
1.795787
1.110238
1.134423
0.965565
1.504518
1.102680
1.256261
1.436165
1.002378
1.822133
1.720491
1.499465
1.485857
1.553430
1.767255
1.074779
1.021463
0.942689
1.629526
1.548468
1.029016
1.074779
0.978583
1.102680
0.885003
1.017894
1.318827
0.928704
1.371772
1.704285
1.804533
1.493336
1.225004
1.007063
1.008001
0.919560
1.051529
0.988292
1.394176
1.267618
1.391323
1.328508
1.516062
1.242882
1.016737
1.509540
1.074666
1.002396
0.999607
1.243367
1.493336
1.206173
1.066265
1.194271
1.099932
0.924658
1.099741
1.217717
1.086197
1.049670
1.048732
1.063524
1.196480
1.159730
1.451704
1.147678
1.039240
0.981537
1.010235
1.257780
1.150371
1.074666
1.387269
1.312757
0.867359
1.025404
1.067634
1.371698
1.460928
1.231133
1.064107
1.281870
0.926458
0.830295
1.145019
0.934982
1.302725
1.176755
0.863717
1.337279
1.422406
0.843139
0.944796
0.976165
1.031004
1.272929
1.160160
1.177491
1.071261
1.003563
1.203488
1.045113
0.976165
1.096097
1.093346
0.997525
0.847053
1.031096
1.118313
0.955022
1.704796
1.182323
1.089635
1.079074
0.932097
0.886884
1.036402
1.036317
0.961668
1.262274
1.230275
1.536049
0.952685
1.023242
1.069301
0.997939
1.044595
1.015422
0.875006
0.951323
1.027371
0.981537
1.081707
1.640929
1.039169
1.123247
1.025234
1.038706
1.116941
0.985662
0.942689
0.986589
1.050977
1.093833
0.908579
1.162380
1.072548
1.216799
1.079612
1.378016
1.268295
1.395494
0.820234
1.258100
0.960160
1.006970
1.018981
1.121029
0.932992
1.048569
0.969272
1.153307
1.156994
1.073348
1.009305
1.029640
1.023967
1.017800
0.957805
0.876936
1.300748
1.198969
0.861350
1.148686
1.012791
1.130984
1.143761
0.901784
0.953298
0.968006
1.063167
1.060197
1.012265
1.096137
1.089360
1.039925
1.191852
0.996346
1.390481
1.012791
0.883417
1.156994
0.896804
1.050139
0.902117
0.984242
1.433476
1.329797
1.107979
1.034296
0.946986
0.867725
1.290747
1.395494
1.033592
1.020036
0.906809
1.027009
1.145022
1.453262
1.171345
0.944472
1.068633
0.978718
0.905068
0.924423
0.839579
1.060938
1.058474
1.073385
1.177169
1.144829
1.141602
1.167358
1.084484
1.002673
0.825440
0.931218
0.967456
0.979745
1.083901
1.001838
1.166100
0.973582
0.973582
0.973193
0.947751
0.943558
1.123463
1.006970
1.154096
1.125627
0.940512
0.943821
0.895533
1.256986
1.182233
0.897231
0.935060
0.871243
1.142912
0.917565
1.121029
0.943165
1.139286
0.972345
1.256500
1.173983
0.915407
0.975816
1.292906
1.036940
0.931574
1.160161
1.233262
1.057708
1.109717
0.870420
0.910001
0.817497
1.057686
1.017991
1.077764
1.023520
0.824770
0.935508
1.034430
1.121255
0.986881
1.068967
1.117623
1.180478
1.142445
1.181765
0.876704
1.236050
1.092924
0.970869
1.116002
1.242135
1.139286
0.978232
0.936871
0.852069
0.835253
0.909515
1.284140
0.895711
1.002797
1.180478
1.123463
1.053044
1.013898
0.977540
0.834028
0.929048
1.067302
1.047466
1.182233
1.171345
1.042328
1.043281
1.079273
0.812519
0.978232
1.141981
1.080505
0.945565
0.940151
0.870667
0.918562
1.007298
1.014693
0.951806
0.890644
1.019328
0.954658
0.899721
0.974448
0.835857
1.059243
0.985420
1.070552
0.871142
0.944496
0.919817
1.245599
1.176555
1.112954
1.061070
1.009024
0.919827
1.118857
1.154851
1.138554
0.978116
1.242505
1.157123
1.001909
1.076529
1.137090
1.040528
1.057585
1.003781
0.980074
0.962635
0.978853
0.973333
1.039958
1.063079
1.183834
1.066778
1.001403
0.945296
1.016043
1.127513
1.049185
1.055201
1.168088
2.365943
2.365943
1.179125
1.901663
2.585229
3.032389
3.032389
2.977378
2.009155
0.990185
0.995250
1.299532
2.264804
2.164577
1.795402
1.885366
1.758158
2.081122
2.081122
2.335130
2.404858
2.242584
2.221817
2.064932
1.926141
2.562875
1.658282
2.062052
2.621675
2.015739
2.736365
2.086331
2.335130
2.304649
2.131078
1.834294
1.677294
1.826556
1.943081
2.348938
2.373205
2.290188
2.024094
