5448 1 3
2.287018
2.003529
1.890277
2.136641
1.856234
2.018821
2.130654
2.184305
2.052499
2.205095
2.015856
1.896187
1.922381
2.230230
1.963609
2.072076
2.261191
2.179345
2.235049
1.999149
1.980950
2.102249
2.204639
1.935111
1.785833
2.449957
2.223253
2.378422
2.521570
1.701171
2.100827
2.052736
2.004199
1.746181
2.041825
2.011384
2.190156
1.613083
1.696706
1.768611
1.809994
2.140213
2.290110
2.227538
2.388059
2.265518
2.566764
2.334607
2.019236
2.144166
2.030617
2.533674
2.586702
2.019048
2.276538
2.453344
1.627429
1.648821
1.656478
1.759797
2.363425
2.457653
2.481165
2.429688
1.982657
2.520469
2.530594
2.590981
2.554525
1.707773
1.945068
1.868808
2.426857
2.589683
2.090509
1.628277
1.554871
1.496504
2.058412
1.555584
1.528044
2.146731
2.144166
2.195777
2.030617
2.412720
2.472444
1.933453
1.841227
2.762035
1.637631
1.624433
1.741651
1.529914
1.941032
2.154382
2.229286
2.349630
2.491181
1.926970
2.603778
1.582965
1.921304
2.426418
2.070609
2.483710
2.106516
2.791828
2.266401
2.650699
2.380905
2.442394
2.524295
2.577289
2.479174
2.278152
2.224189
2.795746
2.807337
2.798732
1.364937
1.581856
2.313841
1.634593
1.843206
1.750923
2.639128
2.618261
2.021109
2.786281
2.718587
2.717989
2.611612
1.662279
1.474535
1.634593
1.517452
2.347685
2.194950
2.497361
2.596883
2.784116
2.765096
2.603194
2.752585
2.681221
2.888579
2.913314
2.890203
2.764423
2.752543
2.655093
2.464251
2.588209
2.427032
1.642887
1.548161
1.457980
1.473953
1.926853
1.436460
1.483364
1.833577
2.304096
1.460509
2.530473
1.650264
2.360345
2.649593
2.893351
2.150265
2.803262
2.793593
2.408698
2.797437
2.567074
2.359375
1.374069
2.145939
2.034579
2.583508
2.392231
2.802878
2.969894
2.719698
2.477355
2.845389
1.450757
1.741203
2.416272
2.320746
2.631038
2.342941
2.360345
2.420550
2.089509
1.991349
2.413061
2.232369
2.767702
2.954292
2.358835
2.877518
2.534727
2.743555
2.643324
2.305051
2.511038
1.873847
1.495667
1.756057
2.643938
2.699843
3.009141
2.932298
2.769734
2.863717
2.900584
2.935927
2.554693
2.642802
2.884088
2.691734
2.594935
2.713419
1.344377
1.799376
1.490854
2.631038
2.517520
2.455228
2.678224
2.787301
3.104460
2.942495
2.750858
2.785899
2.848027
2.893880
2.419410
1.508919
1.633816
1.890062
2.370261
2.220081
2.281772
1.911890
2.552243
2.367018
3.041878
2.793790
2.810090
3.104460
2.457968
2.401038
2.752225
1.424188
1.577325
1.378020
1.311894
1.416286
2.374859
1.587316
2.556890
2.515796
2.517520
2.655879
1.991989
1.823628
3.160275
2.927112
2.891860
2.857099
2.924374
3.047036
2.250743
2.968466
2.843786
3.084075
2.891028
2.886924
2.705784
3.044732
2.346270
2.536494
1.675031
1.705914
2.001496
2.560411
2.527912
2.633259
2.668391
2.576975
2.927725
2.752760
2.996672
3.044732
2.898348
2.792801
2.445246
2.454543
1.379286
2.173714
2.108348
2.158992
2.297122
2.839791
2.863085
2.275288
1.483798
1.405696
1.343855
1.370668
2.041003
2.068050
2.203774
2.413593
2.781736
2.860169
2.993675
2.868360
3.119573
2.551380
2.604231
2.654325
2.972424
2.964334
2.498863
1.432840
1.863319
1.736000
2.129339
1.417282
1.417282
1.398835
2.486255
2.633259
2.771471
2.451120
3.225202
3.227762
3.164282
2.924374
3.062983
3.316179
3.145862
3.259668
3.107524
3.007673
2.853545
2.660885
2.642802
2.268512
2.212991
1.678906
1.871519
2.036511
2.024310
2.001496
2.664129
2.687626
2.876945
2.969275
2.794356
2.945243
2.530894
2.654325
3.082006
2.928798
3.141373
3.353126
2.517045
2.525255
3.135503
3.231408
3.123197
3.056595
3.107524
2.750858
2.442790
2.214818
2.414391
1.496561
1.368258
1.815750
1.979150
2.287209
1.906035
2.420550
2.136140
2.923498
2.818925
3.069545
3.183116
3.142247
3.012822
2.231213
2.295041
1.704029
1.915793
1.838605
1.881023
2.431226
2.667054
2.615902
2.622658
2.068181
3.058003
3.132813
3.088028
3.165692
3.170625
3.281155
3.282607
2.773974
2.773974
1.471224
1.802037
2.046005
1.367175
2.116541
2.503471
2.344923
2.711215
2.559508
2.641467
3.092774
3.040509
2.794835
3.267128
2.733826
2.665469
3.107545
2.507809
2.785899
2.440464
2.336059
2.223183
2.682711
1.531045
2.199869
2.371131
2.225538
2.127731
1.980250
2.332525
2.520493
1.658588
2.694606
3.096712
2.526632
2.650722
3.057751
3.067534
3.329339
3.479194
2.964334
3.277138
2.916960
2.564747
2.599470
2.925578
2.221788
1.823987
1.467083
2.763327
2.782758
3.299055
2.835692
3.253227
2.834742
2.529587
3.555779
3.309281
3.145753
3.216961
3.282607
1.429584
1.869836
1.406361
1.374785
1.392158
2.590433
2.816418
2.627239
2.782758
2.816000
2.986535
2.776479
2.875437
3.246747
2.922502
2.935187
3.369696
3.314598
3.037298
3.219109
2.598028
2.990419
2.947352
3.046795
3.151368
3.109684
2.225776
2.378498
2.491122
2.032557
1.853222
1.881461
1.992063
3.390593
2.817481
2.981477
2.909070
2.132390
2.680537
2.953463
2.498095
3.508150
3.257385
3.353674
3.202432
3.106762
3.204256
3.400159
3.183116
2.787250
2.307743
1.624777
1.346917
1.922091
2.282087
2.546655
2.628324
2.604798
3.058189
2.581765
2.729148
3.121615
3.332702
2.833420
3.300091
3.508150
3.229631
3.106762
3.259668
2.787250
2.790646
1.630869
1.392773
1.309847
2.084139
2.796934
2.862752
3.393750
3.350847
3.537149
3.640646
2.607610
2.599470
2.253775
2.831695
1.746461
2.194998
2.552263
2.890380
2.736966
2.754040
2.938646
2.925493
1.995164
3.443616
3.183928
3.190613
3.030024
3.067329
2.610790
2.911768
2.919119
2.731442
2.297421
1.438798
1.503299
2.518407
2.664525
3.184467
2.576864
3.359222
3.119875
3.509616
3.495887
2.543685
3.122978
3.179279
2.680914
2.962385
3.116377
2.920963
3.005616
2.232811
2.367299
2.229629
2.617880
2.841240
3.093538
3.068778
3.068778
2.862598
3.393733
3.496139
3.496139
3.371525
3.263606
3.559952
2.636343
3.319557
3.381845
3.405164
3.576321
3.022545
3.266785
3.392755
3.183633
3.002590
3.219109
2.836669
2.443015
2.977936
1.523294
1.479155
1.681463
1.371318
2.790206
2.833420
3.691747
3.082343
3.624704
2.789167
2.990419
2.677409
3.095134
3.052367
3.071743
2.354417
2.274901
3.075027
2.222119
1.691348
1.774073
1.411623
2.345365
2.142657
2.363886
2.402179
2.369184
2.508337
3.184467
2.867385
2.715942
3.053536
2.768340
2.827189
2.190614
2.581500
2.404699
3.849234
3.706389
3.472322
3.176862
3.030553
3.396961
3.385355
2.204872
1.781634
2.021175
2.080635
2.073064
2.402179
2.563848
2.627007
2.867385
2.819967
1.987394
2.988062
2.793977
2.909070
3.109537
2.693039
2.451768
2.629050
3.300091
3.673451
3.348371
3.286391
3.416590
3.329666
3.565905
3.114194
2.864263
3.450942
3.204550
3.358913
3.121990
2.571157
3.222854
2.911768
2.204872
1.525561
1.890768
1.534754
1.547906
2.769203
2.627007
2.931003
3.361466
3.484852
2.817436
3.461923
3.319557
3.282606
3.624704
3.342695
3.420578
3.314469
3.099781
3.000635
2.206106
1.497462
1.707120
2.709356
1.580692
2.993057
3.597274
3.005212
3.580311
3.420003
3.234364
3.649440
3.286391
3.423670
3.685675
2.848682
2.520825
3.421357
2.307743
2.384166
2.685016
2.726109
2.523783
2.285717
1.456796
1.456478
1.434104
1.442763
1.806107
1.353165
2.048418
2.117764
1.528762
2.710623
2.989433
3.474681
2.425694
2.207030
3.553337
2.559525
3.285607
3.942690
3.706389
3.436801
3.391979
3.479632
3.073705
2.179657
1.709443
2.618020
2.595869
1.852544
3.416900
3.624348
2.744064
2.658099
2.644424
2.502198
3.305246
3.559952
3.798377
3.915804
3.353711
2.984162
3.040302
3.654832
3.491704
3.502915
2.965136
3.189383
2.666287
2.207446
1.426121
2.447774
2.479613
3.068226
2.931003
2.365572
2.447554
2.146300
3.512867
2.850739
2.580593
3.597274
3.353052
3.154073
3.472175
4.017950
3.640646
3.099843
3.118627
2.838616
3.495887
3.391334
2.638106
3.552608
2.677409
3.604631
2.919119
2.352934
2.457913
2.332478
1.401617
1.724583
1.433861
1.479950
1.377899
3.215362
2.947034
2.173106
2.176384
2.813135
2.762779
3.669477
2.813135
2.658099
3.708596
2.807555
3.233919
3.464961
3.299477
2.917171
3.526097
3.468383
3.032382
3.112270
3.084589
2.457913
2.312418
1.453223
1.555562
1.564371
1.913145
2.581191
2.766848
2.765044
1.850010
2.518275
2.593582
2.694320
3.029478
3.839507
3.369687
4.011136
3.348371
3.629802
3.320771
3.526764
2.781930
2.924350
2.938075
2.677409
2.734306
3.523997
3.567312
3.685675
2.686665
3.251421
3.251421
3.284532
2.623030
2.411785
1.507526
1.513179
1.945178
1.635255
1.471133
2.488191
1.665568
2.577854
2.595793
2.603718
2.925786
2.791744
3.148274
3.380022
3.667298
2.444989
3.588518
2.898236
3.068143
3.068143
2.990343
3.604020
3.182328
3.594871
3.048006
3.078627
3.109419
3.592255
3.146369
3.113922
3.093305
2.345100
2.633117
1.490206
2.027847
1.893570
2.540485
1.551549
1.760133
1.777368
1.696363
1.769105
2.937142
3.335030
1.913707
1.869578
2.927466
3.745000
2.966426
3.835095
3.767557
3.594871
4.002522
3.320771
2.838616
3.581160
2.685992
3.391334
3.077851
2.433593
2.141167
2.913127
2.187275
2.240296
1.464940
1.797791
2.397223
2.610981
2.697782
2.826065
2.348026
3.608547
2.744064
2.946323
3.640655
3.624348
2.504250
3.831160
3.831160
3.697969
3.477228
3.814694
3.477228
3.335515
3.268038
3.626305
3.697287
3.249614
3.582048
3.496881
3.502629
3.375045
2.096238
2.711055
2.631475
1.968481
3.086233
3.349786
2.388818
2.727170
3.669477
2.797869
3.629678
3.386374
3.489533
3.631539
3.790593
3.994024
3.507051
3.565905
2.785681
3.649440
3.339979
3.509516
3.377236
3.448623
2.197891
2.569708
2.118370
2.151045
1.441684
1.458492
1.962024
1.836658
1.723000
2.018367
3.327556
2.365832
2.077385
2.287254
3.259806
2.572150
2.451906
2.770144
3.672350
2.493615
3.204742
3.480075
3.483113
3.348556
3.977103
3.209057
2.646201
2.803795
3.484046
3.509516
3.533959
3.558906
3.533959
3.570675
2.058125
2.183024
2.056471
2.349048
1.452639
1.536341
1.646087
2.655226
2.223015
2.524808
1.727910
2.616590
1.957842
1.939639
2.896955
2.758262
2.975726
2.715799
3.115506
3.659404
3.604020
3.634012
3.015009
3.923106
3.075571
3.589111
3.665004
3.626226
2.879042
2.783112
3.687190
3.677449
2.227918
2.305528
2.271989
1.508939
1.883580
2.188934
2.188325
1.889638
2.548239
2.010241
1.847483
1.787140
1.788850
1.738863
2.874178
2.287254
1.892038
3.107313
2.228622
2.537492
2.739185
2.765044
2.131635
2.745452
3.006795
3.243433
3.585079
2.676847
3.635764
3.635764
3.699301
4.063685
4.158343
4.160881
4.011136
2.793456
3.405062
3.603362
3.195768
2.730438
2.717543
3.604629
3.798630
3.707199
2.610419
2.367080
2.179657
2.979009
1.996245
1.899774
2.139138
2.136759
2.447650
2.316608
1.911514
2.097322
1.958819
1.845339
2.490104
3.285642
2.666506
3.129301
3.669477
3.176567
3.691411
4.016575
3.884917
3.456372
2.670050
2.611608
3.606030
3.061045
2.842785
1.571408
1.622954
1.800421
1.695178
2.068612
2.525710
2.355621
2.665535
1.710860
2.047127
2.465897
2.135422
1.843222
2.155688
2.247689
2.522470
2.748880
3.003668
2.558216
3.335030
2.017843
3.216862
3.285642
3.380022
2.896955
3.095925
3.914947
3.753402
3.513747
3.572669
3.477228
3.592613
3.577569
3.592613
3.077364
3.358920
3.570833
3.249614
3.570675
3.586013
3.394615
2.279713
1.570716
1.564437
1.625116
2.227875
2.417181
2.570090
2.522470
2.298022
2.165347
2.617707
3.115506
3.051686
3.699301
3.804466
3.714962
3.629678
3.229161
3.286028
3.581160
3.170029
3.651190
3.690475
3.528675
3.621033
2.633117
2.239596
1.543820
1.800421
2.053679
2.216692
2.384717
1.717712
2.324812
2.100599
2.413401
2.515687
1.829293
2.247000
2.141438
2.091742
2.369033
3.052026
3.336197
3.082650
2.782907
2.808698
3.478196
2.874769
2.596865
2.420620
3.902454
3.788915
3.206506
3.902454
3.703594
3.515449
3.646676
3.705880
3.117410
2.926647
3.757520
2.487920
2.181969
2.014799
1.455040
1.980801
2.046565
2.226355
1.670905
2.413401
1.899007
2.528741
1.884955
2.441541
2.247000
2.235365
2.582672
2.230978
2.541456
2.266553
2.975717
4.134321
4.016575
4.119255
3.187497
3.718277
3.557377
3.779749
3.798630
3.728573
2.982656
2.875348
2.611608
3.079706
2.743098
2.792555
2.881818
2.937168
3.011446
2.583608
2.177147
2.138660
1.808469
1.534467
1.484707
1.991504
1.949888
1.886344
1.601186
1.862130
2.395789
1.814973
2.757304
2.653171
2.776423
1.794719
2.781473
2.983084
2.432071
3.061767
2.696377
3.199347
2.202981
3.954797
4.016575
4.247699
3.883399
4.028593
3.706958
3.814694
4.014135
3.680906
2.940831
3.909767
2.983452
2.231081
2.780259
2.436631
2.237465
1.694662
2.043429
1.884955
2.667404
2.558427
2.096332
1.911514
1.723488
2.573132
3.010692
3.176567
3.055606
2.337529
2.974416
3.639374
3.667228
3.773210
3.805505
2.934462
3.703594
2.985689
3.046486
4.385674
4.133810
4.183773
3.638108
3.439295
3.668746
2.810798
3.846628
3.685961
3.244108
3.716907
3.581673
3.581673
2.903497
2.577146
1.971159
1.636874
1.715039
1.801192
1.765308
1.599067
1.880031
2.070827
2.146878
2.065452
1.862130
2.065452
2.517898
2.015800
2.092232
1.985400
2.620216
2.681876
2.894422
2.599025
3.885630
3.722732
2.977898
3.013383
4.273582
3.829669
4.169714
3.638108
3.874774
3.315119
2.909368
2.848451
2.353641
2.564833
2.712241
3.018391
2.734870
2.937168
2.202168
2.039008
2.488625
1.924720
2.153879
1.547879
1.410464
1.859993
2.134508
2.030140
1.946653
2.251819
2.411463
2.633958
2.811604
2.732788
2.837810
2.900337
1.939639
3.010692
2.827420
2.931607
2.608274
2.578245
2.528079
3.845293
3.368107
3.315873
4.028364
3.706958
2.907851
4.235565
3.367444
3.266661
3.891284
3.711835
3.736213
2.807783
3.140548
2.528444
2.970501
3.035040
2.970501
2.317384
2.528444
2.989974
2.757657
1.454544
1.743186
2.753056
2.497191
2.521580
1.685317
3.954797
3.773210
3.901580
4.183773
4.292603
4.179523
3.130203
4.025671
2.928239
3.893179
3.584085
3.439816
3.846628
3.808563
3.760890
3.761818
2.772789
2.927235
3.097448
2.806454
2.842370
2.628396
2.145646
1.893695
1.878116
1.565023
1.606346
1.381425
1.697367
2.043521
1.816480
1.840965
1.878327
2.310247
2.489557
2.458222
1.778185
1.822334
2.475368
1.840910
2.516383
2.542306
1.759113
3.467975
3.330412
3.871706
2.946555
4.273582
4.284397
3.926331
3.630180
3.482423
3.936006
4.045116
3.753918
3.025488
3.624212
3.018391
2.317384
2.154690
2.054323
1.896241
2.354770
2.495574
2.702249
2.528741
2.753056
2.038391
3.458098
3.335030
2.367541
3.021903
3.165679
3.537034
4.408910
2.988132
2.959690
4.326663
2.896812
4.078220
4.045116
3.874774
3.819517
3.386463
2.672528
3.779084
3.786905
3.635017
3.145019
2.262437
2.525722
2.768208
1.431283
1.669356
1.657741
1.950406
2.599801
2.929682
2.782766
2.710085
4.094706
3.415611
3.751797
2.995078
4.165310
2.951909
3.236605
3.347842
3.953670
3.684207
2.896131
2.974489
3.760890
3.667656
3.614201
2.989266
3.112238
3.080598
2.138660
1.818149
1.797405
1.387110
2.035721
1.769971
1.658980
2.338791
2.276316
2.063696
2.894379
2.897559
1.845335
2.776423
2.607664
2.641476
2.548211
2.897559
2.573698
2.736506
3.419448
3.252282
2.731840
3.038604
4.302880
3.953670
4.078220
3.852237
3.877768
3.788710
3.810192
3.922520
2.520601
2.924212
1.932212
2.062187
1.896241
1.991121
2.337039
2.894379
2.727949
2.846416
3.128574
3.097507
3.405398
2.650100
3.864480
3.706364
4.139606
4.511536
2.944812
3.122039
4.228846
2.711044
2.807783
3.112238
2.392850
1.609135
1.658220
1.737146
1.852675
2.254871
2.739304
2.945809
2.894379
2.894379
2.407821
2.646583
2.737210
2.705302
2.705269
2.992301
2.831974
4.288156
4.232022
4.405773
3.077010
2.929689
4.016548
3.871706
3.751797
3.435950
3.594240
3.038332
4.050945
3.301390
2.951537
3.834738
3.808563
2.889902
3.076528
2.821929
2.370744
1.524463
1.548882
2.164364
2.489709
2.338791
2.801340
2.646312
2.081229
2.028643
2.630006
2.545920
4.122392
3.500919
3.652628
3.864480
3.101029
3.245446
2.746756
3.686597
3.088090
3.081856
3.181792
2.452621
2.031522
1.436689
1.492784
1.455095
1.424245
1.650894
2.090514
2.034208
2.260671
2.254266
2.686323
2.665562
2.495786
2.959331
3.084754
2.913024
2.967046
3.340792
3.405398
4.350519
3.089485
3.272083
3.537034
3.954948
3.802617
4.119222
2.964318
3.789892
2.883558
2.989389
3.075459
3.166222
3.686597
2.358353
2.078704
2.457339
2.275419
1.971962
1.381177
1.563454
1.348901
1.372872
1.610216
1.582068
1.563454
1.594048
1.859436
2.316302
2.538080
1.928598
1.878853
2.702249
2.686323
2.439979
2.900609
2.806773
2.929682
2.865085
2.289844
4.378859
4.257660
2.676351
3.051658
2.951909
4.016548
3.173779
3.033275
4.324825
4.401776
3.608540
3.038332
2.878186
3.842684
3.114766
2.037403
2.395789
2.136502
1.889290
1.938924
2.724025
2.400860
2.569004
2.783458
3.209639
3.208919
3.209639
3.864480
3.935348
4.408910
3.209071
3.954948
4.166879
3.085883
3.984208
3.039104
2.993649
2.755953
2.924212
2.966519
2.604824
2.652173
2.629410
2.297617
2.240462
1.657494
1.612088
1.577895
1.706372
2.416691
1.810755
2.619933
2.413067
2.415630
2.551539
2.572835
2.780827
3.935970
3.422071
2.999549
4.489110
2.987395
2.952233
3.893009
3.790226
3.752390
2.799027
2.918698
3.711377
3.922520
3.222433
3.015286
2.767919
2.974183
2.389354
3.077068
3.202849
2.550433
2.698217
2.863415
2.037403
1.837877
1.556781
1.799606
1.889290
2.314270
1.773335
2.199528
2.216689
2.354473
2.620513
2.494484
2.619829
3.139524
2.420734
3.619298
3.589175
2.998215
3.020928
4.476420
4.575325
4.036049
4.102653
3.397206
2.850846
3.548304
3.842684
3.114766
2.619378
3.181792
3.202849
2.341919
1.812145
1.482279
2.160695
1.832305
1.791628
2.223333
1.975502
2.034208
2.314270
2.400860
2.900609
3.164053
3.164053
2.522405
2.343181
3.383801
3.251431
2.963618
2.622005
2.965403
4.489110
4.322133
2.995078
3.043375
4.534920
4.119222
3.482147
3.534762
2.811175
3.848041
2.722052
3.360889
2.974183
3.261685
2.898942
2.769735
3.179208
2.494038
2.039544
1.470881
1.552180
1.635509
1.632506
2.051048
2.359162
1.963669
1.823257
2.968459
1.975632
2.056438
2.577891
2.611046
3.074740
3.202712
4.188732
4.511699
2.976386
4.649863
2.975026
3.332290
2.966723
3.477025
4.233161
3.886870
2.626412
3.118972
2.450300
2.307526
2.000925
1.825493
2.091618
1.865574
1.897778
1.979633
2.115167
2.285225
2.377220
2.282810
2.339164
2.393474
2.120352
2.092468
2.252707
3.045683
3.208919
3.045683
3.595723
3.935970
4.114148
4.468484
4.396386
2.757820
3.680866
3.022892
2.949358
3.245446
3.788710
3.819987
3.810192
3.445188
3.251319
3.116970
3.038636
3.369743
2.768405
3.030604
2.385569
1.825493
1.389534
1.292092
1.397383
1.478162
1.444122
1.498131
1.772289
1.982419
1.791884
1.773335
1.975502
2.424680
2.335359
2.517818
2.161531
2.278215
2.001115
2.545032
3.492399
4.188732
4.313607
3.547321
4.473241
4.455161
3.017790
3.456447
2.756293
3.597607
3.328883
3.232398
2.941242
2.898942
3.133109
2.942981
2.633938
1.931280
1.922572
1.470881
2.255442
2.220676
2.128151
2.143984
2.340962
2.464968
2.516478
3.021080
2.593853
2.596010
3.321990
2.645763
3.272083
3.088631
4.459812
4.577928
4.353352
3.445989
3.200274
3.641390
3.477916
3.597607
3.467320
2.314535
3.220020
2.847252
1.960224
2.076972
2.121643
1.429066
1.431037
1.903126
2.072597
1.773322
1.963860
2.079741
2.517427
2.873515
2.339164
2.684230
2.813597
2.646992
2.879144
2.891005
3.347572
3.217410
3.580537
3.347572
4.313512
4.373067
3.123868
3.665848
3.752390
2.822320
2.816586
3.116970
2.911123
2.947159
3.076836
3.076836
2.401830
1.223069
1.246677
1.544965
1.669527
1.612024
2.421932
2.168207
2.165703
2.013541
4.210730
3.775579
4.114148
4.508950
4.473241
3.523679
3.172593
3.591583
4.220930
4.502156
2.860605
2.846267
3.000629
3.289877
3.173269
3.405416
3.491397
2.792144
2.488427
2.834394
3.221273
3.220787
3.369980
2.719128
2.808029
2.818763
2.191799
1.823542
2.359288
1.796205
1.749641
1.710122
1.503612
1.816238
2.137479
2.350009
1.807321
1.853126
1.881313
2.004336
2.004336
2.076502
1.843618
2.222813
2.340822
2.614834
2.645763
3.101494
3.140645
2.846699
4.261190
4.420370
3.016057
3.241236
4.269964
2.859449
2.866191
2.518778
2.527130
2.747750
2.591750
2.000925
1.386340
1.576259
1.669527
1.937743
2.658443
2.648090
2.527652
2.760715
2.982568
3.649397
4.041029
3.210602
4.547285
3.057582
2.924087
4.635390
4.600243
3.455527
4.249385
4.351456
4.341784
4.213823
3.405416
3.308604
3.278376
3.698514
2.801001
2.790324
3.601450
3.720750
3.384151
3.146251
3.232398
3.369980
3.229673
2.623255
1.968395
2.694606
2.307526
1.794468
1.206489
1.812730
2.341894
2.486638
2.498898
3.045683
2.919510
3.914578
2.871022
3.105016
3.209071
3.011690
3.698514
3.534762
3.711377
3.935403
3.597607
3.351533
3.385587
3.385587
2.725430
2.527130
2.228223
2.162906
1.310913
1.502546
1.624276
1.752661
2.923838
2.393474
2.829517
3.076648
4.151561
4.265741
2.697323
2.884653
4.302996
3.329343
3.234504
4.161098
2.895033
2.906282
4.075226
3.714716
2.713874
3.976457
3.970840
3.510887
2.417062
2.088950
2.303386
1.931280
2.443834
1.915201
1.993783
2.473473
1.733246
1.674279
1.488340
1.772714
1.812039
1.741816
1.619470
1.929327
1.812730
1.886966
2.236478
2.012629
1.929327
1.766675
1.931301
2.097804
2.062000
2.658949
2.626669
2.562454
2.920592
4.152796
4.653360
2.995699
4.313512
4.446670
4.575325
4.545230
2.955304
2.707498
3.405416
2.719870
2.787230
3.060521
2.900044
3.369980
3.522092
3.173699
3.079300
3.235325
2.303386
2.735134
1.427620
1.770577
1.725272
1.714783
1.938377
2.385901
2.098655
2.017435
2.989150
2.874542
3.063375
2.703577
2.993809
2.968459
2.998998
2.973667
2.948698
3.497620
3.294687
4.164996
2.707498
3.731703
3.513344
3.482830
2.735134
2.165367
1.511741
1.522446
2.421932
1.824206
2.276458
2.844207
3.196409
3.557042
4.353214
4.454627
2.730590
3.113538
2.987945
3.437636
2.824006
2.966771
3.184691
3.773206
2.734971
2.830803
2.538618
2.538618
2.919740
3.017468
3.024621
2.853446
2.708504
2.243721
2.051321
1.968395
2.162386
2.383284
1.713701
1.887234
1.233911
1.654869
1.679375
1.829151
1.663100
1.758789
1.931301
2.190960
2.069864
2.047471
2.898337
2.396236
2.740015
2.874088
4.380466
4.433313
3.501812
2.837602
3.808199
2.841128
3.766672
4.152796
4.644129
3.229935
3.455527
2.818348
3.976457
2.853332
2.923915
3.508728
3.652727
3.512821
3.670204
3.233691
2.894407
3.234593
2.382932
2.446405
2.220341
1.941684
1.274899
1.288784
1.687407
1.778868
1.867136
1.706781
1.649415
2.301658
2.041682
2.385038
2.923579
3.196431
3.015435
3.076648
2.998681
4.301620
2.663713
4.653360
4.577928
2.936470
3.110426
3.278376
2.989882
2.625756
4.021122
4.044855
3.508852
2.787437
2.787437
2.314120
1.993783
1.778868
1.403176
1.856489
2.190960
2.517427
2.573438
1.909374
1.877930
1.797989
2.521511
2.597020
2.660468
2.519809
2.735664
2.880965
3.012635
3.775031
2.879940
4.524654
4.428258
2.987922
3.497620
3.456748
3.848669
3.812652
3.817153
3.512821
3.438504
3.568830
3.387934
3.252925
3.341381
2.884588
2.919781
2.596806
2.489497
2.160854
1.433315
1.537824
2.012865
2.284868
1.959933
2.041806
2.392548
2.385901
1.967891
2.097512
2.159301
1.776426
2.573438
2.547280
2.135111
2.997324
2.997324
3.017301
2.588052
2.623831
4.330313
4.368931
3.065048
3.434416
4.653360
3.125182
2.773114
3.885897
2.800750
2.493839
2.731515
3.088003
2.654550
2.922636
2.492228
2.440005
2.377220
1.172480
1.592019
1.717771
1.668018
1.653443
2.270600
2.373574
2.502062
2.735664
2.704530
4.131239
4.298475
2.793781
2.969516
2.873087
2.989882
4.022209
3.803655
3.819647
3.800452
3.935652
3.372976
3.083641
2.770242
2.979298
2.728929
2.596806
2.430378
2.276964
1.183249
1.443842
1.520726
1.534483
1.616317
2.069438
1.965589
2.284868
2.393223
2.498807
2.434832
3.076648
4.344973
4.310899
3.241439
3.808199
4.320649
4.612681
4.547014
3.327583
2.909884
3.230359
4.022209
3.870326
3.630995
3.567459
2.600449
2.982136
2.597590
2.076581
2.076581
2.269423
2.731515
2.489497
2.929195
2.372047
2.107322
1.204077
1.305521
1.445675
1.528109
1.668018
1.800682
1.822111
2.276458
2.400473
2.838349
2.900728
4.067864
3.830478
3.258376
3.800666
2.922176
4.524654
2.848541
3.110426
3.061129
4.171375
3.906464
3.387947
3.182280
2.274024
2.361863
1.761531
1.723886
1.861345
1.909725
1.612643
1.870870
1.803508
2.114783
2.498807
3.061827
2.477631
2.658699
2.704530
4.026965
3.807299
4.193043
2.555962
4.256448
4.476226
3.067812
3.258376
3.630783
2.899273
4.513261
4.584695
3.191172
2.620034
4.050696
2.655132
2.994317
2.777527
2.787437
2.982664
3.116043
3.387947
2.845060
2.686508
2.566910
2.355016
2.664895
2.492228
2.391741
2.741260
1.146722
1.190519
1.694940
1.362976
1.809114
1.630965
1.607360
1.619590
1.843848
1.967897
1.649476
1.750723
2.021339
2.240028
2.344897
1.606004
1.907996
2.270600
2.102405
2.397354
2.333091
2.254756
2.955162
2.720503
3.018600
2.625356
4.441710
3.086867
2.874657
4.488523
4.330669
2.943655
2.899273
2.933267
3.461158
4.163721
3.937613
3.669486
2.301390
2.146924
1.200510
1.355702
1.510847
2.068698
3.061827
3.406145
3.727500
3.080264
4.362432
3.991560
4.249054
2.718489
4.287349
4.223881
4.291444
4.125852
2.993718
2.716540
3.206388
3.667685
3.382145
3.674562
3.168957
2.746714
2.809619
3.508852
2.940958
3.234593
2.938443
2.469909
2.403698
2.445478
1.654908
1.641113
1.114819
1.107975
1.206710
1.614478
1.692151
2.373574
2.555046
2.933634
2.672291
2.450397
2.435210
4.330313
3.630783
4.148926
3.071782
2.840540
3.408115
2.637028
3.564950
4.159713
3.870326
3.048323
3.207131
3.567459
2.018964
2.238502
2.052672
2.322506
1.854014
1.659319
1.864327
1.114819
1.536465
1.543472
1.640270
1.619590
1.709486
1.479919
1.612798
2.070249
2.041651
1.927594
2.601518
4.209125
4.163475
3.248186
3.217926
2.922176
4.524654
3.459251
3.650365
3.502836
2.781131
3.182280
3.083641
2.677953
1.845295
1.827393
2.071888
1.451895
1.404662
1.395044
1.355702
2.002224
2.847040
2.303628
2.473575
2.548060
4.109580
2.646809
4.424835
4.218858
2.858351
2.933744
4.114804
4.028814
4.422620
3.618847
3.487498
3.419228
4.399690
4.044855
4.040054
3.939375
2.828941
2.467613
2.564811
1.901688
1.319264
1.321720
1.547209
1.458001
1.535549
1.998545
2.138862
2.843144
2.672291
3.707882
3.929262
3.809808
4.031794
3.917624
3.274420
3.597907
2.898723
3.504341
3.582405
4.388465
3.609783
3.665837
3.376465
4.057252
2.731097
2.633691
3.433630
2.547529
2.467613
2.246064
2.526083
2.097966
1.771735
1.723204
1.105411
1.217238
1.306822
1.454346
1.847871
1.733936
2.770804
2.247742
2.452574
2.486819
4.024598
4.283916
2.803607
2.635890
2.682827
4.488523
2.594170
2.658322
4.398595
3.039858
4.474726
3.461158
3.645978
3.718965
4.374606
4.169720
4.091333
3.820580
3.486595
3.003836
2.563937
2.737993
2.631033
2.754704
2.565594
2.741260
2.389793
1.065497
1.189649
1.991559
2.088338
1.793705
1.939929
2.024268
2.494943
2.201717
2.221822
3.496692
3.251009
2.775722
2.721367
2.781494
3.279667
3.274420
4.392292
3.940288
4.276404
3.230777
4.594546
4.508324
4.281504
4.186018
2.513704
3.755352
3.206388
2.694099
2.982664
3.093169
2.741943
2.938443
1.914143
2.027671
2.114511
1.802830
1.759871
1.087963
1.143108
1.254444
1.775934
1.873885
2.032866
2.008277
1.899441
2.334757
2.390990
2.704031
2.480880
2.500855
3.497708
3.294153
2.480144
2.585005
4.106978
4.083231
3.567561
2.659396
4.102483
3.980867
2.752785
2.675780
4.575853
2.587892
4.425934
3.725516
2.535681
3.289469
2.363480
2.658557
2.864580
2.510206
2.348178
1.931027
1.631382
1.657668
1.691068
1.584082
1.114907
1.178518
1.557265
1.559179
1.701526
1.633312
1.689225
1.717951
1.977625
3.244013
3.372031
4.087748
4.001374
3.646286
2.820724
4.358325
4.248281
3.230777
3.217713
4.433814
2.729096
3.564950
3.645978
3.725516
3.665837
4.240335
4.310854
4.057252
2.778850
2.564811
1.880183
1.545196
1.616403
1.396212
1.710538
1.873885
1.971208
1.953861
2.468153
2.865406
3.984156
3.922790
3.564904
3.248186
3.095405
3.120430
2.834407
3.618847
3.529741
3.645978
4.279321
4.092920
3.856517
4.279321
3.975215
3.665837
2.958278
2.632003
2.308636
2.292473
2.162629
2.169996
1.593497
1.494559
1.046715
1.018257
1.072091
1.235463
1.483587
2.480880
3.815179
3.849365
3.730482
2.564280
3.100124
2.724070
2.716532
4.425934
4.368133
4.158628
3.513370
3.588175
3.407043
3.264292
3.136509
2.631033
2.924532
2.204501
2.924532
1.979301
2.256991
2.397624
2.585027
2.282368
2.114511
1.541922
1.595696
2.601865
2.460599
2.419460
3.372031
3.239063
3.279667
4.063632
4.525386
4.219106
2.876244
4.533730
3.008072
4.388147
3.499572
3.718965
3.725516
3.397333
4.064548
3.590940
3.607254
3.128414
3.072584
3.264292
2.738451
2.585659
2.146480
2.169155
2.336762
2.460108
2.243250
2.273617
1.657668
1.717651
1.866382
1.703758
1.471941
1.637791
1.758497
1.738542
3.798129
3.735011
3.600203
2.569884
2.542208
4.136032
3.825329
2.514114
2.757944
2.547353
2.896313
2.611193
3.409329
3.457458
4.329955
3.001015
4.454281
2.949803
2.887152
2.042467
1.754387
0.945131
1.700121
1.244663
1.821494
2.013069
1.902649
2.039994
3.183865
4.163895
3.756397
2.658322
3.763808
3.919691
4.437108
2.920394
2.608423
3.359235
3.446344
3.361300
3.369275
3.531428
2.607630
2.737993
2.948619
2.885133
2.532706
2.695424
2.738451
1.827561
1.897920
1.776433
1.007476
1.105017
1.571142
1.619499
1.927359
1.944152
1.944729
1.990792
2.242355
2.336095
3.244013
3.059445
3.148000
2.758685
2.735017
2.961904
3.034817
3.255760
4.063632
2.523585
2.757960
3.275609
3.483906
4.124944
4.213634
3.875867
4.098707
3.361300
3.252002
3.019604
3.213597
2.532706
1.845812
1.631382
1.473309
1.432603
1.619499
1.436031
1.432603
1.674082
1.822745
1.972690
2.113247
2.181187
2.186956
2.486294
3.132401
2.427219
3.073588
3.433470
3.150060
3.510593
3.763808
4.551683
4.361147
4.397773
4.404360
4.098707
2.649289
2.660648
1.962109
1.553810
1.317952
1.581285
1.887343
1.721655
1.911604
1.991528
2.601865
2.697450
2.426827
2.335034
3.866809
3.506548
3.039544
4.343563
4.147032
4.219106
4.113683
2.698122
2.822371
3.352152
2.757960
3.517294
2.520044
2.556181
2.655877
2.561543
3.064244
3.183529
2.709795
2.041926
1.907762
1.955969
2.347480
2.494919
2.369498
2.821266
3.928835
3.978007
2.232188
2.825039
3.059455
2.688961
2.851285
2.886601
2.878204
3.422129
4.034763
2.717902
3.140885
4.496925
4.443872
3.123502
4.428891
3.724428
2.703724
2.922427
2.885084
3.306041
3.688860
3.128414
3.407043
2.503792
2.106735
1.046798
1.483735
1.346191
1.579293
1.860615
1.934351
2.082156
2.082156
2.145553
3.132689
3.196064
2.516684
3.077823
3.346694
3.719885
3.917247
2.662256
3.307607
2.702753
4.251115
3.657014
3.466001
3.369275
3.147501
3.177073
3.252002
3.366022
3.146380
3.064244
2.853883
2.847104
1.976479
1.553810
1.672308
1.334554
1.313116
1.488880
1.674082
1.360207
1.321080
1.994035
1.782982
3.233745
3.755805
3.579373
2.638550
2.663566
2.974449
2.454393
4.462598
4.399591
3.265306
3.542930
3.443002
3.476222
3.596949
3.366022
2.939145
3.331216
3.183443
2.916269
2.430701
2.577722
2.512183
1.925914
1.681808
1.573709
1.226427
1.139409
0.958901
1.202894
1.488880
1.195552
1.243688
1.647802
1.299157
1.457777
1.738979
1.501379
1.452953
2.166780
2.494919
2.179148
2.332378
2.372530
3.478130
3.704416
3.031755
3.568663
3.821653
3.713737
3.878263
3.693252
3.591876
4.034763
3.152386
4.334857
2.608999
2.655905
2.579198
2.490065
2.853883
2.806165
2.406593
1.963498
1.770707
1.884359
1.725278
1.596344
1.666061
1.162971
1.034307
1.447530
1.875403
2.049943
2.204931
2.303743
2.388964
3.526848
3.618100
3.269837
2.624682
3.168860
3.229591
4.144743
3.774805
3.908606
4.019370
4.294002
4.406918
3.055080
3.594238
3.456257
2.557732
3.543066
3.580014
3.522050
3.391267
3.192111
2.366405
2.731364
2.068562
2.169155
2.140101
1.064822
1.339121
1.293591
1.961069
2.281109
1.911658
1.958238
2.210727
2.131768
2.031209
3.157307
3.233745
3.459078
2.917570
2.739489
3.282063
3.492637
4.177854
4.239487
4.013075
4.005820
2.637944
2.849856
2.823123
4.285119
3.234603
3.346159
3.345049
2.803889
3.013434
2.520783
2.581932
0.973617
1.333682
1.447059
1.643919
2.066802
1.590519
3.053614
2.592250
2.697746
3.316464
3.089019
2.917570
3.030505
2.767286
2.742464
2.669139
3.625943
3.677156
2.611207
3.876157
2.521816
2.840633
2.761921
2.688961
3.447257
3.078712
2.583816
3.997147
3.171699
3.026955
3.813883
4.325377
3.370700
3.032063
1.808522
1.688202
1.919276
1.081932
1.075041
1.262904
1.436525
1.469264
1.649308
1.911604
1.583652
2.399233
1.892059
2.982626
2.384938
3.007113
3.621350
3.077823
3.822744
2.427219
2.472746
2.229681
2.297118
3.222415
3.189022
4.294934
4.292008
3.326764
3.248912
3.548090
3.290576
3.070154
2.571105
2.502775
3.177580
2.271770
2.500333
2.096675
2.138911
1.912617
1.776921
1.337291
1.822390
1.823728
2.030619
1.906741
1.720258
2.047546
2.767286
3.618100
3.618647
3.512010
3.173485
3.269837
2.598811
2.782106
2.642841
2.984187
2.407335
4.119084
4.404231
2.713451
3.404290
3.337281
2.638839
3.431705
3.133040
3.206757
2.797378
2.955397
2.595569
2.489462
2.508576
2.364506
2.441039
2.461644
2.500333
2.461644
0.929358
0.990136
1.299157
1.225661
1.571723
2.055634
2.068530
1.977837
3.053614
3.201915
3.478130
3.201915
3.387063
3.089019
2.533315
2.253187
3.983909
4.015318
3.282063
2.534980
3.444779
3.457144
2.916069
2.432075
1.757275
1.746027
1.862461
1.130811
1.570711
1.928712
2.283666
1.981592
3.192375
2.315876
3.187642
3.094796
2.373051
2.301510
3.746980
3.780551
2.898754
2.780334
2.521520
3.805789
2.929669
4.025428
3.619297
3.255180
1.912014
1.893592
1.166409
1.429841
1.905947
2.342993
1.823659
2.503657
2.200505
3.157307
2.986499
3.065164
3.526848
2.861134
2.929179
2.595243
3.536334
2.258536
2.319005
3.898534
2.969266
3.749044
2.422133
4.180963
4.306252
4.210021
2.953349
2.751231
2.654926
3.281727
3.457144
3.504747
3.056214
3.168921
2.313189
2.964783
2.356863
2.592249
2.709795
1.733424
1.794671
0.976713
0.953026
1.228877
1.178794
1.423414
1.309453
1.732947
1.314667
1.884134
2.140120
1.711701
2.140675
2.106349
2.931475
2.335516
3.358909
2.619983
3.492637
3.774805
3.118784
4.043318
3.249060
3.531537
2.928035
3.165964
2.756432
2.869015
2.586390
2.783257
2.673247
2.779048
2.513127
2.529637
2.288505
1.796462
1.993845
2.154408
2.287744
1.895615
1.931906
1.827412
1.945284
2.033291
3.094121
2.891637
3.316464
3.477623
3.285412
3.900428
3.904874
3.798093
2.725208
3.132340
4.294934
3.007738
3.150082
3.501535
3.324665
3.009643
2.716073
2.584598
2.500333
2.414612
2.415361
1.978288
1.922760
1.947987
1.020957
1.015087
2.015044
1.900894
2.225957
1.849136
2.488265
2.399233
1.900820
2.099600
2.031209
3.452673
3.552934
3.734703
3.563906
4.008754
3.900462
3.645518
3.680143
2.763332
2.940652
3.017257
3.234603
3.494932
3.131981
2.595248
2.752297
2.423823
2.120040
2.292651
2.429708
2.520783
1.051226
1.271786
1.210727
1.210727
1.405855
2.045955
1.816330
1.542817
2.210081
1.703669
2.906187
3.038898
2.984772
2.894469
3.003794
2.685810
2.713976
3.222415
4.022837
3.089306
3.702716
3.022823
3.101418
2.898448
2.675227
2.940652
2.675227
3.504747
3.504747
3.356626
3.494932
0.903751
1.769007
2.376546
2.589002
1.798751
2.773964
2.953554
2.547987
3.003794
3.591555
3.121342
3.776129
4.035284
3.210732
2.969266
2.576144
3.330137
3.564988
2.707491
3.431705
2.961345
2.523473
3.015586
2.566080
2.670494
2.402723
2.223129
1.028489
1.535391
1.879367
2.448662
2.301774
1.939788
1.962537
1.975427
2.980986
3.020851
2.254798
2.750283
2.660728
3.152421
3.310570
3.304119
3.263203
3.530319
3.119479
3.799676
3.534532
4.304337
4.122682
3.409945
2.435060
4.180963
4.294934
4.289824
3.484989
3.664438
3.084749
3.084749
3.330137
3.173362
3.226902
3.627454
3.558114
3.017257
3.124940
2.681578
2.390172
2.318314
1.917507
1.661216
1.726098
2.075841
2.063483
2.183373
3.003618
2.762024
3.546220
2.561310
2.898834
2.981499
2.621118
3.390342
3.288728
3.680041
4.035284
3.650599
3.939275
2.831888
2.778072
3.456014
3.615850
2.696478
3.130228
3.000453
2.730893
2.942719
2.650307
2.560023
2.130286
2.744552
2.040548
2.095113
2.007242
1.986012
1.846665
1.828491
1.015436
1.144164
1.178794
1.095567
1.717100
2.007461
1.935704
1.894197
2.019286
1.903591
2.007323
2.101408
2.063483
1.869715
2.752908
2.864095
2.963909
2.296663
2.905357
3.072303
3.094121
2.499419
2.708717
3.268068
3.673052
3.784543
2.913641
3.664898
3.787590
2.574652
3.802488
2.548338
3.118784
3.684122
3.928740
3.799309
2.969266
3.730508
3.834199
2.717097
3.229487
2.820776
2.824497
3.530958
2.613692
2.678952
3.500039
2.854407
3.492433
2.549978
2.191828
1.955267
1.491263
2.116269
2.072025
1.841827
1.943474
2.778419
2.314581
2.685810
2.937942
3.190042
3.488173
2.673255
2.920758
3.043326
3.138492
3.774345
3.453118
3.679806
3.932925
3.780125
3.928740
3.934220
2.778072
2.625143
2.801443
2.696517
3.327238
3.070154
2.655300
2.603142
2.593409
2.311706
0.857806
1.071843
1.128601
1.160536
1.205578
1.973488
2.394073
2.864095
2.752908
2.062526
2.685629
3.465268
3.551745
3.274143
3.437579
3.567329
3.411610
3.457872
3.500998
2.768452
3.593172
2.369205
2.393746
2.612143
2.466860
2.641301
2.120040
2.175113
1.977079
0.973870
1.367256
1.908793
1.826439
2.165958
2.220721
2.716733
2.837519
2.861848
3.774345
3.175773
2.870733
2.512625
2.430314
3.029208
3.614901
3.419464
2.780604
2.643046
1.826439
1.716889
2.142061
2.197524
2.499072
2.282883
2.800196
2.798466
2.946534
2.222006
2.563089
3.348295
2.444081
3.700868
2.702483
2.798078
2.861848
2.705165
3.176231
3.528668
3.438327
3.563906
3.453118
3.417519
4.069613
2.533703
2.608663
2.557878
2.610371
2.602495
3.183898
2.306592
2.416757
2.197730
2.278712
1.992689
2.040269
2.175113
1.830676
0.994780
1.049046
1.049046
1.128601
1.377197
1.994764
1.649175
1.798897
2.450455
2.349728
1.970047
2.615145
1.799413
2.848889
2.654289
2.848889
2.404250
2.566424
2.735124
3.774345
3.563906
3.581353
3.465504
3.479974
3.519929
3.392277
3.399657
2.748085
2.197730
2.146067
2.042734
0.887835
0.938292
1.210992
1.986493
2.274139
2.210692
2.503522
2.565310
2.532966
1.906425
2.007729
1.799413
2.963909
2.803335
2.512549
2.472577
2.556356
2.661940
3.559370
3.690525
2.517941
4.035284
3.729278
3.073715
2.555618
2.399650
2.660285
2.018651
1.880886
1.114406
1.256426
1.572430
1.766780
2.071106
1.743736
2.564211
2.754579
2.969010
3.163742
2.961311
3.291623
3.310570
3.534699
2.993348
3.040192
2.443474
2.669085
3.939275
2.671376
2.530274
3.495630
3.523106
2.420421
2.627628
2.499459
2.399441
2.228435
0.952958
0.930252
0.988091
1.515258
1.910880
2.615145
2.714752
2.579036
2.338058
2.750283
3.055755
2.767366
2.629421
2.401548
2.513259
2.859858
3.009188
2.135027
3.467966
2.660154
3.396252
3.479974
2.758820
3.472426
2.466860
2.494287
1.876404
1.092044
0.882624
1.567693
1.603039
1.439733
1.358558
1.509025
2.180081
2.337069
2.301183
2.240539
2.659405
3.246891
3.132479
3.571683
2.778523
2.479288
0.858225
0.903751
1.391271
2.108350
2.129371
2.128318
2.455459
2.324295
2.515986
3.430007
2.920758
3.436934
3.328393
3.805578
3.417519
3.015463
2.423610
2.401631
2.555618
2.140062
2.363671
2.276128
2.027886
2.072297
1.216122
1.701049
2.271524
2.639272
2.006935
2.700363
2.572177
2.810706
2.649148
2.356927
2.393124
2.531632
2.420673
3.593043
3.396252
3.772751
3.399657
2.602652
2.671169
2.314861
2.097583
1.915362
0.835405
1.527114
1.589410
1.911225
2.145470
2.262688
2.225233
2.272229
1.863161
1.897934
1.797802
1.748590
1.760537
1.714450
2.834457
3.086279
2.834730
3.277633
2.450093
2.618095
3.099725
3.516923
3.601798
3.805578
3.455955
3.416004
2.625931
1.306885
1.488585
1.171388
1.589410
1.766780
2.322293
2.310185
1.701049
2.564668
2.621359
1.719686
2.122853
2.159763
2.456527
2.334739
3.168900
3.319791
2.767366
2.800020
3.621355
3.500483
3.416915
3.307747
3.044502
3.406013
2.458085
2.518102
2.625931
1.730213
2.271975
2.043653
2.118231
2.661413
2.535104
2.399012
2.258792
3.277633
3.221415
3.022050
2.707180
2.590816
2.560778
1.642509
2.229510
2.442981
2.632681
3.021994
2.354522
2.379671
2.717596
2.471651
3.178854
3.112534
2.153850
3.292090
3.356896
0.952958
1.958876
1.665408
2.282944
2.441254
3.014145
3.021865
3.293697
3.195119
3.391723
3.578939
3.377321
3.578939
3.022459
1.748947
1.748947
1.884675
2.622805
0.997445
1.359287
2.019462
2.510688
2.496588
2.527249
2.798324
3.026891
3.155493
3.212879
2.465883
3.500483
3.214143
3.037222
2.678621
2.494420
2.595595
2.530679
2.582465
3.227879
3.396252
3.454323
2.538035
2.887639
3.190696
2.588678
2.386565
2.604231
2.424093
0.849261
1.132874
1.143218
2.463859
2.399208
2.494325
2.680395
2.269513
2.538021
2.636094
2.282830
2.227836
3.163322
2.974674
2.369100
2.576903
2.660528
2.465997
2.861607
2.800020
3.184010
3.374583
2.100598
3.337034
3.121447
3.267988
3.081407
2.649626
2.401047
2.477491
0.886735
0.897341
1.600452
1.332888
1.818290
2.071223
1.904653
2.296502
2.381541
2.463103
2.180259
1.649063
2.558790
2.411135
3.127239
3.318093
2.812756
2.371293
1.748947
1.900965
2.842131
3.253768
2.618507
2.710006
3.515257
2.568411
2.582160
2.501529
2.421433
2.346960
2.493504
2.447586
2.795897
1.599321
1.630857
2.840101
3.021865
2.261052
2.819824
2.849366
2.359934
2.684264
3.309734
2.556987
2.838166
2.843749
0.895992
1.204138
1.051885
1.437762
1.487626
1.664159
2.000118
2.265754
2.377744
2.334212
2.723580
2.678997
2.915810
2.925330
3.146999
3.210008
3.213906
1.762592
3.018759
3.275836
2.540733
2.937112
0.973955
1.259541
1.332560
1.347533
1.588099
2.138121
1.724538
2.329535
2.093152
2.438283
2.508240
2.477222
2.254573
1.718994
2.670601
1.599321
2.880786
3.387803
3.292081
3.301212
3.282069
3.195119
2.460000
2.522979
3.343519
3.204168
2.845934
2.581566
2.600180
1.926873
2.046654
2.112389
2.157568
2.196562
2.578145
2.464148
1.697364
2.481967
2.474492
1.619491
2.758300
3.149392
3.276782
3.182462
2.958287
2.997933
0.997445
1.165447
1.428444
2.180125
1.538415
2.588690
1.560223
2.616679
2.703189
2.655475
2.262361
2.181351
2.588917
3.322140
1.619491
2.446554
2.350632
3.036033
3.196185
2.629591
0.904088
0.837510
1.556689
1.645255
2.204607
2.219666
2.334603
2.489783
2.250836
2.438323
2.506680
2.626080
2.808838
2.652212
2.400785
2.768431
3.049324
2.324358
2.653967
2.855697
3.360321
3.041797
1.047311
1.636300
2.010761
2.077265
2.404884
2.487013
2.441980
2.343157
2.396307
2.271812
2.339447
2.472658
2.405267
2.550558
2.185674
2.103326
2.282830
2.064387
2.988830
3.063802
2.909647
2.670831
0.871090
0.995235
2.274255
2.405058
2.260426
1.709434
2.688011
2.589043
2.265506
3.110732
3.273638
2.995487
2.811671
3.196074
2.356044
1.502946
2.774936
2.732561
2.943631
2.665903
2.304461
2.336605
2.166523
2.256166
2.103326
1.802667
1.565028
1.824756
2.737039
2.969096
3.046847
2.652866
2.515768
2.961609
3.250327
3.078946
2.642678
2.574731
1.744488
2.112061
2.829744
2.609725
3.161278
2.356979
2.798104
2.428414
2.469772
2.499449
1.523166
3.197125
3.089811
2.651094
2.586567
0.798334
0.946210
0.870624
1.912014
2.504200
2.487943
2.757274
1.830928
1.565028
1.565794
2.395633
2.518287
2.878628
2.958976
3.234363
3.282069
2.327941
2.604721
2.416780
2.596425
2.586567
2.749150
2.668126
1.234861
1.978456
1.451729
2.441066
2.374952
1.616377
1.941185
1.769896
2.149646
2.268993
2.446009
2.400570
2.632534
3.134652
3.134652
2.713851
2.697675
3.059039
2.957723
1.147842
1.091336
1.395043
1.209187
1.632421
1.838170
1.439504
1.411069
2.367056
2.174935
1.591026
1.473922
2.322622
2.216899
1.772520
1.734057
2.495330
2.914788
2.294293
2.345213
2.369980
3.050936
2.849009
1.975407
2.613372
2.609055
2.459792
1.706216
2.026960
1.648340
3.077639
2.636184
2.789422
1.282990
1.132775
1.349140
2.004132
1.788721
2.529791
2.469450
2.469450
2.420596
2.141462
2.458158
2.531074
1.829577
2.652212
1.610270
1.740796
1.907674
1.558824
2.634010
2.882679
1.571604
2.320936
2.976560
2.985741
1.075213
0.963959
1.320308
1.255978
1.492649
2.299870
2.247037
2.418001
2.160325
2.353553
2.363045
2.075456
2.039499
1.887298
1.891810
2.013226
2.224858
2.274376
2.614877
2.334038
2.310253
1.974151
2.744494
1.571604
3.036033
0.905137
1.917140
1.642341
2.466774
2.051570
2.386706
2.423635
2.550558
2.308144
1.736632
1.772520
1.632103
2.154746
2.323484
2.665337
2.971629
3.039313
2.799464
2.578893
2.059959
2.893383
2.572907
0.851641
0.948933
1.358024
1.736595
2.431467
2.480971
1.828236
2.051609
2.084506
2.165929
2.331830
2.400559
1.745548
2.336971
2.418436
2.849411
2.722495
2.651276
1.405204
1.491869
3.036033
1.837740
2.643768
2.709035
1.874379
3.046198
0.939326
0.880537
0.857118
0.989194
0.984815
1.241427
1.326202
1.512985
1.630817
1.492649
2.247234
2.481087
2.466774
2.492022
2.601498
2.125594
1.780790
1.570878
1.986285
2.376563
2.517561
2.524593
2.769692
2.368746
1.833275
2.325938
1.874379
2.682200
2.943430
0.960364
1.419797
1.535633
1.379401
1.394959
2.523319
2.282231
2.251389
2.267921
1.827660
1.854942
2.665337
2.535053
2.239127
2.226794
2.736079
2.844902
2.775454
2.276406
2.266058
2.614924
2.695732
2.345646
2.434290
2.500197
2.713851
2.655412
1.077367
1.007407
1.190149
1.182677
2.530421
2.221330
1.527522
2.272106
2.844902
2.986991
2.223160
2.304572
2.478363
2.512024
2.929330
2.834848
2.561479
1.313112
1.392800
1.394959
2.162846
2.097266
2.191381
2.369499
2.079734
2.265316
1.449084
2.101854
1.836687
2.733544
2.727739
2.785307
2.831301
2.400701
2.525795
2.543282
2.873688
2.543075
1.146359
1.091336
1.249650
2.218820
1.727978
1.732281
2.581037
2.279662
2.127966
2.140506
2.415039
2.986991
2.503171
2.683951
2.335703
2.587614
2.726921
2.108594
2.023660
2.733544
2.647411
2.323484
2.515239
2.796202
2.575212
2.673332
2.660345
2.370488
2.332840
2.153938
2.090322
2.350994
2.142030
2.397841
1.351737
2.545771
2.586094
2.515239
2.176135
2.495974
2.512504
2.603800
2.322778
2.476071
2.255661
2.078520
2.702483
1.339356
2.305697
2.572122
2.101854
2.515239
2.586094
2.485406
2.527905
2.465034
2.403827
2.530099
2.622483
2.780831
2.959605
2.755267
2.161123
2.057724
2.213821
2.145441
2.060732
2.390546
2.500427
2.491843
2.527519
2.727739
2.506939
2.579647
2.247385
2.218357
2.633908
2.628272
2.439653
2.139716
2.347885
2.049119
1.570878
2.266058
2.552350
2.627440
2.617509
2.121926
2.336333
2.463977
2.027678
2.035197
1.981052
2.005370
1.967405
1.749144
2.440937
2.545771
2.527519
2.272982
2.058841
2.243006
2.064350
2.428123
1.954261
2.340368
2.337218
2.261305
2.605467
2.552350
2.575212
2.270951
2.186306
2.599989
1.930341
2.075041
2.200603
2.228164
1.971958
2.428123
2.435135
2.127016
2.255661
2.349956
1.911298
2.327936
2.063434
2.246969
2.300858
2.247595
2.212600
2.405038
2.270951
2.027664
2.362879
2.332982
2.513839
1.909171
2.188069
2.173086
2.276183
2.405959
1.919297
1.923969
2.265354
1.910810
1.839633
2.156897
2.045570
2.244215
2.434073
1.994189
2.216109
2.400206
2.360264
1.881636
2.186060
2.354605
2.392678
2.412166
1.931479
2.129961
2.195644
2.361772
1.830486
2.405038
2.372560
2.459661
2.459661
2.253598
2.185175
1.642596
2.080757
2.169230
2.254462
2.068459
2.258061
2.103667
2.472711
2.119769
2.511958
2.477178
2.095831
1.946900
2.020644
2.062059
1.924563
2.229468
2.153030
2.097010
2.093342
2.288188
2.173590
2.543437
2.446116
1.888826
2.337813
1.972273
2.254440
2.543437
2.375694
1.946900
1.810398
1.882993
2.007533
1.627763
2.036026
2.066334
2.162574
2.178674
2.296291
2.350509
2.258061
2.225056
1.835450
1.844005
2.047248
1.727880
2.095208
2.083202
2.070664
1.874644
2.063979
2.067495
2.372225
2.409435
1.889669
1.965365
2.178674
1.974350
2.308291
2.143985
2.251286
1.798421
1.624220
1.761124
2.245932
2.365401
2.323565
2.218648
1.717232
1.644391
1.986230
1.878296
2.211500
2.012212
2.174159
1.940777
1.657290
2.372225
1.951703
1.836836
1.809982
1.864156
2.090612
2.149812
1.868353
1.593006
2.079815
1.726834
2.124692
1.584984
1.772334
1.405834
1.973237
1.873599
1.778070
1.930841
1.906963
2.106056
1.561308
1.489247
2.103295
1.852875
1.557644
2.215630
2.062949
1.872472
1.817586
1.853256
1.489247
2.262808
2.179229
1.622076
1.664176
1.753114
1.769444
1.744300
2.054953
2.002403
2.114830
2.161439
2.169848
1.736098
1.830403
1.883633
1.625168
1.764674
1.890998
1.964580
1.333566
1.466032
2.267929
2.087724
2.099600
1.997560
1.941006
1.911077
1.842003
2.012212
1.498162
1.985461
2.149526
2.213782
1.468654
1.520605
1.647550
1.958457
1.596151
1.571001
2.071215
1.821994
1.479036
1.910617
1.982098
1.749616
1.786354
1.832590
1.790980
1.772924
1.350824
1.977976
1.310382
1.897372
2.048658
1.942718
1.935683
1.981055
1.670564
1.943069
1.930204
1.419281
2.022790
2.176319
1.792239
1.589428
1.680609
1.459825
1.881435
1.999561
1.379546
1.846444
1.868465
1.927990
2.021167
1.398496
1.360581
1.409770
1.999501
2.030410
2.072548
1.525321
1.684277
1.497708
1.694010
1.480977
1.887958
1.868465
2.004998
1.930204
2.023579
2.074702
1.476448
1.590509
1.875818
1.771701
1.999507
1.882855
1.721785
1.640535
1.853264
1.772924
1.943756
1.934912
1.518948
1.680727
1.811943
1.891831
1.779585
1.776825
1.939277
1.857124
1.673991
1.401556
1.293009
1.403228
1.945185
1.829599
1.733593
1.756906
1.914104
1.944220
1.415468
1.835015
1.523878
1.473874
1.444405
1.618878
1.568964
1.646278
1.622559
1.363098
1.363098
1.384510
1.245413
1.342330
1.716287
1.897372
1.934049
1.678137
1.214276
1.322387
1.339853
1.840432
1.683733
1.733330
1.590052
1.415302
1.407653
1.292211
1.942718
1.463070
1.598969
1.254652
1.667750
1.805684
1.623087
1.420258
1.789186
1.307170
1.225589
1.757974
1.809200
1.378531
1.447455
1.451205
1.378281
1.547735
1.529875
1.580812
1.290774
1.633722
1.508017
1.471734
1.522217
1.603867
1.226399
1.295545
1.642176
1.629404
1.783312
1.736800
1.226052
1.812538
1.677098
1.656551
1.558500
1.694321
1.598969
1.359535
1.412698
1.432817
1.551248
1.322444
1.645928
1.365381
1.336616
1.629404
1.716287
1.344100
1.338774
1.485189
1.496160
1.451742
1.325768
1.278349
1.683733
1.650342
1.303709
1.281663
1.338399
1.336302
1.359535
1.685699
1.524920
1.365195
1.436805
1.269303
1.550494
1.429902
1.470695
1.389546
1.347430
1.455862
1.342494
1.394739
1.398689
1.372004
1.507275
1.457873
1.452749
1.274311
1.243266
1.297543
1.619512
1.458182
1.498974
1.302770
1.257528
1.255962
1.451000
1.499354
1.465629
1.253778
1.517397
1.478347
1.302595
1.391346
1.415010
1.456505
1.500048
1.375444
1.345850
1.273134
1.419613
1.321127
1.277429
1.337649
1.493554
1.361611
1.412037
1.333105
1.300697
1.478907
1.255164
1.302123
1.446823
1.854014
1.854014
1.381826
1.811773
1.981646
2.136653
2.136653
2.052672
1.796228
1.715206
1.613005
1.757650
2.790073
2.743454
2.924235
2.555135
2.555933
2.696478
2.696478
4.229311
3.952580
3.937796
4.002727
3.686107
3.297965
4.116443
3.451403
3.464499
3.861887
3.796621
3.613296
4.356999
4.229311
3.725459
3.924292
3.659060
3.574820
3.556962
3.444779
3.220912
3.543926
3.959291
3.863329
