6194 1 3
1.640105
1.684422
1.745446
1.796901
1.576923
1.760396
1.709112
1.801781
1.796751
1.833268
1.846278
1.767364
1.868706
1.841038
1.767364
1.818512
1.597551
1.733292
1.741375
1.669055
1.671464
1.796901
1.833359
1.662736
1.662736
1.595888
1.653164
1.662736
1.550523
1.701317
1.598530
1.843435
2.108824
1.456107
1.597215
1.616748
1.760396
2.061015
1.853584
1.830680
1.880914
2.134991
1.963958
1.963958
1.487314
1.587249
1.415157
1.479278
1.506754
1.479278
1.921549
2.005491
1.986226
1.962410
1.704336
1.710888
2.093994
2.091945
2.025617
1.953800
1.958488
2.051728
2.055042
1.391147
1.439424
1.468056
1.700660
1.545398
1.513948
1.859067
1.513948
1.510744
1.837255
1.705848
1.829283
2.038357
1.662905
1.574505
2.194458
2.354540
2.109602
1.870693
2.098319
1.899121
1.448616
1.389411
1.517046
1.700660
1.577255
1.544026
1.670948
1.829283
1.999855
1.779547
1.936013
2.120704
2.149290
1.722112
2.151587
1.885353
1.991375
2.140486
1.432266
1.532953
1.526739
1.388716
1.761557
1.756329
1.921938
1.790489
2.220250
2.207664
2.004124
2.369000
2.347683
2.369000
1.983323
1.899121
2.176679
2.176679
1.448616
1.561529
2.022843
1.544026
2.010237
2.109035
2.105115
1.790859
1.861709
1.710888
2.284612
2.004124
2.004124
2.333549
2.250062
1.463212
1.496997
1.963526
2.127241
2.050761
2.218407
1.912246
1.871273
1.971559
2.253223
2.080804
2.030162
2.004124
1.914947
2.601430
1.953800
1.991566
1.553891
1.551362
1.583115
1.764816
1.544026
2.074215
1.802194
2.253223
1.713039
2.289472
2.063385
1.854460
2.318676
2.004124
2.354540
2.374977
2.559767
2.559315
2.227718
2.258668
2.281527
2.146379
1.991566
2.048959
2.183553
1.463109
1.369771
1.620611
1.439701
1.834543
1.436211
1.696604
1.891458
1.973017
1.973017
2.074215
1.992815
1.651450
1.712337
2.037449
2.330697
2.383802
2.441885
2.253016
2.253016
2.494850
2.129316
2.583737
2.583737
2.586661
2.586936
2.544992
2.012442
2.241153
2.089478
2.308134
2.336456
2.342715
2.225917
2.305191
2.122136
1.415305
1.404140
1.469373
1.390655
1.834543
2.050761
1.896157
2.325718
2.380416
1.983268
2.527140
2.583954
2.567897
2.163369
2.583954
2.597077
2.186364
2.542943
2.570283
2.575088
2.176829
2.542943
2.484693
2.332252
2.385256
2.314512
1.964128
2.052096
2.081187
1.881838
1.415305
1.583295
1.398426
1.420375
2.102015
2.029946
2.134882
2.193952
2.050761
2.074215
2.193201
2.380416
2.109172
2.253016
2.193201
2.752136
2.762661
2.529100
2.583737
2.782128
2.567897
2.586936
2.503089
2.692577
2.660820
2.544992
2.511538
2.404858
2.282261
2.397342
2.367577
2.596439
2.146379
2.537187
2.301292
2.194674
2.014438
1.429027
1.404449
1.474286
1.424782
1.488991
1.467203
2.069451
1.887905
2.124273
2.179788
2.208017
2.147917
2.252387
2.218407
2.193952
2.074215
2.622758
2.380416
2.510248
2.520332
2.545632
2.559767
2.644068
2.380654
1.930830
1.885446
2.083332
1.497923
1.806116
2.245740
1.596831
2.358149
2.281282
2.322202
2.273061
2.160875
2.695061
2.721968
2.695126
2.080804
2.749165
2.660820
2.681094
2.594295
2.612835
2.397342
2.563104
2.490773
2.092272
2.046036
2.235555
1.322083
1.637895
1.316759
1.628610
1.752666
2.168186
2.093420
2.179788
2.300014
2.358149
2.427791
2.460371
2.538800
1.823496
2.661192
2.777700
2.838328
2.559438
2.717044
2.559438
2.714370
2.559315
2.334028
2.733939
2.503089
2.688900
2.692577
2.873605
2.146045
2.692577
2.596439
2.332252
2.413452
2.406936
2.284919
2.007082
1.329775
1.429027
1.265054
1.314159
1.674932
1.978311
1.930550
1.627881
2.179788
2.179788
2.179788
2.394841
2.208017
2.208017
2.208017
2.625551
2.498691
2.479880
2.479880
2.479880
2.273061
2.590589
2.697973
2.260400
2.160910
2.208577
2.880157
2.694907
2.639235
2.749165
2.714370
2.757855
2.757855
2.282261
2.880869
2.670563
2.594295
2.847256
2.596439
2.441669
2.612835
2.591082
2.266993
2.175192
2.453694
2.266993
1.295626
1.295626
1.514753
1.707175
1.717458
2.177866
2.333599
2.381675
2.128505
2.352368
2.352368
2.352368
2.352368
2.209880
2.754504
2.794787
2.754504
2.364965
2.697973
2.966861
2.759492
2.845524
2.749165
2.712582
2.975922
2.794962
2.204794
2.688900
2.405193
2.881692
2.524928
2.314512
2.615991
2.754951
1.926061
2.147418
1.327480
1.358576
1.573073
1.265054
1.499416
1.770618
2.284500
2.234054
2.333599
2.479226
2.086504
2.622758
2.590976
2.758239
2.906499
2.622758
2.940476
2.692137
2.845524
2.845524
2.712582
2.810736
2.810736
2.709124
2.594295
2.644068
2.849960
2.847256
2.681094
2.471782
2.823798
2.373845
2.597097
2.467915
1.250986
1.615934
1.460872
2.103134
2.173620
2.196517
2.240423
2.310849
2.333599
2.401563
2.710867
2.845407
2.889723
2.855313
2.898359
2.927262
2.383334
2.845524
3.159119
2.975922
2.979980
2.947352
2.898997
2.860956
2.839843
2.749779
2.628489
2.811485
2.823798
2.345646
2.094495
2.594685
1.906213
2.514087
2.127989
2.073090
2.003732
2.206098
2.003732
1.906994
1.898332
1.277522
1.455771
1.571584
2.332342
2.430282
2.333599
2.284500
2.296100
2.420856
2.011226
1.906380
2.479880
2.364965
2.794787
2.915983
2.699987
2.201292
2.284381
2.976691
2.753527
2.845524
2.946450
2.338048
2.789714
3.068181
2.792874
2.881692
2.873226
3.050289
2.847256
2.678025
2.811485
2.591082
2.591082
2.376719
2.586689
2.735167
2.963063
2.376719
2.279051
2.131660
2.479712
2.030604
2.524337
2.203631
2.182129
2.366163
1.900929
2.009062
1.289958
2.009057
2.242827
2.147548
2.317882
2.430282
2.501225
2.284500
2.409821
2.424208
2.547080
2.167470
2.754823
2.845407
2.983939
2.932678
2.882527
3.008954
3.021053
2.461632
2.333516
3.009803
2.896438
2.749779
2.880869
2.678025
2.591082
2.441669
2.586689
2.739533
2.376719
1.289958
1.416222
2.077707
1.822054
1.985224
2.247541
2.462704
2.349606
2.513524
2.758708
2.061899
2.424208
2.983939
2.754504
2.983939
2.983939
2.871936
2.261936
2.959916
3.079796
2.788430
2.875905
2.789714
3.050289
3.050289
3.023384
2.387250
2.405193
2.469598
2.469598
2.867237
2.688708
2.655331
2.377337
2.483613
1.968113
2.117213
1.384497
1.357918
1.384497
1.715138
1.326185
1.732424
1.742880
1.254550
1.289342
2.069086
2.237855
2.382864
1.715260
2.360549
2.603649
2.736413
2.564294
2.401563
2.965308
2.547080
2.294106
2.938056
2.547080
2.975544
2.256390
2.855233
2.150112
3.016286
2.796418
2.767882
3.029823
2.893711
2.919257
2.936484
3.148636
3.159119
3.014394
3.001068
2.432427
2.333516
3.024005
2.936764
2.839843
3.098342
2.792874
2.646567
3.038852
3.107799
3.246469
3.005225
2.757588
2.469598
2.438836
2.345646
2.862127
1.995466
2.051016
1.326842
1.378795
1.761923
2.406611
2.406611
2.426206
2.430282
2.736413
2.294106
2.675724
2.750425
2.915662
2.915662
2.975544
3.032608
3.152985
3.032608
3.003409
3.079796
2.411017
3.379202
3.168612
3.186454
3.186454
3.267741
3.290698
2.503767
3.023384
2.939699
2.469598
2.469598
2.376719
3.127815
3.127815
2.413272
2.803045
1.899994
1.968113
1.502545
1.778219
1.446003
1.538108
2.382864
2.529900
2.494814
2.462704
1.848541
1.929086
2.357892
2.915662
3.115802
2.306697
2.201292
3.087981
2.976691
3.076132
2.976691
2.913742
3.226653
3.304812
2.932678
2.530107
3.262253
3.118325
2.452118
2.984348
2.984348
3.009341
3.098342
3.107799
3.107799
2.805963
3.044722
3.236722
2.889007
3.176585
3.087491
2.325398
2.524337
2.171386
1.314680
1.432174
1.258788
1.439835
1.345548
1.807597
1.887206
1.407637
1.350599
2.269005
1.791400
1.727992
2.500923
2.533531
2.368819
2.513834
2.736413
2.508120
2.437995
2.061899
2.336600
2.797292
3.033450
2.826575
3.095856
3.115802
3.079189
2.975544
3.087981
3.030571
3.016286
3.030571
3.061826
2.919257
3.304812
2.549013
3.108040
2.554441
3.190371
2.936764
3.101609
3.286376
3.146895
3.219139
2.972269
2.466077
2.805963
3.246469
3.208227
3.127815
3.038852
2.585315
2.469598
3.036438
2.900354
2.325398
2.173563
1.977471
1.253343
1.314680
1.622497
1.648773
1.313385
1.919019
2.198811
2.684338
2.464651
2.590812
2.461896
2.533531
2.736413
2.603023
2.501225
2.750904
3.018014
2.466741
2.601876
2.601876
2.538293
2.388339
3.095332
3.079189
3.087981
2.372159
2.920376
3.095401
3.076132
2.978644
2.616976
3.340469
3.340469
3.380712
3.063380
3.149955
2.932678
3.181448
3.120011
3.153649
2.672548
2.546961
3.505094
3.250653
3.365804
3.044722
3.315578
2.409427
2.715234
3.127815
2.825706
2.414255
2.325398
2.414255
2.017130
2.502524
2.312378
2.042717
1.961487
1.397054
1.303854
2.200469
2.269005
1.518168
2.623340
2.455116
2.619735
2.796597
2.619735
2.492206
2.613614
2.112118
2.874995
2.259238
3.220602
2.845226
3.095332
3.076132
3.027366
3.251657
3.318276
3.149955
3.164407
2.672548
3.101609
2.627417
3.200999
3.316291
3.023384
3.330336
3.279121
3.127815
2.825706
3.036438
3.181303
2.196269
2.188200
2.097693
2.173563
2.325398
2.264171
2.173563
1.918881
1.977142
2.233235
1.228784
1.668294
1.297173
1.819991
2.623340
2.528393
2.796597
2.933973
2.728421
2.659635
2.466741
3.220602
3.510850
3.659789
3.312081
2.938584
3.542740
3.304812
3.570136
3.262253
3.440882
3.149955
3.014394
3.360392
3.265454
3.387034
3.387034
3.128534
2.751499
3.309297
3.441001
2.954405
3.248575
3.484318
3.444415
3.422318
3.044722
3.422318
2.715234
2.585315
3.036438
3.036438
2.164351
2.492606
2.267242
1.805284
1.907939
2.120209
1.843063
1.478213
1.594203
2.072893
2.269998
2.376568
1.849129
2.771368
2.285284
2.268335
2.512083
2.555285
2.212838
2.933973
2.858321
2.512083
2.734915
2.734915
3.178321
3.178321
3.084053
3.262316
3.220602
3.227333
3.276549
3.164861
2.786931
2.263324
2.338742
3.016286
3.132972
3.043526
3.323133
3.546039
3.063380
3.360392
2.751499
3.315234
3.441001
3.315578
2.883293
2.528603
3.065458
3.386698
3.422318
2.466139
3.231495
2.409427
3.087491
2.413858
3.279121
2.735251
2.682157
2.527490
3.004884
3.017998
2.738938
2.492606
2.112239
2.262575
2.173563
1.850304
1.822396
1.321120
1.322320
1.310878
1.819991
1.361990
1.313385
2.031692
2.623340
1.730754
1.849129
1.788595
2.092490
2.796597
1.924258
2.387931
1.935133
2.792332
2.212838
2.575515
2.922785
2.933973
2.734915
3.128704
2.582132
3.207734
3.186144
2.092813
3.095856
3.196930
3.145772
3.130865
2.568758
2.305082
3.076132
3.346121
3.546039
3.306514
3.579427
3.546039
3.279926
2.631642
3.332098
3.128534
3.248575
3.505094
3.505094
3.668770
3.390863
3.267894
3.481945
3.409453
3.334058
2.943007
3.289398
2.909787
2.458267
3.163886
2.596457
2.596457
2.735251
2.596457
1.995466
2.563539
2.492606
2.492606
1.862392
2.591137
1.805284
1.845612
1.438753
1.476420
1.553938
1.504301
1.336411
2.227009
1.688820
2.525380
2.537064
2.601078
2.505371
2.835498
2.204501
1.928060
2.758497
2.614247
2.432716
2.285284
2.512083
3.097899
3.007477
3.412060
3.315385
3.164861
2.931247
3.659672
3.132972
3.132972
3.027366
3.513658
3.062120
3.299292
3.707887
3.736424
2.680210
2.418060
3.279926
2.751499
3.390863
3.441001
3.484318
3.065807
3.500695
3.481945
2.883293
2.971118
3.386698
3.235473
2.909787
3.037591
3.330336
2.828448
2.735251
3.158841
3.181303
2.563539
2.483218
2.483218
2.628750
2.354565
2.262575
2.262575
1.910083
1.866963
2.437462
1.886295
1.764377
2.060173
1.822396
2.066487
1.456904
1.641349
1.638700
2.691254
2.821651
2.360454
2.191887
2.296963
2.108409
3.097899
2.549528
2.448050
2.614247
2.614247
2.614247
2.076144
3.128704
3.258948
3.145772
3.239350
3.000925
3.306514
3.707887
2.812475
2.843121
2.613606
3.258639
3.305937
3.668770
3.505094
3.493153
3.295624
3.033577
3.403253
3.450306
2.575171
3.409453
3.330336
3.422318
3.422361
3.272537
3.181303
3.272537
2.946275
2.946275
2.490791
2.513312
2.754972
2.563539
2.692583
2.175283
2.127879
1.732739
1.276429
1.303114
1.253343
1.344522
1.404078
1.269150
1.867975
2.088489
2.169031
1.580888
1.638700
1.688820
1.826146
1.831193
2.094268
2.430095
2.751058
2.751058
2.667563
2.464538
2.462075
2.094268
1.994771
2.375640
2.296963
2.452807
2.195746
2.852664
2.720153
2.549528
3.202529
3.348183
2.514672
3.354844
3.510850
3.695918
3.717613
3.292833
3.429860
3.167697
3.804912
3.429860
3.153649
2.689903
2.751499
2.812475
2.812475
3.505094
3.504822
3.225658
3.591004
3.381659
3.291539
3.067878
3.381659
3.333189
3.122123
2.822635
2.709084
2.482831
2.404295
2.513312
2.361350
2.424466
2.354565
2.483218
2.432187
2.318582
2.024497
1.761642
1.348175
1.738460
1.790585
2.312083
1.881226
1.881226
2.505371
1.918906
1.799095
2.094268
1.918906
2.751058
1.974954
2.058294
2.959712
1.994771
2.296963
2.609829
2.852664
3.097899
3.412060
2.592988
3.373533
3.373533
2.667655
3.219405
3.145772
3.258948
2.732208
3.193393
3.210707
3.540074
3.820216
3.540074
3.536079
3.466320
3.435273
3.435273
3.648936
3.065807
3.120722
3.450306
3.500695
3.459534
2.367689
3.144943
2.869028
2.709084
2.930542
2.867682
2.692583
2.692583
1.918881
2.677022
2.270382
2.270382
2.270382
2.356437
2.175283
2.024497
1.861315
1.468034
1.408563
1.409124
1.409698
1.282437
1.409132
1.580888
1.438760
2.312083
2.239908
2.184167
2.765234
2.044109
2.136042
2.821651
2.988461
2.478598
2.988461
2.835498
2.959712
2.172860
2.435227
2.852664
2.728172
2.545669
2.549528
3.263202
2.702679
3.363522
3.416197
3.363522
3.348183
3.343280
3.363522
3.454346
3.417929
2.324522
2.291454
3.193393
3.090554
3.314730
3.193393
2.494458
3.124137
3.717613
3.717613
3.804912
3.731529
3.690427
3.466320
1.822611
3.429860
3.306514
3.659789
3.049076
3.435273
3.067457
2.901879
3.544698
3.437039
3.648936
3.639172
3.352307
3.403253
3.410986
3.629841
3.526620
2.484449
3.450306
3.272537
2.586931
2.590056
2.590056
2.692583
2.629103
2.559921
2.270382
2.424466
2.270382
2.024277
2.108629
1.785453
2.253162
1.609169
1.714679
1.900214
1.714679
1.766359
2.449914
1.813505
2.066577
2.136042
2.601078
1.899562
2.615250
2.308241
2.094268
1.980896
2.435227
2.308241
2.435227
2.360454
2.545669
2.452807
2.531430
2.545669
2.549528
2.950819
2.040633
3.202529
3.129021
3.370729
3.129021
3.416197
3.363522
3.509755
3.526277
3.526277
3.315385
3.527443
3.454346
3.290976
3.417929
3.290976
3.166112
2.982919
2.779474
3.247252
3.372688
3.372688
3.064570
3.124137
3.239350
3.124137
3.292833
3.901696
3.346014
3.736424
3.560976
3.552655
2.861993
3.803360
3.715107
3.595970
3.729706
2.812475
2.613646
3.194071
3.037591
3.120722
3.309541
2.909787
3.037591
2.828448
2.991334
2.478740
2.946275
2.904835
2.543933
2.667681
2.543933
2.798945
2.692583
2.418259
2.281968
2.483218
2.324618
2.175283
2.051284
2.024497
1.845612
1.976726
1.438894
1.369148
1.748347
1.442217
2.122818
2.210496
1.793607
1.985346
2.181776
2.335362
1.945324
1.766359
2.714531
2.269947
2.184167
2.269947
2.178480
2.976572
1.870827
2.609829
2.847143
3.129021
2.533945
2.536803
2.652720
2.246807
3.290976
2.216221
3.296940
3.296940
3.839616
3.199860
3.337451
2.718037
2.521529
3.539890
2.861993
2.861993
3.544698
2.650005
3.422693
3.517081
3.463099
3.629841
3.450306
3.080270
3.080270
3.532007
3.450306
2.532193
3.450306
3.309541
3.181593
3.181593
3.122123
2.709084
2.667681
2.667681
2.281968
2.789376
2.559921
2.540469
2.605976
2.016160
2.324618
2.214670
2.136386
1.925256
1.876833
2.321177
1.853332
1.664826
1.726320
1.467498
1.943656
2.031692
2.065585
1.609639
1.609169
2.272954
2.127709
2.085066
2.025806
1.559256
2.025806
2.871829
2.508547
2.880522
1.716588
2.467591
2.933660
1.872985
2.346927
2.505996
1.987710
2.704361
2.722465
2.950819
3.231046
3.129021
2.533945
3.370729
3.370729
2.551489
3.429668
3.262995
3.388491
3.307770
3.736424
3.895853
3.690427
3.895853
2.551442
3.199860
3.067457
3.695813
3.664993
3.366244
3.295624
3.321337
3.517081
3.532007
3.232839
2.816186
2.654325
2.712333
2.493897
2.244755
1.904619
1.910018
2.051284
2.195905
1.469854
1.560799
1.560799
1.545313
1.366217
1.425875
1.771591
1.883663
1.390312
2.082212
1.997468
1.962658
2.229309
2.349650
1.598350
1.717270
1.793607
1.931108
1.645483
1.866782
2.473301
2.690640
2.824867
2.714531
2.891240
2.976572
2.933660
2.551489
3.016779
2.390590
3.555688
3.695918
3.839616
3.889671
3.690427
3.804912
3.067457
2.911426
2.901879
2.728354
2.649323
2.861993
3.803360
3.803360
3.695813
3.695813
2.688571
3.194071
3.113229
3.434198
2.571748
3.459534
3.482355
3.309541
2.400112
2.437206
2.418259
2.289252
2.712333
2.712333
2.798945
2.690589
2.373499
2.136386
1.925256
2.051284
1.769373
1.815213
1.459001
1.409132
1.523968
1.579817
2.385498
2.323357
2.152395
2.216379
2.033432
2.180013
2.085066
2.563443
2.563443
2.513175
2.976572
2.436013
2.510394
2.927138
2.927138
3.239235
3.239235
2.183192
2.872291
3.718606
3.555688
3.322695
2.391401
2.494260
2.464522
3.783206
3.550818
3.924804
3.804912
3.895853
3.230514
3.792461
3.595325
3.366244
3.295624
3.366244
3.135085
3.385247
3.179837
3.559465
3.135085
3.585204
3.362125
3.362125
3.181593
2.484834
2.543933
2.281968
2.157105
2.706284
2.654325
2.464410
1.853332
1.822720
1.853332
1.734568
1.523284
1.422907
1.484693
1.363224
1.382197
1.661789
1.390312
2.001590
2.159296
2.253609
1.712732
1.844911
1.712732
1.844911
2.449914
1.681266
2.968446
1.819290
2.880522
3.104723
1.932733
2.927138
2.927138
1.993963
2.117478
2.854249
3.718606
3.978628
3.459112
3.901696
3.889671
3.783206
2.909216
3.595325
3.090840
2.621515
3.532007
3.482355
2.532193
3.332760
2.419804
2.397711
2.289252
2.904382
2.605976
2.712333
2.551319
2.646089
1.588786
1.766795
1.382499
1.514391
1.773870
1.682671
1.719136
2.349650
1.825571
1.825571
1.589670
2.228590
1.844911
2.033432
1.598350
2.033432
2.563443
2.373500
2.402747
2.445868
2.926984
2.978379
3.012682
2.978379
3.068993
2.704361
2.927138
2.348409
3.198251
2.356405
2.993108
3.978628
3.820216
3.538736
4.042209
3.783206
3.998984
3.032036
3.078600
2.533729
3.148020
3.203558
2.943950
3.177378
2.909216
3.559465
3.481437
3.482355
2.515351
3.362125
2.769089
2.657705
2.590850
2.588741
2.588741
2.526650
2.241983
2.334637
2.066005
1.963991
1.904619
2.199875
1.879184
1.986827
1.769373
2.016465
1.694499
1.434061
1.587776
1.712486
1.809974
1.917632
2.349650
1.825571
1.825571
2.226959
2.306582
1.695876
1.624077
1.921409
3.068993
3.057583
2.442729
2.118853
2.639123
3.579810
3.718606
3.579810
3.120717
3.298594
4.042209
4.144029
3.298594
3.677639
4.042209
3.981948
3.924804
4.024380
4.091257
2.646118
3.517637
3.143084
3.482355
3.585204
3.481437
2.958669
2.289252
2.642999
2.816186
2.157105
2.157105
2.645393
2.447026
2.082797
2.160260
1.947350
1.879184
2.009881
1.822720
1.587776
1.786838
1.800658
1.909990
2.127381
2.036791
1.914907
2.159296
2.300759
1.712732
2.410630
2.334410
2.271353
2.243073
2.690640
1.755755
2.968446
2.926984
2.319148
2.976525
3.727666
2.242875
3.805096
3.718606
3.783206
3.998984
3.998984
3.981948
3.206258
2.909216
2.955749
3.065964
2.982167
3.445534
3.373876
3.332760
3.332760
3.482355
2.578090
2.645393
2.895912
2.768536
2.739953
2.671334
2.348948
2.447026
2.555480
2.077144
1.765594
2.002360
2.016367
1.617738
1.382197
1.427700
2.124975
2.229179
2.244630
1.900711
2.479904
1.671463
1.799551
2.327739
1.799551
1.698369
2.397109
2.442571
2.634838
2.519746
2.392437
3.018923
3.018923
3.082909
3.018923
2.311134
2.347243
2.747027
2.742244
2.610487
3.680534
2.993108
3.155043
3.377892
3.538736
2.979708
3.538736
4.091257
4.156952
4.067019
2.508459
2.740169
2.945791
2.945791
3.418248
3.508925
2.528477
3.508925
2.827709
2.827709
2.871154
2.852816
2.439843
2.535322
2.671334
2.702744
2.360070
2.082797
2.009881
2.334637
1.882819
1.902283
1.859311
1.683958
1.647715
1.588777
1.392140
1.691352
1.822824
1.934581
1.902455
2.026721
2.026721
1.552446
1.660625
2.481596
1.629951
2.665233
2.420089
2.473940
1.917632
2.479904
2.106236
2.583081
2.349650
1.766507
1.733462
1.755755
1.772388
1.839696
2.058249
2.166175
3.386000
3.064938
3.727666
3.805096
3.620120
3.113931
3.978628
3.174767
3.377892
3.406314
4.138608
3.045564
3.595685
3.849000
3.833944
3.206258
2.880759
2.955749
3.231627
3.231627
3.316721
2.418053
2.827709
2.768536
2.505390
2.895343
2.871154
2.713781
2.671334
2.535322
2.077144
2.505892
2.009881
1.932352
2.132116
2.365187
2.170144
2.002360
1.902283
1.902283
1.822720
1.602196
1.706247
1.408483
1.365793
1.551548
1.561300
1.935932
1.994343
1.902455
2.022979
2.236922
2.217458
2.260566
1.727362
2.372546
1.831255
1.900711
2.410630
2.420089
1.639075
2.496281
3.088764
2.373500
1.956665
3.018923
2.293616
2.114065
2.347243
2.237529
2.189827
2.445001
2.237529
2.252953
2.467906
3.190854
3.386000
2.927502
2.602536
4.116851
4.116851
3.643100
4.051848
2.740169
2.765438
2.880759
3.254779
3.069456
3.032578
2.840609
3.477894
3.316721
3.519346
3.316721
3.062132
3.224268
2.977942
3.067397
2.871154
2.896768
2.896768
2.669363
2.031714
2.172683
2.739953
2.562273
2.604601
2.728723
2.039333
2.393964
2.586207
2.012117
1.904619
2.138341
2.090455
2.167340
1.798194
1.800533
1.957425
1.850966
1.914079
1.905580
1.617738
1.583808
1.780555
1.934581
2.131393
1.847427
2.545698
2.378535
2.307837
1.963009
2.367221
2.400482
2.658122
1.698369
2.199894
2.161173
2.634838
2.762686
1.680686
2.868975
2.753511
1.785305
2.063211
1.985413
2.272606
2.345027
1.810827
2.380491
1.893224
2.117478
2.157253
2.252953
3.834704
3.933125
2.602536
2.519254
3.448892
3.242365
3.841771
2.476159
2.464522
4.218902
2.547758
2.915441
3.215476
2.872587
3.069456
3.627694
3.692910
2.801336
2.693764
3.580581
3.367894
2.588770
2.739421
2.713439
3.004727
2.690080
2.915436
2.827709
2.977942
2.760708
2.690080
2.768536
2.895669
2.426378
2.030868
1.932352
1.932352
2.390680
1.770874
1.902283
1.706247
1.690455
1.668340
1.514901
1.850966
1.489731
1.588777
1.449573
1.368092
1.540425
1.427700
1.765577
1.660547
2.085188
1.667475
2.367960
2.232495
1.777945
1.925382
1.963009
1.963009
2.377173
2.181777
2.246252
1.608499
2.556403
1.680686
1.646977
1.639075
2.924778
2.322188
3.167791
2.048176
3.382809
3.778130
3.933125
2.286569
2.833225
4.158677
3.847964
3.045564
2.949975
3.215476
2.985629
2.898808
3.215476
2.876902
3.830317
3.589136
3.373876
3.387984
3.508925
3.405962
3.508925
3.532980
3.454104
3.213137
2.985026
3.046652
2.690080
2.690080
2.728723
2.728723
2.144737
2.241983
2.573152
2.012117
2.573152
2.374315
2.374315
2.393964
2.138341
1.666850
1.718341
1.419853
1.614106
1.674922
1.434900
1.415082
1.246607
1.485396
1.986132
2.260566
2.124174
2.187556
2.187556
2.085188
2.284567
2.463099
1.675830
1.723264
2.561584
2.245404
1.608499
1.603314
2.655317
2.445510
2.373678
2.652044
2.868721
2.927238
2.824903
3.064781
2.325828
2.067188
2.652459
3.207769
3.227947
4.197038
4.110474
4.023906
4.094376
2.476159
2.985629
3.192905
3.158519
3.192905
3.158519
3.207085
2.650390
3.064031
2.908027
3.070259
2.885694
2.885694
2.516658
2.535322
2.713236
2.520714
2.156426
2.176223
1.953640
1.955139
2.065430
2.006167
2.001248
1.834797
1.823097
1.760486
1.674922
1.481425
1.917937
1.623331
2.085188
2.124174
2.222259
2.260566
2.266862
1.963009
2.406823
2.406823
2.583081
2.811718
2.319795
2.655317
3.088764
2.255738
2.381715
2.971695
3.156713
3.968754
3.968754
3.933125
3.167791
2.897277
3.192772
2.973202
3.207769
2.652459
2.665273
4.170302
4.197038
4.199609
3.215476
3.192905
3.223718
3.285567
3.262506
3.460245
3.734941
2.976496
3.550845
3.651711
2.561146
3.304114
3.454104
3.545213
3.580581
2.569196
2.872827
3.409049
3.075649
3.399529
2.574284
2.493284
2.855337
3.051372
2.908027
3.060004
3.039999
2.457115
2.885694
2.680318
2.319187
2.306136
2.236407
2.393964
1.883234
2.178911
1.952458
1.602196
1.180810
1.474294
1.539843
2.158370
1.805230
2.406823
1.925382
2.532811
1.716345
1.688056
2.540276
2.751008
2.545698
2.033816
1.622571
1.603314
1.603314
2.519746
2.655317
2.828178
2.952979
2.952979
2.718313
3.064781
3.468503
3.944734
2.638027
4.224829
3.431173
2.684534
2.476159
3.631911
3.833458
4.161792
3.998456
4.161792
2.702765
2.849827
3.215476
3.192905
3.103510
3.223718
3.983234
3.098947
3.158519
3.304114
3.256077
3.256077
3.567836
3.330009
3.230290
3.156850
3.070259
3.249930
2.926636
2.994842
2.994842
2.476999
2.422275
2.161795
1.965214
1.878654
1.626130
1.677921
1.898517
1.691182
1.512046
1.719134
2.036493
2.048508
2.036323
1.890675
2.011888
1.717435
2.291404
2.098958
2.011888
1.773859
2.402316
2.617546
2.463099
2.540276
2.760842
2.719530
2.478030
2.561584
2.583081
2.514191
2.664843
2.439234
2.552041
2.633125
3.949017
3.968754
3.020547
3.933125
3.209244
4.224829
2.638027
2.638027
3.052847
3.643100
3.413572
4.051848
3.599910
2.740637
3.094092
3.910468
3.910468
3.298434
2.985629
3.027664
3.027664
3.830317
3.903113
3.983234
3.772522
3.772522
3.181649
3.797907
3.181649
3.571919
3.627694
3.709021
3.738758
3.419429
2.976496
3.114029
2.987920
2.840334
2.438524
2.578222
2.426378
2.161795
2.335649
2.071966
1.959843
2.001414
1.883234
2.003944
2.135301
1.726835
1.782458
1.489731
1.512046
1.554269
1.445620
1.344429
1.554915
1.583849
1.650904
1.663526
1.927157
1.619086
2.272611
2.671996
2.751008
2.760842
2.760842
1.769204
1.597203
1.622571
1.597203
1.622571
2.218589
2.242456
2.981034
2.399594
2.307355
2.633125
2.837479
3.367620
3.949017
3.654337
2.000347
3.225267
3.032471
2.279988
2.798147
4.224829
4.161792
2.790839
3.234349
3.052847
3.234349
3.631911
3.431173
4.224829
2.752653
3.834064
3.998456
3.806787
2.508459
2.417087
2.656976
2.707857
2.732255
3.850294
3.218652
3.748588
3.369465
3.178417
3.178417
3.427472
3.235468
3.060004
2.834727
2.275392
2.275392
2.438524
2.404459
2.119480
1.959843
1.959843
2.138341
2.003944
1.952458
1.623247
1.447314
1.398238
1.319209
1.592526
1.961010
1.645598
1.701434
1.898457
2.408451
2.328330
1.616106
2.388876
2.567802
2.781861
2.789530
1.612767
2.266081
2.898255
2.366517
3.932065
3.426391
2.574621
3.632096
4.024240
3.833458
2.710720
2.461459
4.066310
3.988366
4.078305
3.910468
3.999989
3.983234
3.910468
3.257121
3.298434
3.903113
2.987459
4.023588
2.641072
3.551718
2.434514
3.732639
2.904415
3.256077
3.236225
3.579625
2.353220
3.245563
2.961161
3.231565
3.385821
2.812985
2.909630
2.559199
2.834727
2.479258
2.431380
1.911581
1.383484
1.413253
1.606194
1.717435
1.645598
1.620574
1.759982
1.890675
1.688056
2.493522
2.228251
2.220476
2.598901
2.598901
2.757520
2.572426
2.757520
2.439341
2.347140
2.392437
2.600525
2.628230
2.514191
2.815551
2.815551
2.741956
2.300323
2.450126
3.932065
3.589108
2.786568
3.904834
3.944734
3.188491
3.949017
3.936231
2.604414
2.683177
3.005928
3.405678
2.113594
3.963668
4.122058
3.999989
3.218652
3.651711
3.189012
2.765811
2.405510
3.748588
3.733377
3.567836
3.422712
3.385821
3.570908
3.214128
3.231565
3.050777
2.598014
2.966322
2.324986
2.708018
2.238959
2.001414
2.161795
2.094860
1.731425
1.798081
1.555037
1.317829
1.356861
1.299420
1.233483
1.349836
1.273630
1.340704
1.774255
1.494204
2.164240
1.620574
1.546851
1.490081
1.805230
1.927157
1.603935
2.227100
2.360149
2.164240
2.306588
1.741920
2.757520
2.781861
2.751008
1.587364
1.587364
2.245117
2.334335
2.628230
2.741956
2.334779
2.294207
2.450126
2.399594
3.156713
2.694592
3.992178
2.718313
3.830034
2.654372
2.815166
2.814390
3.225267
4.074668
4.074668
4.074668
2.501254
3.963668
2.501254
2.535363
3.967067
3.758438
3.634807
2.690981
4.142990
2.428243
4.091969
3.883930
2.802556
2.573194
3.719394
3.842572
2.708364
3.885968
3.216709
2.905549
2.962115
3.027664
3.733377
2.352975
3.328421
3.382840
2.904415
3.495427
3.445979
2.657300
2.446280
2.431380
2.103881
2.238959
1.639021
1.858509
1.206006
1.334876
1.106787
1.515113
1.633489
1.620574
1.620574
1.565085
2.225106
1.927157
2.306588
2.355314
1.621781
1.616106
1.587364
2.829587
2.121603
2.140028
2.116965
2.211675
2.197242
2.439341
2.439341
2.388036
2.428387
2.291900
2.741956
3.992178
3.932065
2.982926
3.390650
3.226464
3.788476
2.708431
3.426391
3.426391
3.803704
3.629000
2.555095
2.501291
2.466628
3.999989
3.924949
3.999989
3.865704
4.017951
4.017951
3.983234
2.987459
3.797908
3.885968
3.647637
2.772232
3.061136
3.097965
2.961611
2.904415
3.061136
3.706276
3.385821
3.340689
2.466345
3.201300
3.385821
2.829865
2.661001
2.610821
2.362849
2.275392
2.553140
2.103881
2.391893
2.391893
1.728373
1.414618
1.171562
1.554915
1.675850
1.738236
1.679679
2.281252
2.383253
1.621781
2.328330
1.587364
2.118592
2.121603
3.837326
3.837326
2.912871
3.837326
3.932065
3.837326
3.546113
3.147009
3.877919
3.331458
2.591835
2.708431
3.032471
4.024999
3.912252
3.600341
3.634807
2.535363
2.522063
2.742043
4.078305
4.091969
3.902901
2.962115
3.834172
2.871112
3.581919
3.208196
2.657300
2.610821
2.280485
2.303419
2.102746
2.141957
2.230251
1.828770
1.862443
1.981900
1.507652
1.839005
1.354002
1.774255
1.761174
1.817275
1.754787
1.817275
1.689975
2.383253
2.391094
2.264894
1.709163
2.388876
2.415944
2.781861
2.274263
2.316896
2.412513
2.541245
2.628230
2.368577
3.650868
3.685073
3.746606
3.753767
3.725369
3.627516
2.702337
3.225267
3.386173
1.883087
4.058198
3.658632
2.962268
2.629694
4.091969
3.949766
3.949766
3.797908
3.733377
3.062642
2.772232
3.521728
3.208196
3.581919
3.328421
3.177389
2.925236
2.747555
2.391893
2.260461
2.067091
1.690335
1.700223
1.367176
1.407430
1.085893
1.035694
1.457375
1.504332
1.679679
1.596427
1.504332
2.264894
2.094873
2.242876
2.242876
2.265497
2.391094
2.391094
1.727916
1.678396
1.625414
2.651260
2.902780
2.724509
2.707919
2.354894
2.412513
2.501396
3.650868
3.574907
3.654961
3.780440
3.874062
2.987614
3.386173
3.386173
3.386173
3.571745
2.009578
3.586614
2.501254
3.586614
2.330434
3.805446
2.555095
3.967614
4.084892
4.039797
3.982432
4.078305
2.336876
2.663863
3.842572
2.772232
3.345060
3.061136
2.580345
3.704953
3.704953
2.966927
3.205128
3.205128
2.143575
2.234815
2.812985
2.762641
2.306659
2.610821
2.044580
2.244124
1.933388
1.601628
1.507652
1.605574
0.998228
1.139198
1.555287
1.679030
1.618958
2.066908
2.145695
1.538942
1.625647
2.169602
2.250309
2.093406
2.095082
2.874991
2.874991
2.799546
2.298390
2.279943
2.272846
2.291900
2.347821
2.330258
3.650868
3.753767
3.650868
2.448082
2.702337
3.102087
3.727472
3.524398
2.771310
2.726578
2.684248
3.179513
2.968867
2.798147
2.002298
2.588477
3.912252
3.912252
3.745270
2.574200
2.696323
2.436613
3.858955
3.990638
3.988512
3.169738
4.040516
2.928074
3.666737
3.704953
2.580345
3.573679
2.618124
2.618124
2.618124
2.543310
2.565557
2.515893
2.303419
2.353949
2.439040
2.072529
2.067091
2.084045
1.933388
1.955090
1.931820
1.931820
1.897217
1.897217
1.675750
0.935315
0.998228
1.035694
1.276051
1.380772
1.600219
1.434405
1.679679
1.600219
2.139494
1.563675
2.152988
2.152988
2.154148
2.405092
2.248641
1.678396
1.585270
2.328330
2.183997
2.232276
2.518632
2.152796
2.773937
2.724509
2.773937
3.567216
2.399472
2.667777
3.443479
3.284284
3.753767
2.965977
2.558000
2.002298
3.411666
2.330434
2.532728
2.400540
3.939364
4.040516
3.552057
3.279461
3.988512
3.312100
3.949766
3.856396
3.949766
3.834172
2.467173
3.834172
3.529984
2.772232
2.663863
3.573679
3.205128
3.373196
2.543310
2.193535
2.474560
2.630927
2.154683
2.448014
2.169515
2.244124
2.244124
1.940914
2.084045
2.072529
1.930211
1.897217
1.601628
1.588948
1.558662
1.507865
1.428671
1.377433
1.377433
1.036430
1.121653
1.244778
1.558356
1.310144
1.547544
1.504124
1.984546
1.502692
1.504332
2.019256
1.958893
2.264894
2.074034
2.382702
1.625414
2.277479
2.450722
2.415944
2.798795
2.216093
2.307984
2.316896
2.248222
3.413774
3.413774
3.641828
2.151921
2.252102
3.529519
2.693363
2.151921
3.541879
3.755790
3.685978
2.539261
2.553062
3.887693
2.519797
2.558954
3.909595
3.990638
3.769711
3.865704
3.735937
3.676128
2.467173
3.529984
3.483645
3.483645
2.924401
3.116309
2.736726
2.831365
2.717196
2.778645
2.614252
2.636748
2.551327
2.279894
2.439040
2.543310
2.474560
1.865675
2.175277
2.244124
2.191335
1.783068
1.881617
1.636486
1.473317
1.580036
1.764391
1.545397
1.338534
1.468132
0.989643
1.036430
1.367289
1.525789
1.525789
1.485613
1.855442
1.449780
1.449780
2.011398
1.510593
2.285334
2.046966
2.232276
2.149733
2.595425
2.798795
2.808454
2.808454
2.808454
3.292433
3.413774
2.432763
3.551545
2.965977
2.798051
2.405318
2.405318
2.693363
3.500062
2.552366
3.358521
3.358521
2.553062
2.492367
2.492367
3.755848
3.858955
4.076926
3.909595
3.939364
3.666026
3.312100
2.378304
2.200590
2.442781
2.663863
2.551392
2.551392
3.589567
2.340409
2.860006
3.073869
2.137766
2.630927
2.543010
2.601892
2.671378
2.578224
2.383999
2.022602
2.072529
2.027722
1.897217
1.994042
1.955090
1.565318
1.128484
1.373743
1.555287
1.480640
1.375155
1.712975
1.603503
1.448042
1.600219
1.600219
1.551231
2.019256
2.137170
2.266867
2.261440
2.261440
2.364851
2.364851
2.754537
2.877091
3.292433
2.330258
2.294207
3.137417
3.520448
3.616552
2.705949
2.755011
3.117932
3.771808
3.640686
3.771808
2.371601
2.626485
2.427094
2.748089
2.800052
2.992531
3.018777
3.098575
2.468449
2.750854
3.683105
3.685978
3.667430
3.667430
2.902805
2.716867
3.178467
3.264943
3.899901
2.840290
2.656498
3.769711
3.279461
2.442781
2.442781
2.442781
2.838663
3.028944
2.863058
2.614904
2.863058
2.790113
2.923683
2.731458
2.543010
2.320135
1.885480
2.022602
1.963607
2.365965
2.099043
2.202800
1.790671
2.033801
2.072529
1.858952
1.615131
1.940831
1.542220
1.675750
1.542220
1.433267
0.962810
1.128484
1.211261
1.037621
1.211261
1.415702
1.480640
1.375155
1.421577
1.375155
1.360827
1.415702
1.485613
1.871326
1.976854
1.869107
2.152988
2.261440
2.137170
1.479674
1.563330
2.261440
2.179673
2.183997
2.595425
2.877091
2.224571
3.292433
3.479264
2.425151
3.369838
3.737635
3.699939
2.613727
2.496180
3.178922
2.151921
2.540309
2.932293
3.466313
3.471331
3.514341
3.264943
3.514341
3.202131
2.859068
3.279461
3.840226
3.589567
3.103379
2.978252
2.956773
2.736726
2.778645
2.663976
2.551327
2.081413
2.121475
1.994042
1.602641
1.561655
0.971274
0.897380
0.968634
1.497034
1.340831
1.340831
1.630065
1.340831
1.640669
1.602545
1.763640
1.728279
1.626115
1.485613
1.377671
1.377671
1.866360
1.950128
2.001023
2.364851
2.675539
2.215037
2.345853
3.267357
3.314568
3.394517
2.786093
2.971386
3.137702
1.540278
3.328977
2.693363
3.529519
3.210741
3.210741
3.228568
2.512394
3.098575
3.667430
3.589514
2.964570
2.681331
3.589514
3.772659
2.795565
2.607826
2.840290
2.436613
3.041721
3.966245
3.809313
3.071472
3.071472
3.056636
3.056636
2.938776
2.703040
2.948616
3.270180
2.060302
3.091563
3.134177
2.978252
3.028944
3.073869
2.736726
2.601892
2.499966
2.801712
2.898142
1.956751
2.744310
2.459108
2.319149
1.968425
2.028292
1.891988
1.858975
1.507661
1.649442
1.276051
1.030349
1.340831
1.291195
1.291195
1.415702
1.602545
1.763640
1.867783
1.368345
1.836542
1.955534
2.085380
2.137170
2.127462
2.127462
1.914147
2.526306
2.598034
2.035720
2.224571
2.261276
3.267357
3.566259
3.043382
3.077435
3.442313
3.678279
3.590047
3.590047
2.580162
2.971386
3.295551
3.229697
1.886779
3.529519
3.384024
3.030982
3.154217
1.889230
2.499217
3.264943
3.589514
3.264943
3.589514
2.961381
2.795565
3.348258
3.943775
2.901745
2.982480
3.071472
3.071472
3.166831
3.166831
3.541223
2.227143
2.323406
3.572369
2.873843
3.247806
3.000845
1.987969
2.499966
3.092479
2.213241
2.820541
2.820541
2.643489
2.828813
2.744310
2.495393
2.459364
2.219496
2.235847
2.235847
2.033801
1.964772
1.674320
1.642352
1.642352
1.671405
1.468132
1.456887
0.935315
1.033189
1.291195
1.500414
1.340831
1.360827
1.498070
1.640669
1.189338
1.340831
1.715250
1.724546
1.796940
1.715250
2.009676
1.541684
1.541684
1.833265
1.966843
1.997458
2.208397
2.382754
1.986385
2.526306
2.754537
2.262311
2.936806
3.103032
3.006135
3.226679
2.336916
3.313267
2.642501
2.809985
3.252690
3.433262
3.648668
2.867351
3.590047
2.765292
3.295551
1.540278
2.818309
1.540278
3.616302
3.607981
3.607981
3.470205
3.210741
3.493184
3.533021
3.493184
3.581017
3.228568
3.545974
3.246727
3.545974
2.400546
3.348258
2.997456
3.447051
3.314762
3.314762
3.134177
2.613870
2.499966
2.975461
3.073869
2.989722
2.495393
2.359389
2.272866
1.964772
2.018693
1.949702
1.808730
1.636486
1.651053
1.613211
1.705133
0.888052
1.396586
1.493647
1.497034
1.602545
1.738172
1.715250
1.602545
1.263603
1.955534
1.978446
2.127462
1.914825
1.955534
2.085380
1.541684
1.598168
2.520235
2.620335
2.833929
1.973386
3.207565
3.413728
2.705949
3.551939
2.741955
2.743373
3.057027
3.576693
2.560854
2.553794
3.533021
2.795565
3.744222
3.636513
2.825253
3.809313
2.342800
2.724062
3.071472
3.166831
3.304985
3.447051
2.948616
3.400102
2.758002
2.869864
2.855465
2.648657
2.070683
2.643489
2.100146
2.201068
2.119329
2.027722
2.033465
1.775380
1.775380
1.649442
1.649442
0.889112
1.269373
1.467382
1.377293
1.377293
1.509824
1.582362
1.694350
1.263603
1.751305
1.641937
1.843051
1.914825
1.822611
1.527219
1.470675
2.212194
2.295787
2.526306
2.727084
1.983646
2.634033
2.754537
2.763287
2.077103
2.109283
2.274787
3.313267
3.235046
3.145845
3.077435
2.537400
3.252690
2.427094
2.743373
2.951399
2.951399
2.250551
1.991740
3.466313
3.619195
3.355319
2.643429
2.681331
3.772659
3.744266
3.858363
2.665004
2.881443
2.977734
3.336668
2.289683
2.152681
3.454209
3.314762
2.758002
2.625608
2.856691
2.151288
1.862225
2.026509
2.393603
2.398667
2.714872
2.724514
2.541716
2.267323
2.215911
2.486032
2.272866
1.801031
1.801359
1.663682
1.621463
1.710918
0.848212
0.929851
1.378941
1.120462
1.475220
1.641937
1.540472
1.582362
1.293663
1.582362
1.641937
1.694350
1.694350
1.694350
1.751305
1.871398
1.914825
1.951990
1.914147
2.108034
2.302811
2.634033
2.092603
2.224460
2.220873
3.109111
3.064444
3.383647
3.145231
3.007902
2.819678
2.656346
3.522047
3.057027
3.347295
3.616302
3.461732
2.620066
3.523927
3.530738
3.353585
3.504284
3.044315
3.572463
3.572463
2.964570
2.742526
3.636513
2.507120
2.294269
2.873843
3.268393
3.376954
2.287944
2.869864
2.889114
2.398667
2.528650
2.267323
1.978425
1.772859
1.906673
2.215911
2.210606
2.364502
2.205558
1.706973
2.106446
2.004880
1.748412
1.748412
1.729909
1.245511
1.402517
1.324983
1.641937
1.641937
1.641937
1.824047
1.820508
1.527219
2.411021
2.495192
2.520235
2.396231
2.634033
2.184746
2.149972
2.842437
2.903158
2.903158
3.006135
3.151114
2.903158
2.360472
2.562825
3.383647
3.358362
3.245718
3.095753
2.902930
3.485233
3.523927
3.485233
2.922416
3.327865
1.509135
3.530738
3.353585
3.355319
3.355319
2.634480
3.572463
3.572463
2.742526
3.072495
3.077955
3.065519
2.811683
2.881443
2.806992
2.171399
2.245243
2.955070
2.984417
2.367454
2.271240
2.567809
2.152357
2.215911
2.371276
2.169742
2.027354
1.832852
1.867443
1.734598
1.282676
1.358676
1.010160
1.455360
1.540472
1.757746
2.108034
2.302811
2.382754
2.610720
2.086720
2.255235
2.339439
2.278576
3.051380
2.512240
2.562825
2.656346
2.425151
2.474754
3.453422
2.914535
2.840227
2.729670
3.485233
2.559381
2.498541
2.555457
3.414641
3.381418
1.673834
3.363655
3.355319
3.363655
3.544608
2.934974
2.576141
3.655459
2.507120
2.378566
2.725787
2.650984
2.089899
3.035680
3.180207
2.523492
2.869864
3.031639
1.953360
2.893471
1.893183
1.920940
2.032439
2.164339
2.219496
1.857954
1.734598
0.888728
0.995021
1.121341
0.985732
1.251096
1.324983
1.351726
1.205605
1.517291
1.403444
1.378941
1.097133
1.540472
1.625072
1.908555
1.577200
1.585961
2.006684
2.469162
2.514776
2.842437
2.903158
2.840684
2.903158
2.434382
2.943618
2.747779
2.866699
2.741639
3.007902
2.948354
2.442783
2.729670
3.388896
2.620066
3.327865
3.241011
3.241011
3.088578
3.132581
2.932293
2.419038
2.792574
3.136853
2.810700
3.258285
2.445227
2.579686
2.579686
3.376954
3.083145
2.351367
3.191692
3.339361
2.973011
2.489500
2.715647
2.484878
2.769235
2.184032
2.089180
3.041471
2.984417
2.124140
2.020158
2.134391
2.122307
2.251174
2.368136
2.091937
2.215911
1.879877
1.857954
2.049934
1.784291
1.712301
1.661333
1.663682
0.857305
0.833623
1.295385
1.205605
1.402732
1.402732
1.447427
1.402732
1.631035
1.707476
1.711359
1.337667
1.457125
1.694569
1.484781
1.725570
1.523561
1.675373
2.840684
2.290785
3.005981
2.386159
2.715214
3.184673
3.253366
2.776242
2.715214
3.162306
2.355082
2.376243
3.323540
3.453422
2.430715
3.057027
3.388896
3.583546
3.152275
3.229697
3.152275
3.088578
3.353585
2.764690
2.810915
2.493561
2.825253
2.715647
2.484878
3.083145
2.246879
3.023552
3.062278
2.900232
2.900232
2.075557
2.247462
1.811563
1.879877
1.921509
1.828954
1.828954
0.833623
0.985732
1.070909
1.153695
1.070909
1.205605
1.070909
1.324983
1.435687
1.373629
1.810891
1.713151
2.010951
2.396231
2.095914
2.469162
1.577200
1.986385
2.469162
2.469162
2.469162
1.986385
1.625305
1.655166
2.747209
3.109111
3.193902
3.130882
2.654925
3.330380
2.883726
3.078651
2.486487
3.453422
3.414524
2.653043
3.388896
2.714844
3.269105
3.171737
1.978038
2.308107
2.530905
2.670475
2.181495
2.378566
2.445227
2.968279
2.089180
2.973011
2.148953
2.395386
2.269066
2.923900
2.171022
2.393603
2.396050
2.521543
1.925277
2.171022
2.164339
2.222612
1.935896
1.784291
0.794155
1.112689
1.070909
1.610312
1.497272
1.312464
2.087417
1.725570
2.725554
2.753060
2.725554
2.753060
2.373761
2.600767
2.600767
2.490452
3.139672
2.530547
2.714844
3.058058
1.566608
3.088578
2.764690
2.810915
2.561196
2.327197
2.425338
2.439283
2.439283
3.173328
2.291207
2.246440
2.968279
3.083145
3.006291
1.972984
2.269066
2.913583
2.246879
2.680051
1.869312
1.822931
2.020158
1.915418
1.801700
1.784291
0.847472
0.958223
1.129599
1.070909
1.403444
1.401384
1.061312
1.221287
1.252211
1.236424
2.002704
1.523537
2.006684
1.566989
1.635693
1.675373
2.073466
1.625305
1.536036
2.123241
2.840684
2.798086
2.496892
2.831247
3.051380
3.002451
3.158096
3.109896
3.383778
3.286346
3.323540
2.602831
2.682315
2.891983
3.015198
2.840227
3.493114
3.388896
3.269911
3.174830
3.257023
3.257023
3.139672
2.883259
3.271086
3.081357
2.935800
2.445227
2.898358
2.534408
2.044086
1.801700
2.164339
2.181297
2.381744
1.290972
0.900688
1.286443
1.273711
1.139518
1.165472
1.679393
1.691541
1.756207
1.789133
1.672067
1.435687
2.002704
2.356567
2.198630
2.236410
2.356567
2.306298
1.622954
2.073466
1.685847
1.479175
2.725554
2.725554
2.387951
2.932016
3.292321
2.938124
2.556780
2.535431
2.901327
2.520876
2.486487
3.286346
3.286346
2.531294
3.350898
2.929251
2.512743
3.056896
2.897245
3.088578
2.923900
2.711534
2.675888
1.925277
0.822641
0.958223
0.994531
1.684200
1.655304
1.789394
1.975142
2.444524
2.356567
1.969630
1.963724
2.150071
2.861766
2.744060
3.084155
2.654925
3.073850
3.158170
3.100405
2.473612
2.448507
2.486487
3.252537
3.223688
3.378770
3.118712
3.056896
3.266912
2.277583
2.424519
2.883259
2.444736
2.389865
2.261665
2.104163
2.493561
3.005247
2.092737
3.114650
3.005247
3.020201
3.095393
2.213744
2.148953
3.148352
2.287944
2.159602
2.061869
2.113754
1.129061
1.271576
1.372698
0.966702
1.110524
1.534955
1.273611
1.720368
2.009046
1.664825
2.703206
1.536036
2.207531
2.207531
2.938124
2.944973
2.785846
2.745355
2.590845
2.831247
3.056144
3.196001
2.744069
2.451640
3.174830
2.949316
2.715545
2.871086
3.065804
2.962420
2.967851
2.879653
3.020201
3.016253
2.845861
2.743488
2.968279
2.153071
2.148953
2.599130
2.599130
2.245358
0.821421
1.376511
1.514899
1.375019
1.356745
1.506923
2.709148
2.670311
2.817507
2.931356
2.438111
2.387951
2.518761
3.038174
2.432199
3.211414
2.441206
2.764148
2.829058
3.165537
3.174171
3.074810
3.266912
3.072259
2.454101
2.396956
2.897245
2.888393
3.000742
3.083233
2.836467
3.005247
2.935800
2.213744
3.093850
2.973205
3.065774
2.146841
2.469852
2.323378
2.217655
2.042084
2.046713
2.243657
2.254166
0.794155
1.502905
1.400337
1.618462
1.506645
1.143945
1.539260
1.221287
1.813398
1.395685
1.686059
1.795666
1.940838
1.629395
1.787867
1.878458
1.878458
1.837441
1.769817
1.960977
1.893769
2.326138
2.326138
2.326138
1.685847
2.717797
2.717797
2.567798
2.717797
2.617516
2.137539
2.751816
1.421969
1.421969
2.828547
2.711632
2.785846
2.492986
2.426417
2.479429
2.385253
2.579821
2.829058
2.451640
2.960675
2.960675
2.748780
2.060259
2.145317
2.669337
2.523299
2.273745
2.345813
2.943383
2.985471
2.808756
2.855123
2.976655
2.604606
2.711534
2.267429
2.148953
1.114354
1.210379
1.032835
1.514899
1.632823
1.595565
1.428512
1.618462
1.667486
1.711902
1.629395
1.539260
1.779622
1.838126
1.882309
1.931036
1.542415
1.465947
1.973817
2.052684
1.465947
1.531757
2.002704
1.960977
2.178171
1.587009
1.924841
1.421969
1.536036
2.290689
2.828547
2.574656
2.780895
2.688215
2.688215
2.785846
2.974447
3.025152
2.996232
3.101900
3.252537
3.211414
3.211414
3.383778
2.699309
2.957297
2.550512
3.165537
2.962634
2.715545
2.523299
2.871970
2.888393
2.815374
2.836467
2.767185
2.810260
2.074842
2.392545
1.967830
2.149827
2.158870
0.931191
1.068494
1.178146
1.479653
1.311835
1.734228
1.679393
1.590978
1.623468
1.539752
1.720582
1.667449
1.603467
1.568275
1.667486
1.973817
1.904459
1.800702
1.382788
1.542415
2.062480
1.626126
1.636202
2.567798
2.590653
2.230678
1.788594
2.201609
2.452676
2.337065
2.790363
2.870899
2.853874
2.694143
3.038174
2.974447
3.165537
2.970427
2.615319
2.748780
2.815227
1.230435
1.026491
2.219008
2.815918
2.010622
2.092737
2.976655
2.947379
2.718657
2.146841
2.625152
2.392545
0.839330
0.767774
1.154340
1.220946
0.921950
1.427925
1.369073
1.539752
1.428512
1.686218
1.614969
1.629395
1.734228
1.839188
2.002100
1.946188
1.910272
1.981104
1.911577
1.720368
1.713540
1.718786
1.760330
2.024912
2.326138
1.937154
1.831962
1.420262
2.712910
2.798184
3.039274
2.423351
2.481600
2.749492
2.335270
3.092873
3.165537
3.052771
2.804608
2.435520
2.223821
2.721735
2.938006
2.858864
2.784389
2.888393
2.845179
2.943383
2.806265
2.096550
2.118034
0.794155
0.897921
0.825150
0.807624
1.119752
0.996137
1.220946
1.095981
1.203362
1.925100
1.779752
1.876006
1.957946
2.024912
1.537078
2.567798
2.095279
2.207896
2.567212
2.571306
2.407279
3.084155
2.385253
2.481600
2.461737
2.612034
2.749492
3.088263
2.335270
2.392182
2.774581
2.715545
2.403320
2.468370
2.866661
2.403577
2.120178
0.813964
0.952062
1.276957
1.172079
1.748636
1.767247
1.567355
1.693339
1.808884
1.421844
1.917873
2.021490
1.956354
1.956354
2.102808
2.169279
2.021490
2.236410
1.847962
2.561441
1.359861
1.345492
2.311913
2.595916
2.780636
2.920923
3.039274
2.472576
2.472576
2.865294
2.739431
3.092873
3.146643
3.092873
2.307612
2.721735
2.815374
2.219008
2.496141
2.810260
2.806265
2.387987
2.269561
0.911413
0.796903
1.088708
1.332470
1.810193
1.580533
1.693339
1.655304
1.996355
1.779752
1.782999
1.464565
2.561441
2.659520
2.659520
1.591222
2.452676
2.680820
2.712910
2.632484
2.395281
2.414914
2.390344
3.039274
2.879327
2.369980
2.612034
2.317667
2.993441
2.956186
2.955491
3.092873
2.664649
2.615319
2.774581
2.737937
2.468370
2.815374
2.090432
2.146590
2.922681
2.054777
2.554569
2.865920
1.946023
1.172079
1.292608
1.426617
1.482275
1.610332
1.691459
1.669147
1.247161
1.298616
2.009493
1.823928
2.021490
1.837441
1.715895
1.917798
1.482826
1.408965
1.548834
2.567798
2.496427
1.624154
2.297513
2.585377
2.790363
2.758291
1.269835
1.269835
2.426723
2.423351
2.668309
2.783085
2.880909
2.956186
2.252939
2.865294
2.449228
2.640520
2.253254
2.285475
2.340514
2.512162
1.184269
2.178307
2.150762
2.825709
2.750881
2.726762
2.569105
2.607922
2.850086
1.980306
2.035828
2.213659
2.239822
0.807624
1.170062
1.170062
1.247161
1.914344
1.617116
2.094851
2.101835
2.059057
2.087736
1.373854
1.433652
1.795123
1.978469
2.763388
2.613332
1.269835
1.223810
2.937948
2.884349
2.850321
2.436779
2.281769
2.879327
2.879327
2.879327
2.393381
2.783085
2.657781
2.955491
2.874782
2.311458
2.229168
2.283803
2.252019
2.721735
1.939629
2.701410
2.428441
2.097730
0.843026
0.867740
0.966501
1.631113
1.487233
1.487233
1.894369
1.808243
1.869373
1.313983
2.101835
1.823928
1.956354
1.433652
1.329065
1.494419
1.489130
2.179043
2.347544
2.555180
2.418427
2.511847
2.355432
2.253603
2.305530
2.878376
2.177632
2.482204
2.548244
2.074521
2.098594
1.257942
2.642325
2.553414
2.428441
2.475219
2.801591
2.754991
2.346268
0.862286
1.083842
1.403793
1.313983
1.671584
1.564971
2.046344
2.139217
1.841022
1.482826
2.564736
2.496427
2.564736
2.490583
2.422319
2.393337
2.282879
2.693165
2.758291
2.879327
2.727956
2.430427
2.305530
2.500137
2.677223
2.668309
2.782212
2.955491
2.756720
2.304137
2.484613
2.600906
2.186461
2.213883
1.330563
1.768805
2.125356
0.919068
0.857007
1.057665
1.200729
1.187995
1.285487
1.367689
1.247161
1.994872
1.995726
1.367689
1.643410
1.383102
1.635549
1.908203
1.550294
1.489524
2.061560
2.347544
2.518186
2.518186
2.613332
1.179089
1.223810
2.651326
2.812665
2.369980
2.568404
2.509048
2.833661
1.837687
2.737937
2.754991
2.025094
2.149619
2.215842
0.973309
0.946408
0.976006
1.187995
1.439787
1.619376
1.373854
1.619376
2.119051
1.697334
2.044441
1.909333
1.792479
1.408965
1.423450
2.476178
2.556027
2.142502
1.621296
2.435215
2.240845
2.238596
2.418427
2.248733
2.387583
1.488580
1.516078
2.727956
2.356627
2.655808
2.568404
2.664649
2.184461
2.484613
1.712647
2.158801
2.035934
2.638238
1.160300
1.156587
0.914132
2.638238
2.425237
2.642325
2.638766
2.776179
0.919068
1.734461
1.619962
2.036190
1.646180
1.638079
2.115392
2.060539
1.341942
1.469462
2.009493
1.542659
1.922834
1.681235
2.496427
2.345122
2.163933
2.583230
1.621296
1.608951
2.561275
2.287452
2.710029
2.691961
2.307958
2.680686
2.833661
2.288259
1.680224
1.588636
1.712647
2.532667
2.409757
1.975133
2.632090
2.618629
2.293353
2.388492
2.686391
0.862286
1.644358
2.110081
2.128438
1.957077
1.944817
1.944817
2.312644
2.142502
2.240845
1.849555
1.636166
2.454968
2.702948
1.826718
1.826718
1.409276
1.702178
2.380424
2.727956
2.480208
2.486067
2.436066
2.436066
2.831241
2.756720
2.631675
2.343181
2.340425
1.940249
2.246116
1.555407
1.021162
1.945045
2.343575
2.275922
2.030619
2.260353
2.527264
2.647286
1.827354
1.842733
2.162627
2.233244
2.214563
2.158400
1.675840
1.833443
2.132982
2.408773
2.336446
1.946542
2.651326
2.710029
2.618857
2.691961
0.923041
2.569551
2.554414
0.923041
2.217854
2.372647
2.689907
2.689907
2.756720
2.085253
2.133834
2.077833
2.631161
2.631161
1.343370
2.658959
2.638238
2.540362
2.456808
2.074331
2.126762
2.002990
2.094743
2.094743
1.967526
1.977669
2.181357
2.069957
1.889588
2.079993
1.849555
2.454968
2.058024
1.891042
2.258611
2.036091
1.891042
2.618857
2.351718
2.383254
2.372647
0.897822
2.631675
0.903865
2.689907
2.340425
0.959419
2.051198
2.182568
2.099851
2.515541
2.402219
2.666806
2.620784
1.736848
2.056738
2.115982
2.027763
1.763295
1.976306
2.045588
2.257573
2.181357
2.454968
2.113965
2.350268
2.583230
1.673747
2.569264
1.502109
1.265088
1.121497
2.004948
2.274957
2.214088
2.381716
1.148271
1.367684
2.264152
2.689907
2.506813
2.584394
2.548578
2.689907
2.506633
2.127053
2.013190
0.884722
2.506633
0.879172
2.516562
2.244738
2.035616
0.881356
1.105367
1.105367
1.484247
2.246116
2.458344
2.133013
2.531675
2.392472
2.182568
2.500525
1.614039
1.540997
2.158400
2.347300
2.186334
2.466280
2.162602
2.395532
2.133810
2.228253
2.536538
2.511832
2.044123
2.536538
2.569264
1.265088
2.569264
2.569264
2.178902
1.017107
2.036091
2.162624
0.996829
1.182859
0.967299
2.148561
2.152963
1.125944
2.560730
2.465481
2.396871
2.475317
1.965955
2.276060
2.475317
2.228833
2.368614
2.516562
2.116646
2.184433
2.144574
1.551438
2.119206
2.262007
2.321421
2.396546
2.540498
2.370035
1.594249
2.119065
2.215237
2.211731
2.423586
2.380383
2.313457
2.016884
2.015423
2.004948
1.478692
1.017107
1.657087
1.819891
1.465828
1.217679
1.624336
2.009773
2.162624
1.182859
0.996829
1.988691
1.439768
0.950181
1.588001
2.372647
2.257313
1.411477
2.022043
1.971664
2.264152
1.790935
2.137488
1.539155
1.716205
0.903865
2.640062
2.554414
1.047483
2.159790
2.384897
1.384689
2.440752
1.818774
1.866294
2.379002
2.309538
1.812488
1.728844
1.821993
1.788508
2.163933
2.240650
2.140407
2.341478
2.341478
2.090039
2.175489
2.166862
2.423586
2.146105
2.237844
2.303505
2.381716
2.237844
2.012977
2.334413
2.432034
2.022043
2.156797
2.156797
2.506813
2.272941
2.440752
2.440752
2.427929
2.495506
2.531675
2.433484
1.657379
1.745651
1.849142
1.993647
2.190570
2.175875
2.191418
2.116417
2.143974
2.179542
2.129640
2.129640
2.178191
2.196288
1.775229
2.340872
2.334413
2.156797
2.156797
2.287639
2.392023
2.392023
2.000499
2.263911
2.300592
2.393163
1.821993
2.097564
1.849142
1.776522
1.881588
2.260365
2.001371
2.336087
2.275360
2.380383
2.403952
2.012594
1.872950
1.890609
2.012977
2.342926
2.022043
2.318739
2.440752
2.000499
2.214382
2.071785
2.393163
1.952035
2.045588
1.755721
2.045588
2.026629
2.019290
2.118711
2.208666
2.208084
2.060464
2.208666
2.117628
1.988343
2.250727
2.156988
2.183589
2.332145
2.403816
2.150437
1.869964
1.776654
2.197289
2.339959
2.363284
2.468362
2.135859
2.539460
2.506813
2.149410
2.292477
2.428205
2.145002
2.127053
2.111879
2.137018
2.212835
2.176057
1.918177
1.985917
1.910360
2.060464
2.070227
2.001531
2.186334
2.019925
2.096292
2.275360
2.270936
1.771520
2.284910
1.782008
2.468362
2.330617
2.392437
2.516362
2.156351
2.548578
2.389897
2.033690
2.039488
2.368614
2.244738
2.158625
2.240125
2.292477
2.318739
2.246611
2.100870
2.165768
2.001531
2.132543
1.977442
2.183589
2.199841
2.156988
2.183589
2.156988
2.199841
2.097633
2.083888
2.118109
2.392437
1.828766
2.359045
2.292477
2.222375
1.861927
1.946671
2.184433
2.315555
2.315555
2.246611
2.253364
2.430007
1.911302
2.044354
2.039775
2.118581
2.202964
2.215551
2.392437
2.350790
2.030426
2.030426
2.044857
1.934874
2.292477
2.156929
2.315555
2.089383
1.842527
2.154353
1.865175
2.071785
2.067086
1.981019
1.890609
2.053622
2.209851
2.374428
2.058276
2.176044
2.245481
2.129724
1.934874
1.938298
1.946685
1.946685
2.023562
2.078463
1.950684
1.819097
2.241102
2.003053
1.992322
2.245481
1.936004
1.934874
2.159106
2.043265
1.833245
2.116009
2.030426
2.169779
2.349791
2.169779
1.842527
1.886666
1.804206
2.249232
2.315555
2.192878
1.942440
2.050014
1.942999
1.786425
2.073326
1.810836
1.873495
1.953567
1.861276
1.972601
1.841562
1.986307
2.245481
2.247559
2.245481
1.655600
1.691706
1.936004
1.828766
2.108355
2.012625
2.012625
2.159106
2.030426
2.030426
1.767067
1.844960
1.787788
1.996561
1.876294
2.150929
1.923644
1.938901
1.938901
1.968095
1.930360
1.934917
1.774748
2.105666
2.068025
2.164789
2.231780
2.182250
2.085321
2.231780
1.936004
2.108355
1.934874
1.751238
1.747963
1.843387
1.986991
2.079307
2.065057
2.020513
2.043265
1.857420
1.685866
1.887762
1.857420
2.231635
2.105182
2.122627
1.660220
1.964674
1.764277
2.068025
2.068025
2.043305
1.888989
1.562649
1.829607
1.773030
1.706851
1.903754
1.832174
1.710497
2.051603
1.946685
1.702306
1.992858
2.014567
1.804033
1.760733
1.640104
1.772828
1.737821
1.894858
2.068025
2.068025
1.425412
1.873216
1.953993
1.682248
1.682248
1.859004
1.922402
1.746281
1.829607
1.677465
1.624979
1.751515
1.884244
1.924178
1.751440
1.840069
1.714710
1.718608
1.880588
1.651719
1.529329
1.535164
2.002897
2.043305
1.566579
1.450621
1.562649
1.923313
1.654732
1.831993
1.791110
1.623180
1.653270
1.795203
1.879509
1.988480
1.880719
1.654415
1.730310
1.864878
2.062221
1.797218
2.031751
1.678745
1.918762
1.894858
1.760110
1.839327
1.558858
1.825351
1.730310
1.660220
1.654732
1.879509
1.839762
1.755541
1.861824
1.879547
1.486346
1.728890
1.840368
1.826435
1.564919
1.697678
1.526113
1.400965
1.448345
1.575828
1.909593
1.578823
1.728890
1.717745
1.595082
1.629030
1.577451
1.681769
1.629030
1.529329
1.437482
1.558858
1.766812
1.807266
1.775464
1.722544
1.761658
1.717745
1.587615
1.629274
1.519097
1.728615
1.364952
1.609587
1.744683
1.430587
1.623029
1.450808
1.761267
1.800505
1.535032
1.761658
1.490184
1.608154
1.663207
1.595167
1.688099
1.653270
1.744683
1.634744
1.335031
1.322863
1.768297
1.451323
1.840224
1.840224
1.692060
1.486346
1.590425
1.692400
1.450423
1.421615
1.551914
1.552543
1.585767
1.395593
1.672741
1.414875
1.693783
1.836486
1.825758
1.397084
1.595636
1.438655
1.823643
1.631713
1.587534
1.553362
1.663207
1.595082
1.450423
1.781445
1.789768
1.687911
1.680968
1.639210
1.485583
1.591359
1.509070
1.581074
1.450474
1.424466
1.542726
1.395593
1.651551
1.755541
1.514082
1.823190
1.426433
1.336271
1.340091
1.417952
1.609587
1.544723
1.676986
1.693783
1.666467
1.647495
1.278361
1.435112
1.507300
1.402895
1.418641
1.368832
1.672741
1.364152
1.544940
1.385346
1.546505
1.372350
1.509717
1.446639
1.292607
1.517775
1.538309
1.538309
1.480202
1.570202
1.462456
1.354402
1.364152
1.538309
1.491901
1.497456
1.532064
1.516122
1.408660
1.477777
1.561480
1.412255
1.552293
1.243047
1.267522
1.362045
1.292607
1.340091
1.308977
1.477777
1.234439
1.382437
1.383321
1.271454
1.208490
1.544940
1.431037
1.391674
1.491901
1.271996
1.306636
1.316750
1.496568
1.401724
1.311324
1.375217
1.392716
1.352096
1.339977
1.262821
1.234439
1.369023
1.355088
1.338462
1.338462
1.387176
2.469598
2.845407
2.794787
3.536079
1.973017
2.128505
2.029946
1.973017
2.591082
2.749779
3.517081
2.852664
3.924949
2.909216
2.649323
1.963991
1.902283
2.483218
2.360070
3.410357
3.482355
3.150636
3.279121
3.386698
3.038852
2.735251
2.690080
3.076132
2.922785
2.852664
3.411666
2.934974
3.044315
1.335397
1.360827
1.582362
1.694350
1.763640
1.715250
1.934874
1.934874
2.003732
2.325398
2.325398
2.325398
