6194 1 3
0.948916
1.047585
0.900155
0.984670
0.817006
0.859045
0.932975
0.831823
0.948587
0.802934
0.912383
0.904786
1.024509
1.027038
0.904786
1.029093
0.904750
0.920099
0.840177
0.731681
0.790745
0.984670
0.984351
1.192409
1.192409
1.019075
1.009519
1.192409
0.766941
0.934635
0.693984
0.987672
1.442272
1.039885
1.128036
0.882528
0.859045
1.252216
1.096680
1.008738
1.038415
1.337145
1.349771
1.349771
1.103868
1.128579
0.996013
1.186412
1.157384
1.186412
1.056258
1.088087
1.243492
1.079128
0.891353
0.816901
1.303614
1.360509
1.149120
1.078819
1.345053
1.394140
1.458976
0.965073
1.121620
1.029778
1.380816
1.208324
0.977685
1.293681
0.977685
0.849958
1.286296
1.215071
1.104336
1.284561
1.177564
0.858512
1.538660
1.700444
1.327054
1.100734
1.487842
1.151440
1.063575
0.933227
1.114186
1.380816
1.205181
0.968544
1.129165
1.104336
1.278739
1.288253
0.978280
1.481923
1.466501
0.957083
1.233602
1.085879
1.390261
1.757963
1.017220
1.242166
1.001575
0.860188
1.338372
1.327111
1.266846
1.180927
1.587265
1.447164
1.359464
1.804372
1.773561
1.804372
1.062034
1.151440
1.726270
1.726270
1.063575
0.960361
1.276544
0.968544
1.270599
1.365604
1.378504
1.352738
1.194605
0.816901
1.657776
1.359464
1.359464
1.937544
1.834697
0.932570
1.109213
1.298095
1.502077
1.398495
1.576858
1.504879
1.559770
1.454329
1.619637
1.368003
1.464004
1.359464
1.051928
1.938056
1.078819
1.304206
1.014185
1.105151
1.116149
1.294262
0.968544
1.670504
1.345034
1.619637
1.043661
1.568321
1.479512
1.009907
1.510366
1.359464
1.700444
1.660953
2.296596
2.299293
1.816085
1.971952
1.996419
1.634885
1.304206
1.412616
1.702252
1.031202
0.897093
0.969930
1.039718
1.297902
0.901141
1.291873
1.437137
1.423255
1.423255
1.670504
1.596244
1.308213
1.341263
1.771219
1.566051
1.607805
1.787537
1.918130
1.918130
1.888610
1.335470
1.868594
1.868594
2.237345
1.976737
2.159019
1.172509
1.863613
1.564951
1.916422
2.081276
1.846591
1.688054
1.915662
1.385211
0.938354
1.027010
0.958398
0.963094
1.297902
1.398495
1.462054
1.800587
1.998590
1.317264
2.084996
2.061653
2.182232
1.409945
2.061653
2.097370
1.441211
1.927475
2.270545
1.998773
1.521183
1.927475
2.343041
2.104857
2.110904
2.027685
1.261366
1.435879
1.103834
1.144045
0.938354
1.017874
1.019861
1.078691
1.440279
1.488956
1.753152
1.774993
1.398495
1.670504
1.806944
1.998590
1.620170
1.918130
1.806944
2.078420
2.355776
1.886540
1.868594
2.390579
2.182232
1.976737
2.369467
2.548431
2.382648
2.159019
2.451715
2.013382
1.804978
2.263838
1.689737
2.262445
1.634885
2.003671
1.456253
1.239968
1.199081
1.046678
0.939570
1.036377
0.927006
1.054613
1.038585
1.467636
1.430886
1.522440
1.454518
1.439810
1.407450
1.570601
1.576858
1.774993
1.670504
1.918954
1.998590
1.764083
2.197838
1.804903
2.296596
2.722817
2.193518
1.270277
1.129346
1.242609
1.022736
1.101053
1.647313
1.150813
1.719064
1.551639
2.051673
1.793890
1.495269
2.047242
2.324939
2.329601
1.368003
2.336034
2.382648
2.246905
2.663477
2.043504
2.263838
1.783573
1.504917
1.589608
1.384700
1.448784
1.029429
1.013955
0.976511
0.950565
1.143595
1.561262
1.443769
1.454518
1.661116
1.719064
1.594240
1.874881
1.755231
1.237533
2.073813
2.241124
2.438430
1.743488
1.774381
1.743488
2.701517
2.299293
1.861426
2.028854
2.369467
2.739588
2.548431
1.760327
1.592980
2.548431
2.262445
2.104857
1.240608
1.459432
1.286297
1.324076
1.135172
1.046678
0.926594
1.013218
0.998263
1.192616
1.285201
1.315855
1.454518
1.454518
1.454518
1.796662
1.439810
1.439810
1.439810
1.837071
1.666231
2.013170
2.013170
2.013170
1.793890
1.782156
2.189296
1.637664
1.284444
1.402628
2.043957
1.805978
1.848714
2.336034
2.701517
2.280001
2.280001
1.804978
1.913891
1.932577
2.663477
2.616389
2.262445
2.310912
2.043504
2.714496
1.921578
1.626498
2.525589
1.921578
1.086120
1.086120
1.103166
0.977396
0.968589
1.519191
1.391061
1.591039
1.390712
1.400365
1.400365
1.400365
1.400365
1.751022
1.919470
2.042539
1.919470
1.885068
2.189296
1.925860
2.102399
2.508738
2.336034
2.516184
2.537400
3.043502
1.062758
2.739588
2.042112
2.202615
2.588612
2.027685
1.786044
1.832510
1.435561
1.304927
0.974897
1.104182
1.023852
0.926594
1.184748
1.503413
1.551190
1.419844
1.391061
1.697058
1.502683
1.918954
1.840181
1.870734
2.348512
1.918954
2.369363
2.375647
2.508738
2.508738
2.516184
2.776724
2.776724
1.730623
2.663477
2.722817
2.818191
2.616389
2.246905
2.374139
1.997247
2.199454
1.460557
1.424297
0.971618
0.962526
1.193027
1.495155
1.526154
1.533167
1.621734
1.643857
1.391061
1.762919
1.878843
2.259650
2.571697
2.512271
2.549140
2.629122
1.509019
2.508738
2.496817
2.537400
2.629544
1.972089
1.811059
2.924726
3.029594
2.970529
2.490724
2.294888
1.997247
1.912882
1.498443
1.345330
1.141092
1.190046
1.782479
1.349296
1.416334
1.733732
1.416334
1.230958
1.469699
0.999690
1.174743
1.191413
1.590887
1.507018
1.391061
1.551190
1.416951
1.559997
1.520443
1.652565
2.013170
1.885068
2.042539
1.957922
1.779019
1.460739
1.730322
2.235134
2.559642
2.508738
2.105150
1.402080
2.996000
2.003658
2.743487
2.202615
2.486321
2.689889
2.616389
2.866709
2.294888
2.714496
2.714496
1.989985
2.650054
1.699002
1.883171
1.989985
1.848949
1.606739
1.342737
1.581804
1.237077
1.248878
1.060905
1.390797
1.324014
1.701747
0.965817
1.230804
1.546559
1.447052
1.555452
1.507018
1.339748
1.551190
1.952236
1.869908
1.808130
1.599837
2.005481
2.259650
2.147722
2.594407
1.720349
1.636318
1.767069
1.280288
1.303717
2.863850
3.008862
2.970529
1.913891
2.866709
2.714496
2.310912
2.650054
2.898804
1.989985
0.965817
1.011313
1.149233
0.923886
1.020367
1.553045
1.714780
1.665887
1.715011
1.799430
1.520854
1.869908
2.147722
1.919470
2.147722
2.147722
1.858096
1.515385
1.871138
2.080263
2.557535
2.711592
2.996000
2.689889
2.689889
2.348170
1.630588
2.042112
2.329950
2.329950
1.785669
1.610343
1.328137
1.116665
1.449409
1.572134
1.485503
1.012974
1.123867
1.012974
0.993419
1.080275
0.952773
0.969091
1.042705
1.079233
1.160806
1.514643
1.657109
1.382264
1.590258
1.568257
1.530481
1.592051
1.762919
1.886627
1.808130
1.613094
2.062170
1.808130
2.097049
1.508029
1.616874
1.497930
1.859271
1.875072
1.481623
2.515183
2.300157
2.368948
2.133171
2.242707
2.496817
2.573335
2.790051
1.464464
1.303717
1.884658
3.030305
3.029594
2.549252
2.743487
2.683439
2.140991
2.352258
2.039554
1.876854
2.608963
2.329950
2.087107
1.912882
1.675217
1.533963
1.568293
1.029822
1.041502
0.950631
1.676060
1.676060
1.794074
1.507018
1.530481
1.613094
1.820955
1.731897
1.948978
1.948978
2.097049
2.271613
2.250386
2.271613
2.492708
2.080263
1.550394
2.249855
2.209310
2.744247
2.744247
2.796035
2.241528
1.650235
2.348170
2.156451
2.329950
2.329950
1.989985
2.276778
2.276778
2.037455
1.685687
1.765357
1.572134
1.145823
1.039227
1.267671
1.134215
1.657109
1.900148
1.681965
1.714780
1.396260
1.502046
1.721578
1.948978
1.962220
1.480324
1.460739
2.129540
2.235134
2.002227
2.235134
2.250126
1.825967
2.050192
2.594407
1.447228
1.841253
1.878519
1.362173
2.966791
2.966791
1.799254
2.549252
2.352258
2.352258
2.934558
2.722217
2.186038
2.672826
1.855900
1.789788
2.231169
1.237077
1.433595
0.979322
1.116288
1.012771
0.992096
1.101670
0.911984
0.991704
1.325529
1.251579
1.503021
1.419730
1.382257
1.882017
1.687987
1.563109
1.531416
1.530481
1.877105
1.715917
1.520854
1.571101
1.639921
1.991354
1.830928
1.890948
1.962220
1.908391
2.097049
2.129540
2.093401
1.859271
2.093401
1.728254
2.368948
2.050192
1.399088
1.809892
1.316255
2.620910
3.030305
2.671512
2.565874
2.641798
2.639290
2.846989
1.798983
2.934558
2.039554
2.417790
2.276778
2.140991
2.323009
2.329950
2.153093
1.541026
2.231169
2.086748
1.805022
0.990141
0.979322
0.986804
1.017728
1.189382
0.963573
1.375713
1.726848
1.582517
1.856130
1.689502
1.687987
1.530481
1.377864
1.339748
1.697843
1.959291
1.741808
1.731100
1.731100
1.929709
1.693723
1.987602
1.908391
2.129540
1.684051
2.207983
1.767049
2.002227
1.933923
1.343911
2.516006
2.516006
2.620296
2.383405
2.534532
2.594407
2.196945
1.823383
1.856425
2.334846
2.308478
2.541342
2.076669
2.132873
2.722217
2.375520
1.788009
2.534120
2.276778
2.334803
2.247299
2.231169
2.247299
1.529778
1.381582
1.589967
1.751546
1.761635
0.994518
0.965987
1.110169
1.503021
1.276549
1.796886
1.757315
1.667603
1.516182
1.667603
1.580834
1.732906
1.505686
1.753685
1.461855
1.621800
1.636257
1.987602
2.002227
2.044334
2.030153
2.371544
2.534532
1.759084
2.334846
2.671512
2.299554
2.357232
2.319324
2.348170
2.048414
2.212740
2.276778
2.334803
2.153093
2.029155
1.743865
1.630994
1.661088
2.086748
2.231169
2.135594
2.086748
1.525863
1.710099
1.867376
0.882060
1.056283
1.098149
1.115617
1.796886
1.688557
1.516182
1.744354
1.623053
1.552293
1.741808
1.621800
2.458194
2.286685
2.005538
2.254155
2.026196
2.050192
2.255812
1.841253
2.009451
2.534532
2.573335
2.011754
2.178723
2.277712
2.277712
2.655695
2.204998
2.066851
2.441845
2.827697
2.304653
2.294955
2.377036
1.997432
2.722217
1.997432
2.534120
2.323009
2.153093
2.153093
1.610409
2.509438
1.742643
1.582615
2.030058
1.695998
1.907978
1.095797
1.027717
0.955560
1.466487
1.637586
1.475136
1.894346
1.517283
1.545827
1.423777
1.481568
1.466942
1.744354
1.721629
1.423777
1.580095
1.580095
1.748890
1.748890
1.969169
1.723304
1.621800
1.712189
1.824346
1.556084
1.616134
1.176003
1.414447
1.859271
1.788489
2.143939
2.518877
2.092901
2.383405
2.011754
2.204998
2.759850
2.441845
2.375520
2.514443
1.757907
1.643991
1.980067
1.997432
1.836049
1.989269
1.788009
1.789788
1.798347
2.212740
2.202742
2.143891
2.344922
1.693096
1.693374
1.358497
2.509438
1.701621
2.423711
2.086748
1.550806
2.081841
1.040851
1.079401
1.081596
1.115617
1.245989
1.189382
1.235863
1.796886
1.447583
1.475136
1.447381
1.527002
1.516182
1.482568
1.361408
1.447543
1.541429
1.466942
1.424799
1.770627
1.744354
1.580095
1.832319
1.573590
1.688661
1.587403
1.377621
1.890948
1.503720
1.685690
1.365276
1.498567
1.204790
2.002227
2.109659
2.092901
1.886981
2.133353
2.092901
2.259015
1.320627
2.001442
2.655695
2.304653
2.541342
2.541342
2.240919
1.975935
2.343267
2.362314
2.031086
2.023606
2.308728
2.202482
2.344763
2.000607
1.788612
2.148956
2.148956
2.202742
2.148956
1.533963
2.317694
2.509438
2.509438
1.383497
1.389373
1.582615
1.883257
1.136870
1.000033
1.047430
1.109757
1.215849
1.174910
1.452880
1.713210
1.791955
1.765053
1.675516
1.561174
1.299187
1.447381
1.125241
1.306697
1.498377
1.517283
1.423777
1.791114
1.862925
1.555792
1.203081
1.556084
1.743159
2.192689
1.788489
1.788489
2.044334
2.175856
1.946622
2.230246
2.192136
1.987657
1.390618
1.119541
2.259015
2.204998
1.975935
2.441845
2.294955
2.549527
1.957010
2.362314
2.514443
2.471108
1.980067
1.805582
2.344763
2.284154
2.048414
2.238309
2.202742
2.117939
2.029155
2.317694
2.631419
2.631419
1.335588
2.554073
2.423711
2.423711
1.778071
1.625312
1.793389
1.962630
1.664854
2.368870
2.081841
1.094522
1.339220
1.395225
1.422443
1.837762
1.228559
1.303309
1.558472
1.484793
1.505674
1.791114
1.369799
1.428470
1.306697
1.306697
1.306697
1.372231
1.832319
1.371558
1.685690
1.342956
1.774934
1.886981
2.192136
1.993901
1.877367
1.614435
2.035140
2.115727
2.240919
2.541342
1.918771
2.343185
2.497176
2.267614
2.000218
1.765074
2.031086
2.048414
2.002993
2.000544
2.072035
2.029155
2.072035
2.215989
2.215989
2.472605
2.222790
1.344175
2.317694
2.496464
2.725139
2.333330
1.640413
1.060516
1.204577
0.990141
1.224944
1.270986
1.058258
1.267387
1.186428
1.055810
1.438444
1.422443
1.452880
1.316319
1.458933
1.278340
1.625787
1.753974
1.753974
2.021439
1.585984
1.712895
1.278340
1.415299
1.426618
1.484793
1.334520
1.433536
1.584734
1.535647
1.369799
1.741741
1.673371
1.474015
1.447136
2.458194
2.163283
1.945991
1.672590
1.988081
1.918491
2.412570
1.988081
1.856425
1.356901
2.204998
1.993901
1.993901
2.541342
1.897521
1.898115
1.976559
1.982610
1.865567
1.609766
1.982610
2.281324
2.163327
2.249619
2.402226
1.960108
1.913012
2.222790
2.090736
2.854216
2.554073
2.631419
1.249408
1.595525
2.537541
1.897879
1.079879
1.247892
1.371252
1.526509
1.415971
1.415971
1.675516
1.470123
1.516816
1.278340
1.470123
1.753974
1.332352
1.440258
1.276580
1.415299
1.484793
1.527090
1.584734
1.791114
1.555792
1.575274
1.340133
1.340133
1.645109
1.836018
1.685690
1.371558
1.570123
1.393482
2.052980
2.288341
1.752195
2.288341
2.238286
2.095830
1.901646
1.901646
2.124264
2.549527
2.474198
2.000218
1.957010
2.094306
1.720740
1.837597
1.431422
2.402226
1.592067
1.402022
2.496464
2.496464
1.525863
1.604984
2.853925
2.853925
2.853925
2.654027
2.725139
2.537541
2.173290
1.262812
1.071465
1.069592
1.110020
0.920920
1.327913
1.438444
1.363689
1.526509
1.388472
0.941149
1.710642
1.355659
1.226228
1.228559
0.966393
1.763962
0.966393
1.561174
1.276580
1.433749
1.181150
1.584734
1.777656
1.213394
1.369799
1.717844
1.648472
1.456744
1.543013
1.456744
1.673371
1.252090
1.456744
0.997293
1.000865
1.067877
1.149502
1.393482
1.994960
1.002827
1.393482
1.154963
1.762778
1.945991
1.945991
2.412570
1.872601
2.525763
2.095830
1.734570
1.988081
1.886981
2.286685
1.753821
1.901646
1.984037
1.699570
1.746520
1.855794
2.124264
1.799946
2.186626
2.267614
2.088319
2.182658
2.307487
1.779689
2.000218
2.072035
2.266566
2.740174
2.740174
2.496464
2.547033
2.505361
2.853925
2.854216
2.853925
1.817282
2.090312
1.295455
1.383941
1.369454
1.394710
1.327201
1.394710
1.327201
1.601303
1.382319
1.182833
1.226228
1.765053
1.440329
1.756900
1.185198
1.278340
1.408863
1.181150
1.185198
1.181150
1.303309
1.213394
1.334520
1.452864
1.213394
1.369799
1.814267
1.214539
1.741741
1.800494
1.757771
1.800494
1.543013
1.456744
1.280468
1.179021
1.179021
1.203081
1.179944
0.997293
1.302041
1.000865
1.302041
2.167808
1.900139
1.583625
1.109152
1.022220
1.022220
1.813536
1.762778
1.342956
1.762778
1.672590
1.944482
2.061001
1.987657
1.658844
1.674537
1.740211
1.966903
2.254673
2.085836
2.050469
1.993901
1.688106
2.492571
2.284154
2.474198
2.178732
2.344763
2.284154
2.238309
1.625149
1.864253
2.215989
2.529951
2.688851
2.883401
2.688851
2.531536
2.496464
2.753034
2.340504
2.631419
3.191613
2.725139
2.917536
2.537541
1.883257
2.047987
1.253115
0.994685
1.283201
1.298260
1.124453
1.193184
1.335490
1.106629
1.148303
1.518320
1.244902
1.327201
1.752790
1.000253
0.941149
1.000253
1.193710
1.310616
1.312224
1.527090
1.834074
1.800494
1.516927
1.729225
1.547439
0.982864
1.302041
1.316467
2.301313
2.301313
1.806718
1.971009
1.998113
1.323507
1.136804
1.936208
1.740211
1.740211
1.746520
1.452945
2.262485
2.141933
2.275077
2.182658
2.000218
2.441250
2.441250
1.875792
2.000218
1.691761
2.000218
2.178732
2.384844
2.384844
2.163327
2.402226
2.883401
2.883401
2.340504
1.554631
2.505361
3.022179
2.724293
1.847516
3.191613
3.089414
3.138034
2.582022
2.118160
1.979426
2.185852
1.759920
1.945101
1.078005
1.230898
1.235863
1.433490
1.435437
1.369454
1.226913
0.926432
1.085255
1.125730
1.345365
1.125730
1.541534
1.662521
1.583208
1.393728
1.717108
1.732741
1.168243
1.446244
1.760384
1.354746
1.760566
1.691681
1.814267
1.958080
1.800494
1.516927
1.757771
1.757771
1.619935
2.458567
2.220358
2.253224
1.962958
1.987657
2.213408
2.525763
2.213408
1.145324
1.971009
1.984037
1.780451
1.704244
2.116901
2.343185
2.024093
2.141933
1.875792
1.847415
1.486209
2.640432
2.514352
1.524555
3.361834
2.210645
1.805042
2.917536
1.647809
1.181264
1.317372
1.317372
1.281653
1.207461
1.210091
1.387954
1.316026
1.286392
1.548185
1.465696
1.459878
1.275831
1.324075
1.277591
1.278035
1.335490
1.102848
1.360688
1.355173
1.618763
1.674726
1.830366
1.752790
1.314591
1.310616
1.732741
1.619935
2.142205
0.972115
2.556870
2.163283
1.806718
1.562985
2.525763
2.412570
1.984037
1.622433
1.699570
1.274760
1.442656
1.740211
1.966903
1.966903
1.780451
1.780451
1.362190
2.492571
1.821303
1.884226
1.829809
2.094306
2.113771
2.178732
2.295449
2.224564
2.753034
1.633767
2.514352
2.514352
2.531536
2.731685
1.509635
3.138034
2.582022
2.917536
1.826118
1.976607
1.357426
1.327913
1.336533
1.354393
1.434200
1.543150
1.279010
1.344040
1.065780
0.836676
1.085255
1.657258
1.657258
1.736710
1.310616
1.478578
1.516221
1.958501
1.958501
1.711844
1.711844
1.244713
1.957786
2.759357
2.556870
2.399721
1.124337
1.129984
1.125615
2.580184
2.432324
2.375100
2.412570
2.213408
2.136849
1.774058
1.965630
2.116901
2.343185
2.116901
2.431807
2.012081
1.857116
2.062468
2.431807
1.966057
2.265095
2.265095
2.384844
1.543760
2.688851
2.340504
1.804377
2.176934
2.640432
2.815266
2.185852
2.336312
2.185852
1.878271
1.546199
1.075139
1.063374
1.183025
1.083759
1.289577
1.286392
1.445942
1.564014
1.489677
1.329078
1.271042
1.329078
1.271042
1.601303
1.276106
1.379896
1.233642
1.583208
1.051917
1.128776
1.958501
1.958501
1.186405
0.895057
1.887111
2.759357
1.538233
2.198326
1.944482
1.562985
2.580184
1.539820
1.965630
1.779962
1.626492
1.875792
2.113771
1.691761
2.182039
1.477541
1.606745
1.633767
1.493123
2.724293
2.514352
2.429093
1.311411
1.617600
1.896415
1.102797
1.475373
1.267133
1.459988
1.347234
1.324075
1.308777
1.308777
1.260195
1.394468
1.271042
1.065780
1.277591
1.065780
1.657258
1.442037
1.660520
1.608191
1.707439
1.445962
1.082565
1.445962
1.483265
1.760566
1.958501
1.356970
2.288227
0.959115
1.969368
1.538233
1.752195
2.407014
1.379577
2.580184
2.101018
1.846720
1.817726
1.186848
1.769842
2.133455
1.544664
1.634232
1.539820
2.062468
1.865393
2.113771
1.418691
2.265095
1.472502
1.283623
1.172623
3.388590
3.388590
2.765710
3.260317
3.159955
3.029994
2.544387
2.210645
1.420486
2.378596
2.732003
1.826118
1.351433
1.965241
1.209796
1.168973
1.122538
1.353425
1.258262
1.324075
1.308777
1.308777
1.353334
1.474242
1.111438
1.245473
1.028421
1.483265
2.040661
1.631204
1.079241
1.806515
2.656464
2.759357
2.656464
2.215744
2.202246
1.379577
1.548891
2.202246
2.409097
1.379577
2.229750
2.375100
1.654392
1.839382
1.510590
1.887568
1.778340
2.113771
1.966057
1.865393
1.702345
1.633767
1.187960
1.486209
1.804377
1.804377
2.921577
3.359051
3.079278
3.323183
2.705127
2.378596
2.753819
2.336312
1.168973
1.300393
1.267423
1.334801
1.696406
1.484170
1.284543
1.564014
1.526391
1.329078
1.202158
1.335814
1.303949
1.423142
1.674726
1.155947
1.379896
1.707439
1.256392
2.198289
2.277417
1.159251
2.545488
2.759357
2.580184
2.101018
2.101018
2.229750
1.594484
1.539820
1.309679
1.922497
1.728126
2.036473
1.780527
2.182039
2.182039
2.113771
1.331963
2.921577
2.121370
3.114847
2.195868
3.042691
3.488843
3.359051
1.480990
3.031631
2.152829
3.010698
1.474871
1.793326
1.083759
1.383995
1.569702
1.628278
1.747772
1.309948
1.540619
1.186419
1.233786
1.387554
1.233786
1.218586
1.595647
1.628736
1.690812
1.609487
1.555527
1.539524
1.539524
1.234420
1.539524
1.225262
1.474464
1.802063
1.945355
0.866916
2.629031
1.969368
2.182678
2.270882
2.407014
1.695014
2.407014
1.839382
1.619015
1.682825
1.153820
1.180152
1.419094
1.419094
1.983177
2.167490
1.339458
2.167490
2.880826
2.880826
2.581202
2.655211
3.158551
3.283922
3.042691
2.735383
3.371123
3.079278
2.753819
3.159955
2.375793
2.642916
1.643598
1.431466
1.735556
1.711827
1.351223
1.181543
1.238101
1.330953
1.396808
1.576764
1.576764
1.403799
1.536849
1.851310
1.231059
1.598705
1.591499
1.457647
1.258262
1.540619
1.198992
1.103581
1.324075
0.992213
1.119720
1.155947
1.116695
1.068009
0.957637
0.867414
2.444360
2.273361
2.277417
2.545488
2.502614
2.218745
1.538233
2.040848
2.270882
2.477322
1.345446
1.840916
2.465069
2.472314
2.472668
1.594484
1.699409
1.309679
1.908664
1.908664
2.408891
1.338866
2.880826
3.114847
1.226623
2.022022
2.581202
2.399376
3.042691
3.283922
3.031631
3.107588
2.753819
2.188212
2.967790
2.784200
3.284286
3.010698
2.642916
2.642916
2.336312
1.776554
1.999915
1.311926
1.221064
1.059822
1.186231
1.312233
1.462224
1.396808
1.489973
1.819809
1.505067
1.530119
1.339517
1.731131
1.150497
1.309948
1.202158
1.591499
0.712692
1.622152
1.422024
1.442037
0.664334
1.539524
1.207691
0.912887
1.474464
0.840581
0.628600
1.540370
0.840581
0.718856
0.904278
2.384379
2.444360
2.136734
0.915808
1.322910
1.322910
2.379572
2.123441
1.180152
1.223974
1.699409
2.159242
1.696859
1.746988
1.760172
2.263110
2.408891
2.207219
2.408891
2.739350
2.565852
2.815291
2.260084
2.581202
2.380642
2.380642
3.245432
1.744019
1.598965
2.195868
2.234577
3.231470
2.115740
2.096379
2.554493
2.303548
2.550742
2.210645
3.234970
3.276029
1.463476
1.906822
2.006047
2.737110
2.433733
2.751868
1.551533
1.793326
1.042824
1.329169
1.330953
1.752327
1.546417
1.613297
1.501778
1.362760
1.201538
1.512755
1.441942
1.333168
1.218586
1.190096
1.432332
1.690812
1.555433
0.525330
1.582507
1.594754
0.504966
0.665546
0.984405
1.227485
1.523885
0.503614
1.565910
0.528239
0.895057
0.592886
0.718856
1.808323
1.598778
0.915808
0.866747
2.606845
2.558169
2.112463
1.076097
1.125615
1.322813
1.145578
1.840253
1.719908
1.671246
1.696859
2.345698
2.065637
1.641818
1.607063
2.107005
2.324290
1.725762
2.136595
1.651799
2.826124
3.174584
2.997491
2.880826
2.815291
3.053114
3.174584
3.114847
2.305500
2.982138
2.210956
2.188212
2.188212
1.457114
2.177207
2.642916
1.999915
2.027750
1.758793
1.595253
2.433733
1.625766
1.711827
1.300820
1.371275
1.211588
1.383995
1.283049
1.157410
1.468387
1.553005
1.922392
1.760727
1.223719
1.321852
1.201538
1.201538
1.705476
1.256208
1.282984
0.774478
1.610473
0.525330
0.581384
0.712692
1.492122
1.324542
2.433205
0.731801
2.438517
1.710546
1.598778
0.743578
2.058506
1.745374
2.311797
1.840916
1.688828
1.719908
1.409364
1.457215
1.719908
1.521879
1.898010
2.018579
1.780527
1.833941
2.167490
2.455762
2.167490
2.038574
2.035450
2.534528
2.738585
2.586375
3.174584
3.174584
2.115740
2.115740
2.591750
3.260317
2.563438
2.550742
2.563438
2.903613
2.903613
2.554493
3.234970
1.694511
1.465403
1.332244
1.858016
1.713249
1.589754
1.341633
1.276809
1.527727
1.534115
1.530119
1.615361
1.520236
1.520236
1.468387
1.297402
1.311020
1.118405
1.018773
1.721524
1.317327
0.774478
0.864141
1.576865
1.577601
1.430126
1.860193
2.198860
2.308743
2.211548
2.416350
0.875250
0.810234
0.912030
2.268715
2.168110
1.227526
1.617245
1.999922
1.926913
1.076097
1.409364
1.864583
1.997714
1.864583
1.997714
2.370712
1.427580
2.024709
2.017611
1.902860
1.938975
1.938975
3.202074
3.283922
2.033746
1.442603
2.106661
2.934070
1.494137
2.860022
3.099976
2.806089
1.518216
1.436189
2.376796
2.319423
1.713249
1.175153
1.368576
1.615956
1.468387
1.615361
1.800237
1.530119
1.757445
1.201538
1.277735
1.277735
1.103581
1.452364
1.353047
1.576865
1.422024
1.153181
1.528625
2.288293
2.461212
1.070380
1.070380
1.598778
2.433205
2.289681
2.394742
2.220056
2.268715
0.912030
1.014466
1.523441
1.227526
1.503084
1.719908
1.864583
1.892202
2.072129
1.730115
1.771133
1.943624
2.149257
2.188656
2.521222
1.641669
1.886288
2.035450
1.867221
2.107005
1.566147
2.135132
2.205117
2.609537
2.296153
1.715832
1.442634
1.950056
2.100287
2.017611
2.333177
1.913641
1.825386
1.938975
2.764931
2.005680
1.775630
2.958098
2.554493
2.373169
2.756228
2.733873
1.776554
1.128544
1.343814
1.493617
1.788191
1.459263
1.277735
1.321852
1.103909
1.013108
1.114116
1.871323
1.562539
1.613297
1.086060
0.737482
0.864141
0.864141
1.609487
1.576865
1.809302
1.585788
1.585788
2.110092
2.416350
2.509848
1.326576
1.103860
1.394520
2.501846
1.240235
1.076097
2.320167
2.148582
1.665210
1.731215
1.665210
1.499843
1.755405
1.719908
1.864583
1.910551
1.892202
1.816968
1.948371
1.997714
1.886288
1.991078
1.991078
2.160115
2.525704
2.337092
2.713715
1.902860
2.004176
2.939068
1.955284
1.955284
1.437467
1.521480
2.902495
2.718414
2.213370
1.547812
1.593161
1.744474
1.540561
1.732100
1.452542
1.490885
1.513367
1.455526
1.450469
1.243415
1.695841
1.434713
1.231042
1.243415
1.251031
1.652612
1.249763
1.311020
1.871323
1.296758
1.034016
1.619547
1.721524
1.103581
1.620381
1.589620
1.628421
1.717077
1.947137
1.049436
1.070380
2.463099
1.598778
2.445515
1.394520
1.103860
1.103860
2.033584
2.379572
2.359436
2.123441
2.228466
1.434933
1.929382
2.093547
2.093547
2.038796
1.409364
1.796353
1.796353
1.898010
1.819420
1.816968
2.164899
2.164899
1.886252
2.307258
1.886252
2.502101
2.345698
2.453967
2.010928
2.560619
2.149257
2.310235
2.518198
2.937100
2.222425
2.579426
2.982138
2.902495
1.437017
2.661767
2.565895
2.397117
2.373169
2.725485
3.265965
2.179972
2.296173
1.625766
1.732100
1.805628
1.319709
1.467383
1.606199
1.430638
1.201497
1.232713
1.206959
1.208320
1.472049
1.794758
1.562539
1.296758
1.296758
1.047219
0.822309
0.737482
0.822309
0.737482
1.402479
1.197915
1.538102
1.620062
1.379586
1.947137
2.202646
2.485705
1.049436
2.229844
0.813797
2.611190
2.302938
0.915550
1.918034
1.394520
1.665210
1.604151
2.317294
2.033584
2.317294
2.320167
2.501846
1.394520
1.672529
2.289649
1.731215
2.006162
1.153820
1.262619
1.526863
1.150129
1.157175
1.974590
1.910825
1.791538
1.910793
1.853705
1.853705
2.021954
2.038793
2.333177
2.593194
2.366161
2.366161
2.222425
2.730475
2.407771
2.565895
2.565895
3.234970
2.725485
2.733873
1.605123
1.522966
1.345201
1.415626
1.353376
1.536096
1.542692
1.335475
1.326147
1.799932
1.749224
0.772732
1.724823
1.734234
1.490729
1.215416
0.612111
1.232718
2.008840
1.531527
1.004516
2.497347
0.979110
2.511981
1.890188
2.148582
1.274948
1.198361
1.743201
1.915407
1.806287
2.093547
1.981090
1.816968
2.093547
1.819980
2.038796
1.819420
1.471928
1.650723
1.655861
2.577099
1.353943
1.819746
2.054056
1.991078
2.525256
1.976408
1.713239
2.592230
1.961419
1.756099
1.769933
2.386778
2.798605
1.795579
2.593194
2.912367
2.979120
1.228304
1.315881
1.534304
1.306095
1.695841
1.542692
1.541666
1.343062
1.450469
1.114116
1.803053
1.581053
1.414442
1.689550
1.689550
1.678429
1.979558
1.678429
1.566710
1.437018
1.555527
1.700115
1.860041
1.620381
1.685112
1.685112
2.245857
1.529166
1.709613
1.004516
2.095485
2.273560
1.333693
1.326576
2.623728
1.049436
1.310074
1.865454
1.930521
2.357225
2.781196
0.870592
1.894403
1.427652
1.981090
1.910825
2.521222
1.805190
1.687190
2.068003
1.791538
1.490623
2.160115
1.726124
1.769933
2.000228
1.794139
1.756099
2.588515
2.133778
2.337775
1.586395
2.116150
3.244598
2.397117
2.902495
1.411823
2.057077
1.202453
1.635861
1.231737
1.319560
1.432789
1.383500
1.327720
1.376152
1.432851
1.482769
1.636363
1.516826
1.541666
1.463999
1.527902
1.459263
1.206959
1.329211
1.766407
1.895524
1.516826
2.008177
1.013454
1.678429
1.490729
1.562539
0.706356
0.706356
1.354975
1.396623
1.860041
2.245857
1.367500
1.505721
1.709613
1.620062
2.461212
2.063111
0.992832
2.110092
1.840203
1.995446
1.910887
1.728602
2.611190
1.614546
1.614546
1.614546
1.114828
1.894403
1.114828
1.379069
1.548784
1.661522
2.042559
1.232275
1.721113
1.372751
1.726298
2.029377
1.933316
1.618029
2.447686
2.302310
1.957633
1.593837
1.856847
1.818722
2.016839
1.796353
1.490623
1.569132
2.424333
2.513876
2.054056
2.600091
2.656206
2.533993
2.904468
2.979120
1.968964
3.244598
1.443363
1.690046
1.415495
1.432261
1.043139
1.548830
1.492725
1.541666
1.541666
1.560578
1.682248
1.206959
2.008177
2.123575
0.961770
0.772732
0.706356
1.334467
1.197851
1.200404
1.137410
1.154582
1.269731
1.566710
1.566710
1.515602
1.471754
1.358131
2.245857
0.992832
1.004516
2.507880
2.618192
2.603460
1.643402
1.992448
2.497347
2.497347
2.243051
2.444216
1.273531
1.442636
1.296309
1.981090
2.195029
1.981090
2.171575
1.745362
1.745362
1.816968
1.471928
2.414476
1.593837
2.645498
2.320699
1.996613
1.810717
1.790468
2.054056
1.996613
1.978577
1.769933
1.592035
1.621733
1.766733
1.769933
2.045909
2.820035
2.850952
2.297104
2.366161
2.722741
1.968964
2.762992
2.762992
1.385990
1.334041
1.233643
1.606199
1.590990
1.610879
1.625787
1.922336
2.144282
0.961770
1.749224
0.706356
1.259830
1.197851
1.077863
1.077863
2.256021
1.077863
1.004516
1.077863
1.885323
2.379864
1.405906
2.386240
1.941393
1.992448
2.302938
1.364853
1.540967
1.758267
2.042559
1.379069
1.266959
1.408926
1.806287
1.726298
2.252669
2.016839
1.398893
2.315130
1.642963
2.539145
2.533993
2.850952
1.559526
2.689188
2.181159
2.710448
1.361273
1.530089
1.424674
1.365854
1.470504
1.913657
1.635341
1.482769
1.571407
1.374595
1.278406
1.374595
1.315913
2.144282
2.039319
1.697478
1.116300
1.724823
1.804471
1.490729
1.188526
1.618950
1.996021
2.267454
1.860041
1.519759
1.163741
1.145782
1.349209
1.184718
1.609574
1.686718
2.057383
2.611190
2.634348
0.794493
1.778542
2.086571
1.403641
1.113656
1.726298
1.607740
1.607740
2.414476
1.490623
1.837860
2.320699
1.691589
2.539145
1.642963
2.424333
2.354140
1.739056
2.561938
2.762992
1.752370
2.417561
1.696582
1.306540
1.355323
1.344689
1.185599
0.999772
1.565384
1.552700
1.625787
1.779218
1.552700
1.697478
1.405139
1.728014
1.728014
1.786714
2.039319
2.039319
1.090385
1.171089
1.028526
1.614141
0.962957
1.499959
1.676001
1.674781
1.996021
1.841791
1.163741
1.504014
1.489931
1.417594
1.168961
2.517323
2.634348
2.634348
2.634348
2.523080
0.844562
2.013802
1.114828
2.013802
1.108619
1.776220
1.273531
1.761961
1.752574
1.925687
1.827083
1.806287
1.618257
2.247802
2.302310
2.320699
2.014320
1.996613
2.279161
1.609819
1.609819
2.180491
2.121026
2.121026
1.605026
1.820599
2.386778
2.151312
1.565356
2.850952
1.628420
2.313421
1.938184
1.375621
1.470504
1.679567
0.969448
1.125690
1.559016
1.581793
1.614468
1.609012
1.558217
1.113967
1.323585
1.729326
1.798951
1.222798
0.937356
1.168449
1.168449
1.319891
1.302876
1.429848
1.331948
1.358131
1.647885
1.577400
1.163741
1.184718
1.163741
1.705744
2.057383
2.363374
1.660507
2.018232
2.303267
2.126370
2.066394
2.641144
2.492678
1.918034
0.767146
1.070826
1.540967
1.540967
1.476168
1.267950
1.480882
1.474919
1.952689
1.821900
1.557474
1.760688
1.765621
1.672200
2.249388
1.609819
2.279161
2.643279
2.533073
2.533073
2.533073
2.263133
2.490245
1.796342
2.689188
2.346017
2.422853
2.083212
2.417561
2.198364
1.938184
2.086845
2.187913
2.187913
2.149743
2.149743
1.421428
0.809126
0.969448
0.999772
1.413125
1.473010
1.699276
1.585111
1.625787
1.699276
1.547208
1.380286
1.535280
1.535280
1.694656
1.236725
1.464219
1.171089
1.005728
1.749224
1.760337
1.677809
1.831013
1.269624
1.425216
1.499959
1.425216
1.249328
1.704396
2.039560
1.980635
2.315924
1.184718
2.496999
2.011684
0.767146
2.308327
1.108619
1.470042
1.564952
1.751454
1.765621
2.096837
1.940777
1.557474
1.944837
1.607740
1.787174
1.607740
1.398893
2.028358
1.398893
2.256796
2.320699
2.247802
2.643279
2.121026
2.251828
2.263133
1.781610
2.313017
2.078377
1.852598
2.129466
1.872871
2.313421
2.313421
1.388503
2.198364
2.083212
1.601016
2.149743
1.375621
1.421674
1.233543
1.282667
1.372924
1.200886
1.200886
1.089732
1.264075
1.447149
1.561897
1.441619
1.633034
1.534027
1.520484
1.514640
1.552700
1.578923
1.393901
1.697478
1.667173
1.639965
1.028526
1.820671
1.796484
1.804471
1.464539
1.031459
1.650822
1.618950
1.234788
1.499709
1.499709
1.230387
0.837144
0.891825
1.948849
1.081438
0.837144
1.769038
1.758437
1.447707
1.552555
1.508776
1.271794
1.444319
1.560005
1.883065
1.821900
1.946918
2.171575
2.288026
2.509563
2.028358
2.256796
2.525200
2.525200
2.154339
1.917235
2.411810
1.744516
2.380746
2.544516
2.106345
1.783812
2.033107
1.749036
2.422853
2.263133
2.313017
1.856070
2.171260
2.313421
2.204641
1.614882
1.729064
1.637655
1.142384
1.532169
1.740328
1.272119
1.159375
1.255525
0.979377
1.089732
1.433979
1.919604
1.919604
1.802928
1.636514
1.440546
1.440546
1.498558
1.331159
1.512231
1.510517
1.677809
1.521919
1.780935
1.464539
1.250629
1.250629
1.250629
1.264224
1.499709
1.733526
1.750303
2.496999
2.043250
0.953390
0.953390
1.081438
2.368450
1.614262
2.334874
2.334874
1.508776
1.416267
1.416267
1.841224
1.952689
1.626343
1.883065
1.751454
2.182477
1.944837
2.198298
1.837292
2.095286
2.247802
2.336436
2.336436
2.341734
1.906032
1.971127
2.291514
1.817376
2.078377
2.313785
2.285182
2.346133
2.124568
2.240976
1.596443
2.083212
1.974969
2.149743
1.957455
2.086845
1.480600
1.345855
1.492980
1.559016
1.591772
1.676238
1.642688
1.620628
1.589791
1.699276
1.699276
1.705790
1.578923
1.406286
1.053916
1.254482
1.254482
1.842344
1.842344
1.371534
1.173037
1.264224
1.577400
1.505721
1.566788
1.552231
1.583849
2.143723
2.258534
2.615394
1.500039
1.692659
1.500039
1.736101
2.020183
1.806986
2.085458
2.014341
2.401509
2.437624
1.318741
1.357956
1.266282
1.782266
1.447707
1.383145
1.383145
2.203663
1.819241
1.979537
1.821487
1.650596
2.166691
1.785763
1.946918
1.940777
2.095286
2.095286
2.095286
2.434052
2.124241
2.321809
2.373412
2.321809
1.849811
2.601241
1.988493
2.313785
2.151660
1.704168
1.596443
1.697045
2.295941
1.760112
1.625092
1.539343
1.970398
2.083212
1.591666
1.230881
1.712427
1.386703
1.421428
1.386703
1.224946
0.916075
1.345855
1.299188
1.101543
1.299188
1.995666
1.591772
1.676238
2.014431
1.676238
1.621508
1.995666
1.802928
1.564900
1.537617
1.271671
1.535280
1.254482
1.406286
1.138954
1.323762
1.254482
1.751105
1.760337
1.780935
1.173037
1.386952
1.264224
1.839309
1.759117
2.037389
1.453706
1.485267
2.090253
1.707723
2.551018
0.837144
1.591821
1.623523
1.583120
1.957121
2.021029
1.821487
2.021029
1.947822
1.822834
1.940777
1.651439
2.341734
1.917644
2.138770
1.883509
2.411810
2.544516
1.731242
2.033107
2.056209
2.029055
1.957455
1.249077
1.210923
1.003855
0.837524
0.913372
1.880548
1.997553
1.997553
1.880718
1.997553
1.755508
1.963656
1.890244
1.534712
1.601371
1.802928
1.402769
1.402769
1.564682
1.364809
1.586716
1.842344
1.617763
1.148150
1.694596
1.190584
2.075068
1.988417
2.130214
2.521385
2.352536
0.540015
2.508637
1.081438
1.948849
1.411851
1.411851
1.605850
1.427481
1.318741
1.383145
1.820195
1.818192
1.768876
1.820195
1.672581
1.949942
1.620687
2.166691
1.474919
2.243876
1.596810
1.833317
1.933014
1.933014
1.921069
1.921069
2.346179
2.627985
2.120299
2.112651
1.674129
1.921332
1.955460
2.138770
2.124241
2.291514
2.411810
2.285182
2.432504
1.569391
2.086433
1.624542
2.133477
1.666662
2.207078
1.725211
1.946858
1.836105
1.912600
1.120649
1.228876
1.413125
1.269335
1.997553
1.735365
1.735365
1.995666
1.963656
1.890244
1.800234
1.250450
1.795105
1.508932
1.155001
1.406286
1.282124
1.282124
1.500692
1.793055
1.678284
1.260977
1.386952
1.441177
1.190584
1.571722
2.555404
2.559267
1.994273
1.454941
1.741028
1.741028
2.126945
2.521385
2.224700
1.876616
0.695350
1.948849
1.293122
1.072117
1.144688
1.000029
1.488189
1.821487
1.820195
1.821487
1.820195
2.021470
1.949942
1.854488
1.962390
1.972525
2.097003
1.933014
1.933014
1.741966
1.741966
2.090171
1.808329
1.708018
2.143829
2.285218
1.865955
1.448552
1.575122
2.432504
1.710055
1.948464
1.780895
1.780895
1.821865
1.623200
2.133477
2.416660
2.232769
2.112262
1.542070
1.542070
1.970398
1.701671
1.401533
1.359289
1.359289
1.354337
1.255525
1.071805
0.809126
1.210037
1.735365
1.756225
1.997553
1.621508
1.618303
1.755508
1.392078
1.997553
2.005659
1.466347
1.751750
2.005659
1.652651
1.064766
1.064766
1.257623
1.447199
1.601790
1.817629
1.784203
1.594616
1.793055
1.371534
1.433984
1.111312
1.515733
1.290825
1.156542
1.546873
1.952107
2.030024
2.441715
2.253592
1.830577
1.575671
2.348794
1.741028
2.000153
2.224700
0.540015
1.167017
0.540015
1.648132
1.353401
1.353401
1.544043
1.411851
1.331902
1.499536
1.331902
1.353801
1.605850
1.681872
1.750939
1.681872
1.457335
1.854488
2.055611
2.066747
1.996624
1.996624
1.955460
2.609271
2.432504
1.755606
2.291514
1.929357
2.416660
2.221411
1.610410
1.701671
2.045089
1.812496
1.498493
1.637655
1.398133
1.264571
1.449099
0.866324
1.661972
1.819390
1.880548
1.963656
1.528718
2.005659
1.963656
1.172471
1.508932
1.575611
1.282124
1.479376
1.508932
1.155001
1.064766
0.897621
1.701108
1.702021
1.328043
1.323487
2.214669
1.911800
2.143723
1.711103
2.074673
1.978711
2.356555
2.031458
1.644688
1.709525
1.499536
1.949942
1.907893
1.768045
2.128007
1.833317
1.587445
1.881906
1.933014
1.741966
1.866825
2.066747
2.120299
2.158247
2.614044
1.780766
1.340765
2.484959
1.841728
1.821865
1.677184
1.617003
1.883141
1.974969
1.579460
1.474367
1.474367
1.228876
1.228876
0.792895
1.520265
1.835750
1.674737
1.674737
1.345884
2.076502
1.980074
1.172471
1.672283
1.821685
1.814263
1.479376
1.734570
0.906098
1.052548
1.729604
1.782160
1.793055
1.585652
1.364541
1.348118
1.371534
1.103132
1.374329
0.958066
1.406721
1.952107
2.196378
2.434113
2.559267
1.987404
2.253592
1.806986
1.978711
2.516173
2.516173
1.033388
0.841739
1.583120
1.310202
1.713388
1.784636
1.768876
1.672581
1.488028
1.531279
2.075508
2.112357
1.954359
1.792014
1.680195
1.767338
2.306107
1.996624
2.614044
2.579550
2.447579
1.940782
1.377487
1.704366
2.274567
2.260615
1.591694
1.316855
1.653449
2.131216
2.080078
1.744092
1.610410
1.617817
1.614353
1.348051
1.184178
1.434349
0.782913
0.980779
1.778773
1.387692
1.942402
1.821685
2.062492
2.076502
1.355729
2.076502
1.821685
1.980074
1.980074
1.980074
1.672283
1.317852
1.479376
1.534884
1.500692
1.703787
1.679551
1.348118
1.469390
1.299590
1.131320
1.676999
2.268817
1.893467
2.325111
2.567073
2.524326
2.098515
1.676348
2.356555
1.877697
1.648132
1.862913
1.370269
1.311087
1.287231
1.519068
1.292050
1.770909
1.721513
1.721513
1.818192
1.899517
1.768045
1.775080
1.590664
2.285218
1.565281
1.901864
2.083237
1.780766
1.311595
2.260615
1.783136
2.131216
1.726748
1.329841
1.640983
2.080078
1.758813
1.557051
1.882630
1.430156
2.006080
1.762815
1.413010
1.413010
1.304651
1.578922
1.575573
2.046890
1.821685
1.821685
1.821685
1.372627
1.295059
0.906098
1.742519
1.624842
1.701108
1.561949
1.348118
1.099199
1.426874
1.245967
1.241740
1.241740
1.290825
1.038254
1.241740
1.654018
2.121964
1.893467
1.968246
2.594250
2.536641
2.349467
1.603338
1.311087
1.603338
1.296736
1.323967
0.758566
1.287231
1.519068
1.713388
1.713388
1.448953
1.721513
1.721513
1.899517
1.651242
1.652066
1.780612
2.151720
2.112357
2.306978
1.735730
1.631351
2.012561
1.908203
2.311678
2.117201
1.562645
1.958347
2.080078
1.718585
1.922981
1.732669
1.656573
1.646604
1.473414
1.609936
1.894444
1.441273
2.032140
2.062492
1.134397
1.703787
1.679551
1.784203
1.568375
1.024344
1.719930
1.617795
1.445676
2.598716
2.016352
2.121964
2.098515
1.759117
1.850238
1.670697
2.539155
2.308589
1.942383
1.603338
1.628075
1.523718
1.552374
1.325913
1.456509
0.713037
1.543468
1.713388
1.543468
1.522224
1.751871
1.524381
1.651602
1.775080
2.037201
2.239424
2.471229
1.723038
1.110930
1.454533
2.410756
1.780766
1.633349
1.624747
1.484375
1.573200
1.783993
1.952768
1.901459
2.112262
1.587334
1.473414
0.917601
1.089024
1.529142
1.316982
1.899974
2.046890
1.843813
1.912193
1.617045
1.375790
1.778773
1.459580
2.062492
1.308696
1.552389
0.775687
0.758081
1.571192
1.386752
1.375741
1.245967
1.241740
1.465327
1.241740
1.997726
2.091065
1.818253
2.198382
2.525822
2.567073
2.585958
1.801661
1.942383
1.253392
1.370269
1.323967
1.489216
1.489216
1.408558
1.533889
1.623523
1.269114
1.729013
1.553910
1.731873
1.621549
2.315152
2.392639
2.392639
1.901864
1.582039
2.219663
1.328643
1.683444
1.737841
2.496885
2.515907
2.430249
2.313477
1.990064
1.919613
1.356353
1.908203
1.998881
1.748171
2.085137
2.007311
1.655685
2.219125
1.958430
2.080078
1.653766
1.587334
1.773593
1.521583
1.397955
1.255800
1.348051
0.917008
0.842920
1.479491
1.912193
2.132743
2.132743
2.052854
2.132743
1.256155
1.195585
1.148820
1.236356
1.005070
0.622119
0.647882
0.526401
0.526401
0.444765
1.465327
1.612499
1.758192
1.640307
2.477542
2.259841
2.098071
2.493804
2.477542
2.380426
1.648946
1.734500
2.076108
1.670697
1.761215
2.356555
1.253392
1.336758
1.895648
1.876616
1.895648
1.408558
1.519068
1.681625
1.791528
1.723250
2.128007
2.515907
2.430249
1.582039
2.198973
1.398739
1.231333
1.439096
1.439096
1.842132
2.176041
1.452049
1.653766
1.649336
1.623277
1.623277
0.842920
1.316982
1.615283
1.293266
1.615283
1.912193
1.615283
2.046890
1.160068
1.247112
1.401050
1.182470
1.521880
1.561949
1.601534
1.386752
0.775687
1.594616
1.386752
1.386752
1.386752
1.594616
0.540582
0.375380
1.993664
1.676999
2.183016
2.310956
2.425631
1.979223
2.654143
2.501744
1.962552
1.670697
1.697053
2.097388
1.253392
1.369639
1.444034
1.462629
1.276881
1.416032
2.245794
2.238303
1.996823
2.037201
2.315152
1.793791
1.919613
1.737841
1.885566
2.416508
2.193257
1.230656
2.001414
2.274567
1.585939
1.808936
1.617727
2.001414
1.901459
1.814880
1.857573
1.521583
0.767189
1.533382
1.615283
1.102329
1.060006
1.355277
1.634306
0.526401
1.667014
1.619296
1.667014
1.619296
1.833899
2.102193
2.102193
1.697975
1.868896
1.448326
1.369639
1.913804
0.707535
1.408558
1.681625
1.791528
1.642614
1.285740
1.231517
1.945809
1.945809
1.477589
1.784928
2.017584
1.793791
1.582039
1.140351
1.723364
2.193257
1.191350
2.198973
1.842912
1.468872
1.417687
1.748171
1.617071
1.427172
1.521583
0.931989
1.180871
1.293884
1.615283
1.375790
1.117333
1.563352
1.566613
1.460848
1.367694
1.565240
0.899027
1.571192
0.979565
0.669662
0.444765
1.380103
0.540582
0.469654
1.353756
1.465327
2.189836
2.060689
2.677719
2.598716
2.541460
2.331182
2.368731
1.535806
2.049527
2.076108
1.993184
1.956374
2.472291
2.129701
2.308589
1.035205
1.253392
1.500848
1.527833
1.300260
1.300260
1.868896
1.421571
1.422426
1.559644
1.595249
2.315152
1.128048
1.536757
1.837132
1.427172
1.901459
1.678399
1.851031
1.517881
1.053373
1.355789
1.255867
1.604086
1.478245
1.048567
1.120946
1.155019
1.398909
1.226731
1.160068
1.565240
1.493216
1.578997
1.660503
1.493216
1.579259
0.876468
1.380103
0.666650
0.444765
1.667014
1.667014
1.883446
2.654885
1.991581
2.380790
2.046829
2.072983
2.656905
2.030869
1.962552
2.049527
2.049527
1.855809
1.107043
2.115571
1.557832
1.872003
1.268293
1.408558
1.230656
1.841097
1.584598
1.617727
0.851171
1.180871
1.148871
1.336483
1.285657
1.450523
1.552290
1.352212
1.493216
1.338311
1.500104
1.633424
1.314200
2.699794
2.270792
2.425631
2.510692
1.905585
1.949242
1.893783
1.752224
1.962552
1.916238
1.962829
1.595110
2.316028
1.872003
1.322750
1.438417
1.356027
1.421571
1.434270
1.312013
1.468915
1.536285
1.723250
1.521365
1.331883
1.255641
1.521365
1.408079
1.124984
1.788611
1.885566
1.379210
2.083237
1.971765
1.809304
1.744933
1.148722
1.445159
1.392548
1.240960
1.510842
1.226656
1.308287
1.448012
1.375521
0.557131
1.849454
0.469654
1.456109
1.456109
2.380790
2.451627
2.543331
2.440269
2.486157
2.677719
2.437873
2.214365
2.490912
1.645312
1.527833
2.174180
1.352130
1.523443
1.445856
1.052156
1.182448
1.418529
1.408079
1.324981
1.810438
1.931325
1.793791
1.899510
1.885566
1.847057
1.847057
1.891013
0.882050
1.244684
1.243728
1.315611
1.229482
1.053163
2.342765
2.142486
1.759189
1.805443
2.295967
1.883446
2.392302
2.380970
2.058002
2.005811
1.694317
2.298584
2.125776
1.269746
1.570673
1.522098
1.322750
1.493926
1.572438
1.616487
1.268293
1.330859
1.241688
1.351290
1.535530
1.521365
1.595249
1.788611
1.146966
1.150579
1.203050
1.735189
1.761694
1.654976
1.588608
1.609271
1.773829
1.699346
2.019937
0.767189
1.532132
1.263375
1.628375
1.471694
1.268760
1.636494
1.566613
1.496783
1.455155
1.406909
1.250083
1.112642
1.539817
1.207105
1.054571
1.054571
1.377052
1.340319
1.613739
1.253135
1.638052
1.638052
1.638052
0.666650
1.570303
1.570303
1.679460
1.570303
2.080827
1.746835
1.522735
0.539497
0.539497
2.523715
2.643548
2.543331
2.126239
2.021240
2.106742
1.635782
2.216617
2.125776
1.645312
1.857212
1.857212
1.193811
1.364968
1.435045
1.459638
1.632008
1.288231
1.366009
1.348643
1.102098
1.616970
1.160408
1.134430
1.802146
1.841097
1.771611
1.885566
1.142072
1.236200
1.411666
1.243728
1.434679
1.015935
1.761925
1.628375
1.054541
1.127928
1.539817
1.636494
1.483496
1.287529
1.302225
1.315630
1.309144
1.076404
0.924798
0.886835
1.076404
1.074545
1.565240
1.613739
1.588377
1.013122
1.610488
0.539497
0.469654
1.702165
2.523715
2.623132
2.630810
2.640241
2.640241
2.543331
2.565739
2.411426
1.963496
2.590010
1.916238
2.005811
2.005811
1.535806
2.179497
1.931752
1.895148
1.269746
1.085907
1.352130
1.632008
1.624454
1.330859
1.161404
1.535530
1.731205
1.232846
1.284093
1.887355
1.429539
1.661438
1.751409
1.044088
1.192606
1.240091
1.558964
1.435971
1.554898
1.048567
1.492096
1.563428
1.645600
1.673851
1.721719
1.668509
1.675751
1.054541
0.924798
1.064023
1.333925
1.077401
1.309144
1.618860
0.908116
0.840198
1.679460
2.054958
1.968215
0.709887
1.666854
2.526949
2.134563
2.517558
2.458545
2.678873
2.646544
2.380970
2.565739
1.269746
1.481735
1.216726
1.193811
1.052669
0.396676
0.438750
1.337421
1.013996
1.294195
1.331883
1.134430
1.184912
1.889476
1.735189
1.891782
1.887355
0.831847
0.678704
1.453945
1.377204
1.039020
1.616576
1.707788
1.645600
1.761925
1.046782
1.134041
1.539817
1.554898
1.507504
1.002899
1.109393
1.120303
1.087930
1.266693
1.448012
1.333581
1.344854
1.340661
0.962980
1.638052
1.405172
0.816715
0.570333
2.728396
2.691878
1.936926
1.901836
1.911999
2.130173
1.590246
1.308761
1.269746
1.279097
1.116765
1.427101
1.114180
1.517510
1.303964
1.431310
1.144807
1.330859
1.198324
1.348643
1.066877
1.486809
1.448288
0.767189
0.891745
0.785516
0.735636
1.204297
1.112919
1.377204
0.999967
1.083999
1.364903
1.287307
1.266152
1.067857
0.962980
0.985980
1.679460
1.817036
2.022872
2.602615
2.575687
2.285374
2.270792
1.635782
1.911999
1.856482
2.061819
2.130173
1.600558
1.590246
1.678899
1.259702
1.352130
1.306138
1.384713
1.038727
1.571045
1.468379
0.733369
0.937733
1.572472
1.502849
1.124370
1.269184
0.960650
1.337828
1.099071
1.033361
1.595777
1.871473
1.193091
1.193091
0.991952
1.876503
1.871473
1.660503
1.308911
2.096664
0.600919
0.636811
1.763218
2.417595
2.560480
2.619818
1.936926
1.758188
1.758188
1.903059
2.171951
1.308761
1.105657
1.308761
1.410595
1.517510
1.161404
1.337421
1.687930
1.232846
1.066877
1.593872
1.544268
0.986392
0.650408
1.339398
1.450562
1.141846
1.254460
1.337828
1.285657
1.060329
1.287307
1.372844
0.798517
2.096664
2.110446
2.110446
0.755699
2.526949
2.442781
2.728396
2.548319
1.902090
1.990615
1.707613
1.936926
2.017055
1.720566
2.061819
1.525018
1.540108
1.325895
1.318141
1.308761
1.203491
1.216726
1.259702
1.284525
1.384713
1.161404
1.031762
1.187800
1.079307
1.158543
1.665827
1.169258
1.219445
1.502849
1.241116
1.389451
1.283014
1.364234
1.036579
1.273653
0.963631
1.100122
1.181946
1.288185
1.871473
1.377052
1.104111
1.685291
0.914371
0.906090
0.883852
1.679460
1.926188
0.829253
2.395949
2.189923
2.517558
2.362690
0.647268
0.647268
1.790293
1.901836
2.164989
1.946371
2.020866
1.325895
1.542861
1.903059
1.403317
1.268203
1.450323
1.390954
1.366314
1.341090
0.525728
1.065124
1.016112
1.199596
1.217147
1.206649
1.310052
1.651920
1.026095
1.134214
1.117732
1.248159
1.545031
0.735636
0.957660
0.957660
0.963631
1.193795
1.158618
0.967868
1.113655
1.086577
1.047533
0.959178
0.951651
1.144169
1.550546
2.189922
2.398588
0.647268
0.614993
2.267298
1.741027
2.140964
1.942563
1.541784
2.017055
2.017055
2.017055
1.835185
1.946371
2.171054
1.318141
1.539683
1.487485
1.410300
1.176388
1.317290
1.517510
1.006969
1.004443
1.422494
1.170052
0.789125
0.904820
0.963553
1.001050
1.239456
1.239456
1.189381
1.194840
1.164111
0.971616
1.113655
1.288185
1.193091
0.951651
0.832637
0.932587
0.908604
2.241307
2.439933
2.328405
2.485147
2.335263
1.787468
1.580926
1.785253
1.603921
1.430717
1.259262
1.278050
1.501023
1.487820
0.679240
1.486362
1.559173
1.422494
1.461608
1.171110
1.197587
1.385052
0.753869
1.296217
1.264264
0.971616
1.229546
1.109144
1.041929
0.989488
1.165954
0.914371
1.702083
1.926188
1.702083
2.230954
2.228598
2.422980
2.120644
2.246909
2.362690
2.017055
2.179941
1.998692
1.785253
2.074028
1.964238
2.164989
1.999875
1.318141
1.632363
1.498650
1.385846
1.346617
1.402101
1.274886
0.736099
1.239529
1.166690
0.807918
0.783584
0.945092
1.245522
1.111777
1.084493
1.102747
0.963631
1.270911
1.198937
1.102747
1.118262
0.962379
1.304516
1.257341
1.015206
0.909990
1.765664
2.439933
2.228543
2.228543
2.398588
0.613694
0.614993
2.338391
2.203479
1.720566
2.055328
2.132290
1.277406
1.417748
1.284525
1.197587
1.032341
1.106329
1.264409
0.895404
1.026247
0.917011
1.111777
0.945107
1.136922
0.959178
1.136922
1.042979
1.129023
1.085004
1.090827
1.301012
0.906090
0.889992
2.079062
1.877457
2.116453
0.964836
2.349813
2.339796
1.933594
2.485147
2.269411
2.191872
0.853887
0.807795
2.179941
1.567345
2.209074
2.055328
1.203491
1.458192
1.385846
1.339638
1.369996
1.514346
1.405941
0.669037
0.610819
0.451472
1.405941
1.158286
1.486362
1.210374
0.998678
0.807918
1.157129
1.137285
1.137839
1.142749
1.048841
1.005835
1.037276
0.790003
0.919256
1.181946
0.950218
1.771952
1.086188
1.926188
2.373372
2.177138
2.237713
0.964836
1.008725
2.258429
1.629650
1.935350
2.294091
1.560139
2.058129
1.277406
1.586019
1.256314
1.266520
1.339638
1.361086
1.289027
0.991613
1.183516
1.225573
1.302852
0.957443
0.982464
0.753869
0.962165
1.302742
1.053652
0.973441
1.035742
1.035742
2.056906
2.116453
2.339796
1.016614
1.029763
2.021119
2.417444
1.047580
1.047580
0.781761
1.089307
1.790333
2.179941
2.009554
2.045215
1.980053
1.980053
1.382028
1.632363
1.759137
1.392758
1.491656
1.540904
1.377153
1.185388
0.499818
0.896547
1.350168
1.282997
0.937304
1.053234
1.189861
1.162918
1.194286
1.185386
0.997393
1.209598
0.965048
1.028145
1.167911
1.546283
0.998103
2.243138
2.146323
1.090589
2.338391
1.935350
1.725827
2.294091
0.423581
2.185650
2.002637
0.423581
1.643148
1.891875
1.281420
1.281420
1.632363
1.566274
1.495540
1.301947
1.149694
1.149694
0.844748
1.549185
1.405941
1.311152
1.188979
1.067689
1.137988
1.318062
0.954185
0.954185
1.063385
0.995903
2.183451
2.105589
1.067873
1.918329
1.016614
2.021119
1.010109
1.112968
1.962233
1.033812
1.112968
1.725827
1.668445
1.751406
1.891875
0.415390
1.759137
0.467778
1.281420
1.491656
0.489716
1.072186
1.269640
1.158940
1.196829
1.349501
1.039763
1.038749
1.159515
1.096947
1.028801
0.898836
1.372297
1.737137
1.997896
2.235400
2.183451
2.021119
1.079198
2.034579
2.237713
1.071166
2.028567
0.941754
0.712567
0.594144
1.009616
1.865438
1.425585
1.682055
0.602811
0.806800
1.797073
1.281420
1.304890
1.926641
1.065219
1.281420
1.207878
1.588743
1.557171
0.415373
1.207878
0.447129
1.382419
1.633089
1.107599
0.394595
0.681459
0.681459
1.120282
1.377153
1.429263
1.240438
1.443027
1.087230
1.269640
1.027097
1.076930
0.956250
1.028145
2.257692
2.059278
1.869251
0.999572
1.794363
1.065967
1.018905
2.244732
1.938251
1.061165
2.244732
2.028567
0.712567
2.028567
2.028567
0.948422
0.515413
1.033812
0.972353
0.489813
0.681976
0.540041
1.111881
1.059249
0.614856
2.051785
2.078154
1.266615
1.116226
1.294481
1.281327
1.116226
1.659863
1.382160
1.382419
1.501661
1.606197
1.226074
1.149215
1.076269
1.197000
1.289676
1.129280
1.190449
1.019726
0.963996
1.373606
1.002166
0.999238
1.847562
1.995739
2.051752
1.087641
1.191932
1.009616
0.920063
0.515413
1.059116
1.098894
0.915276
0.710843
1.055578
1.241784
0.972353
0.681976
0.489813
1.050516
0.922975
0.471987
0.993624
1.891875
1.680146
0.802248
1.337516
1.122079
1.797073
1.153551
1.194455
0.910022
1.234295
0.467778
1.654809
2.002637
0.541192
1.437390
1.182309
0.852343
1.194223
1.431661
1.475903
1.295978
1.336715
1.240605
1.236803
1.494746
1.299418
2.177138
1.049345
1.140211
1.769389
1.769389
1.946366
2.135849
1.776363
1.847562
1.671471
1.505012
1.584471
1.682055
1.505012
1.249390
2.010933
2.012061
1.337516
1.373143
1.373143
1.304890
1.290426
1.194223
1.194223
1.275457
1.212705
1.443027
0.998949
1.097174
1.386783
1.755241
1.376472
1.350320
1.254517
1.203387
1.029995
1.151136
1.283639
1.073976
1.073976
1.154955
0.996643
1.380433
1.949187
2.010933
1.373143
1.373143
1.426770
1.546304
1.546304
1.085550
1.116109
1.005934
1.113339
1.494746
1.527429
1.755241
1.467483
1.699665
2.021337
1.664254
2.017666
1.861602
1.995739
2.243937
1.064954
1.188551
1.180143
1.249390
1.907455
1.337516
1.359166
1.194223
1.085550
1.339683
1.184098
1.113339
1.499000
1.997896
1.450885
1.997896
1.432159
1.643703
1.947084
1.889783
1.290963
1.628401
1.889783
1.625635
1.900910
1.260304
1.384577
1.567959
1.571791
1.694981
1.677517
1.273123
1.378053
1.720585
1.975070
1.636223
1.823737
1.597532
1.166736
1.304890
1.355623
1.148112
0.982988
1.608458
1.588743
1.566116
1.481059
1.192924
1.224735
1.480608
1.788728
1.579179
1.628401
2.019768
1.872446
2.059278
1.699390
1.440896
1.861602
1.790339
1.219520
1.941530
1.382823
1.823737
1.849311
1.265800
1.479663
1.614220
1.065219
1.275398
1.405165
1.412021
1.382160
1.633089
1.553311
1.328869
1.148112
1.359166
1.348202
1.115607
1.011236
1.872446
1.835560
1.839161
1.567959
1.831469
1.384577
1.567959
1.384577
1.831469
1.364391
1.618222
1.493209
1.265800
1.446419
1.159291
1.148112
1.172354
1.504453
1.619912
1.606197
1.245052
1.245052
1.348202
1.084834
1.146191
1.800714
1.913513
1.433967
1.804314
1.916078
1.598678
1.265800
1.625434
1.433744
1.433744
1.464883
1.462705
1.148112
1.465699
1.245052
1.133434
1.105532
1.207800
1.062899
1.184098
1.174276
1.138752
1.180143
1.543933
1.560257
1.792220
1.697705
1.765623
1.359030
1.637823
1.462705
1.607907
1.547532
1.547532
1.393870
1.446972
1.364812
1.034274
1.112843
0.930494
1.574832
1.359030
1.440271
1.462705
1.169764
1.547318
1.446783
1.334564
1.433744
1.308749
0.942603
1.308749
1.105532
1.045028
0.936282
1.132252
1.245052
1.126075
1.171018
1.059362
0.939672
1.517965
1.869913
1.503397
1.733228
1.813271
1.392267
1.705891
1.594670
1.295943
1.359030
1.097007
1.359030
1.294659
1.296690
1.440271
1.446419
1.288865
1.316549
1.316549
1.169764
1.433744
1.433744
1.463553
1.409013
1.504669
1.328694
1.376718
1.117241
1.173694
1.078052
1.078052
1.311023
1.213602
1.342141
1.156043
1.708337
1.366673
1.772288
1.394152
1.545188
1.141817
1.394152
1.440271
1.288865
1.462705
0.956570
1.129069
1.158929
1.506337
1.244481
1.555955
1.633166
1.547318
1.130570
1.280473
1.157979
1.130570
1.256263
1.074951
1.046894
1.170047
1.418432
1.164691
1.366673
1.366673
1.510740
1.395917
1.173295
1.025598
1.012340
1.070589
1.185390
1.253368
1.268029
1.558184
1.547532
1.276374
1.123931
1.182828
1.045217
1.481151
1.088382
1.165550
1.152051
1.320176
1.366673
1.366673
0.878258
1.559567
1.674772
1.358464
1.358464
1.325704
1.345598
0.979256
1.025598
0.902464
1.188042
0.951259
0.959602
0.980934
1.495543
1.374547
1.220041
1.097555
1.202197
1.047608
0.860515
1.026747
1.538412
1.510740
1.222666
1.045838
1.173295
1.323451
1.213342
1.408949
1.366713
1.037353
1.080231
1.218579
1.340339
1.462485
1.494314
1.181560
0.936669
1.091591
1.072845
0.972130
1.090360
1.206592
1.384159
1.320176
1.434215
1.375831
1.147034
1.027442
0.936669
1.170047
1.213342
1.340339
1.285141
1.361883
1.297570
1.546364
1.127842
0.925323
0.998252
1.030143
1.060936
1.185971
0.961827
0.836914
0.954587
1.145330
1.314635
1.247537
0.925323
1.186353
0.923572
1.253809
1.093072
1.262674
1.253809
0.860515
1.026627
1.147034
1.224971
1.071685
1.038469
0.951634
1.046372
1.186353
1.158051
1.143484
0.951972
1.274284
0.942176
1.261463
1.273592
0.965995
1.256847
1.000920
0.983714
1.263235
1.220915
1.046372
1.171479
1.154946
0.971268
1.190491
1.217478
1.080231
1.273592
1.322365
0.908633
0.884164
1.460278
1.040650
1.240556
1.240556
1.080453
1.127842
0.911269
0.984918
0.882377
0.834597
1.062665
1.022336
1.134223
1.021602
1.252919
1.077969
1.175249
1.418148
1.399193
1.075346
1.242398
1.131395
1.266946
0.981941
0.941427
0.906825
0.971268
0.923572
0.882377
1.397976
1.395558
1.219475
1.070788
1.031319
1.139570
1.173646
0.918466
1.035349
0.910604
0.942312
1.137024
1.021602
1.318539
1.361883
1.027904
1.140590
1.026539
0.867322
0.908876
0.966507
1.261463
1.037512
1.125002
1.175249
1.080573
1.059593
0.896223
1.005669
1.100009
1.038762
1.071106
0.956142
1.252919
0.954538
1.042087
0.929600
0.994340
0.938947
1.088943
1.045373
0.825271
1.146217
1.130767
1.130767
1.198960
1.058359
0.927894
0.995003
0.954538
1.130767
0.993880
1.006631
1.048666
1.092803
0.940081
1.125559
1.051995
0.972358
1.075364
0.814356
0.856920
0.922862
0.825271
0.908876
0.896538
1.125559
0.912761
0.948995
0.844287
0.958827
0.794985
1.042087
1.022298
0.959583
0.993880
0.924933
0.994700
0.933689
1.111766
0.934955
0.951404
1.067588
1.007594
0.937128
1.045016
0.949180
0.912761
0.956478
1.094293
1.039371
1.039371
0.998038
2.329950
2.259650
2.042539
2.238286
1.423255
1.390712
1.488956
1.423255
2.714496
2.970529
2.141933
1.584734
2.195029
1.539820
1.442656
2.544387
2.642916
2.631419
3.371123
1.971478
2.113771
1.996925
2.212740
1.980067
2.140991
2.202742
3.174584
2.002227
1.770627
1.584734
2.308327
1.751871
1.770909
1.176088
1.621508
2.076502
1.980074
1.890244
2.005659
1.462705
1.462705
1.416334
2.231169
2.231169
2.231169
