6194 1 3
1.681977
1.738448
1.833406
1.873711
1.617233
1.824861
1.774669
1.851968
1.866914
1.889912
1.892781
1.839694
1.921528
1.865024
1.839694
1.887855
1.646222
1.783107
1.820986
1.783170
1.774092
1.873711
1.861403
1.730448
1.730448
1.664343
1.706514
1.730448
1.586648
1.766742
1.691975
1.909814
2.002942
1.583322
1.691445
1.654600
1.824861
2.054646
1.888874
1.884980
1.907262
2.043505
1.907887
1.907887
1.593268
1.708521
1.532923
1.598429
1.647121
1.598429
1.969098
2.015580
1.994749
1.997310
1.797835
1.812448
2.085440
2.055606
2.033328
1.903028
1.921124
1.954342
1.942768
1.506023
1.548063
1.581574
1.832462
1.687150
1.625924
1.934679
1.625924
1.590267
1.882945
1.766733
1.887069
2.067150
1.733178
1.616783
2.159019
2.229000
2.060523
1.874458
1.995011
1.843086
1.544158
1.483023
1.636269
1.832462
1.705518
1.661097
1.741887
1.887069
2.030062
1.831919
1.957085
2.122853
2.153169
1.828236
2.089251
1.855143
1.874332
1.962205
1.540401
1.653573
1.650616
1.510220
1.880239
1.872852
1.977162
1.849464
2.191431
2.178268
1.972726
2.179287
2.187237
2.179287
1.890351
1.843086
1.982976
1.982976
1.544158
1.690616
2.044792
1.661097
2.046091
2.119442
2.143857
1.872496
1.929505
1.812448
2.204628
1.972726
1.972726
2.122468
2.039691
1.541322
1.596853
2.005317
2.153806
2.088346
2.234874
1.950151
1.921131
2.006853
2.289350
2.004479
1.976083
1.972726
1.918748
2.394997
1.903028
1.824117
1.628426
1.645258
1.688792
1.889081
1.661097
2.077222
1.877685
2.289350
1.794828
2.229743
2.026058
1.910014
2.247428
1.972726
2.229000
2.217997
2.281802
2.300090
2.020662
2.025135
2.010348
1.903085
1.824117
1.846710
1.966420
1.528580
1.445172
1.740129
1.526366
1.923387
1.563944
1.811768
1.997886
2.050068
2.050068
2.077222
2.041899
1.812946
1.806472
2.077471
2.317536
2.332209
2.345957
2.130443
2.130443
2.365236
1.996700
2.393516
2.393516
2.344664
2.382968
2.297660
1.873377
1.999487
1.920867
2.104583
2.053514
2.120723
2.016075
2.075904
1.897354
1.462865
1.460108
1.507462
1.481121
1.923387
2.088346
1.982881
2.306148
2.243813
1.997650
2.348161
2.346390
2.319391
1.989215
2.346390
2.362975
1.983644
2.334375
2.326625
2.366638
1.971310
2.334375
2.204125
2.076376
2.126895
2.043691
1.796813
1.853985
1.866666
1.731346
1.462865
1.666620
1.472827
1.495351
2.135138
2.085654
2.146364
2.195215
2.088346
2.077222
2.124655
2.243813
2.056259
2.130443
2.124655
2.532279
2.478073
2.376645
2.393516
2.497463
2.319391
2.382968
2.237260
2.367223
2.358648
2.297660
2.215074
2.176105
2.011015
2.112826
2.156050
2.298610
1.903085
2.230988
2.094099
1.984205
1.837785
1.508374
1.503859
1.608193
1.564119
1.670162
1.616779
2.143294
1.978269
2.194186
2.198122
2.193996
2.182374
2.268047
2.234874
2.195215
2.077222
2.506610
2.243813
2.410965
2.271271
2.384295
2.281802
2.314988
2.117329
1.742586
1.732762
1.817719
1.561008
1.897002
2.261039
1.776243
2.369136
2.247600
2.224737
2.162315
2.089292
2.525042
2.436048
2.472712
2.004479
2.448184
2.358648
2.377523
2.272065
2.315656
2.112826
2.247329
2.185163
1.862455
1.844399
1.943633
1.437678
1.727961
1.421103
1.709486
1.842172
2.222351
2.163819
2.198122
2.316815
2.369136
2.419133
2.409147
2.446673
1.904426
2.502946
2.516489
2.501873
2.415946
2.557535
2.415946
2.369962
2.300090
2.043830
2.449051
2.237260
2.349719
2.367223
2.540752
1.953449
2.367223
2.298610
2.076376
2.107688
2.088721
1.972886
1.778155
1.484266
1.508374
1.378791
1.456141
1.788170
2.060653
2.006113
1.832477
2.198122
2.198122
2.198122
2.389396
2.193996
2.193996
2.193996
2.553702
2.452399
2.349271
2.349271
2.349271
2.162315
2.515089
2.510837
2.086804
2.005942
2.101299
2.667285
2.548961
2.532063
2.448184
2.369962
2.528385
2.528385
2.011015
2.462941
2.387784
2.272065
2.428927
2.298610
2.126833
2.315656
2.258716
1.995384
1.921052
2.139186
1.995384
1.436807
1.436807
1.618134
1.805360
1.826513
2.228692
2.320580
2.356180
2.158768
2.323550
2.323550
2.323550
2.323550
2.160535
2.641346
2.639386
2.641346
2.262116
2.510837
2.689201
2.545333
2.514863
2.448184
2.395694
2.663638
2.427743
1.997569
2.349719
2.101202
2.451987
2.193355
2.043691
2.318987
2.311564
1.734395
1.840614
1.450615
1.488554
1.675674
1.378791
1.647385
1.919202
2.300433
2.278809
2.320580
2.496924
2.077880
2.506610
2.479968
2.652824
2.638770
2.506610
2.689762
2.390526
2.514863
2.514863
2.395694
2.442981
2.442981
2.507996
2.272065
2.314988
2.458997
2.428927
2.377523
2.160497
2.385076
2.073526
2.161668
2.053468
1.364456
1.722609
1.579284
2.164887
2.239709
2.267712
2.282556
2.335575
2.320580
2.424354
2.605863
2.638085
2.607180
2.566412
2.560015
2.608113
2.190691
2.514863
2.782952
2.663638
2.638726
2.668406
2.596371
2.489283
2.461262
2.371209
2.322867
2.378352
2.385076
2.052522
1.857961
2.164767
1.736981
2.077852
1.836058
1.804111
1.761821
1.884723
1.761821
1.730381
1.707733
1.417256
1.663015
1.772308
2.354931
2.436785
2.320580
2.300433
2.340631
2.361408
2.105371
1.999796
2.349271
2.262116
2.639386
2.773505
2.632944
2.184307
2.190457
2.629870
2.437298
2.514863
2.642483
2.075165
2.416846
2.522571
2.400814
2.451987
2.438436
2.481785
2.428927
2.313946
2.378352
2.258716
2.258716
2.064955
2.199845
2.321885
2.372385
2.064955
1.992205
1.851112
2.072796
1.795111
2.036227
1.864000
1.886149
1.941383
1.713357
1.766599
1.440467
2.063267
2.281474
2.199282
2.351748
2.436785
2.433382
2.300433
2.316261
2.348129
2.440619
2.163582
2.607039
2.638085
2.773705
2.554321
2.636962
2.741898
2.697512
2.185740
2.098215
2.528641
2.434654
2.371209
2.462941
2.313946
2.258716
2.126833
2.199845
2.324829
2.064955
1.440467
1.553338
2.099459
1.894729
2.035776
2.297010
2.457140
2.385610
2.539753
2.694684
2.149176
2.348129
2.773705
2.641346
2.773705
2.773705
2.774640
2.193584
2.779267
2.798461
2.450477
2.506283
2.416846
2.481785
2.481785
2.436967
2.093609
2.101202
2.137390
2.137390
2.297172
2.243653
2.083525
1.990700
1.988245
1.727564
1.802001
1.514691
1.507599
1.514691
1.905925
1.477985
1.825483
1.885471
1.461471
1.497908
2.085920
2.271179
2.418925
1.941847
2.440684
2.495846
2.630522
2.465795
2.424354
2.839441
2.440619
2.268988
2.730734
2.440619
2.748428
2.299531
2.848729
2.100700
2.855311
2.664016
2.746376
2.691889
2.565738
2.565582
2.684051
2.799693
2.782952
2.621895
2.602944
2.189688
2.098215
2.660055
2.493507
2.461262
2.507872
2.400814
2.264880
2.443736
2.524329
2.507102
2.449640
2.333450
2.137390
2.115686
2.052522
2.294272
1.767943
1.768648
1.465218
1.501716
1.895369
2.412012
2.412012
2.466001
2.436785
2.630522
2.268988
2.599908
2.719683
2.743850
2.743850
2.748428
2.775206
2.869962
2.775206
2.688748
2.798461
2.307470
2.836864
2.757973
2.748161
2.748161
2.616944
2.584727
2.207311
2.436967
2.354255
2.137390
2.137390
2.064955
2.410218
2.410218
2.049549
2.213311
1.688538
1.727564
1.673010
1.962213
1.735072
1.792138
2.418925
2.537226
2.471099
2.457140
2.147630
2.062809
2.291642
2.743850
2.892130
2.322778
2.184307
2.828214
2.629870
2.767494
2.629870
2.600586
2.851852
2.871524
2.554321
2.297449
2.822978
2.759532
2.187064
2.551347
2.551347
2.596620
2.507872
2.524329
2.524329
2.395601
2.486367
2.498004
2.388911
2.495208
2.411821
1.931689
2.036227
1.833261
1.429796
1.559425
1.430880
1.565547
1.501586
1.972698
1.985522
1.723268
1.611069
2.310076
2.112408
2.054234
2.530190
2.552659
2.408425
2.556576
2.630522
2.570002
2.485589
2.149176
2.378345
2.820102
2.876433
2.741030
2.880365
2.892130
2.856598
2.748428
2.828214
2.699667
2.855311
2.699667
2.832952
2.565582
2.871524
2.279384
2.753432
2.264860
2.589424
2.493507
2.558476
2.567946
2.513608
2.542930
2.459344
2.157256
2.395601
2.507102
2.490277
2.410218
2.443736
2.196995
2.137390
2.335764
2.241264
1.931689
1.849584
1.730360
1.357052
1.429796
1.847675
1.806063
1.517727
2.077997
2.223850
2.724370
2.487546
2.584411
2.446452
2.552659
2.630522
2.584004
2.433382
2.751095
2.839899
2.467419
2.566572
2.566572
2.501172
2.401558
2.848540
2.856598
2.828214
2.318442
2.637286
2.832838
2.767494
2.733767
2.373018
2.865975
2.865975
2.836888
2.664161
2.687739
2.554321
2.762617
2.706656
2.740219
2.337132
2.214683
2.701149
2.654584
2.647057
2.486367
2.578437
2.096814
2.261271
2.410218
2.309109
1.978727
1.931689
1.978727
1.788051
1.990116
1.896538
1.766300
1.722474
1.481130
1.448300
2.289436
2.310076
1.816002
2.623540
2.498760
2.598069
2.784220
2.598069
2.583133
2.745112
2.238470
2.910928
2.388908
2.999739
2.912274
2.848540
2.767494
2.729671
2.939769
2.894414
2.687739
2.793900
2.337132
2.558476
2.300187
2.545554
2.584027
2.436967
2.461029
2.450653
2.410218
2.309109
2.335764
2.381270
1.903224
1.922012
1.835519
1.849584
1.931689
1.898243
1.849584
1.728156
1.749241
1.838676
1.365095
1.867009
1.471047
2.019807
2.623540
2.663385
2.784220
2.901292
2.885680
2.854929
2.467419
2.999739
2.992312
2.950371
2.910523
2.599976
2.956091
2.871524
2.897639
2.822978
2.933316
2.687739
2.621895
2.831773
2.691542
2.719656
2.719656
2.621885
2.418009
2.692049
2.684706
2.453355
2.611168
2.634963
2.616445
2.550105
2.486367
2.550105
2.261271
2.196995
2.335764
2.335764
1.871955
2.021658
1.880532
1.631469
1.670396
1.782676
1.633336
1.599777
1.810692
2.117537
2.347111
2.381893
2.229227
2.782185
2.436140
2.338282
2.562413
2.654436
2.357163
2.901292
2.811862
2.562413
2.698859
2.698859
2.988193
2.988193
2.882489
3.023240
2.999739
3.000822
3.034148
2.944417
2.904095
2.298350
2.412949
2.855311
2.810046
2.674683
2.896216
2.901609
2.664161
2.831773
2.418009
2.644455
2.684706
2.578437
2.386807
2.221835
2.480487
2.547999
2.550105
2.161326
2.495633
2.096814
2.411821
2.101746
2.450653
2.225348
2.252565
2.118802
2.283103
2.329841
2.108306
2.021658
1.831537
1.892678
1.849584
1.637359
1.617688
1.334393
1.408114
1.429361
2.019807
1.563689
1.517727
2.241005
2.623540
2.138432
2.229227
2.194848
2.368319
2.784220
2.261228
2.592831
2.185967
2.859200
2.357163
2.807230
2.977957
2.901292
2.698859
2.979035
2.607334
2.981279
2.973697
2.273936
2.880365
2.968000
2.901688
2.952067
2.403103
2.285013
2.767494
2.869056
2.901609
2.844206
2.903081
2.901609
2.750305
2.357068
2.862121
2.621885
2.611168
2.701149
2.701149
2.743534
2.671912
2.625049
2.634537
2.544139
2.467484
2.357719
2.419290
2.349994
2.125727
2.446087
2.158406
2.158406
2.225348
2.158406
1.767943
2.057640
2.021658
2.021658
1.690093
2.024180
1.631469
1.666351
1.435916
1.514286
1.659517
1.485578
1.503634
2.355860
2.074038
2.502960
2.538285
2.611669
2.516948
2.894408
2.575531
2.304403
2.776068
2.695206
2.495485
2.436140
2.562413
3.022891
2.950342
3.138444
3.105916
2.944417
2.912070
3.074156
2.810046
2.810046
2.729671
2.971761
2.700084
2.816403
2.967825
2.969376
2.462654
2.271378
2.750305
2.418009
2.671912
2.684706
2.634963
2.502376
2.588335
2.634537
2.386807
2.421335
2.547999
2.523546
2.349994
2.395663
2.461029
2.261760
2.225348
2.372278
2.381270
2.057640
2.000826
2.000826
2.050276
1.929887
1.892678
1.892678
1.713453
1.679626
1.933964
1.685504
1.591621
1.749408
1.617688
2.246479
1.788752
2.055681
1.988335
2.753808
2.904736
2.597750
2.398610
2.504369
2.396604
3.022891
2.655267
2.577408
2.695206
2.695206
2.695206
2.341022
2.979035
3.030296
2.901688
2.918988
2.892987
2.844206
2.967825
2.494492
2.548879
2.343865
2.718350
2.788100
2.743534
2.701149
2.707132
2.590704
2.500970
2.631624
2.587950
2.292699
2.544139
2.461029
2.503967
2.513505
2.419547
2.381270
2.419547
2.313840
2.313840
2.044854
2.087044
2.128309
2.057640
2.112453
1.840219
1.806522
1.579217
1.352543
1.413782
1.357052
1.504346
1.572205
1.444389
2.015138
2.237959
2.247377
1.960376
1.988335
2.074038
2.256571
2.316194
2.547634
2.635914
2.810977
2.810977
2.703407
2.750594
2.484157
2.547634
2.382110
2.545680
2.504369
2.623003
2.439337
2.940038
2.808161
2.655267
3.064979
3.116396
2.844996
3.122888
2.992312
3.089323
3.033230
2.899477
2.883784
2.791773
3.003109
2.883784
2.740219
2.445102
2.418009
2.494492
2.494492
2.701149
2.718593
2.645088
2.635908
2.509743
2.603163
2.371433
2.509743
2.463181
2.335288
2.225052
2.188929
2.098343
2.024730
2.087044
1.980640
1.977206
1.929887
2.000826
1.933511
1.881372
1.755230
1.581161
1.316579
1.816441
2.186163
2.455755
2.341908
2.341908
2.516948
2.402063
2.278826
2.547634
2.402063
2.810977
2.481380
2.475563
2.964142
2.382110
2.504369
2.939149
2.940038
3.022891
3.138444
2.880912
3.142846
3.142846
2.897914
2.969183
2.901688
3.030296
2.928309
2.942692
2.957165
2.957383
3.165726
2.957383
2.926475
2.884993
2.818814
2.818814
2.807128
2.502376
2.462821
2.587950
2.588335
2.543353
2.024655
2.396038
2.191729
2.188929
2.221827
2.186384
2.112453
2.112453
1.728156
2.084377
1.883878
1.883878
1.883878
1.919709
1.840219
1.755230
1.635465
1.357529
1.356006
1.471233
1.304183
1.273903
1.442511
1.960376
1.770871
2.455755
2.383678
2.663484
2.881073
2.500776
2.625941
2.904736
3.084694
2.794533
3.084694
2.894408
2.964142
2.490535
2.716843
2.940038
2.899461
2.757218
2.655267
3.092101
2.923966
3.124513
3.201569
3.124513
3.116396
3.104202
3.124513
3.242728
3.205524
2.484135
2.399136
2.942692
2.991263
3.044751
2.942692
2.429356
2.831817
3.033230
3.033230
3.003109
3.027177
2.982919
2.884993
1.542037
2.883784
2.844206
2.950371
2.805498
2.818814
2.716268
2.624678
2.796983
2.743974
2.807128
2.756522
2.758006
2.631624
2.669312
2.718768
2.678015
2.143154
2.587950
2.419547
2.121386
2.099834
2.099834
2.112453
2.084312
2.017902
1.883878
1.977206
1.883878
1.724435
1.769425
1.770579
2.356288
1.989098
2.169863
2.384841
2.169863
2.255569
2.602489
2.340611
2.571095
2.625941
2.611669
2.445557
2.693731
2.704959
2.547634
2.446171
2.716843
2.704959
2.716843
2.597750
2.757218
2.623003
2.829282
2.757218
2.655267
3.044165
2.395504
3.064979
3.092914
3.173460
3.092914
3.201569
3.124513
3.246168
3.250525
3.250525
3.105916
3.227721
3.242728
3.077303
3.205524
3.077303
3.088638
3.009749
2.934776
3.068872
3.139084
3.139084
2.859386
2.831817
2.918988
2.831817
2.899477
3.029321
2.844950
2.969376
2.946088
2.874871
2.561036
2.858932
2.820127
2.727553
2.779425
2.494492
2.335795
2.555938
2.395663
2.462821
2.454993
2.349994
2.395663
2.261760
2.299786
2.061614
2.313840
2.257446
2.070481
2.128973
2.070481
2.156178
2.112453
1.988051
1.928435
2.000826
1.919868
1.840219
1.772735
1.755230
1.666351
1.690773
1.275321
1.243925
1.862575
1.535479
2.222156
2.301965
2.224575
2.399680
2.336578
2.505428
2.375706
2.255569
2.802068
2.709383
2.663484
2.709383
2.667689
3.088598
2.360965
2.939149
3.003220
3.092914
2.896536
2.919746
2.905395
2.574646
3.077303
2.386895
3.072769
3.072769
3.172463
2.901856
2.897810
2.506290
2.386414
2.777232
2.561036
2.561036
2.796983
2.401088
2.800144
2.708529
2.740569
2.718768
2.587950
2.461848
2.461848
2.634166
2.587950
2.181690
2.587950
2.454993
2.366131
2.366131
2.335288
2.188929
2.128973
2.128973
1.928435
2.157070
2.017902
2.025358
2.051337
1.789658
1.919868
1.870211
1.819150
1.686553
1.687454
1.879226
1.655909
1.502330
1.540813
1.324662
2.096808
2.241005
2.160244
1.910285
1.989098
2.422871
2.600131
2.520332
2.512280
2.024789
2.512280
3.044582
2.611708
3.008005
2.237730
2.686369
3.056900
2.439167
2.687693
2.881609
2.298778
3.021568
2.982065
3.044165
3.201636
3.092914
2.896536
3.173460
3.173460
2.878101
3.142117
3.034164
3.037001
2.936692
2.969376
3.019109
2.982919
3.019109
2.446295
2.901856
2.716268
2.833213
2.849624
2.674014
2.590704
2.689416
2.708529
2.634166
2.506447
2.229928
2.072485
2.108764
1.969636
1.865291
1.705959
1.739873
1.772735
1.806861
1.284817
1.434387
1.434387
1.461471
1.323018
1.290563
1.665232
1.899323
1.384166
2.019142
2.058115
1.985463
2.343207
2.437199
2.060461
2.112112
2.224575
2.291407
2.094540
2.299969
2.620668
2.830913
2.961987
2.802068
3.024917
3.088598
3.056900
2.878101
3.077705
2.545301
3.129030
3.089323
3.172463
3.098387
2.982919
3.003109
2.716268
2.795150
2.624678
2.517419
2.389033
2.561036
2.858932
2.858932
2.833213
2.833213
2.449670
2.555938
2.664338
2.621026
2.260163
2.543353
2.582443
2.454993
2.018086
2.041289
1.988051
1.972413
2.108764
2.108764
2.156178
2.093733
1.900298
1.819150
1.686553
1.772735
1.605343
1.627267
1.358458
1.442511
1.711338
1.706496
2.452996
2.306845
2.312571
2.342003
2.400991
2.640820
2.520332
2.753925
2.753925
2.763275
3.088598
2.888211
2.942147
3.111100
3.111100
3.139087
3.139087
2.454272
2.977775
3.250385
3.129030
3.148578
2.465289
2.508915
2.527492
3.032674
2.992035
3.059312
3.003109
3.019109
2.773697
2.887577
2.763311
2.674014
2.590704
2.674014
2.543495
2.720565
2.691553
2.739226
2.543495
2.669106
2.491585
2.491585
2.366131
2.101790
2.070481
1.928435
1.886554
2.116396
2.072485
1.962121
1.655909
1.612133
1.655909
1.559084
1.428674
1.282900
1.346409
1.164812
1.199883
1.562969
1.384166
1.924173
2.099076
2.254473
2.011312
2.221285
2.011312
2.221285
2.602489
2.294254
3.159073
2.407900
3.008005
3.227111
2.463697
3.111100
3.111100
2.485143
2.588134
3.002932
3.250385
3.238336
3.003577
3.029321
3.098387
3.032674
2.622730
2.763311
2.507355
2.298560
2.634166
2.582443
2.181690
2.480731
2.053225
2.028367
1.972413
2.222057
2.051337
2.108764
2.017011
2.074154
1.462227
1.564852
1.224303
1.400667
1.869756
1.813782
1.906755
2.437199
2.109211
2.109211
1.980200
2.448979
2.221285
2.400991
2.060461
2.400991
2.753925
2.726724
2.726907
2.770947
3.129076
3.155851
3.177884
3.155851
3.212659
3.021568
3.111100
2.804624
3.067963
2.565819
2.967196
3.238336
3.165726
3.052961
3.154394
3.032674
3.068946
2.839578
2.886809
2.546961
2.773677
2.838707
2.694415
2.737447
2.622730
2.739226
2.651659
2.582443
2.130579
2.491585
2.281971
2.218077
2.071065
2.051060
2.051060
2.005584
1.908566
1.907288
1.764512
1.728721
1.705959
1.822846
1.666708
1.752961
1.605343
1.730316
1.522327
1.251314
1.477091
1.596881
2.008298
2.057043
2.437199
2.109211
2.109211
2.453249
2.520971
2.160150
2.128164
2.500731
3.212659
3.142228
2.884632
2.527474
2.956177
3.209581
3.250385
3.209581
3.066437
2.993990
3.154394
3.205182
2.993990
3.038243
3.154394
3.104853
3.059312
3.148323
3.195110
2.380614
2.692834
2.605031
2.582443
2.669106
2.651659
2.390888
1.972413
2.136459
2.229928
1.886554
1.886554
2.068278
1.979223
1.800113
1.842898
1.702532
1.666708
1.767301
1.612133
1.477091
1.628525
1.708547
1.810656
1.968621
1.855002
1.827077
2.099076
2.285600
2.011312
2.319717
2.412718
2.448555
2.531655
2.830913
2.313453
3.159073
3.129076
2.684280
3.040642
3.323014
2.482649
3.320623
3.250385
3.032674
3.068946
3.068946
3.104853
2.829263
2.622730
2.664911
2.760349
2.593511
2.591052
2.665994
2.480731
2.480731
2.582443
2.258419
2.068278
2.220757
2.152058
2.138184
2.087504
1.930930
1.979223
2.008035
1.818145
1.579515
1.739667
1.735182
1.487890
1.199883
1.250069
1.962999
2.049200
2.073812
1.953134
2.385275
1.879221
1.984141
2.397129
1.984141
1.981193
2.633663
2.631135
2.884151
2.895262
2.767765
3.248051
3.248051
3.263610
3.248051
2.775433
2.815410
2.977198
3.015150
2.799283
3.270992
2.967196
2.979378
3.038861
3.052961
2.858450
3.052961
3.195110
3.122338
3.077029
2.601964
2.575204
2.586957
2.586957
2.749817
2.609217
2.159141
2.609217
2.175521
2.175521
2.199138
2.175938
1.990713
2.031825
2.087504
2.110483
1.944342
1.800113
1.767301
1.907288
1.674583
1.653069
1.618722
1.506620
1.493304
1.470736
1.188416
1.538612
1.666318
1.759387
1.739166
1.878550
1.878550
1.549947
1.648586
2.296300
1.762420
2.450739
2.367679
2.371189
2.057043
2.385275
2.047275
2.416432
2.437199
2.140481
2.227019
2.313453
2.388446
2.448353
2.564228
2.594403
3.214210
3.034662
3.323014
3.320623
3.270523
3.017518
3.238336
2.950776
3.038861
3.101527
3.204813
2.873473
3.036383
3.137260
3.078851
2.829263
2.764064
2.664911
2.721467
2.721467
2.466477
2.075643
2.175521
2.152058
2.084842
2.224228
2.199138
2.146865
2.087504
2.031825
1.818145
1.998363
1.767301
1.721602
1.807187
1.917560
1.854560
1.739667
1.653069
1.653069
1.612133
1.489203
1.530128
1.199970
1.143865
1.392986
1.422176
1.783344
1.826245
1.739166
1.867610
2.103893
2.034917
1.973112
1.766339
2.240206
1.923604
1.953134
2.319717
2.367679
2.202542
2.771803
3.319777
2.726724
2.581937
3.248051
2.639096
2.572248
2.815410
2.627705
2.693324
2.858433
2.627705
2.712149
2.778040
3.134702
3.214210
2.935322
2.876233
3.298094
3.298094
3.130961
3.217114
2.575204
2.694669
2.764064
2.797042
2.708828
2.685382
2.413753
2.565162
2.466477
2.587477
2.466477
2.335628
2.435341
2.267361
2.299359
2.199138
2.211635
2.211635
2.115620
1.822668
1.903528
2.138184
2.038018
2.067689
2.145468
1.810183
1.943186
2.046332
1.770842
1.705959
1.814422
1.794042
1.828089
1.631342
1.627130
1.679328
1.622829
1.659839
1.631164
1.487890
1.452420
1.617190
1.759387
1.968047
1.765167
2.280477
2.074317
2.147889
1.994497
2.336445
2.345385
2.439252
1.981193
2.355785
2.444164
2.884151
2.959436
2.334277
3.102046
3.106856
2.450046
2.627941
2.544775
2.704273
2.769564
2.471272
2.806571
2.487085
2.588134
2.671959
2.712149
3.374880
3.430013
2.876233
2.803917
3.211639
3.184197
3.382517
2.643667
2.527492
3.254663
2.502802
2.791416
2.783824
2.732129
2.708828
2.689094
2.708931
2.346176
2.352221
2.630063
2.515452
2.162575
2.220467
2.253303
2.280073
2.122869
2.244065
2.175521
2.267361
2.162740
2.122869
2.152058
2.225868
2.003887
1.801296
1.721602
1.721602
1.922994
1.562516
1.653069
1.530128
1.528587
1.536706
1.432690
1.622829
1.426076
1.470736
1.250442
1.133163
1.369277
1.250069
1.586534
1.499512
1.847459
1.596247
2.179395
2.028912
1.804121
1.872080
1.994497
1.994497
2.221946
2.382205
2.300293
2.142234
2.858312
2.334277
2.272927
2.202542
3.245860
2.766711
3.193699
2.533448
3.265527
3.391152
3.430013
2.721580
2.938057
3.237284
3.174544
2.873473
2.831272
2.783824
2.702350
2.498579
2.783824
2.430010
2.803689
2.777940
2.665994
2.694596
2.609217
2.557963
2.609217
2.630027
2.617227
2.404697
2.305291
2.304115
2.122869
2.122869
2.145468
2.145468
1.866827
1.908566
2.042152
1.770842
2.042152
1.928872
1.928872
1.943186
1.814422
1.542300
1.532987
1.390947
1.488530
1.513754
1.213707
1.188121
1.046025
1.307263
1.754490
1.973112
1.870581
1.935755
1.935755
1.847459
2.049014
2.245409
1.831280
1.938851
2.418562
2.495548
2.142234
2.095694
2.985661
2.857903
2.731906
2.910212
3.059096
3.071848
2.940911
3.080758
2.703104
2.534408
2.866215
3.009317
2.972533
3.347558
3.296350
3.144741
3.112450
2.643667
2.702350
2.686267
2.599021
2.686267
2.599021
2.387640
2.237087
2.324776
2.242235
2.328733
2.241834
2.241834
2.043375
2.031825
2.146429
2.013567
1.895314
1.829754
1.711490
1.683741
1.776530
1.705826
1.728884
1.629145
1.593634
1.566494
1.513754
1.299616
1.704872
1.513782
1.847459
1.870581
1.951367
1.973112
2.080020
1.994497
2.102396
2.102396
2.416432
3.060731
2.691259
2.985661
3.319777
2.626008
2.714806
3.078203
3.213717
3.541935
3.541935
3.430013
3.193699
2.951312
3.048411
2.944261
3.009317
2.866215
2.784035
3.342162
3.347558
3.249466
2.783824
2.686267
2.715029
2.826353
2.749564
2.784367
2.725861
2.404540
2.621977
2.706144
2.418858
2.580666
2.617227
2.714881
2.630063
2.416607
2.312001
2.528913
2.354818
2.538764
2.295261
2.309270
2.319910
2.339419
2.242235
2.313143
2.349128
2.069659
2.241834
2.138598
1.988130
1.992398
1.917790
1.943186
1.678484
1.825932
1.689497
1.489203
1.002800
1.301537
1.383554
1.905224
1.687813
2.102396
1.872080
2.280092
1.865436
1.739629
2.307514
2.479507
2.280477
2.346061
2.077727
2.095694
2.095694
2.895262
2.985661
3.256801
3.284216
3.284216
2.927266
3.080758
3.261880
3.497667
2.887596
3.384740
3.127335
2.854377
2.643667
3.164339
3.205656
3.277227
3.168672
3.277227
2.704993
2.742420
2.783824
2.686267
2.790530
2.715029
2.934220
2.519975
2.599021
2.580666
2.582890
2.582890
2.652138
2.491644
2.416610
2.376296
2.328733
2.426017
2.250046
2.349038
2.349038
2.201356
2.012391
1.855374
1.716771
1.676071
1.540957
1.531859
1.635279
1.531294
1.456939
1.537687
1.724775
1.800544
1.805832
1.741601
1.835320
1.591594
1.968476
1.948406
1.835320
1.714480
2.273240
2.323025
2.245409
2.307514
2.483493
2.466508
2.386634
2.418562
2.416432
2.957134
3.062141
2.745301
2.887816
2.921122
3.548261
3.541935
3.079279
3.430013
3.079253
3.384740
2.887596
2.887596
2.914550
3.130961
3.062744
3.217114
3.101640
2.740500
2.811862
2.908009
2.908009
2.857627
2.702350
2.735440
2.735440
2.803689
2.858703
2.934220
2.772461
2.772461
2.622758
2.803493
2.622758
2.677501
2.689094
2.767045
2.746224
2.578010
2.404540
2.432854
2.318608
2.219325
2.051023
2.093604
2.003887
1.855374
1.922735
1.817042
1.719641
1.770343
1.678484
1.705348
1.822467
1.561811
1.587531
1.426076
1.456939
1.468020
1.400542
1.103838
1.395533
1.465956
1.582823
1.631465
1.756990
1.694376
2.331393
2.451674
2.479507
2.483493
2.483493
2.047899
1.988877
2.077727
1.988877
2.077727
2.517916
2.545979
3.336199
2.691733
2.612957
2.921122
3.071611
3.318934
3.548261
3.387206
2.546123
3.070668
2.925008
2.730260
2.761763
3.384740
3.277227
2.751760
3.034755
2.914550
3.034755
3.164339
3.127335
3.384740
2.729994
3.113518
3.168672
3.145620
2.601964
2.506748
2.652641
2.649423
2.619381
2.833940
2.786598
2.762812
2.697876
2.666233
2.666233
2.541716
2.434029
2.313143
2.222660
1.963115
1.963115
2.051023
2.008597
1.870706
1.719641
1.719641
1.814422
1.705348
1.689497
1.524849
1.412770
1.374238
1.082842
1.430339
1.656887
1.540749
1.619543
1.775496
2.198528
2.198827
1.790435
2.305927
2.427333
2.509615
2.496087
2.027056
2.596266
3.293887
2.761407
3.588209
3.137614
2.932430
3.207340
3.247270
3.205656
2.734891
2.537517
3.012735
2.998093
3.040637
2.908009
3.020684
2.934220
2.908009
2.778125
2.857627
2.858703
2.645921
2.942185
2.534630
2.697864
2.453542
2.783514
2.544864
2.582890
2.466845
2.664658
2.256110
2.463478
2.381551
2.434972
2.549083
2.233731
2.258677
2.143574
2.222660
2.014264
1.984762
1.696456
1.175092
1.227809
1.445701
1.591594
1.540749
1.480765
1.606171
1.741601
1.739629
2.310806
2.257725
2.229789
2.460362
2.460362
2.503030
2.343127
2.503030
2.893797
2.701774
2.767765
3.063239
3.124003
2.957134
3.218605
3.218605
3.193953
2.580895
2.729312
3.588209
3.397011
2.946197
3.509969
3.497667
3.210480
3.548261
3.558005
2.784500
2.790533
2.941797
3.182738
2.772149
3.355942
3.304610
3.020684
2.786598
2.706144
2.648705
2.653798
2.432987
2.762812
2.784200
2.652138
2.544137
2.549083
2.662104
2.426617
2.434972
2.367388
2.131159
2.322337
2.064274
2.192948
1.885583
1.770343
1.855374
1.795508
1.591900
1.617061
1.480267
1.327436
1.339293
1.073397
1.040219
1.138916
1.076943
1.129157
1.551857
1.304772
1.836781
1.480765
1.405089
1.324958
1.687813
1.756990
1.496068
1.978052
2.102495
1.836781
1.984291
1.768996
2.503030
2.509615
2.479507
1.909114
1.909114
2.574860
2.731391
3.124003
3.193953
2.695340
2.524405
2.729312
2.691733
3.213717
2.934788
3.587232
2.927266
3.483297
2.788264
2.714540
2.738326
3.070668
3.399550
3.399550
3.399550
2.937138
3.355942
2.937138
2.556653
3.278758
3.168983
3.173492
2.807498
3.123265
2.493395
3.054681
2.997341
2.723621
2.593756
2.795130
2.896329
2.640062
2.897852
2.738719
2.612144
2.725151
2.735440
2.784200
2.356526
2.584030
2.577060
2.544864
2.611552
2.615386
2.143493
2.004733
1.984762
1.862623
1.885583
1.534248
1.625162
1.019176
1.103118
0.960273
1.349826
1.463346
1.480765
1.480765
1.412493
1.863481
1.756990
1.984291
1.979526
1.660118
1.790435
1.909114
2.633359
2.327007
2.397501
2.381065
2.440691
2.464933
2.893797
2.893797
2.842391
2.838012
2.620570
3.193953
3.587232
3.588209
3.070782
3.334769
3.212776
3.495809
2.786104
3.137614
3.137614
3.306046
3.222102
2.906252
2.535549
2.531166
3.020684
2.928538
3.020684
3.008739
2.967122
2.967122
2.934220
2.645921
2.833108
2.897852
2.723771
2.593563
2.674685
2.540672
2.432609
2.544864
2.674685
2.786479
2.549083
2.535471
2.328902
2.435972
2.549083
2.280512
2.138890
2.111566
2.012638
1.963115
2.088238
1.862623
1.983899
1.983899
1.598956
1.401635
1.004986
1.395533
1.535246
1.577757
1.508770
2.001921
2.002516
1.660118
2.198827
1.909114
2.270649
2.327007
3.583970
3.583970
3.068177
3.583970
3.588209
3.583970
3.415823
3.213618
3.580302
3.324861
2.775482
2.786104
2.925008
3.405206
3.364964
3.168836
3.173492
2.556653
2.570542
2.884765
3.040637
3.054681
2.949998
2.725151
2.904737
2.712694
2.670367
2.472484
2.143493
2.111566
1.978969
1.951829
1.834682
1.846783
1.893844
1.667912
1.679629
1.767672
1.466069
1.668886
1.150725
1.551857
1.541911
1.667550
1.592794
1.667550
1.544257
2.002516
1.995216
1.865766
1.651493
2.305927
2.321654
2.509615
2.468336
2.646710
2.837695
3.012337
3.124003
2.648437
3.558464
3.581743
3.544395
3.583658
3.507677
3.505709
2.914043
3.070668
3.168333
2.579555
3.156094
3.078209
2.768913
2.685806
3.054681
2.991959
2.991959
2.833108
2.784200
2.493600
2.593563
2.666713
2.472484
2.670367
2.584030
2.473147
2.383364
2.213624
1.983899
2.041215
1.810031
1.610277
1.586504
1.354339
1.384179
0.963432
0.923253
1.265525
1.313140
1.508770
1.431217
1.313140
1.865766
1.758009
1.888901
1.888901
1.883067
1.995216
1.995216
1.678806
1.590054
1.598426
2.485221
2.687697
2.522379
2.491776
2.762516
2.837695
2.990128
3.558464
3.522192
3.546824
3.563894
3.610879
3.079715
3.168333
3.168333
3.168333
3.266057
2.793972
3.222347
2.937138
3.222347
2.977327
3.229166
2.906252
3.176725
3.103319
3.062047
2.987196
3.040637
2.438960
2.623766
2.896329
2.593563
2.718071
2.674685
2.521485
2.790840
2.790840
2.661491
2.546930
2.546930
2.188226
2.265606
2.233731
2.237911
2.128615
2.111566
1.832224
1.919330
1.699049
1.515503
1.466069
1.510142
0.903808
0.976625
1.375885
1.475608
1.460095
1.783135
1.764571
1.446706
1.509840
1.875900
2.113374
2.254000
2.271894
2.676458
2.676458
2.531811
2.626832
2.510125
2.565975
2.620570
2.589997
2.519560
3.558464
3.583658
3.558464
2.694612
2.914043
3.214770
3.516139
3.421371
2.935889
2.749201
2.775084
3.053369
2.930950
2.761763
2.814425
3.196062
3.364964
3.364964
3.235475
2.851006
3.083598
2.485498
3.109350
3.135904
3.076719
2.762619
3.076393
2.864841
2.861529
2.790840
2.521485
2.738305
2.127795
2.127795
2.127795
2.141682
2.109790
2.085720
1.951829
1.963598
2.039058
1.802073
1.810031
1.817289
1.699049
1.701027
1.693995
1.693995
1.695600
1.695600
1.581685
0.856813
0.903808
0.923253
1.090450
1.170420
1.431862
1.230433
1.508770
1.431862
1.767958
1.423962
1.777569
1.777569
1.985120
1.994967
1.853082
1.590054
1.525557
2.198827
2.207027
2.285469
2.340464
2.290848
2.532213
2.522379
2.532213
3.524197
2.584609
2.857703
3.437944
3.313909
3.583658
3.051965
2.704846
2.814425
3.125613
2.977327
2.545717
2.471556
3.086979
3.076393
2.985027
2.921987
3.076719
2.821467
2.991959
2.904438
2.991959
2.904737
2.511182
2.904737
2.772302
2.593563
2.623766
2.738305
2.546930
2.664284
2.141682
2.168177
2.125256
2.227930
1.892245
2.043554
2.076837
1.919330
1.919330
1.798180
1.817289
1.802073
1.754570
1.695600
1.515503
1.508986
1.499615
1.466198
1.414022
1.377155
1.377155
0.937267
0.989156
1.050588
1.389158
1.117288
1.385137
1.322026
1.666857
1.337227
1.313140
1.689833
1.675623
1.865766
1.885337
1.980191
1.598426
2.131177
2.346129
2.321654
2.537118
2.364025
2.584470
2.646710
2.476755
3.391174
3.391174
3.486953
3.051159
3.036010
3.248840
3.406608
3.051159
3.194205
3.297561
3.283655
2.547756
2.571166
3.281908
3.099520
3.000520
3.151322
3.135904
3.130193
3.008739
2.927941
2.811040
2.511182
2.772302
2.701152
2.701152
2.335620
2.474457
2.380165
2.329456
2.312547
2.238847
2.151627
2.177387
2.113005
1.953427
2.039058
2.141682
2.125256
1.703046
1.897859
1.919330
1.915184
1.660024
1.682385
1.558653
1.471551
1.528730
1.662509
1.491421
1.334678
1.453316
0.903416
0.937267
1.179561
1.345611
1.345611
1.292193
1.570157
1.254236
1.254236
1.688564
1.349087
1.891852
2.157825
2.285469
2.259344
2.377125
2.537118
2.557134
2.557134
2.557134
3.324576
3.391174
2.640561
3.505052
3.051965
2.764995
3.261123
3.261123
3.406608
3.268560
2.554681
3.147547
3.147547
2.571166
2.525688
2.525688
3.232737
3.109350
3.164881
3.151322
3.086979
2.974042
2.821467
2.405215
2.285871
2.478689
2.623766
2.507771
2.507771
2.805346
2.354559
2.303640
2.428007
2.137997
2.227930
2.224080
2.295192
2.176355
2.127702
2.020027
1.810575
1.802073
1.799258
1.695600
1.772104
1.701027
1.496586
1.005613
1.181046
1.375885
1.297081
1.167059
1.484312
1.397291
1.236209
1.431862
1.431862
1.378805
1.689833
1.762156
1.888563
1.864022
1.864022
2.241470
2.241470
2.417212
2.553055
3.324576
2.519560
2.524405
3.260427
3.439450
3.496854
2.837444
2.884490
3.195866
3.551362
3.499508
3.551362
2.507803
2.769423
2.520770
2.766906
2.725425
2.892651
2.920470
3.439208
3.162333
3.343810
3.331854
3.283655
3.223531
3.223531
2.794627
2.649797
3.148564
3.213696
3.245918
2.758283
2.624637
3.130193
2.921987
2.478689
2.478689
2.478689
2.466208
2.404148
2.399296
2.316622
2.399296
2.278465
2.310625
2.225334
2.224080
2.071647
1.784552
1.810575
1.816308
2.019445
1.853168
1.911240
1.714174
1.799349
1.802073
1.719962
1.587344
1.747112
1.505509
1.581685
1.505509
1.423912
0.877377
1.005613
1.051642
0.930388
1.051642
1.214796
1.297081
1.167059
1.211235
1.167059
1.176744
1.214796
1.292193
1.592592
1.663205
1.678205
1.777569
1.864022
1.762156
1.365511
1.435642
1.864022
2.012909
2.207027
2.377125
2.553055
2.395900
3.324576
3.441539
2.561278
3.408305
3.517007
3.531017
2.730306
2.544028
3.027203
3.051159
2.509130
3.361781
3.152380
3.194969
3.089154
3.213696
3.089154
3.034781
3.079210
2.921987
3.180229
2.805346
2.707386
2.494291
2.367390
2.380165
2.238847
2.216799
2.113005
1.874512
1.876419
1.772104
1.532501
1.527428
0.882682
0.839624
0.882205
1.298862
1.152938
1.152938
1.395045
1.152938
1.405668
1.384661
1.485741
1.491706
1.402161
1.292193
1.196384
1.196384
1.596291
1.684226
1.677166
2.241470
2.402602
2.379879
2.463391
3.187797
3.298708
3.342027
2.742162
2.898296
2.993867
2.555255
3.153685
3.406608
3.248840
3.507345
3.507345
3.414199
2.512614
3.439208
3.223531
3.238639
3.161612
2.613661
3.238639
3.265122
2.716833
2.592241
2.758283
2.485498
2.881042
3.175314
3.182683
2.894316
2.894316
2.781515
2.781515
2.573251
2.510206
2.666562
2.577615
2.169793
2.617579
2.523553
2.494291
2.404148
2.428007
2.380165
2.295192
2.345991
2.325047
2.333310
1.933573
2.238028
2.082833
2.002152
1.845564
1.794176
1.687451
1.684831
1.473953
1.560875
1.090450
0.943286
1.152938
1.108066
1.108066
1.214796
1.384661
1.485741
1.577570
1.200100
1.559294
1.650695
1.743450
1.762156
1.776761
1.776761
1.871651
2.264058
2.280769
2.184152
2.395900
2.460068
3.187797
3.400899
3.189758
3.130867
3.421928
3.489953
3.449200
3.449200
2.677394
2.898296
3.115505
3.067279
2.803555
3.248840
3.499027
3.501175
3.565200
2.981707
2.474405
3.213696
3.238639
3.213696
3.238639
2.827561
2.716833
2.987831
3.083172
2.778087
2.839134
2.894316
2.894316
2.885372
2.885372
2.911038
2.298710
2.403404
2.880701
2.715777
2.599373
2.465163
2.088810
2.345991
2.496016
2.259808
2.340495
2.340495
2.230577
2.336693
2.238028
2.293306
2.200351
1.971492
1.960004
1.960004
1.799349
1.777302
1.606778
1.556050
1.556050
1.570384
1.453316
1.447993
0.856813
0.941960
1.108066
1.305742
1.152938
1.176744
1.315495
1.405668
1.073823
1.152938
1.474422
1.506143
1.537573
1.474422
1.681831
1.442611
1.442611
1.765502
1.769451
1.995140
2.223006
2.244044
2.069859
2.264058
2.417212
2.392366
2.981076
3.130507
3.050397
3.234778
2.439459
3.285380
2.788035
2.953233
3.248807
3.295938
3.445455
3.014661
3.449200
2.703468
3.115505
2.555255
3.509563
2.555255
3.320035
3.299762
3.299762
3.205721
3.507345
3.550038
3.464285
3.550038
3.190756
3.414199
3.345679
3.308261
3.345679
2.471548
2.987831
2.818194
2.807116
2.624939
2.624939
2.523553
2.426447
2.345991
2.423937
2.428007
2.444578
2.293306
2.157954
1.982674
1.777302
1.788950
1.777509
1.661793
1.558653
1.570148
1.545590
1.590098
0.836323
1.206476
1.292028
1.298862
1.384661
1.502966
1.474422
1.384661
1.150423
1.650695
1.673036
1.776761
1.631038
1.650695
1.743450
1.442611
1.532077
2.268426
2.392282
2.541561
2.104262
3.253158
3.331993
2.837444
3.420933
2.712806
2.661843
2.969045
3.348483
2.540864
2.546954
3.464285
2.716833
3.165039
3.191715
2.727640
3.182683
2.430717
2.671466
2.894316
2.885372
2.673740
2.807116
2.666562
2.712951
2.464627
2.429401
2.411536
2.378227
2.066472
2.230577
1.871194
1.964818
1.897506
1.799258
1.857190
1.669313
1.669313
1.560875
1.560875
0.837020
1.095479
1.274257
1.187513
1.187513
1.315032
1.358107
1.446148
1.150423
1.510873
1.417593
1.562590
1.631038
1.542037
1.436525
1.359944
2.029462
2.141147
2.264058
2.406829
2.106943
2.288445
2.417212
2.401963
2.199131
2.219975
2.432314
3.285380
3.172777
3.197132
3.130867
2.607995
3.248807
2.520770
2.661843
2.874447
2.874447
3.250324
3.048913
3.152380
3.244516
3.343037
3.206204
2.613661
3.265122
3.357847
3.281723
2.627386
2.764256
2.830112
2.899502
2.366095
2.238863
2.745343
2.624939
2.464627
2.495507
2.547036
2.216313
1.912065
2.094090
2.325029
2.241230
2.322098
2.305718
2.204434
2.106045
2.027385
2.104313
1.982674
1.711462
1.753210
1.596064
1.567492
1.613938
0.808775
0.859653
1.192665
1.000903
1.264618
1.417593
1.327894
1.358107
1.134708
1.358107
1.417593
1.446148
1.446148
1.446148
1.510873
1.678966
1.631038
1.659561
1.871651
2.110556
2.135718
2.288445
2.229457
2.320394
2.337677
3.079654
3.077615
3.260896
3.116050
3.000359
2.884146
2.739597
3.332693
2.969045
3.192558
3.320035
3.229303
3.447992
3.274348
3.251150
3.102433
3.196331
3.319556
3.266833
3.266833
3.161612
2.667743
3.191715
2.509406
2.372980
2.715777
2.696427
2.813607
2.243448
2.429401
2.424044
2.241230
2.207549
2.106045
1.899487
1.800661
1.866310
2.027385
1.976184
2.084867
1.977839
1.705824
1.944253
1.862111
1.641455
1.641455
1.631219
1.102608
1.221910
1.145296
1.417593
1.417593
1.417593
1.593905
1.594465
1.436525
2.156683
2.173658
2.268426
2.141777
2.288445
2.316860
2.283252
2.831634
2.938134
2.938134
3.050397
3.096609
2.938134
2.518428
2.685646
3.260896
3.248297
3.139402
3.016319
2.819393
3.287343
3.274348
3.287343
3.526234
3.514691
2.601059
3.251150
3.102433
3.343037
3.343037
2.576457
3.266833
3.266833
2.667743
3.104761
2.968508
3.212159
2.731493
2.764256
2.674850
2.243898
2.308400
2.728608
2.510806
2.356644
2.182372
2.289767
2.054176
2.027385
2.091994
1.962845
1.869354
1.736341
1.751779
1.629332
1.111471
1.173817
0.949331
1.243251
1.327894
1.578640
2.110556
2.135718
2.244044
2.281357
2.233138
2.343562
2.383775
2.369236
2.921058
2.634758
2.685646
2.739597
2.561278
2.575412
3.225688
2.888951
2.764934
2.679111
3.287343
2.501387
2.435146
2.486129
3.200093
3.155726
2.714579
3.442889
3.343037
3.442889
3.365905
3.264618
2.550526
3.284257
2.509406
2.376117
2.681120
2.603942
2.175515
2.596136
2.618648
2.412625
2.429401
2.525733
2.015054
2.422687
1.896866
1.873603
1.912325
2.014473
1.971492
1.820000
1.629332
0.851541
0.905424
1.011427
0.920268
1.079037
1.145296
1.170784
1.081613
1.322825
1.223376
1.192665
1.010970
1.327894
1.416958
1.885322
1.522199
1.527916
2.054995
2.152591
2.165679
2.831634
2.938134
2.778593
2.938134
2.457201
3.017436
2.873100
2.868608
2.831659
3.000359
2.868390
2.476657
2.679111
3.217528
3.447992
3.514691
3.030698
3.030698
3.444870
3.394860
3.361781
2.451048
3.166391
3.120526
3.204072
2.898067
2.437424
2.549767
2.549767
2.813607
2.697169
2.372870
2.712623
2.720550
2.588877
2.439579
2.579028
2.473933
2.531001
2.245179
2.151725
2.601065
2.510806
2.160048
2.059053
2.041008
1.975661
2.046258
2.155231
1.991210
2.027385
1.822744
1.820000
1.931272
1.748487
1.664168
1.633369
1.596064
0.820407
0.803048
1.134006
1.081613
1.215273
1.215273
1.240582
1.215273
1.413910
1.500592
1.502704
1.204525
1.344230
1.729992
1.504570
1.834666
1.729272
1.929572
2.778593
2.331410
2.946754
2.477970
2.698398
3.121006
3.064659
2.742492
2.698398
3.017241
2.397860
2.474818
3.153046
3.225688
2.471389
2.969045
3.217528
3.369436
2.995935
3.067279
2.995935
3.444870
3.102433
3.374877
3.309932
2.489575
2.727640
2.579028
2.473933
2.697169
2.296230
2.518882
2.612474
2.509657
2.509657
2.140489
2.235278
1.827301
1.822744
1.894549
1.786394
1.786394
0.803048
0.920268
0.984895
1.048951
0.984895
1.081613
0.984895
1.145296
1.330695
1.270806
1.758123
1.658475
1.984555
2.141777
2.080749
2.152591
1.522199
2.069859
2.152591
2.152591
2.152591
2.069859
1.993243
2.016422
2.812256
3.079654
3.024544
2.975936
2.571124
3.210359
2.819902
3.062007
2.459443
3.225688
3.188998
2.614745
3.217528
3.448736
3.083844
3.008246
3.118926
2.359861
2.504614
2.616271
2.246857
2.376117
2.437424
2.662988
2.151725
2.588877
2.204725
2.386283
2.285515
2.510474
2.109602
2.325029
2.169255
2.285995
1.925735
2.109602
2.014473
2.039804
1.827985
1.748487
0.785143
1.012074
0.984895
1.405682
1.314575
1.210191
2.180515
1.834666
2.624170
2.680971
2.624170
2.680971
2.390102
2.606243
2.606243
2.508114
3.022390
3.329984
3.448736
2.896250
2.604998
3.444870
3.374877
3.309932
3.236382
2.346391
2.410163
2.436873
2.436873
2.804679
2.299846
2.284950
2.662988
2.697169
2.672559
2.058990
2.285515
2.501572
2.296230
2.402452
1.958766
1.906104
2.059053
1.952517
1.857203
1.748487
0.828566
0.920733
1.026818
0.984895
1.223376
1.229447
1.013579
1.130696
1.133377
1.144965
1.975704
1.425815
2.054995
1.499273
1.614175
1.929572
2.176646
1.993243
2.086527
2.157122
2.778593
2.716961
2.510025
2.696328
2.921058
2.786807
2.872619
2.871539
3.083673
3.046869
3.153046
2.558554
2.628522
2.814139
2.895112
2.764934
3.313179
3.217528
3.130628
3.043447
3.138973
3.138973
3.022390
3.326293
2.808841
2.774644
2.708489
2.437424
2.578303
2.345581
2.026575
1.857203
2.014473
2.086257
2.164500
1.129127
0.881526
1.138999
1.136626
1.067802
1.076300
1.472006
1.475827
1.569173
1.845481
1.715127
1.330695
1.975704
2.120288
2.014359
2.073220
2.120288
2.128873
1.601309
2.176646
1.816154
1.814989
2.624170
2.624170
2.316725
2.733501
3.066208
2.769372
2.487699
2.565559
2.730410
2.559289
2.459443
3.046869
3.046869
2.471626
3.206233
2.817285
2.459151
2.941653
3.378455
3.444870
2.510474
2.537507
2.463056
1.925735
0.794419
0.920733
0.944198
1.643713
1.628530
1.752283
2.028781
2.128261
2.120288
2.064117
2.054526
2.227602
2.668175
2.641515
2.774863
2.571124
2.760840
2.853525
2.820064
2.394611
2.413156
2.459443
3.006961
2.956574
3.126662
3.031180
2.941653
3.127251
3.259818
2.370269
3.326293
2.421097
2.366235
2.275604
2.158066
2.489575
2.843840
2.149379
2.879539
2.843840
2.822806
2.791264
2.227350
2.204725
2.707570
2.243448
2.112572
2.047916
2.049211
1.045809
1.127365
1.183136
0.947190
1.059531
1.318626
1.210584
1.504571
2.105393
1.911719
2.554854
2.086527
2.272083
2.272083
2.769372
2.667389
2.546835
2.623471
2.515180
2.696328
2.830418
2.920279
2.678901
2.432423
3.043447
2.818458
3.258015
3.181046
2.905075
2.839041
2.926295
2.730412
2.822806
2.750468
2.676330
2.591917
2.662988
2.200928
2.204725
2.443216
2.443216
2.170547
0.814007
1.195390
1.291860
1.257516
1.275231
1.408355
2.566333
2.654751
2.707018
2.794901
2.319057
2.316725
2.364846
2.722324
2.373121
2.901775
2.435530
2.690796
2.707084
3.023988
3.039948
2.934778
3.127251
2.927894
2.408842
2.376332
3.378455
2.760665
3.042217
2.970774
2.730918
2.843840
2.708489
2.227350
2.790091
2.665226
2.773385
2.194899
2.432416
2.320043
2.205755
2.096260
2.076830
2.264023
2.232393
0.785143
1.252588
1.217257
1.371641
1.272745
1.110575
1.310964
1.130696
1.559084
1.262975
1.449341
1.561540
1.676262
1.399450
1.548937
1.636276
1.636276
1.876832
1.822927
1.947812
1.962276
2.097503
2.097503
2.097503
1.816154
2.518173
2.518173
2.361413
2.518173
2.539610
2.170264
2.579330
2.138477
2.138477
2.629018
2.525478
2.546835
2.355058
2.299592
2.271562
2.300445
2.463452
2.707084
2.432423
2.823037
2.823037
3.279543
3.157245
3.108463
3.221200
3.264858
2.273047
2.305045
2.809860
2.830383
2.683121
2.683663
2.806805
2.518273
2.537507
2.306795
2.204725
1.031983
1.103614
1.009163
1.291860
1.387512
1.387191
1.235711
1.371641
1.537883
1.557923
1.399450
1.310964
1.515743
1.583976
1.617398
1.653273
1.388628
1.395358
1.736502
1.833094
1.395358
1.487460
1.975704
1.947812
1.999050
1.577814
2.020026
2.138477
2.086527
2.266020
2.629018
2.431432
2.681191
2.484283
2.484283
2.546835
2.701994
2.732841
2.726995
2.800950
3.006961
2.901775
2.901775
3.083673
2.602288
2.809579
2.493821
3.023988
3.300636
3.258015
3.264858
3.263167
2.760665
2.702397
2.730918
2.678912
2.700908
2.125954
2.391580
2.082603
2.188230
2.213725
0.922457
1.006218
1.083924
1.235712
1.152174
1.470157
1.472006
1.346347
1.383708
1.289173
1.463674
1.419063
1.346262
1.319540
1.537883
1.736502
1.660616
1.597402
1.308409
1.388628
2.058587
1.678121
1.783503
2.361413
2.486892
2.222221
2.061266
2.153541
2.303948
2.276915
2.530249
2.571768
2.588476
2.395106
2.722324
2.701994
3.023988
2.804537
3.102348
3.279543
3.257279
2.140086
1.847383
2.236454
2.838835
2.094412
2.149379
2.806805
2.783255
2.620992
2.194899
2.545755
2.391580
0.812210
0.761383
1.065610
1.123436
0.903156
1.219000
1.195909
1.289173
1.235711
1.456250
1.392717
1.399450
1.470157
1.567438
1.740490
1.697212
1.658180
1.720822
1.632306
1.504571
1.711029
1.783491
1.812604
1.799225
2.097503
2.003380
1.978151
2.045072
2.446280
2.496497
2.739542
2.343345
2.422032
2.579193
2.321983
2.873731
3.023988
2.894047
3.131321
3.029860
2.211652
2.606364
2.802457
3.173255
2.997701
2.760665
2.736966
2.809860
2.705639
2.146360
2.194155
0.785143
0.903754
0.834267
0.804052
1.056440
0.971362
1.123436
1.107285
1.178568
1.681889
1.573704
1.686174
1.719780
1.799225
1.551937
2.361413
2.099140
2.151601
2.396508
2.360273
2.232273
2.774863
2.300445
2.422032
2.369015
2.484882
2.579193
2.911904
2.321983
2.379423
3.131696
3.258015
3.207637
3.082146
2.915439
2.362809
2.171963
0.829944
0.961608
1.161678
1.096200
1.545625
1.631957
1.533387
1.473590
1.548130
1.389464
1.911386
2.020889
1.756335
1.756335
1.864100
2.045818
2.020889
2.073220
1.927861
2.414794
2.131082
2.066306
2.118621
2.410513
2.470878
2.628358
2.739542
2.399879
2.399879
2.693681
2.599852
2.873731
2.951728
2.873731
2.243814
2.606364
2.702397
2.236454
2.429928
2.700908
2.705639
2.327256
2.265432
0.936132
0.813359
1.029511
1.195442
1.564185
1.390040
1.473590
1.628530
1.731038
1.573704
1.837084
1.833197
2.414794
2.479821
2.479821
2.092145
2.303948
2.471183
2.446280
2.360699
2.153798
2.219201
2.238080
2.739542
2.587057
2.229928
2.484882
2.305014
2.793245
2.731962
2.716228
2.873731
2.939934
3.102348
3.131696
2.623358
3.082146
2.702397
2.113106
2.152843
2.911582
2.131899
2.484092
2.758675
2.065054
1.096200
1.207837
1.256012
1.317196
1.378351
1.534892
1.693488
1.231416
1.245650
1.804626
1.675039
2.020889
1.876832
1.789855
1.985757
1.598141
1.705857
1.743455
2.361413
2.293846
2.011725
2.169330
2.385826
2.530249
2.475578
2.067361
2.067361
2.273150
2.343345
2.473505
2.551901
2.677189
2.731962
2.248845
2.693681
2.909019
2.948763
3.025481
2.908288
2.915396
3.090939
2.091935
2.157259
2.139041
3.032227
2.665712
2.629525
2.472267
2.534462
2.822841
2.076654
2.096534
2.190904
2.232190
0.804052
1.164230
1.164230
1.231416
1.664852
1.679402
1.798995
1.814493
1.776103
1.822847
1.365671
1.443386
1.879016
1.989358
2.489670
2.383442
2.067361
2.088628
2.621647
2.577737
2.558793
2.118090
2.117814
2.587057
2.587057
2.587057
2.306752
2.551901
2.493646
2.716228
2.657961
2.275152
2.207303
2.234786
2.887289
2.606364
2.055493
2.669263
2.332941
2.145132
0.859063
0.900403
0.997165
1.586824
1.343349
1.343349
1.705131
1.644135
1.641990
1.296349
1.814493
1.675039
1.756335
1.443386
1.781168
1.956653
2.030915
2.128012
2.172266
2.413050
2.216194
2.278210
2.266841
2.230150
2.206848
2.639331
2.167645
2.912322
2.761442
2.645869
2.824337
2.243863
2.547154
2.454223
2.332941
2.375534
2.742115
2.691174
2.280551
0.905709
1.049190
1.273556
1.296349
1.753763
1.664233
1.792764
1.846258
1.713019
1.598141
2.305504
2.293846
2.305504
2.324355
2.231967
2.271631
2.122479
2.435922
2.475578
2.587057
2.425090
2.287171
2.206848
2.379511
2.436289
2.473505
2.571080
2.716228
2.511430
2.716785
2.763454
2.935813
3.034172
2.181366
2.242542
2.798761
2.139391
0.970213
0.888651
1.074540
1.138100
1.153221
1.221478
1.289131
1.231416
1.783895
1.739747
1.289131
1.558969
1.337223
1.508041
1.757695
1.882593
1.743778
2.036489
2.172266
2.282609
2.282609
2.383442
1.978782
2.088628
2.373864
2.518898
2.229928
2.351739
2.348130
2.578596
2.762651
2.623358
2.691174
2.087873
2.145842
2.184994
0.999557
0.959268
1.019531
1.153221
1.411745
1.712373
1.365671
1.712373
1.844675
1.646602
1.850383
1.788889
1.878317
1.705857
1.881360
2.281558
2.362193
2.045539
2.059472
2.235858
2.123389
2.044224
2.216194
2.089100
2.159693
2.115481
2.190298
2.425090
2.165664
2.451127
2.351739
2.939934
2.147711
2.763454
2.546313
2.155668
2.845367
2.520929
2.051282
2.044315
1.612377
2.520929
2.886278
2.547154
2.556403
2.827975
0.970213
1.675463
1.656962
1.826091
1.751484
1.752560
1.856939
1.811546
1.556753
1.517206
1.804626
1.567797
1.954701
1.896249
2.293846
2.186973
2.043239
2.341105
2.059472
2.138944
2.273175
2.049050
2.430560
2.395055
2.125487
2.418562
2.578596
2.535573
2.320391
2.410883
2.546313
2.945603
2.332223
2.036914
2.540370
2.510410
2.249055
2.735521
2.853338
0.905709
1.636419
1.875257
1.868573
1.885520
1.890851
1.890851
2.125752
2.045539
2.123389
2.142524
1.977556
2.229286
2.428993
2.273980
2.273980
2.098113
2.174375
2.078072
2.425090
2.234954
2.245437
2.261758
2.261758
2.556618
2.511430
2.339700
2.734065
2.573293
2.430786
2.566127
2.398599
1.820348
2.010625
2.760966
2.748670
2.056571
2.588912
2.468210
2.607377
1.724227
1.690166
1.889986
1.953969
1.917710
1.934762
1.761178
1.886301
1.905106
2.189097
2.144417
2.129976
2.373864
2.430560
2.340767
2.395055
1.666321
2.332432
2.295098
1.666321
2.099251
2.144823
2.413529
2.413529
2.511430
2.466110
2.480595
2.065791
2.788419
2.788419
2.254702
2.524719
2.520929
2.433709
2.395312
2.101045
2.122535
1.823239
1.896870
1.896870
2.057381
1.970201
2.038040
2.004317
2.058403
1.968842
2.142524
2.229286
2.287195
2.252088
1.997442
2.338121
2.252088
2.340767
2.047257
2.124154
2.144823
1.638998
2.339700
1.672985
2.413529
2.573293
1.669946
2.069620
2.168548
2.112378
2.453070
2.312026
2.691205
2.718678
1.721243
1.842561
2.036933
1.850443
1.823004
1.923037
1.950842
2.099421
2.038040
2.229286
2.172762
2.083818
2.341105
2.205317
2.313507
2.107587
1.979264
1.976977
2.360325
1.996055
1.976302
2.083044
1.878440
2.009920
2.051010
2.413529
2.272781
2.310486
2.311816
2.413529
2.601839
2.053800
2.442751
1.620596
2.601839
1.587377
2.614438
2.386547
2.066177
1.554527
1.910940
1.910940
2.210401
2.566127
2.753109
2.142761
2.390043
2.593749
2.168548
2.539385
1.700277
1.675723
1.934762
2.173367
2.033247
2.236536
1.991042
2.217350
2.107564
2.227724
2.269898
2.278671
2.312244
2.269898
2.313507
1.979264
2.313507
2.313507
2.391085
1.793281
2.338121
2.438580
1.763181
1.897198
1.710323
2.468851
2.451480
1.844012
2.266091
2.210472
2.579175
2.599672
2.395197
2.540737
2.599672
2.117296
2.415011
2.614438
2.060122
2.374836
2.131612
2.204047
2.118660
2.221024
2.598487
2.358182
2.450090
2.409869
1.685999
1.927502
2.076699
2.308355
2.196399
2.174122
2.045779
2.248637
2.284361
2.360325
2.095598
1.793281
2.197024
2.298338
2.085441
1.928270
2.202121
2.294840
2.438580
1.897198
1.763181
2.380324
2.059834
1.690886
2.179053
2.144823
2.027069
2.044521
2.301464
2.399045
2.051010
2.311145
2.473083
2.148378
2.250611
1.672985
2.354291
2.295098
1.816300
2.476995
2.569925
2.082532
2.431949
2.338626
2.366163
2.263002
2.211253
1.760590
1.739420
1.822964
1.812757
2.043239
2.150701
2.166196
2.164254
2.164254
1.917918
1.997540
1.966617
2.196399
1.928298
1.971612
2.012483
2.083044
1.971612
2.299346
2.083028
2.138741
2.301464
2.365355
2.365355
2.272781
2.387647
2.431949
2.431949
2.303038
2.393265
2.390043
2.560985
1.725957
1.785114
1.844703
1.844862
2.058299
1.987499
2.044104
1.947395
2.101567
2.129293
2.211145
2.211145
2.185352
2.358960
2.072986
2.059111
2.083028
2.365355
2.365355
2.557982
2.272263
2.272263
2.052747
2.424218
2.418088
2.384826
1.822964
1.923986
1.844703
1.810060
1.873793
2.090913
1.890513
2.130532
2.111368
2.174122
2.151546
2.217901
2.214055
2.118960
2.299346
2.049907
2.301464
2.240005
2.431949
2.052747
2.387081
2.117149
2.384826
1.849575
1.950842
1.790118
1.950842
1.913652
1.917367
1.999288
2.055001
2.141297
1.974514
2.055001
2.028857
1.916275
2.197548
2.083017
2.079754
2.184166
2.203374
1.905592
2.229637
2.066920
1.940603
2.107942
2.097103
2.211419
2.007181
2.284029
2.272781
2.202495
2.225777
2.415362
2.027791
2.053800
2.169517
2.356000
2.145032
2.167347
1.836473
1.890356
1.836510
1.974514
1.967466
1.913886
2.033247
1.913892
2.034544
2.111368
2.100147
2.080293
2.009722
2.042411
2.211419
2.072413
2.123927
2.241492
1.954825
2.311816
2.147815
1.938965
1.905578
2.415011
2.386547
2.187799
2.217055
2.225777
2.240005
2.142842
2.103898
2.242942
1.913886
2.011990
1.860700
2.079754
2.064660
2.083017
2.079754
2.083017
2.064660
2.081539
1.902014
1.876305
2.123927
1.900050
2.408612
2.225777
2.216150
1.939709
2.102210
2.374836
2.175831
2.175831
2.142842
2.230293
2.345181
1.849322
1.941337
1.815277
1.903397
1.982144
1.992511
2.123927
2.126946
2.007573
2.007573
2.154422
1.954352
2.225777
2.180925
2.175831
2.026006
1.908737
2.225948
1.964950
2.117149
2.117802
2.126209
2.118960
1.840682
1.964264
2.083744
1.861955
1.942107
2.002792
1.926353
1.954352
2.104133
1.957344
1.957344
1.952907
2.043075
2.160546
2.025928
2.202853
2.085000
1.930964
2.002792
1.953094
1.954352
2.053427
1.861266
1.886969
2.037959
2.007573
2.055836
2.233096
2.055836
1.908737
1.940952
1.840239
2.178712
2.175831
2.073761
2.019572
2.076915
2.084038
1.764896
1.956607
1.784475
1.831937
1.887327
1.739530
1.847550
1.775642
1.781031
2.002792
1.995442
2.002792
1.914737
1.862355
1.953094
1.900050
2.044926
2.009508
2.009508
2.053427
2.007573
2.007573
1.783813
1.840105
1.931076
1.959565
1.974232
2.052652
1.960721
2.053788
2.053788
1.977787
2.002506
1.740327
1.987046
1.862887
1.853133
1.930159
1.986378
1.935152
1.881966
1.986378
1.953094
2.044926
1.954352
1.804114
1.873370
1.980857
1.806017
1.869309
1.844665
1.814953
1.861266
1.791570
1.830193
1.849932
1.791570
2.054487
2.083166
2.082177
1.702027
1.930838
1.974531
1.853133
1.853133
1.834541
1.719579
1.686380
1.843403
1.852217
1.877302
1.924077
1.865173
1.735357
1.895681
1.957344
1.737134
1.912652
1.993286
1.832294
1.725607
1.626909
1.856457
1.639997
1.734387
1.853133
1.853133
1.594100
1.696151
1.778781
1.725390
1.725390
1.714465
1.791706
1.728365
1.843403
1.730066
1.743729
1.820146
1.946865
1.953868
1.732569
1.830040
1.653928
1.869272
1.721925
1.833322
1.691818
1.774027
1.802524
1.834541
1.708132
1.551419
1.686380
1.761365
1.685241
1.788052
1.715028
1.726713
1.582617
1.667415
1.712890
1.777565
1.709717
1.924246
1.761515
1.806710
1.935503
1.826999
1.947037
1.741653
1.741460
1.734387
1.603290
1.692161
1.601328
1.791320
1.761515
1.702027
1.685241
1.712890
1.695700
1.620526
1.700826
1.723300
1.522421
1.639297
1.758372
1.725324
1.611448
1.746996
1.671846
1.537739
1.575461
1.608730
1.758312
1.650450
1.639297
1.775713
1.682311
1.662353
1.572138
1.662118
1.662353
1.691818
1.482090
1.601328
1.642729
1.677435
1.662279
1.670336
1.686269
1.775713
1.606065
1.582290
1.608340
1.621162
1.435335
1.527639
1.628215
1.505172
1.508511
1.497610
1.647297
1.681526
1.570186
1.686269
1.574172
1.648271
1.696592
1.589633
1.605295
1.582617
1.628215
1.535081
1.380423
1.376849
1.626927
1.484282
1.708579
1.708579
1.593860
1.522421
1.584194
1.709318
1.484430
1.480780
1.606166
1.613222
1.523856
1.426945
1.555726
1.433613
1.575648
1.701496
1.684703
1.423928
1.567654
1.464437
1.704209
1.582211
1.585657
1.579415
1.696592
1.682311
1.484430
1.654401
1.667533
1.579504
1.588339
1.584253
1.502061
1.626977
1.568744
1.560416
1.477543
1.487663
1.516249
1.426945
1.522368
1.620526
1.443528
1.697690
1.505113
1.389131
1.375660
1.467321
1.527639
1.463030
1.573349
1.575648
1.584751
1.578272
1.315583
1.473028
1.425410
1.430459
1.434123
1.367339
1.555726
1.363833
1.460361
1.393224
1.461178
1.403203
1.507913
1.424548
1.353633
1.434515
1.454535
1.454535
1.461932
1.537425
1.437923
1.353907
1.363833
1.454535
1.436181
1.444139
1.458879
1.445676
1.415296
1.429576
1.459663
1.400589
1.456329
1.290164
1.297278
1.395841
1.353633
1.375660
1.357573
1.429576
1.276179
1.339712
1.350648
1.290735
1.265283
1.460361
1.396618
1.350868
1.436181
1.296737
1.309641
1.314808
1.427473
1.352296
1.295934
1.336716
1.348207
1.320776
1.319005
1.295000
1.276179
1.337446
1.331568
1.315836
1.315836
1.339376
2.137390
2.638085
2.639386
2.926475
2.050068
2.158768
2.085654
2.050068
2.258716
2.371209
2.708529
2.940038
2.928538
2.622730
2.389033
1.728721
1.653069
2.000826
1.944342
2.559817
2.582443
2.417669
2.450653
2.547999
2.443736
2.225348
2.122869
2.767494
2.977957
2.940038
3.125613
3.264618
3.319556
1.268488
1.176744
1.358107
1.446148
1.485741
1.474422
1.954352
1.954352
1.761821
1.931689
1.931689
1.931689
