6194 1 3
1.558738
1.631170
1.750495
1.820911
1.430053
1.691367
1.664017
1.750683
1.797584
1.767503
1.847159
1.779591
1.901589
1.818665
1.779591
1.852855
1.493845
1.678634
1.719590
1.668001
1.616791
1.820911
1.791287
1.660099
1.660099
1.533727
1.601307
1.660099
1.392695
1.644968
1.447456
1.857415
2.096502
1.307568
1.589326
1.465212
1.691367
2.120801
1.901981
1.897745
1.875158
2.123478
1.965953
1.965953
1.406004
1.612800
1.256740
1.364776
1.488458
1.364776
1.920968
1.994454
2.024135
1.950489
1.679841
1.708024
2.138297
2.165103
2.069998
1.956289
2.008541
2.027399
2.006128
1.308971
1.324901
1.377937
1.801437
1.517390
1.458115
1.944484
1.458115
1.357982
1.864559
1.676173
1.832503
2.027318
1.572344
1.431111
2.208439
2.389149
2.172462
1.899945
2.053263
1.786891
1.394604
1.259234
1.480671
1.801437
1.573470
1.446932
1.660248
1.832503
1.940713
1.784410
1.894312
2.148781
2.130304
1.709457
2.140811
1.856996
1.843744
1.996850
1.360539
1.505791
1.489417
1.295569
1.874859
1.855540
1.978300
1.800858
2.301125
2.201407
2.120705
2.314170
2.365830
2.314170
1.934711
1.786891
2.059814
2.059814
1.394604
1.498067
2.051802
1.446932
1.887714
2.073843
2.042280
1.787994
1.838674
1.708024
2.345299
2.120705
2.120705
2.255151
2.158965
1.374897
1.439517
1.962708
2.112706
2.136804
2.059046
1.973294
1.893965
2.023201
2.142659
2.153429
2.139515
2.120705
1.960299
2.547576
1.956289
1.763294
1.486556
1.535131
1.575318
1.842141
1.446932
2.153938
1.879462
2.142659
1.679517
2.328393
2.203524
1.942296
2.327952
2.120705
2.389149
2.376647
2.487872
2.518958
2.112027
2.187570
2.136800
1.942820
1.763294
1.967427
2.138082
1.396962
1.324867
1.567571
1.414878
1.871271
1.310276
1.756793
1.999265
2.065206
2.065206
2.153938
2.092428
1.651471
1.697891
2.133007
2.236702
2.336270
2.499006
2.420894
2.420894
2.553270
2.156037
2.579139
2.579139
2.526360
2.496176
2.484311
1.864499
2.069113
1.946280
2.218295
2.209974
2.270782
2.171096
2.260467
2.061471
1.354370
1.314569
1.402574
1.301850
1.871271
2.136804
1.893032
2.298917
2.483710
2.045773
2.600655
2.610900
2.562356
2.135943
2.610900
2.574703
2.095928
2.437345
2.504173
2.465581
2.015836
2.437345
2.451673
2.233112
2.342273
2.232171
1.757951
1.900859
2.000737
1.755761
1.354370
1.598596
1.358462
1.404201
1.980242
2.070185
2.224336
2.317034
2.136804
2.153938
2.353298
2.483710
2.211819
2.420894
2.353298
2.737715
2.786094
2.541138
2.579139
2.816981
2.562356
2.496176
2.477023
2.756870
2.756656
2.484311
2.686253
2.364211
2.128080
2.425304
2.278693
2.704854
1.942820
2.609489
2.180833
2.075418
1.941183
1.396898
1.362111
1.460278
1.420336
1.499945
1.413656
2.054984
1.925645
2.146078
2.206288
2.263501
1.967297
2.080320
2.059046
2.317034
2.153938
2.646083
2.483710
2.485080
2.529293
2.380949
2.487872
2.701763
2.315929
1.845487
1.683860
2.119394
1.467610
1.729627
2.161393
1.580091
2.042322
2.338730
2.404760
2.393717
2.229242
2.701110
2.792242
2.793464
2.153429
2.791654
2.756656
2.673640
2.684441
2.644526
2.425304
2.556701
2.477297
2.015372
1.809908
2.320710
1.301033
1.672401
1.289495
1.586711
1.710312
2.088867
2.160902
2.206288
1.964174
2.042322
2.149935
2.373154
2.458040
1.800299
2.707551
2.781905
2.931445
2.475425
2.545342
2.475425
2.713995
2.518958
2.161647
2.615154
2.477023
2.744574
2.756870
2.547715
2.003814
2.756870
2.704854
2.233112
2.390853
2.424755
2.312075
2.018432
1.322803
1.396898
1.216815
1.290026
1.655542
1.912189
1.883917
1.559846
2.206288
2.206288
2.206288
2.049018
2.263501
2.263501
2.263501
2.332758
2.297244
2.585336
2.585336
2.585336
2.393717
2.465763
2.769639
2.317853
2.116752
2.225971
2.723577
2.564704
2.540347
2.791654
2.713995
2.643733
2.643733
2.128080
2.723760
2.568071
2.684441
3.097243
2.704854
2.507952
2.644526
2.916851
2.194804
2.039991
2.673430
2.194804
1.283007
1.283007
1.527401
1.699297
1.642733
1.949780
2.359006
2.340281
2.183008
2.388866
2.388866
2.388866
2.388866
2.282314
2.576909
2.740934
2.576909
2.426516
2.769639
2.742942
2.685905
2.917076
2.791654
2.738084
2.898655
2.876747
2.070505
2.744574
2.293702
2.938382
2.735458
2.232171
2.548047
2.803929
1.934901
2.307557
1.322837
1.366235
1.616425
1.216815
1.498813
1.736118
2.232900
1.818974
2.359006
2.135698
2.125222
2.646083
2.571848
2.579249
2.955909
2.646083
3.077540
2.733121
2.917076
2.917076
2.738084
2.846560
2.846560
2.510849
2.684441
2.701763
3.086052
3.097243
2.673640
2.586025
2.866046
2.487044
2.578478
2.570736
1.199116
1.625541
1.446004
1.935311
2.045062
2.160484
2.087237
2.175713
2.359006
2.028636
2.463024
2.901510
2.981008
2.966480
2.967029
2.991228
2.297226
2.917076
3.168658
2.898655
2.884934
2.701949
2.601649
2.978258
3.018102
3.050785
2.756466
2.999482
2.866046
2.285344
2.056112
2.417322
1.755910
2.420978
2.290444
2.238563
2.136144
2.408108
2.136144
1.886328
1.994910
1.245509
1.417546
1.551592
1.886634
2.384803
2.359006
2.232900
1.735707
2.425844
1.897384
1.858504
2.585336
2.426516
2.740934
2.655055
2.467280
2.087051
2.361550
3.160675
2.861799
2.917076
2.742135
2.127993
3.054157
2.819611
3.136099
2.938382
3.061231
3.455454
3.097243
2.917023
2.999482
2.916851
2.916851
2.531094
2.927511
2.633971
2.882635
2.531094
2.258649
2.206131
2.522585
2.102571
2.503724
2.338241
2.203233
2.556738
2.009452
2.217236
1.284745
1.856281
1.938012
1.824884
1.993354
2.384803
2.481006
2.232900
2.436316
2.415143
2.560496
2.154384
2.679485
2.901510
2.900162
3.056469
2.581426
2.653639
2.706222
2.260358
2.167854
3.406456
3.361302
3.050785
2.723760
2.917023
2.916851
2.507952
2.927511
3.255614
2.531094
1.284745
1.410350
1.774840
1.711045
1.794815
2.011074
2.355656
1.889877
2.137208
2.446155
1.943464
2.415143
2.900162
2.576909
2.900162
2.900162
2.694486
2.201834
2.669953
2.819130
2.853474
2.957590
3.054157
3.455454
3.455454
3.331923
2.234253
2.293702
2.734592
2.734592
2.776066
2.534986
2.554131
2.369912
2.775399
2.153025
2.353897
1.364406
1.376747
1.364406
1.708722
1.299802
1.662956
1.783253
1.234802
1.234102
1.599987
1.702913
2.127985
1.618369
1.854200
2.614823
2.643748
2.506935
2.028636
2.610159
2.560496
2.207286
2.810493
2.560496
2.998272
1.987373
2.529911
2.119025
2.685355
2.631239
2.522018
3.196228
3.023570
3.062677
2.744122
2.927249
3.168658
3.192649
3.244522
2.282237
2.167854
2.713592
3.368420
3.018102
3.397347
3.136099
3.057686
3.188305
3.292168
3.208086
2.758025
3.299497
2.734592
2.526302
2.285344
2.595295
2.071805
2.257519
1.312713
1.340340
1.726513
1.955398
1.955398
1.979348
2.384803
2.643748
2.207286
2.631171
2.417658
2.631907
2.631907
2.998272
3.060833
3.311569
3.060833
3.187920
2.819130
2.296816
3.135931
2.913928
3.109277
3.109277
3.752687
3.056245
2.424426
3.331923
3.242193
2.734592
2.734592
2.531094
3.574232
3.574232
2.670552
2.626889
2.082375
2.153025
1.518668
1.810749
1.381950
1.473845
2.127985
2.131920
1.970400
2.355656
1.703896
1.873721
2.349338
2.631907
3.125928
2.079847
2.087051
3.247447
3.160675
3.304664
3.160675
2.973551
2.827749
2.937369
3.056469
2.316485
2.888403
2.756566
2.238538
3.292146
3.292146
2.642867
3.397347
3.292168
3.292168
3.257103
3.689238
3.499340
3.533436
2.733483
2.633852
2.724022
2.503724
2.389508
1.318094
1.395929
1.261833
1.420900
1.359111
1.706802
1.574055
1.332218
1.297153
1.763116
1.632455
1.577530
2.009684
2.303946
2.190102
2.352710
2.643748
2.026253
1.984286
1.943464
2.155138
2.433745
2.725246
2.542456
2.868850
3.125928
3.028423
2.998272
3.247447
3.200478
2.685355
3.200478
2.722113
3.062677
2.937369
2.322347
2.764215
2.371259
3.761250
3.368420
3.670200
3.676003
3.723278
3.739435
3.436755
2.444736
3.257103
3.208086
3.628137
3.574232
3.188305
2.926008
2.734592
3.490012
2.407954
2.724022
2.525962
2.190777
1.279339
1.318094
1.561195
1.673247
1.283395
1.658202
1.710714
2.401867
2.135498
2.067928
1.861881
2.303946
2.643748
2.534137
2.481006
2.423063
2.729977
2.349972
2.515584
2.515584
2.440123
2.214083
3.189788
3.028423
3.247447
2.236482
3.099483
3.304041
3.304664
3.060465
2.430388
3.361499
3.361499
3.357734
3.282847
3.476837
3.056469
3.465263
2.748769
2.621984
2.698892
2.502894
3.868613
2.918619
3.993716
3.689238
3.553998
2.471860
3.189686
3.574232
3.430195
2.827648
2.724022
2.827648
2.072936
2.642087
2.634366
2.273295
2.151586
1.361319
1.281016
1.698026
1.763116
1.439240
2.162550
1.907529
2.529552
2.603338
2.529552
2.055180
2.171221
1.902447
2.602966
1.912677
3.060012
2.521950
3.189788
3.304664
3.118913
2.850684
3.093527
3.476837
2.714787
2.698892
3.670200
2.758931
3.935997
3.284065
3.331923
3.694522
3.840864
3.574232
3.430195
3.490012
3.614738
2.341865
2.247490
2.229362
2.525962
2.724022
2.657798
2.525962
2.004515
2.152702
2.627990
1.254392
1.619415
1.281245
1.825265
2.162550
2.072159
2.603338
2.588218
2.502546
2.525971
2.349972
3.060012
3.478328
3.240373
2.934429
3.044978
3.260563
2.937369
3.537605
2.888403
3.041202
3.476837
3.192649
2.962458
3.840765
3.956564
3.956564
3.594448
2.882615
2.841364
3.964335
3.542575
3.917812
3.734995
3.877723
3.403873
3.689238
3.403873
3.189686
2.926008
3.490012
3.490012
2.365066
3.022091
2.611726
1.907435
2.113203
2.343105
2.006978
1.448354
1.559427
1.591900
1.688509
1.827534
1.636849
2.498580
2.047284
2.092680
2.262298
2.248337
1.844275
2.588218
2.509541
2.262298
2.600371
2.600371
2.811683
2.811683
2.754745
2.952301
3.060012
3.294046
3.228123
3.254708
2.497507
1.866822
1.950086
2.685355
3.361189
3.215614
3.298399
3.166547
3.282847
2.962458
2.882615
3.644039
3.964335
3.553998
3.512430
2.612590
2.464385
3.126570
3.403873
2.585867
2.953591
2.471860
2.633852
2.553282
3.840864
3.303848
3.133345
2.923547
2.633986
2.540606
2.528631
3.022091
2.290162
2.688586
2.525962
1.968184
1.966928
1.281204
1.332982
1.312747
1.825265
1.329644
1.283395
1.939817
2.162550
1.544371
1.636849
1.567141
1.879809
2.603338
1.683137
1.975950
1.788841
2.536844
1.844275
2.470830
2.696095
2.588218
2.600371
2.755409
2.369817
2.896490
2.998102
1.698824
2.868850
3.151179
3.336709
3.262903
2.337186
1.965806
3.304664
3.098828
3.166547
3.596600
3.307000
3.166547
3.736268
2.482256
2.967944
3.594448
3.917812
3.868613
3.868613
4.051057
4.051956
3.923248
3.197837
3.726310
3.326090
3.640472
3.870533
3.551704
2.685991
2.541754
3.074822
3.074822
3.303848
3.074822
2.071805
3.088151
3.022091
3.022091
1.901446
2.668053
1.907435
1.951786
1.469451
1.475014
1.579893
1.549192
1.313298
1.737670
1.595845
1.892673
1.974501
2.059315
1.973078
2.431841
1.947700
1.743048
2.638055
2.262882
2.140698
2.047284
2.262298
2.728686
2.676021
3.035215
3.203789
3.254708
2.503862
3.779351
3.361189
3.361189
3.118913
3.095200
3.173924
3.675555
3.282512
3.394208
2.476977
2.087432
3.736268
2.882615
4.051956
3.964335
3.734995
3.745381
3.357699
3.197837
3.512430
3.668996
3.126570
2.625285
3.551704
3.739252
3.694522
3.408890
3.303848
3.744926
3.614738
3.088151
3.149637
3.149637
2.631358
2.833690
2.688586
2.688586
2.052849
1.928135
2.857894
2.077465
1.886090
2.366130
1.966928
1.732664
1.332544
1.495780
1.572819
2.256630
2.543150
2.037641
1.966386
1.850776
1.682691
2.728686
2.166156
1.984666
2.262882
2.262882
2.262882
1.577609
2.755409
3.474442
3.336709
3.504953
2.600012
3.596600
3.282512
2.966763
2.868262
2.666978
2.626057
2.761697
4.051057
3.868613
4.151353
4.004157
3.684237
2.969568
3.068903
2.674330
3.726310
3.694522
3.947248
3.610031
3.509702
3.614738
3.509702
3.611448
3.611448
2.930310
2.960574
2.470965
3.088151
3.361787
2.609302
2.476406
1.792823
1.257176
1.314745
1.279339
1.329635
1.356829
1.270939
1.839108
1.793897
1.598397
1.473512
1.572819
1.595845
1.751690
1.546202
1.898689
2.027067
2.304389
2.304389
2.248346
2.078651
1.929337
1.898689
1.630726
1.970785
1.850776
2.081773
1.733402
2.637808
2.425288
2.166156
2.790249
2.929523
2.543655
3.409508
3.478328
3.545133
3.557164
3.543243
3.829216
3.420104
3.427629
3.829216
2.621984
2.557510
2.882615
2.966763
2.966763
3.868613
4.153769
2.573798
3.552317
3.277237
2.697496
2.359150
3.277237
3.764664
3.406990
3.400902
3.253512
2.818468
2.755003
2.960574
2.744319
3.019704
2.833690
3.149637
2.457841
2.641958
2.335189
1.857790
1.322737
1.726343
1.699213
1.726138
1.734611
1.734611
1.973078
1.668708
1.521633
1.898689
1.668708
2.304389
1.501447
1.756562
2.640164
1.630726
1.850776
2.458944
2.637808
2.728686
3.035215
2.562688
3.083361
3.083361
2.520985
3.441103
3.336709
3.474442
2.464940
3.422288
2.782786
3.502893
3.887724
3.502893
3.155477
3.077469
3.911397
3.911397
4.112799
3.745381
3.847763
3.068903
3.357699
3.527462
2.542445
2.650324
2.369310
3.253512
2.712008
2.483666
3.361787
3.361787
2.004515
2.961394
2.788059
2.788059
2.788059
2.922953
2.609302
2.335189
2.044102
1.459213
1.416413
1.408670
1.332859
1.229032
1.336508
1.473512
1.366490
1.726138
1.619501
2.016676
2.331144
1.853931
1.804315
2.543150
2.548962
2.155584
2.548962
2.431841
2.640164
1.811174
1.904084
2.637808
2.329797
1.993211
2.166156
2.821342
2.665041
2.953323
2.894639
2.953323
2.929523
3.047212
2.953323
3.264647
3.439308
1.723313
1.766421
3.422288
2.606807
3.336826
3.422288
2.075362
3.211899
3.557164
3.557164
3.427629
3.382148
3.306822
3.077469
2.433970
3.829216
3.596600
3.240373
2.552232
3.911397
3.180817
2.891854
4.054457
4.009395
4.112799
4.232162
2.779058
2.969568
2.848435
3.290847
3.138972
2.685415
3.068903
3.509702
3.046022
3.156395
3.156395
3.361787
3.279359
3.205211
2.788059
3.019704
2.788059
2.316811
2.404989
1.811831
1.853229
1.460311
1.463276
1.722605
1.463276
1.509691
1.909942
1.504595
1.861254
1.804315
2.059315
1.478677
2.173030
1.844008
1.898689
1.702672
1.904084
1.844008
1.904084
2.037641
1.993211
2.081773
2.256056
1.993211
2.166156
2.739732
1.425559
2.790249
2.782820
2.888458
2.782820
2.894639
2.953323
3.001205
3.267184
3.267184
3.203789
3.519628
3.264647
3.376229
3.439308
3.376229
2.708524
2.629594
2.410389
3.229261
3.437665
3.437665
3.160873
3.211899
3.504953
3.211899
3.543243
3.527617
2.877129
3.394208
3.883680
3.976346
2.990895
4.177099
4.013200
4.153578
4.168453
2.966763
2.656660
3.916731
3.739252
3.847763
3.503101
3.551704
3.739252
3.408890
2.465835
2.837749
3.611448
3.525030
3.041503
3.247485
3.041503
3.609143
3.361787
2.909194
2.620048
3.149637
2.872520
2.609302
2.364600
2.335189
1.951786
2.229481
1.408475
1.242082
1.709361
1.377363
1.658711
1.657571
1.580382
1.839244
1.581526
1.768421
1.873736
1.509691
2.232335
2.003274
2.016676
2.003274
1.836221
2.463191
1.341814
2.458944
2.505573
2.782820
2.557631
2.624045
2.522413
1.459791
3.376229
1.652048
2.758225
2.758225
3.606332
2.774318
2.941592
2.576226
2.261593
4.100287
2.990895
2.990895
4.054457
2.665828
2.958767
3.004082
2.980441
3.290847
3.068903
3.716916
3.716916
3.232981
3.068903
2.705667
3.068903
3.503101
3.679521
3.679521
3.406990
3.253512
3.247485
3.247485
2.620048
2.765378
3.205211
3.283956
3.369722
2.170855
2.872520
2.638947
2.543956
2.136026
2.006883
2.743296
1.973444
1.735449
1.818440
1.504357
1.877959
1.939817
2.043844
1.473607
1.460311
1.700185
2.001738
1.823132
1.889081
1.318697
1.889081
2.406146
1.964142
2.401437
1.265962
2.125891
2.427762
1.085369
2.061421
2.217923
1.556316
2.582771
2.677522
2.739732
2.865421
2.782820
2.557631
2.888458
2.888458
2.567668
2.916600
2.777894
2.884110
2.859902
3.394208
3.445270
3.306822
3.445270
2.211980
2.774318
3.180817
4.201924
3.948117
3.977507
4.004157
2.784273
3.004082
3.232981
2.640680
2.554357
3.426713
3.558987
2.742797
2.705582
2.027953
1.996515
2.364600
2.500190
1.546154
1.639398
1.639398
1.636633
1.263768
1.289944
1.828977
1.830149
1.308670
1.950654
1.944808
1.844856
1.730789
2.163605
1.327763
1.463640
1.580382
1.781943
1.438399
1.666062
2.072755
2.283037
2.387970
2.232335
2.465478
2.463191
2.427762
2.567668
2.719106
1.742671
2.995543
3.545133
3.606332
3.682303
3.306822
3.427629
3.180817
2.412182
2.891854
2.534059
2.613943
2.990895
4.177099
4.177099
4.201924
4.201924
2.543601
3.916731
2.528401
2.962234
2.720634
3.527462
3.497328
3.503101
2.785084
2.771925
2.909194
2.484498
3.558987
3.558987
3.609143
3.533009
2.695959
2.543956
2.136026
2.364600
1.826934
1.937310
1.341527
1.336508
1.390059
1.420807
2.093513
1.887538
2.101926
2.022246
1.736150
1.961538
1.823132
2.262827
2.262827
2.220717
2.463191
2.292806
2.460948
2.659470
2.659470
2.809595
2.809595
1.526116
2.565986
3.181151
2.995543
2.833507
1.818421
2.063933
1.907524
3.384560
3.132220
3.530652
3.427629
3.445270
2.744889
4.081943
4.020254
3.977507
4.004157
3.977507
3.726766
2.942980
2.705615
3.178375
3.726766
3.457240
3.770781
3.770781
3.679521
2.697097
3.041503
2.620048
2.329536
3.564529
3.426713
3.122600
1.973444
1.963205
1.973444
1.828676
1.593912
1.390065
1.590682
1.347540
1.366982
1.758849
1.308670
1.928741
2.034784
2.132174
1.496244
1.567556
1.496244
1.567556
1.909942
1.150204
2.491481
1.107511
2.401437
2.520894
1.158818
2.659470
2.659470
1.211257
1.184475
2.604981
3.181151
3.671483
3.006935
3.527617
3.682303
3.384560
2.891675
4.020254
2.630570
2.712738
3.232981
3.497328
2.705667
3.514586
2.622482
2.652475
2.484498
2.626691
3.369722
3.558987
3.273147
2.645317
1.675339
1.883344
1.231839
1.444036
1.544995
1.503590
1.474516
2.163605
1.599733
1.599733
1.385289
1.771010
1.567556
1.736150
1.327763
1.736150
2.262827
2.162713
2.150865
2.247703
2.448654
2.481426
2.466591
2.481426
2.482112
2.582771
2.659470
2.393492
2.726088
1.623316
2.562289
3.671483
3.887724
3.074652
3.739145
3.384560
3.604844
2.583090
2.634570
2.063986
3.076288
2.755346
2.798857
3.016209
2.891675
3.178375
3.197498
3.497328
2.684537
3.770781
2.409210
2.426229
2.573520
3.329408
3.329408
3.252277
2.628833
2.773106
2.415001
2.184696
2.027953
2.532575
2.012573
2.211216
1.826934
2.286271
1.793156
1.462611
1.672040
1.800139
1.611822
1.639073
2.163605
1.599733
1.599733
1.851568
1.931925
1.320267
1.272556
0.922090
2.482112
2.856836
2.522649
1.355487
2.667583
3.018063
3.181151
3.018063
2.671439
2.819154
3.739145
3.709921
2.819154
3.226525
3.739145
3.627491
3.530652
3.598816
3.618173
2.630611
3.484647
2.678999
3.497328
3.457240
3.197498
2.531167
2.484498
2.352886
2.554357
2.329536
2.329536
3.456604
2.971834
2.375710
2.543148
2.169869
2.012573
2.213711
1.963205
1.672040
1.891843
1.862853
1.911062
1.903744
1.995363
1.913487
2.034784
1.770950
1.496244
2.164969
1.806394
1.741131
2.114935
2.283037
1.117554
2.491481
2.448654
2.076961
2.649848
3.103008
1.560297
3.197743
3.181151
3.384560
3.604844
3.604844
3.627491
2.904084
2.891675
2.694265
2.661111
2.562794
3.512341
3.180735
3.514586
3.514586
3.497328
2.289071
3.456604
3.801484
3.591226
3.562019
3.464960
2.852880
2.971834
2.909656
2.410331
1.837415
2.311844
2.287507
1.710375
1.366982
1.394685
1.973678
1.990652
1.931357
1.710377
2.113681
1.415606
1.509946
1.744653
1.509946
1.392262
2.160832
2.134098
2.396391
2.416424
2.316395
2.519642
2.519642
2.504728
2.519642
2.210381
2.422344
2.658439
2.732159
1.809091
3.063807
2.562289
2.658218
2.931486
3.074652
2.487049
3.074652
3.618173
3.893780
3.699560
1.941385
2.416647
2.782300
2.782300
3.130587
3.743164
2.639680
3.743164
3.720246
3.720246
3.775132
3.755797
2.899494
3.133029
3.464960
3.535820
2.787562
2.375710
2.213711
2.773106
2.002411
2.119975
2.046427
1.762104
1.748062
1.697093
1.459725
1.816759
1.909273
1.951215
1.986218
1.859185
1.859185
1.465486
1.605255
1.869511
1.451550
2.106327
1.853713
2.185273
1.639073
2.113681
1.873362
2.150194
2.163605
1.346310
1.220658
1.117554
1.047282
0.959272
1.009390
1.235140
2.900871
2.600159
3.103008
3.197743
2.993695
2.633932
3.671483
2.714452
2.931486
2.968113
3.803717
2.583018
3.197601
3.372104
3.454386
2.904084
2.462882
2.694265
2.873219
2.873219
4.182434
2.577171
3.720246
3.591226
2.490329
3.663687
3.775132
3.559737
3.464960
3.133029
2.410331
3.122744
2.213711
2.034704
2.504018
2.851229
2.547982
2.311844
2.119975
2.119975
1.963205
1.686996
1.812627
1.464936
1.376058
1.774472
1.692799
1.901122
1.985579
1.986218
1.938833
1.772583
2.006772
2.045897
1.583933
1.868434
1.593546
1.710377
2.164969
1.853713
0.889828
2.300200
2.557634
2.162713
0.837178
2.519642
2.155980
1.095587
2.422344
1.327172
1.229102
2.526918
1.327172
1.313851
1.455224
2.812521
2.900871
2.566675
1.729624
3.684090
3.684090
3.209584
3.625978
2.416647
2.259887
2.462882
2.888614
2.777235
2.627198
2.890296
4.283861
4.182434
4.392502
4.182434
3.833620
3.950546
3.907959
4.095935
3.775132
3.814479
3.814479
3.404369
2.160570
2.305221
3.562019
3.220797
3.310712
3.556619
2.180544
2.905132
3.212898
2.200361
2.027953
2.502765
2.425199
2.487038
1.845488
1.839616
2.196036
1.992629
2.097837
2.105867
1.710375
1.721185
1.955063
1.951215
1.722079
1.838458
2.120924
2.068139
2.072472
1.740496
1.764719
1.843122
2.181086
1.392262
1.765760
1.961535
2.396391
2.416332
0.806123
2.467566
2.511491
0.829742
0.860430
0.945489
2.244003
2.377420
0.868392
2.459548
1.048157
1.184475
1.131757
1.313851
3.166354
3.182860
1.729624
1.573452
2.892241
2.857502
3.157273
1.814039
1.907524
3.813579
2.099434
2.605073
2.758332
2.530962
2.777235
4.056274
4.183725
2.808391
2.403692
4.345010
4.259391
2.758162
3.011830
2.816718
3.851222
3.291613
3.779399
3.720246
3.907959
3.497895
3.291613
3.591226
3.800437
2.837600
2.193672
2.034704
2.034704
2.749198
1.881309
2.119975
1.812627
1.826066
1.699889
1.632529
1.992629
1.627665
1.697093
1.539449
1.503616
1.806351
1.394685
2.035414
1.961435
2.093321
1.726208
1.766535
1.689790
1.647484
1.802931
1.740496
1.740496
2.055080
2.017548
1.806368
1.017392
2.389714
0.806123
0.862820
0.889828
2.554582
2.333399
2.899755
1.239998
2.951361
3.084909
3.182860
1.446748
2.571645
3.758941
3.419021
2.583018
2.446573
2.758332
2.509263
2.865136
2.758332
2.770662
4.139845
3.422305
3.180735
3.357658
3.743164
3.923426
3.743164
3.844596
3.633823
4.219078
3.552831
3.996236
3.291613
3.291613
3.556619
3.556619
2.393663
2.628833
3.215731
2.200361
3.215731
2.840771
2.840771
2.905132
2.502765
1.694908
1.838510
1.578260
1.761581
1.820254
1.711119
1.573143
1.435709
1.634112
2.067794
2.045897
2.023912
2.091890
2.091890
2.093321
2.061975
2.111065
1.450819
1.419310
1.939609
2.138510
1.017392
1.087203
2.489393
2.432107
2.238218
2.596783
2.784969
2.830349
2.658527
2.715431
1.514440
1.330731
1.853969
2.759773
2.811989
3.641886
3.561026
3.761766
3.788875
1.814039
2.509263
2.886642
2.996001
2.886642
2.996001
4.204911
2.515521
4.042337
3.808639
3.870976
3.645946
3.645946
3.034688
3.133029
3.452974
2.790392
2.355930
2.548095
2.205452
2.193009
2.428695
2.266843
2.293716
2.013138
1.981095
1.904026
1.820254
1.577830
1.989515
1.711054
2.093321
2.023912
1.753910
2.045897
1.729440
1.740496
2.139946
2.139946
2.150194
2.512421
2.271001
2.489393
2.557634
2.147417
2.454853
2.785900
2.942787
3.058865
3.058865
3.182860
2.899755
2.638071
2.719431
2.636234
2.759773
1.853969
1.941111
3.651012
3.641886
3.866427
2.758332
2.886642
2.681760
3.042712
3.063591
3.385061
4.271920
3.047009
4.294209
3.821239
2.402224
3.352931
3.633823
3.640718
4.345010
2.332991
3.009994
4.335290
3.688645
4.228411
2.424258
2.235276
2.861564
3.912759
3.808639
4.077695
3.770908
2.646168
3.645946
3.167297
2.515062
2.442969
2.607454
2.905132
2.005637
2.581111
2.196715
1.686996
1.327735
1.760656
1.652402
1.744501
1.951945
2.139946
1.802931
2.094969
1.466544
1.532855
1.940388
2.097558
2.120924
1.865542
1.088029
1.087203
1.087203
2.416424
2.489393
2.647234
2.518537
2.518537
2.670183
2.715431
2.967533
3.094270
1.821007
3.689880
3.030637
1.881262
1.814039
3.311612
3.500021
3.862092
3.809692
3.862092
2.353938
2.659846
2.758332
2.886642
2.807217
2.681760
3.866772
2.842375
2.996001
3.352931
3.354577
3.354577
4.187469
4.095225
4.311618
4.047381
3.870976
4.218909
3.684319
3.603175
3.603175
2.235401
2.607620
2.465932
2.154178
2.000473
1.672792
1.849813
2.093054
1.841702
1.682349
2.033085
2.068820
1.928358
1.721616
2.075959
2.031626
1.942665
2.175588
1.994485
2.031626
1.742436
1.777217
2.165302
2.111065
1.940388
2.173356
2.153134
1.838453
1.939609
2.150194
2.458474
2.511808
2.508108
2.573106
2.656940
3.057412
3.058865
2.816756
3.182860
2.789174
3.689880
1.821007
1.821007
2.678771
3.209584
3.036914
3.625978
3.364813
2.363326
2.900793
3.597085
3.597085
3.179112
2.509263
2.870147
2.870147
4.139845
4.075869
3.866772
3.924671
3.924671
2.794886
3.682292
2.794886
3.515270
4.056274
3.387684
4.194693
3.668167
3.047009
3.119617
3.442848
3.494750
2.707055
2.928778
2.837600
2.465932
2.617258
2.327459
2.144932
2.158903
2.005637
2.267021
2.480974
1.904396
1.970578
1.627665
1.682349
1.702782
1.583397
1.564929
1.916305
1.654210
1.741536
1.582949
2.210061
1.504073
1.932438
1.990888
2.097558
2.173356
2.173356
1.390556
1.190060
1.088029
1.190060
1.088029
2.146701
2.101500
2.590612
2.504786
2.362761
2.656940
2.828181
2.995600
3.057412
3.047200
1.306937
2.899603
2.729138
1.507998
2.546196
3.689880
3.862092
2.468163
2.862848
2.678771
2.862848
3.311612
3.030637
3.689880
2.503445
3.500846
3.809692
3.541694
1.941385
2.151044
2.433452
2.145406
2.267624
3.931552
3.215136
4.211096
3.430227
3.124511
3.124511
4.252678
4.129824
4.077695
3.342307
2.528960
2.528960
2.707055
2.756953
2.326439
2.144932
2.144932
2.502765
2.267021
2.196715
1.797025
1.623166
1.542188
1.522730
1.971601
2.103612
1.812306
1.773487
1.911371
1.803647
1.859010
1.318125
1.952767
1.935658
2.103980
2.145986
1.116248
2.192113
2.766336
2.423801
2.903377
3.153095
1.704725
3.198931
3.693937
3.500021
2.084029
2.215958
3.799793
3.570340
3.549226
3.597085
3.337024
3.866772
3.597085
3.157934
3.179112
4.075869
2.418115
4.028840
2.527545
3.247121
2.216198
4.090972
2.999362
3.354577
3.724329
4.264298
2.138386
3.893407
2.845119
4.001271
4.034157
3.186038
3.586097
2.705416
3.342307
2.964844
2.838343
2.053149
1.663425
1.721693
1.918425
1.942665
1.812306
1.913605
2.070081
2.075959
1.532855
1.863497
1.929965
1.825965
2.036185
2.036185
2.070842
1.930861
2.070842
2.507135
2.334475
2.316395
2.555217
2.647289
2.458474
2.635245
2.635245
2.733847
2.346692
2.548395
2.903377
3.007780
2.678256
3.085492
3.094270
2.940072
3.057412
3.019741
2.453855
2.475908
2.710535
3.071437
1.394142
3.622133
3.756321
3.337024
3.215136
3.821239
2.523115
2.580602
2.264949
4.211096
4.101961
4.187469
4.156792
4.034157
4.110137
3.862339
4.001271
3.490053
2.826053
3.269685
2.266001
2.960073
2.609394
2.158903
2.465932
2.319383
1.823862
1.942611
1.665406
1.429290
1.481402
1.595989
1.520740
1.577190
1.605288
1.525188
2.033597
1.884891
1.846472
1.913605
1.798090
1.770876
1.951945
2.210061
1.775322
1.788298
1.876750
1.846472
1.921289
1.589307
2.070842
2.103980
2.097558
1.248487
1.248487
2.196169
2.325194
2.647289
2.733847
2.272839
2.333743
2.548395
2.504786
2.942787
2.719527
2.986192
2.670183
3.141016
2.531130
2.630666
2.555844
2.899603
3.715013
3.715013
3.715013
1.645040
3.622133
1.645040
2.351919
3.710732
3.636533
3.413681
2.000660
3.519868
2.220894
3.717482
3.091487
2.699904
2.420758
3.183022
3.154316
2.652730
4.038988
2.474271
2.804343
2.908800
2.870147
4.101961
2.145203
3.072855
3.340539
2.999362
3.953126
3.672686
3.024174
2.878446
2.838343
2.268880
2.609394
1.808115
2.077410
1.496737
1.608950
1.354258
1.829039
2.059378
1.913605
1.913605
2.001758
1.999604
2.210061
1.921289
2.001630
1.381605
1.318125
1.248487
2.089315
2.029361
2.039263
1.999197
2.125361
2.107149
2.507135
2.507135
2.457473
2.387263
2.283738
2.733847
2.986192
2.903377
2.833756
2.994456
2.926595
3.035872
2.534589
3.153095
3.153095
3.440592
3.310674
1.729660
2.378346
2.279890
3.337024
3.329364
3.337024
2.807091
3.789845
3.789845
3.866772
2.418115
3.363484
4.038988
3.550731
2.792429
3.101186
2.622443
2.657283
2.999362
3.101186
3.873752
4.034157
3.908715
2.270551
3.866727
4.034157
2.966335
3.223277
3.104818
2.654533
2.528960
2.995165
2.268880
2.755118
2.755118
1.818586
1.536660
1.435674
1.916305
2.063009
2.191176
2.262361
1.908621
2.103992
1.381605
1.859010
1.248487
1.862983
2.029361
2.804130
2.804130
2.831054
2.804130
2.903377
2.804130
2.950239
2.914346
2.899738
2.970554
2.546670
2.534589
2.729138
3.607273
3.626479
3.426884
3.413681
2.351919
2.201761
1.945703
3.549226
3.717482
3.096214
2.908800
3.953713
2.878951
4.104664
3.415931
3.024174
3.104818
2.330422
2.614097
2.314832
2.393436
2.379130
1.910338
1.991556
2.056287
1.616944
1.929816
1.679946
2.033597
2.169512
2.235405
2.334073
2.235405
2.156126
2.103992
2.233204
2.228585
1.672019
1.952767
2.102623
2.103980
2.254224
2.364356
2.538700
2.654478
2.647289
2.448381
2.494313
2.685348
2.835153
2.681158
2.959450
2.910734
2.741616
2.899603
3.162533
1.212691
3.267545
2.442326
2.210553
2.013439
3.717482
3.807462
3.807462
3.363484
4.101961
2.585995
2.792429
3.920451
3.415931
4.104664
3.072855
3.108063
2.640784
3.226946
2.755118
2.188137
2.262110
1.872343
1.651663
1.515337
1.551722
1.353042
1.285298
1.763543
1.937356
2.262361
2.125194
1.937356
2.228585
1.956545
1.965472
1.965472
2.114818
2.233204
2.233204
1.736007
1.824501
1.505413
2.203301
2.110527
2.187409
2.052265
2.421766
2.538700
2.588659
2.494313
2.712179
2.783372
2.875585
2.759522
2.860286
3.162533
3.162533
3.162533
3.297619
1.277075
3.412794
1.645040
3.412794
1.525083
3.603364
1.729660
2.939591
3.260983
3.254725
3.556310
3.549226
2.156163
2.604381
3.154316
2.792429
2.540322
3.101186
2.516505
3.931057
3.931057
3.048705
2.799721
2.799721
1.856377
2.016244
3.186038
3.009054
2.125322
3.104818
2.034868
2.601485
2.182711
1.745486
1.616944
1.803897
1.217296
1.348951
1.947921
2.139092
2.131099
1.860978
2.217864
1.639957
1.854946
1.849582
1.957940
2.023169
1.985451
2.158290
2.158290
2.198441
2.293686
2.276274
2.262773
2.283738
2.437392
2.417869
2.494313
2.681158
2.494313
2.572647
2.741616
2.909416
2.929547
2.943741
2.728698
2.676943
2.594112
2.929618
2.813896
2.546196
1.220562
1.640539
3.626479
3.626479
3.614031
1.814288
1.728494
2.324342
2.680580
3.009047
3.712691
2.303727
3.500472
2.007828
2.691726
3.931057
2.516505
3.273668
3.082134
3.082134
3.082134
2.900917
2.999681
2.816289
2.614097
2.664625
2.856381
2.419198
2.262110
2.465907
2.182711
2.195124
2.187293
2.187293
2.169206
2.169206
1.700197
1.110803
1.217296
1.285298
1.555804
1.762704
2.174844
1.857143
2.262361
2.174844
2.048055
1.844074
2.220880
2.220880
1.837945
2.465579
2.355109
1.824501
1.564820
1.859010
2.139600
2.035447
1.943006
2.085223
2.174303
2.187409
2.174303
2.447968
2.541734
2.759214
2.917450
2.958828
2.681158
2.867999
2.644273
1.220562
3.218256
1.525083
2.412046
2.257035
3.238777
3.500472
2.319767
2.198124
3.712691
2.282404
3.807462
3.810038
3.807462
3.953713
2.324433
3.953713
2.734955
2.792429
2.604381
3.273668
2.799721
2.826075
2.900917
1.981165
2.763715
2.836903
2.355334
2.673705
2.039791
2.601485
2.601485
1.824585
2.465907
2.419198
1.988694
2.169206
1.745486
1.747134
1.636742
1.652961
1.567930
1.445617
1.445617
1.274947
1.380238
1.531310
1.891012
1.663819
2.044077
1.970507
2.158003
1.833424
1.937356
2.009492
1.800739
2.228585
1.852626
2.382184
1.505413
2.072450
2.300251
2.102623
2.348485
2.125496
2.334127
2.364356
2.191653
2.676387
2.676387
2.471307
1.272968
1.356127
3.394226
1.604224
1.272968
3.387378
3.528893
3.550114
2.466688
2.411112
3.680079
1.606848
1.702457
2.688980
3.009047
2.458346
2.807091
2.594392
2.964954
2.324433
2.734955
3.028157
3.028157
2.990579
2.810231
2.754019
2.644170
2.856905
3.340504
2.867218
2.878108
2.929859
2.503189
2.856381
2.900917
2.763715
2.027729
2.475985
2.601485
2.544184
1.767575
2.111742
1.809015
1.560632
1.756303
1.973480
1.661939
1.460875
1.639103
1.196867
1.274947
1.620909
2.024214
2.024214
1.964870
2.307921
1.857515
1.857515
1.895461
1.903788
2.243438
2.016619
2.035447
2.126274
2.337687
2.348485
2.331411
2.331411
2.331411
2.582158
2.676387
2.609081
2.868144
2.867999
2.593738
1.425183
1.425183
1.604224
3.306211
2.466347
3.215282
3.215282
2.411112
2.374931
2.374931
2.437415
2.680580
3.465332
2.688980
3.238777
2.539871
2.282404
2.220452
1.984242
2.303009
2.604381
2.471570
2.471570
2.676969
2.154814
3.152464
3.333140
1.925585
2.836903
2.722919
2.605689
3.066902
2.971824
2.705127
2.205186
2.419198
2.334451
2.169206
2.235025
2.195124
1.763985
1.398727
1.682991
1.947921
1.801007
1.775443
2.179272
1.944380
1.874404
2.174844
2.174844
2.070896
2.009492
2.427934
2.494234
2.463285
2.463285
2.195489
2.195489
2.497237
2.533837
2.582158
2.417869
2.333743
2.730757
2.718980
2.730270
2.771691
2.751608
2.904765
2.868274
2.897715
2.868274
2.452435
2.612946
2.495652
2.622821
2.695085
2.861378
2.787278
1.800675
1.527718
1.659394
3.490658
3.550114
3.605958
3.605958
2.838124
2.620602
1.985161
2.059154
2.647579
2.811735
2.572492
2.458346
2.198124
2.303009
2.303009
2.303009
2.988204
3.188347
2.997576
2.688954
2.997576
2.991581
3.431934
3.125055
2.722919
2.382987
1.801993
2.205186
1.949266
2.717587
2.319640
2.369758
1.683550
2.318764
2.419198
2.045870
1.749172
2.140000
1.669920
1.700197
1.669920
1.573899
1.157488
1.398727
1.549744
1.337453
1.549744
1.852863
1.801007
1.775443
1.867456
1.775443
1.771487
1.852863
1.964870
1.960086
2.360988
1.661223
2.220880
2.463285
2.427934
1.720315
1.908215
2.463285
1.969236
2.139600
2.337687
2.533837
2.247769
2.582158
2.834082
2.606948
2.906713
2.839802
2.819063
2.627039
2.508827
3.008093
1.272968
2.496021
1.717476
3.384624
2.199659
2.245725
2.059154
2.245725
2.084392
1.859115
2.198124
2.940030
2.676969
3.261450
3.226896
2.918785
2.754019
3.340504
2.932408
2.929859
2.291805
2.313620
2.235025
1.437688
1.711172
1.204626
1.050963
1.196524
1.851821
1.718772
1.718772
1.969472
1.718772
1.827073
2.041025
2.196845
1.849378
1.658266
1.964870
1.767342
1.767342
1.804683
1.774167
2.186956
2.195489
2.373212
2.116719
2.447306
2.569108
2.867521
2.872341
2.699970
2.863119
3.000781
0.962832
3.134992
1.604224
3.394226
1.864329
1.864329
1.931697
2.399766
1.800675
3.605958
2.256373
1.877022
2.608274
2.256373
2.437673
2.785856
2.527562
2.811735
2.324342
3.030561
3.176824
2.699106
3.175487
3.175487
3.220386
3.220386
3.162488
2.716758
3.086661
2.782945
1.765206
3.323557
2.958721
3.226896
3.188347
3.333140
2.754019
2.605689
2.344789
2.998223
3.268939
1.748163
3.200913
2.728314
2.579354
1.825143
2.252884
2.097263
2.074620
1.507401
1.758629
1.555804
1.299292
1.718772
1.636697
1.636697
1.852863
2.041025
2.196845
2.319116
1.704500
2.405947
2.510621
2.586370
2.427934
2.452748
2.452748
1.838467
2.409350
2.435230
1.958131
2.247769
2.294973
2.569108
2.694579
2.897721
2.891904
2.915739
2.772451
2.904006
2.904006
2.652943
2.863119
3.156720
3.140498
1.142364
3.394226
1.990939
1.745385
1.771310
1.219402
2.400465
2.059154
2.256373
2.059154
2.256373
2.983957
2.785856
2.165175
3.025450
2.905312
2.993119
3.175487
3.175487
3.318827
3.318827
2.350522
2.004960
2.104083
2.410635
2.980844
2.711513
2.536389
1.675984
2.344789
2.715083
1.958528
3.109880
3.109880
2.962359
3.009972
3.200913
2.452199
2.576422
2.365617
2.455903
2.455903
2.318764
2.167745
1.496195
1.552673
1.552673
1.744444
1.639103
1.538311
1.110803
1.285472
1.636697
1.799675
1.718772
1.771487
1.682898
1.827073
1.503542
1.718772
2.254891
1.686386
2.447534
2.254891
2.213736
1.617324
1.617324
1.699834
1.733239
2.001537
2.246918
2.325637
2.017203
2.409350
2.497237
2.278430
2.563733
2.726183
2.602495
2.521374
2.447434
2.834491
2.778367
2.853674
2.906332
2.830163
2.712350
2.844721
2.904006
2.745261
3.156720
0.962832
1.580519
0.962832
3.438527
3.474303
3.474303
3.340081
1.864329
2.087722
2.141977
2.087722
3.594190
1.931697
2.209239
2.019963
2.209239
2.248722
2.165175
3.051455
2.400153
2.901870
2.901870
2.958721
2.552509
2.344789
2.992008
3.333140
3.190051
2.452199
2.324870
2.531214
2.167745
2.318594
2.165162
1.963566
1.809015
1.678171
1.763792
1.838673
1.059648
1.675786
1.866091
1.851821
2.041025
1.654218
2.254891
2.041025
1.577533
2.510621
2.388184
2.452748
2.572467
2.510621
2.586370
1.617324
1.505072
2.495238
2.488143
2.546412
1.949326
2.872844
2.804508
2.771691
2.851115
2.747275
2.716191
2.975674
3.306237
2.497779
2.543212
2.141977
2.785856
2.453554
2.477659
2.754317
2.699106
2.153032
2.669660
3.175487
3.318827
2.478114
2.400153
3.086661
2.705816
2.819053
2.980260
2.692724
2.593230
1.844491
2.962359
2.343049
2.367034
2.397695
2.334451
2.184560
1.944610
1.944610
1.758629
1.758629
1.008421
1.536131
1.878607
1.728101
1.728101
1.481034
2.045408
2.231921
1.577533
2.369578
2.182962
2.424333
2.572467
2.433970
1.551234
1.685488
2.171323
2.210219
2.409350
2.519303
2.012918
2.559232
2.497237
2.627137
2.081286
2.029654
2.285485
2.834491
2.840892
2.878236
2.891904
2.650494
2.906332
2.495652
2.716191
2.894109
2.894109
1.291546
1.175504
3.384624
3.550687
2.032471
1.645414
2.608274
2.437673
2.417629
2.638878
2.525673
2.861870
2.993652
2.168293
2.078847
1.895988
2.869071
2.901870
2.819053
2.543242
2.996025
1.879215
1.609007
1.734801
2.212121
2.276989
2.835990
2.762544
2.730711
2.153383
2.195720
2.781054
2.531214
1.708661
1.646427
1.508813
1.374331
1.621974
0.960980
1.116460
1.684899
1.430027
1.855623
2.182962
2.000952
2.045408
1.662661
2.045408
2.182962
2.231921
2.231921
2.231921
2.369578
1.731646
2.572467
2.536903
1.838467
2.154368
2.299374
2.559232
2.160060
2.225866
2.202100
2.812037
2.890421
2.828844
2.848738
2.864109
2.827170
2.747799
2.869186
2.975674
3.211188
3.438527
3.302270
1.466694
3.421314
3.483831
3.361192
3.513644
1.856000
2.254383
2.254383
1.877022
2.636209
2.477659
2.329360
2.111996
2.980844
2.423315
2.406740
2.057587
2.980260
2.827028
2.276989
2.727475
2.153383
1.814120
1.524046
1.723992
2.195720
2.406035
2.549285
2.385561
1.519732
2.153296
2.148462
1.765237
1.765237
1.797922
1.518583
1.605276
1.631355
2.182962
2.182962
2.182962
1.691876
1.668522
1.551234
2.355278
2.464215
2.495238
2.404748
2.559232
2.131677
2.202750
2.561244
2.555762
2.555762
2.602495
2.503581
2.555762
2.492872
2.741467
2.828844
2.933357
3.100533
2.990490
2.857484
3.343918
3.421314
3.343918
1.673787
1.964238
1.079093
3.483831
3.361192
2.032471
2.032471
2.506512
2.254383
2.254383
2.636209
1.936262
1.989897
1.888095
2.810376
2.861870
2.819209
1.932084
2.016175
3.037082
3.053182
2.143274
2.084238
2.603089
1.987270
2.195720
2.550715
2.268303
2.183242
1.823314
1.921265
1.694987
1.508801
1.700552
1.244489
1.809880
2.000952
1.531941
2.154368
2.299374
2.325637
2.549901
2.089501
2.278365
2.471570
2.300698
2.839913
2.666416
2.741467
2.747799
2.606948
2.604720
2.892932
2.840585
2.822515
2.722823
3.343918
2.483482
2.444674
2.497824
3.409292
3.366761
1.107226
2.006120
2.032471
2.006120
2.239631
1.785398
2.407829
2.428359
2.329360
2.164078
2.648240
2.628084
1.835728
2.335849
2.591439
2.333662
2.980260
3.072406
1.642892
2.913396
1.664623
1.773446
1.997814
2.076932
2.365617
1.695506
1.694987
1.020646
1.209304
1.363381
1.167963
1.533624
1.631355
1.634630
1.483917
1.683685
1.507664
1.684899
1.401738
2.000952
1.514669
1.931911
1.363142
1.424590
2.020247
2.499495
2.500737
2.561244
2.555762
2.668004
2.555762
2.552589
2.873597
2.585240
2.831581
2.805184
2.864109
2.829644
2.575186
2.722823
3.312738
1.466694
1.964238
3.282963
3.282963
1.887419
1.905498
1.717476
2.290891
1.730657
1.951603
1.749956
2.146614
2.286006
2.469374
2.469374
2.406740
2.952302
2.136382
2.525439
2.604460
2.887649
2.344418
2.661523
2.322489
2.749048
1.916625
1.761858
2.846797
3.053182
1.905674
1.728706
2.018527
2.048544
2.264249
2.368778
1.962750
2.195720
1.698572
1.695506
1.985750
1.583697
1.505476
1.402963
1.508813
0.997454
0.957513
1.493089
1.483917
1.770151
1.770151
1.788511
1.770151
1.481996
1.523031
1.521982
1.658143
1.593423
1.192008
1.116434
1.110135
0.993347
1.057804
2.668004
2.411830
2.777812
2.549553
2.767484
2.890321
2.835685
2.806803
2.767484
2.881186
2.471854
2.500481
2.948207
2.892932
2.470791
2.975674
3.312738
3.319413
3.097214
3.140498
3.097214
1.887419
3.361192
1.679539
1.730304
2.284500
2.754317
2.661523
2.322489
2.952302
1.939433
2.625927
2.548313
2.782856
2.782856
1.760083
2.035350
1.606074
1.698572
1.745339
1.674474
1.674474
0.957513
1.167963
1.320733
1.357811
1.320733
1.483917
1.320733
1.631355
1.514068
1.603869
1.750245
1.615907
2.050047
2.404748
2.157755
2.499495
1.363142
2.017203
2.499495
2.499495
2.499495
2.017203
0.923160
0.967773
2.689166
2.812037
2.838668
2.848659
2.683629
2.822989
2.815721
2.848883
2.577131
2.892932
2.816963
2.695470
3.312738
1.614264
3.315399
3.206230
1.242256
2.118263
2.335530
2.529238
1.923561
2.164078
2.286006
2.895895
1.761858
2.887649
1.803224
2.151111
1.999962
2.684735
1.961172
2.212121
2.418671
2.559675
1.759382
1.961172
2.076932
2.188696
1.931836
1.583697
0.872716
1.348855
1.320733
1.472074
1.362815
1.587484
2.159228
1.110135
2.676619
2.658158
2.676619
2.658158
2.489811
2.690405
2.690405
2.534837
3.048999
1.536919
1.614264
3.025406
1.047177
1.887419
1.679539
1.730304
1.630987
2.139651
2.256606
2.216740
2.216740
3.020621
2.050855
1.933738
2.895895
2.952302
2.484723
1.660295
1.999962
2.549232
1.939433
2.692091
1.595210
1.563084
1.728706
1.677114
1.582388
1.583697
0.974439
1.117968
1.336306
1.320733
1.507664
1.305467
1.334074
1.506095
1.559269
1.543432
2.007008
1.475588
2.020247
1.273633
1.237102
1.057804
2.101115
0.923160
0.821339
2.193517
2.668004
2.757835
2.605234
2.758605
2.839913
2.804279
2.808171
2.849616
2.858370
2.963372
2.948207
2.606588
2.696883
2.896986
2.947021
2.822515
3.290562
3.312738
3.218388
3.171331
3.278913
3.278913
3.048999
1.801974
2.381641
3.053673
2.776818
2.286006
2.455957
2.364891
1.847085
1.582388
2.076932
1.976174
2.423732
1.476982
1.044387
1.434956
1.376696
1.402515
1.468019
1.434499
1.488611
1.518824
1.790952
1.639085
1.514068
2.007008
2.377961
2.174457
2.223936
2.377961
2.284820
1.215365
2.101115
1.090233
0.968783
2.676619
2.676619
2.536305
2.791356
2.797040
2.805535
2.632878
2.652929
2.762905
2.624470
2.577131
2.963372
2.963372
2.568592
3.227986
2.870577
2.445874
3.003471
1.789145
1.887419
2.684735
2.529870
2.508132
1.759382
0.933153
1.117968
1.146863
1.602911
1.573529
1.769202
1.989818
2.468592
2.377961
1.935873
1.989248
2.229318
2.714501
2.778462
2.768089
2.683629
2.827560
2.839053
2.752008
2.572016
2.543962
2.577131
2.912885
2.819715
2.921329
2.983515
3.003471
3.248909
1.340418
2.316219
1.801974
2.355385
2.228345
2.021248
1.849424
2.284500
2.919942
1.863681
2.182780
2.919942
2.902749
2.332512
1.925690
1.803224
2.914643
2.057587
1.899345
1.789283
1.894555
1.321859
1.432618
1.513020
1.179675
1.351333
1.425514
1.514039
1.996610
2.003606
1.017281
2.683697
0.821339
2.264538
2.264538
2.805535
2.803989
2.726473
2.731781
2.680980
2.758605
2.790004
2.785897
2.815606
2.426935
3.171331
2.879213
1.715210
1.830064
2.919830
2.179104
2.035741
2.584769
2.902749
2.769408
2.695106
2.513586
2.895895
1.870517
1.803224
2.407594
2.407594
2.020408
0.926110
1.489634
1.532143
1.575274
1.561396
1.382197
2.733542
2.733225
2.773576
2.793479
2.569078
2.536305
2.648934
2.798195
2.541643
2.975030
2.431356
2.794466
2.878275
3.197517
3.186670
3.135082
3.248909
3.156021
2.388862
2.351651
1.789145
2.619989
2.042934
2.023490
2.583912
2.919942
2.776818
1.925690
2.495941
2.633545
2.677811
1.764071
2.109070
2.027121
1.911876
1.723948
1.768496
1.904618
2.013701
0.872716
1.713324
1.494997
1.816602
1.676265
1.370211
1.794521
1.506095
2.043761
1.659286
2.002177
2.218211
2.285950
1.899877
2.121309
2.159153
2.159153
1.849611
1.775924
2.006914
1.856676
2.297256
2.297256
2.297256
1.090233
2.636212
2.636212
2.495927
2.636212
2.599401
2.228587
2.649096
0.736222
0.736222
2.769087
2.724256
2.726473
2.552746
2.530718
2.487771
2.469581
2.687703
2.878275
2.426935
3.004342
3.004342
1.717825
1.252802
1.311718
1.723963
1.638093
2.023948
2.192567
2.723669
2.331050
2.521370
2.448349
2.463837
2.215176
2.529870
1.907368
1.803224
1.313323
1.411677
1.275478
1.532143
1.655277
1.402361
1.706508
1.816602
1.498132
1.522082
1.899877
1.794521
2.151525
2.239152
2.248771
2.198647
1.547835
1.253639
2.162611
2.112892
1.253639
1.209453
2.007008
2.006914
2.145884
1.162227
1.920901
0.736222
0.821339
2.419949
2.769087
2.665302
2.796180
2.734667
2.734667
2.726473
2.723856
2.761262
2.790360
2.934995
2.912885
2.975030
2.975030
2.858370
2.739495
3.007904
2.575279
3.197517
1.980577
1.715210
1.638093
1.812235
2.619989
2.494668
2.583912
2.537940
2.369128
1.737243
2.020977
1.607971
1.812596
1.794001
1.079790
1.233937
1.413585
1.716000
1.538762
1.759503
1.434499
1.877104
1.958117
1.829035
1.914821
2.009439
1.875391
1.860627
1.498132
2.162611
2.112111
2.040576
1.254044
1.547835
2.109487
1.097398
1.018805
2.495927
2.605680
2.363795
0.944910
2.337203
2.548284
2.466742
2.723418
2.788958
2.759893
2.674479
2.798195
2.723856
3.197517
3.055871
1.640600
1.717825
1.644731
0.911939
0.814243
1.983795
2.008519
1.715677
1.863681
2.463837
2.591441
2.404826
1.764071
2.310910
2.020977
0.929028
0.819572
1.403534
1.442076
1.073306
1.688317
1.659662
1.829035
1.706508
1.484266
1.485053
1.899877
1.759503
1.878666
2.176912
2.238772
1.905368
2.232911
2.259907
1.996610
1.674329
1.692720
1.730553
1.935599
2.297256
1.927826
1.039152
0.796240
2.659204
2.720547
2.894572
2.540815
2.605927
2.799630
2.270492
3.121254
3.197517
3.079955
1.900496
1.632213
1.951114
2.361217
2.799180
1.847232
1.921769
2.619989
2.527057
2.723669
2.216982
1.762837
1.703907
0.872716
1.025859
0.882378
0.869388
1.311455
1.152369
1.442076
1.160828
1.335304
2.011066
1.838527
1.970856
1.997746
1.935599
1.104596
2.495927
2.202519
2.349129
2.608549
2.585472
2.491365
2.768089
2.469581
2.605927
2.531487
2.642325
2.799630
3.134023
2.270492
2.372682
1.860460
1.715210
1.464015
1.630649
2.077438
1.949991
1.715719
0.840920
1.101377
1.522039
1.405831
1.587762
1.644692
1.428167
1.850892
1.793920
1.189289
1.962046
2.055795
1.713685
1.713685
1.682795
2.130136
2.055795
2.223936
1.800220
2.520301
0.684808
0.727340
2.339015
2.645034
2.639082
2.742845
2.894572
2.472006
2.472006
2.971856
2.794306
3.121254
3.136721
3.121254
2.131211
2.361217
2.494668
1.983795
2.084334
2.369128
2.216982
1.978000
1.847576
1.008278
0.819903
1.283913
1.528824
1.702662
1.536999
1.850892
1.573529
1.948597
1.838527
1.746795
0.862327
2.520301
2.625618
2.625618
0.837564
2.548284
2.679773
2.659204
2.595493
2.377473
2.472330
2.423222
2.894572
2.838953
2.423592
2.642325
2.292864
3.068456
3.022299
3.084571
3.121254
1.847864
1.640600
1.860460
2.386247
1.630649
2.494668
1.784307
1.857089
2.190995
1.830655
2.221498
2.350200
1.571869
1.405831
1.405964
1.619258
1.551643
1.809809
1.540623
1.620618
1.154372
1.305869
1.503381
1.402811
2.055795
1.849611
1.609445
1.941412
0.896438
0.872957
0.947179
2.495927
2.426115
0.890215
2.359724
2.536109
2.723418
2.746042
0.695849
0.695849
2.466311
2.540815
2.671935
2.822721
2.964488
3.022299
2.139603
2.971856
1.572180
1.802551
1.401863
1.564569
1.552148
1.617704
0.929024
1.858664
1.809911
1.921622
2.366981
2.212081
2.156629
2.300937
2.172385
1.744697
1.717445
1.821620
1.881191
0.869388
1.164127
1.164127
1.154372
1.863112
1.532291
2.124553
2.056336
2.195469
2.363018
1.096413
1.062315
1.747680
2.002324
2.709857
2.573561
0.695849
0.696362
2.795756
2.796559
2.696205
2.376826
2.294557
2.838953
2.838953
2.838953
2.358724
2.822721
2.650654
3.084571
2.931103
2.204047
2.064165
2.031763
1.543971
2.361217
1.695900
2.033849
2.024989
1.650750
0.876832
0.968055
1.061201
1.489996
1.412115
1.412115
1.787896
1.708613
1.762800
1.139664
2.056336
1.402811
1.713685
1.062315
0.821752
0.886099
0.844720
2.253987
2.373540
2.605046
2.438960
2.568041
2.422675
2.165771
2.260373
2.981418
1.995134
1.598092
1.825601
1.365253
1.393928
1.022564
2.290516
2.241539
2.024989
2.089080
2.233770
2.170673
1.910881
0.890518
1.245006
1.444025
1.139664
1.608417
1.436103
2.306740
2.082393
1.249384
0.896438
2.426878
2.426115
2.426878
2.452648
2.362112
2.402524
2.340344
2.607390
2.746042
2.838953
2.749800
2.422608
2.260373
2.551048
2.719635
2.671935
2.804070
3.084571
2.859636
1.538431
1.735520
1.763296
1.433857
1.973038
1.116958
1.238020
1.830511
0.986760
0.911670
1.146900
1.341899
1.299792
1.309916
1.282508
1.154372
1.896614
1.923046
1.282508
1.166688
1.165424
1.331691
1.346274
0.890288
0.938369
2.120362
2.373540
2.474291
2.474291
2.573561
0.719925
0.696362
2.638790
2.728151
2.423592
2.587338
2.574341
2.961095
1.318150
2.386247
2.170673
1.744632
1.785560
1.866602
1.061694
1.065107
1.068969
1.299792
1.117919
1.500599
1.096413
1.500599
2.134876
1.127044
1.321711
1.154037
1.727015
0.872957
0.887661
2.377112
2.492191
2.156189
0.942109
2.430746
2.233017
2.239829
2.438960
2.278368
2.409089
0.796198
0.764672
2.749800
2.379370
2.701449
2.587338
1.847864
2.054419
1.735520
1.269357
1.969673
1.425958
2.345091
1.024920
1.005480
0.774995
2.345091
1.672899
2.290516
2.084106
2.003566
0.986760
1.622098
1.494330
1.868193
1.557577
1.544069
1.706012
1.948347
0.857005
0.983451
1.503381
1.001547
1.933064
0.975738
2.426115
2.312608
2.111208
2.549702
0.942109
0.896474
2.663319
2.268347
2.738921
2.656361
2.340951
2.740741
2.961095
1.563413
1.243474
1.197954
1.269357
1.721529
2.075136
1.656657
2.182876
2.232366
1.876976
1.683780
1.879456
0.890518
1.460675
2.025445
2.018664
1.226319
1.099222
1.099222
2.196338
2.156189
2.233017
1.040258
0.964728
2.403625
2.639868
0.987339
0.987339
0.813814
1.024260
2.260257
2.749800
2.485138
2.475794
2.430682
2.430682
3.004331
2.859636
2.807183
1.546307
1.681112
1.344007
1.574348
1.199306
0.904115
1.614625
1.635154
1.615129
1.699757
1.599057
2.028472
2.029967
1.688865
1.730398
1.885091
2.084481
2.004869
1.735099
1.570662
1.783673
1.461358
2.391314
2.291980
1.183865
2.638790
2.738921
2.783203
2.656361
0.819610
2.595133
2.643912
0.819610
2.171153
2.343399
2.847680
2.847680
2.859636
1.366182
1.355149
1.882213
2.003705
2.003705
1.120898
2.521424
2.345091
2.116897
2.094207
1.779931
1.785030
1.847927
1.561036
1.561036
1.196625
1.210153
2.153106
2.035096
1.070608
2.067148
1.040258
2.403625
1.153599
1.148891
2.197336
1.372881
1.148891
2.783203
2.280912
2.368996
2.343399
0.828744
2.807183
0.812815
2.847680
1.681112
0.873910
1.720640
1.803282
1.724039
2.106719
1.977381
2.062210
1.832437
1.576038
1.741820
1.366525
1.393063
1.718563
1.951809
1.947182
2.251234
2.153106
2.403625
1.376266
2.294846
2.549702
1.034387
2.685587
0.936397
0.848540
0.733567
1.312163
2.232294
2.137752
2.340889
0.937799
0.999985
2.210206
2.847680
2.757304
2.650349
2.827631
2.847680
2.011813
1.941463
1.355969
0.814680
2.011813
0.813318
1.933197
1.660255
1.696001
0.783914
1.018174
1.018174
1.176726
1.574348
1.687628
1.771845
2.252041
1.719539
1.803282
1.798357
1.478059
1.393491
1.735099
2.239726
2.083836
2.302360
1.526500
2.306959
1.366442
1.568949
2.608556
2.580429
1.362894
2.608556
2.685587
0.848540
2.685587
2.685587
1.592776
0.746892
1.372881
1.511766
0.736262
0.863658
0.763038
1.453191
1.470021
0.939321
2.653422
2.506305
1.831276
2.081785
1.201467
1.641603
2.081785
2.149648
1.982550
1.933197
1.850307
1.611356
1.901796
1.182357
1.803695
1.921681
1.663310
1.872394
2.190788
1.757207
1.426613
1.852884
1.503474
1.559037
2.672848
2.503749
2.268674
1.657475
1.566520
1.312163
0.949910
0.746892
1.047823
1.125766
0.957476
0.842945
1.051603
1.513943
1.511766
0.863658
0.736262
1.291007
0.959851
0.789851
1.068646
2.343399
2.217817
1.010947
1.456512
1.237813
2.210206
1.152378
1.420484
1.092688
1.155686
0.812815
2.779738
2.643912
0.951529
1.387142
1.909587
1.080898
2.190160
1.255732
1.249953
2.035392
1.987483
1.628049
1.573061
1.700794
1.723243
2.111208
1.517503
1.774685
2.362164
2.362164
2.062646
2.151818
2.134544
2.672848
2.119593
2.201379
2.202681
2.340889
2.201379
1.479165
2.383464
2.566284
1.456512
1.639155
1.639155
2.757304
1.802257
2.190160
2.190160
2.090368
2.152039
2.252041
1.693350
1.500746
1.633253
1.778472
1.757579
1.959967
1.872260
1.821807
1.596317
1.675978
1.880471
1.823865
1.823865
1.930253
1.595434
1.392110
2.371899
2.383464
1.639155
1.639155
1.634206
2.145121
2.145121
1.605220
1.686871
1.662251
1.822163
1.700794
1.847535
1.778472
1.697682
1.830608
2.217178
1.971455
2.346957
2.194042
2.503749
2.531270
1.647500
1.371954
1.638114
1.479165
2.578315
1.456512
2.078894
2.190160
1.605220
1.634463
1.682157
1.822163
1.764618
1.947182
1.650370
1.947182
1.817539
1.848117
2.077132
2.091311
2.052986
1.964228
2.091311
2.083852
1.933757
2.146360
2.136199
2.243166
2.323767
2.541034
2.180708
1.299353
1.329162
2.221866
2.372146
2.788167
2.670180
2.016806
2.959957
2.757304
1.900575
2.190780
2.299372
1.995898
1.941463
1.598015
1.551889
1.877683
1.788688
1.735705
1.845010
1.738217
1.964228
2.015733
1.974184
2.083836
1.859328
2.004521
2.194042
2.389737
1.390208
2.390135
1.295285
2.670180
2.546665
2.964892
2.838101
2.015846
2.827631
2.778650
1.804657
1.848425
1.982550
1.660255
1.693819
2.015349
2.190780
2.078894
2.003369
1.719737
1.667890
1.974184
2.111452
1.958008
2.243166
2.223392
2.136199
2.243166
2.136199
2.223392
1.996141
2.036975
2.087568
2.964892
1.470827
2.078924
2.190780
2.104821
1.490719
1.454598
1.611356
2.061547
2.061547
2.003369
1.781194
1.995207
1.836498
1.973495
2.017130
2.243382
2.237645
2.648226
2.964892
2.648648
1.844938
1.844938
1.654315
1.631840
2.190780
1.790430
2.061547
1.824912
1.510424
1.622731
1.533064
1.682157
1.936622
1.843272
1.638114
2.045090
2.621531
2.818913
2.056623
2.471237
2.752706
2.071365
1.631840
1.416615
1.546430
1.546430
1.754897
1.772316
1.463225
1.432644
1.851639
1.574746
1.937499
2.752706
1.713972
1.631840
2.208045
1.887123
1.421252
1.929013
1.844938
2.060239
2.333215
2.060239
1.510424
1.503961
1.453406
1.940823
2.061547
1.923822
1.566905
1.642209
1.537767
1.719835
1.969092
1.711619
1.827869
1.895045
1.866240
1.942966
1.836725
1.960339
2.752706
2.677407
2.752706
1.418347
1.305573
1.713972
1.470827
1.994904
1.895336
1.895336
2.208045
1.844938
1.844938
1.487808
1.552307
1.414400
1.662262
1.483181
1.883850
1.635990
1.502946
1.502946
1.912433
1.853046
1.916234
1.604271
2.150954
2.413282
2.393744
2.694088
2.483342
2.470866
2.694088
1.713972
1.994904
1.631840
1.419716
1.673862
1.725466
2.022833
2.387583
2.424369
2.262902
1.887123
1.533493
1.396917
1.563223
1.533493
1.987446
1.706506
1.786968
1.518590
1.867470
1.588483
2.413282
2.413282
2.297388
2.090100
1.329348
1.556908
1.472007
1.407010
1.595396
1.718432
1.446882
1.782968
1.546430
1.494718
1.746582
1.767848
1.552490
1.758502
1.608982
1.668992
1.707459
2.067769
2.413282
2.413282
1.312671
1.862887
1.881243
1.392404
1.392404
1.572337
1.575052
1.436531
1.556908
1.387352
1.392109
1.552168
1.556198
1.636038
1.705704
1.737917
1.681317
1.608379
1.860375
1.484000
1.399305
1.376240
2.134136
2.297388
1.327000
1.290452
1.329348
1.702729
1.568660
1.673459
1.807622
1.563500
1.574437
1.764772
1.954867
2.039510
2.030399
1.393843
1.500136
1.618415
1.804070
1.589627
1.738057
1.588294
2.203762
2.067769
1.805932
1.659130
1.391395
1.578707
1.500136
1.518590
1.568660
1.954867
1.853185
1.860290
1.617566
1.818985
1.370349
1.439570
1.571889
1.511348
1.445655
1.619058
1.466899
1.307940
1.305220
1.418899
1.671301
1.405060
1.439570
1.498931
1.437744
1.559977
1.483594
1.648651
1.559977
1.399305
1.332050
1.391395
1.537308
1.615313
1.533425
1.496196
1.537928
1.498931
1.450626
1.560220
1.399480
1.748048
1.293156
1.630422
1.844554
1.352744
1.571025
1.369550
1.499972
1.633890
1.458311
1.537928
1.365966
1.464616
1.477171
1.459925
1.636612
1.574437
1.844554
1.717981
1.262253
1.253581
1.812138
1.338129
1.729620
1.729620
1.532509
1.370349
1.399622
1.502658
1.297620
1.255880
1.421159
1.477826
1.528495
1.356589
1.610410
1.326423
1.637177
1.834618
1.758631
1.323095
1.493615
1.368816
1.706071
1.431480
1.379578
1.370086
1.477171
1.437744
1.297620
1.708434
1.657292
1.699870
1.587411
1.455985
1.395257
1.461278
1.363544
1.415170
1.314081
1.296451
1.471759
1.356589
1.680553
1.860290
1.410820
1.641037
1.323381
1.173261
1.211233
1.298570
1.630422
1.477463
1.576099
1.637177
1.504090
1.501045
1.191029
1.367098
1.449133
1.384577
1.333065
1.275919
1.610410
1.273127
1.455071
1.264542
1.392645
1.204893
1.393559
1.387346
1.136775
1.505830
1.482319
1.482319
1.404113
1.443107
1.310696
1.255622
1.273127
1.482319
1.340161
1.362788
1.390996
1.418813
1.280913
1.431386
1.517352
1.309063
1.462350
1.054909
1.078965
1.196598
1.136775
1.211233
1.190567
1.431386
1.072186
1.292948
1.243728
1.145638
1.054990
1.455071
1.347639
1.275806
1.340161
1.122892
1.154492
1.152530
1.486218
1.280401
1.174759
1.285205
1.293108
1.201495
1.232840
1.130152
1.072186
1.254793
1.248663
1.199031
1.199031
1.269185
2.734592
2.901510
2.740934
3.155477
2.065206
2.183008
2.070185
2.065206
2.916851
3.050785
3.004082
2.637808
3.329364
2.891675
2.613943
2.184696
2.119975
3.149637
2.787562
3.200257
3.497328
3.377325
3.840864
3.126570
3.188305
3.303848
3.291613
3.304664
2.696095
2.637808
3.218256
1.785398
1.856000
1.440542
1.771487
2.045408
2.231921
2.196845
2.254891
1.631840
1.631840
2.136144
2.724022
2.724022
2.724022
