6295 1 3
1.677756
1.677756
1.652331
1.599350
1.682440
1.722656
1.773805
1.706835
1.762665
1.768195
1.809222
1.994049
1.768195
1.812703
1.822411
1.812703
1.716897
1.841129
2.046530
1.967540
1.627042
1.722656
2.011633
1.929399
1.766131
1.817001
1.492059
1.533483
1.588143
1.533483
1.659548
1.545552
1.533919
1.586069
1.652331
1.720735
2.053250
2.101532
2.141223
2.151744
2.152954
2.157218
2.089660
1.830324
2.014541
2.090310
1.474052
1.453291
1.543239
1.474052
1.525050
1.822411
1.738873
2.090367
1.812945
1.776250
1.659548
1.882499
2.020768
2.396871
2.141223
2.011633
2.377821
2.015750
1.921205
2.015750
2.089631
1.396883
1.429615
1.521748
2.020768
1.894290
1.709101
1.721077
2.100739
1.734001
2.117100
2.035539
2.089631
2.312379
1.408301
1.436700
1.429615
1.639643
1.489562
1.489562
1.731740
1.612556
1.886902
2.007334
2.294587
2.088416
1.817001
1.915674
2.021356
2.020854
1.513284
1.485978
1.542652
1.595564
1.698484
1.659548
2.056406
2.201645
2.293216
2.197032
1.712219
1.830063
2.319618
1.722656
1.735740
2.387613
2.356079
1.875028
2.439623
1.996017
2.142108
2.224426
1.407860
1.372771
1.374165
1.558409
1.513284
1.684353
1.633842
1.433456
1.721604
1.932010
2.019499
1.933245
1.669401
1.886902
2.056406
2.096693
1.886902
2.175132
1.633105
2.640953
2.020854
2.439623
2.443292
1.407860
1.320688
1.346560
2.018287
1.958437
1.575682
2.367167
2.016824
2.098262
2.192722
1.543226
1.805523
1.387342
1.687191
1.932358
1.933054
1.987472
2.009747
1.575682
1.743365
2.007181
1.886902
2.423783
2.633433
2.021356
2.086789
2.201919
2.152872
2.372639
2.277798
2.270939
1.320688
1.592660
1.384633
2.128502
2.018287
2.159514
1.780805
1.885699
2.363835
2.363835
2.111187
2.546569
2.314831
1.846713
2.572988
2.600926
2.017714
1.856224
2.191722
2.191722
2.213513
2.431786
2.666109
2.633433
2.678206
2.639412
2.669868
2.316385
1.247761
1.425079
1.494389
1.483818
1.422825
1.735704
1.937105
1.414149
1.385380
1.933054
2.089262
1.987472
2.237127
1.470653
2.271963
2.600926
2.639550
2.651669
2.647074
2.191722
2.602078
2.615502
2.615502
2.642302
2.358005
2.473938
1.684353
2.034992
1.987472
2.139830
2.184757
2.261580
2.018287
2.433878
1.925388
2.833906
2.640953
2.824014
2.278629
2.163001
2.479441
2.872317
2.845252
2.785897
2.778296
2.591790
2.639227
2.082879
2.378141
2.304148
1.335391
1.270301
1.426340
1.517503
1.298936
1.298813
1.776915
1.298936
2.047133
1.358682
1.932358
2.210054
2.018287
1.996126
1.846713
2.435190
2.143230
2.278629
2.435190
2.278629
2.332593
2.191722
2.043321
2.636694
2.845252
2.873884
2.249623
2.059326
2.639412
2.761462
2.761462
2.590098
2.600221
2.771896
2.587092
2.720329
2.452465
2.397403
2.507539
2.628332
2.304148
2.211362
1.239423
1.653138
1.710922
1.665585
1.903305
2.598332
2.231618
2.105333
2.226783
2.441088
2.111187
2.152809
2.718683
2.748108
2.299290
2.817091
2.600926
2.863044
2.772023
2.666109
2.870026
2.678042
2.785897
2.722790
2.722790
2.270939
2.384630
2.628332
2.582560
2.239630
2.225164
2.345628
2.135834
2.540376
2.415852
2.278046
2.278046
1.812518
1.950170
2.235430
2.237127
2.160741
2.231618
1.612829
2.441088
2.039150
2.590009
2.794280
2.532658
2.965415
2.435190
2.186169
2.372893
2.785897
2.757228
2.639412
2.778296
2.251240
2.823628
2.724479
2.741161
2.741161
2.566943
2.452465
2.530061
2.465189
2.478380
2.037264
2.194299
1.249827
1.231166
1.757888
1.612168
1.743469
2.061811
2.124556
1.411049
2.309670
2.129226
2.309670
2.354244
2.160741
2.718683
1.948186
2.786205
2.765214
2.794280
2.833906
2.817091
2.299290
2.102666
2.378354
2.852992
2.827462
3.011136
2.853436
2.718486
2.757228
2.251240
2.362534
2.180939
2.552928
2.588193
2.861735
2.049330
2.245850
2.372696
2.326092
2.396596
1.403217
1.292880
1.288175
1.743469
1.917666
1.362953
1.853878
2.111074
2.205267
2.383691
2.300626
1.582301
2.195855
2.472417
2.401067
2.237127
2.495667
2.152809
2.382167
2.962909
2.771002
2.255235
2.758391
2.294400
2.827462
2.965783
2.965783
2.718486
2.882583
2.974732
3.016334
2.757228
2.885017
2.862564
2.757228
2.820476
2.820476
2.923625
2.671243
2.718844
2.820476
2.908134
2.670189
2.473938
2.607191
2.530061
2.384630
2.592109
2.697120
2.131393
1.432754
1.645342
1.840328
1.854320
2.045790
1.944502
1.944502
2.124556
2.195855
2.289249
2.195855
2.299960
2.401067
2.401067
2.382167
2.495667
2.231618
2.382167
2.501892
2.640545
2.609226
2.934349
2.912850
2.875825
2.435190
2.786205
3.008233
3.241869
2.823628
3.071490
3.078014
2.246528
2.751701
2.933897
2.704843
2.738795
2.270939
2.416958
2.397403
2.514761
2.514761
2.571763
2.343440
2.445861
2.282394
2.213018
1.348152
1.481548
1.679486
1.869297
2.056448
1.451216
1.350157
2.399113
2.472417
2.472417
2.401067
2.495667
2.890183
2.971720
2.926656
2.971720
2.490493
2.532658
2.399669
2.196542
2.186169
3.045643
3.100856
3.100856
3.078014
3.097794
2.864769
2.923625
3.089555
2.588532
2.491941
2.081503
1.288175
1.854320
2.032059
2.199498
2.456140
2.512661
2.336301
2.309670
2.590285
2.430616
2.654792
1.872328
1.775841
2.085654
3.133434
2.474993
2.817091
3.078856
2.828190
3.004317
2.868633
3.031376
3.284210
3.025651
2.753278
2.842072
2.861735
2.848170
2.861735
2.726054
2.416958
2.787632
2.712256
2.344325
2.168709
1.915893
1.959359
1.396816
1.396816
1.279846
1.326888
1.211466
1.633066
1.443374
1.330827
1.298813
2.273903
2.512661
2.501306
2.401067
2.495667
2.962909
3.093605
2.971720
2.544984
2.338573
2.934349
2.309629
3.053088
2.945779
2.968868
3.030495
2.936300
2.951254
2.461725
2.896561
2.864306
2.986076
2.526436
2.408409
2.342848
2.882583
3.089555
2.428127
2.410620
2.531435
2.729928
2.630191
2.783951
2.617996
2.877329
2.344325
2.514761
2.494761
2.617996
1.533403
2.479021
2.479021
2.479021
2.654792
2.654792
2.676111
2.958528
3.021157
3.097760
2.919011
2.039150
2.490493
3.034884
3.097760
2.983697
2.399669
3.108817
3.074713
2.337394
2.363811
3.045643
2.927617
3.097794
3.031376
3.030495
3.078014
2.882583
3.078014
2.847865
2.916837
2.810332
2.953270
2.810332
3.035555
2.967265
2.939594
2.967265
2.981920
2.939594
3.032964
2.245850
2.712256
2.573510
2.712256
2.068611
2.048946
2.354045
1.481548
1.349371
1.806400
2.459020
2.470133
2.765257
2.531397
3.034884
2.411588
2.474993
3.096384
2.610165
2.353380
3.295634
2.965415
3.053088
2.240732
2.323010
3.238314
3.192094
3.284684
3.300210
2.922778
2.922778
3.453813
3.051386
3.002066
2.549575
2.905052
2.864769
3.032828
3.338120
2.967265
3.134007
2.517517
2.833328
3.071897
2.833328
2.951546
2.416958
2.981920
2.712256
2.017148
2.116642
1.444415
1.704083
2.043678
1.453946
2.229081
1.415068
2.629860
2.515057
2.672416
2.765257
2.714337
2.675099
2.025217
2.742687
2.309629
3.236089
2.309629
3.231396
3.044871
3.100016
2.981356
3.187328
3.238314
3.085656
3.217181
3.275267
3.478035
2.922778
3.050360
3.132266
2.944494
2.997612
3.002066
2.883753
3.338120
2.415954
2.488528
3.071897
3.071897
2.642604
2.939594
2.511743
2.861714
2.803725
2.803725
2.787300
2.000243
2.466349
1.976511
2.199520
1.295753
1.404851
1.435591
1.610261
1.487482
1.270663
1.804710
1.285190
1.914475
1.296728
2.239819
2.179244
2.518457
1.627665
2.456140
1.853165
1.657661
2.919571
3.012623
3.139601
2.911509
2.284199
3.299109
3.267254
2.671195
3.299109
3.299109
2.992717
2.085654
3.025435
2.319847
2.899619
3.025651
3.157086
3.025651
3.119737
2.931936
2.931936
2.507557
3.166886
3.166886
2.885017
2.953270
3.279152
3.278571
2.428127
3.016478
2.861855
2.712256
2.876096
2.947230
2.646414
2.634414
2.294412
1.360495
1.397631
1.183557
1.299621
1.936627
2.064434
2.372280
1.564047
2.553572
1.940806
1.863436
3.139601
2.832311
2.832311
3.361760
3.256120
2.671195
2.818826
2.513604
2.768117
2.418892
3.078856
3.375428
2.927617
3.464182
3.470368
3.165152
3.503127
3.488381
3.300210
3.453813
3.470368
3.276260
2.601091
3.166886
3.112233
2.945429
2.883753
3.030055
3.278571
2.750068
2.630191
2.531435
3.121406
3.164389
2.511743
3.061454
3.016478
3.016478
3.162950
2.773270
2.156601
2.048946
2.490830
1.456400
1.485484
2.277582
1.591128
1.673287
2.554204
1.748006
2.899858
2.765257
2.760004
3.139601
2.284199
3.206737
2.353380
3.133434
2.271724
2.237600
3.446598
3.082589
3.221519
3.478035
3.446598
3.636216
3.164580
2.999201
3.164580
3.638300
3.165152
3.173616
3.237388
2.954562
2.908168
3.495024
3.195651
3.072655
3.243131
2.642604
2.531435
2.642604
2.441549
3.016478
3.016478
3.016478
2.944384
3.054232
2.634414
2.341306
2.314646
1.823075
1.232737
1.223819
1.913471
1.368579
1.279846
2.290977
2.636505
2.530316
2.672416
2.588854
2.672416
2.845772
2.923769
2.789129
2.765257
2.691325
2.919571
3.361760
2.609593
2.443542
2.717326
2.911509
3.314638
3.165558
3.187328
3.636216
3.464182
3.254138
3.119005
3.674692
3.163538
3.032444
3.453813
3.331251
3.689468
3.173616
3.176272
3.080113
3.325245
3.032828
3.097960
3.520021
2.951546
3.279152
2.474880
3.243131
2.488528
3.217427
2.642604
3.131729
2.883296
3.011652
2.735058
1.271721
1.244115
1.498649
1.255255
1.560670
1.711128
1.306872
1.375975
2.153727
2.520536
1.730665
1.798005
1.853165
2.041350
2.754792
2.901010
2.667898
2.723733
2.436682
3.424233
2.960810
3.236089
3.314638
3.134720
3.103522
3.462886
3.629995
3.299671
3.544586
3.190569
3.169612
3.372656
2.601091
3.219581
3.219581
3.219581
3.219581
3.369492
3.140464
3.030055
3.495024
3.519506
3.271965
3.030055
3.235769
3.279152
3.356248
3.248647
3.248647
3.415223
3.368548
3.279152
3.121406
2.604050
2.642604
3.185688
2.637475
3.164389
3.016478
2.883296
2.438342
2.187756
2.187756
2.401482
1.690921
1.805944
1.918016
2.529388
2.520536
1.786309
1.663719
1.637282
2.555152
2.380615
2.513850
2.629860
2.863890
2.963971
2.807916
2.982550
2.591713
3.507459
2.795837
3.824597
3.689468
3.453813
3.398692
3.157086
3.112233
3.439963
3.262153
3.447381
3.447381
3.279535
3.495024
3.519506
3.188704
3.279152
3.458352
2.745812
2.511743
3.164389
3.178653
3.011652
2.554755
2.559370
2.252781
1.244115
1.408151
1.301882
1.744053
2.135638
2.100078
2.520007
2.378260
1.637282
2.529388
2.662751
1.871604
1.934544
2.385016
1.799371
2.030640
2.189684
2.470051
3.387460
2.195515
2.711877
2.312752
2.418892
3.314982
2.852666
2.339690
2.924186
2.456283
3.650857
3.650857
3.544586
3.544586
3.544586
3.650857
3.544586
3.282799
3.282799
3.541226
2.885824
3.170467
3.163479
3.271965
3.113127
3.063236
3.415223
3.457061
3.458175
2.474880
2.535372
2.957114
2.642604
3.368548
2.604050
2.745812
2.866842
3.180743
3.102124
3.148583
2.895642
1.951459
2.137738
2.438342
1.994806
1.978561
1.963771
1.881822
1.222764
1.427506
1.979418
2.277582
2.244774
2.662751
2.680575
1.909755
2.689270
1.998632
2.773388
3.023372
3.006085
3.006085
2.030640
2.295167
1.934544
2.569323
2.113586
2.929590
2.901010
3.110948
2.756271
2.717326
3.196677
2.362397
2.717326
2.301129
3.477219
3.373602
2.254753
2.837676
3.186568
3.079376
3.108882
3.164580
3.283150
3.188236
3.544586
3.415911
3.372656
3.398506
2.718303
2.696979
2.616103
2.919157
2.806175
2.869304
2.806175
3.590663
3.271965
3.139502
3.302171
3.251246
2.957114
3.235333
3.251246
2.812901
2.956350
3.458175
3.423560
3.367149
3.319357
2.637475
2.637475
3.011652
2.358503
2.573525
2.438342
2.279123
2.438342
2.368968
1.881822
1.347115
1.260967
1.591668
1.847329
1.965583
2.327860
1.462652
1.741053
2.689270
1.928976
2.103814
2.963971
2.030640
2.185236
2.555045
3.072321
2.383746
3.072321
2.471538
2.539914
3.445633
2.250971
2.717326
3.378003
3.186568
2.919306
3.209111
3.785563
3.629995
3.636216
3.297938
3.398692
3.843760
3.683910
3.299671
3.299671
3.509137
2.869304
3.372656
2.720460
3.760761
3.520952
3.369492
3.399912
3.271965
3.519506
3.660565
3.747373
3.760761
3.529091
3.399912
3.458175
3.457061
3.049920
3.049920
2.957114
3.472872
3.368548
2.812901
3.117078
2.507154
2.427108
2.203982
2.337834
2.562120
2.017972
1.919813
2.104923
2.035657
1.244115
1.286790
1.839904
1.771645
1.638748
1.563689
1.763981
1.699596
2.529388
2.609209
1.928976
1.928976
1.985379
2.016564
2.474795
2.459964
2.699415
2.185236
2.381862
3.072321
3.437966
2.756271
2.679451
3.233198
2.756271
3.445633
2.177742
3.373602
3.421669
3.345179
3.406012
3.328951
3.205874
3.500825
3.629995
3.230037
3.668498
3.350350
3.683910
3.631784
3.633678
3.359104
3.541226
3.415911
2.754051
3.509137
3.645123
2.869304
3.439963
3.760761
3.679493
3.660565
3.399912
3.140464
3.399912
3.592477
3.660565
3.356248
3.587265
3.182851
3.302464
3.319357
3.302464
3.319357
3.142528
3.011652
2.438342
2.136534
2.279123
2.164693
2.164693
1.791526
2.108089
1.974003
1.307394
1.553425
1.650771
1.788610
2.301878
2.270278
1.909755
1.933777
2.495589
1.909755
2.045336
2.184853
2.338755
3.023372
3.006085
2.459964
2.583826
2.555045
1.926858
2.573873
3.110948
2.804093
2.410398
2.699415
3.363862
2.363616
2.043106
3.443323
2.652341
3.650056
3.542993
3.421669
2.776711
3.186568
3.186568
3.186568
3.230037
3.230037
3.400406
3.415911
3.743859
3.415911
3.541226
3.509137
2.869304
3.584291
3.682110
3.456565
3.735400
3.682110
3.760761
3.075576
3.446595
3.346508
3.446595
3.632680
3.182851
3.457061
3.535174
3.182851
3.182851
2.956350
3.490679
3.457061
2.812901
2.812901
2.745749
3.169903
2.635616
2.565481
2.635616
2.624108
2.573525
2.279123
2.424594
2.208742
2.208562
2.041254
1.855012
1.370480
1.445761
1.892401
1.911794
2.297773
2.114841
1.439915
2.212188
2.446777
1.833313
2.590252
1.861668
1.985379
2.897402
2.453742
3.023372
2.218390
2.420897
2.565074
2.682287
2.637919
2.761283
3.240508
2.756271
2.761283
2.679451
3.530512
3.507459
3.542993
2.401686
3.345179
3.280549
3.186568
3.230037
3.313152
3.411283
2.489610
3.425923
3.824512
3.283150
3.996204
3.633678
2.639255
3.089001
3.076644
2.995687
2.854052
2.975319
2.969477
3.576900
3.446595
3.587265
3.281080
3.587265
3.533809
3.050519
2.812901
2.588341
2.745662
3.210502
2.915102
2.985660
2.639198
2.797667
2.391592
2.639198
1.994806
2.136534
2.164693
1.817898
1.330320
2.164912
1.514803
2.157027
1.589360
1.476508
1.765737
1.886426
2.244080
1.686245
2.054028
1.880058
1.806422
2.097797
2.116266
2.448851
1.985379
2.097797
1.765495
2.940242
2.061196
3.040900
1.852057
2.184853
2.459964
2.701378
2.795721
2.281211
2.281211
1.898098
2.219702
3.485283
2.551798
2.428456
2.498423
3.530512
3.445633
3.593068
3.595473
3.536772
3.610008
3.477219
2.276057
3.441990
2.837676
3.280549
3.345179
3.280549
3.283150
3.283150
4.005672
3.415911
3.376490
3.988700
3.975207
3.817866
3.988700
3.541226
2.919157
3.074894
3.886002
3.747373
3.185338
3.235333
3.520712
3.442272
3.356256
3.311999
3.457061
3.311999
3.623765
3.535174
2.902151
2.956350
2.685573
3.319357
3.142528
3.082191
2.496861
2.422918
2.635616
2.435016
2.755906
1.867344
2.005187
1.745949
1.794283
1.366072
1.276365
1.345482
1.233208
1.650771
1.658858
2.297773
2.249181
2.214779
1.946033
1.755613
1.757260
1.807312
2.009557
1.757260
2.054028
2.116266
2.484048
2.400527
3.086549
2.940242
2.441839
2.795721
2.795721
3.066508
2.804093
2.922954
2.296346
3.381397
3.508505
3.485283
2.711877
2.655794
3.030507
3.306804
3.103869
3.669415
3.205874
3.669415
3.411283
3.747975
3.214167
3.313152
3.941164
3.785563
3.968024
3.824597
3.785563
3.831581
3.359104
3.633678
3.843760
3.770556
3.743859
3.908678
3.817866
3.855992
3.855992
3.788814
3.855992
3.803645
3.392989
3.392989
3.127546
3.167607
3.050519
3.167607
3.533809
2.811832
3.050519
2.956350
3.368037
3.346788
2.639198
2.697699
2.208742
2.164693
2.485219
2.379758
1.353460
1.380257
1.502851
1.486642
1.374188
1.574591
2.233464
1.621625
1.621625
1.900162
1.547890
2.009557
1.637165
2.590252
2.395089
3.141990
2.922954
2.040403
3.066508
3.381397
2.821454
2.457107
3.669415
3.941164
3.125622
2.651598
3.955801
3.350350
3.988700
3.988700
3.631963
3.074894
3.231795
3.631963
2.754122
3.855992
3.576900
3.855992
3.284500
3.520712
3.392989
3.167607
3.167607
3.050519
3.377885
3.043518
2.665450
3.368037
2.931665
2.574071
2.574071
2.507154
2.923959
2.435016
2.435016
2.574071
2.317394
2.531624
2.529455
2.625623
1.765838
1.401492
2.051490
1.517311
2.284077
1.729496
1.636573
1.900162
2.009557
2.009557
2.487215
1.637165
1.816842
2.973513
3.086549
2.377034
2.391209
2.019621
2.922954
2.378298
2.504459
3.175168
3.669415
3.251432
3.992127
4.102210
3.339305
3.494192
3.839815
3.770556
3.992127
4.067790
2.586324
2.995687
3.223944
3.158932
2.800587
2.975319
2.800587
3.023886
2.975319
3.803645
3.346508
3.529578
3.529578
3.110055
3.613708
3.558045
3.428128
3.490679
3.533253
3.479597
2.665450
2.947754
3.368037
2.474072
2.755906
2.755906
2.755906
2.390222
2.011479
2.147414
2.039979
2.039979
1.813685
1.486642
1.617508
1.788610
1.712179
1.795009
1.825827
1.903309
1.918948
1.966001
2.102559
2.166265
1.741452
1.733815
1.636573
1.946033
1.946033
2.996524
2.782946
1.816842
1.747341
3.145251
2.311778
3.030731
2.476516
2.764638
2.544055
3.359268
3.253726
3.583653
2.894371
3.137998
3.500233
3.770556
3.158932
3.231795
2.835392
3.826149
3.788814
3.631963
3.905418
3.826149
3.632680
3.632680
3.392989
3.172659
3.167607
2.846014
2.665450
2.745662
2.902151
2.629542
2.718097
2.868718
2.773182
2.039979
2.325154
1.902584
1.761389
1.660448
1.308091
1.919243
2.291574
2.137570
1.892401
2.160153
2.324137
1.725683
2.447807
1.854124
2.203347
1.729496
1.875292
1.849186
2.025030
1.600040
2.433147
1.709390
2.996524
2.437274
2.400527
3.145251
3.145251
1.898098
1.935056
2.308764
2.866192
2.866192
2.398313
2.347490
3.306804
3.824793
3.824793
3.695968
3.607422
4.139358
3.975207
3.908678
3.840854
3.261729
3.708888
3.397688
3.231307
3.479597
3.550100
3.340803
2.995081
2.995081
3.097960
3.377885
2.792717
2.167347
2.169882
2.147414
2.064175
1.834519
1.813685
1.834519
1.834519
1.361611
1.424578
1.357640
1.374936
1.482296
1.488275
1.829159
1.927669
1.903309
2.028341
1.510697
2.070049
2.263983
2.244730
2.202093
1.580425
1.597754
1.854124
1.741452
2.577912
1.729496
1.849186
1.849186
2.179255
2.454768
2.656680
2.656680
2.656680
2.780972
2.973513
3.145251
2.668772
3.379687
3.695968
3.462258
3.824793
3.093481
4.073358
4.073358
4.067790
3.261729
2.921876
3.023886
3.023886
3.630166
2.629542
2.343678
2.474072
2.575565
2.642703
2.682573
2.295227
2.064175
1.834519
1.834519
1.700170
2.181564
1.961244
1.667729
1.721606
1.464528
1.903309
2.004022
2.196507
2.070049
2.263983
2.358345
2.550262
1.741452
1.922540
2.375616
2.456922
1.596354
1.615196
1.692438
2.780972
2.782946
3.076085
2.357365
3.212004
3.179402
3.379687
3.695968
2.448976
4.160651
3.137998
4.144471
4.042777
3.087816
2.872112
3.023886
3.520712
3.409154
3.558045
3.558045
3.409154
3.377885
2.439462
2.865823
2.842078
2.842078
2.471836
2.474072
2.865823
2.792985
2.792985
2.196890
1.917845
1.812602
1.776133
1.719896
1.312725
1.367563
1.406835
1.543350
1.505839
1.903309
1.987338
1.922540
2.324137
2.406306
2.379916
2.550262
2.401150
1.854124
2.632700
2.268480
2.381244
2.381244
2.533788
1.762375
2.454768
2.908804
3.076085
2.908804
1.786816
2.366472
2.496421
2.562261
2.992323
2.857934
2.963643
3.760358
3.933567
3.933567
3.844100
3.779389
4.216076
4.216076
4.098310
4.098310
2.607090
4.142231
4.170454
3.878671
4.215842
4.067790
3.542879
3.840854
4.129978
3.037136
3.104111
3.231307
2.774975
2.691595
3.257616
3.533186
3.493459
3.479597
2.462407
2.575081
2.462407
2.998878
2.768843
2.839431
2.639688
2.665913
2.343382
2.153076
1.977637
2.187569
2.379410
1.857669
1.777924
1.795149
1.664230
1.386538
1.386538
1.683708
1.518184
1.411385
1.435619
1.998029
1.903309
2.100032
1.704334
2.524271
2.550262
1.797245
2.632700
2.400519
2.738803
2.175241
1.735154
2.536974
2.327295
2.724869
2.828826
2.908804
2.352779
2.312379
2.097110
2.240680
2.319257
3.179402
2.942813
3.093481
2.938869
4.098310
3.869055
3.302655
3.512658
3.302655
3.067240
2.775484
3.533186
3.533186
3.493459
2.951022
2.588336
3.377885
2.695872
2.810760
2.843415
2.882879
2.842078
2.476740
2.882879
2.306706
2.317394
2.665913
2.572566
2.378209
1.937816
1.761409
1.716464
1.716464
1.496202
1.711522
1.649624
2.286864
2.358345
2.172507
1.922540
2.358345
2.524271
2.560374
1.680519
1.797245
2.309601
1.748819
2.315924
2.353384
2.452145
2.452145
2.446725
2.446725
2.591678
2.879644
2.296334
2.294339
3.243289
3.076085
2.992323
2.658787
2.357064
3.480047
3.933567
3.933567
3.480047
3.220102
3.417692
3.220102
3.125622
2.546329
2.649259
3.231795
3.302655
3.276042
3.056806
3.013325
3.025897
3.409154
2.711205
3.618134
3.597701
3.392533
2.990928
3.439585
2.662014
3.500981
3.347555
2.476740
1.554621
1.598886
1.399587
1.829610
1.829089
1.829089
2.068399
1.543965
2.280169
1.998029
2.100032
2.233937
2.100032
1.761580
2.329942
1.762209
1.897652
1.904197
2.505732
2.296604
1.897652
1.922540
2.473238
1.922540
1.922540
2.462718
2.606950
2.689099
1.676449
1.687021
2.335307
3.076085
1.852123
2.150994
2.150994
3.180107
2.779279
2.634278
4.009499
3.761251
2.480649
3.015936
4.216076
4.284886
4.215842
3.607422
3.840854
2.715725
2.884160
3.257948
3.409154
3.500981
2.476740
2.476740
2.859488
2.655696
2.476740
2.720381
2.902268
2.560795
2.408396
2.332002
2.621663
2.489053
2.153076
1.773396
1.802947
1.328178
1.433492
1.586812
1.329345
1.565802
2.390540
1.619717
1.762209
1.922540
2.401150
2.248984
2.089345
2.632700
2.613518
2.702671
1.762375
2.591678
2.591678
2.314277
2.828826
2.964869
2.049050
2.293637
1.829545
2.372496
2.119476
2.439432
2.873467
2.986183
2.956507
2.986183
3.410328
3.718105
2.323138
2.276892
2.617867
3.265682
3.278261
2.857934
2.731489
2.995476
3.203841
3.029585
3.632126
2.734498
3.820718
3.257948
3.310826
3.257616
3.061792
3.460968
3.033798
2.616233
2.482402
2.859488
2.749698
2.897890
2.754302
2.599109
2.589451
2.498303
2.498303
2.529233
1.980140
1.887408
2.425832
1.773396
1.860480
1.773396
1.933368
1.860480
2.001943
1.658642
1.390379
1.945621
2.068399
1.603292
1.904197
2.276772
2.296604
2.495794
2.394668
2.606950
2.613215
2.179852
2.279884
1.587530
2.379597
2.485332
2.564251
2.826888
2.367555
2.248535
2.581182
1.946819
3.947663
3.947659
3.698057
3.782632
2.323138
3.473142
2.655002
2.371191
2.408102
2.422214
2.655002
4.216076
4.277194
3.632126
4.277194
4.277194
4.022367
3.869055
3.302655
3.548580
2.843696
3.257948
3.129811
3.284153
2.780503
3.006884
3.445669
2.646230
2.670820
2.928358
3.445669
3.439585
3.445669
3.231427
3.424736
2.616233
2.744449
2.612966
3.051748
3.033798
2.812304
2.861479
2.306706
2.684798
2.529233
2.132637
2.058205
2.425832
2.221375
2.225223
2.003480
1.724173
1.724173
1.868087
2.003810
1.806577
1.937816
1.670377
1.996232
1.825608
1.670377
1.306083
1.350411
1.426473
1.806205
1.665410
1.590233
2.194535
2.286864
1.761580
1.688695
1.703107
2.333523
2.606950
1.737361
2.606950
2.292277
2.323798
2.335723
2.224189
2.826888
2.964869
2.659487
3.971465
2.078429
2.336178
3.247236
2.546329
4.284886
3.463491
3.412219
3.488789
3.632126
2.542379
2.633792
2.500952
3.774236
2.826097
2.630718
3.327552
3.548580
2.689336
2.921876
2.880137
3.257948
3.129811
3.464316
3.445669
3.433151
2.841463
3.424736
2.612966
2.752696
3.240445
3.244659
2.470398
3.051748
3.068714
2.886476
2.151053
2.470398
2.812304
2.749698
2.897890
2.651592
2.722440
2.327332
2.589451
2.132637
2.290286
2.498303
2.350673
1.768289
1.776625
2.042411
2.042411
1.554621
1.209524
1.601226
1.669259
1.891959
2.160577
2.272740
1.707337
1.682952
1.829337
1.904197
1.904197
2.492586
2.780392
2.280974
2.298312
2.409989
2.494685
2.641834
2.729339
2.781690
3.659339
3.801982
3.900881
3.085087
3.947659
3.997679
3.936112
3.828268
3.058589
2.797656
2.590890
2.521215
3.282031
4.248342
4.049544
3.950903
2.479311
2.513794
3.331438
3.257948
3.006884
3.331438
3.441843
2.851992
2.944615
3.433151
3.599665
3.580125
3.543372
3.220142
2.551513
3.211260
2.752696
2.746723
2.612966
2.972090
3.033798
2.740178
2.496970
2.679728
2.564838
2.117195
1.887408
1.980140
1.933368
2.173487
1.996416
1.847438
1.849522
1.825608
1.822662
1.322429
1.196940
1.476041
1.540465
2.060153
1.697487
1.862841
1.843320
1.699833
2.410491
2.364866
2.320187
2.626931
2.662554
2.778152
2.735866
2.266892
2.756940
2.854256
3.947659
2.711005
2.711255
2.655002
2.679164
3.058589
2.457407
3.280569
4.270504
4.168657
4.263010
4.058472
4.202198
4.202198
3.327552
3.330703
3.297457
2.452739
2.724016
3.727044
3.393549
3.129128
3.580125
3.672293
2.444785
3.585568
2.474755
3.524040
2.875793
3.355595
2.906134
3.392020
3.244659
3.068714
2.746723
2.455642
3.053658
2.812304
2.754302
2.967446
2.496970
2.496770
2.092861
2.557626
2.373369
2.557626
2.326549
2.437048
1.887408
2.092861
2.290286
2.042411
2.090773
2.092389
2.090773
1.610717
1.864389
1.806577
1.670377
1.255687
1.296673
1.159478
1.563045
1.449781
1.767101
1.682952
1.862841
2.172054
2.228590
2.228590
1.764245
1.662890
1.904197
1.965898
2.336513
2.613215
2.780392
2.651404
2.738803
2.738803
2.424147
2.485332
2.266892
2.709512
2.304615
2.461991
2.497551
2.756940
3.948761
2.956507
2.751132
3.230055
3.947663
3.431506
2.624171
3.058413
3.058589
3.280569
2.476223
4.270504
4.277194
4.168248
4.168657
4.168248
3.837935
3.820718
2.488711
2.807626
3.281505
3.107720
3.107720
2.773208
3.129811
3.107720
4.015474
3.911031
3.905523
3.870673
3.672293
3.272760
3.753197
3.232844
3.211180
3.753197
3.563082
3.019149
3.222984
3.573263
3.394766
2.895067
3.410127
2.601564
2.699850
2.880640
3.039454
2.895067
2.740178
2.874250
2.119752
2.564838
2.214034
2.529233
2.350673
2.090773
2.318174
1.768289
1.864389
1.724173
1.702990
1.504794
1.626545
1.235106
1.769174
1.669259
2.228590
1.965898
2.272740
2.560374
2.661172
1.559675
2.298312
2.620415
2.556556
2.620415
2.403640
2.438709
3.853869
3.877043
3.999185
3.999185
3.058413
2.840342
2.171506
4.168248
2.603817
3.656658
3.488789
3.980067
3.837935
3.963928
2.377987
2.683818
3.028803
3.330703
2.677287
3.730800
3.905523
3.393549
3.393549
3.158770
3.220142
3.519296
3.752494
3.344089
3.175626
3.061760
3.204676
2.490366
3.039454
3.039454
3.002623
3.002623
2.670450
2.874250
2.670450
2.651454
2.383848
2.716742
2.718971
2.716742
2.716742
2.263107
2.551124
2.551124
2.135446
2.145294
1.632676
1.672773
1.096145
1.422464
1.376263
1.563045
1.579645
1.767101
1.608572
1.682952
1.697487
2.119899
2.079216
1.632616
2.215455
2.652515
2.688963
2.738871
2.693367
2.713698
2.778152
2.778152
2.328640
2.556556
2.620415
2.709512
2.397092
3.749530
3.711909
2.832528
2.632075
2.635205
3.926855
3.948761
2.697622
2.770310
2.679164
3.280569
3.664580
2.500952
3.079243
4.127903
3.956882
4.057525
4.015474
3.911031
4.012559
3.999636
4.015474
3.827463
3.158770
3.158770
3.402726
2.834437
2.966443
3.361105
3.392020
3.158314
3.302463
3.038779
3.204880
3.174599
3.138008
3.053658
2.874250
3.039454
2.874250
2.811457
2.208457
2.092861
2.072363
1.882014
2.318174
2.373369
2.318174
2.318174
2.318174
1.959787
2.135446
2.021764
2.044755
1.837544
1.917091
1.790302
1.702990
1.138009
1.236683
1.313229
1.641781
1.530073
1.521444
1.563045
1.631087
1.632869
1.697934
1.572601
1.777269
1.777269
1.862841
2.322846
2.322846
2.285636
2.458207
1.551316
2.512388
2.458207
2.688963
2.272568
2.302617
2.298312
2.284062
2.310301
3.853869
3.784135
2.438709
3.774066
3.332376
3.159630
2.756940
3.910321
3.838727
3.838027
3.786038
3.058413
3.065878
3.065878
3.090894
2.860940
2.547069
3.472591
4.168657
4.030297
2.647851
4.057796
4.164237
3.951281
2.407798
3.322563
2.730122
2.773208
3.009856
3.753197
3.714630
3.129128
2.421516
2.507778
3.393549
3.707094
2.875793
3.361105
3.523468
3.410127
2.968772
2.696023
2.636940
2.288680
2.564838
2.716742
2.121275
2.135446
1.866634
1.578925
1.610717
1.900703
1.989705
1.664005
1.815170
1.822222
1.218684
1.476041
1.595020
1.957245
1.777269
2.061003
1.699030
2.086067
2.169238
2.145794
2.032934
2.215749
2.322846
2.512388
2.713698
2.801212
2.180280
2.268058
2.429087
2.556556
2.556556
2.246415
2.267972
3.850086
3.711128
3.751131
3.850086
2.956507
2.673287
2.745231
2.745231
2.832528
3.397020
2.502321
2.821635
2.619545
3.250939
2.736331
3.841474
3.472591
2.616363
3.841474
3.963928
3.656658
3.950903
3.792965
2.526464
2.496508
4.008049
4.122826
2.496508
4.057796
4.099990
4.044191
3.862534
4.013092
4.013092
2.773208
3.038365
3.806189
3.171611
3.672293
3.870673
3.024958
2.907920
3.024958
3.024958
3.113376
3.570168
2.376339
3.714630
3.548587
2.460325
3.176671
3.204880
3.138008
3.002623
2.895067
2.887872
2.670450
2.242041
2.327895
2.327895
2.523010
2.383848
2.072730
1.505183
1.504794
1.516845
1.053954
1.165996
1.349634
1.572601
1.632639
2.215749
2.104004
2.215455
1.688695
2.476925
2.284134
2.264049
2.429087
2.380352
2.284062
3.751131
2.503050
2.452098
3.332376
3.532715
2.763231
2.840342
3.472591
3.653425
4.134749
3.980067
2.564410
2.562953
3.980067
3.980067
3.599579
4.176330
3.972268
3.972268
4.057402
4.134674
4.095465
3.272760
2.829349
2.907920
3.147171
2.907920
3.911031
3.726209
3.402726
2.834437
2.966443
3.323322
3.138008
3.361105
2.459243
2.523010
2.372676
2.523010
2.539350
2.039968
1.866634
1.950268
1.900703
2.090773
1.837544
1.664005
1.500484
1.324419
1.502715
1.471075
1.452395
1.457957
1.643170
1.948732
1.697934
1.521444
1.845990
2.213452
1.522395
2.214293
2.216502
2.586357
2.688216
2.713698
2.801212
2.257926
3.647889
3.639493
3.751131
2.560929
3.255322
2.890700
3.281986
2.642459
2.578275
4.134749
3.917801
2.525784
3.296852
4.001209
4.134674
3.888053
3.038365
2.421516
3.707094
3.483640
3.483640
2.359625
2.321841
2.704329
2.275137
2.072363
2.208457
2.377773
2.563029
2.072363
2.302926
2.099524
2.056906
1.934099
2.072730
2.072730
1.900703
1.664005
1.549828
1.664005
1.505183
1.465588
1.015667
1.080930
1.154183
1.253057
1.570403
1.628417
1.697934
1.774217
2.106158
2.088320
1.557195
2.106158
2.239273
2.251354
2.636232
2.125034
2.174674
2.215722
2.361688
3.639493
3.552825
2.503050
3.617794
3.544417
3.303229
3.835943
3.786038
2.745231
3.209857
2.431133
3.035317
2.642459
2.547069
2.605835
2.616363
4.009007
3.794313
3.652072
3.599579
3.599579
2.553245
4.197188
4.129350
4.070976
3.228936
3.829954
3.949440
3.846527
3.888001
2.633719
3.482978
3.508784
3.452909
3.335499
3.204880
3.009062
2.952116
2.565422
2.353315
2.099524
2.003022
1.950268
2.003022
2.081850
2.039968
1.769776
1.673764
1.728398
1.769776
1.961759
1.408121
1.695133
1.845990
1.833423
1.513815
1.643170
1.840477
2.045042
1.970376
2.215749
2.357781
2.215762
2.661172
2.151065
2.718497
2.635952
2.225219
2.337360
2.345893
3.561636
3.513700
3.584765
3.647889
3.144533
2.807814
2.986719
2.545339
2.579954
3.035317
3.615288
3.421047
3.421047
2.001380
2.260236
3.917801
2.391894
2.391894
2.553245
3.792965
3.678112
3.932786
4.020748
4.012559
3.234227
2.456864
2.486419
3.673471
3.673471
3.050849
2.132154
2.366864
2.766380
2.611652
2.339877
2.071438
1.577720
1.226747
1.101174
1.165203
1.452126
1.840477
1.562925
1.513815
1.570403
1.643170
1.503779
1.967465
2.215762
2.215762
2.215762
2.663328
2.202532
2.257926
2.219412
3.773258
3.527655
2.986719
2.520469
3.204703
2.834471
2.807989
2.815184
1.777117
3.421047
2.365923
3.794313
3.622672
3.678112
4.005152
4.070976
3.936709
4.001408
4.111364
3.228936
4.095465
4.001209
4.074511
4.001209
2.337569
2.433951
2.542120
3.918401
3.951281
2.718810
2.718810
3.599161
3.965921
3.825471
2.456864
3.825471
3.130322
3.204965
3.050849
2.793402
2.304425
2.304425
2.556875
2.452853
2.744475
2.772826
2.563029
2.772826
2.290536
2.131851
2.302926
2.213286
2.302926
1.949479
2.003022
1.535087
1.616481
1.539698
1.459982
1.411455
1.459982
0.921829
0.989503
1.469558
1.553170
1.732700
1.814991
1.695133
1.941036
1.443681
1.571514
1.562925
1.838627
1.911675
1.565279
1.556483
2.076900
2.120019
2.138277
2.097935
2.750433
2.756790
3.286330
3.442580
2.296039
3.363764
3.243368
3.643436
3.314193
3.038420
2.195338
2.001380
3.774056
3.435826
2.424655
3.917801
2.553245
4.129350
2.805355
4.043168
3.717356
3.944516
3.905178
4.001209
3.228936
3.234227
3.899126
2.542120
3.685004
3.383711
3.585165
3.286943
2.924975
3.220689
2.164210
2.302926
1.849543
1.562988
1.351502
1.015098
0.884940
1.082716
1.005819
1.356759
1.602424
1.707054
1.615333
1.711189
1.251246
1.439767
1.407311
1.562925
1.840477
1.515347
1.973616
2.079213
2.043236
2.222908
2.088320
1.927660
2.163967
2.034523
2.461166
2.663328
2.700931
3.561636
3.561636
3.472109
2.522344
2.477940
3.463832
3.135791
2.963830
2.502924
2.603251
1.841004
2.088916
2.659074
2.387011
2.659074
3.576747
3.403707
3.250939
3.710987
2.503633
2.578904
3.679924
3.753559
3.504215
3.504215
3.553402
3.932786
3.927950
2.752208
3.958075
3.932786
2.881230
2.178587
2.475138
3.842554
3.874954
2.579154
2.718810
2.425849
2.829349
3.335499
2.944941
2.673312
2.199937
2.651902
2.328709
2.563029
2.235122
1.942546
0.942821
1.602424
1.620865
1.396203
1.492710
1.838627
1.913368
2.043236
2.079213
2.043236
2.163967
2.280368
2.825244
2.692720
2.124230
2.154957
2.232800
2.200713
3.286330
3.377007
3.316898
3.326135
2.320628
3.472109
2.717379
2.431133
2.486371
2.834471
2.964509
2.807989
2.603518
3.018061
2.690529
3.312017
3.403707
2.322865
2.346745
2.542956
2.553245
2.760878
2.586055
2.513762
2.882844
2.696198
3.858912
3.944516
3.905178
3.446349
2.633719
2.220832
2.718444
2.772826
2.840406
2.910993
2.646358
2.799100
2.611652
2.563029
2.290536
2.491448
2.182006
1.885461
1.708529
1.768840
0.843230
0.949658
1.501503
1.393928
1.394635
1.521182
1.479326
1.745131
1.838627
1.957049
1.455338
2.514960
2.371703
2.058498
2.121604
2.636232
2.700931
2.229022
3.286330
3.377007
3.523731
2.565586
2.423943
2.457302
2.587624
2.976516
2.809635
3.693834
3.693834
3.312017
3.443999
3.718694
2.373059
2.355626
2.424655
3.586603
3.669769
3.679924
2.696198
2.736702
3.605874
3.026215
3.317921
2.986894
2.940331
3.953687
4.005152
3.905178
3.664822
3.616012
3.424194
2.488846
2.488846
2.488846
2.366407
3.768005
3.685004
2.579154
2.425849
2.245776
3.323694
2.245776
3.259564
3.413843
3.173192
3.170900
2.097791
2.073871
2.745571
2.859661
2.745571
2.859661
2.718444
2.502078
2.213065
2.375997
2.204894
1.946501
1.829906
1.623554
1.525804
1.302350
1.441531
1.400843
1.441531
1.065770
1.214072
1.376673
1.393928
1.469558
1.446393
1.459760
1.560080
1.560080
1.322535
1.381575
1.334344
1.443681
1.590217
1.700641
1.379035
1.688788
1.688788
1.913368
1.813361
1.448975
1.913368
1.913368
1.569443
1.569443
1.931217
2.203837
2.417846
2.420908
2.280368
2.692720
2.635952
3.018944
2.275114
3.074974
2.288321
2.232275
3.074974
3.164037
2.337673
2.301836
3.286330
3.164037
3.286330
3.329858
2.488977
2.348331
2.684618
3.363764
3.124738
2.781377
3.033288
2.423943
3.688361
2.526026
2.604117
3.573631
2.227582
2.964509
3.381827
3.258234
3.640474
2.424655
3.927950
3.259014
3.824768
2.882844
2.950840
3.874954
2.254005
2.851750
2.745571
2.580666
2.944941
2.580666
2.840406
2.744475
2.646358
2.717651
2.487784
2.328709
2.491448
2.487784
2.097596
2.164210
2.219091
2.375997
2.204894
2.056906
2.028985
1.698419
1.757509
1.702275
1.362589
1.352891
1.263144
1.361670
1.342616
1.165203
1.732700
1.443681
1.379035
1.662305
1.639228
1.691084
1.408972
1.764264
1.813361
1.773757
1.967370
1.501118
1.498915
2.042293
2.163967
2.041332
2.566483
2.619142
2.588152
2.208703
2.912494
2.989116
2.989116
3.164037
3.436425
3.211757
3.187839
2.906828
3.509302
2.397928
2.379998
3.594601
3.461642
3.606409
3.573631
2.659074
2.361553
2.361553
2.608967
3.543824
2.088916
3.718694
3.403707
3.403386
3.490734
3.504215
3.777587
3.526212
2.703818
3.279061
2.645374
4.020715
3.878097
2.497356
3.317921
2.576988
3.190200
3.628430
3.463942
3.080583
3.768005
3.110220
3.190200
2.929040
3.005540
2.958239
2.958239
2.929040
2.958239
2.752468
3.001814
2.858241
2.503646
2.754796
2.580666
2.247018
1.798890
1.949479
2.100729
1.937203
1.937203
1.606354
1.452886
1.616884
1.591094
1.479148
1.677914
0.872662
1.274343
1.385502
1.424995
1.552675
1.407311
1.495099
1.552675
1.662305
1.662305
1.448975
1.572038
2.330865
2.309885
2.588152
2.588152
2.574394
2.331344
3.164037
2.405040
2.330679
3.275109
3.059424
2.781377
2.983412
3.395503
2.487539
2.809635
3.205945
3.485134
3.038420
3.205945
2.386709
1.967758
3.326536
2.859292
3.208013
3.622654
3.642782
3.453357
3.545748
3.545748
3.455854
3.551345
2.301203
3.669769
3.312778
2.696198
3.022461
4.020715
2.661429
3.846194
4.005152
2.866790
3.069920
3.080583
2.849515
3.332640
2.849515
2.270155
3.264848
3.153710
3.013559
3.102138
2.931923
2.717651
2.754796
2.626199
2.656419
2.557692
2.472820
2.297684
2.132009
1.867270
2.064813
2.116667
1.969537
1.964667
1.853049
0.949609
0.992263
0.940490
1.257586
1.146764
1.385502
1.255295
1.424995
1.342616
1.322535
1.495099
1.662305
1.319309
2.588152
2.842046
3.009645
2.842046
3.009645
3.018944
2.610393
2.745095
3.346427
3.266077
3.547363
2.428920
2.268614
2.268614
2.518002
2.549092
2.393484
3.153143
2.485182
3.485134
3.326536
3.443999
3.443999
3.713943
2.859292
3.500946
2.541435
2.983863
3.242816
3.415266
3.455854
3.782830
3.887004
2.685576
2.324420
3.628430
3.005540
3.005540
3.427650
2.028090
2.037806
2.990281
2.997859
2.235708
2.391885
2.813373
2.840406
2.646358
2.557692
2.462670
2.202565
1.993932
2.277645
2.116667
1.949060
2.161087
2.070301
2.008672
1.779534
1.845721
2.070301
2.132009
1.810344
1.964667
1.757509
1.566356
1.528304
1.040884
1.139390
1.214072
1.203670
1.318799
1.144615
1.318799
1.147868
1.385036
1.552675
1.707881
1.720224
1.775974
2.038731
2.060097
2.912494
2.231869
2.975206
2.288321
2.291906
3.229498
3.143516
3.199568
2.987101
3.000966
3.306618
3.029953
3.059424
2.906828
2.865640
3.453816
2.581874
2.782487
3.439062
3.573631
2.363828
3.273235
3.308708
3.006168
2.785930
3.499994
3.216317
3.160971
3.453357
2.859292
3.242816
3.802588
3.690328
3.875719
2.826361
2.576988
2.757966
2.268734
2.424245
2.778037
2.941965
3.427650
3.469347
3.449455
3.264848
3.332640
3.332640
2.849515
3.122064
2.967391
3.001814
3.001814
2.824178
1.866894
2.501916
2.646358
2.420769
1.937203
1.779534
1.792273
1.449939
1.561514
1.511697
0.872662
0.871435
1.144615
1.399287
1.291378
1.409940
1.384551
1.424995
1.209753
1.630913
1.860561
2.413123
2.574394
2.419646
2.414633
1.962433
1.946438
2.060097
2.828264
2.912494
2.188659
3.009645
2.294895
2.351785
3.149627
2.488977
2.518225
2.518225
3.419446
2.782487
2.734756
3.065724
2.976516
3.445123
3.367088
2.389566
1.737826
3.486717
3.713943
3.209580
3.308154
3.545748
3.308154
3.754861
3.606663
3.875719
3.642851
2.660322
2.442331
3.392926
2.924120
3.080583
3.681134
2.194173
2.113750
3.150337
3.004435
2.684735
3.198910
2.581252
2.581252
2.625886
3.122064
2.367063
2.620525
2.072240
2.161087
2.249238
2.132009
2.179076
2.125038
2.034418
1.874526
1.683204
1.757509
1.603012
1.060589
1.281831
1.238963
1.364240
1.817348
2.414633
2.521195
2.588152
2.102353
3.141432
3.012111
3.219870
3.136280
2.422422
3.338636
2.548575
2.394597
3.287971
2.734756
3.573631
2.847675
3.100512
2.563780
3.081382
3.372543
3.216317
2.986188
3.495835
3.495835
3.279061
3.312778
3.682613
3.642851
2.950840
2.660322
2.772997
2.838005
3.080583
3.559250
3.449698
2.702736
2.941965
1.939236
3.543301
3.561703
3.449455
3.150337
3.150337
2.473155
2.491499
3.004504
3.034907
2.746365
2.824178
2.620525
1.784533
2.398825
2.527340
2.349086
2.179076
2.237629
1.867793
1.833911
1.561514
1.784404
1.476030
1.511697
1.087188
1.040884
0.949609
1.250475
0.992263
1.111327
1.322535
1.598868
1.605736
1.936506
2.315414
2.040436
2.793036
2.549806
2.549806
3.218434
2.865640
2.622763
2.733670
2.987101
3.119604
2.706428
2.348078
2.944513
3.312893
3.377898
2.954548
3.104881
2.104492
3.642851
2.206750
2.772907
2.623633
3.333138
3.336402
3.095209
3.033383
2.579033
3.153710
2.878659
2.491499
2.267819
2.100539
1.671754
0.882503
0.927519
1.191942
1.191942
1.500953
1.248317
1.760227
2.090068
2.413123
2.188385
2.391879
2.203837
2.299165
2.918296
3.021505
2.891861
2.793036
3.136280
3.077430
2.927608
2.622763
2.622763
3.509302
3.488142
3.488142
3.095690
2.954548
3.170511
3.164939
3.251302
1.385645
3.216317
3.272611
3.486717
3.486717
3.251302
3.059159
3.308154
2.935505
3.216317
3.495835
3.574527
3.574527
2.811936
3.574527
2.391157
2.536865
2.772997
2.612046
2.457719
3.473093
2.457719
2.702736
2.690183
2.785670
2.042420
3.226815
3.050620
2.622693
3.034907
2.708702
2.282655
2.375199
1.833911
1.724698
1.627386
1.627386
0.831455
0.855816
0.968371
1.121908
1.121908
1.172406
1.628710
2.391879
2.303078
2.391879
2.054964
2.744184
2.744184
2.099151
2.832048
2.299165
2.358614
3.036683
2.399742
3.072453
2.826616
2.589559
2.367182
2.323718
2.451140
3.301761
3.373093
2.487539
2.835042
2.691296
2.931291
3.030082
3.376720
3.033587
2.348478
2.847675
2.652521
2.356598
3.206194
3.020221
2.764106
2.692072
2.271354
2.343937
3.027602
2.210754
2.059173
2.511733
2.511733
2.268734
2.454377
3.543301
3.478764
3.033479
3.113142
3.279977
1.958883
3.050620
2.440219
2.204005
2.394077
2.383275
2.527340
2.081506
2.212871
2.214125
2.282655
1.785089
1.748835
1.700828
1.698298
1.146764
1.282481
1.032616
1.100118
1.209753
1.172406
1.774321
1.600642
1.718482
1.505631
1.571201
1.413204
1.571201
1.825226
1.628710
1.937582
1.730144
2.021130
2.460094
2.537807
2.791349
3.224193
2.461641
2.421170
2.654326
2.581874
3.236023
3.166551
3.020221
2.316043
2.210754
3.064009
2.394781
2.303222
2.133639
2.133639
1.972233
3.198910
2.471931
3.034907
3.033205
3.004435
2.473155
2.207491
1.912110
2.258901
1.893852
2.127644
2.001909
1.866400
1.912080
1.912080
2.034418
1.789216
1.921263
1.751422
1.771366
1.771366
0.860245
1.398944
1.510836
2.147449
2.303078
2.303078
2.034716
1.666197
2.701799
2.832048
2.833640
2.921991
2.780258
2.709826
2.791349
2.709826
3.006115
2.987101
2.791349
3.132434
3.346427
3.332671
3.373093
3.373093
2.654326
2.835042
2.324828
2.350608
2.996516
3.024412
2.293919
3.357255
3.357255
3.024412
2.631198
2.631198
3.206194
2.322122
2.219346
3.439268
3.014853
3.216980
2.457719
2.225949
3.172729
3.155852
3.033479
3.176149
3.017817
2.207930
2.349206
2.846822
2.358492
2.533088
2.383792
2.383792
2.451963
2.307233
2.282655
1.820983
0.765846
0.782242
0.765846
0.819188
0.837653
0.992329
0.938631
1.074909
1.032616
1.511308
1.818986
1.849638
1.738064
2.026063
2.111409
2.036465
2.744184
2.772517
2.801032
2.649847
2.649847
2.755058
3.012111
3.332671
3.191167
3.177142
3.373093
2.414341
2.615753
2.807914
2.526228
3.251783
2.927953
1.288772
2.355463
2.348478
2.223842
2.792665
2.214188
2.044641
3.367569
2.457719
2.527791
3.128430
3.033205
3.128430
2.183523
2.331158
2.331158
2.283520
2.437486
2.390671
3.176149
2.183888
2.087340
1.818738
2.234999
2.490518
2.156380
2.358492
1.748672
2.155905
1.715692
1.828905
1.768948
0.968371
0.973804
1.123939
1.250475
1.401076
1.623628
1.213919
1.818986
1.922802
1.631378
1.941314
1.605159
2.026063
1.767825
2.608563
2.744184
2.699714
2.681498
2.793036
2.709826
2.780258
2.562948
2.649847
2.906044
2.336427
2.394689
2.615753
3.150092
3.065612
3.259838
3.357255
2.747375
2.380141
2.747375
2.362253
2.952695
2.118198
3.332452
3.334846
3.079939
2.303222
3.113142
2.284707
3.069934
3.153068
2.057338
2.437486
2.001423
2.055818
2.633768
2.875232
2.700935
1.830181
2.258901
2.234999
2.342159
2.246443
2.289957
1.899365
1.935966
1.883718
1.739737
1.981393
1.981393
0.813028
0.843410
1.008902
1.501559
1.596907
1.498463
1.632615
1.717441
0.981684
1.621832
1.462550
1.711957
1.818986
1.718526
1.656858
1.486048
1.393250
1.791054
1.792105
1.666197
2.204323
2.697663
2.323188
2.687359
2.562948
2.428837
3.052843
3.052843
3.119711
3.177142
3.267258
3.267258
2.433897
2.566234
2.428532
3.258476
3.258476
2.925338
2.445113
2.263387
3.064686
3.014853
3.214876
3.190192
3.079939
3.153068
2.457719
2.952648
3.033479
3.036179
1.850979
1.897062
1.933842
2.486989
2.543509
2.226260
2.230990
1.791825
1.080872
1.199959
1.372893
1.735336
1.555458
1.648830
1.604164
1.736930
1.555458
1.736930
1.829299
1.922019
1.434214
1.824758
2.147449
1.942062
1.719391
2.323188
2.687359
2.542091
2.542091
2.915540
2.372344
3.048055
2.932503
2.932503
3.259838
2.474555
2.247768
2.985570
2.747375
2.631198
2.387571
1.369835
2.985570
2.336634
2.478658
2.791883
2.488404
2.901130
2.989751
2.888802
3.002452
3.155852
2.959894
2.055818
1.899365
1.985401
2.333607
1.887269
2.010125
2.004814
0.745127
0.797692
0.795461
0.906735
1.361330
1.136117
1.462550
1.676711
1.715399
1.718526
1.700133
1.845774
1.700133
1.257347
1.886706
2.147449
1.932593
1.733238
2.582318
2.701799
2.440180
2.542091
2.560398
2.447544
2.529307
2.480133
2.649847
2.660132
2.806551
2.868833
3.020295
3.020295
2.906044
2.919859
2.965626
2.414341
2.367391
2.396379
2.454403
2.884256
3.166551
2.774839
1.495610
2.740828
1.441165
2.328466
2.396728
2.303912
2.120686
2.064795
2.952695
1.979394
2.946141
2.012655
2.794305
2.775874
2.087340
2.452753
2.420760
2.173113
1.863039
1.886129
0.774320
0.829557
1.408448
1.364339
1.479589
1.557871
1.512361
1.582956
1.643367
1.679114
1.840642
1.053579
1.643367
1.692897
1.886706
1.713950
2.026063
1.849638
1.942062
1.661322
1.929001
2.595952
2.608563
2.572636
2.554755
2.746269
2.791042
2.801032
2.819656
2.404830
2.312458
2.954997
3.148573
2.454403
2.787741
2.980229
2.517530
2.740828
2.989595
2.725246
2.734409
2.881095
2.746130
2.952695
3.014853
2.908666
2.901130
2.936422
2.973973
2.917438
2.782639
0.775300
1.248599
1.314097
1.744616
1.734717
1.928660
1.928660
1.885965
1.845774
2.043907
2.166723
2.026655
1.947814
1.503291
1.613688
1.847772
2.582318
2.547092
2.699714
2.208895
2.660132
2.890652
2.468948
2.315887
2.315887
2.795743
3.199966
3.011444
2.530501
2.250759
3.166599
3.082513
2.747375
2.985570
2.740828
2.443826
2.834573
2.114620
2.874992
2.936422
2.970726
2.123872
2.053823
1.971002
2.173763
2.088334
0.995587
1.134073
0.988848
1.184323
1.374300
1.475013
1.425681
1.820115
1.716602
2.030863
1.791054
1.947814
2.025656
2.146822
1.681332
2.011748
1.406340
2.661900
2.500686
2.106957
2.701799
2.686875
2.663790
2.440180
2.447379
2.554755
2.664776
2.819656
3.011444
2.385065
2.681477
2.530501
3.166599
2.980229
2.517530
2.251109
2.303885
2.269376
2.495415
2.257787
2.284762
2.834573
2.232247
3.043582
2.838284
2.177082
2.849044
2.676633
1.917037
2.984789
2.655835
2.020010
2.499990
2.273526
2.081122
1.989156
1.374300
1.462550
1.939165
1.785592
1.613960
1.783101
2.070207
1.821247
1.906238
2.582318
2.501814
2.300007
1.540099
1.611239
2.106957
2.753712
2.377890
2.377890
2.797573
2.734902
2.741489
2.777570
2.919859
2.274731
2.302042
3.011444
2.452323
2.343042
2.714170
2.606653
3.171179
2.989056
3.166599
3.082806
2.887374
2.852744
2.714170
2.394001
2.976295
2.819774
2.294409
2.774839
2.559685
2.516374
2.762450
2.284762
3.056973
2.791811
2.791811
2.627099
2.799680
2.888699
2.109888
1.991213
2.529006
2.642148
1.984757
2.499990
0.858799
0.953488
1.097484
1.800455
1.708107
1.783101
1.839410
1.978572
1.914579
1.653409
1.589979
1.782095
1.926012
2.500686
1.406340
2.440180
2.353146
2.309544
2.843915
2.952834
2.759846
2.960908
2.197655
2.097627
2.744408
2.231481
2.198273
2.886767
2.799037
2.834573
3.025411
2.881095
2.096162
2.825882
2.393705
2.092841
2.263114
1.998076
2.267648
2.015212
0.774320
0.745127
0.834417
0.854153
0.924946
1.854167
1.522892
1.936084
1.885636
2.146822
2.024745
1.927733
1.927733
1.573528
2.582318
2.651124
1.480637
1.382275
2.300007
2.440180
2.736513
2.360821
2.391481
2.274212
2.843915
2.843915
2.910368
2.356396
2.452323
2.343042
2.887374
2.250272
2.769971
2.744408
2.269376
2.801918
2.801918
2.762450
2.875718
2.800645
2.879325
2.799680
2.836504
2.908666
2.076175
2.273204
1.984757
2.110739
1.998076
0.746809
0.834417
1.206859
0.990893
0.895969
1.898786
1.675639
2.121156
2.230865
2.166723
1.300703
1.671955
1.361743
1.786226
2.500686
1.952029
2.201417
2.578209
2.413545
2.300007
2.597476
2.726177
2.397860
2.804816
2.154824
2.154824
2.009168
2.508108
2.139517
2.849044
2.464882
2.168242
2.250536
2.131789
2.386637
1.038726
1.063605
1.103588
1.181760
1.181760
1.706469
1.846821
1.646559
2.040534
2.075545
2.153483
2.228099
1.898791
2.583830
1.522073
2.434112
1.406724
2.515853
2.256993
2.823280
2.726177
2.624803
2.553509
2.606653
2.374325
3.059280
2.685976
2.655715
2.251212
2.508340
2.825941
2.762450
2.104137
2.674166
2.762816
2.268113
1.988931
2.351122
0.799874
0.858471
0.838349
1.112684
1.233818
1.084240
1.377303
2.110934
1.701229
2.024745
2.095928
1.795461
1.885781
2.230865
2.230865
1.845073
2.431061
1.524785
2.349263
2.090945
2.517589
2.256993
2.629355
2.154333
2.726177
2.274731
2.291639
2.456597
2.415394
2.419609
2.739170
2.759846
2.682025
2.989056
2.657728
2.184962
2.280693
2.380946
2.337945
1.484474
2.680382
2.572142
2.704894
2.583597
2.205714
2.719156
2.647373
2.693718
2.721933
2.531809
2.301514
2.215279
1.162071
1.609596
1.345411
1.118671
1.998704
1.763091
1.279077
2.186809
2.180750
2.500686
2.398215
2.346742
2.240255
2.231941
2.300007
2.582329
1.297586
2.582329
2.512446
2.188515
2.574600
2.823280
2.242041
2.235331
2.309359
2.648025
2.827852
2.691351
2.760919
2.229081
2.769971
2.595439
2.685976
1.898657
2.319820
2.655715
2.349462
2.700713
0.799874
0.845685
0.916329
0.850241
0.915072
1.110939
1.167084
1.685974
2.045294
2.153180
1.825844
2.086308
2.161695
1.997339
1.885781
1.730384
1.272143
1.457297
2.473959
1.347953
1.300659
2.201630
2.560723
2.636005
2.777570
2.823280
2.663254
2.769224
2.769224
2.887374
2.869667
2.200365
2.656178
2.656178
2.656178
2.804816
2.102865
2.131733
2.416713
2.734094
0.756788
0.931855
1.546898
1.994371
1.218567
1.610085
1.661880
1.761200
1.442702
1.952029
2.341726
2.243993
2.327479
2.553509
2.545016
2.691351
2.156912
2.280693
2.740655
1.946607
2.182440
1.752535
1.525154
2.685976
2.079594
1.327407
1.212931
1.836066
2.540021
2.678196
2.510393
2.033945
2.258173
2.600807
0.859145
0.901677
0.863625
1.007294
1.218567
1.276833
1.552153
2.221681
1.977242
1.402699
2.431061
1.577455
2.527478
2.475454
2.682077
2.574600
2.354169
2.397698
2.174129
2.675023
2.869667
2.769224
1.990083
2.440248
2.685976
2.199431
2.619916
0.817569
0.911275
1.092060
1.063605
1.155023
2.026306
2.026306
2.165372
1.787577
2.086308
1.500398
1.693456
1.688140
2.156394
1.305639
1.500398
1.693456
1.500398
1.883380
1.893746
1.402699
2.040870
2.087992
1.620211
1.429587
2.494503
2.562862
1.408937
1.522073
1.617894
2.574600
2.596102
2.298624
2.505925
2.545016
2.595896
2.257156
2.675023
2.632827
2.049549
2.262707
2.603058
2.131335
2.107716
2.440248
1.016027
1.066313
2.187193
2.442536
2.605027
2.680970
2.561933
0.911275
0.911275
0.962628
1.392305
1.317208
1.162817
1.835204
1.455289
1.619645
1.495676
1.345499
2.136305
1.648775
1.761871
2.277012
2.137067
2.081472
1.893746
1.906630
2.181498
1.996724
2.180750
2.424591
1.966771
1.613350
1.613350
1.188343
1.818987
2.519351
2.519351
2.248417
2.574600
2.407705
2.523717
2.090719
2.603058
2.465045
2.032895
2.574810
2.574810
2.121935
2.318600
2.318600
2.077177
2.240813
2.313161
2.345537
2.423335
1.730567
1.909908
2.159216
2.322889
2.222616
2.222616
2.091841
1.829136
1.834086
2.475454
2.151336
2.073947
2.225362
2.276403
2.303493
2.030190
2.636005
2.239199
2.238772
2.276361
2.311772
2.413424
2.602691
2.283805
2.504440
1.828014
2.264192
2.574810
0.911172
1.684656
2.191708
2.229767
2.629651
2.464907
2.130209
2.345537
2.528394
2.626473
0.863625
1.948636
1.964060
2.187231
1.859745
1.852755
2.181540
2.080418
2.087109
2.263025
2.011554
2.088452
2.266257
2.180750
2.323678
1.992403
2.071324
2.435439
2.080423
2.384702
2.014014
2.405354
2.527478
2.574600
1.188343
1.408475
2.006968
2.445163
2.381273
2.445701
2.502027
2.675023
2.501505
2.025924
0.900881
1.218096
1.574933
2.354639
1.859745
1.982744
2.165372
2.209167
2.168556
2.158275
2.154941
2.121746
2.090957
2.250392
2.196022
2.250392
2.065364
2.404980
2.404980
2.165110
2.071036
2.173777
2.478125
2.361366
1.818987
1.653722
2.367548
2.511545
2.436631
2.194308
2.502027
2.502027
2.408875
2.128899
2.368633
2.441324
2.108820
2.591455
2.470070
2.054576
2.324382
2.551437
1.757653
2.157643
2.208115
2.318600
2.469089
2.464907
2.495085
2.469400
2.486412
2.448087
2.053588
2.223937
2.231859
2.011554
2.185041
2.158275
2.222616
2.088452
2.323678
2.394604
2.394604
2.245418
2.384702
2.405354
1.489836
1.252491
2.122275
2.125336
1.975828
2.169975
1.617954
1.607682
1.417004
1.396576
1.143398
1.171773
0.928554
1.961033
2.005625
0.928554
2.183104
2.527214
2.527214
2.324382
2.183337
1.757653
1.315520
1.146825
1.487979
2.252074
2.243883
2.501604
2.648846
2.141997
2.209270
2.204732
2.237215
2.303570
2.364836
2.250592
2.384702
1.984581
1.052108
1.812221
1.982971
0.989450
1.983379
2.157768
2.291679
2.276617
2.120222
2.300410
2.488096
0.957232
1.143398
2.288174
2.367548
2.105355
2.304451
1.964139
1.789643
2.099027
2.204528
1.955034
2.531724
2.267236
2.415943
2.516457
1.013376
1.406876
2.130209
2.495085
2.196022
2.103765
2.072260
2.137507
1.988414
2.252309
2.003230
2.364836
2.248418
2.245418
2.130848
1.642496
2.175609
1.208030
1.864018
1.194405
1.973014
2.300410
2.120222
2.371616
2.510174
2.445163
2.553638
1.747881
2.401144
2.366907
1.785926
2.553638
2.139815
1.282154
0.909766
1.092418
1.345050
1.932568
1.046814
0.907652
2.245061
1.866365
2.527214
2.497316
2.527214
1.025974
2.017892
0.909533
0.911218
2.022023
2.201078
2.280697
2.283317
2.126673
2.073827
1.929744
2.090957
2.137507
2.187157
2.120499
2.174177
2.352515
2.172464
1.864018
2.322220
1.867868
1.995394
2.110778
2.245061
2.258279
2.314599
2.322121
2.361313
2.109690
2.025924
2.183337
2.441942
2.516457
2.186727
1.980786
2.126673
2.117771
2.174177
2.155272
2.223370
2.248418
2.245418
2.123814
1.960837
2.126487
2.073440
2.126487
2.322220
2.371616
2.401144
2.295683
2.361313
2.386892
2.527214
2.116928
2.025108
2.415943
2.353096
2.207521
2.039353
2.248418
2.174177
2.028047
2.029878
2.074607
2.238806
2.300410
2.238806
2.227451
1.763800
2.420065
2.420065
2.224300
2.420065
1.987679
2.000093
2.013188
2.140895
2.140895
2.361313
2.433859
2.123766
2.333870
2.193890
2.354225
2.337934
2.035464
2.172464
2.150692
1.937162
2.016094
1.843874
2.366907
1.763800
2.260565
2.101533
2.235032
2.201703
2.276801
2.433859
1.958309
2.302590
2.109622
2.039589
1.999056
2.045190
2.125589
1.950209
1.995915
2.137507
2.033241
1.985108
1.922639
1.733623
1.978113
1.858495
2.217838
2.181823
2.161540
1.941960
2.238806
2.260565
2.127198
2.249695
2.030655
2.046469
2.011821
2.001928
2.137604
2.186727
2.365433
2.208498
2.137507
1.859998
1.826308
1.888160
1.878124
1.969585
2.085584
2.213047
1.968332
2.092503
2.174463
2.211413
2.203671
2.105274
2.105274
2.022614
2.270450
2.244969
2.211413
1.912152
2.029361
2.270450
2.270450
1.944584
2.192276
2.005644
2.181823
2.217838
2.217838
2.238806
1.741860
1.944642
2.054994
1.896278
2.150339
2.126917
1.898364
2.003104
1.958609
2.022614
2.090761
2.270450
1.927124
2.010348
1.982645
2.120821
1.994058
1.861184
1.866788
1.603226
2.233077
1.733623
1.941960
2.102094
1.980198
2.041467
2.185660
2.100921
1.913996
2.003104
2.018498
2.122016
2.142494
1.895664
2.211413
2.211413
1.886697
2.142494
2.270450
2.154247
1.946642
2.180540
1.911891
1.859998
1.728397
1.985108
1.930275
1.820748
2.076745
2.026856
1.885473
1.791311
1.885473
1.944642
2.064728
2.064728
1.980198
1.895664
2.122016
1.751530
2.122016
2.015150
1.858388
1.969529
2.087562
1.889883
2.062868
1.861514
1.846204
2.043546
1.927977
2.056832
2.012222
2.042286
1.655955
2.080348
2.041467
2.100921
2.122016
1.825820
1.992759
2.015270
1.898156
1.827216
1.850053
1.865376
1.830762
1.827286
1.847506
1.999528
1.791311
1.885473
1.791311
1.895664
1.647367
1.912152
1.858388
1.834011
1.912152
1.772376
1.667286
1.782648
1.716046
1.712689
2.012222
2.043546
1.936846
1.799341
1.851914
1.875338
1.784321
1.912154
1.903916
1.752065
1.961227
1.938286
1.846029
1.829876
1.932421
1.922303
1.726447
2.047689
1.708241
1.848738
1.716046
1.696411
1.570219
1.748566
1.692233
1.663298
1.506066
1.518066
1.637925
1.944855
1.932421
1.901919
1.714175
1.970221
1.920203
1.815113
2.094620
1.917502
1.728579
1.728579
1.685283
1.637210
1.724014
1.850103
1.721401
1.862293
1.835898
1.647367
1.961227
1.523183
1.977150
1.842912
1.898938
1.771768
1.781559
1.892093
1.602166
1.726388
1.682282
1.608481
1.663298
1.761600
1.881791
1.881791
1.769948
1.548025
1.616249
1.719591
1.901919
1.624008
1.585771
1.604483
1.617276
1.730365
1.888645
1.503971
1.510028
1.748791
1.825194
1.753721
1.944855
1.820252
1.580331
1.761600
1.881791
1.357350
1.484607
1.380134
1.718596
1.853227
1.413689
1.826405
1.774326
1.878566
1.492876
1.602166
1.639280
1.505381
1.523879
1.471383
1.532846
1.564851
1.772789
1.719591
1.511284
1.685180
1.831966
1.821546
1.806474
1.799777
1.831966
1.873456
1.781559
1.643740
1.671607
1.633148
1.790736
1.602166
1.492876
1.609711
1.747093
1.863886
1.853227
1.693741
1.711365
1.564851
1.594695
1.623438
1.384291
1.692284
1.649154
1.602973
1.471824
1.564841
1.659536
1.658336
1.629859
1.536860
1.523879
1.426148
1.422278
1.609711
1.498236
1.484330
1.465787
1.676307
1.714963
1.718596
1.558549
1.582096
1.698242
1.674449
1.658336
1.616537
1.439663
1.422278
1.466575
1.371616
1.465787
1.665044
1.572383
1.647154
1.620677
1.519401
1.398636
1.517797
1.411692
1.459984
1.718596
1.503478
1.467923
1.496408
1.565281
1.701583
1.674449
1.505381
1.391139
1.459480
1.382001
1.485480
1.518145
1.532799
1.565281
1.579325
1.495622
1.424159
1.381759
1.485480
1.466596
1.394785
1.524740
1.426862
1.568997
1.560988
1.511493
1.579325
1.566741
1.568690
1.422617
1.453515
1.439663
1.431506
1.326738
1.439663
1.454823
1.434178
1.352343
1.347816
1.384566
1.352635
1.498953
1.498953
1.565679
1.360188
1.370306
1.498236
1.323359
1.343302
1.392152
1.410505
1.411465
1.385001
1.424647
3.164389
3.243131
2.845772
3.053763
2.869667
2.227044
3.458175
3.279152
3.415223
3.544586
3.398692
3.854510
3.650857
3.650857
3.817866
3.541226
3.541226
3.377885
3.340803
3.347555
1.913996
2.103814
2.211413
2.222616
2.722790
3.541226
3.319357
3.002623
2.633719
4.168657
3.905523
3.164389
3.243131
3.182851
2.135446
2.003104
2.003104
2.361313
2.361313
