6295 1 3
0.919326
0.919326
0.974219
0.946039
1.104334
1.010751
0.949763
0.899967
0.992041
0.969197
1.035589
1.450857
0.969197
1.207713
1.259860
1.207713
0.982194
0.957725
1.202119
1.305727
0.848607
1.010751
1.506393
1.329147
1.007106
1.063306
1.263475
1.266302
1.232081
1.266302
1.150492
0.866564
1.052003
0.881174
0.974219
1.042844
1.393578
1.257149
1.395164
1.445378
1.508919
1.373538
1.549410
1.026028
1.485403
1.519810
1.116355
1.237488
1.272526
1.116355
1.036616
1.259860
1.133696
1.351532
1.231645
1.430288
1.150492
1.198288
1.167492
1.787615
1.395164
1.506393
1.769154
1.358213
1.192092
1.358213
1.361762
1.051274
1.096559
1.231626
1.167492
1.255614
1.073371
1.045012
1.093889
0.912196
1.622505
1.135978
1.361762
1.790785
1.014207
1.075883
1.096559
1.263130
1.061027
1.061027
1.369127
1.340113
1.424748
1.117419
1.410376
1.121618
1.063306
1.254605
1.395802
1.381182
1.002714
1.126359
1.145169
1.132658
1.446502
1.150492
1.410816
1.413049
1.337298
1.509979
1.126730
1.256502
1.506991
1.010751
1.033703
1.597392
1.618662
1.081699
1.702659
1.369658
1.501038
1.665560
0.933222
0.947780
0.965005
1.063920
1.002714
1.111681
1.081917
1.040824
1.448277
1.554661
1.403724
1.398628
1.246592
1.424748
1.410816
1.313834
1.424748
1.347793
1.122766
2.065061
1.381182
1.702659
2.208118
0.933222
1.049126
0.907851
1.612441
1.286031
1.088578
1.482354
1.271777
1.208507
1.629193
1.033564
1.275318
0.935096
1.291224
1.492172
1.501508
1.517050
1.381774
1.088578
1.366906
1.797602
1.424748
1.617612
2.101045
1.395802
1.244948
1.605312
1.475983
2.059758
1.861122
1.636477
1.049126
1.051525
0.926435
1.527949
1.612441
1.527451
1.426926
1.388138
1.563957
1.563957
1.672815
1.682830
1.334844
1.186697
1.868425
1.966930
1.298897
1.116909
1.723979
1.723979
1.734765
1.678595
2.023140
2.101045
1.793097
2.131898
1.977123
1.940285
0.948875
1.126938
1.030075
0.937730
0.944156
1.110274
1.477265
1.019091
0.998331
1.501508
1.532742
1.517050
1.437259
1.046054
1.389967
1.966930
2.167043
1.842824
2.029212
1.723979
2.201418
2.176745
2.176745
1.759045
1.802798
2.303817
1.111681
1.591208
1.517050
1.505195
1.419694
1.606937
1.612441
1.477899
1.481777
2.168277
2.065061
1.910741
1.984351
1.655800
2.251941
2.321192
2.429736
2.490217
2.607789
2.212838
2.012684
1.146203
2.076799
1.843171
1.075379
0.976996
1.135299
1.089025
0.918135
1.029979
1.035993
0.918135
1.487561
0.890517
1.492172
1.349875
1.612441
1.497001
1.186697
2.141349
1.456430
1.984351
2.141349
1.984351
1.857190
1.723979
1.350186
1.823836
2.429736
1.877565
1.472850
1.284028
2.131898
2.637606
2.637606
2.253969
2.070811
1.944656
1.819095
2.523604
2.231529
2.139242
2.303100
2.426220
1.843171
1.669159
0.984941
0.999841
1.002252
0.978361
1.253345
1.994071
1.391879
1.380352
1.824589
1.780425
1.672815
1.710952
1.732876
2.006318
1.783555
2.247057
1.966930
2.295834
1.820565
2.023140
1.857087
1.845536
2.490217
2.687321
2.687321
1.636477
2.113659
2.426220
2.442246
1.752231
1.725526
1.979062
1.480384
2.184108
2.056749
1.790561
1.790561
1.101370
1.274376
1.622898
1.437259
1.377264
1.391879
1.260711
1.780425
1.523768
1.732133
1.838844
2.004917
2.302754
2.141349
1.459371
1.663509
2.490217
2.637779
2.131898
2.607789
1.383404
2.022881
1.929397
2.226720
2.226720
2.197005
2.231529
2.415694
1.956391
1.886581
1.310619
1.523855
1.037650
0.977492
0.966670
0.972169
0.961078
1.441573
1.552264
1.002277
1.671728
1.581646
1.671728
1.529709
1.377264
1.732876
1.330668
2.020538
1.745265
1.838844
2.168277
2.247057
1.783555
1.490743
1.978761
1.977308
2.490916
2.638776
2.269676
2.571894
2.637779
1.383404
1.631658
1.299752
2.292456
1.923393
2.510145
1.254234
1.680073
1.686206
1.796281
1.872724
1.098038
1.041157
1.036124
0.961078
1.031266
1.183852
1.144644
1.486882
1.557793
1.611991
1.480415
1.294431
1.579579
1.488744
1.327250
1.437259
1.529717
1.710952
1.462252
2.094602
2.121031
1.806986
1.676410
1.618925
2.490916
2.729920
2.729920
2.571894
2.897730
1.890697
3.121841
2.637779
3.013606
3.108415
2.637779
2.909399
2.909399
2.010961
2.612902
2.544483
2.909399
2.884176
2.297327
2.303817
2.655024
2.415694
2.113659
1.779635
2.055472
1.545605
1.171711
0.990056
0.952508
0.915073
1.277460
1.164056
1.164056
1.552264
1.579579
1.364102
1.579579
1.390350
1.327250
1.327250
1.462252
1.529717
1.391879
1.462252
1.559370
1.571278
1.536538
1.899107
1.742353
1.758317
2.141349
2.020538
2.047024
2.048521
2.022881
2.019835
2.473801
1.344607
1.577162
2.687033
2.575096
2.736937
1.636477
2.126068
2.139242
2.499170
2.499170
1.955249
1.373785
1.676035
1.549273
1.585944
1.110613
1.153520
0.908966
0.995433
1.273265
1.017364
0.943018
1.524067
1.488744
1.488744
1.327250
1.529717
1.838290
2.086668
2.057264
2.086668
2.000589
2.004917
1.923272
1.626171
1.459371
2.104793
2.176470
2.176470
2.473801
2.150315
2.911688
2.010961
2.487648
2.607454
1.477394
1.190672
1.036124
0.915073
1.106993
1.558884
1.658210
1.610449
1.621360
1.671728
1.572821
1.551656
1.513883
1.601164
1.566506
1.505206
2.271160
1.833632
2.247057
2.357640
2.416832
2.388895
2.565617
2.483082
2.024240
2.759625
3.017716
2.001912
2.510145
2.713412
2.510145
2.991421
2.126068
1.985717
2.797839
1.904876
1.633321
1.096297
1.413156
1.209171
1.209171
0.994549
1.041195
0.906276
0.964064
1.095315
0.990133
1.029979
1.627029
1.610449
1.672282
1.327250
1.529717
2.094602
2.193840
2.086668
1.858638
1.917681
1.899107
1.583926
1.824057
1.850078
1.833025
2.335838
2.592165
2.562741
1.214289
2.757276
1.439280
1.689132
1.606132
1.542477
1.311443
2.897730
2.487648
1.934893
1.922791
2.389136
2.872513
2.800759
2.952780
2.803077
2.151057
1.904876
2.499170
2.423696
2.803077
0.959627
1.650356
1.650356
1.650356
1.513883
1.513883
1.609827
1.749496
1.892184
2.011865
1.653009
1.523768
2.000589
1.828187
2.011865
2.245340
1.923272
2.574581
1.729804
1.632263
1.617089
2.104793
2.308481
2.150315
2.483082
2.335838
2.473801
2.897730
2.473801
1.577994
1.822793
3.141359
3.156535
3.141359
2.028574
3.098595
2.762057
3.098595
2.129295
2.762057
2.959562
1.680073
2.797839
2.415946
2.797839
1.354378
1.421063
1.338178
1.153520
1.337533
0.944554
1.593529
1.517169
1.478961
1.426616
1.828187
1.800540
1.833632
2.096412
1.921566
1.574475
2.223304
2.302754
1.824057
1.445574
1.383699
2.272120
2.050677
2.282088
2.454383
2.436117
2.436117
1.996159
1.873427
1.783870
1.772702
3.014034
2.911688
3.184629
2.974920
3.098595
2.905545
2.114065
2.961513
2.738180
2.961513
3.143618
2.126068
2.129295
2.797839
1.441246
1.292081
1.172324
0.974058
1.011790
1.507409
1.602481
0.990642
1.628565
1.763679
1.593024
1.478961
1.827681
1.701945
1.519352
1.942600
1.583926
1.994885
1.583926
2.149751
2.368900
2.031027
2.263820
2.101441
2.272120
2.424657
1.842771
2.004423
2.090826
2.436117
2.370371
1.829865
2.876562
3.054788
1.783870
3.277481
2.974920
1.662228
1.758335
2.738180
2.738180
2.548465
2.762057
2.068058
2.821816
2.717345
2.717345
1.984795
1.374259
1.416830
1.507354
1.592151
1.026174
1.113107
1.096311
1.036149
0.936489
1.096431
0.999298
1.135713
0.990875
1.043749
1.348494
1.478820
1.619875
1.316925
1.658210
1.467715
1.387684
1.651224
1.714696
1.817158
1.682915
1.542141
2.036726
1.963343
1.895207
2.036726
2.036726
1.698699
1.505206
1.747965
1.471805
1.585842
2.759625
2.525286
2.759625
2.009266
2.878232
2.878232
1.763336
2.988423
2.988423
3.013606
3.156535
2.439995
2.584116
1.934893
2.812377
2.579000
2.797839
1.951325
1.975512
1.745628
1.470505
1.390010
1.109694
1.067854
0.942580
1.059119
0.974242
1.068393
1.669157
1.328795
1.707049
1.514183
1.554584
1.817158
1.597975
1.597975
1.752200
2.066679
1.895207
1.870638
1.743324
1.776352
1.730057
2.357640
1.826688
2.308481
2.494794
3.069752
2.100172
2.488465
2.099553
2.454383
1.996159
3.069752
3.020425
1.816400
2.988423
2.802794
3.264151
3.277481
3.130854
2.584116
2.915234
2.800759
2.389136
1.985514
2.663396
2.068058
2.515588
2.812377
2.812377
2.157030
1.903612
1.478202
1.421063
1.531212
1.038491
1.093497
1.534440
1.416289
1.344652
1.716702
1.386984
1.642823
1.478961
1.636613
1.817158
1.542141
1.867383
1.574475
2.271160
1.427457
1.577205
2.348348
1.821821
2.183506
2.090826
2.348348
2.334656
2.105628
2.233054
2.105628
2.463922
2.100172
1.983254
2.775676
1.610141
1.516245
2.794183
2.970660
2.309536
2.780838
2.548465
2.389136
2.548465
2.101034
2.812377
2.812377
2.812377
2.931282
1.983443
1.470505
2.143800
1.522298
1.273851
0.992339
1.028021
1.030616
1.295256
0.994549
1.552760
1.789008
1.708783
1.593024
1.830974
1.593024
1.498160
1.273036
1.776960
1.478961
1.532842
1.651224
1.752200
1.698414
1.779726
1.605012
1.682915
1.622127
1.673617
2.101441
2.334656
2.494794
1.765350
1.999620
1.995144
1.730322
2.236075
1.996159
1.900508
2.156397
1.983254
1.982935
2.907822
2.626399
3.184629
3.189301
2.760848
3.143618
2.439995
1.762223
2.780838
1.758335
2.351015
2.548465
2.793220
2.490199
2.396372
1.524804
1.062400
0.947212
1.214372
1.210959
1.025008
1.051999
1.192258
1.418344
1.149958
1.658512
1.402427
1.422286
1.467715
1.506977
1.523707
1.669303
1.517024
1.663324
1.593337
1.714184
1.635942
1.994885
1.622127
1.828159
1.918537
2.751334
2.499426
2.129889
2.231475
1.886991
2.330064
2.473998
1.816400
3.102472
3.102472
3.102472
3.102472
2.698564
2.871264
3.130854
2.794183
2.822978
2.694176
3.130854
2.170030
2.439995
2.129542
2.224422
2.224422
2.306973
2.407915
2.439995
1.985514
2.065341
2.548465
2.453263
2.393092
2.663396
2.812377
2.490199
2.385875
1.819689
1.819689
1.449136
1.221030
1.004452
1.205965
1.786455
1.658512
1.376791
1.327450
1.369833
1.736667
1.435191
1.692556
1.628565
1.757382
1.599405
1.501070
1.700246
1.732235
1.294058
1.683526
2.014965
2.156397
1.996159
2.027607
2.525286
2.802794
2.634144
3.096149
2.772278
2.772278
3.081666
2.794183
2.822978
2.011165
2.439995
2.489400
2.463609
2.068058
2.663396
1.913975
2.396372
2.482411
2.366693
1.511815
0.947212
1.217917
1.017464
1.226086
1.091977
1.007263
1.611266
1.583980
1.369833
1.786455
1.712214
1.461462
1.456907
1.438958
1.426918
1.545242
1.514535
1.515692
1.694002
1.446225
1.781701
1.458697
1.730057
1.800146
1.641486
1.431535
1.696029
1.407357
2.235410
2.235410
2.231475
2.231475
2.231475
2.235410
2.231475
2.408273
2.408273
2.128230
1.641457
1.930990
1.948579
2.694176
1.839806
2.814780
2.306973
2.176329
2.374555
1.762223
1.777932
2.818572
2.548465
2.407915
2.065341
2.463609
2.753106
2.572238
1.928201
1.929486
1.728730
1.333789
1.522538
2.385875
1.526420
1.756400
1.719954
1.551691
0.975194
1.346080
1.440317
1.534440
1.321718
1.712214
1.829335
1.252668
1.715006
1.391883
1.874864
1.544888
1.191116
1.191116
1.545242
1.528981
1.456907
1.514602
1.530728
1.654026
1.669303
1.686939
1.293593
1.605012
1.755734
1.475084
1.605012
1.477990
1.112174
1.495216
1.454475
1.704142
1.666602
1.924668
1.987864
2.105628
1.760044
2.133538
2.231475
1.925011
2.473998
2.445783
1.468128
1.696874
1.732973
2.169527
2.455580
2.257071
2.455580
2.915101
2.694176
2.963422
2.167042
2.009310
2.818572
1.818951
2.009310
2.207428
2.489405
2.374555
2.191355
2.344421
2.458988
2.393092
2.393092
2.396372
2.018171
2.649353
2.385875
2.032661
2.385875
2.155389
1.551691
1.061706
0.969299
1.168186
1.206000
1.109220
1.507336
1.463910
1.390087
1.715006
1.373397
1.457097
1.599405
1.545242
1.465031
1.241426
1.682179
1.552748
1.682179
1.434249
1.654612
1.557172
1.459998
1.605012
1.586094
1.666602
1.762435
1.731071
1.998503
2.499426
2.334656
1.903545
2.027607
2.057721
2.062860
2.129889
2.129889
2.113468
2.257071
2.473998
1.657164
2.777984
2.338678
2.698564
2.367069
2.694176
2.822978
2.573276
2.739586
2.777984
2.717815
2.367069
2.374555
2.176329
2.636246
2.636246
2.818572
2.381366
2.407915
2.207428
2.495574
2.277735
2.003228
1.626228
2.377709
1.521195
1.738251
2.082477
1.788428
1.862508
0.947212
1.135969
1.354776
1.333722
1.349872
1.417101
1.392370
1.323006
1.786455
1.710843
1.373397
1.373397
1.284860
1.366435
1.404363
1.232277
1.577272
1.465031
1.460621
1.682179
1.741884
1.293593
1.185593
1.735960
1.293593
1.557172
1.427071
1.495216
1.211793
1.301873
1.488593
1.421751
2.120794
2.400800
2.499426
1.711181
2.164016
2.031411
2.062860
2.222317
2.353433
2.139486
2.128230
1.925011
1.598232
2.113468
2.135262
2.257071
2.634144
2.777984
2.558954
2.573276
2.367069
2.871264
2.367069
2.305552
2.573276
2.129542
2.250041
2.578711
2.293736
2.458988
2.293736
2.458988
2.307608
2.396372
2.385875
1.572779
2.032661
2.325236
2.325236
1.334067
2.130987
2.013387
1.043078
1.139157
1.230753
1.252449
1.379090
1.257795
1.252668
1.207709
1.640347
1.252668
1.109491
1.320661
1.103435
1.544888
1.191116
1.232277
1.776768
1.241426
1.389700
1.295364
1.686939
1.529300
1.275443
1.577272
1.782045
1.440357
1.415114
1.324085
1.499172
1.097723
1.028611
1.211793
1.689869
1.666602
1.666602
1.666602
1.711181
1.711181
2.058943
1.925011
2.510097
1.925011
2.128230
2.113468
2.257071
2.216913
2.224403
2.224047
2.465715
2.224403
2.777984
1.838390
2.356314
2.204475
2.356314
2.226366
2.578711
2.176329
2.225726
2.578711
2.578711
2.489405
2.262651
2.176329
2.207428
2.207428
2.124284
1.864229
2.170837
1.771716
2.170837
2.556658
2.649353
2.032661
2.569928
2.628912
1.538730
1.944709
1.918375
1.199105
1.138410
1.341934
1.473472
1.507560
1.383816
1.320342
1.200508
1.602523
1.304304
1.585742
1.343920
1.284860
1.735421
1.630607
1.544888
1.148128
1.221736
1.479485
1.542475
1.146529
1.110970
1.869493
1.293593
1.110970
1.185593
1.600180
1.294058
1.028611
1.375067
1.301873
1.376663
1.666602
1.711181
2.097646
2.418455
1.399960
1.643244
2.012258
1.760044
1.760744
2.353433
1.224033
1.946150
1.984390
1.860786
1.582840
1.915187
1.786764
2.015353
2.356314
2.250041
2.391908
2.250041
2.431083
2.283032
2.207428
1.779436
1.903596
2.511283
1.504773
1.584348
2.498079
1.507830
1.983354
2.498079
1.526420
1.572779
2.325236
1.969405
0.974771
1.585460
1.319742
1.286194
1.439930
1.359672
1.331171
1.218419
1.421094
1.313840
1.053221
1.356448
1.311727
1.111912
1.085310
1.609931
1.284860
1.111912
1.314362
1.457052
1.295317
1.577254
1.331815
1.320661
1.232277
1.743951
1.683702
1.431733
1.431733
1.234723
1.304899
1.645687
1.655601
1.587880
1.483372
1.600180
1.557172
1.629555
1.347479
1.288851
0.893810
1.112174
1.301808
0.952969
1.704142
1.376663
1.301873
1.376663
1.760044
1.760044
1.974889
1.925011
1.554394
2.308097
2.502856
2.360911
2.308097
2.128230
2.169527
2.429929
2.496022
2.739586
2.069189
1.818951
2.452512
2.073751
2.071289
2.310875
2.176329
2.310875
2.180227
2.225726
2.062581
2.489405
1.923674
2.458988
2.307608
1.637149
1.904987
1.564854
2.170837
2.450175
2.526509
1.843583
1.967152
1.620023
1.663631
1.071713
0.834383
1.083104
0.930295
1.230753
1.329112
1.507560
1.363059
1.204053
1.055670
1.246365
1.250725
1.281534
1.046189
1.250725
1.053221
1.085310
1.624156
1.522045
1.262886
1.457052
1.627216
1.683702
1.683702
1.729563
1.529300
1.706277
1.092724
1.716929
1.850316
1.645687
1.781701
1.662794
1.919394
2.261835
2.055431
2.585909
2.120794
2.585909
2.418455
2.499923
2.197113
2.097646
1.695472
1.998503
1.705696
2.014965
1.998503
1.946889
2.139486
2.353433
2.057721
2.528300
2.510097
2.543298
2.360911
2.249858
2.249858
1.899208
2.249858
2.079526
2.280245
2.280245
2.376868
2.491554
2.283032
2.491554
2.431083
1.957615
2.283032
2.489405
2.521451
2.345604
2.498079
2.705424
2.628912
2.325236
1.481786
1.937836
1.074629
1.007078
1.042885
1.165801
1.240467
1.185150
1.326099
1.332141
1.332141
1.092546
1.302708
1.046189
1.237077
1.585742
1.568735
1.329898
1.706277
1.108962
1.729563
1.716929
1.764088
1.371977
2.585909
1.695472
2.159510
1.202049
1.689208
2.031411
2.308097
2.308097
1.937716
2.429929
1.849941
1.937716
1.559844
2.249858
2.015353
2.249858
2.016146
2.452512
2.280245
2.491554
2.491554
2.283032
2.563160
1.734050
1.766076
2.521451
1.587533
2.268667
2.268667
2.277735
1.639269
2.450175
2.450175
2.268667
2.671460
2.787264
1.535380
1.315800
1.827591
1.061376
1.529241
1.304349
1.453799
1.168249
1.254294
1.092546
1.046189
1.046189
1.591567
1.237077
1.198443
1.544802
1.262886
1.405913
1.362980
1.265320
1.706277
1.287871
1.017836
2.175815
2.585909
2.338347
1.911999
1.351435
2.408217
2.359909
2.546000
2.528300
1.911999
2.207242
1.221839
1.860786
2.142687
2.189485
1.452758
1.915187
1.452758
1.699863
1.915187
2.079526
2.204475
2.218022
2.218022
1.794122
2.195027
2.274912
2.071975
2.262651
2.403577
2.289472
1.766076
2.149157
2.521451
2.674791
2.526509
2.526509
2.526509
2.879662
2.332811
3.023774
2.512570
2.512570
1.909989
1.165801
1.031409
1.252449
1.207227
1.260326
1.249604
1.389045
1.469181
1.442978
1.705782
1.439591
1.176110
1.341069
1.254294
1.055670
1.055670
1.546090
1.630525
1.198443
1.232217
1.338422
1.313997
2.089698
1.495486
1.970289
1.232051
2.336013
2.138242
2.540233
1.642477
2.061161
2.326340
2.528300
2.189485
1.849941
1.322524
1.996350
1.899208
1.937716
1.943060
1.996350
2.226366
2.226366
2.280245
1.812841
2.491554
1.621274
1.766076
1.903596
2.062581
1.638103
1.657385
1.962028
1.365497
2.512570
1.992769
1.958586
1.844944
1.761802
0.950399
1.419623
1.762550
1.738040
1.341934
1.793015
1.554042
1.204017
1.474058
1.186216
1.250858
1.168249
1.139058
1.173469
0.961083
1.235959
1.682631
1.209681
1.546090
1.605641
1.522045
1.338422
1.338422
1.234723
1.139177
1.126477
1.958609
1.958609
0.837516
1.136078
2.261835
2.644020
2.644020
2.665532
2.564514
1.521830
2.502856
2.543298
2.517769
1.637627
2.024600
2.388771
2.172890
2.289472
2.141328
2.297224
2.393090
2.393090
2.517166
2.563160
2.417669
2.013255
2.324813
3.023774
2.823376
2.257392
1.909989
2.257392
2.257392
1.079766
1.290261
1.290991
1.185013
1.066799
1.388406
1.306224
1.466522
1.389045
1.671366
1.319805
1.491403
1.725230
1.678498
1.602203
1.184681
1.161118
1.186216
1.176110
1.624509
1.168249
1.173469
1.173469
1.283912
1.507591
1.558325
1.558325
1.558325
1.580826
1.544802
1.338422
1.948225
2.314925
2.665532
2.457653
2.644020
2.125587
1.369726
1.369726
2.207242
1.637627
1.924387
1.699863
1.699863
2.184284
1.638103
2.260226
2.674791
3.062864
1.316268
1.422557
2.862345
2.823376
2.257392
2.257392
1.607896
2.086498
1.983316
1.864869
1.140703
1.463408
1.389045
1.421720
1.984625
1.491403
1.725230
1.375221
1.624575
1.176110
1.151890
1.470116
1.571341
1.114118
1.167378
1.131992
1.580826
1.630525
1.382842
1.245855
2.442354
2.258760
2.314925
2.665532
1.039769
1.036564
2.061161
1.797782
2.241446
1.950480
1.210201
1.699863
2.452512
2.110677
2.274912
2.274912
2.110677
2.563160
1.940070
2.473065
2.535874
2.535874
2.062958
2.674791
2.473065
2.652802
2.652802
1.718051
2.498909
1.865267
2.109432
1.942588
0.977602
1.214285
1.048986
1.381785
1.393285
1.389045
1.384581
1.151890
1.554042
1.804039
1.639613
1.624575
1.683452
1.186216
1.454128
1.263161
1.504547
1.504547
1.551609
0.988832
1.507591
1.553218
1.382842
1.553218
1.081121
1.473009
1.687532
1.739654
2.337678
2.024529
2.067467
2.281726
1.674079
1.674079
2.231057
2.791181
1.315897
1.315897
1.499668
1.499668
1.141692
1.795279
1.964069
2.453458
1.713628
2.207242
2.555671
2.517769
2.071491
1.972893
2.035180
2.172890
1.421178
1.629882
1.922072
1.965964
2.007299
2.289472
1.499724
1.501850
1.499724
1.658947
1.397025
1.329704
2.793657
2.599799
3.117751
3.317599
2.833526
1.459688
1.608176
2.332873
1.951733
1.772113
1.380604
1.436690
1.436690
1.251776
0.923474
1.363649
1.467418
1.477999
1.389045
1.416719
1.276234
1.496443
1.624575
1.114970
1.454128
1.400464
1.225056
1.076766
0.945434
1.617032
1.401393
1.490085
1.488575
1.553218
1.379791
1.384086
0.875010
0.854132
0.840590
2.258760
2.150405
2.125587
1.777562
1.499668
2.268435
1.512281
1.666615
1.512281
1.333539
1.419164
1.965964
1.965964
2.007299
1.837679
1.330423
2.563160
1.729293
1.592862
1.461920
2.464245
2.535874
2.676852
2.464245
2.798546
2.671460
2.599799
1.506899
1.451828
2.716257
1.811537
1.861402
1.861402
1.433376
1.276097
1.352807
1.905380
1.375221
1.342687
1.151890
1.375221
1.496443
1.806000
0.999675
1.114970
1.339449
0.861946
1.450903
1.395297
1.507552
1.507552
1.528349
1.528349
1.601194
1.438548
1.266137
1.412475
1.196310
1.382842
2.337678
0.944274
0.935162
2.466592
1.674079
1.674079
2.466592
2.348257
2.548908
2.348257
2.159510
1.060585
1.189651
1.849941
1.512281
1.700122
1.381417
1.550061
1.811262
2.110677
1.457044
1.888476
2.060958
1.807254
1.648778
2.079678
1.407339
2.233489
2.257640
2.676852
1.531390
1.532439
1.028573
1.354439
1.324612
1.324612
1.484118
1.393676
2.015589
1.477999
1.416719
1.590411
1.416719
1.088555
1.679341
1.145365
1.214615
1.192642
0.995482
1.311319
1.214615
1.151890
1.963797
1.151890
1.151890
1.209367
1.127418
0.960125
0.919955
0.978947
1.473612
1.382842
0.938511
0.840993
0.840993
2.557173
2.019457
0.861649
1.638636
2.608706
0.950998
2.349346
1.315897
1.337140
1.713628
2.564514
2.517769
1.464750
1.700445
1.839885
2.110677
2.233489
2.676852
2.676852
2.534561
2.978731
2.676852
2.556958
2.453038
2.529589
3.174775
3.413835
1.421560
3.083195
3.317599
1.943611
2.399726
1.234331
1.168484
1.090459
1.374221
1.269660
1.559731
1.064059
1.145365
1.151890
1.683452
1.426077
1.235397
1.454128
1.541547
1.542449
0.988832
1.601194
1.601194
1.333389
1.488575
1.596817
0.903305
1.169256
0.424067
1.529833
0.571986
1.569538
2.191253
2.467527
2.455687
2.467527
2.450758
2.418289
0.734872
0.664455
1.001287
2.598828
2.460486
2.024529
1.005020
2.057506
2.364600
2.053543
2.500856
1.483965
2.268651
1.839885
2.185179
1.922072
1.753531
1.826880
2.504322
1.748515
2.102222
2.534561
2.292303
2.245340
3.209539
3.348375
3.309959
3.202105
3.202105
2.805624
2.613479
2.137390
3.504228
1.943611
2.404894
1.943611
2.772307
2.404894
1.240620
1.470322
1.469076
1.525076
1.484118
1.512815
1.192642
1.867695
1.311319
1.328180
1.136216
1.127418
1.771730
1.215766
1.318030
0.723160
1.449428
1.583518
1.609406
1.769240
1.411880
1.163676
1.782757
0.517270
1.528474
1.165481
2.322963
1.933696
0.734872
2.556504
0.893293
0.818027
0.849671
0.869060
0.893293
1.315897
1.629522
2.500856
1.629522
1.629522
1.995348
2.268435
1.512281
1.736917
1.216302
1.839885
1.953555
1.711311
1.630050
1.535065
2.010081
1.594138
1.235849
1.546497
2.010081
2.079678
2.010081
2.530483
2.337171
1.748515
1.611978
2.409495
2.337432
2.504322
2.969623
2.679162
2.798546
2.662493
2.805624
3.377205
3.049972
3.504228
3.457832
3.347812
3.060427
2.038840
2.038840
2.560004
3.035360
2.376077
2.716257
1.893290
1.784946
1.770489
1.893290
1.284191
1.452208
1.362607
1.420500
1.317933
1.294138
1.850804
1.905380
1.088555
0.909563
0.926472
1.459982
1.127418
0.873199
1.127418
1.236049
1.318802
1.349383
1.187376
1.769240
1.596817
1.949384
0.896829
0.692635
0.869099
2.568685
1.060585
1.337140
2.602159
2.465756
2.696792
2.500856
1.415877
1.122875
1.057882
1.918530
1.262577
1.172361
1.605153
1.736917
1.531939
1.924387
1.727996
1.839885
1.953555
1.794061
2.010081
2.187918
1.674516
2.337171
2.409495
2.143823
2.128912
2.271761
2.634016
2.337432
2.228898
2.365597
2.141841
2.634016
2.969623
2.292303
2.245340
3.026724
2.467867
3.528012
3.309959
3.377205
3.101848
3.202105
1.299547
1.885056
2.014886
3.095692
3.095692
1.531390
1.105247
1.103588
1.355978
1.415237
1.672418
2.127068
1.223010
1.263907
1.330355
1.192642
1.192642
1.796050
1.116503
1.230850
1.302271
1.587731
1.769085
1.578260
1.634547
1.675295
2.139001
1.641968
1.409893
2.496031
1.165481
1.191125
1.352741
1.747886
2.270094
1.681729
1.423055
1.053001
2.495857
1.643629
2.226319
1.654666
1.236288
1.343114
2.055473
1.839885
1.535065
2.055473
1.975264
1.496149
1.381110
2.187918
2.155512
2.241736
1.882457
2.018284
1.562737
2.715772
2.143823
2.020355
2.409495
2.861246
2.504322
3.153086
3.230364
1.277180
2.386127
2.789643
2.137390
2.613479
2.772307
1.322557
1.489256
1.463050
1.361171
1.770489
1.808632
1.255969
1.295243
1.488234
1.293018
1.448655
1.361046
1.195837
1.203700
0.886044
1.878732
1.848347
1.741955
1.821844
1.433137
1.267906
1.351430
1.278380
2.226811
2.301831
1.165481
2.088772
1.841665
0.893293
1.088035
2.270094
0.948606
2.662218
1.601020
1.733029
1.581357
2.072355
1.822563
1.822563
1.605153
1.683801
1.655049
1.334335
1.673345
2.172096
1.886903
1.801566
2.241736
2.392336
1.394943
2.150044
1.422089
2.327891
1.878267
2.417955
2.024621
2.507581
2.271761
2.228898
2.020355
1.689369
2.207218
2.969623
3.209539
2.907663
3.230364
1.293426
2.562713
2.530866
2.575847
2.530866
1.437706
1.392198
2.137390
2.562713
3.101848
3.095692
3.076225
2.818388
3.076225
1.652059
2.566516
2.376077
1.893290
1.351658
1.316280
1.169758
1.473406
1.482154
1.332829
1.263907
1.195837
1.822542
1.960576
1.960576
1.316092
1.034623
1.192642
1.131709
1.862961
1.771730
1.116503
1.628222
1.225056
1.225056
1.584034
1.583518
1.278380
2.078597
1.312958
1.717368
1.786610
2.226811
1.013918
2.455687
2.193730
2.800308
1.528474
2.582380
0.919702
2.400948
2.270094
2.662218
0.920447
1.601020
1.629522
1.833717
1.733029
1.833717
2.044210
2.268651
1.339168
1.169400
1.743848
2.052226
2.052226
1.981821
1.953555
2.052226
1.895897
1.735077
1.798553
2.083752
2.392336
1.836227
2.035174
1.821426
1.764692
2.035174
2.310256
1.768944
2.519956
1.947861
1.842931
2.940231
2.073116
1.402654
1.269816
2.277609
2.050794
2.940231
3.153086
2.095866
2.007689
2.386127
3.143475
2.805624
1.299547
3.076225
2.929294
1.885056
2.566516
2.038840
2.117570
1.631432
1.561551
1.112626
1.524454
1.355978
1.960576
1.131709
2.127068
1.806000
1.715583
0.672138
1.302271
1.770170
2.251741
1.770170
1.781300
1.679630
0.991036
1.378425
0.990532
0.990532
2.400948
1.962860
0.885518
1.833717
1.464961
2.280198
2.696792
1.762853
2.044210
1.552272
0.997754
1.214715
1.470817
1.683801
1.596438
2.196449
1.798553
1.886903
1.886903
1.803485
2.018284
2.430218
1.894691
2.616027
2.677638
2.756911
1.945500
1.202874
2.050794
2.050794
1.946629
1.946629
3.064734
2.095866
3.064734
1.441739
2.955869
2.232095
2.370428
2.232095
2.232095
2.481549
2.621897
2.621897
2.684311
1.476403
1.906085
1.334962
1.006752
1.456849
1.477662
1.473406
1.583838
1.332829
1.134108
1.263907
1.361046
1.697276
1.610738
1.117548
1.738339
1.695713
1.575002
1.418011
1.534364
1.409159
1.267906
1.267906
1.344887
2.251741
1.770170
2.078597
1.606035
1.074364
1.578501
2.448072
2.125690
2.147639
1.029263
1.013918
2.231937
2.009857
1.088035
2.662218
2.548657
1.057882
1.393003
1.817006
2.170564
1.969257
1.895897
1.735077
1.864978
2.025085
1.895897
2.345947
1.803485
1.803485
2.418195
1.721469
1.592515
1.959384
2.507581
2.898982
2.666812
2.624657
2.508007
1.892734
1.838018
2.207218
2.095866
2.050794
2.095866
2.576578
2.213366
2.562713
2.337416
2.024281
2.929294
2.575847
2.929294
2.929294
2.929294
1.238994
2.684311
3.115180
3.263334
2.473917
2.749152
2.348714
2.117570
1.128589
1.335187
1.631763
1.520608
1.557814
1.492089
1.473406
1.597598
1.207761
1.370137
1.372447
1.162230
1.162230
1.195837
2.028879
2.028879
1.733938
1.949313
0.778044
1.893039
1.949313
1.575002
1.157882
1.520121
1.302271
1.616336
1.412907
0.991036
1.366561
1.679630
1.624112
2.315841
2.599829
2.226811
1.359378
1.347034
1.648736
1.659595
2.400948
2.504802
2.504802
2.329732
1.873441
1.132780
2.754547
1.733029
1.826600
1.232784
2.060723
1.772029
2.270974
1.638039
2.063840
1.766531
1.981821
1.795878
2.035174
2.020983
1.801566
1.599356
1.458852
1.886903
1.700899
1.878267
1.959384
1.701982
2.073116
1.957098
1.778653
2.779817
1.294033
2.386127
2.232095
2.904053
2.684311
1.785869
1.549628
1.652059
2.691294
1.454011
2.065222
1.671220
1.523449
1.372517
1.488234
1.474358
1.428804
1.162230
1.451395
1.207761
1.416842
1.771510
1.740517
1.529126
1.586900
2.028879
1.893039
1.409159
1.109092
1.150134
1.172059
2.101072
2.251741
2.251741
1.272673
1.349912
1.038920
1.097396
1.330338
1.038920
2.455687
1.977724
2.281529
2.281529
2.448072
2.501729
1.813737
2.013548
1.537418
2.636758
1.150356
2.044151
2.754547
1.313930
2.044151
1.552272
2.280198
1.654666
1.687808
1.391153
1.409435
1.823290
1.868857
1.409435
2.060723
1.861396
1.717106
2.196031
1.614427
1.614427
1.981821
2.025138
2.433663
1.870115
2.392336
2.083752
1.910919
1.991218
1.910919
1.910919
1.669647
2.353280
1.328528
2.020983
1.870193
1.539629
2.082987
2.508007
1.838018
1.946629
2.940231
2.885134
3.064734
1.659779
2.725947
2.725947
2.439948
2.955869
3.158497
1.545608
1.631432
1.633626
1.152458
1.204067
1.392181
1.372447
1.390869
1.586900
1.712808
1.738339
0.909563
1.894594
1.373185
1.373567
2.101072
1.781778
1.616336
1.330338
1.895173
1.793041
2.315841
2.049195
2.153315
1.962860
2.754547
2.626875
1.678311
1.762853
1.406638
1.481325
1.762853
1.762853
1.865189
1.829835
2.130781
2.130781
2.024432
1.797032
1.901189
1.836227
2.215131
1.991218
1.609776
1.991218
1.735077
2.398128
2.418195
1.721469
1.592515
1.855835
1.838018
1.959384
1.431291
2.439948
2.012713
2.439948
1.176128
2.714220
1.785869
2.285702
2.691294
3.076225
2.473917
2.065222
1.506139
1.414404
1.614417
1.506676
1.409305
1.558998
1.434446
1.378153
1.370137
1.492089
1.530383
1.715374
0.947402
1.749936
1.608134
1.819648
1.551291
1.409159
1.109092
1.291391
1.376734
1.416762
1.330338
2.062224
2.827201
1.262279
2.644155
1.328184
1.464718
1.678311
1.447907
1.487788
1.686037
1.681249
1.797032
1.991240
2.025138
1.599356
1.700899
2.097922
2.097922
1.449894
1.189100
2.357415
1.464758
2.337416
2.213366
2.864561
2.873357
2.337416
2.814989
3.052885
1.322394
1.344114
3.158497
3.158497
2.691294
2.065222
1.678735
2.065222
1.545608
1.518966
1.111182
1.120819
1.389975
1.305939
1.478411
1.649453
1.370137
1.504532
1.353249
1.244991
1.205320
1.353249
1.376171
1.694033
1.719103
0.960186
1.103504
1.035180
1.675434
1.416762
1.328625
1.895173
1.603792
1.929988
2.203728
1.390898
1.659595
2.281529
2.819001
1.876918
2.556330
1.328184
1.132780
1.495326
1.313930
1.990098
1.968367
2.234953
1.865189
1.865189
1.436681
1.713952
1.796114
2.016898
1.662803
2.048635
1.440441
1.511821
2.328321
2.265880
2.603370
2.332026
1.926054
2.371787
2.508007
2.451165
2.518889
2.005036
3.076732
3.052885
2.379072
2.285702
2.379072
2.734139
2.714220
1.863201
1.475691
1.735339
1.863201
1.622439
1.460561
1.535436
1.530383
1.431897
1.725564
1.434446
1.526437
1.550832
1.482301
1.586900
1.572447
1.209984
1.715583
1.300292
1.759508
1.717069
1.410893
1.681553
1.788002
1.409630
1.782670
1.684832
1.376734
2.569639
2.362679
2.556350
1.708319
1.723062
2.556330
2.501043
2.655217
2.655217
0.883269
0.986902
1.447907
1.249713
1.249713
1.436681
1.687808
2.097062
1.965249
2.211534
1.864978
1.730417
2.152963
1.740816
1.981803
1.981803
2.208762
1.582409
1.674926
2.325962
2.806507
1.238561
1.397289
1.584263
1.520917
1.152553
1.406876
1.459524
1.526437
1.815319
1.725564
1.478411
1.434446
1.224333
1.423726
1.209984
1.209984
1.209984
1.601321
1.397547
1.291391
1.412482
1.384316
1.830035
2.556350
1.961841
2.824209
2.058661
2.207738
2.214051
0.759531
2.655217
1.151899
1.968367
2.140838
2.097062
1.859028
2.016898
2.143730
1.977448
1.925861
1.662803
1.901189
1.681249
1.686884
1.681249
1.748832
1.428813
2.012852
2.378956
2.270974
2.137673
2.137673
2.303356
1.811665
1.797041
2.152963
1.797041
1.948983
2.112087
2.208762
2.005479
1.673987
1.673987
2.531748
2.143591
2.601321
2.932246
2.873357
2.932246
2.335411
2.481273
2.814989
2.745771
2.814989
1.989960
2.379072
1.349471
1.727041
1.467902
1.520292
1.388748
1.520292
0.894459
1.013852
1.663192
1.571900
1.410938
1.527582
1.535436
1.413118
1.897730
1.672600
1.815319
1.749577
1.381493
1.245588
1.098521
1.580016
1.504051
1.519625
1.357331
1.542426
1.328842
1.633555
1.348182
1.539092
2.053629
2.331605
1.658930
2.403598
2.415154
0.855011
0.883269
2.229612
2.439171
1.385403
1.447907
1.436681
1.796114
1.422624
1.730529
2.146797
2.267405
1.854186
1.681249
1.662803
1.730417
1.593884
2.012852
2.429072
1.926104
2.533267
1.900153
1.814086
1.824780
2.230694
2.814989
1.218367
1.340831
1.222264
1.151684
0.738465
1.192876
1.208239
1.555220
1.799516
1.498947
1.745415
1.483493
1.382465
1.873878
1.537998
1.815319
1.526437
1.405579
1.511977
1.268115
1.245324
1.076285
1.244991
1.424676
1.683648
1.516569
1.849449
1.601321
1.318773
1.409630
1.409630
1.799801
1.982749
1.892838
1.896914
2.566061
2.688892
1.898969
1.644042
0.693683
0.844964
1.126273
1.202089
1.126273
1.962289
2.166362
2.636758
1.456906
1.539389
1.547938
1.411910
1.529562
2.035866
2.035866
2.067834
1.965249
1.669927
1.846786
1.930537
1.965249
1.421314
1.289126
1.531562
2.426384
2.250195
2.271521
2.137673
2.128962
2.215131
2.371787
2.159785
2.043502
1.615903
2.473259
2.201968
2.873357
1.531234
1.396658
1.082860
1.799516
1.536664
1.562620
1.945854
1.749577
1.505750
1.245324
1.268115
1.245324
1.683648
1.803866
1.071444
1.527180
1.162221
1.128456
1.223728
1.434253
1.633555
1.753351
1.683566
1.182704
1.613636
1.799801
2.251902
1.876918
1.905040
2.058661
1.095651
2.207738
1.628803
1.410106
1.344557
1.350421
2.166362
1.003774
1.080415
1.438817
1.436681
1.533706
1.500785
1.467904
2.091323
1.749847
2.137206
2.267405
1.854186
1.959376
2.265880
1.478169
2.253347
2.932246
2.142136
2.653700
2.352429
2.249995
2.806507
2.873357
2.335411
2.489239
2.056882
1.348106
1.448470
1.480941
0.702784
0.955479
1.486212
1.457518
1.365104
1.380853
1.666620
1.780212
1.749577
1.545792
1.265686
1.753681
1.824410
1.457581
1.700030
1.719103
1.318773
1.661752
1.633555
1.753351
1.730314
2.124577
1.945547
1.888994
1.705817
2.312928
1.981582
2.132284
2.132284
1.350421
1.416276
1.798862
1.133071
1.112217
1.385403
1.372254
1.415718
1.411910
1.749847
1.891388
2.075833
2.054008
1.943298
1.599778
1.620258
1.703877
1.859028
1.854186
2.162513
2.149940
1.812114
1.968720
1.968720
1.968720
1.612120
2.359205
2.429072
2.271521
2.128962
1.907348
1.735792
1.907348
2.131001
2.147139
1.748475
2.492917
1.786216
1.497006
2.088900
2.176084
2.088900
2.176084
2.253347
2.045862
1.660799
2.296397
2.173711
1.565701
1.447556
1.124691
1.666312
1.026328
1.248851
1.279141
1.248851
1.283463
1.768897
1.536232
1.457518
1.663192
1.694020
1.934122
1.863633
1.863633
1.577313
2.009528
1.680011
1.897730
1.959925
1.982762
1.884946
1.910029
1.910029
1.505750
1.799549
1.162596
1.505750
1.505750
0.991827
0.991827
1.487822
1.644815
1.803568
1.747960
1.803866
1.527180
1.717069
2.015606
1.695745
1.223958
1.662274
1.429772
1.223958
1.420409
1.726499
1.582220
1.633555
1.420409
1.633555
1.721998
1.966963
1.701795
2.332328
2.053629
2.670851
2.496110
2.849252
1.945547
1.684839
1.847110
1.548270
1.884569
0.972940
1.095651
2.610192
1.044249
1.330561
1.385403
1.669927
1.990760
1.984910
2.091323
1.895123
2.250195
1.743747
2.176991
2.088900
2.275952
2.159785
2.275952
2.142136
2.601321
2.352429
2.696672
2.316089
2.201968
2.489239
2.316089
1.705462
2.230694
1.962378
2.296397
2.173711
1.322394
2.041662
1.555344
1.370884
1.251529
1.226203
1.043998
1.394464
1.691394
1.802353
1.406876
1.410938
1.897730
1.884946
1.968328
1.956503
1.083148
1.307970
1.694355
1.799549
1.109766
1.463906
1.166445
1.213256
1.602011
1.683648
1.577382
1.646483
1.188639
1.484990
1.340412
1.141090
1.147106
1.147106
1.420409
1.207137
2.258831
2.384027
2.765330
1.728135
1.865163
1.812372
1.646598
2.033520
1.690706
1.884569
1.126273
0.981451
0.981451
1.605962
2.324581
0.844964
1.798862
2.166362
1.978110
1.532371
2.035866
1.893436
1.696201
1.782670
2.054276
1.359630
1.819216
1.676742
1.350334
1.943298
1.531388
2.018918
2.161345
1.922199
1.887072
2.359205
1.698501
2.018918
2.173483
1.867781
2.143169
2.143169
2.173483
2.143169
2.312828
2.041630
1.716309
2.212019
1.767582
2.275952
2.331408
1.902763
1.989960
1.959874
1.892954
1.892954
1.395199
1.351588
1.251332
1.278888
1.273042
1.524295
0.862634
1.496009
1.642416
1.991873
1.992053
1.537998
2.069806
1.992053
1.968328
1.968328
1.162596
0.873708
1.693767
1.777874
1.484990
1.484990
1.247593
1.884018
1.420409
1.948984
1.764816
2.152174
2.608563
2.496110
2.886817
2.084878
1.803196
1.981582
2.490484
1.784820
2.415154
2.490484
1.113800
0.786376
1.748267
1.656933
1.707294
1.334394
1.206215
1.398234
1.854598
1.854598
1.633232
1.387158
1.484811
1.415718
1.934536
1.749847
1.802189
1.819216
1.501694
1.937730
1.859028
2.039257
1.986595
1.887072
2.401561
2.289143
2.401561
2.077000
2.005366
2.073512
1.729974
1.887432
1.834133
2.696672
1.767582
1.914422
2.012363
2.272144
2.235906
2.082224
1.979493
1.401418
1.660698
1.941502
1.815068
1.834830
1.500431
1.171838
1.241505
1.030448
1.467238
1.246160
1.642416
1.528826
1.991873
1.802353
1.577313
2.069806
1.968328
1.199769
1.484990
1.775776
1.117629
1.775776
1.117629
2.015606
2.207283
2.497126
1.933138
2.259353
1.672726
1.832814
1.531174
1.531174
1.849332
1.756249
1.188362
2.495581
1.189631
1.784820
1.748267
1.416276
1.416276
1.461342
1.656933
1.641176
1.604182
1.942348
1.844200
1.601320
1.633232
1.779215
1.762587
1.922817
1.596446
2.161345
1.867781
1.867781
2.133102
1.689426
1.587617
1.949067
2.160920
1.808840
2.180285
1.948751
2.142136
2.352429
2.272144
2.173027
1.832992
1.470890
2.063043
1.941502
1.570304
1.732375
1.914039
1.665929
1.486512
1.731029
1.914039
1.979493
1.379134
1.834830
1.370884
1.354062
1.390132
1.541888
1.226620
1.768897
1.892837
2.038813
1.820030
2.038813
1.322309
2.118173
1.992053
1.177772
1.174166
1.152390
1.501487
1.308751
1.141090
1.579198
2.009916
1.662274
1.560315
2.032002
2.304950
2.076590
2.677002
2.640400
2.108856
2.570055
2.608563
2.765330
2.791495
2.123493
1.537272
2.114911
2.235327
1.884569
1.197751
2.468426
2.039020
2.133044
1.209003
1.509620
1.754834
1.960129
1.398234
1.656933
1.844200
1.899971
1.635337
1.843918
1.873614
1.531388
1.839423
1.616803
1.441601
2.234357
2.053335
2.133102
2.308404
1.886746
2.005366
2.289143
2.289143
2.401561
1.988560
2.064283
2.041630
2.041630
2.054947
1.442347
1.502068
2.352429
1.808990
1.892954
1.486512
1.456448
1.188090
1.186822
1.059122
0.862634
0.789268
1.820030
1.524242
2.074185
1.345405
2.182564
1.991873
1.328450
1.308304
1.393113
1.501107
1.247593
1.696570
1.578613
1.220433
1.395826
1.308751
1.463311
1.141090
1.634912
1.117629
1.719051
1.871220
2.022002
1.966963
2.126115
2.126115
1.994741
2.114911
2.078949
2.448110
2.312928
1.774105
1.678856
1.094323
0.667316
1.596323
1.461342
1.815509
1.925063
1.854598
1.925063
1.629405
1.893502
1.843918
1.809895
1.993903
1.227266
1.932649
2.090210
1.887072
2.118302
1.871459
1.752064
1.719203
1.810567
2.540144
1.583309
2.441041
2.441041
2.261805
1.988560
2.089611
2.319118
1.763077
1.732375
1.804636
1.979493
1.534618
1.991129
1.687422
1.547430
1.236107
1.370884
1.320408
1.438761
1.393062
2.072503
1.276275
1.302639
1.578613
1.620031
1.484990
1.173312
1.623401
2.513928
1.541687
2.111031
1.924395
1.917541
2.116347
1.885400
2.428457
2.078949
1.884569
1.326560
1.872423
1.324095
1.194221
1.538705
1.754834
1.870638
1.786485
1.786485
2.054276
1.934536
1.752338
1.809895
1.895123
1.993903
2.164127
2.038961
1.887072
1.992086
1.882997
2.411839
2.053335
1.358030
1.947893
2.264745
1.886746
1.719203
1.719203
2.305348
2.200596
2.019801
1.466749
2.359154
2.054947
2.319118
1.311782
2.186868
1.649879
1.504260
1.534618
1.755424
1.518557
1.533033
1.186822
1.517881
1.083590
1.059122
1.505615
1.541888
1.171838
1.358402
1.241505
1.665542
1.577313
0.973166
1.091963
1.491826
1.601734
1.566498
2.479787
2.426270
2.426270
2.089423
2.791495
2.420300
2.768801
2.677002
2.395723
2.585179
1.773772
2.527911
2.044005
1.496123
2.001986
1.879774
1.242672
1.809895
1.723043
2.520385
2.530477
1.734795
1.733026
1.901404
1.566168
2.357300
2.073512
1.669473
2.200596
2.033828
1.705312
1.259270
0.783314
1.033092
1.791592
1.791592
1.078039
1.464322
1.251092
1.689755
1.501107
1.604130
1.493704
1.644815
1.958572
2.123395
1.413652
1.862656
2.479787
2.111031
2.463134
2.778448
2.420300
2.420300
1.728135
1.494927
1.494927
1.991772
2.001986
1.698600
1.725978
1.690492
0.504243
1.754834
1.755496
1.596323
1.596323
1.690492
1.936774
1.925063
1.702408
1.754834
1.786485
1.787923
1.787923
1.760548
1.787923
1.241545
2.107016
2.164127
2.189116
2.281317
1.884065
2.281317
2.411839
2.583651
2.506825
1.706547
1.841976
1.687154
2.372298
1.466749
1.746837
1.961605
1.620367
1.533033
1.283878
1.311819
1.311819
0.759500
0.876685
1.128330
1.311231
1.311231
1.421245
0.759009
1.493704
1.632532
1.493704
1.696241
1.647554
1.647554
1.373321
1.444314
1.958572
1.997317
2.160738
2.133677
2.491248
2.748942
2.408171
1.844197
1.726194
2.000213
1.842625
1.959411
1.803196
2.259850
1.869618
2.273422
1.873911
1.320152
1.823985
0.847611
1.326560
1.637509
0.933923
1.554164
1.866200
1.892915
1.745056
0.862872
0.997154
1.939904
0.841994
1.156387
1.667727
1.667727
1.616803
1.887743
1.947893
1.916250
1.800058
1.549664
1.454825
1.578675
1.687154
2.432911
1.970134
1.626164
1.769641
1.649879
1.832928
1.744968
1.810219
1.961605
1.424694
1.231953
1.230060
1.305931
1.246160
1.269831
1.540973
1.440921
1.328450
1.421245
1.141263
1.046093
1.264307
1.023880
0.953239
1.364579
0.953239
1.363685
0.759009
1.526595
0.537703
1.434644
2.288042
2.375112
2.607211
2.373895
1.867651
1.829957
2.044804
1.537272
1.924342
1.539675
1.866200
0.895857
0.841994
1.842566
1.886637
1.941879
1.665054
1.665054
1.536665
1.583309
2.361350
1.466749
1.244709
1.810567
2.305348
2.080613
1.630659
2.032843
1.590321
1.874157
1.754672
1.539679
1.482835
1.482835
1.687422
1.396219
1.472321
1.317566
1.214922
1.214922
0.966248
1.416350
0.965855
1.895837
1.632532
1.632532
1.641437
0.921924
1.706552
1.444314
1.465778
1.323556
2.720323
2.628531
2.607211
2.628531
2.598396
2.677002
2.607211
2.217204
1.933138
1.938495
1.959411
1.959411
2.044804
2.259850
1.179009
1.124732
2.319445
1.904639
1.116867
1.406044
1.406044
1.904639
1.473647
1.473647
1.554164
0.781546
0.736221
1.848969
1.572376
1.429349
2.281317
2.015782
1.275261
1.528554
1.800058
1.313699
1.565867
2.052286
2.252026
1.845952
1.872478
1.743118
1.761563
1.761563
2.079904
1.971178
1.961605
1.471418
0.692242
0.670108
0.692242
0.820734
0.939557
0.930112
1.317699
1.476772
1.540973
1.277646
1.463654
1.341268
1.231831
1.801980
1.534780
1.231214
1.647554
1.842699
2.612434
2.580620
2.580620
2.556164
2.513928
1.938495
2.200127
2.285663
1.959411
1.764838
1.881172
2.469707
1.531912
1.655517
1.180793
0.456438
1.023048
0.847611
0.613450
1.569509
1.545544
1.454224
1.580616
2.281317
2.401860
1.415387
1.244709
1.415387
2.003320
2.299487
2.299487
2.202566
2.394013
2.256123
1.313699
2.164759
1.916058
1.448646
2.084213
2.150051
1.691990
1.872478
1.311346
1.869423
1.275964
1.496748
1.408298
1.128330
0.856107
1.198118
1.358402
1.247022
1.165422
1.474443
1.463654
1.311658
1.044415
1.522179
1.025487
1.801980
0.421818
1.723524
1.647554
2.050039
2.408460
2.479787
2.628531
2.720323
2.303804
2.580620
2.674083
1.763759
1.898029
1.881172
1.910687
1.759302
1.271953
1.406044
1.333803
1.114478
1.333803
1.063933
1.594243
1.017875
1.670426
1.737584
1.605106
1.941879
1.549664
2.084076
1.154256
1.269047
1.679569
2.394013
1.706355
1.938921
1.654469
1.647545
1.721411
1.430572
2.032843
2.084213
1.708218
1.947947
1.851003
1.526706
1.605752
1.574801
1.328524
1.697352
1.697352
0.902381
0.814280
1.422602
1.429963
1.531555
1.234183
0.970667
1.103041
1.183429
1.380006
1.710643
1.569766
1.463654
1.512896
0.905268
1.197381
1.337798
1.151199
1.420535
0.921924
1.789224
2.013170
2.007070
2.701838
2.303804
2.017897
2.235751
2.235751
2.327746
2.285663
1.814636
1.814636
1.813255
2.063433
1.714269
1.294150
1.294150
1.359114
1.566701
0.672800
1.447628
1.572376
1.230792
1.389276
1.605106
1.269047
2.281317
1.900355
1.800058
1.173457
1.476478
1.623111
1.742545
1.641472
1.872652
1.976159
1.866705
1.434246
1.087862
1.284021
1.266361
1.328519
1.513751
1.611101
1.447304
1.375540
1.513751
1.375540
1.442824
1.281900
1.229969
1.151096
1.895837
1.587573
0.522515
2.007070
2.701838
2.519117
2.519117
2.519623
2.073524
1.834468
1.923178
1.923178
1.271953
1.346598
0.948762
1.339598
1.333803
1.473647
1.441643
0.554064
1.339598
1.450905
1.683877
1.721972
1.582638
1.711902
1.156896
1.851298
1.777327
1.528554
1.824235
1.938921
1.526706
1.785913
2.000575
1.551088
1.696400
1.617108
0.612892
0.785182
0.809695
1.130475
1.428389
1.132673
1.710643
1.636050
1.018341
1.512896
1.244162
1.239585
1.244162
1.386123
1.051950
1.895837
1.621916
0.660859
1.988638
1.706552
2.460865
2.519117
2.634709
2.379014
2.416811
2.301671
2.580620
2.614722
2.658852
2.657269
2.358772
2.358772
2.674083
2.277691
2.656272
1.764838
1.659709
1.487720
1.514941
2.320850
1.539675
1.309389
0.635175
1.441440
0.718322
0.771373
0.997050
1.193539
0.821881
0.997212
1.594243
1.146314
1.144326
1.259106
1.935760
1.569488
1.916058
1.549694
1.870916
1.649126
1.500010
1.498163
0.676823
0.861294
1.424501
1.464196
1.558740
1.694061
1.599669
1.600517
1.406372
0.892339
1.345349
1.097142
1.406372
1.186027
1.051950
1.185273
1.801980
1.341268
1.587573
0.942590
1.276758
2.241627
1.723524
2.250159
2.640490
2.564902
2.179319
2.612434
2.514691
2.231787
1.832139
2.524777
1.672108
1.514941
1.910905
1.714574
1.319574
1.441440
1.178645
1.566704
1.571396
1.302775
1.332677
1.594243
1.572376
1.254465
1.711902
1.670079
1.550207
1.142386
1.814429
0.727568
1.774955
1.604764
1.009111
1.285547
1.100788
1.100788
1.299469
1.239585
1.154827
1.095789
1.076047
0.977788
1.225116
0.996887
1.113604
1.988638
2.480329
2.050039
1.911885
2.614722
2.443792
2.219496
1.754367
1.754367
2.704766
1.930368
2.269141
1.854337
1.134963
1.231828
1.496118
1.333803
1.339598
1.441440
1.480462
1.395284
1.450554
1.164123
1.670079
1.324639
1.764430
1.730297
1.661652
1.758982
1.682702
1.144802
1.740411
1.212384
1.494304
1.619961
1.545699
1.434911
1.133187
1.197082
1.144255
1.151199
0.977788
1.098621
0.979688
0.814480
1.525628
0.776854
1.562307
2.116706
1.697585
1.706552
2.516840
2.269808
2.460865
2.586590
2.640490
2.527809
2.514691
2.269141
1.826309
2.217986
1.854337
1.231828
1.714574
1.319574
1.027884
1.045764
1.509557
1.539880
1.465854
0.849310
1.395284
1.042058
1.161146
1.066782
1.121768
1.467430
1.770139
1.225559
1.206594
1.844744
1.687189
1.804250
1.693392
1.782778
1.570455
1.619961
1.710643
1.167805
1.060241
0.905156
1.162593
1.074271
1.323245
1.651854
1.988638
2.277061
2.423818
0.659261
0.398562
1.697585
2.252399
2.175493
2.175493
2.094321
2.486196
2.571110
2.463856
2.277691
1.618013
1.685522
2.269141
1.921869
1.559231
1.986116
2.012094
1.262290
1.477517
1.231828
1.490245
1.715268
1.888563
1.986116
1.367965
0.975976
1.151886
1.425678
1.309389
1.395264
1.404140
1.402423
0.849310
1.200164
1.572285
1.572285
1.431840
1.189850
1.449346
1.467962
1.432398
1.895999
1.854237
1.398939
1.804250
0.740745
1.248293
1.327054
1.122408
1.266190
1.162593
1.198618
1.072901
1.107179
1.074365
1.039181
1.239894
1.534419
2.116706
0.776854
2.460865
2.154752
2.061517
2.261298
2.377024
1.961168
1.768194
1.126062
1.459525
1.273718
0.777301
0.565833
1.515049
1.212056
1.395284
1.148874
1.302775
1.172803
1.080794
1.547453
1.478039
1.557446
1.424725
1.872373
1.396852
0.676823
0.612892
0.858009
1.005362
0.979416
1.120589
1.351298
1.208281
1.133668
0.979688
1.068976
1.357373
1.357373
0.903373
1.988638
1.880713
0.502769
0.687630
2.423818
2.460865
2.203405
1.949176
1.957427
1.785764
2.261298
2.261298
1.760606
1.736222
1.921869
1.559231
1.715268
1.194959
1.223211
1.273718
1.509557
1.568565
1.568565
1.402423
1.034374
1.220674
1.070680
1.189850
1.143320
1.254465
1.266471
1.550091
1.398939
1.516613
1.424725
0.602194
0.858009
1.431569
1.054310
0.998454
1.288303
1.043350
1.001587
1.090974
1.095789
1.003698
1.097286
0.906431
1.127871
2.116706
1.659764
2.210262
2.006404
2.550137
2.423818
2.561411
1.895834
1.828031
1.159874
0.618203
0.618203
1.484348
1.466359
0.822868
1.467430
1.538794
1.252998
1.485224
1.488007
1.554546
1.387346
0.959780
1.091177
1.072278
1.072278
1.071718
1.100262
1.098593
1.132538
1.066173
1.009589
1.025936
1.578380
1.871858
0.830151
2.441612
0.572306
2.449465
2.033664
2.406684
1.895834
2.184086
1.996653
2.012094
1.539535
1.191799
1.575478
1.366736
0.706524
1.417265
1.287970
1.402423
0.734115
1.254856
1.210481
1.234867
1.004119
1.464858
0.749746
0.989050
0.918841
1.498666
1.485499
1.181641
1.309867
1.031780
1.242840
1.068976
1.276650
1.260069
1.284784
1.090974
1.090974
1.486688
2.081262
0.911127
2.246685
2.028944
2.286164
2.033664
2.569990
1.584510
1.895834
1.618013
1.605597
2.035772
1.812035
1.936800
1.841490
1.961168
2.058711
1.477517
1.203347
1.008479
1.550750
1.527477
1.402626
0.820847
1.366492
1.336805
1.302035
1.016555
0.749067
1.095005
1.205109
1.128664
1.172468
1.495950
1.134230
0.945484
1.234839
1.404024
1.230461
0.957553
1.147470
1.395597
0.882432
1.062867
2.152217
2.116706
2.439067
2.186688
2.374300
2.257968
2.423818
2.303330
0.605877
2.303330
2.460980
1.642300
2.039345
2.406684
1.557731
1.533002
1.596132
2.048631
1.402795
1.344517
1.181525
1.585559
1.223211
1.416116
1.575478
1.461958
1.357819
1.366736
1.114528
1.192879
0.749746
0.807291
0.968091
0.850735
0.937120
0.991073
0.960833
1.141243
1.057333
1.064933
1.557615
1.031491
1.010565
1.127425
1.284784
1.195658
0.813967
0.907243
1.913612
0.815641
0.568082
1.901946
2.675576
2.232733
2.463856
2.406684
2.501021
1.795345
1.795345
1.715268
1.324126
1.205943
1.297497
1.297497
1.297497
1.159874
1.597729
0.511285
1.144978
1.079695
0.635341
1.093203
1.343989
1.218086
0.907653
1.290279
1.154977
1.271011
0.968599
1.659764
2.407769
1.488823
1.827443
1.996653
2.124810
1.344517
1.663010
1.550750
1.278113
1.499367
0.821576
1.386810
1.128039
1.575478
0.532185
0.772271
0.627071
1.317238
1.249548
1.205181
1.240332
0.746792
0.957016
1.175145
0.827678
0.897468
0.810426
1.052012
0.907653
0.905289
1.186170
0.990092
1.198488
0.896252
2.081262
0.963028
1.993242
2.073400
2.052717
2.039345
1.966777
2.034429
1.556946
1.374259
1.324126
1.795345
0.579952
1.539567
1.575478
1.005452
1.085841
0.718093
0.927670
0.933069
0.959780
0.879284
1.261290
1.261290
1.245150
1.367270
1.031491
0.993741
1.092827
1.124565
0.980703
0.861361
0.993741
1.092827
0.993741
1.694048
1.098520
0.896252
1.877038
2.043512
0.963022
0.931026
2.036304
2.079565
0.756397
0.830151
0.868607
2.039345
1.743400
1.786928
2.073982
2.124810
1.926150
1.585029
1.374259
1.773620
1.044353
1.559161
1.315023
1.092380
0.870368
1.539567
0.431002
0.616219
0.767454
1.176768
1.216049
1.016288
0.980544
0.927670
0.927670
0.871162
1.050978
0.903035
0.783012
1.397061
1.052514
1.002960
1.023516
0.871767
1.268263
1.107051
1.381250
1.100763
0.980688
1.067473
1.098520
1.048964
2.090782
1.904160
2.152217
2.275442
1.429179
0.862059
0.862059
0.568082
0.941410
2.342737
2.342737
1.770818
2.039345
2.089149
1.984968
1.252103
1.315023
1.563590
0.947172
1.514574
1.514574
0.762776
1.343675
1.343675
0.764602
0.960451
1.148507
1.129613
1.010882
1.075768
1.637231
0.974432
2.089458
1.989181
1.989181
1.072211
0.987086
0.982400
2.073400
1.795749
1.027222
1.025977
2.126297
2.102537
1.035288
2.232733
1.680122
1.921515
1.714085
1.794230
2.026346
1.738015
1.701147
1.411304
1.470719
1.643086
1.514574
0.417590
1.313373
1.402865
1.577710
1.276410
1.124179
0.916192
1.129613
1.050354
1.075402
0.810426
1.403511
1.369525
1.378385
1.391807
1.600540
1.249568
0.979809
1.949388
2.100809
1.869808
2.082523
2.122089
2.152217
1.833811
1.744528
1.878865
1.828148
1.171165
1.855531
1.099169
2.032513
1.993242
2.039345
0.568082
0.690630
0.969088
1.989587
2.136193
1.977021
1.552179
1.374259
1.417945
0.858900
0.458456
0.697039
1.226479
1.299248
1.391807
1.701416
1.245150
1.211575
1.109898
1.918269
1.112153
1.071563
1.977912
1.870792
1.829098
1.870792
1.106128
2.063871
2.063871
1.091769
1.155380
1.134645
2.328751
2.084688
0.941410
1.035741
2.167545
2.229453
2.046906
1.661200
1.552179
1.552179
1.497200
1.606110
1.578586
1.416336
1.312989
1.500983
1.569414
1.182007
1.670949
1.365457
1.561870
0.941832
1.335658
1.343675
1.322144
1.124179
1.148880
1.151547
1.026173
0.932792
1.772980
1.545791
1.389293
1.869808
2.082765
1.918269
1.989181
2.082523
1.833811
1.613621
1.613621
1.079709
1.855531
2.032513
0.876891
0.667533
1.036531
1.016647
1.048757
1.533168
0.995889
0.930081
0.811425
0.751893
0.572328
0.650566
0.383811
1.438461
1.555630
0.383811
1.536669
1.345561
1.345561
1.670949
1.756322
1.561870
0.830791
0.735017
1.179824
1.549918
1.053797
1.076679
1.182695
1.585383
1.722380
1.150395
1.211839
1.168054
1.425653
1.875519
1.855531
1.765114
0.490991
1.051190
1.042677
0.436719
1.147296
1.836336
2.020920
1.971026
1.142880
1.958538
1.799452
0.418746
0.572328
2.017492
2.167545
1.436886
2.086774
1.245110
1.072961
1.484400
1.791000
1.321012
1.463362
1.567851
1.318365
1.278775
0.590089
0.919409
0.916192
1.148880
1.829098
1.704557
1.745470
1.813347
1.863722
1.283321
1.915224
1.425653
1.698024
1.079709
1.777870
0.955281
1.941430
0.677953
1.293538
0.643432
1.133851
1.958538
1.142880
1.841702
1.664833
1.989587
1.339025
1.203709
1.533053
1.876210
1.221637
1.339025
1.614210
0.735267
0.433059
0.565712
0.799606
1.501349
0.623436
0.424880
1.708227
1.539756
1.345561
1.194262
1.345561
0.637725
1.665249
0.432544
0.435561
0.755225
1.476439
1.083546
0.983558
1.506418
1.653262
1.689738
1.977912
1.813347
1.686506
1.328949
1.512678
1.284751
1.361751
1.293538
2.010035
1.290948
1.302398
1.780933
1.708227
1.772659
1.557747
1.691555
1.406702
1.804460
0.858900
1.756322
1.377190
1.278775
1.107906
1.763881
1.506418
1.386574
1.512678
1.450768
1.457550
1.698024
1.079709
1.285156
1.159223
1.731228
1.597073
1.731228
2.010035
1.841702
1.533053
1.388216
1.406702
1.451273
1.345561
1.474874
1.182158
1.318365
1.129183
1.100103
1.773797
1.698024
1.512678
1.883249
1.772518
1.828021
1.498417
1.958538
1.498417
1.971717
1.376928
1.496625
1.496625
1.772294
1.496625
1.602805
1.394654
1.271169
1.693948
1.693948
1.406702
1.380081
1.638899
1.343185
1.008651
1.057735
1.030052
1.462470
1.361751
1.157753
1.569924
1.485993
1.238805
1.876210
1.376928
1.592229
1.707880
1.585322
1.699087
1.576108
1.380081
1.535626
1.151983
1.008200
1.108358
1.085173
1.078459
0.897732
1.573682
1.611870
1.813347
1.367660
1.269542
1.255428
1.289084
1.169214
1.207718
1.565759
1.678914
1.870662
1.715014
1.498417
1.592229
1.778882
1.599910
1.356768
1.014521
0.884152
1.280971
1.110471
1.107906
1.102912
1.040772
1.813347
1.688761
1.437600
1.513789
1.416107
1.697627
1.827089
1.764340
1.537795
1.617587
1.594301
1.481205
1.297447
1.699121
1.699121
1.765667
1.545469
1.397484
1.481205
1.271928
1.482156
1.545469
1.545469
0.958658
1.089463
1.235591
1.678914
1.565759
1.565759
1.498417
1.401070
1.565772
1.545301
1.583108
1.397910
1.341480
1.338627
1.660808
1.632021
1.765667
1.608472
1.545469
1.062981
1.671653
1.143288
1.116926
0.929855
1.408863
1.383996
1.106580
1.248852
1.289084
1.715014
1.885533
1.441016
1.390961
1.100813
1.560661
1.591677
1.660808
1.526056
1.662478
1.567162
1.646147
1.481205
1.481205
1.019687
1.567162
1.545469
1.588186
1.805469
1.050982
1.632256
1.688761
1.377862
1.269542
1.597347
1.249138
1.498270
1.744671
1.525991
1.447256
1.525991
1.565772
1.535492
1.535492
1.441016
1.646147
1.662478
1.491832
1.662478
1.863199
1.679390
1.078581
1.184182
1.336851
1.012783
1.302892
1.237491
1.542136
1.571854
1.406343
1.610126
1.638135
1.282431
1.329744
1.390961
1.560661
1.662478
0.877122
1.135933
1.066103
1.191579
1.258243
0.986586
1.571471
1.599000
1.277586
1.257672
1.719453
1.447256
1.525991
1.447256
1.646147
1.337947
1.271928
1.679390
0.993682
1.271928
1.330421
1.220107
1.539466
1.359282
1.201263
1.610126
1.542136
1.593801
1.469740
1.383474
1.016059
1.182702
1.695929
1.613479
1.543934
1.725372
1.618976
1.377915
0.970219
1.214095
1.732433
1.555246
1.145041
0.988057
0.917668
1.359282
1.340013
0.959757
1.286139
1.111627
1.159970
1.022367
1.155613
1.212481
1.430234
1.214095
1.292935
1.571216
1.354317
1.073049
1.100587
1.109176
1.043964
1.247353
1.247353
1.192921
1.006604
1.134876
1.486905
1.419242
1.680727
1.691235
1.337947
1.725372
1.290138
1.493415
1.153178
1.125546
1.412118
1.066216
1.088045
1.123056
1.152997
1.320165
1.210333
1.159970
1.575224
1.580794
1.580794
1.305564
0.987326
1.178534
1.475270
1.292935
1.359723
1.027789
1.033850
1.398116
1.381373
1.512486
1.049348
1.089929
1.469009
1.441129
1.148250
1.430234
1.082615
1.436487
1.575224
1.580794
0.823449
0.960540
0.944668
1.288701
1.627588
1.050655
1.188308
1.216431
1.240886
0.988745
1.123056
1.208266
0.942345
0.975195
1.025937
0.978954
1.239538
1.616447
1.475270
1.156019
1.205479
1.379757
1.623054
1.347644
1.542705
1.379757
1.220797
1.066216
1.306095
0.957052
0.961217
1.108370
1.123056
0.988745
1.365054
1.564538
1.459513
1.627588
1.057698
1.080503
1.239538
1.278058
1.381493
0.931190
1.448784
1.192030
1.341865
1.148913
1.094358
0.982851
1.051508
1.095872
1.142323
0.975195
1.008423
0.928200
1.365054
1.124976
1.102385
1.069672
1.345089
1.212960
1.288701
1.290111
1.241785
1.152542
1.202056
1.051508
1.145266
1.112084
0.928200
1.002556
0.890787
1.069672
1.341000
1.032139
1.272678
1.142929
1.035605
0.901969
1.037536
0.903665
1.071616
1.288701
1.257232
1.078899
1.073349
1.097790
1.288048
1.202056
0.942345
0.852108
0.945311
0.862906
1.148865
1.102088
1.048091
1.097790
1.099873
0.999809
1.000264
0.826197
1.148865
1.118714
0.974903
1.074558
0.997870
1.065699
1.016171
1.121920
1.099873
1.154521
1.060967
0.980931
1.062681
1.112084
0.939537
0.936861
1.112084
1.001063
0.933057
0.952784
0.939684
1.074295
1.032850
1.006029
1.006029
1.101246
0.992363
0.972259
1.124976
0.833207
0.838144
0.986066
1.059377
1.070332
1.002392
0.950667
2.663396
2.780838
1.498160
1.117889
1.324126
1.568575
2.374555
2.439995
2.306973
2.231475
2.027607
1.939012
2.235410
2.235410
2.360911
2.128230
2.128230
2.563160
2.297224
2.257640
1.591677
1.457097
1.481205
1.989181
2.687321
2.128230
2.458988
1.946629
2.265880
1.733029
1.798553
2.663396
2.780838
2.578711
2.684311
1.660808
1.660808
1.406702
1.406702
