6295 1 3
1.583579
1.583579
1.585300
1.547276
1.650576
1.642289
1.689740
1.557102
1.683095
1.692559
1.815499
2.056026
1.692559
1.849340
1.879417
1.849340
1.689560
1.783998
2.077635
2.002153
1.453712
1.642289
2.104446
1.973847
1.745088
1.846245
1.429102
1.538048
1.687403
1.538048
1.709373
1.403414
1.460022
1.485079
1.585300
1.650396
2.078548
2.131641
2.186314
2.210785
2.213351
2.165514
2.192497
1.844020
2.080404
2.162133
1.364669
1.396742
1.569160
1.364669
1.425718
1.879417
1.823059
2.166666
1.911093
1.874398
1.709373
1.962986
2.040454
2.515848
2.186314
2.104446
2.349133
2.017421
1.855180
2.017421
2.042072
1.325158
1.397423
1.492761
2.040454
1.948275
1.650879
1.667101
2.096163
1.671296
2.093555
1.876964
2.042072
2.252744
1.385773
1.428288
1.397423
1.649087
1.449267
1.449267
1.872990
1.663564
2.007199
2.030689
2.315727
2.062989
1.846245
1.915457
2.017084
2.030494
1.460975
1.455269
1.537561
1.559427
1.886852
1.709373
2.107245
2.244314
2.209035
2.201818
1.658368
1.818562
2.357841
1.642289
1.657628
2.419604
2.470318
1.863217
2.437917
1.963275
2.024127
2.149788
1.332768
1.354103
1.315282
1.477622
1.460975
1.664067
1.582786
1.377662
1.892011
2.115274
2.108389
2.027772
1.759686
2.007199
2.107245
2.041203
2.007199
2.098105
1.618244
2.721887
2.030494
2.437917
2.372178
1.332768
1.323548
1.341816
2.170004
2.096632
1.538332
2.328506
1.939937
1.987902
2.108466
1.562585
1.809632
1.416637
1.741989
2.075818
2.125684
2.141543
2.173275
1.538332
1.758973
2.150745
2.007199
2.307755
2.730904
2.017084
2.029413
2.097697
2.039395
2.323109
2.172014
2.127193
1.323548
1.584960
1.374940
2.212631
2.170004
2.132219
1.965039
2.032614
2.209088
2.209088
2.264358
2.447056
2.284054
1.821268
2.627035
2.687101
2.070572
1.862639
2.274155
2.274155
2.230326
2.499346
2.696564
2.730904
2.579044
2.636268
2.602630
2.224863
1.237464
1.400754
1.485566
1.470633
1.419135
1.640561
1.961807
1.423971
1.386246
2.125684
2.057691
2.141543
2.349500
1.364684
1.872007
2.687101
2.735636
2.667620
2.725266
2.274155
2.605270
2.571561
2.571561
2.533140
2.270965
2.431173
1.664067
2.125846
2.141543
2.270425
1.978140
2.077998
2.170004
2.106135
1.902677
2.859831
2.721887
2.765152
2.441978
2.282171
2.612883
2.946961
2.944193
2.881108
2.791705
2.576438
2.550834
1.911259
2.364736
2.238338
1.325599
1.224115
1.447050
1.539412
1.270004
1.306414
1.764146
1.270004
1.971942
1.370516
2.075818
1.783963
2.170004
1.907869
1.821268
2.577526
2.217844
2.441978
2.577526
2.441978
2.436099
2.274155
2.085898
2.669338
2.944193
2.766147
2.246034
2.080005
2.636268
2.780766
2.780766
2.547133
2.535642
2.658860
2.460294
2.737579
2.474466
2.337563
2.564507
2.669640
2.238338
2.152263
1.188626
1.682032
1.703386
1.730531
1.907931
2.191508
2.413086
2.258554
2.381121
2.123347
2.264358
2.307351
2.448836
2.692733
2.401897
2.906054
2.687101
2.938047
2.646716
2.696564
2.771807
2.620914
2.881108
2.751652
2.751652
2.127193
2.253496
2.669640
2.655097
2.104388
2.110115
2.377071
2.041228
2.559080
2.394969
2.261406
2.261406
1.746811
1.848627
2.194269
2.349500
2.322049
2.413086
1.608400
2.123347
1.980972
2.588181
2.707050
2.651227
3.043552
2.577526
2.231831
2.374005
2.881108
2.779779
2.636268
2.791705
2.159775
2.708228
2.565090
2.679936
2.679936
2.535996
2.474466
2.571170
2.424484
2.430815
1.916537
2.144375
1.202748
1.166131
1.861104
1.707582
1.687281
1.839030
2.036433
1.413986
2.244814
2.212048
2.244814
2.375237
2.322049
2.448836
1.962575
2.793263
2.577956
2.707050
2.859831
2.906054
2.401897
2.144952
2.514835
2.765033
2.914397
3.165783
2.771789
2.779237
2.779779
2.159775
2.212972
2.019081
2.521333
2.515355
2.935927
1.861869
2.166688
2.324857
2.305508
2.511531
1.436421
1.282001
1.266340
1.687281
1.809307
1.332177
1.721196
1.869822
1.998281
1.937375
1.888642
1.564916
2.276295
2.443146
2.472417
2.349500
2.564142
2.307351
2.515736
2.873099
2.872554
2.334029
2.572391
2.325929
2.914397
3.057687
3.057687
2.779237
2.948786
2.682938
3.412628
2.779779
3.021472
2.950248
2.779779
3.075629
3.075629
2.721714
2.697819
2.750132
3.075629
3.069381
2.653398
2.431173
2.694819
2.571170
2.253496
2.621258
2.776748
2.175285
1.529352
1.756635
1.747645
1.661737
1.783578
1.740249
1.740249
2.036433
2.276295
1.749347
2.276295
2.365830
2.472417
2.472417
2.515736
2.564142
2.413086
2.515736
2.118749
2.215327
2.214961
2.647075
2.682099
2.548331
2.577526
2.793263
2.821156
2.972828
2.708228
2.854221
2.994835
2.122343
2.466828
3.017838
2.971577
3.014555
2.127193
2.397226
2.337563
2.584221
2.584221
2.700713
2.385266
2.537251
2.366752
2.302161
1.354479
1.502546
1.669468
1.822457
1.628976
1.416137
1.366708
1.794440
2.443146
2.443146
2.472417
2.564142
2.526268
2.733595
2.601443
2.733595
2.573334
2.651227
2.487663
2.196293
2.231831
2.826694
2.970513
2.970513
2.994835
2.976420
3.093070
2.721714
3.182129
2.777641
2.465534
2.114814
1.266340
1.661737
1.645252
1.768917
1.947897
2.242193
2.122636
2.244814
2.480699
1.851688
2.596260
1.844101
1.787984
1.962952
3.020577
2.480982
2.906054
3.267263
2.961415
3.115536
3.018138
3.200761
3.041417
3.174522
2.960534
2.661201
2.935927
3.024881
2.935927
3.017495
2.397226
2.769378
3.102659
2.461927
2.186152
1.850235
2.066915
1.383962
1.383962
1.261849
1.321757
1.154210
1.669480
1.443214
1.303858
1.306414
2.018092
2.242193
1.996839
2.472417
2.564142
2.873099
3.120131
2.733595
2.574432
2.408345
2.647075
2.260951
2.752401
2.704562
2.665383
3.210650
3.146477
3.077181
2.199818
2.967779
2.570170
2.742723
2.388699
2.291336
2.196796
2.948786
3.182129
2.499549
2.246579
2.725390
3.095752
2.929564
3.272921
3.008477
2.995272
2.461927
2.584221
2.677317
3.008477
1.532081
1.862595
1.862595
1.862595
2.596260
2.596260
2.661129
2.499366
2.605789
2.721380
2.507308
1.980972
2.573334
2.621651
2.721380
2.988698
2.487663
3.343905
2.762273
2.361420
2.336238
2.826694
3.053196
2.976420
3.200761
3.210650
2.994835
2.948786
2.994835
2.545523
2.609405
3.199288
3.367921
3.199288
2.758241
3.436424
3.328454
3.436424
2.903984
3.328454
3.456705
2.166688
3.102659
2.767190
3.102659
1.994955
2.089762
2.445100
1.502546
1.309152
1.689349
1.746493
2.373002
2.593405
2.507443
2.621651
2.413127
2.480982
2.926879
2.655631
2.200031
3.430842
3.043552
2.752401
2.175158
2.220994
2.986854
2.892375
3.241710
3.246765
3.065512
3.065512
3.164841
2.695895
2.641936
2.438484
3.302666
3.093070
3.423818
3.722744
3.436424
3.409767
2.478767
3.290544
3.338933
3.290544
3.491440
2.397226
2.903984
3.102659
2.098526
2.236502
1.441747
1.699561
1.538676
1.391305
1.802124
1.400005
2.080378
1.931289
2.335273
2.593405
2.579373
2.212023
1.903482
2.802266
2.260951
3.257949
2.260951
3.414321
3.266602
3.326979
3.190037
3.476614
2.986854
3.315481
2.891344
3.003962
3.236446
3.065512
3.203126
2.837064
3.032560
3.197731
2.641936
3.274239
3.722744
2.213098
2.452371
3.338933
3.338933
2.970887
3.328454
2.750089
3.360437
3.221058
3.221058
2.854402
2.118151
2.645131
2.135561
2.450782
1.275445
1.398326
1.430922
1.625595
1.484719
1.240329
1.755525
1.264494
1.569498
1.261604
1.688331
1.768831
2.002211
1.538462
1.947897
1.741658
1.622658
2.518362
2.575012
2.657352
2.552094
2.124287
2.890933
3.011955
2.590044
2.890933
2.890933
2.562423
1.962952
2.644658
2.211609
2.601590
3.174522
3.406784
3.174522
2.804393
3.017873
3.017873
2.302874
3.691598
3.691598
3.021472
3.367921
3.215243
3.484054
2.499549
3.517472
3.197215
3.102659
2.789470
2.889383
2.755291
2.659949
2.510930
1.350429
1.384083
1.215386
1.291664
1.642374
1.685499
1.811514
1.516494
2.091944
1.796530
1.792526
2.657352
2.560251
2.560251
2.870817
2.888012
2.590044
2.765143
2.413087
2.631334
2.251571
3.267263
3.595617
3.053196
3.358247
3.640004
3.406978
3.490568
3.288461
3.246765
3.164841
3.640004
3.380070
2.464504
3.691598
3.528449
3.280937
3.274239
3.544655
3.484054
3.176935
2.929564
2.725390
2.685424
3.583663
2.750089
3.461932
3.517472
3.517472
2.884392
2.876945
2.103783
2.089762
2.643003
1.465436
1.518400
1.729676
1.495629
1.525283
2.111373
1.586067
2.702257
2.593405
2.332618
2.657352
2.124287
2.731855
2.200031
3.020577
2.096392
1.992808
3.214756
2.693468
3.551159
3.236446
3.214756
3.522025
3.346838
3.165681
3.346838
3.781282
3.406978
2.825157
3.691707
2.401004
2.473729
3.946478
3.744585
2.981420
3.670887
2.970887
2.725390
2.970887
2.653050
3.517472
3.517472
3.517472
3.501671
2.807655
2.659949
2.692333
2.474698
1.880815
1.288101
1.239254
1.808087
1.342421
1.261849
1.753790
2.063116
1.899933
2.335273
2.024102
2.335273
2.432999
2.593784
2.499654
2.593405
2.313810
2.518362
2.870817
2.482734
2.304240
2.500358
2.552094
3.381919
3.319490
3.476614
3.522025
3.358247
3.597405
3.375039
3.405550
2.865751
3.203797
3.164841
3.024049
3.648004
2.825157
2.808694
3.330445
3.968874
3.423818
3.449081
4.040264
3.491440
3.215243
2.595212
3.670887
2.452371
3.532641
2.970887
3.759852
3.334895
3.518846
2.776729
1.277844
1.220937
1.539465
1.271361
1.584020
1.726458
1.261573
1.306055
1.554953
1.801897
1.510149
1.574666
1.741658
1.864440
2.497984
2.680948
2.630484
2.621047
2.171968
3.128868
2.561640
3.257949
3.381919
2.769843
2.745819
3.620895
3.753778
3.644595
3.264892
2.866019
3.445473
3.961897
2.464504
3.758108
3.758108
3.758108
3.758108
4.009295
3.789775
3.544655
3.946478
3.768077
3.928827
3.544655
2.832736
3.215243
2.938650
2.947054
2.947054
3.146723
3.697117
3.215243
2.685424
2.894739
2.970887
3.396847
3.035013
3.583663
3.517472
3.334895
2.831398
2.461381
2.461381
2.674131
1.705171
1.792190
1.864443
1.910028
1.801897
1.619871
1.494755
1.478242
1.939461
1.985384
2.009489
2.080378
2.354583
2.567381
2.592444
2.631048
2.405526
3.273458
2.590204
4.008884
3.648004
3.164841
3.125486
3.406784
3.528449
4.016697
3.786418
4.007102
4.007102
3.775239
3.946478
3.768077
2.753465
3.215243
3.751716
3.135659
2.750089
3.583663
2.607932
3.518846
2.841488
2.920629
2.507215
1.220937
1.444073
1.297829
1.772245
1.635424
1.573531
1.963428
1.788550
1.478242
1.910028
2.143202
1.678520
1.741410
2.020085
1.672040
1.831328
1.937607
2.226241
2.912179
1.846617
2.668095
1.957708
2.251571
3.685942
2.567410
2.058310
2.566385
2.266954
3.338180
3.338180
3.264892
3.264892
3.264892
3.338180
3.264892
3.685333
3.685333
4.067953
2.320360
2.685202
2.559568
3.928827
2.612217
3.748520
3.146723
3.123854
3.425232
2.595212
2.667763
3.522701
2.970887
3.697117
2.894739
3.135659
3.390830
3.713992
2.865094
2.756530
2.725020
2.021467
2.183239
2.831398
2.140609
2.148769
2.167457
2.028832
1.246255
1.350772
1.896291
1.729676
1.635176
2.143202
2.084790
1.725101
2.123293
1.842050
2.240364
2.398448
2.495434
2.495434
1.831328
2.095055
1.741410
2.154170
1.910723
2.782049
2.680948
2.807074
2.373361
2.500358
2.762320
2.099478
2.500358
2.017908
3.089041
3.153651
1.902612
2.527607
3.351260
3.238543
3.332048
3.346838
3.451116
3.383866
3.264892
3.779801
3.961897
3.865557
2.603233
2.632041
2.497660
3.089775
3.027647
3.136889
3.027647
3.968143
3.928827
3.658936
2.778045
2.701426
3.522701
2.633844
2.701426
3.273306
3.575438
3.425232
3.325469
3.351804
3.878920
3.035013
3.035013
3.518846
2.530369
3.117865
2.831398
2.646031
2.831398
2.757064
2.028832
1.409353
1.204391
1.628004
1.840929
1.664959
1.774895
1.346117
1.597940
2.123293
1.627051
1.764703
2.567381
1.831328
1.799016
2.180813
2.720281
2.129224
2.720281
2.064559
2.336494
2.905798
1.758998
2.500358
3.017926
3.351260
2.553210
3.497391
3.895698
3.753778
3.522025
3.521587
3.125486
3.572627
3.434519
3.644595
3.644595
4.120759
3.136889
3.961897
2.758880
3.964338
4.210380
4.009295
4.111145
3.928827
3.768077
3.721837
3.717818
3.964338
3.522888
4.111145
3.425232
3.123854
3.699978
3.699978
3.522701
3.966448
3.697117
3.273306
3.779463
2.959695
2.722267
2.345215
2.778622
2.797603
2.252168
2.156039
2.415069
2.298460
1.220937
1.244887
1.812362
1.773833
1.497452
1.437985
1.598997
1.580788
1.910028
2.124808
1.627051
1.627051
1.708614
1.664320
2.216373
2.101150
2.733209
1.799016
2.000969
2.720281
2.894797
2.373361
2.278173
2.811805
2.373361
2.905798
1.725896
3.153651
3.265310
3.459623
3.584796
3.596390
2.820210
3.048869
3.753778
3.425861
3.562984
3.001990
3.434519
3.231897
3.325330
3.047312
4.067953
3.779801
2.710567
4.120759
4.239980
3.136889
4.016697
3.964338
4.005897
3.721837
4.111145
3.789775
4.111145
4.008019
3.721837
2.938650
3.719498
3.937181
3.578070
3.878920
3.578070
3.878920
3.687948
3.518846
2.831398
2.330112
2.646031
2.556735
2.556735
1.839515
2.516227
2.253341
1.249982
1.677071
1.709419
1.816803
1.758848
1.710288
1.725101
1.716192
1.831284
1.725101
1.919835
1.847364
2.053150
2.398448
2.495434
2.101150
2.160364
2.180813
1.558683
2.444464
2.807074
2.511487
2.326884
2.733209
2.868006
1.906523
1.663695
2.985806
2.454489
3.359567
3.384425
3.265310
2.633887
3.351260
3.351260
3.351260
3.425861
3.425861
3.051617
3.779801
3.462751
3.779801
4.067953
4.120759
3.136889
4.232216
4.284964
4.134190
4.144787
4.284964
3.964338
2.481980
2.938584
2.880842
2.938584
4.337992
3.937181
3.123854
3.369321
3.937181
3.937181
3.575438
3.592783
3.123854
3.273306
3.273306
3.170146
2.688187
3.070071
2.940260
3.070071
3.125802
3.117865
2.646031
2.939419
2.655865
2.473914
2.322961
2.087960
1.355653
1.555291
1.869376
1.861199
1.855519
1.787263
1.354715
1.678416
1.969237
1.755050
2.197067
1.564284
1.708614
2.363928
2.133028
2.398448
1.965786
2.384994
2.423357
2.623971
2.062755
2.142434
2.924501
2.373361
2.142434
2.278173
2.984133
3.273458
3.384425
1.969476
3.459623
3.436441
3.351260
3.425861
2.918425
2.962428
2.228750
3.734492
3.615776
3.451116
3.910969
3.325330
2.312208
2.603296
2.512517
2.489693
2.306749
3.157053
2.461356
4.221849
2.938584
3.719498
4.027941
3.719498
3.944826
3.638554
3.273306
2.770132
3.081933
3.950065
2.617254
2.514433
3.217187
2.679963
2.740654
3.217187
2.140609
2.330112
2.556735
1.985615
1.312320
1.976036
1.339158
1.683637
1.446027
1.357707
1.697572
1.735601
1.697490
1.440494
1.889568
1.773169
1.572158
1.934721
1.897004
2.066696
1.708614
1.934721
1.450212
2.362094
1.779971
2.447662
1.513826
1.847364
2.101150
2.257316
2.461663
1.918778
1.918778
1.401641
1.579949
2.951303
2.671987
2.522625
2.583546
2.984133
2.905798
2.978810
2.960469
3.100159
3.201815
3.089041
1.647171
3.253038
2.527607
3.436441
3.459623
3.436441
3.451116
3.451116
3.736942
3.779801
3.524818
3.686038
3.726621
3.485982
3.686038
4.067953
3.089775
3.423404
4.162807
3.717818
2.687448
2.633844
3.111635
3.051949
2.870999
4.087940
3.123854
4.087940
3.605533
3.369321
3.361325
3.575438
2.993229
3.878920
3.687948
2.427990
2.863738
2.679149
3.070071
2.899588
3.462605
1.990715
2.190064
1.837367
1.946827
1.368262
1.179086
1.219076
1.162787
1.709419
1.769635
1.855519
1.822511
1.640811
1.830281
1.560265
1.473988
1.630048
1.899998
1.473988
1.889568
1.897004
2.076379
2.134279
2.421762
2.362094
2.138181
2.461663
2.461663
2.686858
2.511487
2.701373
2.298901
2.937056
2.965440
2.951303
2.668095
2.664204
2.637995
2.846177
2.680290
3.161434
2.820210
3.161434
2.962428
3.299803
2.831141
2.918425
4.044179
3.895698
3.723526
4.008884
3.895698
3.537020
3.047312
3.325330
3.572627
3.436379
3.462751
3.645900
3.485982
4.300353
4.300353
4.302469
4.300353
4.371148
4.180015
4.180015
3.794169
3.899565
3.638554
3.899565
3.944826
3.279444
3.638554
3.575438
3.825342
3.553807
3.217187
3.385033
2.655865
2.556735
2.896569
2.902677
1.328125
1.423216
1.619682
1.574049
1.251457
1.743993
1.723635
1.444863
1.444863
1.769890
1.305472
1.899998
1.233743
2.197067
2.268437
2.462539
2.701373
1.268905
2.686858
2.937056
2.494421
2.113834
3.161434
4.044179
2.710075
2.225903
4.134653
3.001990
3.686038
3.686038
4.210311
3.423404
3.426799
4.210311
2.791056
4.300353
4.221849
4.300353
2.698989
3.111635
4.180015
3.899565
3.899565
3.638554
3.809969
2.490649
3.019287
3.825342
2.366660
3.042107
3.042107
2.959695
2.697150
2.899588
2.899588
3.042107
2.735703
3.223662
2.912968
2.573836
1.890563
1.442633
1.993906
1.341446
1.770056
1.408355
1.449000
1.769890
1.899998
1.899998
2.145396
1.233743
1.371015
2.359918
2.421762
2.448180
2.227333
1.512354
2.701373
1.794338
1.869849
2.771331
3.161434
2.795475
3.675984
4.076377
2.945382
3.139204
3.470325
3.436379
3.675984
3.923146
2.275295
2.489693
2.816645
3.511357
2.729515
3.157053
2.729515
3.083858
3.157053
4.371148
2.880842
4.257511
4.257511
2.570771
3.600204
3.371576
3.251209
3.592783
3.892629
3.563405
3.019287
3.510164
3.825342
2.948631
3.462605
3.462605
3.462605
2.996670
2.229466
2.584346
2.363661
2.363661
2.009940
1.574049
1.710197
1.816803
1.786966
1.870801
1.892149
1.883228
1.867562
1.922104
1.940536
2.049984
1.441371
1.526332
1.449000
1.830281
1.830281
2.460408
2.334198
1.371015
1.325868
2.477626
2.388313
2.834994
2.523215
2.744816
2.097274
2.947462
2.871759
3.221815
2.439202
2.710296
3.148897
3.436379
3.511357
3.426799
2.694785
4.367699
4.302469
4.210311
4.396819
4.367699
4.337992
4.337992
4.180015
2.798763
3.899565
2.438863
3.019287
3.081933
3.361325
2.782656
3.090147
3.314210
2.586450
2.363661
2.872893
2.129046
1.851627
1.706694
1.284555
1.888414
1.990463
1.905116
1.869376
1.748315
2.094893
1.443501
2.088509
1.555387
1.801809
1.408355
1.505389
1.515879
1.696777
1.245807
2.189955
1.294693
2.460408
2.234631
2.134279
2.477626
2.477626
1.401641
1.202880
1.542132
2.680701
2.680701
1.582070
1.625584
2.846177
3.283886
3.283886
3.096041
3.291272
3.921867
3.726621
3.645900
3.608298
3.315472
4.359385
2.942463
2.891148
3.563405
3.364123
3.521948
3.539123
3.539123
3.726215
3.809969
3.554177
2.432185
2.457067
2.584346
2.426381
2.047967
2.009940
2.047967
2.047967
1.400914
1.462054
1.413693
1.396040
1.699810
1.362026
1.852326
1.795420
1.883228
1.828464
1.364733
1.976713
1.829897
1.966063
2.056656
1.363394
1.354914
1.555387
1.441371
1.940482
1.408355
1.515879
1.515879
1.735318
2.267885
2.373087
2.373087
2.373087
2.398548
2.359918
2.477626
2.571970
2.877925
3.096041
2.958190
3.283886
2.675209
4.053860
4.053860
3.923146
3.315472
2.511722
3.083858
3.083858
3.812721
2.782656
2.678518
2.948631
3.327453
2.519910
2.777840
2.847865
2.426381
2.047967
2.047967
1.790909
2.561064
2.257828
1.735324
1.848809
1.440176
1.883228
1.916688
1.747560
1.976713
1.829897
2.052863
2.099714
1.441371
1.628278
1.798743
1.911664
1.296298
1.276986
1.105731
2.398548
2.334198
2.519554
2.367496
2.854124
2.752057
2.877925
3.096041
1.742605
3.994497
2.710296
3.991563
3.863817
2.694587
2.527832
3.083858
3.111635
3.128865
3.371576
3.371576
3.128865
3.809969
2.814214
3.758338
3.704871
3.704871
2.871229
2.948631
3.758338
3.653134
3.653134
2.560694
2.203378
1.966448
1.940568
1.834317
1.305017
1.516192
1.463390
1.435022
1.436943
1.883228
1.939545
1.628278
2.094893
1.805289
1.875766
2.099714
1.810971
1.555387
2.108080
1.879361
2.086608
2.086608
2.395470
0.979609
2.267885
2.488026
2.519554
2.488026
1.112799
2.463122
2.577549
2.616087
2.748502
2.574833
2.656829
3.153575
3.257794
3.257794
3.189483
3.156770
3.882958
3.882958
3.855336
3.855336
2.087510
3.871502
3.922953
3.519475
4.037076
3.923146
3.225577
3.608298
4.063265
2.640007
2.782266
2.891148
2.657640
2.785764
3.043803
3.603770
3.347717
3.563405
2.679671
2.771190
2.679671
2.778678
2.810349
2.543106
3.419034
3.535813
2.888829
2.578046
2.341527
2.497842
2.796940
2.028904
1.905076
1.942931
2.073614
1.452282
1.452282
1.986474
1.621826
1.415102
1.503328
2.015723
1.883228
1.989107
1.499258
2.131638
2.099714
1.478306
2.108080
1.866312
2.129645
1.744412
1.058999
2.359297
2.306134
2.450141
2.482617
2.488026
2.232180
2.415261
1.137461
1.307318
1.449371
2.752057
2.576380
2.675209
2.477068
3.855336
3.627412
3.140889
3.405848
3.140889
2.829688
2.731946
3.603770
3.603770
3.347717
2.857220
2.704508
3.809969
2.607300
2.671905
2.770471
3.823172
3.704871
2.982671
3.823172
2.728575
2.735703
3.535813
2.846751
2.650437
2.173188
1.859027
1.812621
1.812621
1.535069
1.575384
1.596350
1.705574
2.052863
1.980383
1.628278
2.052863
2.131638
1.969136
1.323315
1.478306
2.125694
1.218057
1.973240
2.248504
2.417982
2.417982
2.402557
2.402557
2.442791
2.522923
2.303131
2.196826
2.530081
2.519554
2.748502
1.811089
1.527776
2.955247
3.257794
3.257794
2.955247
2.810150
3.011549
2.810150
2.710075
2.018124
2.155071
3.426799
3.140889
3.232141
2.951004
2.975518
2.577245
3.128865
2.743894
3.830759
3.596760
3.364703
2.658811
3.601792
2.730091
3.787204
3.736521
2.982671
1.630066
1.713408
1.566501
1.959994
1.881096
1.881096
1.834709
1.530800
1.773117
2.015723
1.989107
1.986118
1.989107
1.608646
1.770005
1.548993
1.666756
1.743340
2.016104
2.038820
1.666756
1.628278
1.904943
1.628278
1.628278
2.128412
2.091535
2.112080
1.266873
1.190545
2.294489
2.519554
0.891866
1.226117
1.226117
2.931392
2.562213
1.705315
3.258269
3.182058
1.847916
2.645221
3.882958
3.900624
4.037076
3.291272
3.608298
2.299529
2.455247
3.131490
3.128865
3.787204
2.982671
2.982671
3.816637
3.489342
2.982671
3.586556
3.812376
3.293420
3.067754
2.847513
2.723310
3.223315
2.578046
1.836688
1.945138
1.400572
1.713909
1.862925
1.654248
1.435448
2.081083
1.418348
1.548993
1.628278
1.810971
1.924285
1.853222
2.108080
2.004081
2.017951
0.979609
2.442791
2.442791
2.362111
2.482617
2.574102
1.002890
2.286203
0.870974
2.444529
1.038280
2.490712
2.797424
2.801010
2.824009
2.801010
2.975570
3.075877
1.428241
1.343117
1.713164
2.864798
2.827157
2.574833
1.986057
2.580024
2.746639
2.573409
3.335520
2.273660
3.718835
3.131490
3.065169
3.043803
2.699616
3.537641
4.066108
2.914586
2.848400
3.816637
3.531236
3.787923
3.575974
3.382170
3.328472
3.095577
3.095577
3.198712
2.181690
2.003016
2.992699
1.836688
1.987413
1.836688
2.151738
1.987413
2.230115
1.770859
1.639641
2.012396
1.834709
1.684713
1.743340
1.840557
2.038820
2.059707
2.005463
2.091535
2.045047
2.001736
2.091593
0.993687
2.363034
2.462035
2.500373
2.589627
2.423092
2.132115
2.648799
1.086577
3.153820
3.154268
3.072048
3.133929
1.428241
3.000371
1.823778
1.500656
1.618027
1.703855
1.823778
3.882958
3.933071
3.335520
3.933071
3.933071
3.935138
3.627412
3.140889
3.122131
2.576669
3.131490
2.901510
3.243727
2.540994
2.881275
3.770552
2.500263
2.614011
2.935063
3.770552
3.601792
3.770552
4.329765
4.403292
2.914586
2.983578
3.088604
4.095145
4.066108
3.705480
3.802796
2.728575
3.527682
3.198712
2.549174
2.369191
2.992699
2.697560
2.734241
2.283232
1.812416
1.812416
2.055217
2.324856
1.947758
2.173188
1.752102
2.286122
2.011963
1.752102
1.431540
1.523328
1.671937
2.086227
1.699427
1.515988
1.825753
1.705574
1.608646
1.373793
1.316828
1.829410
2.091535
1.287844
2.091535
2.141609
2.241759
2.342805
2.142653
2.589627
2.574102
2.633126
3.202336
1.276681
1.527649
2.840746
2.018124
3.900624
3.073184
3.018209
3.174053
3.335520
2.253135
2.040941
1.833143
3.725985
2.110283
2.068504
2.878895
3.122131
2.358935
2.511722
2.609928
3.131490
2.901510
3.632869
3.770552
4.494178
2.597120
4.403292
3.088604
3.186539
4.275094
4.381762
2.911986
4.095145
4.035228
3.820696
2.402144
2.911986
3.705480
3.531236
3.787923
3.429793
3.583591
2.809322
3.328472
2.549174
2.755121
3.095577
2.505278
1.784891
1.823807
2.424540
2.424540
1.630066
1.342541
1.904692
2.022593
2.079773
1.949761
1.966648
1.648599
1.758339
1.785936
1.743340
1.743340
1.901518
2.101812
2.272652
2.335140
2.421310
2.569936
2.528848
2.512044
2.621599
3.082763
3.131018
3.159938
2.765207
3.154268
3.181541
3.135161
3.153037
2.639239
2.405630
2.296687
1.872766
2.882368
4.155318
3.747920
3.919430
2.118729
2.136418
3.223879
3.131490
2.881275
3.223879
3.354492
2.974639
2.746228
4.494178
4.494281
4.468004
3.828653
3.513087
2.402279
4.215558
3.186539
3.060325
3.088604
3.957453
4.066108
3.486905
2.992276
2.638080
3.120714
2.400622
2.003016
2.181690
2.151738
2.385589
2.278563
2.031805
2.027440
2.011963
1.987199
1.531687
1.441619
1.811368
1.881226
2.129864
1.922827
2.057396
1.857072
1.512056
1.819966
1.961740
1.853339
2.001007
2.115432
2.086780
2.103552
2.296839
2.668939
2.601271
3.154268
2.486051
2.443426
1.823778
1.811118
2.639239
1.711831
2.923268
3.971368
4.025620
4.088109
3.858905
4.020943
4.020943
2.878895
2.749588
2.982691
2.192479
2.401398
4.398174
3.610553
2.996814
4.468004
4.056683
2.240609
4.397984
2.263268
4.297294
3.032695
4.233906
3.256324
4.325568
4.381762
4.035228
3.060325
2.626078
4.002879
3.705480
3.575974
3.848501
2.992276
2.483141
2.329854
3.221788
2.753702
3.221788
2.504345
2.545770
2.003016
2.329854
2.755121
2.424540
2.429888
2.482455
2.429888
1.630121
2.021445
1.947758
1.752102
1.495857
1.511982
1.370747
1.781339
1.628669
2.053458
1.758339
2.057396
1.779808
1.853096
1.853096
1.897831
1.615747
1.743340
2.017278
1.764896
2.045047
2.101812
2.083136
2.129645
2.129645
2.473487
2.462035
2.296839
2.773090
2.380930
2.558782
2.509556
2.668939
3.111651
2.824009
2.613708
2.938580
3.153820
3.009429
1.716773
2.668093
2.639239
2.923268
1.729980
3.971368
3.933071
3.902982
4.025620
3.902982
3.715800
3.718835
2.229649
2.170307
2.943635
3.027286
3.027286
2.771348
2.901510
3.027286
4.109582
4.373495
4.292412
4.171305
4.056683
3.300935
4.336456
2.993497
2.734625
4.336456
4.235101
2.978516
4.278118
4.434758
4.270666
3.709993
4.410907
2.492858
2.546616
3.745971
3.815820
3.709993
3.486905
3.649521
2.327788
3.120714
2.610518
3.198712
2.505278
2.429888
2.749567
1.784891
2.021445
1.812416
1.819346
1.639014
1.764078
1.297136
2.200972
2.022593
1.853096
2.017278
1.966648
1.969136
2.193451
1.091336
2.335140
2.615209
2.722016
2.615209
2.525773
2.503441
2.989822
3.128247
3.149398
3.149398
2.668093
2.604834
1.414664
3.902982
2.383571
3.496007
3.174053
3.799759
3.715800
3.802995
1.668922
1.945352
2.218327
2.749588
2.473611
4.205687
4.292412
3.610553
3.610553
3.268622
3.513087
4.100940
4.390109
4.148353
4.139328
3.848737
4.070337
2.310719
3.815820
3.815820
3.640614
3.640614
3.284562
3.649521
3.284562
2.658155
2.792094
3.406560
3.458371
3.406560
3.406560
2.549102
3.110002
3.110002
2.460722
2.378332
1.737040
1.785033
1.275687
1.706647
1.665176
1.781339
1.988422
2.053458
1.681310
1.758339
1.922827
1.816363
1.693916
1.532015
1.933554
2.061248
2.139959
2.035626
2.093871
2.158584
2.086780
2.086780
2.335715
2.722016
2.615209
2.773090
2.482870
2.816228
3.000821
2.706707
2.451196
2.560884
2.971675
3.111651
2.522351
2.515692
1.811118
2.923268
3.400918
1.833143
2.484019
4.009582
3.796111
3.775831
4.109582
4.373495
3.999862
3.802159
4.109582
3.932051
3.268622
3.268622
3.609580
2.815316
2.812427
4.079564
4.325568
4.071178
3.949415
3.703975
3.688734
3.870790
3.713423
4.002879
3.649521
3.815820
3.649521
3.317052
2.420937
2.329854
2.231888
1.954334
2.749567
2.753702
2.749567
2.749567
2.749567
2.114250
2.460722
2.277596
2.378738
1.968146
2.118767
1.907018
1.819346
1.336808
1.497694
1.593256
2.057904
1.857202
1.871893
1.781339
1.900344
1.870121
2.232902
1.879992
2.199429
2.199429
2.057396
2.060653
2.060653
1.885168
1.979740
1.152639
2.134594
1.979740
2.139959
2.171947
2.390872
2.335140
2.360992
2.383461
2.989822
3.027829
2.503441
3.086522
2.959241
2.917176
2.668939
3.047226
3.019487
3.159265
3.082264
2.668093
2.757849
2.757849
2.723987
2.530034
1.656071
3.207577
4.025620
3.884184
1.878699
3.451003
3.934147
3.558190
2.230662
3.339421
2.697019
2.771348
3.006397
4.336456
4.244878
2.996814
2.273717
2.354609
3.610553
4.254099
3.032695
4.079564
4.090359
4.410907
3.542751
2.833639
3.068341
2.289287
3.120714
3.406560
2.412369
2.460722
1.896947
1.593959
1.630121
2.082932
2.221443
1.795112
1.982136
2.001132
1.441218
1.811368
2.021639
2.141207
2.199429
1.859738
2.045567
2.195848
1.908234
1.840725
1.733053
2.235386
2.060653
2.134594
2.158584
2.076016
2.065892
2.290028
2.614632
2.722016
2.722016
2.249972
2.364689
2.822449
2.616872
2.944233
2.822449
2.824009
2.682474
2.698996
2.698996
2.706707
2.976666
2.321473
2.616043
2.370775
3.020751
1.954482
3.668903
3.207577
1.783531
3.668903
3.802995
3.496007
3.919430
3.699669
2.253986
2.293788
2.948673
3.365419
2.293788
3.451003
3.717826
4.214769
3.898978
4.087242
4.087242
2.771348
3.092519
3.630347
3.295164
4.056683
4.171305
3.240251
3.001884
3.240251
3.240251
2.802303
3.480004
2.140456
4.244878
4.205255
2.314641
3.907963
3.688734
3.713423
3.640614
3.709993
3.538738
3.284562
2.322332
2.635318
2.635318
2.862048
2.792094
2.387084
1.578294
1.639014
1.662248
1.307530
1.454621
1.621510
1.879992
2.047108
2.235386
2.037138
1.933554
1.373793
2.320606
2.347835
2.335661
2.614632
2.513122
2.360992
2.944233
2.528609
2.552134
2.959241
2.995392
2.560882
2.604834
3.207577
3.404683
3.825736
3.799759
2.308444
2.370846
3.799759
3.799759
3.481993
3.633272
3.255631
3.255631
3.375344
3.912619
3.539437
3.300935
2.935451
3.001884
2.516033
3.001884
4.373495
3.378641
3.609580
2.815316
2.812427
3.953564
3.713423
4.079564
2.287118
2.862048
2.634122
2.862048
2.407074
2.214031
1.896947
2.050911
2.082932
2.429888
1.968146
1.795112
1.693090
1.571406
1.865067
1.914080
1.705582
1.858329
2.232503
1.932307
2.232902
1.871893
1.911873
2.061936
1.512792
2.183292
1.957599
2.339873
2.098043
2.158584
2.076016
2.303624
2.806732
2.688332
2.944233
2.571894
2.952237
1.864554
3.010503
1.700176
2.351057
3.825736
3.664055
2.332854
2.532955
3.867290
3.912619
4.072637
3.092519
2.273717
4.254099
3.997160
3.997160
2.147679
2.163724
3.027604
2.126771
2.231888
2.420937
2.712380
2.967403
2.231888
2.614936
2.374732
1.967969
1.941339
2.387084
2.387084
2.082932
1.795112
1.620966
1.795112
1.578294
1.615380
1.290322
1.339567
1.423259
1.487481
2.092004
2.135909
2.232902
2.342031
2.251680
2.366876
1.714003
2.251680
2.299325
2.102284
2.354405
2.044037
2.123424
2.158230
2.480969
2.688332
2.668147
2.528609
2.968199
2.972206
2.937906
2.959600
3.082264
2.698996
2.907549
2.430615
2.793306
1.700176
1.656071
2.405778
1.783531
3.682070
3.605381
3.493891
3.481993
3.481993
2.399295
3.563993
3.272172
3.092620
2.331481
3.946231
4.238578
4.276377
3.322816
2.633847
3.882342
3.189091
3.928727
3.238462
3.688734
3.471886
3.457152
2.769847
2.715062
2.374732
2.142791
2.050911
2.142791
2.243362
2.214031
1.807413
1.671249
1.746075
1.807413
2.172566
1.543256
2.125995
1.911873
1.749473
2.014471
2.232503
2.140206
1.843006
1.874055
2.235386
2.273175
2.383832
2.193451
2.042569
2.405923
2.498482
2.260501
2.445509
2.453026
2.671321
2.808407
2.882579
2.806732
2.904044
2.700452
2.792645
2.366728
2.456028
2.793306
3.317268
3.170226
3.170226
1.298466
1.433481
3.664055
1.584151
1.584151
2.399295
3.699669
2.487142
2.708455
3.151849
3.999862
2.438228
2.313601
2.360305
4.102478
4.102478
3.039092
1.925776
2.236603
3.073595
3.070063
2.257351
2.207035
1.753068
1.495260
1.365556
1.500324
1.706369
2.140206
2.108343
2.014471
2.092004
2.232503
1.815755
1.745250
2.383832
2.383832
2.383832
2.297909
2.136763
2.303624
2.284264
2.894568
2.828509
2.792645
2.582431
2.900225
2.653569
2.690765
2.651580
1.131545
3.170226
2.200795
3.605381
3.438690
2.487142
3.254429
3.092620
2.812495
3.045618
3.339121
2.331481
3.539437
3.867290
3.742945
3.867290
2.135659
2.239221
2.440276
3.332268
3.558190
2.738186
2.738186
2.915419
3.944029
4.152358
2.313601
4.152358
2.954771
2.980393
3.039092
2.883007
2.123775
2.123775
2.860571
2.658177
3.155413
3.338854
2.967403
3.338854
2.469543
2.289981
2.614936
2.465306
2.614936
2.060118
2.142791
1.611905
1.678188
1.690367
1.644802
1.561422
1.644802
1.081281
1.215687
1.775244
1.898635
1.637266
2.251191
2.125995
2.305202
1.927997
2.137842
2.108343
2.290926
1.748829
1.801337
1.786629
2.108729
2.051562
2.214668
2.104473
2.342780
2.290273
2.842951
2.630988
2.333466
2.854714
2.865610
2.939290
2.922331
2.836575
1.353875
1.298466
3.495389
3.240711
1.535335
3.664055
2.399295
3.272172
1.950234
3.180361
2.615186
2.949063
3.551780
3.867290
2.331481
2.438228
4.111147
2.440276
3.150581
2.720156
3.452747
2.701352
2.776110
2.727416
2.333585
2.614936
1.873729
1.725714
1.455848
1.277377
1.025741
1.406099
1.289938
1.654561
1.930391
2.015192
1.841817
1.800132
1.609810
1.926180
1.830966
2.108343
2.140206
1.985567
1.836716
2.416220
2.474301
2.458264
2.366876
1.797336
2.145087
1.918776
2.258149
2.297909
2.506999
2.671321
2.671321
2.826366
2.609238
2.572349
2.933155
2.892446
2.816216
2.420654
2.524477
1.160187
1.307817
1.580020
1.472858
1.580020
3.312351
3.129972
3.020751
3.563923
1.590952
2.415972
3.580242
3.647777
2.206612
2.206612
2.316164
2.708455
2.636574
2.611534
2.718370
2.708455
2.019747
1.922691
2.289041
3.081350
2.668915
2.569999
2.738186
2.317847
2.935451
3.238462
3.151373
2.847382
2.045877
3.018303
2.500443
2.967403
2.233961
2.070752
1.159754
1.930391
1.624806
1.830872
1.993531
2.290926
2.425833
2.474301
2.416220
2.474301
2.145087
2.289473
2.509261
2.504731
2.115854
2.155729
2.260052
2.239536
2.842951
2.837918
2.795287
2.585186
2.413526
2.826366
2.711728
2.430615
2.521032
2.653569
1.743340
2.690765
2.465795
1.791383
1.667898
1.983373
3.129972
2.146598
2.170235
2.364853
2.399295
1.863875
1.658303
2.363019
2.847702
2.553220
2.590324
2.949063
3.551780
2.652670
2.633847
1.990415
2.835518
3.338854
3.113114
3.369744
2.888805
3.039948
3.070063
2.967403
2.469543
2.795743
2.401536
1.840850
1.843326
1.924288
0.948614
1.181090
1.653636
1.523579
1.460715
1.447719
1.728587
2.351783
2.290926
2.375561
1.861195
2.412342
2.215230
2.085847
2.193151
2.354405
2.506999
2.342087
2.842951
2.837918
2.835689
2.574619
2.447079
2.475345
2.529342
2.816483
2.703668
3.373659
3.373659
1.983373
2.007495
3.492287
2.204776
2.229742
1.535335
3.533896
3.644231
3.580242
2.553220
2.584040
2.415942
3.089622
2.201208
2.042506
1.952395
3.500463
3.254429
3.551780
2.455302
2.561652
2.378285
2.345228
2.345228
2.345228
2.145379
2.798812
3.150581
2.569999
2.317847
2.030730
2.640391
2.030730
2.892063
2.931799
2.633310
3.331466
1.800616
1.802139
2.801799
3.040068
2.801799
3.040068
2.835518
2.681817
2.079624
2.600151
2.500038
1.996022
1.922876
1.713094
1.630873
1.374310
1.622460
1.567534
1.622460
1.343583
1.502921
1.574306
1.523579
1.775244
1.781172
1.793177
1.954364
1.954364
1.707435
1.790711
1.710076
1.927997
1.985802
2.179997
1.778347
2.167644
2.167644
2.425833
2.334920
1.854569
2.425833
2.425833
1.745052
1.745052
1.911546
2.172703
2.355166
2.414674
2.289473
2.504731
2.498482
2.942606
2.410534
2.609954
2.414205
2.306517
2.609954
2.772298
2.459593
2.331334
2.842951
2.772298
2.842951
2.866547
2.607350
2.412204
2.717169
2.854714
2.864770
2.719421
2.846207
2.447079
2.968444
2.444593
2.529062
3.233731
1.292004
1.743340
3.096974
1.939763
3.419434
1.535335
2.636574
2.127069
2.489002
2.847702
2.953822
2.668915
2.050142
3.018902
2.801799
2.869936
3.151373
2.869936
3.113114
3.155413
2.888805
3.130401
2.735828
2.500443
2.795743
2.735828
1.932904
2.333585
2.338541
2.600151
2.500038
1.967969
2.300546
1.751651
1.822926
1.795116
1.479339
1.477493
1.548904
1.660303
1.666959
1.500324
1.637266
1.927997
1.778347
2.164116
2.139646
1.516465
1.818256
2.365140
2.334920
1.599000
1.794065
1.816595
1.823395
2.013939
2.145087
2.078474
2.449454
2.539195
2.497458
2.257232
2.620436
2.528434
2.528434
2.772298
2.650939
2.884045
2.855197
2.834449
2.920093
2.456604
2.433420
2.891490
2.953026
2.958343
3.233731
1.580020
1.416703
1.416703
2.486312
3.255537
1.307817
3.492287
3.129972
3.214185
3.383761
2.206612
2.438068
3.432270
1.687573
2.010256
1.751894
2.979666
2.625494
2.321241
2.201208
2.431796
3.303572
2.503398
2.283325
3.097070
2.798812
3.266864
3.303572
3.126080
3.188727
3.192242
3.192242
3.126080
3.192242
2.861557
3.240348
2.827688
2.526627
2.945606
2.869936
2.483606
1.910874
2.060118
2.289222
2.112455
2.112455
1.736027
1.571115
1.730798
1.753699
1.638943
1.867868
0.998885
1.532271
1.651867
1.791350
1.990384
1.830966
1.933462
1.990384
2.164116
2.164116
1.854569
1.642282
2.286288
2.214977
2.497458
2.497458
2.537772
2.478242
2.772298
2.505942
2.421907
2.844728
2.857494
2.719421
2.866131
2.943056
2.482344
2.703668
2.958673
3.260644
2.836575
2.958673
2.253401
1.194839
3.154294
1.685225
1.860798
3.491913
2.279102
2.167533
2.163313
2.163313
3.378220
3.584881
1.476110
3.644231
2.115212
2.553220
1.888551
2.979666
2.524395
2.998236
3.254429
2.847574
3.203185
3.097070
2.974522
3.063199
2.974522
2.073390
2.800975
3.152434
2.700535
2.965570
3.051763
3.130401
2.945606
2.860805
2.936979
2.753758
2.581890
2.522811
2.344928
1.931731
2.085252
2.309313
2.137414
2.159003
1.893901
1.185887
1.269266
1.167671
1.507532
1.341823
1.651867
1.544402
1.791350
1.666959
1.707435
1.933462
2.164116
1.687927
2.497458
2.690437
2.639836
2.690437
2.639836
2.942606
2.619409
2.755491
2.920767
2.896591
2.988484
2.495989
2.279908
2.279908
2.516330
2.477075
2.269368
2.928363
1.441867
3.260644
3.154294
2.007495
2.007495
2.366190
1.685225
2.123786
1.555415
1.822705
1.939756
3.419700
3.378220
2.455530
2.908696
2.585982
2.093025
2.503398
3.188727
3.188727
2.856463
1.711242
1.702362
3.118567
3.247172
2.037489
2.336928
3.004030
3.113114
2.888805
2.753758
2.639045
2.305357
1.895283
2.446638
2.309313
2.040886
2.322791
2.235033
2.121491
1.878134
1.993354
2.235033
2.344928
1.697297
2.159003
1.822926
1.759580
1.710150
1.331653
1.374324
1.502921
1.509306
1.643252
1.467046
1.643252
1.500302
1.759220
1.990384
1.512926
1.515383
1.553733
2.067166
2.082102
2.620436
2.381571
2.889208
2.414205
2.388052
2.874118
2.833831
2.930631
2.749909
2.796650
2.850431
2.815701
2.857494
2.834449
2.770932
2.935133
2.476141
2.683264
3.199805
3.233731
2.248548
3.045223
3.094414
2.807381
1.562876
3.289028
3.139111
2.959915
2.167533
1.685225
1.939756
2.491923
2.710624
2.660096
2.801152
2.431796
2.705756
1.997462
2.254502
2.750420
3.007905
2.856463
2.987763
2.670478
2.800975
3.063199
3.063199
2.974522
3.394112
3.249201
3.240348
3.240348
3.089098
1.641036
2.629684
2.888805
2.591386
2.112455
1.878134
1.915031
1.565555
1.694413
1.594865
0.998885
1.014048
1.467046
1.521193
1.628112
1.457065
1.754260
1.791350
1.551779
1.483398
1.758473
2.381121
2.537772
2.378273
2.427442
1.956882
1.950404
2.082102
2.643838
2.620436
2.291306
2.639836
2.442797
2.478900
2.917616
2.607350
2.565599
2.565599
2.906201
2.683264
2.649521
2.873559
2.816483
3.244668
3.164166
2.240293
1.055753
2.197204
2.366190
3.112485
2.015564
2.163313
2.015564
2.412338
2.228856
2.660096
2.458460
2.512735
2.230748
2.224176
2.879752
3.097070
2.399962
1.988796
1.877061
3.161294
3.054392
2.689575
2.924747
2.500193
2.500193
2.665390
3.394112
2.206653
2.734181
1.835698
2.322791
2.409774
2.344928
2.341078
2.345338
2.173017
1.750306
1.678285
1.822926
1.777929
1.352039
1.481174
1.597804
1.703408
1.809700
2.427442
2.489895
2.497458
2.089324
2.839142
2.883717
2.861528
2.933365
2.543498
2.847528
2.619947
2.468781
2.941698
2.649521
3.233731
1.638935
2.931172
1.419919
1.745008
3.312424
3.139111
1.801397
2.230513
2.230513
2.010256
2.115212
2.456368
2.458460
2.953822
2.512735
2.669073
2.752000
3.097070
2.375436
2.213453
2.617595
3.007905
1.625179
2.684193
2.832021
2.670478
3.161294
3.161294
2.321199
2.446771
3.176381
2.939480
2.826535
3.089098
2.734181
1.535337
2.589599
2.709297
2.498591
2.341078
2.279767
2.005306
1.994658
1.694413
1.954835
1.616371
1.594865
1.368891
1.331653
1.185887
1.456362
1.269266
1.434842
1.707435
1.353402
1.366247
1.924450
2.316874
2.051944
2.864011
2.635796
2.635796
2.906109
2.770932
2.652171
2.746321
2.749909
2.808054
2.701048
2.414275
2.828133
3.125758
3.220863
2.796966
2.907297
1.269394
2.458460
1.957787
2.888978
2.544677
2.645453
2.896633
3.151829
2.996677
2.545828
3.152434
2.917737
2.446771
2.186585
1.990448
1.826967
1.060584
1.152926
1.555076
1.555076
1.345730
1.583489
1.622781
2.058899
2.381121
2.190246
2.387683
2.172703
2.499200
2.884031
2.829364
2.855912
2.864011
2.933365
2.831612
2.829634
2.652171
2.652171
2.920093
3.211776
3.211776
2.909857
2.796966
3.038288
2.998009
3.119596
0.905523
3.139111
1.967686
2.197204
2.197204
3.119596
2.954865
2.015564
1.733907
3.139111
2.230513
2.270613
2.270613
1.750211
2.270613
2.140817
2.320055
2.669073
2.431625
2.257488
2.815790
2.257488
2.617595
2.642098
2.760451
1.750132
3.227248
2.947873
2.616970
2.939480
2.836169
2.363075
2.565719
1.994658
1.679178
1.821254
1.821254
0.938621
0.985427
1.153337
1.374374
1.374374
1.512992
1.371225
2.387683
2.302288
2.387683
2.030148
2.639861
2.639861
2.141580
2.707708
2.499200
2.544300
2.886725
2.578768
2.892624
2.699361
2.617562
2.430623
2.377190
2.561820
2.888795
3.021581
2.482344
2.742369
2.593376
2.785456
2.850320
3.210467
2.876594
2.163499
1.638935
1.598882
2.200568
1.903264
2.877100
1.712230
1.642237
2.073525
2.197144
1.851159
2.007514
1.777630
2.291745
2.291745
1.997462
2.219702
2.684193
2.475991
2.999328
3.025992
2.563609
1.580726
2.947873
2.279350
2.213113
2.479324
2.586949
2.709297
1.959919
2.386886
2.215337
2.363075
1.736688
1.858541
1.804092
1.770743
1.341823
1.392869
1.344477
1.433492
1.551779
1.512992
1.554533
1.510362
1.667824
1.769271
1.540810
1.678699
1.540810
1.824571
1.371225
1.896448
1.183454
2.066042
2.643243
2.628343
2.717694
2.929853
2.509594
2.492518
2.626451
2.476141
3.028118
3.106909
2.877100
2.154147
2.007514
1.915392
2.116445
2.077594
1.837955
1.837955
1.620018
2.924747
2.263567
2.939480
2.750629
3.054392
2.321199
1.984418
1.616867
2.112783
1.700778
1.987149
1.826000
1.849346
1.949435
1.949435
2.173017
1.588795
2.003741
1.766756
1.836268
1.836268
1.008322
1.534116
1.336113
2.180857
2.302288
2.302288
2.086905
1.223459
2.707219
2.707708
2.764156
2.773401
2.841551
2.763693
2.717694
2.763693
2.770815
2.749909
2.717694
2.827064
2.920767
2.905947
3.021581
3.021581
2.626451
2.742369
2.214852
2.194118
2.857641
2.843211
2.151155
3.225753
3.225753
2.843211
1.564398
1.564398
1.903264
2.122419
1.993027
2.128057
2.825873
3.097663
2.257488
1.955113
2.574249
3.020194
2.999328
2.760709
2.888212
1.951222
2.137850
2.953426
2.410420
2.610313
2.467661
2.467661
2.570554
2.312381
2.363075
1.720211
0.833434
0.868161
0.833434
0.934393
0.975977
1.167364
1.176263
1.371237
1.344477
1.424412
2.063061
1.789417
1.670040
2.079495
2.194105
2.031054
2.639861
2.743930
2.836940
2.715703
2.715703
2.710122
2.883717
2.905947
2.885880
3.021385
3.021581
2.459731
2.579762
2.753406
2.428642
3.129881
1.716074
0.900870
2.200434
2.163499
1.946033
1.811128
1.906379
1.704717
2.605211
2.257488
2.353424
2.940696
2.750629
2.940696
1.823882
2.067458
2.067458
1.986188
2.218889
2.188930
2.760709
1.897295
1.823129
1.502479
2.028125
2.555387
2.000970
2.410420
1.528184
2.237015
1.470617
1.632248
1.572152
1.153337
1.131625
1.326916
1.456362
1.410816
1.506822
1.517965
2.063061
2.064975
1.519500
1.942235
1.302142
2.079495
1.116171
2.576188
2.639861
2.756608
2.817900
2.864011
2.763693
2.841551
2.591942
2.715703
2.785344
2.407361
2.484917
2.579762
3.020536
2.991621
3.201823
3.225753
1.671587
2.255807
1.671587
2.061459
2.701647
1.851439
2.185137
2.117328
3.038303
2.077594
3.025992
1.961083
2.499202
2.523544
1.750835
2.218889
1.643904
1.738101
2.514076
2.766159
2.696750
1.570280
2.112783
2.028125
2.276480
2.159781
2.216440
1.649509
1.705442
1.703699
1.524562
1.913690
1.913690
0.922432
0.959523
1.276670
1.657345
1.838446
1.532080
1.420882
1.488327
1.196541
1.668542
1.773391
1.944401
2.063061
1.808130
1.387368
1.558212
1.594455
2.161210
2.151491
1.223459
2.366336
2.731297
2.489286
2.744135
2.591942
2.513911
2.909662
2.909662
2.968868
3.021385
3.059939
3.059939
2.477759
2.616282
2.434265
3.195334
3.195334
1.747616
1.503812
2.005462
1.995685
2.825873
2.384376
2.192090
3.038303
2.523544
2.257488
2.893841
2.999328
2.654201
1.492432
1.577403
1.661730
2.437126
2.433417
1.999377
2.042298
1.542512
1.269032
1.419215
1.482330
1.647117
1.861323
1.958772
1.932102
2.118917
1.861323
2.118917
1.918371
2.188009
1.385452
2.106929
2.180857
1.943486
0.954116
2.489286
2.744135
2.672919
2.672919
2.889234
2.466026
3.027846
2.860000
2.860000
3.201823
1.441067
2.024520
2.003117
1.671587
1.564398
1.362461
1.005821
2.003117
1.377001
1.557460
1.771745
1.657579
2.646242
2.306219
2.661524
2.971897
3.020194
2.857193
1.738101
1.649509
1.743660
2.144674
1.634921
1.750171
1.754838
0.779581
0.871191
0.882873
1.101842
1.553244
1.345943
1.773391
2.023246
1.467082
1.808130
2.044236
2.222149
2.044236
1.471158
2.202135
2.180857
1.910246
1.045494
2.534756
2.707219
2.570738
2.672919
2.736251
2.629460
2.635806
2.585618
2.715703
2.703144
2.781905
2.778309
2.855288
2.855288
2.785344
2.887076
2.862257
2.459731
2.374752
2.284872
2.402635
2.886278
3.106909
1.890412
1.035262
1.883728
1.062986
1.987332
2.138373
1.963621
1.784704
1.753871
2.701647
1.691018
2.012128
1.664565
2.593692
2.588058
1.823129
2.221929
2.342955
1.887655
1.603739
1.679483
0.815028
0.955027
1.634716
1.615792
1.693230
1.812923
1.801815
1.855912
1.952393
1.435594
1.755205
1.190425
1.952393
1.602161
2.202135
1.610966
2.079495
1.789417
1.943486
1.084962
1.869548
2.655317
2.576188
2.586844
2.661074
2.780172
2.810759
2.836940
2.841342
2.587675
2.416671
2.892374
3.145494
2.402635
2.704889
3.007602
1.594340
1.883728
1.958721
1.738085
1.853970
2.486703
1.861600
2.701647
2.825873
2.531118
2.646242
2.765200
2.755250
2.414294
2.650690
0.841127
1.538977
1.592545
1.512019
2.063071
1.878519
1.878519
2.273084
2.222149
2.235682
2.097581
2.122534
2.066632
1.297131
1.136496
1.738684
2.534756
2.637615
2.756608
2.365212
2.703144
2.892255
2.506552
2.387574
2.387574
2.769240
2.970401
3.024073
2.555390
2.088689
3.139454
3.080408
1.671587
2.003117
1.883728
1.476036
2.485012
1.804910
2.473300
2.765200
2.718089
1.733902
1.718452
1.649305
1.869430
1.774669
1.210838
1.434181
1.205285
1.462179
1.627163
1.699331
1.626047
1.707925
1.559455
1.994733
2.161210
2.066632
2.312987
2.246496
1.008243
2.087036
0.791454
2.547367
2.476149
2.235260
2.707219
2.785999
2.694087
2.570738
2.577984
2.661074
2.781655
2.841342
3.024073
2.441280
2.700344
2.555390
3.139454
3.007602
1.594340
2.064224
2.137095
1.426004
1.648160
1.578004
1.898105
2.485012
1.841823
2.347473
2.159123
1.805689
2.441158
2.306170
1.485803
2.484156
2.243800
1.643758
2.184492
1.972599
1.746306
1.688620
1.627163
1.773391
1.819939
1.606909
1.393286
1.927086
2.330765
1.748528
1.867518
2.534756
2.509933
2.411323
0.804513
0.790302
2.235260
2.760699
2.508409
2.508409
2.948090
2.856045
2.749143
2.861866
2.887076
2.313158
2.374180
3.024073
2.501828
2.246687
2.664495
2.634668
3.172818
3.062616
3.139454
3.128167
2.944383
2.834069
2.664495
1.511187
2.101718
1.864440
1.381166
1.890412
1.765697
1.789214
2.352507
1.898105
2.147164
2.370019
2.370019
2.130278
2.296713
2.494423
1.708185
1.556264
2.134097
2.236369
1.539692
2.184492
0.960817
1.173005
1.333793
1.648523
1.945113
1.927086
1.737822
2.095786
2.183729
1.527441
1.462997
1.696710
1.861929
2.476149
0.791454
2.570738
2.457051
2.460424
2.943607
2.908851
2.829526
2.992097
1.950108
1.391937
2.011437
1.933267
1.845852
2.675749
2.349173
2.485012
2.190969
2.486703
1.762663
2.251775
1.877229
1.689340
1.754866
1.570773
1.953223
1.637190
0.815028
0.779581
0.929064
0.992002
1.106862
1.720702
1.670492
1.660780
1.888264
2.246496
1.906962
1.922432
1.922432
0.916467
2.534756
2.637598
0.738872
0.734596
2.411323
2.570738
2.848009
2.406300
2.450833
2.378754
2.943607
2.943607
3.011731
2.411198
2.501828
2.246687
2.944383
2.101034
2.020573
2.011437
1.426004
2.570505
2.570505
2.352507
2.141243
2.293035
2.321759
2.296713
2.291094
2.531118
1.626004
1.763995
1.539692
1.651722
1.570773
0.771732
0.929064
1.434270
1.142762
1.029002
1.781053
1.511024
2.329642
2.106723
2.097581
1.090505
1.559416
0.977450
1.717929
2.476149
1.951514
2.276440
2.543813
2.492981
2.411323
2.652307
2.958709
2.401362
2.028106
1.805808
1.805808
1.298253
1.759755
1.746183
2.441158
1.996978
1.765051
1.752374
1.628076
1.880058
1.257850
1.098382
1.211105
1.173665
1.173665
1.557899
1.666023
1.540088
2.191178
2.209038
2.058582
2.172328
1.861613
2.489940
0.844595
2.490599
0.696617
2.625153
2.390187
2.855412
2.958709
2.672228
2.571527
2.634668
2.336942
3.119310
2.463173
2.265717
1.791025
1.753804
2.482523
2.352507
1.641708
1.909449
2.250452
1.836722
1.595311
1.885167
0.834534
1.024355
0.944545
1.344327
1.432239
1.250512
1.396559
2.008657
1.608546
1.906962
1.997454
1.370742
1.335830
2.106723
2.106723
1.821222
2.389569
0.870192
2.348366
2.163466
2.557639
2.390187
2.821652
2.259051
2.958709
2.313158
2.310791
2.502995
2.435359
2.414192
2.952324
2.829526
2.739386
3.062616
1.762542
1.924340
1.462985
1.666859
1.665962
1.152458
1.905875
2.066685
2.229955
1.881220
1.781530
2.106964
1.982782
2.078219
2.113664
2.020501
1.781086
1.735902
1.301647
1.666744
1.317215
1.075104
1.875245
1.552234
0.862268
1.919972
2.200639
2.476149
2.441315
2.384332
2.296776
2.322369
2.411323
2.700019
0.707220
2.700019
2.570436
2.334790
2.954260
2.855412
2.311390
2.238948
2.304510
2.778362
3.005569
2.860084
2.257050
1.497821
2.020573
1.894611
2.463173
1.388400
1.664504
2.265717
1.832561
2.102665
0.834534
0.898009
1.042424
0.933747
1.004129
1.141685
1.038742
1.554475
1.871043
2.030038
1.760625
1.596223
1.761536
1.493038
1.335830
1.651917
0.800276
0.918092
2.402885
0.830450
0.691289
2.312733
2.752939
2.818993
2.861866
2.855412
2.816718
2.902158
2.902158
2.944383
2.973671
1.984391
1.954694
1.954694
1.954694
2.028106
1.448997
1.696290
1.831084
2.122767
0.731143
1.107184
1.342297
1.849855
0.990142
1.289984
1.103299
1.214604
0.969847
1.951514
2.374255
2.198653
2.293659
2.571527
2.601867
2.860084
1.467509
1.462985
2.186833
1.372802
1.865996
1.342924
1.194646
2.463173
1.603712
1.100498
1.055282
1.342679
1.980207
2.115794
1.934148
1.529709
1.744999
1.978748
0.877255
0.970378
0.898104
1.165697
0.990142
0.966637
1.126198
1.954130
1.237539
0.861620
2.389569
0.926836
2.752040
2.571010
2.957891
2.954260
2.398553
2.391689
2.097030
2.934150
2.973671
2.902158
1.473727
1.815413
2.463173
1.660597
2.033705
0.816132
0.964530
1.077953
1.098382
1.039220
1.825501
1.825501
1.841098
1.764212
1.596223
0.972017
1.011350
1.036651
1.390916
0.877512
0.972017
1.011350
0.972017
1.854127
1.119162
0.861620
2.090944
2.049836
0.943806
0.908697
2.461585
2.602334
0.833672
0.844595
0.918354
2.954260
3.015351
2.306481
2.651193
2.601867
2.843936
2.172551
2.934150
2.733352
1.761185
2.137286
2.102102
1.873007
1.799798
1.815413
0.852747
0.948884
1.687615
1.951872
2.048968
1.997636
1.938260
0.964530
0.964530
1.039415
1.065238
0.919639
0.845401
1.697301
1.012752
1.464038
1.008839
0.879804
2.019608
1.544387
1.689713
1.909372
1.771732
1.222880
1.119162
1.063300
2.120910
1.980744
2.200639
2.518951
2.043195
0.924223
0.924223
0.715248
1.012257
2.831619
2.831619
2.328325
2.954260
2.532950
2.669175
1.808876
2.102102
1.856434
1.662445
2.342073
2.342073
1.612946
1.690189
1.690189
1.564991
1.679869
1.739510
1.818688
1.808713
1.522624
1.813947
1.556366
2.267615
2.150957
2.150957
1.200522
1.031674
1.033623
2.571010
2.216045
1.188257
1.377156
2.345325
2.407861
1.174642
2.818993
2.239243
2.330707
2.308482
2.327449
2.483333
2.790918
1.679914
1.696176
1.344448
1.714547
2.342073
0.765710
1.319284
1.574001
1.603873
2.256500
2.037569
1.577869
1.818688
1.845333
1.993798
0.898104
1.767574
1.758736
1.966215
1.735063
1.769694
1.935153
1.442531
2.036328
2.153642
1.975539
2.112097
2.260614
2.200639
2.327438
2.043694
2.120096
2.411835
1.374456
2.522169
1.438275
2.658845
2.752040
2.954260
0.715248
0.834292
1.162600
2.812438
2.602350
2.713675
2.823350
2.934150
1.926326
1.596999
0.798050
1.081955
1.265382
1.990242
1.735063
1.876828
1.841098
1.823107
1.621912
2.052338
1.524633
1.473489
2.082386
2.179507
2.051242
2.179507
1.334772
2.408960
2.408960
1.632838
1.367232
1.551361
2.668072
2.507813
1.012257
1.097669
2.610695
2.693845
2.818449
2.240718
2.823350
2.823350
1.699814
1.424722
1.887713
2.099710
1.888441
2.039082
2.028323
1.730863
1.748763
2.325030
1.306513
1.663046
1.629043
1.690189
2.128049
2.037569
1.996504
1.906284
1.803830
1.798777
1.918026
1.997452
1.925070
1.975539
2.151981
2.052338
2.150957
2.112097
2.327438
2.484347
2.484347
1.838792
2.522169
2.658845
0.971190
0.855632
1.654250
1.647412
1.418669
2.213904
1.101909
1.127401
1.009002
1.060296
0.937409
0.899797
0.830639
1.264779
1.497996
0.830639
2.053173
2.222090
2.222090
1.748763
1.659660
1.306513
1.168444
1.079188
1.235531
1.623452
1.706709
1.859935
2.111030
1.901084
2.033145
1.698386
1.721054
2.028614
2.381708
2.393656
2.522169
2.056820
0.740920
1.212595
1.390024
0.745705
1.365445
2.300326
2.426943
2.401291
1.558865
2.703071
3.083459
0.755895
0.937409
2.397343
2.610695
1.490338
2.663623
1.338364
1.204472
1.950623
2.217950
1.300369
2.779553
1.741716
2.116811
2.151565
0.966815
1.146970
1.577869
1.996504
2.051242
1.939540
1.917360
2.054788
1.989503
1.906270
2.010131
2.381708
2.336806
1.838792
2.198095
1.104705
2.244140
0.843824
1.395634
0.872429
1.345294
2.703071
1.558865
2.972140
2.969086
2.812438
2.962687
1.182917
3.023460
2.856963
1.209592
2.962687
1.453797
1.059608
0.867764
0.979983
1.040814
1.264911
0.969879
0.852531
1.826885
1.278343
2.222090
2.353132
2.222090
0.972876
1.414041
0.841530
0.849160
1.492578
1.680729
1.704765
1.731811
1.991657
1.873781
1.915395
2.082386
2.054788
2.189202
1.840104
2.128225
2.232455
2.127985
1.395634
2.725765
1.358642
1.567110
2.020657
1.826885
1.724509
2.030024
1.908254
2.259025
1.544234
1.596999
1.659660
2.066866
2.151565
1.833566
1.878706
1.991657
1.889968
2.128225
2.005725
2.249476
2.336806
1.838792
1.929834
1.625943
2.271842
2.166422
2.271842
2.725765
2.972140
3.023460
2.165051
2.259025
2.116818
2.222090
1.844406
1.731322
2.116811
2.006919
1.822562
1.904810
2.336806
2.128225
2.171010
2.256757
2.306809
2.786824
2.703071
2.786824
2.512345
1.353356
3.069257
3.069257
2.774149
3.069257
1.892089
1.521464
1.780837
1.686506
1.686506
2.259025
2.271466
1.610411
2.033586
1.622958
1.789100
1.758271
1.993716
2.127985
2.042681
2.038224
2.083458
1.585877
2.856963
1.353356
2.826495
2.101966
1.928807
1.935326
2.135797
2.271466
1.533839
1.923150
1.649405
1.682002
1.599584
1.595707
1.617154
1.771801
1.917645
2.054788
1.986511
1.828629
1.757256
1.403252
1.654051
1.414864
2.674443
2.604672
2.539707
2.130728
2.786824
2.826495
1.745148
2.003237
1.736275
1.603764
1.502886
1.562437
1.753313
1.833566
1.931170
1.757703
2.054788
1.936359
1.896317
1.933441
1.974214
2.149551
2.337939
2.708166
1.919889
1.947018
2.081453
2.235933
2.350919
1.870386
1.870386
1.630003
2.231958
2.382077
2.235933
1.592679
1.802822
2.231958
2.231958
1.538551
1.716025
1.949174
2.604672
2.674443
2.674443
2.786824
1.386886
1.932561
1.995811
1.541102
2.158219
2.213266
1.671719
1.710244
1.867817
1.630003
2.093957
2.231958
1.604292
1.581821
1.606000
1.650727
1.607542
1.774174
1.938655
1.384040
2.692661
1.403252
2.130728
2.353680
2.078879
2.267830
2.443772
2.299682
1.491541
1.710244
2.042872
2.225185
2.305498
1.645467
2.235933
2.235933
1.524202
2.305498
2.231958
2.127681
1.518355
1.773166
1.772481
1.936359
1.724521
1.828629
2.099976
1.736490
2.496421
2.151460
1.701829
1.495684
1.701829
1.932561
2.214392
2.214392
2.078879
1.645467
2.225185
1.399671
2.225185
1.557375
1.497308
1.632169
1.763105
1.546063
1.727306
1.733144
1.735039
2.396201
2.199198
2.414624
2.299713
2.414414
1.342374
2.379856
2.267830
2.299682
2.225185
1.469762
1.645264
1.683939
1.560675
1.573175
1.574046
1.786191
1.804030
1.887933
1.617850
2.255491
1.495684
1.701829
1.495684
1.645467
1.425523
1.592679
1.497308
1.487707
1.592679
1.526185
1.607899
1.782294
1.616969
1.696742
2.299713
2.396201
2.196700
1.729752
1.731555
1.595984
1.691365
1.930956
1.995605
1.577803
1.995821
1.904368
1.633869
1.538525
1.764861
1.562239
1.483155
1.680825
1.525232
1.552513
1.616969
1.622013
1.427310
1.690125
1.628432
1.568708
1.331119
1.295312
1.364119
1.843159
1.764861
1.717932
1.478668
1.837000
1.699601
1.589045
1.771772
1.637863
1.580556
1.580556
1.679658
1.628772
1.532679
1.986649
1.794264
2.040989
1.936343
1.425523
1.995821
1.379207
1.924209
1.571710
1.650464
1.492684
1.565453
1.620364
1.529696
1.600133
1.688425
1.603200
1.568708
1.852470
2.086557
2.086557
1.802035
1.506348
1.495424
1.713368
1.717932
1.471953
1.423409
1.582191
1.664404
1.777582
2.072390
1.411031
1.402572
1.674441
1.697170
1.583153
1.843159
1.676154
1.460900
1.852470
2.086557
1.275497
1.381492
1.298560
1.779119
2.020734
1.347916
1.726204
1.614978
1.667436
1.381350
1.529696
1.553429
1.385451
1.478080
1.464867
1.476906
1.491012
1.831412
1.713368
1.393406
1.697179
1.826700
1.929645
1.721448
1.786869
1.826700
1.771857
1.565453
1.455685
1.487168
1.415700
1.601740
1.529696
1.381350
1.608169
1.839837
1.882351
2.020734
1.534249
1.589564
1.491012
1.595152
1.635294
1.297412
1.808754
1.580115
1.557842
1.412038
1.468803
1.476594
1.510671
1.543871
1.465103
1.478080
1.308364
1.376935
1.608169
1.488616
1.366755
1.397484
1.730422
1.672774
1.779119
1.489547
1.486055
1.551814
1.538806
1.510671
1.491786
1.358652
1.376935
1.421573
1.286304
1.397484
1.607298
1.490824
1.551465
1.526629
1.447773
1.354749
1.516928
1.364788
1.369236
1.779119
1.453483
1.443114
1.428091
1.492693
1.601744
1.538806
1.385451
1.260189
1.452386
1.314671
1.434842
1.522035
1.483451
1.492693
1.577788
1.382169
1.304561
1.266892
1.434842
1.394585
1.330723
1.502330
1.373825
1.560420
1.541078
1.481718
1.577788
1.584396
1.571512
1.313421
1.400044
1.358652
1.330005
1.197930
1.358652
1.402532
1.401920
1.218298
1.240169
1.313429
1.248309
1.496629
1.496629
1.588073
1.254855
1.280495
1.488616
1.169825
1.266534
1.326991
1.354850
1.361732
1.307400
1.372824
3.583663
3.670887
2.432999
3.062951
2.973671
2.133994
3.425232
3.215243
3.146723
3.264892
3.125486
3.716151
3.338180
3.338180
3.485982
4.067953
4.067953
3.809969
3.521948
3.736521
1.491541
1.764703
2.235933
2.150957
2.751652
4.067953
3.878920
3.640614
2.633847
4.025620
4.292412
3.583663
3.670887
3.937181
2.460722
1.710244
1.710244
2.259025
2.259025
