7522 1 3
1.662483
1.585856
1.526750
1.725386
1.712678
1.593648
1.660811
1.843038
1.988233
1.788755
1.847934
1.911865
1.836690
1.916598
1.813737
1.831069
1.938276
1.868758
1.831364
1.941412
1.888557
1.532112
1.684704
1.539663
1.851886
1.843423
1.652269
1.819291
2.060765
1.861270
1.930084
1.851213
1.847089
1.684497
1.635149
1.622701
1.637864
2.189492
1.820722
1.635021
1.852074
2.056617
1.988308
1.796402
1.909920
1.705505
1.444674
1.546911
1.876035
1.973222
1.590189
2.013601
2.199328
1.953994
2.081195
2.177569
1.979041
1.987897
1.957863
2.074924
2.004493
1.869513
1.714576
1.528952
1.758715
1.777721
1.977253
2.143880
1.469561
1.893424
2.509249
1.872046
2.393371
2.192426
1.918392
2.052494
2.031487
1.913912
1.978047
2.190529
2.034317
2.108887
2.323464
2.196997
2.056020
1.933458
1.874039
1.925906
2.136672
2.108763
2.073670
2.137313
1.991590
2.044737
1.942753
1.513087
1.583778
2.104892
2.499984
1.966544
2.153725
2.128003
1.995920
2.072877
2.177163
1.846699
2.021236
2.020488
1.946705
1.863081
2.335911
1.864723
1.818380
1.739724
1.775142
1.991642
2.065715
1.824556
1.674834
2.221107
2.139318
2.208524
2.059572
1.927786
1.804973
1.522721
1.563461
1.437374
1.637595
1.514682
1.614293
2.085929
1.633721
1.913824
1.707696
2.296692
1.620212
2.560212
1.729742
2.746534
2.425336
2.823670
2.015713
2.061980
1.951022
1.705266
2.151782
1.970582
2.080338
1.977321
2.163950
2.083307
1.884646
1.639259
2.228083
2.259412
2.279119
2.267251
2.114772
2.372933
2.131913
2.079769
1.833573
1.793308
1.864671
2.076467
2.124824
1.395838
1.922256
1.869835
2.103243
1.906352
1.953934
1.591187
1.583512
1.625707
1.637257
1.664362
2.192864
1.481384
2.491176
2.218088
1.872637
1.947557
1.757783
2.273587
2.247296
2.114142
2.297694
2.296114
2.306649
2.301011
2.007768
2.253919
2.199446
2.261322
1.909781
2.221011
2.171227
2.206458
2.202629
2.024053
2.584416
2.098164
2.221225
2.275986
2.355167
1.795291
1.414460
1.452813
1.571694
1.345022
1.741206
1.935318
1.465994
2.220951
2.260408
1.794621
1.913912
1.658166
1.785339
2.408054
2.147733
1.755319
2.374320
2.236413
2.378354
2.519708
2.593720
2.442075
2.411359
2.035793
2.360575
1.796772
2.181078
2.170826
2.487192
1.901394
1.319989
1.268918
1.760552
1.900832
1.462415
2.074548
2.192944
1.871003
1.595383
2.061194
1.645315
2.899183
1.759648
2.171340
1.675304
2.365017
2.197215
2.462664
2.593720
1.698230
2.149250
2.150980
2.208803
2.747667
2.512613
2.456053
1.850998
2.108377
1.790637
1.860563
2.230257
2.371169
1.794790
2.037242
2.202868
1.852941
1.934330
1.694433
1.345677
1.397828
1.254186
1.267143
1.221997
1.903893
1.707317
1.793014
1.281989
1.463201
2.015683
2.161860
1.616008
2.109829
2.126326
2.328702
2.223890
2.490905
2.024773
1.940327
1.749143
2.816089
2.501214
2.255184
2.413015
1.955135
2.353488
2.705622
2.714948
2.501213
2.432682
2.658245
2.132634
2.412491
2.373673
2.438633
2.598675
2.312229
1.791890
1.634247
1.282736
1.331342
1.348862
1.299414
1.269666
1.954614
1.607564
2.112873
1.608049
2.900703
2.944091
2.647050
2.617927
1.832606
2.692298
2.764777
2.683932
2.392559
1.939680
1.870281
1.766064
2.635330
2.413588
2.381917
2.254948
2.278063
2.587869
2.182558
2.426460
2.504010
2.253490
1.893677
1.936509
1.790416
1.245827
1.243690
1.834559
1.914838
2.217569
2.147674
1.974297
1.704859
2.561365
2.363943
2.355325
2.317850
2.671625
2.409680
2.409680
2.379962
2.649986
2.321243
2.501983
2.648545
1.896992
1.952015
2.490543
2.410686
1.888149
2.421306
2.636320
2.206621
2.066561
2.671790
2.261002
2.109499
2.477656
2.395452
2.481762
2.191276
2.459644
2.234010
2.245226
2.447613
2.349673
2.147882
2.373963
2.295911
1.703320
1.860107
1.622660
1.661599
1.807309
1.506655
1.572906
1.647236
1.849300
1.846307
2.005635
2.115199
2.246408
2.127855
2.017828
2.237780
2.376960
2.679078
2.146852
2.115915
2.255184
1.762803
2.510382
2.707731
2.408991
2.732423
2.868678
2.813689
2.841542
2.851084
2.854769
2.424434
2.192039
2.045217
2.498548
2.166076
2.196033
2.481996
2.378450
2.453454
2.430987
2.330745
1.878554
1.668830
1.313394
1.809097
1.822166
1.918759
1.384468
1.818249
1.689046
2.422253
1.811109
2.558201
1.618375
1.599852
1.721129
2.601759
2.799812
2.695087
2.799027
2.827330
1.927649
1.890372
2.013566
2.884216
2.660475
2.723866
2.831966
2.774946
2.830080
2.031128
2.892449
3.006786
2.823492
2.288600
2.060771
1.946840
2.474930
2.277071
2.532564
2.493917
2.319673
2.298350
2.224017
2.223061
1.842999
1.673744
1.851581
1.713945
1.227506
1.265705
1.569030
1.367096
2.113170
2.172079
2.229745
1.580726
2.328170
1.943743
2.895735
1.821829
2.433033
2.350643
2.589873
2.449494
2.521516
2.273842
2.353639
2.837469
2.082555
2.689503
2.915744
2.763779
2.943090
2.353258
2.310625
2.404250
2.224516
2.157109
2.040894
2.744299
2.208363
2.605746
2.644629
2.554335
2.243468
2.512409
2.838517
2.477081
2.158930
1.741245
2.426487
2.426186
2.373317
2.068380
1.831950
2.089643
1.376535
1.566833
1.685452
1.119733
1.291927
1.210119
1.770422
1.788913
1.855578
2.036143
2.203118
2.261750
2.043100
2.593694
2.342443
2.185902
2.445152
2.613869
2.528170
2.243210
1.971324
2.645354
2.914145
2.757430
2.981351
2.962739
2.382566
2.495109
3.002126
1.874808
2.576065
2.355822
2.626817
2.078372
1.990785
2.168566
2.970611
2.743059
2.243890
2.148239
2.469099
2.962241
2.578923
2.374295
2.175484
2.755449
2.648419
2.461969
2.547800
2.788087
2.114383
2.329543
2.278034
1.592205
2.240609
2.287182
2.575587
1.596488
2.550752
1.718756
1.744189
1.888827
1.246649
1.225971
2.053218
1.280571
2.008368
2.284423
2.642335
2.065540
1.770144
2.901468
2.453139
2.417395
2.418411
2.453962
2.486465
2.296671
2.917776
1.963825
2.917969
2.780056
2.150633
2.744268
2.716788
2.134496
2.049032
2.181561
2.217337
2.669416
2.849114
1.866269
2.485438
2.111781
2.609518
2.219679
1.843749
2.629353
2.466375
2.554060
2.377428
2.472083
2.438761
1.615443
1.541562
1.537436
1.638824
1.305462
1.108601
1.212408
1.502982
1.471179
1.440224
1.985187
1.924514
2.220428
1.512714
2.080547
2.288965
2.586759
2.350550
2.566508
2.497975
2.057930
2.311624
3.057647
2.962739
2.997873
2.530588
2.689693
2.497098
1.976806
1.937247
2.102259
2.165152
2.824708
2.745452
2.879242
2.010657
2.974129
2.828120
3.041650
2.917696
2.333796
2.070401
2.189371
2.375521
3.124202
1.992420
3.024846
2.832084
2.671266
2.727439
2.811535
2.659606
2.183549
2.439193
1.684221
1.583244
1.716736
1.115400
1.920893
1.777596
2.181710
1.981495
1.895011
1.945094
2.342443
2.647320
2.047497
2.445680
2.301818
2.473104
1.796546
1.833567
2.339625
3.022024
1.867806
3.008637
2.944091
2.993201
2.997401
2.713371
2.133594
2.843540
2.907097
2.036430
1.870860
2.238626
3.068454
2.943832
2.042477
2.986766
2.323480
2.234236
2.733588
2.260836
2.296421
2.780288
2.646844
2.762525
2.680466
1.966829
2.133520
2.208041
1.741245
2.454391
2.333627
2.210331
2.017881
1.925319
1.825465
1.660167
1.208249
1.387932
1.551332
2.190513
2.523323
2.565698
2.341133
2.295082
2.463627
1.485774
2.673628
2.567885
2.616688
2.623429
2.757715
2.584491
2.733541
2.612035
3.057647
2.986239
2.834360
1.854596
2.533532
2.730322
2.278889
2.137977
2.472783
2.615746
2.541300
1.917910
2.531501
2.675797
2.751964
2.598657
2.713983
2.042349
3.046185
3.150859
3.171584
2.878907
2.822457
2.229166
3.019026
2.797957
2.777403
2.869555
2.479918
2.348282
2.121406
2.806332
2.670561
2.625515
2.299877
1.902642
2.205704
2.128542
2.750769
2.485223
2.823286
2.562630
2.176401
1.699615
1.850174
1.591177
1.090497
1.570938
1.688127
1.733983
1.651750
1.995628
2.082507
2.054125
1.607499
2.510257
2.523681
2.414204
2.660940
2.713776
2.662009
2.924610
1.893722
2.718416
2.743266
2.242481
3.013206
3.064362
2.536944
2.582491
2.646078
2.066752
3.016056
2.135847
2.300254
2.830353
2.000463
2.194057
1.981205
3.105361
3.140806
3.015449
2.052891
2.017653
2.288982
2.139235
2.948569
2.940276
2.631001
2.341964
2.422732
2.674761
2.241178
3.052498
2.404541
1.814677
2.162521
2.371497
2.357372
2.596897
2.744806
1.497287
1.655094
1.363853
1.496230
1.157989
1.414517
1.237229
1.486308
1.800137
1.684215
1.942407
1.568968
2.143696
2.463266
2.428121
2.412909
1.756443
2.417863
2.294920
3.056617
2.635065
2.617781
2.713371
2.897521
1.942011
2.966171
2.029403
3.004575
2.856500
3.025187
3.067054
2.158173
2.412582
2.314269
3.093459
3.097262
3.179931
2.869998
2.257064
2.437667
2.432116
2.528468
2.740906
2.353065
2.874660
2.211265
2.453742
2.289297
2.324228
2.191591
2.464059
1.832229
1.589645
1.906091
1.227800
1.473025
1.074055
1.800659
1.331713
1.899044
1.905005
2.027315
1.988421
1.877742
2.173886
2.572845
2.639520
2.680351
2.651934
2.714929
2.311154
2.807730
2.617283
2.699955
3.064362
3.105368
1.909045
2.243862
2.663951
2.070596
2.339449
3.130321
2.360595
2.272980
2.528468
2.852786
2.230043
3.076536
2.938834
2.245699
2.756171
3.035695
2.823702
3.007097
2.769974
2.719685
2.615814
2.368856
2.054792
2.034086
2.897601
2.054852
1.839403
2.196542
2.254227
2.004807
1.483390
1.462807
1.721129
1.914740
1.526651
1.543128
1.254542
1.120241
1.667698
2.037454
1.591891
2.352840
2.681262
2.484874
1.830380
2.656828
2.670634
2.700438
2.715422
2.815066
2.834713
2.385419
2.701266
2.489222
2.022233
2.005157
2.741053
2.852821
1.905714
2.026378
2.946361
2.979551
2.927397
2.301845
1.990587
2.082985
3.092551
3.154741
2.404719
2.202823
2.055924
3.005749
2.920119
3.039893
2.884684
3.035695
2.609766
2.632513
2.400278
2.532244
2.098980
2.376489
2.357729
2.456859
2.931414
2.232601
2.662845
2.610752
2.041520
1.683820
1.658706
1.423919
1.743098
1.840504
1.703700
1.347143
1.532053
2.111478
1.975711
2.205550
2.211012
2.449024
1.725981
1.794420
1.869012
2.553234
2.684846
2.623666
2.583476
2.458611
2.520606
2.262275
2.275599
2.682521
2.402889
2.460517
1.793616
1.935272
2.479552
2.612167
2.436606
2.157661
3.173994
1.968471
2.017620
2.477960
2.349671
2.229652
2.592827
3.076973
3.098926
2.256668
2.629740
2.917912
2.942939
2.562790
2.733848
2.148574
1.974265
2.412574
2.132512
2.290741
2.161992
2.731443
2.148117
1.774794
1.928058
1.906106
2.000486
1.922690
1.661225
1.651857
1.682264
1.674795
1.159469
1.141972
1.449665
1.644272
1.801647
1.746071
1.698850
2.066866
2.320094
2.599980
2.390950
2.827484
2.717329
2.149600
2.585436
2.606491
2.800465
2.542832
2.666065
2.292965
2.303843
2.541218
2.531234
2.737668
2.421054
2.800618
2.719642
2.465178
2.845730
2.044091
2.655253
2.660110
2.079388
2.543849
3.191427
2.471926
2.206265
2.996370
2.905990
2.117551
3.066916
3.024099
2.183548
2.155654
2.469459
2.088961
1.885252
1.729970
1.462807
1.552641
1.534042
1.708056
1.209971
1.665816
1.166540
1.999342
1.930265
1.491240
2.006332
2.079879
2.307044
2.120179
1.751477
2.686312
1.808137
1.620733
2.294921
2.131062
2.839466
2.836359
2.851693
2.438388
2.704478
2.612304
2.637072
2.740063
2.803263
2.337387
2.612167
2.632680
2.257257
3.179282
2.315288
2.236560
3.028926
3.028253
3.049955
3.064193
2.597221
2.323968
2.268028
1.940830
1.850557
1.434420
1.467738
1.826117
1.710038
2.113015
1.909376
2.017889
1.829905
1.942961
1.800093
2.380193
1.703841
2.411544
2.745570
2.469116
1.887448
2.084646
2.714088
2.547190
2.610697
2.602464
2.376968
2.851693
2.753817
2.580041
2.798162
2.734310
2.398093
2.636355
1.855276
2.675618
2.535794
2.079216
2.633671
2.564178
2.709860
1.966464
2.864975
2.737165
2.419559
1.873477
1.866533
2.842852
2.328876
2.342985
2.365241
2.805401
2.170571
2.196765
2.719632
2.575878
2.654427
2.589375
2.451412
2.381434
2.945194
2.663077
2.951714
2.544515
2.985593
1.910008
1.387248
1.654737
1.781791
1.389688
1.529640
1.347036
1.114252
1.753940
1.787747
1.908332
1.988426
2.169229
1.909390
2.037454
2.098101
1.701572
2.481626
2.330950
2.515500
2.411544
2.477074
2.379045
2.579807
2.604783
2.666432
2.743457
2.085776
2.294921
2.462717
2.405717
1.706596
2.754550
2.671630
2.578826
2.625487
2.294064
2.497754
2.019463
2.420357
2.564378
2.671733
2.718044
2.240712
2.470774
2.787981
2.565960
2.435585
3.139467
2.900383
2.993812
2.219770
2.241453
3.079242
3.093590
3.143161
2.427371
2.268463
2.077892
2.080885
2.000054
1.979256
2.483543
1.981087
2.422893
2.312872
2.185209
2.214638
2.339526
2.081866
2.428764
1.893465
1.474398
1.498343
1.690835
1.660628
1.739458
1.507605
1.191943
1.229605
1.214589
1.388787
1.209700
1.643562
1.648123
1.825269
1.963858
2.073135
2.235123
2.366176
2.292365
2.515500
2.461560
2.666953
2.549239
2.013893
1.699186
1.990957
2.418111
2.534478
1.913213
1.882370
2.557347
2.640522
2.265468
2.757624
2.637241
2.595031
2.635298
2.695714
2.700016
2.599333
1.830929
2.111226
2.723877
2.803263
2.811402
1.973097
2.138695
1.920559
2.180476
1.947088
2.000208
2.573626
2.260537
2.260866
2.164513
2.037682
1.975433
2.383209
2.112818
2.642541
2.567641
2.326926
2.163442
2.236063
2.098498
2.911382
2.121566
2.071163
2.847970
2.280133
1.811380
1.803108
1.734942
1.389571
1.596430
1.554780
1.407287
1.727112
1.774016
1.871149
1.882917
2.042930
2.047312
2.086227
2.122470
2.140839
2.182329
2.175903
2.402390
2.190833
2.651272
2.353236
1.679145
2.613045
2.731255
2.780701
1.757161
2.795789
2.228397
2.765274
2.664485
2.457619
2.552217
1.738922
2.565953
2.578253
2.754322
2.957631
2.884800
2.095368
2.013908
1.969733
2.282211
2.702454
2.601509
2.135221
2.346223
2.538074
2.799229
2.900383
2.998932
3.110524
2.875068
2.895352
2.806972
2.226698
2.974857
2.809047
2.923895
2.840369
2.769436
3.007073
3.188430
2.188694
2.342736
2.627011
1.975511
2.719643
2.317674
2.206882
2.088597
1.927861
2.378014
2.005956
1.827451
1.723908
1.694848
1.744841
1.609451
1.509371
1.556905
1.558624
1.553795
1.690908
1.319765
1.327984
1.242333
1.790234
1.819263
1.270835
1.484593
2.088734
2.150437
2.120069
2.115264
2.234180
2.175465
2.214431
2.120417
2.189212
1.815397
2.363292
2.346237
2.420660
2.762983
1.769787
2.542384
2.748349
2.722863
2.335754
2.239780
2.237496
2.409913
2.423430
2.851901
2.647336
2.042032
2.859274
2.021461
2.014751
1.926495
2.871460
2.153959
2.897044
2.597940
2.372356
2.528363
2.320009
2.493051
2.677915
2.982862
2.799229
2.387671
2.314557
2.854992
2.037892
2.005699
2.055966
2.058412
1.934218
2.290917
2.302071
2.500054
2.578443
1.582866
1.837308
1.826531
1.945005
1.845430
1.679769
1.722962
1.956102
1.709146
1.964705
1.692557
2.111810
1.953931
1.460805
1.194389
1.848110
1.807629
1.884900
1.508299
1.476534
2.007482
1.986823
2.295459
2.168064
2.676450
2.402263
1.516884
1.507336
1.668554
2.677077
1.688792
1.671246
2.707086
2.359434
2.544265
2.782712
1.876901
1.950102
2.823733
1.940428
1.936637
2.918469
2.794218
2.030699
2.780200
2.248617
2.396242
2.551651
2.077274
2.929658
2.750639
2.922660
3.195249
3.160755
2.410152
2.146237
2.596589
2.544972
2.467280
2.289782
2.165454
2.600222
1.690374
1.811646
1.630575
1.827206
1.728346
1.385625
1.491353
1.493044
1.633063
1.830245
1.452385
1.159335
1.750084
1.971457
1.953681
1.972964
1.962109
1.973315
2.165085
2.189656
2.752120
2.457393
2.301929
1.593165
1.549976
2.329862
2.163865
2.806861
2.709044
2.731909
2.543163
2.369531
1.619850
1.958550
1.762514
2.017550
2.917039
1.689527
1.810935
2.002036
2.061245
2.211878
2.907384
2.922475
2.090117
2.169404
2.724019
2.751436
2.180444
2.187337
2.149978
2.145756
2.118706
2.135221
2.059321
2.039283
2.513741
2.901374
3.085708
2.576871
2.624180
2.580009
2.517639
2.486230
3.207984
2.330485
1.888054
2.403785
2.911382
2.097422
1.900564
1.964566
2.707049
2.147809
1.962786
2.066893
2.448816
1.944939
1.982890
2.138002
1.825832
2.046555
1.796381
1.853218
1.607708
1.486324
1.470853
1.642700
2.304208
1.520373
1.474790
1.504396
2.046163
2.177729
2.171812
2.164389
2.289756
2.244291
2.232262
2.260089
2.297683
2.513912
2.422028
2.190833
2.205453
2.372549
1.959333
2.349188
2.792793
1.445249
1.599484
2.743953
2.452193
1.586812
1.838821
2.478205
1.822447
1.657837
1.957106
2.978731
3.015380
1.964747
1.995625
2.858494
2.803944
2.637636
2.663208
2.459283
2.127771
2.231417
2.333789
2.650871
2.728769
2.595921
2.219077
2.680325
3.137914
2.656671
2.323832
2.409635
2.517802
2.129625
2.054118
1.983384
2.232633
2.046665
1.970391
1.968515
1.869074
1.640211
2.079625
1.458614
1.420600
1.593965
1.446581
1.495454
1.179665
1.704037
1.719508
1.666847
1.512814
1.339978
1.983172
2.200881
1.877285
2.169623
1.600374
2.289997
2.130051
2.473662
2.382337
2.513800
2.391807
2.222910
1.350636
2.349996
1.444710
1.451369
2.772618
2.807400
2.178707
1.676758
2.182282
2.543163
2.171115
2.488423
2.661182
3.007856
2.635229
1.572763
1.638064
2.071477
1.753703
1.839875
2.087299
2.748717
2.631965
2.925661
2.877701
2.664390
2.736075
2.311106
2.451109
2.605057
1.749684
2.214772
2.136312
2.203688
1.628108
1.583393
1.750727
1.747171
1.835991
1.723209
1.906883
1.572461
1.558558
1.531236
1.434434
1.446047
1.359374
1.178629
1.585733
1.681397
1.202815
1.868649
1.797256
2.441871
2.445374
1.971160
2.333348
2.163965
2.220292
1.604117
2.333348
2.476882
2.322171
1.579869
2.278864
1.352522
2.380115
1.673269
1.583263
2.617111
2.786894
2.868497
2.707686
2.521827
2.244491
2.044795
2.240536
1.449332
2.329262
1.495666
2.564225
2.253758
2.338920
1.581248
2.965506
2.934435
2.701351
2.717690
2.730716
2.530450
2.090117
2.596335
2.856673
2.513141
2.050001
2.661868
2.216209
2.649775
2.558311
2.603639
2.625746
1.895399
1.939028
2.159875
2.431504
2.370442
2.120128
2.758246
2.681478
2.586480
2.216559
2.458996
1.979805
2.224266
2.254730
2.340673
1.992460
1.865083
1.859014
1.969802
1.866618
1.811385
2.008926
1.549101
1.498922
1.578923
1.884858
1.923236
2.251915
2.022806
1.897116
2.247299
2.314597
2.490812
2.601568
1.589352
1.916524
1.645824
2.548254
2.665055
2.558567
2.649747
2.441492
1.448711
2.790285
2.716390
1.406614
2.056920
2.112550
1.773139
2.927440
1.296842
1.385718
2.205712
2.622727
1.935375
2.166553
2.419699
2.649775
1.909123
2.071287
2.735637
1.975508
2.675985
2.656996
2.785386
2.675380
2.260132
3.066422
2.981854
2.603057
2.330485
2.157174
2.517802
2.437617
2.426196
1.947377
1.834812
2.221560
2.063464
2.124148
1.842237
2.223378
2.122305
2.107367
2.018650
1.715632
1.892739
1.589267
1.595007
1.732695
1.485577
1.393175
1.438731
1.485533
1.637503
1.163005
1.211395
1.248384
1.882426
2.270943
1.912444
2.178157
2.089404
2.602290
2.567689
2.513912
2.418860
1.254669
1.519370
2.384196
2.414692
1.529780
1.836955
1.449914
2.400782
2.664530
1.668065
2.780247
2.461835
2.411628
2.475403
2.331944
1.850521
2.608061
2.706569
2.532498
2.799409
2.387472
2.838003
2.691874
2.705210
2.792877
2.582669
2.677281
2.863946
2.585502
2.475072
2.040477
2.022883
2.154760
2.381088
1.905885
1.843028
2.202481
2.150447
2.039722
2.148173
2.065176
1.708400
1.801224
1.620852
2.018650
2.122305
2.117198
2.223378
1.784855
2.038854
1.574062
1.851591
1.726517
1.323068
1.710724
1.511525
1.875796
1.894697
2.138344
2.152772
2.402373
2.242179
2.438507
2.180380
2.500965
2.297178
2.613287
2.591999
2.601014
2.305114
1.464942
1.621733
1.514493
2.891207
2.895029
2.840318
1.370741
2.695633
1.453436
1.292049
2.241105
2.182316
2.139966
1.773139
1.120173
1.364256
2.554846
2.185256
2.340346
1.731685
2.583576
1.735500
2.607762
2.766201
2.644009
2.518510
2.475263
2.676588
2.156849
2.195718
2.146233
2.551139
2.218771
2.286262
2.526613
2.344350
2.027326
2.437798
1.960591
1.790257
2.221629
1.959536
2.296695
2.107367
1.963686
1.776078
1.800065
2.048394
1.512098
1.522208
1.785258
1.568673
1.461939
1.474100
1.620824
1.444830
1.164965
1.355489
1.857010
1.926090
1.900670
2.220257
1.982009
2.329261
2.211181
2.029602
2.147903
2.490812
2.637115
2.385022
2.399259
2.811876
2.465005
2.648345
1.309631
2.270980
1.972957
1.327374
1.390859
1.399759
2.198522
2.223376
1.382070
1.808654
2.428863
2.753175
1.840720
2.738859
2.755631
2.644009
2.548046
2.699021
2.407715
2.162836
2.083799
2.554404
1.966729
1.867865
2.055049
2.162344
1.691841
2.147397
2.001992
2.060589
2.090886
2.013715
1.768630
1.534315
1.597967
1.565219
1.724257
1.842575
1.708467
1.472587
1.755370
1.792437
1.956201
2.305706
2.108959
1.393841
2.064473
2.421626
1.981138
2.558879
2.426056
2.421743
2.529335
2.885838
1.201338
2.474527
2.455268
2.432722
2.465295
2.534846
2.197572
2.435541
1.708309
2.702560
2.567893
2.535547
2.281604
1.958115
2.269099
2.178957
2.304000
2.306715
2.436963
2.217516
2.381624
2.301510
2.178895
2.214546
1.698753
1.524414
1.790040
2.102014
1.641611
1.799572
1.756271
1.524232
1.530451
1.289658
1.330895
1.800526
1.152063
1.781045
1.643126
1.371401
1.480011
1.495234
1.463143
2.211181
2.214895
2.091800
2.035221
2.302332
2.551986
2.475411
2.564430
2.643070
2.584872
2.422530
1.273154
2.796860
2.947779
1.278428
1.175214
2.949203
2.709028
2.465005
2.381430
1.224075
2.307949
2.471964
2.212199
2.311284
1.660262
2.150578
2.912742
2.632286
2.425649
2.289713
2.361642
2.346955
1.803070
2.019575
2.160823
2.117456
2.340776
2.038357
1.765800
1.851537
1.758619
1.547329
1.806844
1.934098
1.608116
1.597961
1.676485
1.402918
1.558432
1.684671
1.504535
1.573767
1.650318
1.692349
1.793102
1.925647
1.854516
1.845447
1.965460
1.734528
1.766695
2.050251
2.042160
1.289118
2.266345
2.267572
2.111850
2.609279
2.045696
2.088460
2.356617
2.396512
2.485117
1.337614
1.335221
2.611264
2.925138
2.819262
1.463423
2.663043
2.778358
2.577206
1.212371
1.083946
1.293340
1.196892
2.276808
2.430408
2.433352
2.495857
2.498313
2.588196
2.496725
2.527133
1.922090
2.497539
1.909882
2.398260
1.947287
2.179878
2.240030
2.095525
2.059983
1.787064
1.855822
2.169663
1.700445
1.689366
1.574190
1.782859
1.785020
1.512282
1.493628
1.386191
1.558330
1.744982
1.959156
1.878351
1.863930
1.954049
1.517481
1.436702
1.388507
2.132400
2.417319
1.995544
1.259242
2.316801
2.593696
2.340919
2.583826
1.203947
1.257634
1.206629
1.301841
1.122815
1.180216
1.216918
2.400406
2.747514
2.397575
2.164853
1.061401
1.152585
2.922012
2.632187
2.683045
1.439068
1.909711
2.492593
2.249658
2.243320
1.866993
2.587418
2.625921
2.297721
2.599372
2.162629
2.189303
2.142041
2.061545
2.077159
2.138045
2.153303
2.384788
2.452304
2.067106
2.101565
2.405300
2.293598
1.984960
2.178667
1.427344
1.514241
2.115125
1.998275
1.605574
2.023831
1.524753
1.543633
1.529765
1.513526
1.729222
1.710759
1.617415
1.530791
1.949880
1.271306
1.459066
1.933637
2.261995
2.002395
1.235579
1.153690
2.382736
1.202039
2.407078
1.258072
1.118054
2.736001
2.456307
2.733864
2.980952
2.749298
2.715876
2.217638
2.464677
1.153282
1.107730
1.107273
1.045982
2.350395
2.501161
2.771969
2.678054
2.805113
2.601427
1.950749
2.381405
2.844370
2.630431
2.497064
2.462948
1.850339
2.790710
1.824679
2.780946
2.826530
2.381003
1.880115
2.014494
2.166325
1.974475
2.251570
2.245840
2.292078
2.142507
2.211252
2.185447
1.871437
1.853209
1.923339
1.827153
2.158513
1.696385
1.705420
1.870874
1.650443
1.775747
1.361925
1.439832
1.470421
1.476728
1.513134
1.780207
1.883480
2.023208
1.690924
1.496792
1.913786
1.861629
1.968560
1.949643
1.972921
1.539963
1.476326
2.187676
2.093941
2.357841
2.245324
1.195337
1.967341
2.347637
2.399620
2.319767
1.273593
1.190097
2.400427
2.294957
2.471657
2.594185
2.302884
2.494378
1.145754
1.080915
1.094421
1.154551
1.243273
2.411939
2.378510
3.021392
2.909403
3.041030
2.087764
1.025381
1.004252
1.076422
0.991784
3.147602
3.103505
1.000283
3.108687
3.072673
1.339037
1.442985
2.745863
1.497674
2.537653
2.574926
1.912647
2.622046
1.976219
2.463823
2.519847
2.369720
1.901511
2.246121
2.040539
2.039519
2.193496
1.945179
2.338329
2.322687
1.928749
2.135898
1.580845
1.726084
1.996075
1.536836
1.546119
1.396803
2.227072
1.752538
1.930123
2.108132
1.615653
1.433394
1.459800
1.803854
1.534721
1.399996
1.399798
1.465497
1.912935
1.990793
2.031576
2.056273
2.133181
2.365545
1.179230
2.348596
1.992843
1.134466
1.194963
2.572283
2.045696
2.045696
2.561023
2.203764
1.108014
2.299007
2.376249
2.220073
1.058103
2.403378
2.317352
0.979218
2.838892
2.704584
2.470017
2.409262
1.107273
1.018270
1.038811
1.025803
2.382736
1.006323
2.670178
3.374681
1.062597
1.396827
3.213769
1.671298
2.598482
2.236609
2.521338
2.016779
2.158276
2.107912
2.330951
2.037986
2.178620
2.209095
2.241191
1.960843
2.521783
2.514247
2.082505
2.118234
2.231243
2.249774
1.629600
1.762482
1.527110
1.475808
2.200697
2.143295
2.230680
1.451330
1.770472
1.771465
1.828682
1.829448
1.994364
1.355212
1.350356
1.470252
1.526116
1.326110
1.683322
1.727240
1.588519
1.443616
1.401108
1.535039
1.282565
1.606185
1.847583
1.838883
1.831195
1.896647
1.930570
1.704374
1.808540
2.152472
1.274933
1.925842
2.397608
1.170237
1.911941
1.126257
1.103682
2.511604
2.628939
2.593136
1.056889
2.944902
2.931350
2.143706
2.441275
2.547792
2.330168
2.400968
2.759661
2.817560
2.581735
1.747896
1.637960
2.777217
2.819958
2.055828
1.883499
1.689238
1.724396
2.504368
1.833959
2.050222
2.200973
1.852585
2.270835
2.370119
2.365268
2.292078
2.058541
2.460429
1.889059
2.040063
1.976389
1.729391
1.547088
2.216017
2.076020
1.601856
1.682592
2.050060
1.960818
1.906979
2.094999
2.083517
1.987035
1.637231
1.911272
1.614490
1.355233
1.823843
1.902186
1.917071
1.779955
1.425288
1.902676
1.721467
1.401551
1.476659
1.436422
1.417239
1.550662
1.648142
1.944215
1.843862
1.910791
1.711122
2.029076
1.607554
1.907107
1.913305
1.452955
1.396463
1.330268
2.471121
1.243816
2.450455
2.450339
1.169819
1.223522
1.225291
1.179783
2.573417
1.100656
2.254571
2.428050
2.425949
2.607541
2.662604
2.623407
2.520747
2.339653
3.236755
3.103978
2.327073
2.731091
2.631412
3.198750
2.900238
1.950749
2.070615
2.761094
2.855135
2.469899
2.318985
2.122390
2.248939
2.397274
2.285051
2.384037
2.007722
1.806165
1.889384
1.767873
1.842847
2.080990
2.327708
1.302840
2.138739
1.646135
1.936120
2.027675
2.025654
1.643538
1.653228
1.393796
1.271892
1.323169
1.406882
1.468480
1.694367
1.844664
1.889284
1.961902
2.032326
2.067121
2.409993
2.479618
2.157908
2.015236
2.396351
2.424162
2.456020
2.441408
1.151118
1.166130
1.166130
1.085910
1.085910
2.412048
1.110386
2.574275
2.613064
2.364933
1.016292
1.109783
2.213079
0.928446
2.931350
2.633851
2.371091
2.331497
2.443458
2.496194
2.100848
2.622304
2.534971
2.491807
1.809348
2.327440
2.227493
2.288201
1.930394
2.113441
1.995547
2.220124
1.899994
2.269398
2.140348
2.259009
2.367735
1.971674
1.867175
1.721137
1.383097
1.713615
1.633374
1.708629
1.734399
2.052380
1.558220
1.740861
1.311036
1.362101
1.794134
1.592247
1.473032
1.341615
1.242807
1.883480
2.007766
1.397988
1.462752
1.770420
1.823090
1.812576
1.834963
1.830680
1.826132
1.495667
1.766142
1.865707
2.219603
2.004334
1.087731
1.042695
2.214467
2.493269
1.100656
2.563546
2.598609
2.463617
0.987916
1.092541
1.017346
1.058815
1.058103
0.961141
2.617975
3.141251
3.017484
3.117387
2.459069
2.871287
2.825263
2.615340
3.135581
2.200420
1.903218
1.912647
1.776966
2.382318
2.324003
1.994489
2.478805
1.978823
2.192095
2.138058
1.859930
1.958577
2.499867
1.936999
1.438035
2.175370
1.520878
1.342894
1.413076
1.321826
1.405085
1.275940
1.244988
1.611001
1.676425
1.619329
1.810898
1.840103
1.811206
1.868065
1.868384
2.027731
2.408292
2.443194
0.988377
1.082709
1.018269
2.426386
1.011659
2.620097
2.524677
2.478946
2.478946
1.029656
2.274680
0.896230
0.945367
3.098091
3.099667
2.678726
2.652853
3.289914
2.812336
2.619821
3.013086
3.236755
3.110530
2.634706
2.682353
1.764065
2.121633
2.646112
2.733012
2.775613
1.785748
1.937324
2.066593
1.902435
2.107918
2.113200
2.040614
2.189615
2.313732
1.582739
1.669370
2.154352
2.092837
2.154350
1.906979
1.966974
1.841608
1.962442
2.102829
1.866863
1.685892
1.838840
1.330956
1.353733
1.387072
1.362208
1.447426
1.471838
1.488152
1.589343
1.781410
1.573722
1.211177
1.942002
1.847522
2.036759
1.857681
1.903053
1.470932
1.980873
1.887401
1.469889
1.442768
1.574947
1.835854
1.855509
1.875286
1.793514
1.949740
2.317205
1.228895
2.372987
2.473624
1.170345
1.997229
2.572283
0.908875
3.195058
2.914557
2.229632
2.313705
2.937253
2.716897
2.979445
3.355948
2.932006
3.113217
2.834225
2.864324
3.206452
3.417887
3.379318
2.833002
3.185473
3.360235
2.698473
2.938812
1.400146
1.395630
2.616343
1.569124
2.705960
2.830078
2.736917
2.792525
1.913821
1.864556
1.905276
1.905276
1.765313
2.000120
1.961301
2.157550
2.127092
1.987771
2.301697
2.133141
1.862677
2.106247
1.928098
2.106247
1.815083
1.314567
1.652118
1.587830
1.701779
1.570972
1.518269
1.707490
1.561097
1.507909
1.938930
1.847276
1.817797
1.871856
1.942960
1.138563
1.069256
1.100910
1.176951
2.121142
2.268582
2.589537
0.948729
2.589891
2.467137
1.011116
2.548804
3.271339
2.913226
3.230698
3.267647
2.672378
3.248151
3.089574
3.152378
2.181272
2.427662
3.212192
2.833269
2.671956
1.740545
1.680516
2.755223
2.699907
2.000120
1.960399
1.896089
1.773514
1.856230
1.906305
2.203369
2.595618
1.986503
1.870030
2.043470
1.967137
1.755424
1.820944
1.953233
1.737875
1.813640
1.678124
1.793117
1.554583
1.259007
1.465315
1.452549
1.623359
1.373237
1.269591
1.717634
1.987040
1.737114
1.994774
1.782487
2.048492
1.887528
2.068417
1.865957
1.902811
1.543082
1.848786
1.904665
1.685241
1.186331
2.314195
1.055673
1.044433
2.257058
2.491492
0.971070
3.085185
3.324151
2.581301
2.704133
2.778908
2.575704
2.751300
2.957432
1.735475
2.703683
2.854296
1.734375
2.622607
2.803140
1.740065
1.816854
1.761231
1.874786
1.831744
1.842040
2.047896
2.134626
2.005187
2.017818
2.129565
1.818197
2.101511
1.985748
1.848727
1.731232
2.103379
1.546201
1.448684
1.662080
1.590009
1.529593
1.240774
1.611057
1.774816
1.493354
1.416630
1.367349
1.419277
1.478003
1.521435
1.370481
1.312445
1.612058
1.763612
1.945395
1.867685
1.985400
2.038117
2.015825
1.569475
1.470746
1.404068
1.844906
1.924413
1.823475
1.899598
1.366539
1.293545
1.085705
1.739897
1.998144
1.131873
1.965685
1.073884
0.946068
0.859825
2.416286
2.402671
2.566283
2.467137
2.409793
2.506928
2.344624
0.877287
2.753072
2.482666
3.254167
1.695968
3.022446
2.175130
1.794011
3.024259
2.884216
2.871543
1.446950
2.721812
1.756399
1.711011
1.776190
1.867052
1.866681
1.868181
2.116949
1.989894
1.934678
2.338832
2.527928
1.997647
1.880044
1.940712
1.967566
2.024718
1.525050
1.557200
1.658345
1.933772
1.240774
1.295837
1.565624
1.311171
1.383139
1.432278
1.450093
1.520003
1.334381
1.395373
1.431089
1.695954
1.755579
1.287444
1.803263
1.943340
2.058198
1.877154
1.932837
2.234666
2.179622
1.885710
2.013416
1.970098
1.853478
1.804498
1.998571
1.855717
1.605472
1.842794
1.611359
1.998571
0.971475
0.929812
0.961820
2.537591
0.744421
2.441421
0.828062
2.217949
3.256520
3.333534
2.678961
3.287827
2.207034
2.297578
2.426305
2.259857
2.459422
2.518501
2.982178
2.671195
3.189952
2.136732
1.661106
2.995566
2.571463
2.842666
2.963496
1.352455
2.655241
2.794530
2.688385
2.714964
1.754368
1.645103
1.934766
1.770986
1.813277
1.929668
1.836303
1.656324
2.029538
1.570761
1.629340
1.905290
1.575061
1.722677
1.704644
1.599955
1.791427
1.621653
1.422992
1.631261
1.376944
1.347524
1.410778
1.522424
1.647416
1.260260
1.296008
1.635026
1.508619
1.766752
1.797809
1.860422
1.904569
2.209237
2.287902
1.887565
2.322727
1.763976
1.529883
1.521135
1.130412
1.830341
1.933096
1.025666
2.103023
0.906495
2.353333
2.122162
2.404805
2.466894
2.480460
2.293064
3.083484
2.696359
2.507939
2.941097
2.768131
3.308679
3.290476
2.572627
2.540488
2.823351
2.913439
2.563335
1.663760
2.523993
2.474496
2.367279
1.804206
1.694690
1.787536
1.770057
1.779385
1.818197
1.917840
1.837567
1.756131
1.832675
1.946958
1.714373
1.712344
1.809673
1.900693
2.188617
1.648130
1.880623
1.916782
1.813817
1.913925
1.913925
1.352125
1.264283
1.267130
1.346131
1.601443
1.277817
1.507291
1.278590
1.337011
1.216960
1.360132
1.243411
1.623014
1.853619
1.811031
2.191405
2.058919
1.483977
2.095773
1.947494
1.439516
1.596232
1.388429
1.446621
2.020883
1.547797
1.735065
0.886797
2.340220
2.428586
2.365924
2.510317
2.554149
0.828062
0.743096
3.211589
3.281379
1.407271
1.695968
2.869815
2.048415
3.112179
3.387400
3.325968
2.923493
2.577925
2.977528
2.612749
2.518233
2.666454
2.821377
2.925345
2.862452
2.565188
2.843174
2.634581
1.676436
1.901554
1.820498
1.767834
1.916505
1.837279
1.943852
1.918700
1.802269
1.721224
1.765076
1.994190
1.598951
1.556551
1.348492
1.838848
1.322979
2.187401
2.046151
1.848632
1.919598
2.107283
1.861405
1.434374
1.599770
1.944792
2.170178
1.819716
1.654564
1.432933
1.122113
1.223984
1.085127
0.954457
2.014778
1.081031
2.043626
0.931267
0.798912
2.420523
2.393642
0.690355
0.852619
0.798912
2.297236
2.217941
0.662038
0.765287
2.482637
2.528427
2.420335
2.550020
2.623770
2.294309
2.412980
1.567290
3.312963
2.821276
3.020961
2.855350
2.886860
2.783971
2.441357
1.616664
2.612266
2.646706
2.821377
1.676404
1.650552
2.675725
2.512082
2.145866
1.738077
1.778886
1.785708
1.875490
1.791698
1.694781
1.816182
1.693489
1.668345
1.514949
1.368864
1.695910
1.505574
1.670874
1.620627
1.421818
1.351959
1.231599
1.198521
1.771832
1.783659
2.046151
1.501433
1.508543
2.118926
1.957400
2.454585
1.419008
2.155857
1.900773
0.904400
2.107557
2.237840
2.301671
2.454202
2.302575
0.696285
0.743096
2.239052
2.198378
2.546734
3.377347
3.263179
1.998693
2.772823
1.635102
3.206741
3.296597
2.867038
3.312439
3.273596
3.060501
3.010939
2.725110
2.997560
2.818815
1.570473
1.632709
2.307642
1.523989
2.815686
2.609105
2.810696
2.895810
1.620858
2.774727
2.828180
1.655036
1.765138
1.773365
1.749564
1.784151
1.908350
2.050570
1.729107
1.760015
1.750033
1.738925
1.707078
1.758582
1.916479
1.970427
1.837019
1.885086
1.776680
1.860884
1.448921
1.826772
1.757969
1.229329
1.114943
1.735789
1.670874
1.231184
1.243333
1.285072
1.261086
1.812109
1.764439
1.985733
2.116765
1.882981
2.264355
1.976522
2.320270
2.364172
2.064970
1.600019
1.069554
1.396403
1.483731
0.962235
0.837614
2.211642
2.837308
2.898039
2.992943
1.402127
1.896620
2.932875
3.028723
2.961650
2.835625
1.153118
2.627219
2.681135
1.728421
1.683129
1.613464
1.646834
2.256406
2.810696
1.590924
1.732795
1.749322
1.775192
1.657058
1.626929
1.678961
1.549864
1.862623
1.939046
1.512405
1.437264
1.257082
1.433549
1.438659
1.586766
1.340928
1.300495
1.550043
1.462187
1.349033
1.532160
1.598713
1.928976
1.802158
1.945037
1.765585
1.672396
1.439542
1.780625
1.793648
1.949181
2.380714
2.264355
1.399866
1.546385
2.140330
2.421551
1.308710
1.366204
1.986841
1.477544
2.007460
1.752514
1.243683
1.355249
1.562703
1.785678
2.161660
2.076564
0.926332
0.794177
2.372100
2.248952
2.467912
2.448671
2.461119
2.862182
2.706382
2.347688
2.394554
3.179987
2.888699
3.001621
1.236604
2.695701
2.966948
2.991278
1.332604
1.456493
1.523706
1.658241
2.254188
2.837568
1.695599
1.668338
1.667242
2.114769
1.672486
1.854463
1.663990
1.717877
1.813756
1.790003
1.732985
1.745447
1.763573
1.828384
1.581935
1.654131
1.491415
1.589894
1.734924
1.567121
1.707926
1.762323
1.722004
1.446099
1.404656
1.257811
1.358039
1.885111
1.987532
1.629482
2.329320
2.349557
2.242568
1.868584
2.129168
2.248613
1.988529
2.377845
1.541704
2.381833
1.721422
1.417268
2.063365
2.257438
2.393331
2.391304
2.371492
2.247130
2.236135
2.493330
2.553128
2.537477
2.286644
2.277391
3.352958
3.063888
3.377774
3.376879
3.376879
3.006407
3.286208
3.304916
3.009139
2.732136
2.915732
2.646841
2.977432
2.637985
2.311491
2.188877
2.244721
2.478981
2.367351
2.653555
1.611424
2.768181
1.643941
1.662236
1.729618
1.676520
1.650761
1.759528
1.751618
2.392941
1.919550
1.911582
2.234409
2.133106
2.331836
1.744842
1.715946
1.565292
1.946148
1.460613
1.400279
1.863551
1.386447
1.611438
1.322098
1.511480
1.241255
2.014294
1.997835
1.449534
1.361741
1.709816
2.125923
1.939522
2.089661
2.309771
2.097281
1.429280
1.320897
1.367257
1.027733
1.963558
1.959056
2.015249
2.202589
0.788496
2.378680
2.323206
2.327760
2.392362
2.251038
2.419197
2.318626
3.443099
3.322170
2.477383
1.402127
3.091013
2.719776
2.709527
2.959316
3.003264
2.585740
0.989209
1.286370
2.156631
1.518067
2.505689
2.527208
2.801606
1.933616
1.773189
1.849061
1.751618
1.987960
2.338215
1.650210
2.420709
2.095049
2.316052
2.249089
1.642725
2.097845
1.714612
1.635519
1.737631
2.108855
2.156094
2.273334
1.580300
1.669770
1.498611
1.691481
1.875907
1.519935
1.694558
1.219967
1.382444
1.637087
1.416611
1.527241
1.664516
1.363965
1.475921
1.423402
1.205700
1.432839
1.160520
1.215719
1.286833
1.236071
1.102206
2.096248
2.072808
1.612609
2.327853
2.082533
1.186788
1.072893
0.810408
2.098781
2.389935
2.161163
2.314901
2.076610
1.941923
2.009282
2.455658
2.137661
2.784759
2.749792
2.413257
2.642363
2.379810
2.457031
2.887956
3.035385
2.534562
3.304105
2.748454
3.102231
2.972649
2.811353
2.339827
2.248576
1.598729
1.555995
2.275881
2.681339
1.631092
2.186580
2.326232
2.296959
1.985019
1.629574
2.140231
1.966758
1.699949
1.889064
2.011284
1.454721
1.689899
1.439897
1.483811
1.440774
1.412401
1.372333
1.184849
1.242788
1.202410
1.286892
1.184528
1.188794
1.076060
1.427354
1.488094
2.227455
2.198508
1.718308
2.160789
1.381371
1.188569
2.438459
2.015399
0.913252
2.035438
2.398448
2.388778
2.430045
2.180626
2.043327
2.111689
2.239888
2.261143
2.167428
2.144014
3.226652
2.975384
2.651299
1.555998
1.197331
1.522550
2.775427
2.885048
3.201878
2.631280
2.886149
3.095923
3.012806
2.928358
3.096494
3.025684
3.032990
2.217371
1.433939
2.013451
2.125834
2.424319
1.643505
1.648713
1.707793
2.067046
1.616392
1.605769
1.629951
2.137371
2.121508
2.223134
2.165756
1.556491
1.617805
1.989307
1.995551
2.022902
2.028924
1.923645
1.847247
2.020097
1.900009
1.706889
1.526096
1.957286
1.566518
1.486000
1.765774
1.714634
1.793978
1.715606
1.361240
1.607228
1.688348
1.540826
1.799996
1.676543
1.646301
1.884739
1.953760
1.567279
2.179381
1.744795
1.686024
2.180032
2.362638
2.362638
2.491404
1.288254
2.096731
2.376045
1.901215
1.960102
2.215611
2.399044
2.344960
2.206226
1.982110
2.184507
2.024022
2.483519
2.297021
2.478498
3.407178
3.374053
1.443703
1.386683
1.304049
1.197331
3.210268
3.268115
3.182245
3.096494
2.675122
2.633002
2.952928
1.560583
1.539061
1.948267
2.841881
2.763684
2.267843
2.594425
1.592367
1.749751
1.874611
1.660281
1.849881
2.055540
2.028165
1.946937
1.514803
1.869952
1.946937
1.818978
1.830606
1.822128
1.743135
1.404744
1.604048
1.337491
1.410931
1.526920
1.442429
1.273377
1.321089
1.409834
1.279692
1.307121
1.310978
1.231948
1.241153
1.198498
1.126919
1.309406
1.943719
2.029375
1.676096
1.910813
1.907055
0.815146
0.855002
2.376109
2.367731
2.398470
0.741252
2.270923
2.375199
2.286803
2.153474
2.405716
2.319527
2.866645
2.742844
2.103810
2.245415
2.467464
2.334427
3.036925
3.313991
2.936187
2.500276
2.327295
2.172233
1.751522
1.683876
3.139257
3.440850
2.570013
3.058141
1.036497
2.720987
1.211769
3.091636
2.103921
2.496975
1.502808
2.304164
2.236740
2.094779
1.522910
1.890063
1.556376
1.655566
1.846288
1.999143
1.962816
1.766663
1.758627
1.660422
1.838585
1.636630
1.388948
1.422135
1.370008
1.609381
1.391816
1.480476
1.555709
1.311327
1.423002
1.422352
1.289724
1.854427
1.851191
1.895527
1.350653
1.680290
1.350653
2.329277
2.555103
2.579483
2.521770
2.018548
2.132133
2.267331
2.194249
2.416616
2.339972
2.023006
1.984211
2.719688
2.909738
2.781291
3.257647
2.006047
2.558511
1.610015
1.344309
1.541859
2.684694
3.104578
2.689726
2.258992
3.402328
3.326272
2.853781
0.810989
1.076385
0.748236
3.074383
2.634118
2.851051
1.435944
1.369984
1.550034
2.631279
2.577822
2.055490
1.610624
1.476706
1.485720
1.517981
1.871258
1.610671
1.735585
1.907690
2.083061
1.446220
1.894783
1.535132
1.589899
1.701459
1.896761
1.491490
1.436308
1.640618
1.500439
1.441418
1.525252
1.525140
1.484790
1.410019
1.799664
1.686604
2.234247
2.336001
0.954427
2.522479
0.918659
2.500993
0.855002
2.076876
1.949512
2.010782
2.263666
2.300907
2.303451
2.425732
2.194249
2.152182
3.004977
3.130562
2.348699
3.271743
3.223142
3.097508
2.770802
2.791193
1.992865
2.644235
2.539244
2.131176
2.897441
3.043267
3.205582
3.413108
3.309481
3.395172
2.760593
2.909154
3.129417
3.164914
2.570224
3.191597
2.805591
2.859827
3.159575
3.022662
2.898004
3.149071
2.012831
1.514251
1.556036
2.240262
2.461965
1.519234
1.477959
2.054662
1.492618
1.725183
1.865057
1.675660
1.753693
1.487519
1.703415
1.625169
1.707674
1.580430
1.776364
1.550318
1.780084
1.552964
1.419988
1.596428
1.597343
1.468392
1.339564
1.601742
1.496002
1.919554
1.785913
1.765842
1.269568
1.729403
1.590801
1.815473
2.248480
2.269918
2.323097
2.311484
1.119735
2.432034
0.877812
2.394040
1.943564
1.983271
2.057830
3.167626
2.046991
2.768714
2.988003
1.673438
2.745473
1.528423
1.568927
1.714419
2.937092
2.810189
2.947333
3.159890
2.884750
3.048447
3.144208
3.060149
1.310963
1.445562
1.495444
2.408821
2.493172
2.295122
2.456498
1.488790
1.796251
1.973897
1.801100
1.515210
1.620396
1.822292
1.535482
1.533285
1.525839
1.510448
1.586958
1.178952
1.391473
1.209867
1.096905
1.847473
1.338747
2.010485
2.116583
2.222043
2.206426
1.761564
2.315425
2.334975
1.085064
2.456324
2.358664
2.544195
2.073820
2.062071
2.515830
2.544791
2.591536
2.474616
1.999873
2.021093
2.385463
2.195552
2.014022
2.375333
2.409511
2.260760
2.056039
3.237467
3.251285
2.851367
2.804355
1.541306
1.527086
3.510378
3.436129
3.463938
2.638441
2.759466
2.801326
3.103462
2.796293
3.111434
2.898004
1.369325
1.241873
2.119975
2.045143
2.178546
2.250170
1.422705
1.461395
1.654835
1.626212
1.427086
1.413114
1.607270
1.398236
1.496568
1.517454
1.556817
1.472046
1.524997
1.624817
1.461941
1.206816
1.019880
1.716869
1.362682
1.617944
2.340774
2.279355
2.283145
2.204818
2.225962
2.157529
2.451576
2.336843
2.530007
2.123311
2.096622
2.408314
2.319462
2.277045
2.387338
1.948515
1.955480
3.132079
1.469151
3.147789
3.398042
3.374030
3.162167
3.143177
3.249773
3.156039
1.474659
1.427639
1.952776
2.463223
1.384839
1.810782
2.110065
1.397060
1.739616
1.556205
1.559148
1.494474
1.158234
1.805776
1.409412
1.530028
1.587878
2.147835
1.659123
2.269014
2.207859
1.522186
2.278179
2.388571
2.169478
2.452396
1.925988
2.184856
2.044080
1.779338
1.793619
2.233953
2.893846
2.199493
3.353822
3.213426
3.421449
3.388336
3.467521
0.784717
0.816219
0.974781
3.202161
2.197381
2.537095
3.155866
2.116835
1.446522
1.991465
1.422180
2.197138
2.031249
2.076915
1.459313
1.405346
1.381952
1.771213
1.435123
1.575142
1.421432
1.663623
1.727708
1.668418
1.576918
1.719787
1.673967
1.720163
1.601833
1.304377
1.331573
1.985289
2.112074
2.194346
1.665174
2.354640
2.374874
1.076220
0.824707
0.945731
2.241652
0.846937
0.846937
2.252669
2.019028
1.900024
2.411069
1.955480
2.066542
1.600889
1.497979
1.670641
2.083408
1.493810
2.856636
2.538319
2.386599
1.968562
2.551525
2.501446
2.948442
3.237177
1.748446
3.520226
3.578363
3.564037
2.764020
2.962467
3.271728
3.216090
2.296089
1.097719
2.026584
1.309783
2.121384
2.122092
1.371059
2.303597
1.424831
1.623250
1.710294
1.684134
1.503964
1.178991
1.042789
1.092461
1.672036
1.865579
1.817558
1.527946
2.139150
2.245163
1.370213
2.279009
2.340614
2.351060
2.209942
2.317885
1.226465
2.358226
2.293697
0.803276
2.145671
2.229522
2.198548
2.350316
2.051538
2.198826
2.640236
2.396070
1.922028
2.444552
2.237035
2.014629
1.851664
1.891969
1.600045
3.071836
2.707175
3.155260
2.550696
0.569784
3.347327
2.654173
3.075627
2.808512
3.216090
2.267470
1.436724
1.286000
1.329056
1.895267
1.393771
1.832215
1.923030
1.909596
1.566000
1.746008
1.416194
1.437331
1.848603
1.839902
1.477664
1.426582
1.539225
1.549733
1.528159
1.531675
1.174057
1.227223
1.228117
1.545861
1.110314
1.612362
1.401601
1.927239
2.218698
2.256798
2.284364
2.259268
2.265405
2.193140
2.264853
2.086898
0.901470
2.171710
2.282522
1.924364
1.775238
2.563959
2.642709
2.188375
3.409771
3.542753
3.594512
3.418453
2.972651
2.731110
2.976357
3.300065
3.296446
2.337377
2.624949
0.992955
1.429936
1.399950
1.923362
1.855793
1.397207
1.450243
1.646105
1.488627
1.357247
1.214263
1.785078
2.183004
2.245027
2.270000
1.278247
2.416589
2.356467
2.351672
2.184273
2.127152
1.910069
1.962791
2.515967
2.588486
3.321785
1.746090
3.267354
2.913734
2.927920
3.446656
2.548157
0.479151
0.605120
3.356720
3.243996
2.237756
2.319615
2.444632
2.032142
1.375269
1.276116
1.364374
1.319653
2.000947
1.414007
1.567734
1.694328
1.839902
1.413956
1.479040
1.810552
1.943438
2.244979
2.130301
2.138313
2.355914
1.403954
2.318888
2.267831
2.278351
2.211065
1.007423
2.099343
2.214080
1.935227
1.981445
1.946908
1.917156
2.665705
2.238272
1.870271
2.146011
2.093841
2.240634
2.324440
2.084205
2.011951
2.096056
2.425998
2.980357
3.532726
0.535641
0.661235
2.543811
2.686545
0.660117
3.302779
2.982500
3.341763
2.216268
2.408808
2.210108
1.279920
1.814340
2.035641
2.030861
1.331087
1.414608
1.716616
1.831480
1.788017
1.608021
1.710109
1.546029
1.634738
1.503203
1.360316
1.548082
1.434560
2.332344
2.406288
2.245700
2.259535
2.306200
2.319441
2.323885
2.320631
2.285105
2.059239
2.118814
2.080309
0.771881
2.308300
1.973969
1.945158
1.910557
2.758066
2.510201
1.689832
1.643108
1.495515
1.537852
2.041678
2.624996
3.456397
3.363621
1.969556
3.279287
2.545820
2.765591
3.254165
3.265030
3.280634
3.305994
1.142986
1.327018
2.359880
2.672531
1.367728
2.232783
1.945850
1.721023
1.606712
1.406469
1.502604
1.663094
1.677775
1.503837
1.409636
1.277425
1.478438
1.793950
1.732400
1.599982
2.068343
2.437385
2.157327
2.277447
2.314867
2.367378
2.330348
1.094837
2.260837
2.369187
2.276847
2.287499
0.813525
2.057015
2.055735
2.485925
2.207710
2.641876
1.491229
1.801642
2.177496
2.134302
2.540460
2.263776
3.316548
3.295587
2.186059
1.770917
0.401876
0.559724
2.950478
0.757544
2.139499
2.092818
2.185061
2.599873
1.924682
1.316862
1.333388
1.806281
1.784657
2.003180
1.872088
1.688394
1.406867
1.914761
1.668235
1.580959
1.522873
1.294032
1.504087
1.210060
1.641933
1.664842
2.044130
2.090209
2.236841
2.214315
1.448562
2.232297
2.141613
2.346701
2.401549
2.277079
2.339206
2.220098
2.089447
1.846757
2.288869
2.263816
2.341922
3.207342
3.275811
3.020206
0.677879
3.326705
2.701107
3.059720
3.325104
2.138042
2.624674
1.301100
1.983906
1.753795
1.895544
1.773902
1.304121
1.582076
1.663401
1.771581
1.762871
1.437285
1.448179
1.742449
2.257274
2.422996
2.214503
2.132254
2.218158
2.383958
2.389966
2.169408
2.272791
0.911179
0.761278
2.082533
1.893214
2.739926
2.968725
2.232675
2.191388
2.057590
1.866531
3.439250
1.756339
3.261491
3.126226
0.452045
3.385779
3.250304
2.608463
2.527528
2.725315
1.266863
1.560448
1.549601
1.605766
2.082010
1.679604
1.886508
1.975094
2.113259
2.143894
1.932752
2.093572
2.037001
2.001355
1.737718
2.338945
2.370336
2.181923
2.069741
1.961608
2.095740
0.641584
0.641584
0.711525
2.032114
2.045740
2.624106
2.976089
2.080040
1.950858
2.536823
2.453847
2.342891
1.645479
1.794286
3.092803
2.800135
1.884142
3.463596
1.945766
2.799241
3.442665
2.687061
2.833962
2.682443
0.584783
0.781438
0.764476
0.627865
2.605840
2.116183
1.251958
2.765101
1.206057
1.281713
2.471004
1.255865
1.850408
2.054020
1.963247
1.823410
2.005298
1.717827
1.440422
1.495373
1.841245
1.674868
1.848731
1.320300
1.450447
1.593575
2.251268
2.041745
1.766547
2.009275
2.068107
2.296964
1.425178
2.475083
2.526686
2.134624
2.370818
2.378341
2.357365
2.328480
2.196124
2.213291
2.329703
2.298585
2.359627
2.437852
2.226604
2.175451
2.596886
2.559814
2.702458
1.970625
2.296441
3.425457
1.934504
3.324950
2.768710
0.834043
2.972739
3.360491
2.772560
2.214074
2.104060
2.331053
1.310343
2.228330
2.376181
2.116485
2.175824
1.799718
1.885706
1.353461
2.377289
1.719352
2.409847
1.398087
2.105051
2.071272
2.418586
0.878606
2.257576
1.080557
2.399972
2.435835
2.426268
2.398032
2.354386
2.534780
2.312613
2.291482
2.405902
2.238064
0.625480
2.041292
1.936671
2.180906
2.379648
2.301355
1.929391
1.898839
2.535717
2.445504
2.900357
2.864132
1.606858
2.225405
3.212496
2.306694
2.584412
3.171855
3.022592
3.446724
3.430471
2.792518
3.185833
3.332707
0.841000
1.187601
2.706116
2.251159
1.259220
1.913814
1.244362
1.535174
1.794503
1.730244
1.830530
1.566130
1.758985
1.782712
1.591923
1.256413
1.250307
1.397529
1.492115
1.330308
1.421809
2.509748
2.225534
1.607289
1.762517
2.496519
1.772377
1.167617
2.286551
2.121871
2.358668
2.477480
2.420435
2.337109
2.470371
2.176499
2.374415
2.133871
0.703916
0.610966
2.306177
2.408188
2.092048
1.817457
2.023973
2.300349
2.125955
1.802868
2.231054
2.353590
2.323636
2.373070
2.348630
2.143170
2.157949
1.832204
2.334189
2.189921
2.592968
1.915548
2.081504
1.754802
2.949873
2.622005
3.298544
2.948159
3.295483
0.597950
0.739908
2.077094
2.587565
1.216638
1.243628
1.226960
2.122188
1.913688
1.776104
1.702923
1.150054
1.732191
2.285845
2.413326
1.268669
1.163618
2.168869
2.185211
2.198238
2.437465
2.427392
2.324100
2.480108
2.194297
2.176499
0.785767
2.408188
2.306916
2.332351
2.092048
2.008106
2.035757
2.351951
2.160768
2.216278
2.273458
2.378814
2.149533
2.124614
2.345494
2.288480
2.902934
1.599203
1.607905
2.042433
2.322504
2.290349
2.132684
1.597000
2.635473
2.550985
3.039632
3.299399
3.378856
3.326705
2.879272
0.832869
2.160216
2.161315
0.936609
2.287965
2.499829
2.682337
2.064641
1.298639
1.996988
1.852344
1.945539
1.878520
2.026593
1.262885
1.337058
1.741548
1.797572
1.684820
1.483769
2.094789
1.938303
2.048051
1.970866
1.369290
1.418856
2.314743
2.337763
2.201425
2.321723
2.489661
2.445345
0.677262
2.127871
2.330583
2.361666
2.159843
2.217430
2.336734
2.192572
1.802868
2.336289
1.720393
1.883710
2.879412
1.599203
2.073578
2.103233
3.436840
3.319601
2.149508
3.192593
0.674103
2.431832
2.109984
0.998168
2.002084
2.101721
2.266263
1.384076
1.395294
1.374797
1.336699
1.938395
1.543418
1.259766
1.891262
1.557625
1.681344
1.791251
1.301573
1.249336
1.188940
1.309010
1.437057
2.407044
2.022418
2.184824
1.408249
1.634205
2.244617
2.107664
2.281170
0.782624
2.182131
2.310268
2.179755
2.375696
2.490056
2.435524
2.226335
2.205971
2.282124
2.088029
3.000239
2.209228
2.536823
1.806719
2.571591
3.459164
3.230315
3.451191
3.076445
3.262345
3.321074
3.369292
3.088328
2.211425
0.770277
0.582335
0.628736
0.903084
0.940380
0.809653
1.175420
1.230924
1.249667
1.628533
1.522767
1.227757
1.251535
2.090205
2.020246
1.903793
2.034755
1.717921
2.123147
1.832225
1.522425
1.639403
1.237515
1.890954
2.006739
2.205505
2.016982
2.206253
1.161612
1.094431
0.791102
2.330071
2.240124
2.441126
2.029745
2.246992
2.481783
2.461170
2.447806
1.737811
2.307801
2.905683
2.054496
1.907203
3.233735
1.685640
3.082198
2.211623
2.922900
3.355958
0.873086
0.836998
0.796941
2.390410
2.171417
2.123859
1.322339
1.881447
1.938395
1.267966
1.279358
2.090142
1.737719
1.236382
1.607487
1.685606
1.701509
1.702923
1.340407
1.327842
2.229187
1.275542
2.344113
0.954850
2.141330
2.469915
2.360878
2.384108
2.305848
2.320486
2.428058
2.284852
2.256683
2.081806
2.001084
2.360996
2.404363
2.342498
2.885610
2.193275
2.264653
1.794419
1.989962
1.724613
1.939373
3.512172
2.655853
2.561667
3.232817
3.444437
3.325393
1.095267
0.672303
1.101465
1.152432
2.191626
1.214432
1.306333
2.047345
2.171417
1.955198
1.862071
1.960506
1.799957
1.205408
2.422686
2.108724
2.065974
2.481843
2.545260
2.470415
1.977749
2.270850
1.645561
1.470686
2.235262
2.124483
1.664004
2.419900
2.480077
3.183088
3.227341
3.418231
3.395358
3.501425
2.581821
2.857700
3.230627
1.051236
0.766635
0.551555
1.988036
2.364120
2.187036
2.387660
1.368226
1.640692
1.617250
1.523182
1.325927
1.249522
1.191035
1.532123
1.652910
1.886083
1.916393
2.322541
2.277195
2.520401
2.600820
2.325788
1.196687
2.265879
2.533203
1.109434
0.997157
0.836800
2.463404
2.425500
2.454477
2.204017
2.203092
2.354985
2.407573
2.384167
2.574677
2.317261
1.716351
1.803508
2.841233
1.855043
1.503842
2.322908
2.636547
2.296451
3.036284
2.641434
1.880732
1.793399
3.213449
2.796422
3.328924
2.605195
2.751833
3.194469
3.262191
2.456834
1.098568
2.022092
0.604632
1.126658
0.582268
2.107779
2.004246
1.221807
2.172626
1.596585
1.628533
1.468837
1.932966
1.908112
1.835940
1.917015
2.024044
1.528763
1.924695
1.480966
1.399220
1.303566
1.467501
1.657232
1.674368
1.901456
1.139827
1.137179
2.607128
0.900021
2.536012
2.187009
2.288800
2.426844
2.597437
2.605936
2.360160
2.681132
3.000239
1.510000
1.573052
2.175348
1.694868
3.055510
2.440099
3.050934
2.510820
2.473853
2.542100
3.199694
3.288163
2.758589
2.124449
1.767915
1.731938
1.211244
1.377028
1.256608
1.122567
1.294882
1.701072
1.725573
1.805894
1.538712
1.565472
1.495581
1.325281
1.396088
1.883906
2.439272
2.064205
2.353060
2.482093
2.465416
2.348421
2.357010
2.705841
0.849861
0.869634
0.791800
2.377256
2.094518
2.171223
1.872849
2.582677
1.728023
1.650025
2.155918
2.172854
1.907930
2.675391
3.223824
3.148568
0.943833
2.346987
2.025859
2.243538
1.239807
1.255827
1.209440
1.893470
1.935984
1.793667
1.937042
2.039650
1.389946
1.297891
2.353435
2.035119
2.065453
2.592448
2.292152
2.327814
2.537633
2.329560
2.102445
2.479375
1.840453
1.766213
1.720729
2.272512
2.263588
2.859689
2.997192
3.172006
3.212219
3.212483
2.038145
2.391322
0.984953
2.412669
2.203000
2.355563
1.377008
2.002667
1.560852
1.763810
2.061251
1.617900
2.066809
1.969115
1.653940
2.351556
2.441507
2.519421
2.630112
2.474532
2.399411
2.429266
2.390306
2.626341
2.604325
1.776783
2.346447
2.544564
2.097878
2.052555
1.965319
2.096123
1.984012
2.308001
3.379571
2.727602
2.899460
1.919606
2.100666
2.190792
2.096811
3.170674
3.166759
2.042743
1.037792
1.023356
2.584383
1.881858
1.740331
1.520412
1.504287
2.081186
1.972434
1.859658
2.333373
2.197441
2.247104
1.454829
2.303647
2.581374
2.493035
2.639668
2.577027
2.716772
2.686959
2.547226
2.665280
2.543523
0.778800
0.835376
2.292607
2.658196
2.773970
2.629884
2.174074
2.793067
3.229161
2.882658
2.443928
2.598788
3.221163
3.130927
3.131702
2.882399
2.161310
2.611163
2.082049
2.022056
2.039180
1.589438
2.080434
1.974846
1.981138
1.932867
1.854913
1.495567
2.122679
1.952620
2.370523
2.052839
2.485255
2.346716
2.592506
2.697088
2.487563
1.137179
2.515868
2.266067
2.255642
2.303895
2.315039
2.160180
2.067230
2.619664
2.581254
1.601674
2.113127
2.258082
2.940121
2.477992
3.371063
2.314465
3.255318
2.108167
2.383540
3.183629
3.069660
2.660119
1.186900
0.743967
2.153968
2.323892
1.706175
2.099229
1.690672
2.023637
2.165684
1.769243
1.203823
1.500150
1.873400
1.564762
1.624154
2.171396
2.176596
1.549692
2.138531
2.666568
2.633100
2.585646
2.578799
2.677230
2.111832
1.956762
2.033234
1.978094
2.029019
2.666936
2.533629
2.493752
2.088883
2.920556
2.765903
2.960560
2.974122
2.328122
3.135906
3.255411
2.526035
3.128419
2.622524
2.198057
1.192469
1.249321
1.760211
1.918811
1.676986
1.421475
1.987477
1.619289
1.645407
1.665968
1.598639
1.814355
1.555263
2.259927
2.182133
2.555873
2.548954
2.623970
0.905509
2.046301
2.656329
2.649167
2.670563
1.823414
2.106437
2.140319
1.863954
2.766052
2.455314
2.382232
2.763124
2.759384
2.833560
3.294393
2.428527
2.405860
2.962177
2.485199
2.352293
2.295902
2.160609
1.032120
1.085775
2.080749
2.074819
2.146564
1.966262
2.087711
1.928979
1.718166
1.118987
1.250321
1.400826
1.330494
1.578169
2.008823
2.074856
1.933409
1.946044
2.096343
2.045360
2.324412
2.349730
1.782462
2.466691
2.058296
2.009017
1.960136
1.912940
1.949696
1.852021
1.936049
2.136442
1.992621
2.180548
2.396481
2.556046
2.467037
2.540869
2.317287
2.257892
2.828562
2.455975
2.499404
2.624066
2.978030
3.181042
3.191662
2.357648
3.191474
3.129296
2.953649
2.636143
2.419079
2.143621
1.254863
1.357249
1.165622
1.213747
1.363168
1.501317
1.313747
1.313706
1.845362
2.073220
1.606824
2.424967
1.324964
1.232657
2.577958
2.627363
1.953899
1.920949
1.041803
2.085931
0.905973
1.742028
2.388702
2.512476
2.602419
2.552773
2.313425
2.497093
2.461243
2.670790
3.180105
2.480915
2.456991
3.183629
2.947836
3.101522
2.730732
2.535029
2.262624
1.134165
1.099338
1.115149
2.405696
1.042255
1.961887
2.021320
1.458507
1.706175
1.284712
1.284712
1.466529
1.382314
1.770599
2.046787
2.028364
2.057500
1.869231
2.149701
1.427605
1.472670
2.484062
2.494884
2.113782
1.895169
2.617689
2.387605
2.345041
2.531163
2.322390
3.056592
3.023367
3.115113
2.952039
3.093337
2.349420
2.074819
1.936982
1.961919
0.998455
1.187961
2.058845
1.437711
1.568488
1.721658
1.785233
1.894421
1.738286
1.780591
1.948827
1.769719
2.238482
2.252549
2.623539
2.570549
2.557381
1.033752
2.092787
0.846011
0.868145
2.243960
2.669575
2.304076
2.748955
2.851521
3.070446
3.047459
2.347654
3.066706
2.953928
1.031378
2.445048
0.984078
2.085714
2.337547
2.012969
1.883454
1.957240
1.952067
1.674995
1.421631
1.652102
1.721658
1.637955
2.089934
2.159323
1.847568
1.812263
1.783990
1.909337
1.916591
1.999698
2.575768
2.047808
1.763432
2.263896
2.295620
2.296397
1.349625
1.147348
0.979694
1.916645
1.794326
2.397369
2.522095
2.265300
1.808727
2.701507
2.756870
2.715933
2.511986
2.941409
2.734893
3.111363
2.661476
2.450531
1.028466
1.093783
2.122287
1.045480
2.393315
1.929271
0.981931
0.450660
0.611913
2.046641
1.980527
1.325403
1.724789
1.616083
1.663549
1.615324
1.505559
2.267268
2.371932
1.900707
2.172836
1.814513
1.948315
2.045117
1.949388
0.967009
1.820510
2.308015
2.090424
2.144500
2.083300
2.272934
2.617872
2.495795
3.012604
2.455331
2.784155
2.871543
2.432110
1.164683
1.094584
1.043932
2.026125
1.150829
0.879491
1.004966
2.155013
0.871542
1.595500
1.789589
1.879954
1.541253
1.379164
1.689042
1.877218
1.656607
1.597054
1.615312
1.921779
2.268363
2.038672
2.545713
1.726070
1.910367
2.038709
1.397481
1.291862
2.760475
2.738279
0.747807
2.671718
2.672660
1.881565
1.986547
2.231733
2.120453
2.031503
1.760043
1.929552
1.855965
1.779035
2.521420
2.415402
2.807930
2.840691
2.712059
2.810314
2.382642
3.030058
3.036163
1.025917
0.991300
0.977691
0.991300
1.001075
2.334578
0.985855
2.224195
2.175376
2.307021
2.072663
1.252867
1.214596
0.825060
0.585128
1.572838
1.954062
1.925341
1.460629
1.728908
1.525761
1.755173
2.297305
2.374742
2.406890
1.533879
2.661087
1.949672
2.678479
1.808146
0.830206
2.678479
2.787747
0.755857
2.738279
2.665237
2.649167
2.397233
2.217757
2.402245
2.377791
2.639923
2.744925
2.535131
2.400070
2.733657
3.088803
2.326412
2.755850
2.438826
2.460467
2.953843
3.028603
2.945253
2.961128
2.879509
2.492119
1.073980
2.306207
1.093364
1.261972
1.168403
0.949145
0.988598
2.231261
2.439206
2.451418
0.857843
0.946131
0.862414
0.675678
0.548014
1.353817
1.540573
1.622073
1.781376
1.945535
1.485920
1.650648
1.582298
2.050013
2.406890
2.325284
1.956285
1.816754
1.875027
1.777259
1.715915
1.728510
2.537571
1.955125
2.700273
2.787747
2.676304
0.936125
0.789548
2.513982
2.426438
2.669593
2.512754
2.121770
2.097516
2.579514
2.416883
2.471145
2.121350
2.227639
2.634024
2.549564
2.613727
2.548583
2.273493
2.425751
2.304788
2.896264
2.163339
2.894826
2.283269
2.841525
2.875496
2.388726
2.106433
2.109564
0.891377
0.572549
1.238552
2.355951
1.648596
1.287929
1.394639
1.526843
2.027920
1.836417
1.720612
2.214800
1.728322
2.214401
1.658327
1.856011
0.914355
1.160728
1.182640
2.456776
1.779624
2.597720
2.561579
2.574918
2.339026
0.926524
0.747677
2.163069
2.370880
1.951093
1.952029
2.497504
2.264535
2.851821
2.566575
2.679913
2.980956
2.643118
0.983971
2.434224
1.214475
2.322461
2.451418
0.629056
2.126780
1.890320
1.924269
1.875383
1.280271
1.443739
1.267311
1.599220
1.556468
2.372474
1.870477
1.935250
2.289318
1.925285
1.629707
1.452156
1.974112
1.742037
2.537571
2.027136
1.898515
2.405365
1.909325
2.146778
2.590264
2.246861
2.265372
1.659419
1.839642
1.985696
1.974045
2.075659
2.073996
1.937122
1.978561
1.922462
0.862053
0.672699
2.069312
2.249163
2.252841
2.364962
2.295782
2.197532
2.786153
2.709638
2.925949
2.477317
2.627939
2.678318
0.970012
0.847444
1.225428
1.267963
1.290549
1.323018
1.263415
1.395384
1.551383
1.317410
1.830506
1.683191
1.764973
1.945389
2.086535
1.883364
1.914965
1.797112
1.805797
2.046815
1.968736
1.932780
1.756342
1.652607
1.926184
2.223558
1.641453
1.630250
2.164137
1.428796
1.259457
2.351347
2.675703
0.950212
2.342051
2.339026
2.394040
2.394040
2.211678
2.589899
2.177475
2.230084
2.167610
2.689556
2.155433
2.420619
2.851874
2.747513
2.806986
2.895506
2.811256
2.358784
1.261972
0.670513
0.745763
2.101726
1.989566
2.180966
1.306483
1.642172
1.798087
1.780041
1.863765
1.371580
1.814468
1.886232
1.680293
1.688505
2.077348
1.718164
1.975873
1.992525
1.792990
1.739716
1.459448
2.207256
1.862638
2.456558
2.387316
2.110545
2.009256
2.072069
2.194815
0.747787
0.749766
1.948995
2.079822
2.154987
0.783316
2.308873
2.263750
0.573312
2.207820
2.723027
2.753695
2.729439
2.424993
2.620003
2.850152
2.862262
2.778008
2.489878
0.983598
1.013350
1.958739
1.262027
0.762087
1.223136
2.199239
1.650528
1.852121
2.047455
2.149700
1.870003
1.834557
2.151447
1.287406
2.197686
1.377383
1.911947
1.133005
1.734133
2.501114
2.260544
1.943521
1.952029
1.938530
2.195658
2.271588
2.049476
0.546303
0.677347
2.280864
2.226897
2.257423
2.526499
2.352602
2.513755
2.248481
2.954829
2.886445
2.380218
2.744416
0.949791
0.848935
0.934037
0.864966
0.963900
0.528027
2.180244
2.279645
2.074800
1.786906
1.929315
1.761291
1.681838
1.336679
1.367127
1.214967
1.291746
1.211472
1.686748
1.449801
1.798227
1.810904
1.633579
1.665453
1.569031
1.800998
1.707635
1.947313
1.669964
2.137398
1.987049
1.315204
1.847098
2.151187
2.112500
1.973620
0.654216
0.765983
2.292437
2.360925
2.138752
2.328861
2.368967
2.521714
2.473454
2.712511
2.369913
2.341312
2.853119
2.904712
0.839073
0.910292
2.483006
2.390738
0.960770
0.738736
0.605729
0.603676
2.011495
1.021894
1.094357
1.982989
1.691078
1.352222
1.211166
1.507772
1.559518
1.923320
1.836948
2.079658
1.573720
2.155137
2.151888
2.226917
1.226194
1.975819
2.028775
1.853916
2.123377
1.874200
2.054404
2.230209
2.118402
0.890369
2.093518
2.265679
2.159424
2.192319
2.303393
0.598450
2.668506
2.756967
2.438350
2.423524
2.607424
2.873856
2.853119
0.773112
1.072127
2.141456
1.198947
2.171478
2.287260
1.211136
1.274406
1.952279
1.793242
1.454717
1.388338
1.385961
1.729948
1.559865
1.715858
1.618124
1.768177
1.797204
2.037056
2.099351
1.276344
1.398065
1.840496
2.097135
2.145837
2.106730
2.113469
2.029037
2.451372
1.835697
1.965940
1.940807
1.767658
1.673733
2.143685
1.995628
2.134358
2.071386
1.838637
2.120716
0.827450
2.342932
2.452622
2.402797
0.662608
0.626923
2.303989
2.210079
2.271487
2.568925
2.651358
2.435241
2.517263
2.271795
2.323444
2.897785
2.671045
0.909872
0.661859
1.223316
1.956744
1.728958
1.711380
1.509014
1.243895
1.684194
1.301060
1.450031
1.500047
1.428563
1.619892
1.782590
1.829499
1.617356
1.696669
2.024974
2.015414
1.848994
1.751902
1.629269
2.039277
2.153295
2.176539
2.148822
1.698582
2.001110
1.118357
1.982130
2.063379
1.882069
1.934685
2.067676
0.986595
2.054897
2.189926
2.104923
2.274094
2.309304
2.348538
2.293548
2.521396
2.391482
2.415655
2.444609
2.707588
2.499405
0.824947
1.071836
1.758038
1.398128
1.291653
1.213096
1.577099
1.682981
1.382814
1.726125
1.675895
1.541479
1.421631
1.855219
1.789296
2.051334
2.138166
2.149686
2.137237
2.007693
2.022779
1.955603
1.991879
1.812951
1.871546
1.895681
1.731540
1.895647
1.664349
1.234297
1.729141
1.757626
2.046500
1.804255
1.884382
1.900254
1.109740
1.953054
1.949375
1.745708
2.024672
2.103377
1.083114
2.093214
2.273272
2.207605
2.158280
2.313955
0.722508
2.466597
2.289181
2.614887
0.614420
2.228940
2.703139
2.277556
2.375621
2.220803
2.553249
0.907476
2.628641
2.169527
0.713730
2.201315
0.955145
2.015029
1.961201
1.635826
1.523890
1.355356
1.779387
1.824312
1.851358
2.029616
2.104280
2.063821
2.152803
2.116961
1.876524
1.756600
1.780441
1.720122
1.497321
1.997793
2.153790
1.267413
1.903556
1.943695
2.049486
2.040059
1.966213
2.083014
2.013411
1.972303
1.847811
1.157972
1.910008
1.827347
1.835965
2.139676
0.901099
2.122059
0.703493
2.333342
2.320731
2.236337
2.607004
2.489634
2.364725
2.612496
2.773880
2.455418
0.918028
2.468213
2.427598
1.000923
2.039748
2.249220
2.052784
1.264169
1.332056
1.579675
1.221420
1.595974
1.460768
1.797748
2.161129
1.628601
1.321297
1.817293
1.935320
1.865118
2.029382
2.149756
1.972156
2.058032
1.899319
1.731460
1.831126
2.025894
1.815145
1.890156
1.811768
1.104500
1.838345
2.063632
2.167207
0.610088
2.327223
2.364408
2.614749
2.760058
2.231368
2.410557
1.554039
1.300101
1.475228
0.990119
2.175430
2.032307
1.890936
1.898575
1.939653
2.127110
1.905655
1.976899
1.837581
1.308612
1.445929
1.521426
1.362849
1.355356
1.502679
1.227589
1.651748
1.799289
1.870632
1.758823
1.808124
1.445091
1.557647
2.010516
1.508232
2.062946
1.772448
1.250617
1.933248
1.982145
1.199752
2.053594
1.868426
2.082244
2.214748
2.157494
1.028291
1.020614
2.005801
1.855201
2.179343
2.035538
2.278077
2.108129
0.609516
2.231889
2.386935
2.529494
2.606046
2.268426
1.032141
1.159986
2.406676
2.247777
0.883387
0.969734
0.577505
0.548524
0.643365
1.138099
1.210224
1.137014
2.147419
1.610733
1.213910
1.211931
1.513753
1.582641
1.605489
1.649044
1.243421
1.689229
1.689229
1.529556
1.980516
1.298500
1.904617
1.982342
1.924392
2.096276
1.325943
1.866971
1.839408
1.734038
1.770393
1.851149
1.787199
1.927540
1.908437
1.896945
1.138153
2.054801
1.776987
1.828855
0.950860
1.951691
2.133311
2.104242
2.182105
2.280325
2.307863
2.199795
2.185812
2.251635
2.262461
2.422161
2.258211
2.207859
2.227453
2.160659
1.980196
2.353375
1.284258
1.180937
0.994666
2.498899
0.521278
2.630072
0.947867
1.206100
1.045213
1.447117
1.264783
1.264783
1.144688
1.270972
1.787689
1.945283
1.784626
1.755602
1.781632
0.976229
2.069254
2.122495
2.194932
2.066579
0.801099
2.135647
2.164989
2.158384
2.207859
2.195093
1.988758
0.625564
0.730370
2.231968
1.276660
1.143027
2.302764
2.373292
1.047191
0.590061
0.652933
0.811147
0.700291
1.100386
1.201143
1.974908
1.866964
1.833478
1.507024
1.445976
1.185981
1.423018
1.302770
1.799828
1.350190
1.284562
1.095876
1.706718
1.704282
1.740033
1.928885
1.856324
2.167858
2.131912
2.146124
1.275420
2.210745
2.275913
2.174066
2.234741
2.144971
2.127256
2.261194
0.690030
1.118601
0.799671
1.621967
1.308394
1.423524
2.166369
1.724305
1.078240
0.996037
0.686205
2.225864
1.097670
0.741968
0.884037
1.229394
0.908958
2.182131
1.869686
1.314759
1.301899
1.778309
1.268332
1.114549
1.824466
1.775838
1.741261
1.750804
0.971991
1.837055
1.809981
1.681968
1.857258
1.818250
2.013315
2.181236
1.500958
1.225516
2.211932
2.133806
2.096154
2.119105
0.851091
2.165002
0.744489
2.179314
2.241772
2.030122
1.942451
2.231159
1.370170
1.748130
1.844942
2.031465
2.081227
1.704555
1.307226
1.333542
1.394305
1.224357
1.256716
1.317903
1.274423
1.784995
1.654981
1.595541
1.779740
1.272894
1.160170
1.678133
1.707432
1.034423
1.172570
1.692305
1.722479
1.795808
1.939365
1.875190
1.854303
0.827043
0.921209
0.895247
2.208256
1.351351
1.324264
1.975178
2.159663
1.996302
2.120737
2.024003
1.185530
2.227253
1.735813
1.713971
1.577826
2.249461
1.686419
2.151410
1.318106
2.042134
1.290297
1.447045
1.364971
1.423253
1.396206
1.601617
1.616472
1.625737
1.828806
1.779117
1.856140
0.970529
0.936433
1.991120
1.725721
2.061558
0.842624
1.328373
1.967141
1.008245
1.465357
1.154509
2.113375
1.335748
0.910670
2.057684
0.928626
1.161703
2.054846
1.368874
1.202669
1.850353
1.507585
1.368000
1.866824
2.178564
1.367825
1.644303
1.596648
1.445983
1.194413
1.084212
1.427221
1.300657
1.290461
1.296135
1.302246
1.589558
1.568323
0.987308
1.805803
1.673159
1.793557
1.715352
1.851252
1.756943
1.164127
1.618703
1.452938
1.916210
2.134428
1.046209
1.491132
1.553208
1.414901
1.982455
1.488159
2.088109
1.977050
1.695701
1.461437
1.835633
1.435654
1.682629
1.711242
1.395297
1.679236
1.142836
1.325283
1.516395
1.253836
1.397234
1.309590
1.201225
1.266687
1.275129
1.345860
1.078957
1.141919
1.366976
1.454257
1.317574
1.201054
1.102585
1.176941
1.374869
1.043463
0.962629
1.826005
2.065495
1.753274
1.535760
1.614552
1.623654
1.959954
2.059631
1.574024
1.540838
1.495062
2.275388
2.167013
1.558813
1.958273
1.512490
1.694880
1.449036
1.483761
1.481486
1.106932
1.060938
1.187049
1.454853
1.197482
1.161788
1.372402
1.456349
1.346291
1.330280
1.481013
1.407155
1.331290
1.253872
1.485015
1.351801
1.317574
1.293290
1.318428
1.303732
1.119527
1.150330
1.337255
1.087591
1.155873
1.772367
1.841971
1.989269
1.857992
2.088667
1.955408
2.059387
2.005168
1.930003
1.909109
1.233800
1.260108
1.247766
1.243207
1.767559
1.652523
1.526526
1.952535
1.707868
1.927458
1.824059
1.614152
1.867243
1.853779
1.911096
1.631752
1.821032
1.029552
1.198837
1.598868
1.735436
1.867835
1.684053
1.733460
1.634083
1.458074
1.975513
1.793383
1.557127
1.453471
1.283351
1.317818
1.565230
1.877216
1.849824
1.583704
1.765778
1.725305
1.500709
1.738016
1.678584
1.349292
1.632270
1.344967
1.357672
1.336787
1.378240
1.732677
1.609283
1.567658
1.402238
1.613911
1.609258
1.221879
1.298566
1.591446
1.631414
1.617031
1.637700
1.604041
1.414294
1.313911
1.786820
1.365159
1.328538
1.411303
1.605824
1.551020
1.635873
1.452750
1.473238
1.303797
0.830487
0.815226
0.698536
0.787499
0.760822
0.782371
3.154741
3.109097
2.665658
2.148072
2.047510
2.066021
2.347468
2.255319
2.326718
2.408314
3.029756
2.405558
2.628895
2.739319
