7522 1 3
1.880893
1.688664
1.582507
1.922896
1.931720
1.807967
1.880287
2.003953
2.098741
2.017847
2.010618
2.108256
1.976892
2.134428
2.009157
2.013504
2.172105
2.025505
2.023442
2.133538
2.082852
1.505708
1.887125
1.686402
2.016568
1.963436
1.882449
2.020543
2.085599
1.994187
2.105481
2.098723
2.068561
1.691952
1.492768
1.836467
1.824833
2.196973
1.949234
1.846503
1.965177
2.240974
2.200666
2.033520
2.088122
1.878516
1.384214
1.550619
2.017988
2.099647
1.790527
2.093252
2.212026
2.080323
2.276279
2.374296
2.102071
2.094303
2.099058
2.149819
2.049542
1.968835
1.625858
1.431032
1.861591
1.940782
2.023677
2.248873
1.663737
2.041392
2.448849
2.119380
2.337163
2.199625
2.083586
2.129880
2.193522
2.188400
2.156029
2.337586
2.369339
2.317059
2.259944
2.194812
2.372982
1.984053
1.935382
1.966219
2.356879
2.317593
2.299906
2.283917
1.942408
2.000934
1.871665
1.421024
1.604473
2.168488
2.389019
2.177015
2.160012
2.234373
2.190395
2.236019
2.469949
2.070230
2.269228
2.198740
2.149569
2.070610
2.555690
1.930544
2.003422
1.880566
1.868256
2.330619
2.072955
1.864730
1.811566
2.387480
2.327676
2.235112
2.025370
1.881200
1.783377
1.563210
1.470636
1.450104
1.544768
1.456852
1.594508
2.205967
1.812085
2.136324
1.948260
2.412380
1.787324
2.564309
1.937062
2.525591
2.351550
2.660090
2.195364
2.183639
2.249308
1.980116
2.288398
2.230891
2.309150
2.164143
2.515453
2.357460
2.127240
1.802705
2.434893
2.604953
2.366443
2.252670
2.433050
2.445771
2.265730
2.397983
1.826695
1.820128
1.904283
2.056622
2.105676
1.494018
1.810416
1.884971
2.264341
2.084363
2.116479
1.574373
1.814946
1.803716
1.804257
1.895429
2.226202
1.651102
2.438662
2.196946
2.050615
2.063694
1.918977
2.391213
2.277146
2.207457
2.459837
2.573461
2.339883
2.508055
2.214444
2.489691
2.603306
2.571931
2.137144
2.582251
2.507771
2.385998
2.590130
2.383509
2.579226
2.013975
2.210534
2.386652
2.488158
1.827470
1.567932
1.575285
1.696159
1.473463
1.611928
2.033571
1.650988
2.373588
2.300282
2.065497
2.188400
1.765828
1.954925
2.737828
2.219536
1.961851
2.252672
2.647915
2.734100
2.662999
2.649060
2.435297
2.520816
2.294902
2.357212
1.836694
2.335773
2.118569
2.464163
1.910962
1.435899
1.384653
1.705685
1.839522
1.418169
2.251518
2.311394
2.068001
1.738861
2.180504
1.762708
2.810164
1.921917
2.330491
1.788888
2.330268
2.252943
2.450316
2.649060
1.873602
2.368074
2.390598
2.489098
2.676279
2.384803
2.514512
1.845582
2.380021
1.785602
1.861508
2.336290
2.439675
1.805434
1.987883
2.087794
1.934471
1.990493
1.835882
1.484681
1.503392
1.464974
1.420446
1.332898
1.903825
1.741490
1.979578
1.467473
1.480284
1.919852
2.225704
1.572810
2.292733
2.345151
2.474524
2.276800
2.531498
2.209445
2.158624
1.950707
2.716659
2.399931
2.400783
2.677418
2.163298
2.744283
2.534263
2.723400
2.665420
2.477606
2.522633
2.373663
2.619254
2.451290
2.521438
2.675870
2.253017
1.879714
1.834267
1.379864
1.393587
1.582573
1.485698
1.439489
2.032123
1.746044
2.305179
1.815402
2.817937
2.687771
2.454579
2.867922
2.085415
2.555895
2.756697
2.656355
2.429293
2.022741
2.035504
1.855512
2.475895
2.623010
2.571643
2.479739
2.455827
2.650832
2.373709
2.318390
2.376639
2.202345
1.932413
1.947974
1.978144
1.335470
1.337664
1.910802
1.967238
2.292012
2.288780
2.233373
1.805463
2.693890
2.511477
2.395365
2.408879
2.741311
2.541600
2.541600
2.402174
2.623408
2.408325
2.521236
2.491035
2.067391
2.148537
2.837283
2.374390
2.090822
2.315038
2.785108
2.446185
2.438486
2.783490
2.500101
2.371045
2.677955
2.650848
2.766073
2.416982
2.559067
2.431884
2.404174
2.314766
2.203749
2.093480
2.499274
2.233246
1.851780
2.013939
1.808739
1.888320
1.967565
1.633318
1.695119
1.794510
2.124791
2.113473
2.097727
2.105728
2.327078
2.140958
2.028359
2.350129
2.557209
2.778291
2.252721
2.309262
2.400783
1.876625
2.435479
2.965827
2.442471
2.958364
2.941430
2.852217
2.949383
2.791892
3.005396
2.458816
2.402081
1.957816
2.420824
2.130797
2.123421
2.355571
2.317556
2.353171
2.354855
2.323967
2.066811
1.814141
1.434316
1.947608
2.198179
2.160700
1.597185
1.925476
1.720368
2.561178
2.015543
2.657803
1.816392
1.750489
1.868090
2.544823
2.571060
2.585497
2.962555
2.943022
2.129509
2.072100
2.489831
2.838645
2.862756
2.655550
2.847929
2.623727
2.754968
2.125184
2.700366
3.059227
2.765281
2.512974
1.994041
1.958980
2.606924
2.377820
2.576704
2.589549
2.223058
2.426681
2.378904
2.422651
1.930711
1.851080
2.078646
1.937747
1.333127
1.348172
1.712330
1.479793
2.217222
2.303596
2.349286
1.612008
2.449600
2.081994
2.852742
1.990499
2.560095
2.432824
2.561036
2.739142
2.441403
2.399575
2.376854
3.045563
2.283425
2.487791
2.810235
2.648086
3.104208
2.584088
2.510955
2.538728
2.441363
2.401327
1.959137
2.784046
2.125016
2.735492
2.568747
2.686291
2.417862
2.418160
2.687141
2.380070
2.182611
1.930390
2.371778
2.429010
2.358862
2.170895
2.046347
2.175482
1.459241
1.703471
1.776118
1.273103
1.448333
1.321911
1.944743
1.956840
2.047694
2.172033
2.342497
2.424216
2.160330
2.652894
2.449196
2.261937
2.605429
2.766901
2.553737
2.406826
2.180001
2.541957
2.853871
2.717277
2.928080
2.909531
2.550168
2.834928
2.743174
1.988652
2.641154
2.287721
2.529508
2.475492
2.180543
2.488392
3.040934
2.931334
2.543478
2.052231
2.654643
3.065872
2.384929
2.219687
2.045358
2.830221
2.647877
2.300281
2.358260
2.563625
2.376562
2.580852
2.390859
1.774611
2.227954
2.255151
2.459949
1.743679
2.444399
1.886629
1.979081
2.109087
1.415263
1.375150
2.444826
1.387253
2.222703
2.250797
2.841823
2.168623
1.951902
2.785605
2.642456
2.479362
2.445944
2.673384
2.654554
2.196435
2.992639
2.463515
3.227753
2.731717
2.097318
2.775189
2.827420
2.440969
1.975893
2.414796
2.457920
2.482509
2.665567
1.894211
2.318979
2.388210
2.488266
2.267754
1.996552
2.695808
2.704450
2.443647
2.327738
2.634218
2.396194
1.722569
1.670720
1.609498
1.877003
1.392132
1.290660
1.486866
1.655020
1.630636
1.655824
2.089600
2.380349
2.431757
1.802702
2.141355
2.209513
2.346455
2.340397
2.661870
2.581820
2.108466
2.416378
2.923877
2.909531
2.847755
2.893282
2.773521
2.460476
2.113208
2.009506
2.332798
2.378634
2.707173
2.662568
2.859564
2.475978
3.085819
2.732490
3.135719
2.933288
2.603754
2.499832
2.499467
2.586557
3.227418
2.368990
3.152574
2.678203
2.513398
2.574150
2.599315
2.488121
2.342072
2.601938
1.772036
1.699350
2.072732
1.398293
2.189646
1.918239
2.659591
2.300712
2.255211
2.340186
2.449196
2.668774
2.152780
2.566116
2.417559
2.509285
1.977653
1.956065
2.478296
2.996988
1.947519
2.942268
2.687771
2.793128
2.870359
3.124658
2.350821
3.005860
3.035219
2.448382
2.390555
2.172093
3.201157
2.959754
2.429509
3.050349
2.571614
2.472779
2.575955
2.377199
2.399196
2.584615
2.808199
2.926842
3.010839
2.147952
2.303383
2.306570
1.930390
2.652205
2.348113
2.251557
2.236514
2.258015
2.186609
2.036447
1.384317
1.456498
1.623481
2.358963
2.677191
2.712324
2.524955
2.486310
2.267910
1.722941
2.743354
2.605074
2.799006
2.775212
2.480205
2.413144
2.751481
2.719231
2.923877
2.895552
2.905241
1.934000
2.561252
2.702787
2.241675
2.192513
2.761090
3.024776
2.936546
1.966703
2.868973
2.990851
3.123329
2.931807
3.058916
2.236721
3.139166
3.279869
3.261042
2.841142
3.017126
2.189264
2.976857
2.901694
2.857082
2.957320
2.356057
2.359503
2.107334
2.893050
2.900071
2.972207
2.305403
2.102891
2.268291
2.225113
2.569193
2.404901
2.662306
2.475546
2.413054
2.107673
2.186967
1.892581
1.314284
1.677878
1.883587
1.951220
1.850010
2.490251
2.666721
2.166316
1.822693
2.645174
2.669447
2.527456
2.757933
2.791798
2.329406
2.837548
2.047394
2.463333
2.596360
2.468015
2.912318
3.036452
2.790231
3.039356
3.218332
2.433743
3.245466
2.255754
2.609919
2.925287
2.171857
2.508931
2.165066
3.244256
3.223709
3.096452
2.427662
1.945765
2.616790
2.486606
3.020554
3.048875
2.463613
2.243841
2.298620
2.573002
2.254156
2.924679
2.597704
1.976215
2.299017
2.604957
2.535262
2.570448
2.563654
1.609176
2.106898
1.609614
2.009427
1.404692
1.520007
1.453610
1.663771
2.080239
1.869057
2.184337
1.793640
2.262357
2.725121
2.740375
2.873393
1.884321
2.307192
2.363417
2.986465
2.777104
2.636753
3.124658
3.181799
2.248851
2.970486
2.220199
3.201981
3.170104
3.232800
3.094290
2.211993
2.420387
2.224692
3.293882
3.438645
3.249664
2.807316
2.387690
2.598505
2.618161
2.827815
2.550782
2.431343
3.075691
2.232700
2.634250
2.457231
2.471792
2.374036
2.767384
1.916654
1.671736
2.223498
1.446385
1.683560
1.305153
1.984365
1.586638
2.119661
2.019347
2.578092
2.550035
2.088570
2.176827
2.719748
2.807232
2.856041
2.813211
2.408973
2.384541
2.612879
2.495020
2.531578
3.036452
3.066628
1.987950
2.327857
3.355600
2.226355
2.381426
3.243825
2.740749
2.633985
2.827815
2.730178
2.414854
3.295768
2.792466
2.349108
2.593351
3.112613
3.104082
2.949386
2.946272
2.966467
2.973254
2.685586
2.138550
2.166171
2.660086
2.216390
1.934029
2.472963
2.555413
2.163062
1.865161
1.826056
2.105274
2.235363
1.989168
1.985843
1.488647
1.409067
1.931711
2.099115
1.837687
2.326713
2.454608
2.319151
1.849965
2.400000
2.708760
2.877957
2.564232
2.725217
2.888638
2.508512
2.908286
2.897991
2.131153
2.287857
3.047216
2.925503
2.200835
2.245336
3.189334
3.307091
3.188153
2.437510
2.225231
2.255756
3.292261
3.378806
2.656748
2.497805
2.201634
2.895557
2.762455
3.134900
2.926473
3.112613
2.535936
2.522715
2.747905
2.853842
2.218609
2.733611
2.687307
2.654665
2.760325
2.301625
2.860307
2.595125
2.151611
1.810802
1.755471
1.773458
2.005876
2.033838
2.140704
1.599038
1.702824
2.493786
2.419895
2.799859
2.718298
2.915568
1.829885
1.930967
1.982136
2.688282
2.837749
3.074119
2.712267
2.764885
2.873657
2.447255
2.430850
3.379295
2.511833
2.476986
2.185014
2.169776
2.683136
2.910486
2.657348
2.495396
3.361844
2.468383
2.452498
2.504123
2.285582
2.185021
2.987320
3.463270
3.161308
2.226248
2.554779
3.087639
2.790335
2.537042
2.850040
2.198295
2.089630
2.725274
2.188280
2.453988
2.272858
2.772498
2.306877
1.876792
1.977627
1.941175
2.026854
1.962010
2.130646
2.170549
2.077957
2.053510
1.346743
1.272594
1.761012
1.883758
1.977008
1.851483
1.789675
2.733079
2.356844
2.769880
2.539589
2.994996
2.888740
2.314324
2.709671
2.664210
2.784028
2.589573
2.831868
2.483014
2.582131
3.141131
3.021375
3.035527
2.535446
3.321599
3.323302
2.475004
3.336773
2.246049
2.907414
2.974849
2.568194
2.528531
3.404867
2.913433
2.253089
2.945225
2.849840
2.304725
3.071049
3.224241
2.231521
2.193709
2.653656
2.177852
1.876157
1.913731
1.826056
1.933282
1.938553
1.948958
1.336869
1.946746
1.394863
2.023481
2.060935
1.718225
2.325251
2.236480
2.711832
2.268275
1.948963
2.436364
1.880392
1.825119
2.396429
2.382879
2.900666
2.905314
3.019782
2.684843
3.323460
3.450556
3.357576
3.345714
3.056226
2.583512
2.910486
2.857351
2.575685
3.368381
2.741943
2.654550
2.857087
3.065260
2.874880
3.177910
2.865212
2.842732
2.361217
2.424541
2.237569
1.800479
1.779315
2.048830
2.013040
2.303823
1.922489
2.725038
1.976074
2.044050
1.963553
2.824331
1.879812
2.420130
2.525644
2.403859
1.905645
2.132071
2.579888
2.635350
2.760322
2.733226
2.591276
3.019782
2.972539
2.762160
3.064178
2.928457
2.520606
3.118248
1.964411
3.242317
3.252728
2.505256
2.728590
2.529981
3.034228
2.357191
2.876831
2.640680
2.566597
2.204106
2.209654
3.024064
2.583179
2.333529
2.830933
2.989457
2.245390
2.407800
3.003548
2.747182
2.803276
2.825999
2.977159
2.792816
2.855383
2.949886
2.804749
2.661175
2.889075
1.902381
1.692580
2.080397
2.204687
1.650109
1.780988
1.592441
1.318647
2.043996
1.975186
2.001620
2.251143
2.699633
1.994172
2.099115
2.870884
1.823287
2.933486
2.911812
2.836543
2.420130
2.399371
2.376242
2.540725
2.453897
2.541802
2.546316
2.365925
2.396429
2.607858
2.565838
2.011134
3.224622
2.848974
2.786065
3.108271
2.519960
3.233825
2.236476
3.396065
3.409626
2.725576
2.752791
2.464702
2.490382
2.861765
2.727869
2.531229
3.401316
3.012022
2.961509
2.258831
2.319129
3.232293
3.123085
2.976752
2.439959
2.432338
2.280751
2.118670
2.108220
2.131491
2.763771
2.086681
2.776203
2.842497
2.513809
2.347958
2.485109
2.180051
2.600086
1.870098
1.870553
1.838314
1.916244
1.870851
2.013553
1.679449
1.287348
1.325433
1.320624
1.629830
1.266967
1.939574
1.949461
2.035937
1.991007
2.557840
2.360903
2.418050
2.993786
2.836543
2.431271
2.621151
2.449018
2.163671
2.023855
2.338709
2.558196
2.590827
2.129525
1.962219
2.749329
2.828815
2.469080
2.994653
3.042868
3.263279
3.215983
3.112128
2.781049
2.630379
2.269782
2.557490
3.014023
3.056226
3.063568
2.243266
2.438734
2.478400
2.369203
2.475065
2.360990
3.027776
2.824185
2.650594
2.755009
2.647150
2.218067
2.547927
2.339392
2.615153
2.515602
2.287535
2.211831
2.217287
2.104902
3.173360
2.135428
2.221692
2.998041
2.767517
1.925621
2.041343
2.009073
1.596028
1.771981
1.872003
1.735660
2.040921
2.051438
1.974355
1.865896
2.166749
2.201477
2.276403
2.390592
2.770547
2.878685
2.871968
2.992402
3.011036
2.599185
2.329554
1.844484
2.477579
2.566976
2.617461
1.969794
3.016916
2.475444
2.902384
3.138708
3.311585
3.355676
1.925549
2.612315
3.388734
3.386054
3.016634
2.732020
2.376835
2.471001
2.521952
2.313228
3.249144
3.102089
2.663660
2.722106
2.926703
3.074996
3.012022
3.349855
3.110847
2.725776
2.771386
2.643979
2.305541
3.259785
3.209164
3.204968
3.115278
3.045006
2.744756
2.908929
2.319235
2.300501
2.903042
2.192557
3.154501
2.905168
2.659181
2.237921
2.197507
2.653191
2.097773
2.203381
1.753605
1.973585
1.941243
1.669472
1.560144
1.626204
1.634425
1.630803
1.800689
1.449504
1.484836
1.387648
2.002461
2.149496
1.528663
1.803198
2.282297
2.516742
2.377948
2.973667
2.371654
2.327976
2.857389
2.787333
2.932584
1.818317
2.390689
2.468235
2.466939
2.635656
1.989993
2.677701
2.895188
3.117443
3.251110
3.343125
2.523046
2.644739
3.439556
2.926452
2.734219
2.378088
2.939935
2.505207
2.594354
2.367036
3.056290
2.505679
3.074056
2.857263
2.627334
2.640579
2.298252
2.978747
3.157557
3.408540
3.074996
2.775615
2.479691
2.684193
2.227376
2.059267
2.100505
2.196808
2.172153
2.617733
3.002885
2.646631
2.722529
1.947005
1.817298
1.780366
2.312397
2.119298
1.905955
1.946501
2.101416
1.984131
2.048202
1.985729
2.118178
2.101274
1.557960
1.406717
2.027595
2.029751
1.926629
1.810197
1.787397
2.152336
2.246623
2.427931
2.295147
2.599827
2.373815
1.690654
1.635365
1.922452
2.844044
1.847457
1.823992
2.765070
2.514311
3.196367
2.809597
2.369905
2.572759
2.990766
2.412284
2.456441
3.042349
2.998921
2.406108
3.238555
2.425004
2.886121
2.957170
2.319011
2.980574
2.998393
3.223367
3.035210
3.046264
2.367481
2.336484
2.913125
2.768610
3.042042
2.581208
2.273374
3.288885
1.935950
1.871122
1.764252
2.033029
1.880749
1.557542
1.568443
1.538540
1.747042
2.094370
1.638405
1.273738
1.964747
2.069921
2.024836
2.135200
2.108380
2.215813
2.364724
2.613177
2.686974
2.648246
2.515570
1.786034
1.808227
2.512873
2.641253
2.950137
3.184060
3.079320
3.174964
3.298985
2.079593
2.692547
2.322031
2.563392
2.981598
2.242368
2.239051
2.543749
2.439672
2.557695
3.090429
3.163985
2.579034
2.609462
3.358520
2.961643
2.517178
2.487927
2.490034
2.320553
2.530491
2.663660
2.305803
2.325001
2.720028
3.062514
3.156189
2.600112
2.632761
2.623428
2.474955
2.447157
2.922484
2.375788
2.153856
2.399808
3.173360
2.236392
2.155824
2.193788
2.832341
2.264630
2.099534
2.343582
2.636005
2.151191
2.432635
2.616208
2.152204
2.534070
1.901294
2.017970
1.971218
1.549971
1.553314
1.782018
2.192734
1.848335
1.749094
1.768910
2.338130
2.413141
2.354358
2.380634
2.418347
2.494588
2.942282
2.700350
2.823193
2.560379
2.477846
3.011036
2.955016
2.387595
2.410516
2.669206
2.926863
1.668767
1.744080
3.089608
3.370583
2.028485
2.324136
3.369562
2.665631
2.139401
2.717417
2.917341
2.979013
2.561103
2.589586
3.263933
3.281225
3.387351
3.248161
2.977502
2.404361
2.683396
2.674125
3.423813
3.349380
3.380928
2.362412
2.753408
2.935093
2.883779
2.307143
3.122200
3.324111
2.466248
2.203852
2.219618
2.432250
2.254964
2.297057
2.263227
1.901127
1.973706
2.537381
1.538237
1.633436
1.977512
1.702405
1.542359
1.367938
1.733145
1.998014
1.976559
1.585323
1.402792
2.167278
2.146663
2.006085
2.347677
1.728925
2.489306
2.829036
2.470895
2.464174
2.549659
2.478380
2.942480
1.652481
2.361096
1.606058
1.734442
2.890463
2.983534
2.567843
1.991905
3.307180
3.174964
2.699954
2.746807
2.869319
2.937304
2.652700
2.061852
2.194169
2.386682
2.128879
2.155240
2.438169
3.145471
2.934151
3.169507
2.926679
2.678198
2.790549
2.401151
2.621121
3.017240
2.121561
2.462646
2.294797
2.461439
1.994946
1.889232
1.866422
1.740772
2.190278
1.765721
2.033588
1.679597
1.582245
1.558572
1.834286
1.804893
1.499238
1.368236
1.659266
1.881288
1.339188
2.157378
2.064323
2.273182
2.294566
2.197584
2.589450
2.775659
2.760594
1.799459
2.589450
2.498473
2.355565
1.804387
2.382951
1.600916
2.646973
2.063685
2.088739
2.784031
2.939265
3.085053
3.119330
3.237356
3.234518
3.314314
2.682315
2.035684
2.802495
1.877422
2.818956
2.573631
2.551036
1.940230
3.135293
3.213050
3.348184
3.340460
3.297777
3.448020
2.579034
3.216702
3.265314
3.324026
2.343562
3.139395
2.608000
3.085889
2.854113
2.776540
3.103027
2.189412
2.272970
2.425960
2.482695
2.548991
2.365383
2.976977
2.893257
3.152171
2.336455
2.965304
2.227897
2.456986
2.864178
2.836081
2.012131
1.985803
2.188593
2.287205
2.043580
1.979838
2.278053
1.517377
1.431090
1.581397
2.169269
2.015547
2.316690
2.068815
2.276168
2.723029
2.444122
2.617020
2.596100
2.185347
2.459263
2.079589
2.768018
2.834156
2.708022
2.805574
2.603054
1.804646
3.037055
3.086492
1.677683
3.306883
3.354198
2.464685
2.963668
1.716393
1.965232
2.513844
3.400848
2.223735
2.343887
2.584862
3.085889
2.028381
2.321855
2.713386
2.245314
3.326695
3.136625
3.132473
3.324724
2.587931
3.029781
3.118190
3.086477
2.375788
2.287050
3.324111
3.370809
2.738340
2.218077
2.143685
2.483716
2.348055
2.384708
2.004052
2.436351
2.576179
2.669832
2.223318
1.806364
1.939748
1.593533
2.006618
2.109166
1.941213
1.789219
1.682876
1.608759
1.621660
1.370902
1.370242
1.428919
2.175631
2.228165
2.004397
2.299071
2.315127
2.617625
2.559996
2.560379
2.475037
1.269673
1.666526
2.618065
2.690621
1.935963
2.345278
1.902412
3.252553
3.220568
2.285230
2.909480
2.753376
2.609395
2.859410
2.459966
2.083077
3.121262
2.991728
2.988687
3.014870
2.605613
2.929879
2.788508
2.760339
2.784583
3.156021
3.245861
2.994317
3.046801
3.187010
2.109795
2.032712
2.187527
3.281562
2.189816
2.025181
2.999573
2.452154
2.264442
2.422661
2.394915
2.013294
1.962306
1.832913
2.223318
2.576179
2.309023
2.436351
1.953403
2.509010
1.558577
1.767039
1.817607
1.502980
1.798491
1.618124
2.210462
2.344283
2.188319
2.951381
2.417046
2.384533
2.469119
2.848947
2.755526
2.879414
2.687730
2.559814
2.668356
2.380823
1.931000
2.186316
2.006412
3.064157
3.095116
3.124593
1.665880
3.170048
1.756052
1.627265
3.264140
3.219950
2.634177
2.464685
1.401021
1.705448
2.605569
2.506279
3.342714
1.985998
3.365663
2.005447
2.755939
2.966611
2.925256
2.790798
2.790753
2.677109
2.414358
2.431732
2.406574
2.496686
2.488335
2.435081
3.159430
3.000156
2.226084
3.228845
2.218163
2.178500
2.415170
2.081435
2.486682
2.669832
2.353037
1.832262
1.876336
2.197492
1.529093
1.556869
1.785841
2.027268
1.831451
1.365551
1.490907
1.509866
1.388323
1.480379
2.202511
2.357185
2.111064
2.283791
2.261675
2.309998
2.329554
2.331383
2.254715
2.617020
2.595569
2.754242
2.404154
3.055815
3.082644
3.113777
1.637240
2.744864
3.236075
1.807492
1.781553
1.756398
2.805794
2.552238
1.709566
2.051845
2.631262
2.822545
2.116127
3.024729
3.011627
2.925256
2.818516
2.651777
3.362448
2.380918
2.313469
3.392894
2.161163
1.983870
2.343062
2.959784
1.842517
2.334127
2.363119
2.450497
2.449091
2.242913
2.120168
1.549006
1.565423
1.430264
1.746521
1.800650
1.757699
1.597505
2.003855
2.111813
2.369315
2.077266
2.045079
1.668399
2.855138
2.720162
2.850624
2.767067
2.618702
2.662905
2.757910
3.136239
1.498590
2.917444
2.686911
2.636920
2.620415
2.633343
3.282804
3.427189
1.920547
3.118720
3.230025
2.552743
2.660507
2.075752
2.597535
2.456719
2.508168
2.582367
2.678870
2.509132
3.228890
3.335840
2.859801
2.823389
1.952423
1.809169
1.905894
2.321115
2.055051
2.171644
1.646247
1.410169
1.512217
1.463491
1.472768
1.678418
1.351543
1.888230
1.668507
1.521190
1.563160
1.589969
1.553347
2.329554
2.093915
2.030278
2.186057
2.313030
2.640665
2.497332
2.514065
2.656682
2.809952
2.478210
1.565684
2.963743
3.087503
1.536522
1.283717
3.128323
3.123176
3.082644
2.960290
1.609546
2.485760
2.417339
3.252911
3.204295
1.858942
2.617599
2.838861
2.816051
2.485791
3.309293
3.156471
3.162883
2.085394
2.226325
2.337837
2.264829
2.472333
2.334772
2.106345
2.162197
1.867005
1.518883
1.986867
1.757575
1.470192
1.480462
1.477683
1.310551
1.396657
1.519261
1.368590
1.564624
1.605243
1.801689
1.871720
1.834208
1.830089
1.723714
1.841081
1.915785
1.991046
2.364067
2.501620
1.628663
2.272958
2.174620
2.782670
2.776895
2.827649
2.844516
2.826604
2.557881
2.631996
1.857385
1.759775
2.860337
3.057341
2.998162
1.977121
3.105275
3.109005
3.098943
1.559946
1.558690
1.754910
1.748761
2.639433
3.454082
2.460222
3.116649
3.212126
3.106458
2.501490
2.682944
1.940844
2.675014
1.939699
2.717195
2.106433
2.571385
2.771075
2.459750
2.408214
1.996117
2.102907
2.418143
1.796223
1.856928
1.505657
1.651485
1.604172
1.748218
1.317559
1.286743
1.556947
1.726893
1.876991
1.827355
1.942127
2.527530
1.644159
1.733026
1.742976
2.239387
2.340803
2.829764
1.491768
2.795731
2.656139
2.347239
2.733603
1.282836
1.342206
1.409311
1.507806
1.364199
1.405689
1.638256
2.741009
3.122382
3.018344
2.733848
1.411948
1.588330
3.038423
2.692578
2.856508
1.657032
3.190240
2.461433
3.147609
2.650933
1.964259
2.682459
2.760825
2.597042
2.629870
2.441771
2.370536
2.215250
3.363933
3.411951
3.402502
3.197467
3.046548
2.816289
2.228804
2.332390
2.656719
2.529790
2.320886
2.649048
1.458223
1.615900
2.514950
2.188789
1.799797
2.299793
1.457437
1.959023
1.434220
1.316482
1.812267
1.737272
1.786597
1.599861
1.801736
1.447939
1.565318
2.119972
2.241122
2.217054
1.434687
1.236475
2.399361
1.247435
2.643751
1.554438
1.134420
3.067629
2.687361
3.079371
3.091666
2.947685
2.956351
2.662840
2.812443
1.364330
1.218811
1.280770
1.483162
2.649802
2.646689
2.749191
2.727167
2.856556
2.609118
3.166581
2.417368
2.924786
2.677824
3.074531
3.157445
2.477451
3.054980
1.868380
2.916153
2.897569
2.672555
1.852475
2.066147
2.503475
1.986743
3.388579
2.382855
2.711380
2.435636
3.017390
2.531331
1.905023
1.845780
1.962160
1.822783
2.451025
1.851924
2.140021
2.036124
1.709624
1.900267
1.277884
1.632511
1.566019
1.507275
1.601655
1.895796
1.823828
1.870538
1.682684
1.607478
2.487027
2.306262
2.376328
2.200006
2.512522
1.604780
1.607071
2.057092
2.036416
2.102845
2.062204
1.537988
2.204433
2.295191
2.236036
2.239683
1.692072
1.310820
2.229273
2.240812
2.268131
2.908368
2.388605
2.804981
1.210189
1.072626
1.201473
1.613059
1.608047
2.654342
2.708711
3.110837
3.055476
3.154615
2.653616
1.256763
1.266163
1.402403
1.298441
3.167793
3.176677
1.401270
3.084659
3.019594
1.597637
1.736497
2.763483
1.638182
2.553540
2.695692
2.485021
3.108238
2.373220
2.679420
2.739351
2.503536
1.912392
3.259868
3.413929
2.196698
2.663362
2.196780
2.480610
2.524618
2.021739
2.416512
1.787292
1.933235
2.268393
1.812415
1.711597
1.361477
2.449730
1.916800
2.238929
2.378585
1.491984
1.360017
1.372284
2.037110
1.862645
1.539727
1.551416
1.586583
2.146257
2.087679
2.160388
2.217294
2.112141
2.102869
1.597533
2.177898
2.143130
1.275996
1.446442
2.438115
2.827649
2.827649
2.448183
2.851608
1.163908
2.641003
2.764926
2.646850
1.327321
2.690872
2.726007
0.961034
3.021327
2.916694
2.711682
2.711832
1.280770
1.460865
1.077350
0.993263
2.979740
1.136458
3.214281
3.245000
1.415882
1.621633
3.065587
1.746681
3.033145
3.099893
2.613098
2.525191
2.493149
2.369876
2.647682
2.227978
3.279405
3.236147
3.265066
2.116249
2.689489
2.657671
2.197280
2.278911
2.382651
2.619032
1.806489
1.857855
1.594599
1.529287
2.383656
2.280449
2.400621
1.440041
1.741641
1.762693
2.047806
2.088609
2.277696
1.323563
1.301328
1.656146
1.770965
1.286332
1.714425
1.499930
1.425866
1.299292
1.295835
1.713663
1.355412
1.602556
2.241577
2.277616
2.156921
2.429906
1.755493
1.686357
2.048417
2.217723
1.573437
2.467176
2.321386
1.553297
2.161559
1.558885
1.259656
2.807612
2.672699
2.830729
1.055083
3.106426
3.087060
2.765146
2.680870
2.818085
3.124656
2.468415
3.017505
2.960353
2.695609
1.738863
1.628356
3.029184
2.889252
2.455986
2.374590
1.641969
1.648620
2.732178
1.807995
2.229390
2.347917
1.886469
2.765689
2.895147
2.831113
2.711380
2.357544
2.655343
2.168609
2.179409
2.142937
1.933938
1.730831
2.486303
2.316236
1.840458
1.802141
2.236973
2.167497
1.939621
2.222121
2.368825
2.212549
1.899986
2.071141
1.830661
1.310576
1.869935
1.748012
2.034002
1.694928
1.636774
1.785426
1.737481
1.429952
1.309499
1.299670
1.460948
1.604645
1.695686
2.081852
1.773391
1.805313
1.694244
1.947416
1.650197
2.103478
2.374604
1.576652
1.570336
1.551096
2.168456
1.430158
2.291451
2.238022
1.696017
1.851445
1.727167
1.442456
2.903319
1.236033
2.327836
2.918990
2.833784
2.848019
2.833631
3.154506
2.948488
3.034566
3.139593
3.232942
2.803035
2.802410
2.933083
2.973592
2.842466
3.166581
3.121723
2.864213
2.983171
2.755310
2.566356
2.313758
2.670758
2.927986
3.145044
2.707399
2.152714
1.883726
2.028992
1.820358
1.789848
2.259678
2.472559
1.302091
2.352337
1.743353
2.072483
2.259942
2.114692
1.407605
1.525452
1.295874
1.363560
1.400661
1.510658
1.545213
1.683150
2.019926
2.522654
2.472927
2.073963
2.021254
2.146020
2.221083
2.268582
2.140111
2.324898
2.334056
2.346209
2.262695
1.760316
1.764201
1.764201
1.273865
1.371411
2.285875
1.313751
2.625386
2.665204
2.873994
1.111469
1.446423
2.751691
0.911373
3.087060
2.825630
2.686342
2.727164
2.947538
2.591980
3.126143
3.124127
2.748118
3.073794
1.745864
2.563823
2.547010
2.641551
2.031432
2.215955
2.090864
3.079233
2.025310
2.547357
2.372939
2.551877
2.889410
2.185182
1.842467
1.770762
1.411782
1.916493
1.664725
1.850325
1.788516
2.269258
1.712537
1.497527
1.259398
1.436094
1.568713
1.400077
1.322989
1.416464
1.344032
1.823828
1.932359
1.565225
1.616699
1.740497
1.740152
2.131099
2.479593
2.167817
2.576251
1.651845
1.998893
1.964559
2.376599
2.214613
1.541377
1.495363
2.141598
2.372629
1.236033
2.959308
2.685900
2.436101
0.959750
1.259707
1.037443
1.193900
1.327321
0.933216
2.854958
3.108803
3.026483
3.159946
3.075306
3.266954
3.097613
2.950880
3.064796
3.162860
2.565000
2.485021
2.229394
3.201463
3.131233
2.405721
2.738514
2.285775
2.404506
2.636591
1.844491
2.139715
2.870841
2.085148
1.488649
2.306890
1.652206
1.405952
1.392553
1.239540
1.500249
1.358963
1.305027
1.830490
1.915277
1.834375
1.742472
2.257357
2.367926
2.119135
2.511546
2.462746
2.315823
2.265914
1.041261
1.258123
1.152995
2.491060
1.170011
2.654454
3.038635
2.984663
2.984663
0.973712
2.758698
0.892392
0.938080
3.156233
3.119225
2.867106
3.076328
3.361264
3.082680
2.948570
3.159424
3.139593
3.014857
2.777455
3.086017
2.288598
3.143547
3.140198
3.125410
3.153307
2.126030
2.203601
2.333205
2.005176
2.186157
2.196396
2.110886
2.318815
2.349225
1.708954
1.778296
2.409586
2.238102
2.396849
1.939621
2.044353
1.628813
1.789366
2.213921
1.722599
1.804290
1.613004
1.278307
1.374167
1.321688
1.319297
1.328199
1.319500
1.325895
1.403394
1.533799
1.395952
1.294118
2.165852
1.789063
2.164595
2.117706
2.100823
1.584207
2.350813
2.215359
1.638569
1.600168
1.642088
2.296795
2.470141
2.356420
2.644736
2.462442
2.355174
1.489599
2.308876
2.285565
1.810920
2.173233
2.438115
0.841579
3.163239
3.019752
2.752837
2.886603
3.353884
3.190750
3.334295
3.355393
3.226950
3.343858
3.204397
3.195635
3.238316
3.203078
3.100474
3.062775
3.160864
3.094657
3.046822
3.069848
1.446615
1.490335
2.640034
1.554546
2.878466
3.043079
3.139030
3.171068
2.298134
1.909883
1.961657
1.961657
1.763207
2.157738
2.164692
2.217962
2.201249
2.171799
2.426021
2.390573
2.110878
2.321939
2.173236
2.321939
1.914197
1.276841
1.715087
1.702050
1.708097
1.736080
1.690046
1.733539
1.657097
1.536534
2.256658
2.600948
2.516629
2.070667
2.179476
1.465315
1.472646
1.498216
1.766532
2.176849
2.176650
2.712650
0.969929
2.777577
2.904932
1.044318
3.038359
3.134876
3.044856
3.164979
3.207258
3.125731
3.392059
3.310380
3.276766
2.964687
3.032076
3.216384
2.910863
2.693485
2.052271
2.040622
3.345147
3.293908
2.157738
2.455569
2.484860
1.670455
1.751570
1.799895
2.274846
2.586856
2.100507
1.990109
2.183093
2.154145
1.788237
1.889929
1.900227
1.692308
1.775385
1.676417
1.921188
1.628163
1.277141
1.577371
1.340452
1.465989
1.420592
1.374762
1.810143
2.122035
1.754140
1.964452
1.816988
2.158187
2.112547
2.382645
2.167002
2.328579
1.672916
2.074691
2.415556
1.681377
1.492252
2.357447
1.256103
1.178674
2.227808
2.699605
0.946551
3.076858
3.209311
2.789459
2.920662
3.148932
2.679209
3.153949
2.975504
2.244776
3.085498
3.211365
2.000546
2.812731
2.945271
1.804128
1.901359
1.726717
1.856712
2.090062
1.728824
2.350413
2.505408
2.240465
2.371717
2.517547
1.676360
2.491329
2.058233
1.943636
1.775457
2.283271
1.702407
1.643809
1.705667
1.645212
1.581156
1.258351
1.429750
1.580745
1.399145
1.368033
1.337685
1.363952
1.475507
1.403754
1.280625
1.442275
1.662772
1.949261
2.114608
2.044844
2.163041
2.263642
2.188147
1.667299
1.635182
1.639959
2.056187
2.420162
2.618666
2.511090
1.617497
1.582125
1.446740
2.541286
2.165167
1.617693
2.108160
1.571199
1.294235
0.863648
2.328209
2.552396
2.979283
2.904932
3.029768
2.921197
2.426542
0.841296
2.985571
2.905734
3.359524
2.766419
3.268143
2.929865
2.789567
3.155630
3.191200
3.096707
1.439701
3.010033
2.024659
1.893322
1.979815
2.021244
2.282642
1.806507
2.231292
2.138749
1.874830
2.381712
2.567040
2.080517
2.033462
1.939553
2.091736
2.182329
1.711347
1.747776
1.798787
1.937533
1.258351
1.296443
1.607524
1.304084
1.441356
1.483224
1.522734
1.387477
1.223252
1.509689
1.546775
1.678734
1.702244
1.463477
2.031128
2.110931
2.219330
1.963950
1.995008
2.200614
2.269628
2.028945
2.435774
2.469561
2.282664
2.575877
2.437931
2.146374
2.561949
2.523201
2.573640
2.437931
1.176350
0.955584
1.018948
2.616428
0.778392
2.864888
0.792873
2.695889
3.162215
3.184709
2.987409
3.190074
2.751976
2.777148
3.027071
2.766396
2.888540
2.924419
3.249155
2.974875
3.343621
2.994687
2.709888
3.195460
3.047145
3.089685
3.103826
1.405982
2.697232
2.815201
2.730126
2.926539
1.951767
1.591133
2.189968
1.667917
1.986069
2.085315
1.947804
1.726444
2.185526
1.750887
1.816824
1.976867
1.641113
1.666752
1.703183
1.613795
1.736621
1.650660
1.483163
1.458444
1.422110
1.411428
1.305252
1.392014
1.557808
1.175276
1.215699
1.713642
1.629572
2.069084
1.851486
2.129990
2.144755
2.257101
2.339697
2.331346
2.351001
1.772053
1.675298
1.719238
1.488722
2.187888
2.059837
1.451790
2.210669
0.930808
2.493330
2.239211
2.591954
2.990335
2.972630
2.797844
3.174503
3.003671
2.798220
3.229533
2.984429
3.342524
3.391951
2.635449
2.668756
3.186537
3.243885
2.589192
1.722970
2.712798
2.619208
2.553550
2.312425
1.674051
1.829205
2.190481
1.711345
1.676360
2.111443
1.953956
1.817150
1.872063
2.044774
1.722546
1.741745
1.908422
2.003569
2.340679
1.786325
2.033944
1.970767
1.861859
1.952958
1.952958
1.415709
1.305362
1.335824
1.420987
1.571937
1.268151
1.548379
1.209595
1.252337
1.160910
1.256401
1.349840
1.945826
2.157016
2.026307
2.334506
2.241394
1.635981
2.340593
2.058246
1.629176
1.720021
1.640210
1.636205
2.176992
2.609138
2.688570
0.890167
2.344996
2.702165
2.495291
3.076529
3.075507
0.792873
0.757615
3.160396
3.178350
2.465660
2.766419
2.948097
2.884552
3.325268
3.185630
3.329695
3.058050
2.746226
3.242410
2.605072
2.560154
2.685635
3.031018
3.016559
3.232965
2.801989
3.147273
3.332175
2.181845
2.339903
1.726059
1.724529
1.873786
1.850232
1.997728
2.003610
1.955763
1.822943
1.804113
2.075436
1.639050
1.595802
1.459562
1.798680
1.413822
2.292910
2.167585
1.957735
1.983577
2.239105
2.521828
1.669064
1.702732
2.462516
2.467398
2.233835
2.641624
1.682746
1.447183
1.562078
1.460881
1.250012
2.233740
1.561451
2.173825
1.035086
0.802809
2.923957
2.848250
0.765399
0.872095
0.802809
2.567927
2.519086
0.721533
0.792983
3.138529
3.076808
2.736124
2.889681
2.920625
2.884690
2.847434
2.647247
3.358504
3.270989
3.275888
2.872028
2.909854
2.858845
2.544366
1.556286
2.752642
2.760615
3.031018
1.701212
1.593873
2.861316
2.642023
2.332120
1.931168
1.800448
2.017097
2.065080
1.774681
1.646217
2.002915
1.849850
1.680143
1.573464
1.434317
1.680320
1.549606
1.721927
1.613569
1.468783
1.254436
1.348111
1.314100
1.786973
1.713352
2.167585
1.557618
1.613271
2.187091
2.279674
2.336389
1.690457
2.395858
2.392237
1.114740
2.223932
2.580054
2.732708
2.920055
2.559057
0.750918
0.757615
2.685495
2.678838
2.980878
3.323625
3.281099
2.965058
3.184197
2.654674
3.329190
3.377550
2.936785
3.395070
3.264817
3.147177
3.051246
3.276155
3.079644
2.870428
1.511990
1.580851
2.431773
1.444783
2.978964
2.696168
3.181725
3.221501
1.998831
3.279945
3.189810
1.986538
1.763731
1.778780
1.915457
1.944361
1.995890
2.104234
1.880325
1.899428
1.894921
1.905040
1.739426
1.795612
1.986883
2.022957
1.896404
1.865191
1.728330
1.768785
1.481953
1.763291
1.748042
1.284314
1.175574
1.723405
1.721927
1.237683
1.235120
1.233315
1.191363
1.850732
1.987208
1.840496
2.258344
2.193002
2.321789
2.071259
2.409551
2.446975
2.279167
2.531968
1.304494
1.744183
2.574692
1.206741
0.947012
2.385733
3.048681
3.112226
3.145699
2.428273
2.852863
3.259527
3.309449
3.275821
3.352269
1.301486
2.617374
2.721526
2.012691
2.209148
1.602360
1.666185
2.390842
3.181725
1.772586
1.768897
1.931456
1.816630
1.859450
1.632235
1.685727
1.619662
2.025708
2.105704
1.525406
1.482949
1.304922
1.508652
1.484885
1.607118
1.383453
1.282256
1.405105
1.361483
1.264911
1.547219
1.589136
1.876200
1.726085
1.841662
1.716461
1.949427
1.501008
2.088539
2.041342
2.193641
2.375127
2.321789
1.658749
1.730738
2.181074
2.265239
1.668868
1.687177
2.358927
1.754475
2.281536
2.207350
1.629786
1.766079
2.621269
2.171777
2.322514
2.213824
1.096917
0.895994
2.746223
2.632712
2.991653
3.041792
3.042041
3.004919
2.858689
3.086304
3.042102
3.171824
3.276412
3.353555
1.327420
2.693029
3.024001
3.018478
1.357586
1.450460
1.431217
1.659596
2.316368
3.100234
1.973333
1.782714
1.745274
2.196589
1.671831
1.961902
1.836531
1.936308
2.207046
2.024593
2.014297
1.997180
1.812538
1.942703
1.622960
1.726150
1.510859
1.604889
1.687716
1.541837
1.731038
1.801138
1.732713
1.491395
1.445036
1.170625
1.418741
1.774237
2.105311
1.693823
2.440277
2.515489
2.206794
2.471868
2.469253
2.455148
2.449109
2.294770
2.542760
2.428197
2.543705
2.554218
2.293932
2.466887
2.840186
2.732653
2.924043
2.644390
2.976190
3.152429
3.109698
3.051931
2.677103
2.673876
3.258053
3.169679
3.272290
3.320286
3.320286
3.329182
3.426756
3.330082
2.998166
2.823112
3.295802
2.636287
3.183932
2.628801
2.371780
2.292017
2.389845
2.617752
2.511986
2.754426
1.739393
2.948313
1.618794
1.679509
1.745713
1.777580
1.665445
1.771116
1.734223
2.494806
2.032861
2.046602
2.566168
2.576471
2.656629
1.795465
2.189867
1.573193
2.168794
1.530462
1.434623
1.856124
1.435816
1.640561
1.319054
1.497941
1.346657
1.961410
1.866789
1.545882
1.450621
2.036812
2.123071
2.005123
2.128395
2.212513
2.147690
1.744571
1.651734
1.714573
1.292572
2.463876
2.301239
2.294870
2.385776
0.929540
2.883644
2.971668
3.023378
3.105734
2.850257
3.062513
3.044872
3.269892
3.265592
2.995944
2.428273
3.064652
2.730292
3.332749
3.412748
3.350837
3.226779
1.160694
1.278992
2.277572
1.910193
2.573784
2.652252
2.943516
2.002720
1.898806
1.967026
1.734223
2.063919
2.550824
1.831380
2.577852
2.172514
2.609992
2.806221
1.995226
2.662526
1.827416
1.965029
1.870184
2.290107
2.259058
2.467829
1.578424
1.733235
1.585086
1.670401
1.881509
1.550552
1.711789
1.270612
1.442825
1.650329
1.458535
1.551919
1.662883
1.396544
1.504161
1.471172
1.244772
1.443731
1.155158
1.223425
1.216436
1.403743
1.263506
2.089176
2.125804
1.795355
2.311350
2.227849
1.523979
1.416241
0.924565
2.267439
2.544301
2.377743
2.577241
2.870438
2.829996
2.323746
3.137949
2.499850
2.996320
2.950908
2.806462
2.886997
2.749797
2.996720
2.945902
3.069412
3.122690
3.410606
3.383703
3.342486
3.068530
2.802314
2.414903
2.318120
1.586657
1.559518
2.394963
2.782171
1.660196
2.207641
2.279053
2.381491
2.087469
2.138415
2.528292
2.092462
1.774150
2.020784
2.154471
1.512589
1.846409
1.468456
1.506107
1.483124
1.458281
1.436292
1.228401
1.318213
1.187452
1.230131
1.159778
1.371537
1.277130
1.491460
1.583676
2.258573
2.174539
1.754629
2.165241
1.612590
1.477759
2.327641
2.233214
1.128395
2.184855
2.598713
2.714936
2.828218
2.716465
2.433851
2.511319
2.960804
2.899798
2.540867
2.513511
3.212263
3.076863
3.015429
2.527341
2.074715
2.529013
2.961591
2.971361
3.393992
3.156618
3.394947
3.304778
3.119777
3.395021
3.357905
3.240399
3.070028
2.346388
1.383486
2.201288
2.217131
2.489879
1.854588
2.191277
1.873959
2.057299
2.180295
1.716020
2.089243
2.212364
2.216493
2.383835
2.467632
2.138316
2.139370
2.079601
2.210704
2.181381
2.343863
2.099336
1.928866
2.253265
2.005328
2.180409
1.553959
2.101653
1.834075
1.554223
1.859780
1.777954
1.816823
1.823653
1.502607
1.633318
1.697167
1.619627
1.899633
1.696355
2.025490
1.985368
2.168119
1.584531
2.149500
1.848098
1.782355
2.187344
2.314775
2.314775
2.343109
1.565788
2.233674
2.432430
2.182071
2.123878
2.385279
2.672273
2.656045
2.822433
2.285785
2.927363
2.321624
3.121795
2.770008
2.809481
3.323759
3.317521
2.288224
2.234028
2.013041
2.074715
3.447853
3.244782
3.151390
3.357905
2.693626
2.667532
2.943514
1.644778
1.595889
2.082385
2.992812
2.926430
2.251684
2.656682
1.834627
1.887498
1.989356
1.817912
1.970849
2.303117
2.235718
2.046040
2.074112
1.926487
2.046040
2.020882
2.130564
1.916662
2.018137
1.473027
1.707125
1.415392
1.568757
1.553430
1.533622
1.300292
1.353159
1.451780
1.278715
1.286207
1.253675
1.179246
1.214717
1.386981
1.336352
1.435301
2.033900
2.043884
1.693859
2.179650
2.207106
0.913625
0.948022
2.632154
2.511079
2.782975
0.822673
2.802975
2.752335
2.612405
2.496231
2.926108
2.928340
3.110317
2.928596
2.437895
2.643651
2.826902
2.659947
3.112609
3.292420
3.194052
3.139279
3.039709
2.956088
2.529632
2.524873
3.114131
3.331645
2.603526
3.091914
1.169933
2.739793
1.207847
3.223181
2.276126
2.531360
1.538612
2.346757
2.307322
2.074994
1.730018
1.934519
2.029412
1.781775
1.903479
2.116799
2.185968
1.813164
1.908496
1.771348
1.916793
2.018236
1.460638
1.458021
1.385074
1.703352
1.468786
1.590383
1.576381
1.315562
1.443461
1.408178
1.294377
2.004465
1.975947
1.941775
1.555982
1.775802
1.555982
2.335181
2.378515
2.406338
2.410450
2.100864
2.284516
2.444599
2.841583
2.872491
2.970814
2.316829
2.289157
3.108703
3.091304
2.976398
3.334321
2.415759
3.015436
2.382179
2.048412
2.418114
3.157464
3.114986
3.127434
3.027248
3.388640
3.258909
2.950212
1.034825
1.209764
1.014969
3.336757
2.651829
2.816514
1.369339
1.314275
1.454175
2.749347
2.610495
2.087206
1.643613
1.593422
1.858743
1.908172
1.924674
2.185048
1.908394
2.063428
2.441145
1.992648
2.027567
1.966778
1.621637
1.698681
2.067070
1.766680
1.482840
1.637550
1.695600
1.490936
1.625882
1.611716
1.616918
1.438986
1.889877
1.830241
2.211685
2.232842
1.196918
2.385731
1.049232
2.388811
0.948022
2.227389
2.035004
2.133313
2.546041
2.507246
2.790669
2.826741
2.841583
2.860536
3.131654
3.249729
2.848767
3.261526
3.263430
3.308436
3.296622
3.333920
2.753318
3.098688
3.124574
2.866877
2.956455
3.118407
3.203720
3.342202
3.250133
3.436055
3.262024
3.380578
3.176398
3.205541
2.718760
3.303541
3.372014
2.864795
3.208618
3.299300
3.324214
3.133598
2.113859
1.541755
1.567544
2.198371
2.432981
1.779845
1.993950
2.407947
1.970027
1.752872
2.059489
1.745255
1.901229
2.025303
2.159703
1.772987
1.859141
1.959100
1.880093
1.615629
1.833594
1.668066
1.469748
1.798086
1.751119
1.506661
1.420916
1.704866
1.624551
2.019300
2.042385
1.904252
1.441214
2.072429
1.709495
1.898989
2.244731
2.394770
2.377845
2.336382
1.405984
2.381053
1.107137
2.789985
2.289500
2.252522
2.362518
3.285411
2.632878
3.202668
3.298925
2.414720
3.216467
2.347559
2.320060
2.616438
2.977206
2.804309
2.946767
3.285869
2.887885
3.018658
3.264517
3.064911
1.219928
1.496317
1.486060
2.427708
2.455565
2.231203
2.383719
1.916271
1.890126
1.984769
1.856712
2.108791
1.770461
1.917355
1.794368
1.951737
1.589436
1.672435
1.849927
1.307847
1.489384
1.398732
1.271856
2.007228
1.519065
2.210587
2.102753
2.151452
2.201550
1.897634
2.136488
2.479304
1.399332
2.293096
2.393993
2.432074
2.309469
2.263457
2.462767
2.408922
2.410608
2.452080
2.119448
2.011563
2.789196
2.642077
2.384381
2.818148
3.008219
3.018443
2.890339
3.359343
3.306498
3.305272
3.327162
2.393257
2.386459
3.409482
3.486712
3.402596
2.637519
2.767013
2.870900
3.311286
2.851096
3.305098
3.324214
1.312912
1.215885
2.251314
2.101582
2.186185
2.181183
1.710929
1.786669
1.828407
1.744937
2.021969
1.984013
1.631182
2.001206
2.050478
1.638642
2.025419
1.543933
1.607543
1.769776
1.531646
1.296935
1.214205
1.849771
1.507849
1.827097
2.314584
2.182244
2.265531
2.188781
2.304171
2.367489
2.422451
2.383300
2.417306
2.292053
2.486261
3.015198
2.678505
3.019175
3.056246
2.335592
2.575144
3.311665
2.093263
3.368419
3.295111
3.482890
3.181557
3.181968
3.237732
3.136174
1.441948
1.594031
1.967272
2.395002
1.648432
1.915449
2.052999
1.823691
1.879876
1.969303
1.796771
1.642624
1.260455
2.087530
1.595408
1.750144
1.710948
2.388901
1.850410
2.303650
2.279629
1.712874
2.622544
2.450645
2.274643
2.443157
2.198703
2.510263
2.467944
2.276613
2.550960
2.828405
3.259187
2.847059
3.310502
3.191534
3.453617
3.467709
3.471446
0.991956
0.984626
1.100822
3.307870
2.327543
2.615823
3.191577
2.234561
1.427634
2.098430
1.732691
2.132156
1.997808
2.047014
1.769737
1.713095
1.758111
1.888538
1.775216
1.663156
1.993155
1.803720
1.890359
1.824722
1.746914
1.848330
1.772015
1.849431
1.704385
1.501565
1.510684
2.196798
2.349000
2.641449
1.847231
2.255515
2.401282
1.402727
1.064659
1.211969
2.413473
1.070752
1.070752
2.386356
1.925822
2.265536
3.070882
2.575144
2.688883
2.312828
2.133020
2.335320
2.721037
2.166818
3.321729
3.104501
3.055639
2.773415
3.145906
3.027189
3.266053
3.467717
2.544984
3.457048
3.414589
3.464221
2.920194
3.018140
3.282671
3.317544
2.414020
1.168908
2.225848
1.253090
2.178803
2.245168
1.634131
2.238729
1.713747
1.693345
1.750657
1.848784
1.753282
1.256949
1.231923
1.200417
1.830746
1.936766
1.976926
1.661926
2.380026
2.503288
1.658073
2.179754
2.198853
2.711999
2.204016
2.661628
1.614300
2.574023
2.590891
0.996373
2.350937
2.377303
2.208843
2.459730
2.542621
2.745335
3.073285
2.960111
2.393748
2.824625
2.556986
2.365244
2.448517
2.731525
2.270004
3.400506
3.188668
3.292764
2.740120
0.832854
3.289044
2.680381
3.050996
2.852961
3.317544
2.349162
1.457999
1.602157
1.626937
1.998884
1.622411
1.880772
1.959050
2.089128
1.703115
1.815052
1.891647
1.906827
2.027409
2.058009
1.942435
1.901044
1.829388
1.895209
1.737783
1.710555
1.260413
1.299069
1.304180
1.732418
1.282539
1.660775
1.569206
2.065588
2.425595
2.647245
2.170327
2.727176
2.664492
2.666171
2.674296
2.195811
1.211801
2.167413
2.786819
2.290632
2.555367
3.217616
3.185800
2.943925
3.443778
3.536978
3.469274
3.422712
3.029513
2.794025
3.015668
3.240775
3.259545
2.409370
2.755117
1.101114
1.410216
1.361500
1.968063
1.921740
1.752828
2.033833
1.843963
1.891646
1.500338
1.304099
1.925834
2.283721
2.540771
2.596581
1.648893
2.353348
2.364363
2.485298
2.728135
2.175892
2.042608
2.592463
2.992617
3.206300
3.572892
2.675570
3.419455
3.248447
3.260103
3.438569
2.748904
0.736684
0.851808
3.391070
3.292662
2.426390
2.409652
2.544536
2.095541
1.484936
1.619750
1.609904
1.610556
2.023669
1.983298
1.664314
1.761464
2.058009
1.932871
1.808793
1.911967
2.059466
2.522073
2.438813
2.155922
2.625596
1.667098
2.729869
2.700329
2.711452
2.672534
1.361935
2.167583
2.321700
1.899060
2.016289
2.328196
2.366605
3.018212
2.755891
2.361120
2.624271
2.569103
2.665169
2.671364
2.675385
2.570853
2.746448
3.009270
3.469073
3.561302
0.739503
0.738689
2.768480
2.850089
0.853949
3.458569
3.044592
3.281129
2.335711
2.445939
2.246906
1.822856
1.882722
2.203074
2.161714
1.534178
1.675917
1.892974
2.071998
1.918152
1.729225
1.907691
1.807853
1.802897
1.847380
1.378863
1.706792
1.622064
2.550653
2.652233
2.214790
2.148970
2.412397
2.303061
2.694147
2.564657
2.252514
2.151562
2.277662
2.216376
0.991904
2.433274
2.005654
1.952853
2.304771
3.015504
3.116999
2.588704
2.575596
2.113798
2.339570
2.624030
2.935383
3.555543
3.607311
2.785209
3.257591
2.747524
2.954532
3.366096
3.476894
3.258221
3.399580
1.208568
1.422524
2.388245
2.674170
1.423582
2.239360
2.321234
1.993970
1.943249
1.864922
1.822823
1.885740
1.897162
1.656620
1.548292
1.348346
1.540052
1.878697
1.830857
1.775110
2.044121
2.720999
2.112489
2.629780
2.262536
2.427526
2.494174
1.475859
2.210353
2.575529
2.644635
2.550242
1.046176
2.550876
2.602696
2.931144
2.699815
2.909602
2.271186
2.760202
2.925095
2.873719
2.934875
2.750866
3.575509
3.566729
2.969433
2.766714
0.578438
0.632157
3.045832
0.931434
2.346658
2.233168
2.305021
2.630182
2.407233
1.553344
1.650429
2.165385
1.855214
2.197168
2.244914
2.126638
1.829385
2.107058
1.786171
1.714787
1.852092
1.350865
1.640867
1.294969
1.819296
1.801265
2.205157
2.082871
2.558495
2.366157
1.698211
2.512383
2.651715
2.308387
2.379917
2.248800
2.356507
2.305116
2.200817
2.175203
2.925351
2.724255
3.111774
3.551297
3.380692
3.198005
0.686559
3.442021
2.835104
3.207172
3.431829
2.229731
2.587193
1.599685
2.080559
2.263149
2.275013
1.839450
1.587552
1.979319
1.787948
1.860731
1.879422
1.855186
1.851960
1.882209
2.569483
2.624949
2.200498
2.109656
2.211624
2.373153
2.442354
2.268389
2.327279
1.263808
0.960758
1.983634
2.407920
2.921870
3.129480
2.835974
2.676425
2.880770
2.744127
3.599434
2.488942
3.391670
3.357310
0.523482
3.501159
3.394279
2.627187
2.530397
2.760835
1.637318
2.013154
1.980051
1.733295
2.063339
1.749241
1.932407
2.038424
2.360762
2.194187
2.059990
2.394169
2.233103
2.018618
1.911671
2.435640
2.441786
2.258894
2.051351
2.047669
2.056106
0.828331
0.828331
0.897134
1.933809
1.996385
2.827804
3.099638
2.574772
2.516724
3.030018
3.020764
2.923374
2.559437
2.788398
3.288246
3.319527
2.733849
3.537054
2.821092
3.386858
3.594531
2.872244
2.938080
2.814243
0.609530
0.828215
0.796230
0.634680
2.713884
2.289642
1.299010
2.790915
1.679531
1.485125
2.451342
1.605509
2.224768
2.382056
2.400800
1.879993
2.079893
2.144468
1.804367
1.949428
1.936112
1.851215
1.897031
1.461007
1.558622
1.678216
2.385990
2.238310
1.870360
1.943543
2.037302
2.680297
1.722697
2.727816
2.647005
2.682133
2.555537
2.364173
2.404789
2.301837
2.138559
2.700630
2.300033
2.239756
2.548110
2.465665
2.281160
2.221640
2.810820
2.838014
2.955119
2.906860
3.185030
3.449599
2.951371
3.440131
2.939134
0.887605
3.111253
3.438310
2.887067
2.366220
2.237334
2.400566
2.023623
2.288009
2.419084
2.226652
2.221566
2.089915
2.163746
1.441980
2.522717
1.838698
2.670327
1.829897
2.109518
2.116446
2.372909
1.085326
2.717678
1.518413
2.357161
2.406571
2.542437
2.510218
2.304621
2.451342
2.463105
2.587219
2.573157
2.591158
0.768331
2.129449
2.744310
2.267656
2.746039
2.569265
2.064658
2.448521
2.827429
2.783302
3.012205
2.994705
2.565991
2.637386
3.397790
2.701463
3.248838
3.473141
3.497029
3.516641
3.422077
2.896141
3.293603
3.327430
0.927462
1.277499
2.690850
2.372599
1.347882
2.054991
1.647862
2.032042
2.114918
2.088326
1.952370
1.991277
1.933845
1.935409
1.836110
1.349803
1.347490
1.446572
1.562461
1.524466
1.536699
2.400610
2.196714
1.672591
1.921335
2.656062
2.068722
1.647676
2.716630
2.131651
2.518275
2.475143
2.590571
2.259784
2.579729
2.593605
2.495746
2.548238
0.896853
0.785524
2.748247
2.676586
2.654799
2.755575
2.794859
2.781970
2.068397
2.739090
2.491463
2.718076
2.756273
2.717774
2.752512
2.638692
2.644051
2.690748
2.757264
2.753652
3.116266
2.820029
3.113893
2.695825
3.160445
2.727500
3.342164
3.076871
3.389359
0.648978
0.762916
2.293032
2.589132
1.575164
1.794844
1.699031
2.114271
2.079208
2.030616
1.943904
1.268353
1.793446
2.247838
2.487559
1.807496
1.638628
2.095491
2.128025
2.774643
2.589387
2.656314
2.616979
2.597300
2.740474
2.593605
0.990122
2.676586
2.834630
2.806733
2.654799
2.598042
2.762576
2.767101
2.137896
2.283248
2.475691
2.626858
2.762965
2.182361
2.867549
2.765470
3.018817
2.607195
2.563171
2.974561
2.852210
2.674059
2.908900
2.510643
2.796739
2.698403
3.055935
3.331509
3.439670
3.442021
2.890212
0.855813
2.334783
2.337144
1.038575
2.459531
2.607220
2.701505
2.210608
1.448312
2.150963
2.325887
2.450953
2.058342
2.113023
1.731623
1.831493
1.983212
1.997029
1.773132
1.563063
2.117120
2.023929
1.957796
1.913886
1.857793
1.971884
2.656728
2.661643
2.771749
2.324347
2.483005
2.663571
0.847504
2.179104
2.424536
2.625801
2.170651
2.259520
2.676549
2.794689
2.739090
2.661642
2.685668
2.456754
3.010823
2.607195
2.976764
2.928973
3.425892
3.490557
3.112179
3.275771
0.666588
2.556965
2.300008
0.999307
2.227344
2.331419
2.403856
1.860082
1.799265
2.121147
1.885269
2.364617
1.992928
1.757591
2.337679
2.046079
2.080251
1.969625
1.404288
1.383292
1.322711
1.472787
1.636284
2.321721
1.943783
2.048130
1.747397
1.769653
2.153042
2.082264
2.661432
1.011138
2.322344
2.500780
2.838085
2.452616
2.660309
2.713364
2.426816
2.414417
2.478979
2.105429
3.126049
2.800915
3.030018
2.853085
3.132999
3.410227
3.234462
3.293471
3.245661
3.183466
3.263764
3.265178
3.057904
2.305889
0.794228
0.610763
0.626707
0.938588
0.935336
0.825737
1.295609
1.313452
1.392067
2.197045
2.196845
1.598971
1.442955
2.265852
2.279338
2.064866
2.138688
2.159873
2.235841
2.260124
1.986405
1.968573
1.340406
1.925778
1.951127
2.148726
1.896376
2.153317
1.714128
1.525783
0.997702
2.364682
2.209165
2.586398
2.859414
2.737803
2.620750
2.665669
2.771580
2.086967
2.677371
3.284003
2.967912
2.794403
3.348063
2.701715
3.360837
3.110581
3.075864
3.318205
0.904929
0.839315
0.775733
2.476685
2.327324
2.351263
1.843332
2.269730
2.364617
1.778036
1.721062
2.226208
2.171613
1.720627
2.029175
2.098653
2.013461
1.943904
1.474740
1.530557
2.096648
1.780869
2.240727
1.209549
2.098261
2.799618
2.724370
2.565545
2.466386
2.566309
2.755414
2.807306
2.838504
2.337887
2.202957
2.569082
2.783390
2.755129
3.125530
2.793418
2.857200
2.897458
2.929521
2.734274
2.855474
3.400462
2.878742
2.651341
3.314543
3.423012
3.329130
1.129531
0.688041
1.189618
1.263616
2.355912
1.345706
1.702964
2.205409
2.327324
2.051668
2.090493
2.171416
2.097749
1.350141
2.287737
2.109178
2.119957
2.799190
2.831710
2.671367
2.133424
2.644957
2.728093
2.349622
2.806556
3.061783
2.660288
2.743624
2.794365
3.063616
3.276637
3.243365
3.157262
3.368731
2.674563
2.855230
3.240928
1.030365
0.778274
0.581281
2.234985
2.478540
2.387645
2.557483
1.790562
2.050128
1.981879
1.909806
1.747767
1.309515
1.329280
1.563362
1.701841
1.963012
1.916840
2.271749
2.210536
2.501751
2.486501
2.239492
1.770692
2.168960
2.340822
1.620559
1.284659
1.143669
2.502626
2.468067
2.711427
2.409105
2.291090
2.639964
2.779012
2.567479
2.917291
2.780572
2.287005
2.122471
3.068681
2.900441
2.512927
2.789878
3.212939
3.116527
3.319310
3.212775
2.948362
2.808719
3.081357
2.980789
3.237691
2.814816
2.814079
3.136460
3.264271
2.514197
1.106092
2.196767
0.613488
1.153603
0.587894
2.296606
2.244285
1.344365
2.347297
2.074537
2.197045
1.854038
2.071977
1.969948
1.953722
2.005467
2.274344
1.933653
1.995235
1.803373
1.749452
1.397642
1.558981
1.708100
1.815319
1.930995
1.669498
1.701013
2.419458
1.143087
2.698644
2.365063
2.433037
2.621354
2.802913
2.922812
2.805261
2.888150
3.126049
2.605394
2.648295
3.007477
2.792660
3.214315
2.678909
3.085604
2.732435
2.641895
2.573964
3.145848
3.228907
2.750662
2.260447
2.177270
2.051193
1.330048
1.439820
1.387314
1.232176
1.435676
1.768458
1.799649
1.866871
1.584770
1.635559
1.591411
1.563945
1.600666
1.957759
2.321806
2.083274
2.223603
2.348431
2.329234
2.245757
2.229313
2.475626
1.093259
1.093143
1.065969
2.372564
2.287363
2.351365
2.260218
2.791229
2.379031
2.782632
2.717810
3.013625
2.866808
2.706091
3.212198
3.093737
0.885668
2.640454
2.278490
2.417425
1.557151
1.442472
1.601694
1.939968
1.894874
1.915637
2.043179
2.098507
1.784561
1.807425
2.431746
2.118732
2.163876
2.394440
2.314533
2.444712
2.619008
2.514560
2.376445
2.691781
2.353384
2.435992
2.326086
2.697736
3.150150
2.790747
2.968705
3.219612
3.250644
3.232099
2.176076
2.431043
0.931782
2.679127
2.397781
2.586430
1.718858
2.069440
1.554514
1.845634
2.040757
1.689364
2.188900
2.051141
1.865408
2.571083
2.672464
2.757014
2.686066
2.615921
2.432392
2.597461
2.596494
2.842847
2.803621
2.174900
2.743024
2.818329
2.607378
2.576998
2.908960
2.680850
3.084982
2.645032
3.249118
3.214162
3.222344
3.007560
3.092602
3.086999
3.106027
3.150886
3.184341
2.205865
1.089266
1.003884
2.682266
1.984695
1.938619
1.814696
1.828518
1.947487
1.876617
1.919949
2.129528
2.054221
2.429214
1.727335
2.137912
2.649079
2.832917
2.489025
2.485224
2.696300
2.731070
2.899038
2.524103
2.947371
1.120654
1.246060
2.537514
2.903821
3.050472
2.929769
2.710217
2.901253
3.057074
2.871650
2.531302
2.630148
3.198177
3.079225
3.143273
2.873817
2.271320
2.753194
2.313918
2.286462
2.460900
2.005834
2.204539
2.071676
2.174659
1.997449
1.912043
1.807788
2.218501
2.021659
2.372420
2.111769
2.449441
2.528684
2.681403
2.756781
2.960582
1.701013
2.901324
2.176536
2.186611
2.241340
2.218163
2.449528
2.377140
2.949084
2.818723
2.679713
2.615802
2.632009
3.270717
2.692832
3.311025
3.188396
3.049776
3.099525
3.190860
3.081679
3.001857
2.654019
1.323138
0.713487
2.296072
2.461071
2.161156
2.335114
2.232671
2.148843
2.370942
1.965924
1.286678
1.566897
1.840621
1.627113
1.710439
2.122718
2.050549
1.730291
2.300898
2.851912
2.775304
2.938990
2.925514
2.793050
2.122133
2.066007
2.206287
2.189521
2.457574
2.928752
3.058336
2.968923
2.925388
3.181787
2.800009
3.044168
2.853365
3.180370
2.938615
3.070262
2.572756
3.151140
2.685747
2.336378
1.530126
1.492979
2.044157
2.254032
1.995963
1.741028
2.083376
1.836787
1.861816
1.654489
1.600992
1.825601
1.597912
2.123737
2.098599
2.699047
2.700373
2.843937
1.194638
2.303339
2.885458
2.796427
2.822277
2.292746
2.574617
2.872996
2.792938
3.009611
3.194150
3.099975
3.269985
3.192721
2.834476
3.083500
2.531518
2.560412
2.898682
2.491981
2.386166
2.329254
2.262770
1.008688
1.162461
2.588098
2.646305
2.440113
2.464611
2.334555
2.022849
1.930458
1.210467
1.336318
1.498383
1.403160
1.576883
1.936867
2.073189
2.106857
2.005089
2.002566
1.951145
2.515033
2.422435
1.958940
2.610871
2.005167
2.003834
2.041548
2.074180
2.121829
2.064158
2.109676
2.333541
2.197800
2.370784
2.548835
2.760870
2.654715
2.770248
2.543883
2.922670
3.050649
2.769890
3.133738
3.236481
2.833810
3.176051
3.043706
2.526626
3.173868
3.155118
2.899244
2.668812
2.527694
2.378927
1.629939
1.406138
1.252999
1.295985
1.402190
1.513896
1.397656
1.365200
1.762093
2.082024
1.792398
2.588171
1.821918
1.783867
2.758916
2.855396
2.156723
1.984498
1.424933
2.084359
1.325739
2.334906
2.912028
2.977493
2.734662
2.770257
2.641159
2.664466
2.585345
3.192797
3.094672
2.593338
2.534955
3.081679
2.924109
3.071758
2.670097
2.504201
2.273086
1.318442
1.184637
1.303747
2.593843
1.000246
2.095638
2.345244
1.782267
2.161156
1.346842
1.346842
1.443631
1.413107
1.746649
1.973307
1.994488
2.055032
1.826976
2.340748
1.720530
1.740912
2.583922
2.695365
2.083138
2.275528
2.978716
2.576529
2.976538
3.050128
2.536091
3.211315
3.069619
3.118246
2.880189
3.076904
2.393935
2.646305
2.448422
2.639468
0.944740
1.385648
2.231778
1.461953
1.561375
1.671032
1.724276
1.814866
1.989567
1.921105
2.155672
1.888620
2.433323
2.241763
2.789388
2.919163
2.813232
1.399462
2.040565
1.174970
1.191011
2.681152
2.793654
2.539356
3.100069
3.096835
3.083175
2.867912
2.519425
3.036615
2.885977
1.130917
2.495071
0.922046
2.331983
2.546193
2.244646
2.411913
2.139683
2.148529
2.027172
1.695771
1.621765
1.671032
1.616803
2.139488
2.192637
2.125111
2.017662
1.792328
1.950659
1.973985
2.069199
2.739920
2.126628
1.950057
2.214653
2.253823
2.320421
1.699220
1.606114
1.379312
2.033320
2.006220
2.454452
2.645535
2.470457
2.339975
3.000771
2.946138
3.043421
3.091361
3.174145
3.073737
2.889092
2.681457
2.523124
1.302995
1.453199
2.220595
1.097432
2.494064
2.279993
0.951198
0.561906
0.664354
2.577584
2.192885
1.626261
1.675501
1.604386
1.597858
1.603962
1.513413
2.344674
2.338917
1.927338
2.071383
1.902941
2.025995
2.116431
1.975283
1.262087
2.005099
2.453581
2.335310
2.441036
2.478955
2.719291
2.937950
2.634594
2.993519
2.555046
2.668134
2.759937
2.553010
1.419779
1.375027
1.261735
2.130294
1.291494
0.832057
0.956792
2.433928
0.797551
1.916595
2.253963
2.168304
1.547771
1.421153
1.662550
1.842035
1.656289
1.788652
1.786044
1.940048
2.528513
2.294305
2.668787
1.798694
1.899729
1.987717
1.658704
1.548550
2.516973
2.572708
0.970903
2.570582
2.457551
2.147669
2.159320
2.285121
2.244768
2.244020
2.223333
2.243027
2.242299
2.266765
2.695306
2.760847
2.923545
2.967644
2.988719
2.974818
2.438657
3.086281
3.017686
1.134352
1.196029
1.070916
1.196029
1.046275
2.483219
0.938670
2.348254
2.273744
2.523170
2.411912
1.519247
1.405841
0.789908
0.644914
1.929695
2.218169
2.315518
1.784409
1.650251
1.526626
1.737439
2.298588
2.477473
2.424719
1.682390
2.402861
1.982030
2.428122
2.016377
1.076693
2.428122
2.578207
0.981921
2.572708
2.731312
2.796427
2.629351
2.609588
2.648897
2.678975
2.854195
2.887160
2.824196
2.594290
2.997379
2.937136
2.435951
2.700208
2.465993
2.561007
3.013883
3.046902
2.927808
3.010313
2.912056
2.480419
1.435550
2.325731
1.413839
1.670931
1.433846
0.986743
0.960571
2.342173
2.607661
2.569705
0.793561
0.865822
0.778363
0.657158
0.605860
1.366035
1.514993
1.595994
1.721545
1.886372
1.451037
1.802116
1.558373
2.125379
2.424719
2.256397
1.899981
1.961322
1.840413
1.953987
1.940802
1.939373
2.300997
2.145529
2.492186
2.578207
2.486017
1.105583
0.949599
2.755659
2.480919
2.698010
2.508988
2.230429
2.276170
2.608023
2.517211
2.606454
2.410134
2.455494
2.823855
2.758808
2.883003
2.833683
2.401305
2.546525
2.609706
3.037068
2.437490
3.017405
2.380124
2.843132
2.873185
2.366977
2.160664
2.114961
0.806297
0.593926
1.490333
2.497719
2.047027
1.552747
1.679220
1.902147
1.903493
1.717686
1.950241
2.042422
1.724708
2.123843
1.826431
1.899836
1.214218
1.229998
1.273242
2.349464
1.994023
2.468203
2.556262
2.506085
2.555112
1.033046
0.878873
2.242103
2.413279
2.495944
2.558063
2.505199
2.315132
2.877472
2.553663
2.601004
2.934681
2.681148
1.139150
2.618172
1.505935
2.446093
2.569705
0.619572
2.246698
2.221297
2.385874
2.263785
1.519337
1.745689
1.608452
1.778496
1.728876
2.316422
2.046749
2.089878
2.290129
1.875238
1.687865
1.618192
2.059417
1.969312
2.300997
2.143082
2.028493
2.288300
2.075122
2.185230
2.353020
2.360829
2.407506
1.969765
2.050959
2.623228
2.604195
2.525875
2.651042
2.125876
2.677123
2.543853
0.949122
0.840442
2.496141
2.301748
2.323983
2.643931
2.560373
2.438806
3.013287
2.961420
2.851589
2.503834
2.596580
2.693403
1.006793
0.803540
1.473368
1.582324
1.627112
1.339669
1.291000
1.385874
1.570748
1.337986
2.003555
1.832133
1.996677
2.260741
2.426998
1.752563
1.819494
1.734529
1.976930
2.354099
2.214540
2.127200
1.968348
1.930956
2.101151
2.259141
1.619706
1.646513
2.623783
1.550289
1.450483
2.323801
2.439672
1.016822
2.452160
2.555112
2.412794
2.412794
2.466824
2.664235
2.362518
2.479155
2.351524
2.857932
2.392477
2.461066
2.843783
2.705791
2.718597
2.867275
2.907095
2.377115
1.670931
0.659736
0.733040
2.141981
2.055820
2.379504
1.576531
1.934932
2.247833
2.116022
2.140279
1.702435
1.685556
1.744931
1.809807
1.852533
1.905400
1.977563
2.237021
2.126266
1.963226
1.994366
1.526347
2.277668
2.074154
2.438859
2.457332
2.478815
2.148859
2.468981
2.487648
0.840520
0.880656
2.110381
2.421776
2.459236
0.881285
2.284725
2.287913
0.683079
2.419033
2.910738
2.837457
2.758576
2.495559
2.631999
2.799260
2.940748
2.744909
2.474391
1.184150
1.152765
2.014361
1.635744
0.758659
1.535287
2.455298
1.594689
1.683749
1.906132
1.947224
1.720289
1.691755
2.718009
1.383586
2.186305
1.483760
2.124803
1.171294
1.983907
2.498605
2.461063
2.525790
2.558063
2.125972
2.274545
2.334554
2.292133
0.737596
0.815589
2.488195
2.386765
2.425018
2.574252
2.477873
2.564367
2.367490
2.857720
2.846079
2.438153
2.695716
1.051931
0.834085
0.962682
0.869200
1.057299
0.589651
2.400848
2.498987
2.179107
2.196424
2.270500
2.120204
2.055794
1.354893
1.359575
1.211187
1.309216
1.225363
1.593238
1.453484
1.731336
1.708676
1.795809
1.586881
1.813782
1.650241
1.586730
2.163321
1.913750
2.622741
2.314607
1.413261
2.076031
2.404508
2.402145
2.410640
0.784468
0.837204
2.409558
2.464363
2.424900
2.503217
2.414420
2.656870
2.740206
2.836807
2.456250
2.405315
2.693811
2.872692
0.860084
0.891672
2.505626
2.463696
1.136595
0.772416
0.658280
0.661770
2.081656
1.218158
1.438753
2.105285
1.990491
1.647920
1.255937
1.471284
1.522295
1.724269
1.701171
2.498121
1.556429
2.725508
2.494103
2.328850
1.292002
2.180604
2.186932
2.105626
2.420898
2.533072
2.453524
2.417387
2.408264
0.960767
2.430664
2.261241
2.302048
2.380803
2.427830
0.680887
2.768338
2.685674
2.418816
2.467085
2.570951
2.845060
2.693811
0.762503
1.206180
2.194993
1.445986
2.271164
2.502316
1.510019
1.563186
2.195309
2.224444
1.787786
1.684052
1.373868
1.630364
1.503312
1.642758
1.776116
1.628477
1.676394
2.254296
2.386419
1.348504
1.437884
2.046442
2.418123
2.521520
2.487644
2.333341
2.209965
2.387830
2.153418
2.265983
2.181809
2.069347
1.981852
2.342132
2.247286
2.341230
2.346278
2.137443
2.236288
0.886746
2.450165
2.523450
2.356652
0.739290
0.687637
2.372398
2.332542
2.397708
2.715391
2.635397
2.494639
2.549824
2.346658
2.343007
2.770404
2.718979
0.998160
0.680110
1.502647
2.068295
2.084958
2.014195
1.791571
1.246910
1.615713
1.317924
1.434039
1.478517
1.406331
1.747618
1.707003
1.781653
1.578381
1.816141
1.916025
1.986447
2.035378
1.649041
1.576448
2.341554
2.237566
2.288165
2.544292
1.985515
2.120983
1.100081
2.281282
2.339619
2.009496
2.137684
2.406400
1.038394
2.143277
2.268225
2.336123
2.344441
2.300674
2.375440
2.303145
2.581763
2.412709
2.429651
2.502667
2.708474
2.428754
0.817123
1.314021
2.111293
1.691991
1.262526
1.190378
1.497518
1.550947
1.358184
1.593434
1.535279
1.507870
1.409138
1.664259
1.874199
1.966088
2.069410
2.092799
2.004003
2.015496
2.256502
2.183097
1.932383
1.722613
1.999421
2.068687
1.889754
2.126797
1.895252
1.262035
2.026396
2.070091
2.244842
2.125701
2.024282
2.142560
1.185648
2.348071
2.259432
2.041470
2.269109
2.157782
1.098911
2.338414
2.309133
2.252707
2.274196
2.390662
0.790851
2.585201
2.430534
2.736393
0.656944
2.334114
2.676153
2.343586
2.442643
2.305032
2.491083
0.929635
2.504524
2.202553
0.733850
2.259670
1.047071
2.093645
2.070417
2.048444
1.796872
1.355988
1.646404
1.723787
1.741040
1.949909
2.079211
2.142876
2.083877
2.056581
2.017966
1.900984
1.898682
1.925673
1.467074
2.194094
2.083824
1.332894
2.014840
2.102065
2.204949
2.127456
2.180075
2.198832
2.188668
2.086365
2.138623
1.138609
2.097171
2.093373
2.105205
2.289545
0.909786
2.245268
0.755514
2.408039
2.375745
2.304637
2.654393
2.463826
2.346286
2.476120
2.585907
2.348515
1.014285
2.460445
2.393916
1.127920
2.144540
2.485932
2.224661
1.553604
1.613838
1.821664
1.207162
1.488696
1.436254
1.625763
2.041972
1.622160
1.352887
2.008808
2.105452
2.103464
2.229670
2.267289
2.109859
2.019713
2.095721
2.097137
1.877373
2.248274
2.176071
2.154935
1.896104
1.133810
1.868063
2.186456
2.243969
0.660088
2.329058
2.359772
2.586679
2.672745
2.304607
2.409442
1.846820
1.700499
1.788316
1.052015
2.253615
2.129026
2.084267
2.025661
2.108207
2.308402
2.066005
2.057732
2.011119
1.588054
1.702970
1.822375
1.343468
1.355988
1.435560
1.205042
1.510423
1.693626
1.743775
1.605587
1.704266
1.383364
1.483452
1.950588
1.481803
1.973070
2.089139
1.244297
2.051193
2.064424
1.125440
2.248452
2.071942
2.161319
2.226381
2.272730
1.032479
1.053472
2.161309
2.069457
2.195540
2.165742
2.276495
2.129540
0.670352
2.254900
2.377811
2.474261
2.531381
2.309599
1.191269
1.416301
2.341238
2.250193
0.874092
1.075835
0.657662
0.623850
0.691155
1.321082
1.394204
1.311538
2.383303
1.885088
1.220318
1.209941
1.480601
1.493716
1.477612
1.538296
1.280531
1.565140
1.565140
1.437135
1.878487
1.307804
1.832685
1.941414
1.924901
2.044383
1.316894
1.901578
2.148877
2.064490
2.148578
2.098521
2.173619
2.256231
1.938404
1.990791
1.063105
2.086373
1.901616
1.994142
0.972043
2.044706
2.168585
2.167188
2.131008
2.278476
2.274798
2.272381
2.208646
2.253247
2.266289
2.441559
2.243768
2.186617
2.176300
2.143376
2.028494
2.383582
1.595868
1.561711
1.079199
2.365386
0.588311
2.493757
0.969534
1.409468
1.182744
1.787747
1.264511
1.264511
1.189115
1.275666
1.852485
1.928144
2.011221
2.034121
1.844384
0.946794
2.092973
2.124911
2.164763
2.066383
0.846232
2.116745
2.178286
2.194443
2.186617
2.193688
2.024520
0.676884
0.763649
2.210329
1.617663
1.469297
2.241590
2.288774
1.115573
0.677089
0.678778
0.837359
0.753925
1.303178
1.471740
2.078252
2.161420
2.083668
1.879059
1.854952
1.202105
1.386716
1.293711
1.752508
1.375304
1.300566
1.028799
2.119178
1.958339
1.933261
2.057577
1.866736
2.123813
2.046487
2.101759
1.396070
2.152031
2.207064
2.127332
2.301343
2.222509
2.174220
2.302602
0.726429
1.211640
0.860334
1.865338
1.583917
1.645023
2.092394
1.915584
1.195645
1.097925
0.700043
2.291561
1.204862
0.747697
0.917505
1.550893
0.904261
2.149402
2.004522
1.572764
1.320574
1.852821
1.254261
1.067515
1.845434
1.798599
1.891160
1.998054
0.927974
1.950799
1.839346
1.683278
1.832421
1.786433
1.967216
2.132745
1.543710
1.314191
2.237365
2.107999
2.105207
2.120671
0.892169
2.146775
0.796481
2.152610
2.237172
2.075001
2.001737
2.150119
1.596795
1.866452
2.095690
2.217969
2.262265
1.963396
1.592885
1.715416
1.747547
1.241164
1.252234
1.341846
1.275150
1.783601
1.635953
1.652310
1.831358
1.232495
1.129556
1.790881
1.727404
0.984580
1.146155
1.678288
1.963287
1.960413
1.891616
1.878124
1.841222
0.872728
1.011138
0.897905
2.177018
1.415742
1.476488
1.964716
2.164524
1.987094
2.148229
2.007946
1.340579
2.198490
1.872284
1.885364
1.750833
2.206066
1.837184
2.124773
1.601643
2.047635
1.582556
1.679071
1.642410
1.755782
1.383233
1.482295
1.733617
1.629332
1.879603
1.758774
1.832688
0.948742
0.938561
1.911592
1.711042
1.986432
0.875824
1.418926
1.929164
1.135152
1.477629
1.295691
2.096572
1.462993
0.976520
2.031068
1.031783
1.282077
2.080296
1.528318
1.303624
1.887550
1.777766
1.618638
1.917621
2.094563
1.623288
1.857196
1.854401
1.754173
1.241472
1.175799
1.388666
1.309830
1.348049
1.329315
1.315219
1.651425
1.591015
0.926480
1.738870
1.635534
1.759521
1.647521
1.907268
1.819405
1.299152
1.570163
1.488282
1.905841
2.105429
1.156189
1.508629
1.587555
1.549516
1.986090
1.622992
2.029723
1.986987
1.814890
1.630444
1.894699
1.692094
1.825034
1.887361
1.661932
1.894555
1.222351
1.308386
1.496355
1.269632
1.410109
1.294066
1.135573
1.212800
1.260070
1.374093
1.008249
1.048009
1.376539
1.472716
1.353937
1.211445
1.054602
1.228970
1.447027
1.010987
1.046812
1.847314
2.014493
1.744156
1.656094
1.657010
1.615234
1.983841
2.045249
1.798293
1.776287
1.724451
2.157145
2.081938
1.775572
1.964964
1.761791
1.776217
1.710536
1.761166
1.778382
1.181273
1.165306
1.259959
1.515689
1.236131
1.219105
1.462764
1.621632
1.480687
1.502347
1.608640
1.513900
1.398941
1.206997
1.479492
1.411093
1.353937
1.329162
1.381151
1.345624
1.109593
1.115219
1.417588
1.109591
1.282336
1.820882
1.873756
1.950537
1.918083
2.052186
1.957726
2.020066
1.966715
1.956780
1.899716
1.261426
1.301111
1.290730
1.290259
1.774238
1.701619
1.647546
1.964272
1.809371
1.905846
1.877367
1.766504
1.843748
1.821965
1.926269
1.737554
1.905072
1.132122
1.255272
1.689912
1.777814
1.866624
1.773444
1.838741
1.786634
1.625866
1.952733
1.830091
1.706624
1.634007
1.503520
1.545037
1.677929
1.868130
1.828140
1.688994
1.777035
1.754218
1.633016
1.789272
1.718670
1.511824
1.720217
1.604322
1.636442
1.574913
1.625635
1.776692
1.673723
1.740847
1.564008
1.654382
1.674778
1.468863
1.526516
1.664013
1.675872
1.687751
1.675466
1.684424
1.592946
1.457942
1.780004
1.504740
1.461686
1.529339
1.677881
1.684697
1.685208
1.593726
1.587487
1.463738
0.916974
0.891894
0.764270
0.833998
0.845259
0.996637
3.378806
3.375781
3.106933
2.605785
2.459638
2.499915
2.897921
2.752540
2.865153
3.015198
3.483807
2.278778
3.048582
3.127982
