7522 1 3
0.539613
0.621495
0.761841
0.744293
0.932332
0.665659
0.564884
0.818725
1.163264
0.524209
0.553887
0.937458
0.463082
0.757285
0.638227
0.555947
0.940268
0.458086
0.766771
1.040941
1.290743
0.660361
0.528237
0.606286
0.876880
0.967802
0.885382
1.175796
1.232275
0.753174
0.759960
0.773524
0.999247
0.721164
0.936586
0.619908
0.963406
1.438489
1.007972
0.864996
0.709448
0.975887
1.073584
0.876344
1.219772
0.564714
0.867426
0.938840
0.882820
0.942234
0.932884
1.103470
1.544929
0.762554
1.204049
1.092104
1.230026
1.221690
1.059323
1.497072
1.188483
1.105906
1.059041
0.870295
0.941880
1.272275
1.316822
1.593578
1.105359
0.930590
1.665294
1.515104
1.555528
1.281735
1.184038
1.255082
1.012481
1.704892
1.374209
1.127551
1.211590
1.564981
1.677434
1.551106
1.074264
1.086432
1.071568
1.060176
1.048001
1.020569
1.055522
1.348589
1.069465
0.969134
1.050128
0.993008
1.150955
1.232519
1.777062
1.485184
1.360589
1.567933
0.914728
1.017921
1.346721
1.091102
0.978674
1.111179
1.051521
1.188256
1.908222
0.973172
0.951195
0.901220
0.923614
1.018313
1.057960
1.020041
0.935902
1.472838
1.160878
1.472269
1.074383
0.920850
0.817329
1.259536
1.087506
1.179595
1.002360
1.140119
1.256847
1.404664
1.006302
0.992712
0.747696
1.804084
1.071973
1.854885
1.249785
1.739602
1.629546
1.678219
1.651549
1.076311
1.188941
1.176402
1.143675
1.047860
1.076530
1.042895
1.539591
1.375705
1.064032
0.821884
1.564339
1.552849
1.809375
1.710658
1.218835
1.742963
1.051855
0.960649
1.123286
1.062395
1.365855
1.043208
1.043208
1.254020
1.230269
1.361472
1.261953
1.036103
1.138131
1.102081
1.162999
1.494146
1.276723
1.228945
1.442329
1.042249
2.034025
1.387469
1.078066
1.153935
1.264252
1.360264
1.312045
1.086565
1.165622
1.284538
1.481470
1.300647
0.886748
1.680033
1.561178
1.457398
1.001926
1.479629
1.046265
1.368051
1.330893
0.997791
2.040673
0.964032
1.404692
1.420610
1.524990
1.030143
1.101968
1.121771
1.092803
1.110757
1.229532
1.147295
1.266264
1.338253
1.683482
1.398746
1.704892
1.013388
1.273547
1.156833
1.323160
0.951310
1.466702
1.634076
1.399065
1.821556
2.052286
2.082860
1.861130
0.961223
1.809154
1.029670
1.033933
1.115111
1.700335
1.427340
0.910730
1.139646
1.232255
1.528752
0.875131
1.113963
1.451676
1.212528
1.179655
1.001037
1.123223
1.459845
1.415833
1.530546
1.093072
1.775254
1.354772
1.811968
2.052286
0.946140
1.343446
1.001182
1.286901
1.785898
1.768446
1.665137
0.965177
1.082498
0.997250
1.169522
1.123527
1.359496
1.257846
1.230373
1.540500
1.282863
1.469138
1.000196
0.894114
0.920237
0.925978
0.964255
0.927554
1.466536
1.299607
1.019923
0.878295
1.096180
1.283646
1.107239
1.033141
0.835114
1.096081
1.642261
1.760535
1.897642
1.612312
1.344449
1.368322
1.428342
1.681512
0.921002
1.322541
1.039805
1.639534
1.882083
1.921595
1.676761
1.591551
1.733782
1.244532
1.083023
1.593741
1.502923
1.964474
1.345318
1.189623
1.030626
1.197706
1.137983
1.105902
1.019707
0.913244
1.632986
0.982102
1.355212
1.402700
1.788877
1.328857
1.837028
1.110726
1.090685
1.822746
1.519006
1.907789
1.715486
1.002243
0.933111
0.851573
1.756467
1.099795
1.268831
1.002840
0.969766
1.949904
1.159126
1.372096
1.591100
1.215750
1.483595
1.536988
0.970928
1.045603
0.955382
1.618742
1.342087
1.123730
1.306496
1.190880
1.574922
1.877127
1.713883
1.282726
1.805893
1.761317
1.992476
1.992476
1.792903
1.967031
1.438067
0.764151
1.513713
1.189442
1.174394
1.033174
1.676635
1.092317
1.604564
1.543929
1.518396
1.093381
1.761524
1.348878
1.311920
1.475155
1.548164
1.420766
1.323444
0.900017
0.976379
0.968577
1.737583
2.084755
1.731620
1.345134
1.721545
0.978574
1.076680
0.947076
0.959471
1.073082
0.929903
0.922875
0.880491
1.666913
1.328425
1.591656
1.546531
1.356320
1.736985
1.670732
1.472562
1.841452
1.423162
0.900045
1.351324
0.921002
1.055114
1.332654
1.015521
1.601140
1.221378
1.231592
1.413012
1.527170
1.644676
1.719213
0.982302
1.071783
0.977177
1.715517
1.763456
1.845397
1.907663
1.644516
1.475567
1.245949
1.281097
1.097693
1.063967
0.998987
1.466412
1.001159
1.005903
1.113363
1.424805
1.255696
1.791567
1.481989
1.711426
1.190086
1.090809
1.079696
1.894219
0.910752
0.910752
1.103852
1.075918
0.920683
0.880908
1.017270
1.718646
1.554611
1.877964
1.811279
1.668005
1.904487
0.977906
1.713075
2.079439
2.130726
1.110024
0.797860
1.018309
1.865218
1.037437
1.704704
1.467659
1.678991
1.203004
1.077583
1.087916
1.526480
1.039410
1.030764
0.876523
1.178053
1.076757
0.950693
1.078186
1.719938
1.318029
0.993058
0.952463
1.829545
1.535503
1.734964
1.080385
1.955276
1.764372
1.914723
1.729770
1.876383
1.561085
1.285402
1.207975
1.042163
1.701832
1.846165
2.028873
0.981525
0.995536
1.070656
1.088094
1.126709
1.211146
1.061339
1.936968
1.616371
1.805734
1.811569
1.865169
1.083756
1.304242
1.733061
1.485890
1.169919
1.002551
1.255948
1.143669
1.105178
1.340756
1.031706
1.248113
0.867403
0.896937
1.011577
0.837726
1.204441
0.926813
1.218396
1.435372
1.675033
1.672147
1.978020
1.904408
1.579433
0.872188
1.355281
1.212767
1.873150
1.658762
1.985319
1.072972
1.443283
1.959734
1.266594
1.767726
1.447505
1.415514
1.731720
2.368955
1.049176
0.932032
1.806282
1.275753
1.871332
0.960545
1.006420
1.127510
1.348742
1.172695
1.055153
0.951501
1.063617
1.954937
2.155356
1.925830
1.662810
1.923427
2.051692
1.873482
2.027082
1.926598
1.049520
1.298429
1.120169
0.877213
1.145947
1.214019
1.377016
0.963248
1.356304
0.964965
0.949176
1.052758
0.968976
1.010469
1.799795
0.813549
1.728608
1.095495
1.797964
1.469977
1.263368
1.572786
2.105890
1.697870
1.569829
1.773872
1.892361
1.135653
1.632129
0.974489
0.776943
1.437798
0.811213
1.823283
1.677454
1.247982
1.406555
1.020608
1.141422
1.631928
1.986899
1.302728
1.793570
1.000198
1.789108
1.639684
1.275864
1.442562
1.209402
1.263314
1.207559
1.188569
1.440937
1.049630
0.906369
0.845564
1.032828
1.003609
0.927756
1.020082
1.064011
1.062060
1.088241
1.740920
1.791089
2.011336
0.966472
0.921734
0.915515
1.269216
1.538227
1.061818
1.792246
1.588568
0.997967
1.004866
1.415514
1.240522
1.491883
1.872385
1.799795
1.066749
1.007845
0.889505
1.019463
1.606701
1.902133
1.276788
1.044298
0.910964
1.904799
1.595542
1.078611
1.025611
1.081450
1.263267
0.858359
1.414039
1.069580
1.678595
1.361830
1.217182
2.255811
1.870761
1.917912
1.022573
1.374688
1.022760
1.088565
0.953999
0.977866
1.633632
0.850602
1.840476
1.088717
0.992310
1.500308
1.355281
1.778085
1.527051
0.640281
0.740921
1.624719
1.106196
1.387254
1.529013
0.986600
0.873568
0.969775
1.328857
0.948269
1.012714
1.694148
1.091189
1.061254
1.249441
1.010410
1.056335
0.913811
1.466738
1.697721
1.093943
1.680684
1.359755
1.092674
1.301359
0.914130
1.285149
1.864951
2.066448
2.187181
1.681280
1.414821
1.088909
1.041296
1.002551
1.461276
1.666881
1.445450
1.142847
1.160480
1.043532
0.988079
0.987844
0.866969
0.866353
1.658778
1.144220
1.094359
1.517405
1.884075
0.939038
0.887873
1.359870
1.592843
0.823482
1.186768
1.768402
1.655504
1.675052
1.924711
1.004866
0.701826
1.236558
1.640157
1.974293
2.141577
0.844153
0.854942
2.166428
2.056959
2.142713
0.897179
2.138785
2.011700
1.311401
1.271093
1.490652
1.050188
0.928095
1.267053
1.457752
2.136591
1.829752
1.408707
1.663291
2.235095
1.986449
1.770789
2.371015
1.840527
1.942484
1.526271
1.919142
1.799535
1.117095
1.143695
1.031616
1.009090
1.177365
1.373296
1.463175
1.171230
1.503904
0.944091
1.107677
0.947576
0.856380
0.832757
0.945378
1.032970
1.027278
1.788500
1.804695
0.849833
0.789668
1.186287
0.954824
1.213380
0.671753
1.226686
1.119607
1.145087
1.556515
1.863592
2.063561
1.241696
1.141087
1.003283
1.750038
1.685297
2.047207
1.038982
1.212564
1.023567
1.645014
0.924986
0.997098
1.270635
0.909773
1.121668
1.403155
1.444498
1.159257
0.948249
1.288566
1.273525
1.719165
1.962628
2.269677
1.696339
1.930602
2.058897
1.027312
1.872107
1.451770
1.076256
1.168052
1.437713
1.293069
1.560126
1.279885
0.960878
1.057572
0.893477
1.008764
1.034974
0.943546
0.943824
0.961374
1.572032
1.108208
0.992147
1.154199
1.150008
1.367832
1.689855
1.425821
1.091657
1.144701
1.370125
0.750888
2.538655
2.103852
1.694148
1.533160
1.380597
1.384482
0.997887
1.102798
0.974154
1.062186
1.363758
1.010175
1.033292
0.881640
1.441949
1.146001
1.637338
0.952076
1.327803
1.370034
1.356000
1.028386
2.062404
1.125498
2.013061
0.943368
1.766592
1.741741
1.342132
1.213160
1.707150
1.145661
0.853640
1.103460
0.938742
1.032946
1.040784
1.243101
0.958582
1.511297
0.786549
2.001411
1.857034
1.656181
0.951922
0.771174
1.298184
0.943302
1.583607
1.541857
1.384749
2.125722
1.945770
1.489929
1.003283
0.798160
0.915619
1.053223
1.833197
0.945123
1.234346
1.532361
1.624082
1.444626
1.028386
1.027435
1.320874
1.507473
2.227100
1.077338
2.287432
1.216126
1.316850
1.642914
1.905496
1.935546
1.587596
1.808424
1.022461
0.881565
1.043350
1.178950
1.094044
1.630905
1.896657
1.119558
0.944705
1.058487
0.977573
0.981063
0.981951
0.997890
0.967887
0.814365
1.017395
0.835329
1.014134
1.162565
1.352211
1.389178
1.293593
1.229673
1.427468
1.125921
1.569550
2.046007
1.650634
1.465918
2.389537
2.323425
1.030818
1.379519
2.002130
1.824531
1.239484
1.013595
0.981605
0.981366
0.878233
1.358876
1.063528
1.166420
0.851356
1.109467
1.380511
1.392589
0.958817
1.466590
2.079676
1.140542
1.524210
1.216126
1.823132
2.220583
1.742651
1.859536
1.049180
1.666768
2.105507
1.700666
0.997957
1.614151
1.605930
1.668708
1.452735
1.141192
1.099817
0.932595
1.243181
1.020177
1.061752
1.064615
0.775597
1.916806
1.667034
1.734659
1.779079
1.165152
0.978950
1.140095
1.123786
1.948541
2.509312
2.199845
2.419042
2.365466
2.396826
1.089681
1.295808
1.288512
1.612026
1.488263
1.309462
1.134408
1.659514
1.510895
1.801205
1.452503
1.104151
1.240654
1.408523
1.082002
1.041282
0.962619
1.039622
1.140479
1.710665
1.042692
1.818977
1.950091
2.312451
1.763632
1.848024
0.926001
1.073288
2.183326
1.355979
1.784641
1.410867
1.546271
1.875094
1.270506
1.105394
0.841339
1.076770
1.159037
0.998534
1.071656
0.855508
1.256534
0.938286
0.921983
0.993815
0.891982
1.102105
1.157314
0.878952
1.905637
1.592317
1.032993
0.845481
1.278591
0.976289
1.476748
1.932905
1.992030
2.166510
1.944318
2.134281
1.233252
1.420176
2.258786
2.382211
1.871370
1.043588
1.435125
1.384967
1.478038
1.148712
1.017419
1.502450
0.911796
1.615060
0.900685
1.052790
1.680638
0.924491
1.460773
1.569048
0.968300
1.941909
1.725938
1.003740
0.951304
1.812906
1.340597
0.993981
1.072750
1.058487
1.020256
1.041835
1.014467
0.921983
0.995141
1.005727
1.356404
1.448457
0.880410
1.777610
1.583133
1.651199
1.068876
0.949565
1.191071
0.971624
0.923941
1.235759
1.213388
1.296936
2.228028
1.611279
1.819697
1.390554
1.328026
1.579879
1.269156
1.130330
1.590420
1.510895
1.899654
1.632112
0.903977
2.000561
1.722674
2.059761
1.294862
2.154738
1.288265
2.274104
2.312120
1.265322
0.863273
1.368480
0.969229
1.120296
1.192155
0.963998
1.950121
1.097515
1.894364
1.092911
1.235598
1.157810
1.501334
1.039410
1.549116
0.934440
1.327657
1.491816
1.532441
1.621629
1.757958
1.998034
1.935650
1.656002
1.611279
2.286898
2.377511
0.875346
1.818845
1.166217
2.223895
0.882952
1.783316
2.202609
1.466659
1.743807
1.659075
0.840717
1.597649
1.588421
1.611982
1.593881
1.321002
1.227087
1.493746
1.372277
1.131338
2.037184
1.863485
0.955802
1.456802
1.346414
1.843154
1.871337
1.922331
1.541061
1.822871
0.978253
1.506656
0.852983
1.784224
0.735407
0.993981
1.037815
1.088493
0.993473
1.116007
1.166607
1.020871
0.941338
0.969043
0.997548
1.307164
1.593043
1.944706
0.886761
0.835329
1.809914
0.950119
1.050945
1.176284
1.315380
1.549116
1.504233
1.484144
1.183609
1.362595
1.270425
1.342785
1.135051
1.235759
1.728488
1.532652
1.606710
1.218079
1.951076
1.979359
2.324313
0.967597
2.374188
1.272402
1.133393
1.017912
1.505786
1.865246
0.877379
1.216302
1.826052
1.782704
1.079548
1.340460
1.034941
1.859447
1.020719
1.102132
1.104429
1.821093
1.684987
1.334982
1.545878
1.217511
0.916476
0.891016
0.895361
2.029706
1.006510
2.151179
1.922531
1.954264
1.134979
1.119920
1.182101
0.994583
0.923541
1.128803
1.046118
1.248444
1.243041
1.367586
1.021575
0.886756
0.925856
0.934560
0.990974
0.885957
1.135482
1.061006
1.193591
1.141625
1.928949
1.837247
1.717373
1.091352
1.315380
1.540345
0.808440
1.300797
1.683716
1.620948
1.265617
1.493881
1.688385
1.615542
1.368624
1.886885
2.032447
1.134403
1.911245
2.325229
1.440885
1.704769
1.635454
1.304876
1.259935
1.527310
1.483407
1.224312
1.130330
1.296626
1.157879
0.977195
1.155309
1.339909
0.907941
0.810024
1.960475
1.792559
1.657150
1.759604
1.656685
0.952647
1.633585
1.471158
1.802289
1.874712
1.079652
1.062163
1.060955
0.894030
0.909286
1.311508
1.473207
1.104446
1.834722
1.331818
1.323174
1.206910
0.994896
0.942438
1.246351
0.960866
0.976595
1.547749
1.076710
0.984564
1.590865
1.571902
1.812358
1.720370
1.786421
1.758703
1.642611
1.008476
0.977548
0.916952
0.956423
1.383593
1.218906
1.127272
1.064121
1.563067
1.119678
1.262176
2.064615
1.446517
1.477156
1.906708
1.279096
1.446672
1.561165
1.206609
1.052172
1.427446
1.859586
1.029064
1.273545
1.228123
1.426221
2.075604
1.531886
1.769665
2.169882
1.014948
1.034941
1.155455
1.759189
2.116723
2.042608
2.083919
1.389090
1.660874
1.489631
1.792048
1.545493
1.932051
1.905671
1.848090
1.072061
1.001551
2.278561
1.444501
1.077323
1.473464
2.151586
1.618986
1.452237
0.806713
1.573295
1.073375
0.992881
1.199969
1.478997
1.100853
0.973954
1.164630
0.986963
1.038595
1.080734
1.037336
1.050793
0.958283
1.342307
1.332583
0.957676
0.916985
1.659442
1.836054
2.041519
1.344724
1.902574
1.793606
1.734251
1.856980
1.437434
1.131077
1.529878
1.119276
0.967851
0.875322
1.636081
1.603537
2.093764
1.847314
1.795502
1.325734
0.964242
1.416189
1.594123
1.074748
1.420837
1.365264
1.200941
1.249036
1.361246
1.702283
1.281870
0.854479
1.387336
1.789301
1.211158
0.953256
1.136994
2.030606
1.579614
1.108942
1.014948
1.844705
1.706347
1.928926
1.173066
1.165016
1.076563
1.153404
0.968499
2.062562
1.800033
0.942644
0.639388
1.281984
1.031864
0.974212
0.985019
1.044013
1.403054
1.246701
1.194195
1.498536
1.205411
1.236936
1.160596
1.399167
0.974473
0.864184
0.933246
1.209668
0.943722
0.950249
0.819820
1.178596
1.345613
1.844678
2.022584
0.910029
1.096957
1.182810
1.047173
1.462553
2.016575
1.231177
1.107077
1.867705
1.431637
1.841232
1.249979
1.733544
1.352543
1.447839
1.487476
1.197492
1.592059
1.832342
0.920467
1.891546
1.478391
2.016002
2.106654
1.094703
1.651415
1.437136
1.505587
1.348120
1.893181
1.164078
1.296577
1.739712
2.284454
2.109589
2.257044
1.909072
1.104178
1.299579
0.927118
1.032669
1.614143
1.340052
0.978727
1.155178
1.138113
0.943949
1.180403
0.865298
0.884980
1.146883
1.554526
0.898287
1.054333
0.969939
1.125086
1.624137
1.887971
0.682391
1.672630
1.138114
1.556298
1.482475
1.406229
1.100682
1.812880
1.963164
1.841558
2.375536
1.985191
1.642486
0.835471
1.547301
1.244589
0.977344
1.762213
1.614305
1.363701
0.950950
1.222720
1.634875
1.199151
1.157803
1.149349
1.420930
1.986591
1.080228
1.084697
1.031675
1.165084
1.191902
1.531886
1.018628
1.055826
1.919652
1.354762
1.861158
1.468101
1.348572
1.756839
1.246172
1.395105
1.709522
1.216765
1.151890
0.900722
0.909286
1.708942
1.191951
1.439279
0.452883
1.341275
1.481046
1.882327
1.064022
1.523653
1.067916
1.085684
1.612509
1.101135
1.438249
1.476838
1.064305
1.006080
0.959244
0.951011
1.044917
0.857911
0.860933
0.885675
1.599976
1.543959
1.962534
1.702823
1.864127
2.117281
1.446919
1.937036
1.775529
1.988049
1.903684
0.977548
1.416875
1.010922
1.241911
1.622732
1.926947
1.249723
0.920680
1.831608
1.938929
1.394202
1.362309
0.829429
0.597771
1.495027
0.858392
0.896898
1.109255
0.903772
0.965625
1.235375
1.447081
1.079847
1.960052
2.043261
1.307788
1.541576
1.827063
0.798769
0.907622
0.747120
1.025167
1.832515
1.692332
1.512238
0.971345
1.823225
1.308718
1.885424
1.770284
1.613117
1.400945
1.492416
1.748342
1.597305
1.153300
1.442856
0.935484
1.203784
1.239404
1.173502
0.992777
0.824607
1.001374
1.097307
1.307150
1.241452
0.733571
0.940889
1.651065
0.979455
0.964291
1.509724
0.933886
2.022862
1.721144
2.084260
1.976001
1.991298
2.217963
1.396092
0.838505
1.283803
1.078655
1.753992
2.243834
2.041543
1.140948
1.579855
1.252024
2.375536
1.080177
1.505163
1.119062
0.837050
1.525443
1.725227
1.579497
1.506480
1.607010
1.454362
1.078238
1.924456
2.037939
1.361929
1.753681
1.509354
1.574503
1.218308
1.797234
1.932049
0.901750
1.706523
1.596410
1.410710
1.591924
1.554493
1.649305
0.855717
1.360483
0.962611
1.426464
1.414036
1.152021
0.990687
0.957743
0.908133
1.108465
0.880191
0.863866
1.049372
0.878852
1.653874
1.487555
0.754712
0.495736
1.071862
2.275069
1.460485
1.871337
0.883808
2.275069
1.889993
1.297298
0.908301
0.885734
0.954470
1.571530
1.646722
1.507276
2.045239
1.929620
1.954727
1.817627
1.859502
1.322955
0.768986
1.100221
0.975502
1.219678
1.243306
1.138107
0.988939
1.151342
1.239591
1.329385
1.391930
1.517875
1.194461
1.279610
1.056468
1.157803
2.243759
1.532198
1.495130
1.072937
2.014655
1.215765
2.059429
2.072869
1.777960
1.029315
1.047768
1.095330
0.930382
1.386078
1.947272
0.924931
1.491900
2.041905
1.274083
1.215475
2.141550
1.078476
1.904750
2.013083
2.383491
0.978929
0.944190
1.057977
1.516643
1.155538
0.984711
1.458133
1.059346
1.083794
1.115105
1.565629
1.040036
1.144620
1.061802
0.980889
1.741050
1.735980
1.938107
2.002878
0.833779
0.906670
1.626262
1.820280
2.116232
1.887470
2.084235
1.714527
1.795495
1.914057
1.291808
1.833470
0.764098
0.950323
0.923217
0.773996
1.087921
1.264580
0.800514
1.089165
1.272878
0.969205
1.334418
2.059429
1.070057
1.095921
1.524873
1.048612
0.883136
1.184171
1.259738
0.973996
1.894381
1.386460
1.340246
2.026325
1.216765
1.188980
1.308718
1.394553
1.949932
1.045148
1.367456
0.760659
1.414144
1.306101
1.469947
0.578734
1.134942
0.869731
1.051183
1.567708
1.358827
1.334837
1.299023
1.417889
1.274628
0.947973
1.033753
0.845522
1.204241
0.958754
1.017918
0.995975
1.388027
1.210484
0.966263
1.062864
1.427744
2.001421
1.918218
1.988049
1.161810
1.002963
0.825380
1.586451
1.694513
1.644260
1.293313
1.482482
1.193300
1.730463
0.870649
1.105608
1.023025
1.052383
1.099078
1.092416
1.052805
2.125813
1.874401
2.090593
1.789424
1.730985
1.870726
1.998827
1.885003
1.324026
1.102920
1.120433
1.754301
1.228997
1.651726
1.064348
0.849195
0.968501
1.775542
1.048220
0.988167
1.829877
1.777080
1.309216
1.392614
1.533999
1.456609
1.027928
1.440143
1.051183
1.134942
0.629482
0.578734
1.317718
1.327055
0.990039
1.145205
0.892240
1.020753
0.813543
0.976775
1.580484
1.543255
1.174876
1.433902
1.865634
1.419576
1.880421
1.149800
1.697155
1.509679
1.750454
2.075238
1.854743
1.200597
1.379410
1.101396
1.324879
1.932484
2.051215
1.762806
1.692131
1.405446
1.749461
1.729291
1.242347
0.988716
1.012555
0.923217
0.930031
1.375634
1.215483
1.091685
1.095996
1.193594
1.607125
1.015031
2.001934
1.598796
1.262321
1.835033
1.518803
1.788286
1.851810
1.800959
1.070140
1.100115
1.582063
1.653564
1.961401
1.872853
1.031253
1.631035
1.047573
1.120738
1.950557
1.198279
0.302805
0.869731
1.484091
1.061742
1.097365
0.821860
1.233355
1.169857
1.012538
1.374182
1.106266
1.086075
1.201566
1.241639
0.998039
1.244097
1.524445
1.634306
1.261341
1.296242
1.405663
0.962428
1.185361
1.248092
1.237239
1.938107
1.787961
1.541530
1.574407
1.531053
1.134962
1.540939
1.830236
1.324850
0.806526
1.309451
1.571002
1.587000
1.169713
0.932528
0.920686
0.931536
1.414161
1.734910
0.960024
1.472210
1.470333
1.262321
1.757619
1.044341
1.284608
1.122924
1.134175
1.337307
0.951199
0.970851
1.548089
1.763951
0.934273
0.764788
1.602576
1.439091
1.240005
1.340109
1.838899
1.204419
1.232503
1.173127
1.151916
1.059835
1.034667
1.158605
1.343097
1.211449
1.555844
1.671357
1.230619
0.953104
1.172761
1.471923
0.719829
1.668474
1.148576
1.466455
1.856020
1.808990
1.496969
1.102322
1.026176
1.099972
1.202766
1.381795
1.044638
1.163542
0.908257
1.521137
1.707332
1.644835
1.452227
1.000616
1.700641
1.027236
1.314346
1.572162
1.828250
1.970830
1.224858
0.979565
1.737029
1.723003
1.204385
1.356036
1.170655
1.626151
1.665685
1.678715
1.111863
1.226984
1.220325
1.216256
1.455402
1.480145
0.983862
1.027258
1.038033
0.911188
0.991376
1.086528
1.000098
1.185361
1.629346
1.413749
1.054602
1.378319
1.867383
1.723789
2.005102
1.649895
1.516282
1.210148
1.717484
2.076017
1.877798
1.827365
1.331625
1.830999
1.348482
1.134962
1.113567
0.735458
1.271923
1.255030
1.110228
1.520838
0.897963
1.264682
1.996194
1.661415
1.123019
1.256882
1.355316
1.213846
0.805760
1.073185
1.447508
1.213414
1.573638
1.474166
1.496086
1.320624
0.930783
1.313318
1.354182
0.783928
1.187792
1.009680
1.083735
0.888303
0.849719
1.583506
0.954442
1.617080
1.558648
0.837478
1.003832
0.935226
1.184488
1.413415
0.951304
0.868304
1.015239
1.214751
1.025833
0.963833
1.174073
1.241167
1.160010
1.839183
0.877671
1.044464
1.238935
1.095886
1.075988
0.847575
1.482573
1.698686
1.877798
1.875144
0.909122
1.041308
1.394201
1.116610
1.182218
0.843316
1.506548
0.978847
0.994134
0.848917
1.433985
1.642817
1.897642
1.899251
1.458614
1.805221
1.003166
1.852251
0.968467
1.737784
1.206916
1.706694
1.661451
1.278243
1.796768
1.039624
1.146049
0.735389
0.853459
0.852143
1.208687
1.120807
1.009680
1.194888
0.834206
0.952401
1.471564
1.364233
1.016478
1.301115
1.265138
1.312301
0.868475
0.830780
0.932037
1.143237
1.530487
0.807739
0.939704
1.213789
1.667581
1.361786
1.685789
1.432312
1.239990
1.619043
1.642318
1.701284
1.677601
1.164616
1.840451
1.339109
1.243245
1.240959
0.862431
0.975587
1.014557
1.476383
1.157369
0.681851
0.726691
1.075259
1.243272
1.183061
0.869779
1.135298
1.126596
1.883340
1.177294
1.710588
1.197092
1.124756
0.946330
0.792081
1.230163
1.727894
1.321622
1.577778
1.213014
1.435304
1.567818
1.617857
1.481047
1.826286
0.986450
1.216457
1.117499
1.506088
1.114742
1.793593
1.238174
1.598805
1.187090
1.079340
0.967207
1.087451
0.952697
1.662845
1.136024
1.130624
1.496248
1.521011
1.416105
1.152481
1.157468
1.460249
1.476621
1.193261
1.059707
1.492146
1.155441
1.211026
1.479242
1.080440
1.874164
1.988250
1.960173
1.143863
1.807966
1.530915
1.317639
1.247196
0.662871
0.964679
1.502699
1.556201
1.262726
1.233424
1.475942
0.899724
0.862756
1.738472
1.818261
1.372102
1.568184
0.632650
1.912187
0.829815
2.232806
1.819760
1.689414
0.776540
1.526664
1.712569
1.200354
1.065432
1.379685
1.059491
1.473499
1.328295
0.966727
1.101248
1.042331
1.084037
1.183447
1.345007
1.043187
1.673470
1.755462
1.332479
1.583335
0.978636
0.871264
0.941771
1.370992
1.103675
1.202098
1.438667
0.980816
1.097077
1.150464
1.734486
1.585641
1.987913
1.735023
1.508770
0.888410
1.200193
1.410204
1.492744
1.685015
1.459144
1.203354
1.064212
1.116010
1.343686
1.270366
0.978403
1.390748
1.457780
1.317266
1.572615
1.605913
1.144797
1.641738
1.360272
1.371819
1.615398
0.736538
1.144968
1.481127
1.512697
1.640157
1.981294
1.088816
1.157630
0.634202
0.995045
1.105670
0.543426
0.951900
0.910606
0.566062
0.938360
1.218590
0.670262
0.757821
1.352250
0.594682
1.603402
1.720294
0.745293
1.609040
1.615536
1.691463
1.521185
1.190821
1.316613
1.542363
1.030847
1.209694
1.216459
1.135236
1.169486
1.205988
1.379651
1.746685
1.159513
1.184708
1.600743
1.281951
1.116526
1.017048
1.433748
1.300428
1.715692
1.282394
1.035179
1.150652
1.158213
1.741967
1.432450
1.440328
1.239145
1.324082
1.579438
1.488825
1.655042
2.057991
1.161971
1.680985
1.351671
1.277739
0.753743
1.270921
1.434293
2.002208
0.877671
0.877671
1.642383
0.847116
1.536090
0.994993
1.269709
1.178495
1.024566
1.716719
1.547405
0.667607
1.888559
2.005081
1.490473
1.388353
1.247196
0.633349
0.803786
0.583918
1.225903
0.606624
1.114467
1.471634
0.456009
0.528596
1.368706
0.785581
1.534038
1.138625
1.655409
0.870089
1.635922
1.834036
1.865421
0.997539
1.370383
1.135591
1.170644
0.985300
1.030137
1.194487
1.376741
1.338821
1.574605
1.361474
1.288546
1.305915
1.187677
1.188854
1.142728
1.358067
1.089493
1.170916
1.029115
1.006247
1.521396
1.695855
1.355899
1.004115
0.983031
1.117111
1.308764
1.017566
1.823073
1.625574
1.326158
1.060768
1.197835
0.988329
0.874468
1.588112
1.754420
2.036906
1.354097
1.836560
0.831485
1.090062
1.198313
2.112864
1.127354
2.029234
1.308623
1.100621
0.948316
1.366525
1.428327
1.488609
1.777525
1.486553
1.654930
1.121144
1.227489
1.139211
1.253483
1.379707
1.226298
0.923952
1.743755
1.661150
1.790558
0.862030
0.693235
1.586961
1.853224
1.416429
1.086508
0.900541
0.862020
1.443201
1.319697
1.073378
1.142456
1.067206
1.045527
0.596366
0.950068
1.059491
1.419244
1.129273
1.314327
1.247871
1.194840
1.261360
0.821776
1.186265
1.474925
1.169836
1.297264
1.425306
1.412759
0.811485
1.134085
1.101390
1.531481
1.618156
1.414760
1.350266
1.108433
1.595794
1.574331
1.518370
1.537573
0.978907
1.575518
1.825114
1.123217
1.177961
1.284095
1.464692
1.661076
1.529927
1.250170
1.455211
1.314941
1.657896
1.100069
1.184956
1.535408
2.279244
0.977041
1.018976
1.085542
1.616503
0.928937
1.082647
1.195236
1.376184
0.809794
1.101618
1.393512
1.487302
1.297683
0.855284
1.148589
1.219022
1.843838
1.766440
1.274682
1.383574
0.614416
1.040516
1.288878
1.008668
1.584563
1.512522
1.771016
1.495004
0.899724
0.918405
1.955119
1.792871
1.725468
1.277669
1.581695
1.092997
1.376941
1.154105
1.079032
1.343996
1.122418
1.337583
1.164287
1.108684
1.388555
1.184142
1.021601
0.896113
0.857562
1.356686
1.116562
1.144365
1.481691
1.582073
1.173584
0.987163
1.068741
1.288877
1.357639
1.624570
0.950199
1.865505
1.828376
0.939392
1.046067
1.714775
1.586164
1.895815
0.929244
0.848378
0.935430
0.968591
1.168072
1.171232
1.122365
1.122365
1.463029
1.541063
1.584500
1.266562
1.859619
1.718679
1.148589
1.185738
1.091091
1.025874
0.489173
1.227489
1.762400
1.243505
1.268266
1.316788
1.007708
0.918405
1.469187
1.822872
1.290865
0.993129
0.969512
1.727788
1.571019
1.853520
1.423857
1.712055
1.306001
1.556406
1.260319
1.643525
1.075392
1.210507
1.210214
1.179042
1.274654
1.272466
1.265356
1.056490
1.192340
1.165689
1.092889
1.058116
1.652908
1.088190
1.070190
1.499999
1.540537
1.374599
0.932044
0.967959
1.438667
0.935546
1.281680
1.171234
1.152362
1.188746
1.011396
1.898382
1.598736
1.830484
1.285616
0.796654
1.013065
1.251282
1.069445
1.680329
1.490402
0.945864
1.677609
1.297683
1.775448
1.802297
1.452108
0.919068
1.128037
1.438256
1.398646
1.024566
0.800129
1.709426
1.642223
1.759583
1.449465
1.160717
1.337758
0.882302
1.334876
2.017778
0.819899
0.535050
0.745293
0.854249
1.001703
0.982077
1.165579
1.964533
1.576430
1.015924
1.315607
1.398573
1.646091
1.323939
1.033960
1.190271
0.748255
1.239071
0.968282
1.070193
0.960338
0.905630
0.899617
0.860923
0.995840
1.084702
1.010279
1.352476
1.781406
2.307416
0.983373
1.635935
1.429752
0.853975
1.375345
1.140806
1.494769
1.188375
1.804865
1.040042
1.904607
1.608026
1.133480
1.133480
1.046156
1.684036
0.489173
0.448297
0.725823
0.953597
1.766743
1.556620
1.254180
1.893722
1.498120
1.717267
1.040516
1.766824
1.304560
1.596172
0.766620
0.895725
1.376001
1.515387
1.273749
1.267083
1.646943
1.841161
1.988223
1.064589
1.205178
1.225658
1.374046
1.153284
0.910635
1.073210
1.213500
1.385372
1.284394
0.811485
0.976924
1.344193
1.176397
0.907887
1.507294
1.206812
1.086103
1.037774
1.068041
1.045430
0.974149
1.179591
1.331573
1.536265
1.639572
1.670275
1.544844
0.698459
1.808448
1.359236
1.763995
1.471143
1.739361
1.109547
1.615217
1.603411
1.319958
1.242776
1.134630
1.867427
1.739297
1.219930
1.711594
1.469206
1.460612
1.024386
0.978535
1.257099
0.781840
1.026757
2.002208
0.572546
1.499864
1.927186
1.169968
1.304691
1.047800
1.294134
1.561112
1.713624
0.905565
1.761560
1.399342
1.685074
2.061909
1.981825
1.998498
1.870742
2.062328
1.567536
1.635508
1.433357
0.581002
0.599672
1.601578
0.779382
2.085728
1.984417
1.497972
1.688339
1.310454
1.748271
1.716899
1.716899
1.648339
1.601672
1.028815
1.394377
1.331650
1.898933
1.230278
1.431254
1.447918
1.113920
1.485101
1.113920
1.253122
0.951116
1.140596
1.303769
1.172116
1.007345
1.044194
1.134139
1.240601
0.885119
1.839946
2.083407
2.166994
0.919434
1.125801
1.365625
1.440548
1.354776
0.564798
0.998047
1.052828
1.907321
1.286235
1.866739
1.833207
1.457439
1.908363
1.277902
1.834731
1.361349
1.235329
1.394573
1.393836
1.288878
1.688965
1.050376
1.062063
1.949409
2.228867
1.910934
0.940264
0.832707
1.123338
1.143465
1.601672
0.806449
0.754527
1.146313
1.213159
1.470992
1.311702
0.537666
1.245013
1.313026
1.308964
1.265629
1.354901
1.492738
0.892719
0.906169
1.203429
0.984997
1.094365
1.088533
1.062450
0.951213
1.348621
1.569624
1.274407
0.987955
1.035483
1.520249
1.197894
0.830791
1.152440
1.667804
1.501308
1.616768
1.055008
1.191058
1.451693
1.216942
1.206359
1.335888
1.379850
0.851458
1.327972
1.269367
1.241802
2.051988
1.094088
1.830880
1.576709
1.261597
1.184606
1.243807
1.203263
1.274629
2.198542
0.752520
1.702956
1.989200
1.013700
2.159723
2.241217
1.892779
1.742525
1.657081
1.740833
1.034982
1.170784
1.416344
1.033956
1.519412
1.266573
1.157583
1.299074
1.420534
1.355718
1.651512
1.159937
1.217855
0.916937
0.720974
1.172648
1.463056
0.982907
0.867964
1.477328
0.935399
1.237925
1.224656
1.099792
1.252903
1.260163
1.262681
1.228783
0.966676
1.061154
1.168964
1.514636
1.491443
1.736398
1.980947
1.594290
1.329815
1.193806
1.303023
1.177243
1.815568
1.500085
1.770253
1.496210
1.326041
1.388328
1.064050
0.976683
1.233458
0.977309
1.319404
1.192748
0.630630
1.595803
2.041717
1.754101
1.833207
1.178299
1.264379
1.087289
0.671935
1.741066
1.570678
1.843273
0.999269
1.840453
1.433262
0.842085
1.565353
2.114218
2.396990
0.715695
2.122439
1.239697
1.814045
1.674054
1.809624
0.964711
1.503467
1.571353
1.153196
1.868393
1.176362
0.608922
1.911225
1.046543
1.901799
1.400159
1.302451
1.075127
1.225291
1.369635
1.108043
0.867964
1.038989
1.137245
1.174800
0.967349
1.025027
1.130156
1.368437
1.265511
1.210865
1.077425
1.328734
0.942535
0.977200
1.299154
1.380497
1.808036
0.908086
1.001095
1.704227
1.773110
1.078459
1.553244
1.040857
1.073847
1.922756
1.138980
1.123228
0.911678
1.309286
1.122193
1.138980
1.375364
0.696724
1.175626
1.924323
0.518406
2.101829
0.543477
1.022017
1.407556
1.071682
1.590494
1.407556
0.993970
1.247503
1.127935
1.104773
1.191025
1.088969
1.945534
1.307739
2.019929
1.498811
1.084724
2.027541
1.749290
1.762380
2.277400
0.614038
1.881143
2.108819
1.869649
2.145211
1.503140
1.294540
1.309457
1.264402
0.978973
2.018198
1.430767
1.085262
1.504154
0.941377
1.238970
1.232873
1.396063
1.142622
1.231173
1.078795
0.944289
1.111586
0.973108
1.216731
1.031773
0.985450
1.411945
1.330907
1.216905
1.070687
1.157324
1.132004
1.000208
1.309570
0.949345
1.341535
1.735765
1.393803
1.597006
1.309189
1.050205
1.142877
1.396451
1.252387
1.555233
0.971944
0.871075
1.127522
0.998479
0.760230
1.782455
1.337516
1.668173
1.389322
1.851805
1.504210
1.834229
1.667182
0.960018
2.025115
1.438076
1.837940
1.965058
0.941230
1.053541
0.931096
1.033313
1.421487
1.461797
1.811873
1.700377
1.586107
0.775523
1.766016
1.914695
1.211964
1.795907
1.299074
1.054155
1.160501
1.278604
1.369355
1.854082
1.018262
1.048466
1.336987
1.144203
1.218588
1.042569
1.111098
1.252074
1.215001
1.170435
1.170435
1.174740
0.868985
0.829678
1.242574
1.123542
1.035314
0.968678
1.095779
1.247255
1.014279
1.328742
1.051758
0.994185
1.300751
0.881311
1.530602
1.677129
1.144213
1.975468
0.983259
1.009253
1.115255
1.027897
1.189401
1.314360
0.804564
1.756095
0.587232
1.520617
1.892877
1.222818
1.353346
1.681496
0.543477
0.467407
1.039817
1.039817
1.021114
0.999269
1.524022
1.368347
1.760493
1.964245
1.877137
1.784490
1.023093
1.492490
1.218436
1.261633
1.817277
1.914928
2.292971
1.548659
1.748553
1.274715
1.012259
0.508603
0.876928
1.594004
1.825332
1.992937
1.711280
1.724834
1.729376
1.451591
1.188553
1.132178
0.954505
1.097428
1.305009
0.857036
0.987537
0.984639
0.970849
1.121284
0.851078
1.050482
1.346325
1.572730
1.496038
1.356602
1.029848
1.126190
0.928163
1.332401
1.189347
1.288027
1.271839
1.296198
1.225854
1.195193
1.027085
0.927152
1.125431
0.533666
2.101977
1.952600
0.436601
0.769402
0.533666
1.038412
1.374515
0.336138
0.518406
1.444114
0.944384
1.825204
1.769321
1.863497
0.984248
1.002305
1.131562
1.922187
1.074734
1.679825
1.925572
2.137049
2.229019
1.797203
1.021419
1.934563
2.501101
1.914928
1.860972
1.223860
1.782821
1.720181
1.278563
1.700217
2.069308
1.606555
1.722478
2.056065
1.621016
1.149086
1.077950
0.956979
1.469181
0.964846
1.291879
1.052117
1.001007
1.109137
1.332687
1.100681
0.946279
0.887608
1.017743
1.281835
1.121284
1.074633
1.113587
1.204343
1.206231
1.367215
1.301784
1.311028
1.233012
1.239701
1.175612
1.701094
2.113696
2.143312
1.744463
0.374620
0.467407
1.152493
1.335558
1.615101
1.175413
1.594887
1.779199
1.777946
1.326332
1.933954
1.835907
1.439557
1.743293
1.894832
1.843371
1.680489
0.887795
1.868127
2.116904
1.250260
1.384006
1.665296
1.115549
1.721437
1.927653
0.805010
1.112214
0.799581
1.043043
0.993082
1.094946
1.496041
1.711152
1.058434
0.983749
1.189613
1.542640
1.075486
1.516544
1.212922
1.084467
1.158131
1.264484
0.979603
0.998495
1.224831
1.146789
1.093903
0.953137
0.997152
1.071818
1.086439
0.809730
0.965355
1.242082
1.001007
1.122894
1.169608
1.221168
1.110358
1.194627
1.043480
1.156388
0.942235
1.291238
1.148350
0.865236
1.177108
0.917432
1.354020
0.844316
1.517617
0.802451
0.770275
1.178935
0.788768
1.803886
1.808519
2.072900
1.810046
0.942137
1.549347
1.781933
1.764778
1.674228
1.231968
0.553533
1.443760
1.864709
1.218435
0.644811
1.518915
1.633642
1.616394
0.805010
1.398524
1.308375
1.042121
1.373842
1.045388
1.304552
0.977699
0.816920
1.234283
0.956234
1.132950
1.205438
1.206018
1.076514
1.049043
1.372198
1.006164
1.052599
1.271271
1.386511
1.088015
1.267567
1.124710
1.027181
1.292284
1.268270
1.176593
1.012310
0.994141
1.045759
0.906873
1.351566
1.242537
1.148350
1.188075
1.129898
1.574937
1.583878
1.135491
1.198300
1.401344
1.042395
1.035646
0.893137
1.129805
0.857935
1.051458
1.025726
1.495329
1.107186
0.962201
0.687806
1.940537
1.770187
1.768525
2.006796
1.648272
2.152745
1.084389
1.930272
1.727972
1.981614
1.428276
1.889706
0.730679
1.730494
2.191243
2.170418
0.883888
1.070876
1.176520
1.627361
1.133549
0.938722
1.493554
1.976291
1.923490
1.604998
1.400166
1.138756
0.980727
0.875345
0.981903
1.084200
1.059422
0.955540
1.188674
1.110160
1.101585
1.275946
1.071942
1.282239
1.167629
1.106382
1.048676
1.035374
1.205004
1.392642
1.213541
1.156397
1.137843
1.330378
1.078948
1.204082
0.944975
0.917432
1.478336
0.986241
0.860388
1.246857
0.728928
1.702188
0.889047
0.755049
0.963255
0.652816
1.165961
1.648833
1.831933
1.829505
1.876287
1.646570
1.271758
1.137090
1.265660
0.918366
1.560668
1.578840
1.431088
2.037632
1.540918
1.081545
1.081545
1.805260
1.961077
1.743293
1.427350
1.251204
1.021187
1.308829
1.891389
1.549736
0.990163
1.306849
1.546371
1.890259
1.940581
1.713613
1.538514
1.482247
1.514191
1.949005
2.146592
2.044249
1.762944
1.926558
1.423085
1.117313
1.600095
1.546859
1.104210
0.952474
0.883480
1.487328
1.047827
0.965618
0.881447
1.068465
1.093970
1.022603
1.032476
1.303922
1.156687
1.357972
0.937662
1.220552
0.742221
0.977965
0.865011
1.021851
1.290319
0.989734
1.075987
1.439059
1.044294
1.056103
1.152636
0.987200
1.132800
1.169885
1.220501
1.142622
1.201860
0.827816
2.005366
1.559871
1.672586
1.336061
1.552507
1.243183
1.214607
0.915166
1.248731
1.483150
0.942137
1.745507
0.991605
0.894983
1.303988
1.612576
0.538399
0.495154
0.872117
1.393988
0.535628
1.741045
1.912782
0.945798
1.270448
1.293273
1.117226
1.423085
1.303155
1.114661
1.013268
0.928628
1.612201
1.020934
0.588747
1.039634
0.860792
1.283535
0.944763
1.617624
1.505129
1.549723
1.157691
1.302773
1.241043
1.026024
1.101123
1.061412
1.136130
1.176371
0.964124
0.975263
1.150700
1.029732
1.401192
1.211228
1.178043
1.255831
1.095824
1.004624
1.182578
1.134746
0.978440
1.105781
1.247995
1.039956
0.735512
1.253338
1.057371
1.731313
1.091268
1.308074
1.325583
0.779230
1.409940
0.933803
1.339601
1.888929
1.137030
0.758457
1.168026
1.434723
1.455120
1.387482
1.907310
1.772788
2.049535
1.719396
0.962656
1.392962
1.484082
1.568472
1.692832
0.846403
1.603957
2.094829
1.855124
1.721713
1.568139
1.744425
1.439281
1.865874
1.244376
1.844547
1.386259
1.137045
1.224913
1.823412
0.979711
0.907054
1.587945
1.638844
1.773272
1.225162
0.939477
1.013625
0.994621
1.128340
1.018627
1.128525
0.952671
1.052689
1.030243
0.957253
1.191140
0.981419
1.069548
0.940512
0.807931
1.022013
0.921672
1.435652
1.116405
1.225189
1.037289
1.072742
1.747243
1.006813
1.142371
1.312745
0.947441
1.795700
2.059813
1.662763
1.480874
1.243302
1.205348
1.295377
1.638922
1.392871
1.535042
2.220886
1.909520
1.231822
0.933528
1.360949
1.065624
1.309340
1.908627
1.856596
1.271110
1.904021
2.042486
1.423590
1.795691
2.100455
1.990357
1.148610
1.077333
1.131631
1.450893
1.833498
1.073427
0.728432
1.146047
1.527397
1.028984
1.064365
1.090144
1.271926
1.546650
1.316359
1.503898
1.035375
0.969269
1.778567
1.739463
1.830407
1.382704
1.790961
1.742068
1.403670
1.198200
1.006773
1.084734
0.954661
0.979517
1.018990
1.061897
1.100625
1.147590
1.211169
0.802381
1.377022
1.201915
1.047628
1.003997
1.137448
0.951516
1.017154
1.206454
0.852445
1.084904
0.857632
1.115588
1.155390
1.501942
1.501942
1.115779
1.117582
1.125337
0.936792
1.035869
1.078609
1.697540
1.152969
2.221676
1.096129
1.473701
1.262570
1.289667
1.166369
1.824345
1.826042
1.173265
1.368368
1.109676
1.355021
1.077063
0.933528
1.853508
2.045959
1.919806
1.795691
1.573451
1.645581
1.625775
1.624975
1.319036
1.270077
1.049700
0.941037
1.867018
1.381903
1.272415
1.283905
1.600041
1.315508
1.595415
1.171254
1.709562
1.843980
1.085830
1.944687
1.843980
1.589069
0.956134
1.303134
1.023697
0.946653
1.033148
0.905780
0.995129
1.217071
1.006820
0.882678
1.111541
1.032796
1.007725
0.965896
0.928383
0.934539
0.933809
1.096400
1.182662
1.000364
1.067219
1.131710
1.025138
0.981735
0.953570
0.703161
0.634813
1.295300
1.021246
1.639365
0.528097
1.096061
1.237708
2.082200
1.655197
1.937065
1.842288
0.895998
2.070718
1.197548
1.347777
1.849914
1.690356
1.531174
1.602889
1.780545
1.494361
1.115376
1.675252
1.752218
1.753797
1.748843
1.926907
0.926901
1.988896
0.952185
1.824773
1.028368
1.912379
1.069325
1.644641
1.426893
1.827789
1.652992
1.579774
1.371400
1.422015
1.168459
1.278030
1.838878
1.837923
1.634351
1.930961
1.702478
1.175257
1.199908
0.995112
0.979035
1.016036
0.868425
1.319362
0.986923
1.148112
1.194345
0.937255
1.023978
0.918412
1.009811
1.113963
1.028012
0.753974
1.127072
1.186045
1.127072
1.580234
1.477264
1.081047
0.805130
1.080142
1.569398
1.761181
0.949540
2.101992
1.400260
1.239731
1.115770
1.016707
1.437776
1.861149
0.932362
1.072527
1.732038
1.438625
0.977164
1.633963
1.582093
1.694974
1.921771
1.648123
1.552388
1.709075
1.262189
0.491953
0.704043
0.675873
1.341249
1.818246
1.791478
0.989186
1.028766
1.471094
1.084849
1.226666
1.751837
1.333873
1.059682
0.975685
0.954484
1.218769
0.963504
1.564591
1.963924
0.992386
1.008501
1.539265
0.944050
1.519838
1.736323
1.435301
0.935688
0.963159
1.156283
0.951901
0.918522
1.141458
0.884473
0.846523
0.889525
0.937256
0.988478
1.242110
1.378101
0.795338
1.770678
0.758186
0.797112
0.634813
1.306325
1.025180
1.299056
2.000072
1.993804
1.184617
1.460868
0.949540
1.038552
1.090896
1.650163
1.470836
1.138649
2.074209
1.640276
1.136081
1.231574
1.819269
1.025207
1.246512
1.808238
1.288683
1.393825
1.905734
1.782769
2.049067
1.889378
1.828609
1.651177
1.640260
1.794412
1.289666
1.626543
0.942072
1.865810
1.874856
0.839868
0.726365
1.635450
1.297563
1.154637
1.379219
1.707498
1.402331
1.175984
1.122083
1.227814
1.089675
1.447924
1.959075
1.671312
1.718021
0.860694
0.692657
1.637261
1.559428
0.888284
1.499906
1.323060
1.285203
1.434731
0.972018
0.912151
0.894787
0.964240
0.914995
1.069185
0.755233
1.041172
1.039577
1.183322
0.910224
0.942910
1.035848
0.842577
1.291981
0.928861
0.836849
1.017354
1.002180
1.509445
0.721683
2.042671
1.404107
0.985821
1.077883
0.866205
1.223392
1.537091
1.281482
1.326312
1.579547
1.590384
1.752684
1.265713
1.995168
1.768741
1.785923
1.361251
1.869689
1.500428
1.475949
1.475015
0.780860
1.246683
1.246217
1.646503
1.141472
1.544006
1.076051
0.853103
1.242558
1.486766
1.908021
0.949697
1.684868
1.404129
1.029902
1.015422
1.318199
1.035677
0.978046
1.101310
0.878932
1.124609
1.058657
1.004035
1.133859
1.303964
1.341513
1.676137
1.584683
0.919910
1.888257
1.677406
0.950127
1.728236
1.403588
1.068405
1.369293
1.337178
0.902060
1.403672
1.192349
0.845001
1.053050
1.163942
1.602847
1.825421
1.699365
1.735894
1.845544
1.298274
0.919418
0.853731
1.548101
1.417323
1.422968
1.692662
1.442956
1.730705
1.658749
1.931594
1.228527
1.724225
1.571677
0.895028
1.857004
0.838585
0.726365
1.104515
0.849795
1.099984
1.283760
1.483705
1.395429
1.027560
1.207146
1.176856
1.368707
0.990788
1.052138
1.160252
0.908837
0.982310
1.327545
0.880151
0.903478
1.340347
1.372354
0.952278
1.148867
1.003736
0.969744
1.469121
1.135973
1.436916
1.512213
1.434069
1.009972
1.302161
1.518057
1.429906
1.647270
1.108258
1.483369
1.759786
1.322004
1.837243
1.056466
0.997244
1.066832
1.033818
1.132094
0.930347
1.775043
2.079794
1.782423
1.496731
2.082905
1.915139
1.718041
1.138950
1.239015
1.420595
0.753718
1.113180
1.438494
1.496441
0.898685
1.569305
0.942667
1.104122
0.915212
1.012023
1.060742
1.118183
1.124640
0.926899
1.894595
1.123351
1.813836
1.799716
1.339790
1.314016
1.313459
1.382991
1.257604
1.437708
1.640732
1.597191
1.079625
1.864156
2.106429
1.866967
1.828682
1.850912
1.853044
1.976039
1.842840
1.954816
0.950831
0.954116
0.883975
1.127579
1.270476
1.667040
1.358555
1.159310
1.237740
1.187416
1.119003
1.353987
1.474934
1.482146
1.126384
1.148639
1.339288
1.328113
1.288886
1.284836
1.053035
1.438377
1.857180
1.561556
1.444876
0.900696
0.847823
0.835648
1.146278
1.070524
0.988816
1.521412
1.585450
1.319578
1.155981
1.948282
1.512973
0.905100
0.753447
0.827971
1.469924
0.603626
0.603626
1.251629
1.018139
1.378429
1.147622
1.033818
1.016628
1.041664
0.892753
1.118658
1.138547
1.255255
1.228106
1.464448
2.107900
2.011420
1.350989
2.059450
1.494636
1.805021
1.681300
1.772378
2.046743
1.867342
1.248813
1.986085
1.841863
1.235135
1.294405
1.012071
0.858341
1.034116
1.169619
0.937120
1.214467
0.952624
1.011945
1.149029
1.415588
1.681196
1.077003
1.164975
0.992943
1.027716
0.760064
1.053173
0.655760
1.145060
1.929870
1.700876
0.957075
1.697548
1.825776
1.436001
1.034988
1.558447
1.139185
1.321654
0.996864
0.753447
1.427983
1.280853
1.100367
1.063440
1.715379
1.866120
0.894426
1.459555
0.981978
0.828885
1.062782
1.226765
0.965327
1.686200
1.884015
2.008715
1.445837
1.661502
1.237610
0.548296
1.501965
1.831243
1.874378
1.880699
1.235135
1.261498
1.080728
1.088289
1.051300
1.082053
1.293792
1.192560
1.315644
1.140508
0.996597
1.200979
1.012645
0.972173
1.682023
1.099136
1.041035
1.022639
1.097233
1.006511
1.095874
1.136992
1.024520
1.086400
0.979043
0.984501
1.119111
1.300183
1.154216
1.211520
2.204698
1.981674
1.372185
0.950666
1.092053
1.157103
1.179046
0.819205
0.823758
1.115562
1.585019
1.023175
1.925797
2.119054
1.871719
1.921670
1.899423
1.997354
1.962328
1.803845
1.470224
1.557356
1.949692
1.805908
1.507174
1.413332
1.726584
0.889037
0.975636
1.010219
0.981590
1.114878
0.911295
0.833443
1.168006
1.083247
1.027080
1.041041
0.841476
1.878992
2.028952
2.084412
1.005339
1.989356
2.094885
2.026982
0.841028
1.347965
1.081448
1.000189
1.108116
2.347525
1.967867
1.177245
1.933511
1.763060
1.706086
1.924577
1.038607
0.376607
0.664380
1.228319
1.636144
1.317914
1.481365
1.235302
1.140737
0.980954
1.067289
1.092451
1.031168
1.380924
0.932508
0.838309
1.028997
1.099136
1.004221
0.899237
1.332687
1.445118
1.672188
1.747937
1.314178
1.705788
1.037011
1.749400
1.614814
1.232534
0.599291
0.945765
1.257559
1.224527
0.976570
0.905774
1.172667
1.407299
1.087781
1.802748
1.562128
1.906659
1.803876
0.969690
0.875028
0.946826
1.205202
0.954238
1.297326
1.753465
1.862135
0.797032
0.825992
1.468840
1.850253
0.850374
1.230136
1.957949
1.274659
1.230387
1.223219
1.317392
0.767752
1.107461
1.023384
1.014421
0.881442
1.029443
1.009395
1.144982
1.267215
0.918418
1.104710
1.081831
1.048841
1.067855
1.055993
1.279712
1.133066
1.339579
1.016753
2.083865
1.626316
2.440895
2.095220
0.861864
1.973548
1.647846
0.957946
1.155796
1.285609
0.701063
1.145310
1.060299
1.182967
1.445049
1.087781
0.724257
1.063072
1.154882
0.589863
0.982326
0.821468
1.338820
2.083266
1.792939
1.815225
1.793388
1.189252
1.277904
0.675042
0.986185
1.789621
1.228319
0.860793
1.064334
1.299690
0.669048
1.161826
1.182182
1.016200
1.051681
1.123305
1.070763
1.100313
1.017137
0.970901
0.922343
0.848684
1.022292
1.317832
1.022153
1.141880
1.075225
1.098937
1.070430
1.654259
0.614958
1.975161
2.165895
1.957446
1.019828
1.591664
1.752940
1.419548
1.503320
0.740010
1.720099
1.757743
1.530679
1.884871
1.431962
1.527959
1.212091
1.927610
1.836542
1.368891
0.906543
1.893829
1.973815
1.909526
0.876389
0.290697
0.470901
2.112055
1.089114
1.220973
0.966936
1.103374
1.239165
0.876720
1.052074
0.954539
1.173402
1.087435
0.913315
1.048923
1.113773
0.986121
0.861034
0.961290
0.993700
1.073179
1.097836
0.934101
0.956558
0.893629
1.263358
1.682027
1.038023
1.697586
1.573693
1.039350
1.338046
0.499419
1.754330
1.821388
1.738677
2.001917
1.699473
1.120075
1.115093
0.893753
0.960783
1.819881
1.819272
1.758342
1.760023
0.759963
1.029507
1.593872
1.997670
1.322441
1.202239
0.835745
1.108274
1.218150
1.038654
1.198658
0.958182
0.892828
1.123634
0.965762
1.083453
1.056749
0.927896
0.998127
1.077887
1.659208
1.406053
1.724128
1.405453
1.698306
1.995204
1.964593
1.580636
1.666974
1.022621
0.792850
1.360445
1.339797
1.344668
0.690072
1.175561
1.197382
1.526618
1.493956
2.200232
1.914517
1.884104
1.957389
0.351385
1.283282
1.889787
1.114818
0.654048
0.734915
1.055395
1.215103
1.081726
0.937383
1.323656
1.205026
0.916920
1.067414
1.784865
1.505335
1.105124
1.695691
1.364473
1.147291
1.210040
1.693934
1.866091
1.354712
1.238403
0.986440
1.302586
0.525405
0.525405
0.570222
1.114413
1.353008
1.676275
1.012382
1.428947
1.120436
0.939278
0.927756
1.049900
1.023444
1.528466
1.696489
1.934975
1.959091
1.833813
1.807517
1.796169
1.929220
1.217947
1.700918
1.692280
0.596563
0.888941
1.133787
0.796650
1.688708
1.030212
1.011066
0.711419
1.017305
1.040750
0.870650
0.998287
1.323864
1.123052
0.865959
1.070231
1.258418
1.205163
1.081705
1.366331
1.088546
1.037693
1.202603
1.106615
1.130313
1.143968
1.291165
1.531484
1.224736
1.046107
1.108538
1.278196
1.062908
0.637290
0.887107
0.480491
1.557313
1.732402
1.893951
1.989268
1.536178
1.327094
1.786904
1.832926
1.505735
1.883780
1.485674
1.395748
1.693331
1.266773
1.525468
1.722849
1.663398
1.952127
1.340885
1.817764
1.721953
1.016973
2.076315
1.405047
1.876023
1.519545
1.072724
1.531661
0.820769
1.411969
1.553526
1.511270
1.301207
1.325346
1.074228
1.078598
1.328761
1.256595
1.194379
1.036586
1.279502
1.224100
1.871821
0.897118
1.231327
1.007676
1.901881
2.003124
1.933544
1.769942
1.752643
1.802046
1.849309
1.489975
1.650285
1.377008
0.434603
1.116572
0.983574
1.466458
1.454573
1.086242
1.001031
1.575493
1.712014
1.872686
1.040005
1.188009
1.185811
0.885772
1.750063
0.840260
1.834741
2.004281
1.832038
1.710399
1.590029
1.763737
1.781601
1.765897
1.023252
0.735586
0.994996
1.291185
0.871439
0.846413
1.041810
1.643490
1.397403
1.355674
1.074548
1.349162
1.059190
1.105466
0.805396
0.994544
1.084824
0.979442
1.147784
0.885730
0.988514
0.912618
1.240625
1.247718
1.201046
1.037399
0.886463
1.044699
1.121521
1.315095
1.475551
1.834770
1.548370
1.812032
1.906542
1.050013
1.914152
1.050013
0.582700
0.434603
1.924415
2.010222
1.148680
1.045954
1.504276
1.445194
1.500544
0.969424
1.526445
1.678217
1.280914
1.423872
1.472124
1.527211
1.203749
0.840142
0.875000
0.915640
1.636214
1.571037
1.460209
1.357423
1.664396
1.448084
1.038179
1.826019
1.836472
0.658510
1.130299
0.990089
1.315994
1.275998
1.082856
1.139837
1.346474
0.962903
1.207177
1.025382
0.996708
0.983228
1.217824
1.288117
1.051748
0.959808
1.359648
1.102206
1.164508
1.663458
1.874905
1.561959
1.948314
1.097684
1.050013
1.013456
2.010222
1.878125
1.810908
1.148680
0.843331
1.215280
1.789540
1.593877
1.949147
1.867627
1.912679
1.161508
1.487759
0.985903
1.212663
1.439072
1.119780
1.143062
1.898338
0.895168
0.872357
2.061800
0.979262
1.193437
1.182318
1.823340
1.763343
1.482654
1.029507
1.915469
1.135604
1.071071
1.094846
0.946683
1.310917
1.273916
1.067983
1.330922
1.033730
1.256901
1.248967
1.027315
1.126349
1.287342
0.974069
1.183688
1.113036
1.126614
1.086390
0.989914
1.219145
1.368584
1.146770
1.003982
0.975233
1.172688
1.285032
1.164301
1.051243
1.766050
1.840983
2.003808
0.549669
1.382253
1.748143
2.211128
1.380329
1.939456
2.064365
1.516046
0.969424
1.657286
0.673850
1.285692
1.346367
1.119780
2.013524
1.767585
1.912765
2.060789
1.523430
0.898856
0.679236
1.726659
1.162898
0.894938
1.047967
1.164924
1.375264
1.170737
1.324379
1.018655
1.316252
1.242514
1.461537
1.110482
1.215772
1.622038
1.480077
0.999323
1.083093
0.908124
0.924332
1.003980
1.155876
1.056106
0.896883
1.331122
0.956795
1.162768
1.520860
1.085288
1.149672
0.735079
1.886363
2.017934
1.569805
2.111839
2.174529
1.932026
1.758847
1.963433
2.126966
1.324774
0.813738
0.933208
0.939278
1.523701
1.420173
1.671786
1.755168
1.931135
1.897083
1.872472
1.679540
1.637057
1.704683
1.253683
0.973402
0.441699
0.451008
1.083884
1.011798
0.833384
0.950014
0.919866
1.023784
1.041144
0.983460
1.150437
1.031279
1.231605
1.169303
1.043813
1.283914
1.490121
1.618112
1.189519
1.330021
1.160008
1.057545
1.329065
1.185072
1.211031
0.985946
1.515682
1.045373
1.183228
0.703790
1.938027
1.531777
1.996412
1.470126
1.395172
2.356050
2.242301
1.634134
0.854301
0.955846
1.727678
2.120756
1.441602
1.687155
0.788448
1.988493
1.198940
1.684868
1.658220
0.866782
0.995442
0.820289
1.343133
1.275257
1.089620
1.173488
1.425268
1.242514
1.286074
1.133589
1.057903
1.408877
1.072045
1.378713
1.486965
1.340527
1.025382
1.007570
0.901793
1.629745
1.003678
1.278375
0.903351
1.152012
1.520059
1.599712
2.140721
2.187593
2.181606
1.972212
2.084866
1.741689
1.862665
1.665369
2.094656
1.478592
1.716985
0.989796
1.123924
1.011688
1.413433
1.235964
1.236987
1.707462
2.047815
1.584527
1.423217
0.808524
1.334971
1.501527
0.950792
0.628269
1.011100
0.823385
1.355170
0.971716
1.165785
1.362034
1.275257
1.082752
1.289087
1.214496
1.402187
0.883230
1.498574
1.094261
1.126111
1.522190
1.765880
2.160831
1.331216
1.721126
1.145614
0.921119
0.938709
1.953738
0.840700
1.310774
1.220257
1.883605
1.543228
1.751888
1.982060
1.749673
1.612999
1.753713
1.051123
1.013075
0.748878
0.250762
0.982460
1.243735
1.176469
1.179586
1.317410
1.338742
1.243086
1.281656
1.239130
0.912205
0.890922
1.081983
1.122956
1.278906
0.951598
1.731748
1.435892
1.595249
1.396570
1.505276
0.960721
1.248955
1.190426
0.975697
0.963758
0.632650
1.354262
1.691176
1.939475
1.814861
1.241323
1.774220
1.624498
2.111654
1.131598
1.257874
1.050044
0.982783
1.184368
1.355604
0.869513
0.970058
1.718833
1.623531
1.741394
1.589633
1.053462
1.055343
1.822046
1.648164
2.006003
1.111770
1.777634
1.754430
0.958443
1.515790
1.013075
0.917782
0.403680
0.876215
0.283008
1.104871
1.095797
0.810652
1.476873
1.165366
1.041144
1.271837
0.977571
0.986724
0.875853
1.011987
1.256912
1.290455
1.101931
1.349687
1.117733
1.045374
0.930341
1.005812
1.122132
1.195240
0.966007
1.006439
1.118018
0.866768
1.238129
1.835129
2.177914
2.294444
1.740331
1.384364
1.544299
1.589601
0.813738
0.975466
1.015006
1.597587
0.848941
1.603501
1.312802
1.820355
1.413214
1.165591
1.312689
1.971148
1.782075
1.717966
0.987652
1.137501
1.481273
0.900777
0.975289
0.885164
0.777066
1.048895
1.220968
1.315059
1.182214
1.030829
1.073724
1.074503
0.943717
0.893650
0.962913
1.756986
1.353746
1.691731
1.429774
1.347854
1.285140
1.249025
0.846146
0.782668
0.797694
0.500107
1.128233
1.686356
2.022414
1.069257
1.663693
1.257998
1.078020
0.967473
1.757691
1.495641
1.511148
1.413067
1.856849
0.971830
1.082364
1.176433
1.351040
0.924688
0.848085
0.927670
1.021711
1.377964
1.152068
1.154802
1.382750
0.961943
1.156735
1.587608
1.137190
1.235380
0.931506
1.734916
1.433731
1.057241
1.656124
1.812796
2.083480
1.215188
1.369059
1.116775
0.825634
1.612874
1.858355
1.875470
1.089424
1.531352
1.197552
1.131000
1.438464
1.139336
1.166333
1.444566
1.209810
1.147318
1.219287
1.040756
1.281420
1.361952
1.110946
1.527395
1.131369
1.330957
1.636364
1.709293
1.592087
1.064584
1.557879
1.186428
1.794028
1.945238
1.670100
1.363273
0.949411
1.694593
1.747813
1.263448
1.373637
1.196111
0.993365
1.506477
0.908968
1.858343
1.504711
1.795614
0.896001
1.108853
0.889229
0.965642
1.803719
1.221910
0.969923
1.135530
1.067662
0.912518
1.043648
1.216403
0.946485
1.204020
1.131043
1.089235
1.282894
1.276930
0.979295
1.692255
1.099941
1.743214
1.679194
1.386058
1.443753
1.640252
1.159596
0.872176
1.113504
0.833273
0.685266
0.477607
0.710821
2.113912
1.369343
0.947332
1.197186
0.953311
1.669577
1.824460
1.840015
1.534732
1.740134
1.720672
1.755212
1.384217
2.001192
1.139019
0.933744
1.106716
1.059382
1.067026
1.264156
1.424155
1.129227
1.049177
1.205626
1.041361
1.245873
1.550631
1.311913
1.377980
1.491939
1.768642
1.861263
1.599645
1.564654
0.521011
1.006439
0.958136
1.220672
1.198922
1.005316
1.070818
1.913220
1.771014
1.324163
1.394645
0.742157
1.082986
1.403943
1.684548
1.302797
1.786780
1.386203
1.994578
0.901290
0.907816
1.601012
1.847993
1.809922
0.922106
0.691290
1.087250
1.251290
1.238336
1.216487
1.084819
1.127318
1.204062
1.116416
0.872988
1.234765
1.246468
1.240027
1.307301
1.317033
1.310072
1.127832
1.925695
1.387525
1.429579
0.967411
1.015949
1.383891
1.129679
1.053528
1.036239
1.314856
1.178843
1.280913
1.461771
1.337166
1.774908
1.784473
1.626922
1.519320
1.762117
1.139449
1.890571
1.737144
1.622777
0.817323
1.093117
1.307561
0.812002
0.789659
1.144240
1.128481
1.243120
1.130959
1.211761
1.100013
1.002106
1.167365
1.431358
1.371186
1.224417
0.536749
0.915728
1.990489
1.784265
1.065618
0.782668
1.610659
1.206277
1.032224
1.272569
1.286324
1.421975
1.122311
1.256163
1.322183
1.453704
1.660417
1.398611
1.626070
1.801823
2.102411
1.155141
1.024686
1.662257
1.680766
1.546293
1.417333
1.133317
1.261785
1.111669
0.977891
0.955863
0.899898
1.115002
0.951791
1.097164
1.302277
0.566827
0.997270
1.138691
1.153368
1.480772
1.251820
1.466582
1.383508
1.244065
1.298970
1.076641
1.781057
1.875684
1.337265
1.851061
1.035929
1.227569
0.950529
1.024718
0.983418
1.066795
0.924511
1.756979
1.615632
1.855183
1.870065
1.545947
1.806385
1.134677
1.411242
1.157420
1.669692
0.986848
1.264003
1.596579
1.957492
1.735301
1.693859
1.312035
1.401976
0.922018
1.838544
1.231083
1.183475
1.314149
0.979826
0.840400
0.827023
0.846849
1.066380
1.100149
1.097721
1.287590
1.254755
1.119891
1.131756
1.700034
1.117678
1.022871
1.159982
1.036264
1.064432
0.962640
0.911209
0.950323
0.867505
0.895866
1.373737
1.171046
1.178596
1.249389
0.924836
1.150865
1.289610
1.477538
1.622875
1.516847
1.567253
1.601012
2.003034
1.012304
1.873834
1.911901
1.183519
1.039649
1.168879
1.139239
1.134469
1.192002
1.247268
1.052095
1.178917
1.238336
1.022225
1.022225
1.413194
1.119699
1.198533
1.235457
1.338699
1.375256
1.457869
1.856999
1.107479
1.171914
1.601647
1.670931
0.969733
1.515530
1.560962
1.097489
1.548699
1.672647
1.114849
1.355931
1.241699
1.063618
1.675086
0.933219
1.592456
0.955863
0.998945
0.807212
1.018577
0.944437
1.354469
1.079511
1.157759
1.304906
1.193602
1.299074
1.087361
1.027700
1.375257
1.243473
1.635580
0.980663
1.221604
0.829715
0.989549
0.908338
0.986078
0.748136
0.644182
1.574396
1.155611
1.303345
1.971537
1.789404
2.007065
1.598331
1.309752
1.666767
1.785801
1.160185
1.264264
0.981065
1.319482
1.168323
1.096049
1.081254
1.021135
1.080178
1.235187
1.026575
1.306812
1.304906
1.339282
1.716554
1.768819
1.331146
1.279917
1.300063
1.147491
1.275449
1.251142
1.427372
1.303299
1.006614
1.270280
1.119468
0.906215
1.139236
0.937729
0.793757
0.967227
0.958086
1.775842
1.552122
1.766425
0.828781
1.134470
1.491994
1.647373
1.368267
1.777956
1.377328
1.949051
1.917417
1.578646
1.085087
0.828397
1.051022
1.112407
1.190065
1.225537
1.035816
0.330704
0.649418
1.090739
1.163630
0.927027
1.491612
1.146943
1.408999
1.288630
1.535419
1.772113
1.272874
1.236166
1.337149
1.125653
1.426642
1.219906
0.884122
0.743298
0.875916
1.946309
1.551942
0.993170
1.141792
0.870456
1.409455
1.129712
1.554587
1.488484
1.851839
2.052550
1.387190
1.179246
0.863184
1.003664
0.903292
0.994821
0.665193
1.246932
1.170022
0.996342
1.173172
1.156395
0.947382
0.991800
1.294330
1.548907
1.186288
1.362948
0.896309
0.995494
0.998637
1.529066
1.390214
1.050315
1.262563
1.049573
1.004815
1.194885
1.002603
0.743800
0.892764
0.392946
0.993580
1.306827
1.338804
1.437339
1.449981
1.393293
1.406810
1.154677
1.005831
1.097925
0.976235
1.313046
1.021823
1.413369
1.430373
1.750789
0.873666
1.356009
1.272102
1.498580
1.042921
1.124398
1.218397
1.124398
1.158173
1.031764
1.018595
1.256679
1.169710
1.204075
1.259732
0.925837
0.915034
0.759627
0.649418
1.121518
1.119521
1.340088
1.012842
1.015193
1.462614
1.278030
1.320000
1.328318
1.157800
1.171270
1.031545
1.092924
0.916925
0.917061
0.585846
0.916925
0.981406
0.559292
0.892764
1.191170
1.032224
1.035141
0.748934
0.767848
1.039171
1.213995
1.165937
1.231272
1.183215
2.019328
1.766149
1.285329
1.765090
1.265238
1.549422
1.167849
1.010212
0.845078
1.343433
1.154873
1.703500
1.051051
1.525194
1.004458
0.982027
1.093037
1.105445
1.063799
1.160891
0.981504
1.051130
0.767505
1.059154
0.828635
0.553570
0.282256
1.337067
1.134142
1.020991
1.038035
1.344718
0.982918
1.109757
0.917597
1.712193
1.157800
0.929558
1.208227
1.341453
1.062358
1.023572
0.973744
1.014847
1.180371
1.352524
1.185108
0.981406
1.386342
0.898368
0.614865
1.220268
1.352301
0.863149
1.319891
1.471231
1.164569
0.959869
1.455529
1.390009
1.041998
1.113904
1.574881
1.535863
1.740335
1.578412
1.146837
1.186263
1.070894
2.103179
0.890595
1.709146
0.989283
1.606561
1.578338
1.668956
1.087647
1.051680
0.925908
0.333032
1.177069
1.191973
1.166107
1.026116
0.889088
1.079046
1.537223
1.201602
1.139874
1.255811
1.408529
1.276982
1.149353
0.818253
0.794361
0.843817
0.905093
1.578318
0.944048
1.254367
1.423510
1.358999
1.217570
0.674572
0.593840
1.546529
1.560011
1.135617
0.982686
1.495207
1.467185
1.977894
1.620690
1.666541
0.830996
1.838057
1.018894
0.818029
1.096891
1.265172
1.051130
0.343736
1.217453
1.077483
1.018155
1.273118
0.883505
1.045887
0.926311
0.930951
0.794559
0.840381
1.248983
1.299373
0.889426
0.993515
1.223200
1.058106
1.347710
1.017129
1.180371
1.404634
1.068471
1.520840
1.167506
1.397207
1.608133
1.998542
2.171791
0.898835
1.163400
1.026684
1.057951
1.390644
0.984555
1.321516
0.707185
1.122355
0.753624
0.582061
1.067224
1.584890
1.277145
1.494336
0.980842
1.125451
1.533653
1.971289
1.985133
1.616087
1.825945
1.516994
1.129511
0.849490
1.072010
1.048353
1.000986
0.923676
0.974688
1.301649
1.102963
0.979358
1.358621
0.974379
1.268258
1.226520
1.043863
1.223620
1.126888
1.143971
1.295782
1.073336
1.214493
1.312742
0.962030
1.025321
1.381110
1.137836
1.277080
1.111108
0.949663
1.194450
1.002676
1.928659
1.478584
0.737280
1.812448
1.217570
1.312272
1.312272
1.385005
1.669867
1.037512
1.146225
0.831726
2.063981
1.114866
1.282490
1.610080
1.861832
1.877616
1.587154
1.119178
1.369040
0.982027
0.516538
0.685635
0.998112
0.999212
1.185022
1.011579
1.163081
1.103850
0.995433
1.127473
1.057676
1.519850
1.453256
1.022901
1.001946
1.009127
1.253136
1.331143
1.387356
1.139831
1.077015
1.153796
1.592855
0.944761
1.718158
1.625332
1.692548
1.496028
1.679164
1.591979
0.621076
0.556788
1.279908
1.420935
1.249590
0.718262
1.153600
1.284008
0.345557
0.949195
1.768819
1.927617
1.559097
1.442129
1.644572
1.803088
1.890700
2.009533
1.567205
1.057172
1.213456
0.918422
0.942330
0.730676
1.032374
1.252927
1.346232
1.586271
1.666730
1.031122
1.083518
1.054751
0.851971
0.921262
1.319027
1.049024
1.444607
1.001395
0.866293
1.539489
1.921707
1.455159
0.982686
1.223938
1.187559
1.206034
1.043411
0.421661
0.497150
1.484583
1.004211
1.028297
0.947447
0.986176
2.273567
1.000153
1.076260
1.037846
1.447878
1.819294
0.985988
0.971869
1.309201
1.052904
1.097412
0.333366
1.145425
1.032476
1.062752
1.264528
1.231704
1.198203
1.034100
1.145692
1.096102
0.916907
0.994956
0.911176
1.543051
1.134137
1.252749
1.243712
0.945176
0.999035
0.915642
1.024941
1.015157
1.350144
1.079877
1.031311
1.263576
1.029997
1.199020
2.051793
1.993641
1.523422
0.499846
0.746383
1.886667
1.889932
1.377553
1.693376
1.140760
1.767058
1.601957
2.152194
1.525196
1.640113
1.304476
0.890959
0.986658
1.096836
1.669117
1.909262
1.035728
0.824887
0.390995
0.439183
1.198101
1.276886
1.105790
1.096483
1.139639
1.016317
0.851572
1.252298
1.256418
1.514119
1.089618
1.236553
1.043526
0.889851
0.990347
1.271969
0.992049
1.758389
1.596241
1.220911
2.111624
1.290823
1.721760
1.894083
2.044446
0.767664
1.693661
1.169947
1.156166
1.616907
1.726957
0.410638
1.947545
1.260703
1.402555
1.698682
1.841542
1.427193
1.304476
0.904629
1.159344
1.346623
1.108135
1.321379
0.988341
0.965310
0.946396
1.327127
1.192357
1.124787
1.136324
1.268378
1.196599
1.108333
1.281937
1.013763
0.902793
1.217166
1.470341
1.344284
1.058452
1.120879
1.213082
1.429468
1.069025
0.926516
1.250654
0.857624
1.749182
1.318591
1.665033
1.521588
1.055487
0.995562
1.763432
1.777838
1.926110
1.923025
1.129584
1.281833
0.916346
0.958830
0.860394
1.788113
0.468937
0.468937
1.257985
1.040317
1.029747
2.005987
1.877331
1.834898
1.989970
1.378034
1.545601
1.052512
1.638946
0.975859
0.630045
1.106847
0.966915
1.251963
1.396041
1.053114
1.017889
1.680776
1.072725
0.921576
0.907255
1.080783
0.971071
1.007973
1.049546
0.945891
1.146008
1.032962
1.032800
1.162254
0.974579
1.085485
1.414213
1.614150
1.528798
1.189373
1.107486
1.083837
0.956861
1.867321
1.781857
0.855723
0.738581
1.958050
0.829165
1.082442
1.892226
1.602078
1.886447
1.062975
1.036444
1.558884
1.792957
1.985646
2.120306
2.090459
1.766856
1.210465
1.072258
1.224807
1.361274
1.003162
1.034663
0.993517
1.270327
1.493154
1.052143
1.592914
1.018523
0.996539
0.990367
0.980398
0.955375
0.974455
1.015321
0.973245
1.054735
1.188911
1.448475
1.266866
0.877073
0.780655
1.424658
1.376030
0.995037
1.490541
0.902017
1.016257
1.111658
1.225217
1.940831
1.301108
0.845868
1.183541
0.859631
1.963708
1.943539
0.962922
1.782386
0.936878
0.893976
2.040977
0.915341
1.722570
1.281381
0.912737
0.872053
1.860083
1.628087
2.028370
0.488986
1.377478
1.857009
1.247355
1.463007
1.250208
1.898311
1.111897
1.645310
1.372948
0.786180
1.341031
1.120396
1.129614
0.902270
1.384186
1.005012
1.132960
0.957021
1.088866
1.055429
0.991303
1.180876
1.301390
1.013178
1.248824
1.135967
0.987068
0.978313
0.905742
1.107265
1.452431
1.597693
0.994871
1.064359
1.379611
1.697897
1.135529
1.520371
1.438478
1.256946
1.388656
1.342754
0.959590
1.189065
0.920877
1.016966
1.781316
1.058948
1.104554
0.827437
1.009468
2.125453
1.308401
2.056600
1.873822
1.266794
1.318499
1.030467
1.437136
1.148991
1.870164
1.740689
1.266641
1.234316
0.816990
1.345716
0.834331
0.838787
0.972251
1.025164
1.200958
1.250207
0.997694
1.404471
1.027974
1.095700
1.114834
1.128429
1.255650
1.747871
1.558889
1.650397
1.470333
1.569630
1.256934
1.156270
1.587218
1.636819
1.798764
0.961322
0.929210
0.849944
1.653434
1.198622
0.393005
1.705399
1.998356
2.068835
1.649652
1.623488
1.702618
1.120518
1.084782
0.944561
0.906282
1.473786
1.177465
1.048641
1.139907
1.137097
0.904279
0.957324
1.059326
1.088625
0.912001
0.959565
1.007997
1.261359
1.132960
0.974954
0.903769
0.875999
0.973837
1.015676
1.271625
1.127223
1.029870
1.091816
0.779087
1.019685
1.321000
0.986593
0.991429
1.615580
1.329485
0.948949
1.669385
0.980966
1.451273
1.596636
2.002795
0.956301
0.943373
0.987341
0.852427
1.796493
0.944063
1.012939
0.912830
0.493301
1.451225
1.396547
2.104166
1.359385
1.305721
1.048481
1.112713
1.638622
1.280791
1.106258
1.197330
0.489494
0.385796
0.647196
0.925175
0.987157
0.769555
1.001650
1.231584
0.987283
1.037288
1.248182
1.257506
1.109801
1.166498
0.973768
1.013790
1.013790
1.068571
0.977208
1.064258
1.042701
1.193414
1.407859
1.420046
1.044420
0.908347
1.343102
1.095321
1.211761
1.090314
1.120425
1.831682
1.502755
1.079262
1.243373
1.558318
1.252172
0.890928
1.137192
1.051288
1.023383
1.166006
1.814043
1.124936
1.824034
1.150361
1.235752
1.828022
2.110470
2.145180
2.001341
1.501391
1.206179
1.236075
1.269296
1.749714
0.990030
1.152275
1.038799
1.623611
0.356641
0.937916
1.087545
0.949461
1.202623
1.000597
1.006196
1.006196
0.978270
1.116850
1.007876
1.474716
1.575669
1.276468
1.285638
0.918309
1.028078
1.537479
1.473264
1.033237
0.958906
1.636412
1.114968
1.182623
1.501391
1.258385
1.089309
0.425581
0.665252
1.237322
1.003464
1.017794
1.533706
0.840847
0.961601
0.438328
0.531045
0.884220
0.791075
1.043660
1.098016
1.289503
1.259809
1.143248
1.364557
1.214829
0.956125
1.158375
1.165276
1.040762
1.173769
1.277470
1.035207
0.984724
0.896103
1.044605
1.597627
0.958569
1.632252
1.496046
0.979663
0.899283
1.946262
1.625733
1.333929
1.979428
1.462563
1.895558
1.826547
0.700324
0.882722
0.804290
1.017140
1.055691
1.270903
1.296877
1.048729
0.947702
0.804857
0.564102
1.257701
0.942403
0.851274
0.833866
1.031610
0.942211
1.535668
1.027316
0.927380
1.152875
1.170117
1.142109
0.990289
1.354585
1.291968
1.207994
1.296786
1.076996
1.202161
1.211633
1.154294
1.084762
1.079446
1.449119
1.150834
0.880944
0.978452
1.840164
1.095349
1.381306
1.237019
0.901215
2.103610
0.740022
1.418511
1.837811
1.633811
1.309058
1.351380
0.993702
1.071329
1.324142
1.150699
0.832252
1.207424
0.994262
1.008273
0.991214
1.220049
1.194094
1.065427
1.090315
1.069556
1.133363
1.092660
1.000849
0.980814
0.877381
1.198278
1.123747
1.061939
0.949256
1.200378
1.025477
0.957396
1.154479
1.017914
1.228163
1.055975
1.030645
0.863271
1.373846
0.992547
0.951368
1.454574
1.823286
1.603724
1.579162
1.735343
0.971132
1.697792
1.442385
1.337302
1.127867
1.552877
1.317046
1.118812
1.233323
1.420965
1.059535
0.962556
0.802670
1.115649
1.020295
0.978226
1.171289
1.325643
1.104945
1.203774
1.061420
0.983650
1.112467
1.285475
1.283569
1.368683
1.109063
0.910190
1.194740
1.160486
0.954333
0.995225
1.510785
0.988586
0.875770
1.555179
0.887076
0.880888
1.552038
1.017477
0.817659
1.652041
1.206239
0.994805
0.961638
1.416671
1.050132
1.050325
1.115607
1.128859
1.132161
1.013672
1.052121
1.063082
1.095460
1.045272
1.165120
0.741212
0.898970
0.847520
0.943504
0.982715
0.995776
1.082795
1.231741
1.005847
0.883351
1.007654
0.949952
1.097727
1.675585
1.137140
0.941424
0.850353
1.040099
1.486289
1.041266
1.185746
1.508872
0.801202
0.937772
1.149698
0.972024
1.117875
0.972374
1.048552
1.237248
0.940737
0.910454
1.085642
0.976438
0.913156
1.114804
0.973175
1.065870
0.969875
1.073480
1.068163
0.956203
1.022359
0.905338
0.987216
1.129048
1.120149
1.017457
0.800300
0.924908
1.100376
1.028545
1.488512
1.030464
0.918734
0.984582
0.856689
1.166225
1.237221
1.254609
1.194660
0.957851
1.174059
1.179363
0.985908
1.097306
0.981284
0.996159
0.983149
0.986417
1.147932
1.068588
0.923466
1.076091
1.055971
0.931818
1.008975
0.989906
0.902193
0.880010
0.812267
0.922872
0.973292
1.105807
1.034441
0.880450
0.968346
0.987216
0.762612
0.934494
0.990935
1.115555
1.128703
0.885256
1.043013
0.985597
0.992214
1.043247
1.571919
1.614561
1.866329
1.740633
1.666398
1.066946
1.239505
1.155218
1.054534
0.975930
1.091843
1.028521
1.205872
0.976563
1.057033
1.237144
1.209254
1.506084
1.203985
0.992035
1.015063
1.421245
1.705533
1.063232
1.399539
0.861011
1.092473
0.924990
0.953269
1.073452
1.213640
1.660482
1.212047
0.987609
1.196422
1.077202
0.995363
0.908119
0.795446
0.984882
1.077620
1.274463
1.576523
1.087159
0.889691
0.947847
0.971292
0.958914
1.004044
0.861639
0.894925
0.855556
0.940893
0.963098
1.014106
0.971202
0.962555
1.289249
0.879907
0.853483
0.897322
0.805974
0.993678
1.095901
1.088201
0.956695
0.957346
0.907229
0.805362
0.911999
1.041742
0.920054
0.854741
0.847800
1.157054
0.948372
0.964401
0.874589
0.904301
0.894753
0.733437
0.667452
0.479676
0.569076
0.622651
0.740010
1.109467
1.108139
0.754631
1.746015
1.820904
1.702342
1.532632
1.907665
1.755224
1.322004
1.010394
1.050390
1.477037
1.662713
