7479 1 3
1.100990
1.318187
1.467609
1.181041
1.146646
1.054147
1.135608
1.053392
1.156996
1.531687
1.191439
1.443480
1.400780
1.560977
1.756820
1.767701
1.192106
1.116501
1.499903
1.021664
1.422223
1.546644
1.723451
1.776018
1.793282
1.764743
1.626842
1.677209
1.987278
1.794861
1.971475
1.857982
1.640185
1.483017
1.170809
1.088276
1.070966
1.457679
1.685403
1.003330
1.314047
1.188146
1.250762
1.744075
1.779028
1.984587
1.932757
1.818025
1.787256
1.832547
1.718767
1.501342
1.648572
1.588548
1.343394
1.273858
1.356735
1.590307
1.479324
1.686895
1.107777
1.386449
1.906326
1.965026
2.028145
2.018676
1.338979
2.030252
2.165308
1.973403
1.967483
2.124937
1.593167
1.886763
1.449546
1.779701
1.680745
1.425346
1.539708
1.135956
1.158516
1.590108
1.506302
1.086144
2.089558
2.089558
1.820418
1.514588
1.035564
2.181711
2.019468
1.876527
2.151818
1.774751
1.847330
2.202155
1.990797
2.338519
2.119532
1.543979
2.108853
1.665146
1.884248
2.069777
1.337729
1.512172
1.135033
1.628173
1.679034
1.586540
1.768379
2.305449
1.960999
1.665490
1.973349
2.557835
1.986818
1.630365
1.750690
1.475659
2.263675
1.518221
2.126374
1.288810
2.076674
1.810433
1.697723
1.974674
1.590425
1.143474
1.442668
1.059964
1.007963
1.644637
1.685683
1.257851
2.021854
1.982172
1.984131
2.161206
2.353822
2.093498
1.303706
2.260574
2.002200
2.013335
2.094277
2.335406
1.453049
1.786251
2.009789
1.939807
1.613593
1.520826
1.375778
1.980463
1.261061
1.433455
1.482802
1.402760
1.494342
1.785734
1.610122
1.627827
2.041909
1.768357
1.785126
1.044682
1.738376
1.840153
1.041929
1.006035
1.290061
1.911777
2.317125
2.027433
1.550264
2.356661
2.264478
2.042220
1.995477
2.146187
1.408917
1.359760
1.929378
1.181632
2.110111
2.051526
2.369052
2.115595
2.508274
2.272212
2.431473
1.746233
1.431977
1.353843
1.540806
1.290335
1.747741
1.677864
1.810558
1.799878
1.260976
1.966742
1.153474
1.351389
1.564218
2.331896
2.012781
2.014653
1.479108
1.382243
2.033267
2.021335
2.080505
2.175178
2.111523
1.964795
1.487662
1.958948
2.185012
2.363346
1.440913
1.133303
1.425798
1.291734
1.246166
1.125244
1.303322
1.312495
1.699039
1.442857
1.624297
1.518877
1.294908
1.797629
1.865403
2.188972
2.055744
2.002916
1.428384
2.171942
2.186242
2.175887
1.710598
1.541446
1.932945
2.196219
2.020178
1.962445
1.414259
2.230540
2.049158
2.446015
2.413935
1.377777
1.206016
2.463712
2.715401
2.441139
2.250009
2.335849
1.939907
2.305201
1.841074
2.144428
1.735608
1.103024
1.526748
1.627364
1.517376
1.247135
1.833253
1.972464
1.918345
1.970219
1.965314
2.146159
1.876608
2.005997
1.914166
2.080817
2.207483
2.211136
2.256441
2.338609
2.360705
2.725460
2.573436
2.299043
2.634173
2.350648
1.936439
2.510633
1.307237
1.858037
2.597466
2.539137
2.275002
2.129928
1.481344
2.258239
2.053298
1.440913
1.452316
2.063480
1.564799
1.296189
1.278284
1.816927
1.444385
1.371351
1.631721
1.300086
1.631721
1.908187
1.232335
1.971210
1.899941
1.671141
2.506744
2.034986
1.497276
2.553063
1.276272
2.484090
2.617121
2.329459
2.643132
1.389955
2.804457
2.630614
2.110718
2.018862
2.279045
1.670075
1.501789
2.191124
2.018104
1.865904
1.850168
1.712803
1.256539
1.872615
1.615402
1.797580
2.041448
1.819913
1.951755
2.191528
2.181811
1.971399
2.277800
1.660120
1.662501
2.093143
2.423886
2.242867
2.343747
2.430067
2.424477
2.362349
2.335589
2.635772
1.471278
2.373373
2.140048
1.703550
2.795479
2.722398
2.584191
2.628438
2.596150
2.539986
1.828534
1.858077
1.387067
2.027276
2.223635
1.777138
1.159109
1.125701
1.567927
1.236045
1.678093
1.328544
1.820876
1.778232
1.814815
1.883975
1.272136
1.734954
1.763931
1.709741
1.246166
1.169742
1.964034
1.959769
2.042612
2.005518
2.201988
2.134944
1.463051
1.994138
2.188868
2.466012
2.526201
2.309037
1.841194
1.946199
2.053704
2.117804
1.842184
2.184272
1.672107
1.717818
2.536157
1.700328
1.805183
2.678346
2.584814
2.539137
2.508047
1.909039
2.537259
2.483841
2.812575
2.194832
2.152071
2.009354
1.212993
1.266421
1.477260
1.191157
2.010669
2.115649
1.575237
1.953715
2.068506
1.814600
2.271905
2.310149
2.283687
2.596113
1.931040
2.142871
2.146910
1.746840
1.771552
1.619708
2.364537
2.730695
1.905900
2.537808
2.392470
2.537628
2.359052
2.036895
2.010745
1.510167
1.383654
1.563150
1.068702
1.032705
1.042899
1.058144
1.154223
1.536088
1.666620
1.261542
1.875600
1.837643
1.950635
2.313836
1.943510
1.868759
2.348995
2.583368
1.844546
2.106806
1.730613
2.361165
1.772167
2.193663
2.019246
2.399131
2.401834
2.418103
2.531740
2.602597
1.866690
1.884492
1.323265
1.854695
2.055785
2.583041
2.622387
2.370054
2.724955
1.768847
1.995959
2.116804
1.451343
1.553921
2.436514
2.276156
1.557608
2.063361
1.925922
2.217510
1.425415
1.251382
1.320892
1.032498
1.097054
1.370392
1.287415
1.650263
1.868154
1.944895
2.114467
1.935274
1.771420
1.863723
2.068506
1.776552
2.026660
2.178237
2.132836
1.299178
2.500616
2.332156
1.982594
1.580561
2.242825
2.536865
2.231172
2.473034
2.218832
2.204267
2.316725
2.239528
2.430144
2.427443
2.548061
2.359870
1.867731
2.729477
2.625583
2.667468
2.069469
2.059750
2.332644
1.667582
2.034938
1.839844
1.808125
1.191060
1.756252
1.909079
1.750525
2.123668
1.252590
2.299566
2.340072
1.889318
2.037641
1.538026
1.945454
2.469990
2.536865
1.981473
2.310480
2.329992
1.890325
2.138117
1.848168
1.812893
1.424731
2.597558
2.297888
2.027511
2.670907
2.579620
2.724291
2.428396
2.584817
2.584743
1.555272
2.562520
2.939013
2.238550
1.572294
2.220810
2.008260
2.362146
2.222042
2.124252
1.658840
1.747088
1.284498
1.185809
1.058089
1.499350
1.233953
1.264466
1.230758
1.237031
1.782828
1.697762
1.969571
2.044729
2.156644
2.071172
1.260905
1.295952
1.980372
1.835252
1.995797
2.049184
2.135774
2.452555
2.110508
2.078211
1.925266
2.472342
2.370996
2.194292
1.983584
2.558380
2.071256
2.098796
1.416578
1.614449
1.925326
2.390839
1.621139
2.498977
1.618586
2.649353
1.582690
1.711044
1.873567
2.962818
2.812575
1.522215
2.594604
2.541420
2.465387
2.351502
2.003723
2.167139
1.963262
1.575295
1.377228
1.348251
1.200240
1.130411
1.186636
1.171064
1.553521
1.279198
2.046146
2.055710
1.744299
1.874757
1.949714
1.631390
2.168890
2.321464
2.451759
2.589759
2.386342
2.383725
1.896042
1.814313
2.679848
1.840618
1.651197
2.671503
2.672712
2.013112
2.161254
1.611618
2.022228
2.129242
1.736458
2.148565
2.211578
1.386881
1.996443
1.719562
3.078605
1.866345
2.781236
2.088844
2.656166
1.901541
2.202397
2.083446
1.651827
2.150532
2.073136
1.986184
1.523813
1.451858
1.196177
1.338308
1.004730
1.810423
1.199109
1.807389
1.604229
2.088711
1.957354
1.966306
1.315742
2.439671
2.386750
2.046112
1.795005
2.525321
1.984489
2.525321
2.354064
1.323024
1.980653
1.813117
1.719793
1.992923
1.783275
2.245200
2.531161
2.198775
1.686328
1.644125
2.350473
2.528349
2.495975
1.604500
1.827542
1.901634
2.009591
2.528402
2.037808
1.519568
1.509882
1.340021
1.486318
1.592729
3.028579
2.688240
2.688465
1.869882
1.961733
1.914719
1.999789
2.351502
1.887801
1.936998
1.895683
1.777975
1.355796
1.161363
1.179579
1.215543
1.348274
1.248117
1.282610
1.227684
2.010465
2.045990
1.875841
1.668637
2.391703
2.091178
1.631390
2.149037
1.296409
2.577441
1.507495
1.750251
1.864444
2.802992
2.615668
1.570372
2.604045
2.583209
1.578224
1.889937
1.564061
1.534115
2.133108
2.111556
1.935367
1.680906
1.318082
1.514781
1.557786
3.140494
1.853953
2.498028
1.949389
2.235022
2.159907
1.946388
2.237892
2.379207
1.823787
2.011996
2.125729
1.957814
1.936469
1.680935
1.254025
1.195300
1.200550
1.465386
1.072466
1.118199
1.654655
2.068494
1.353777
1.300806
2.002939
1.202177
1.732069
1.932996
2.209154
1.862681
1.277645
1.131439
2.194448
2.391744
2.173351
1.257590
2.456187
1.352069
2.274524
2.501206
2.759583
2.673450
2.183573
2.520588
1.355927
2.520588
2.714670
2.861254
2.816643
2.704920
1.728828
1.763771
1.877509
1.971770
1.780625
1.859964
2.244045
2.297469
1.657973
2.221152
2.378731
2.245342
1.869301
1.891594
1.597060
2.005975
2.214071
1.590745
2.236886
2.709627
2.183100
2.760691
2.614270
2.205095
2.772579
2.079725
2.097676
2.099417
2.225990
1.379910
1.413503
1.809607
1.074761
1.449972
1.291376
1.342448
1.207013
1.205422
1.284943
1.344400
1.320013
1.137466
1.388668
1.314471
1.256727
1.944360
1.777708
1.799130
2.145643
1.741932
2.586563
2.585303
2.742043
2.405538
1.902723
1.971845
1.412138
2.041151
1.668695
1.610801
2.294240
2.533134
2.311824
1.860563
2.444493
1.935367
1.906408
2.055094
2.479489
1.606484
1.982781
2.674409
2.112215
2.696376
1.760539
1.602622
2.225538
1.869637
1.709283
2.709381
2.379117
2.433405
1.978265
2.456135
2.657342
2.308541
1.745260
2.371538
2.215135
2.233526
2.269148
1.342343
1.105851
1.143075
1.160017
1.264812
1.140465
1.389230
1.220232
1.204614
1.790712
2.080464
2.096841
1.184474
2.044349
1.241701
2.107929
2.444487
2.554843
2.582403
2.599525
2.547099
2.686167
1.620136
1.877986
2.077889
1.848617
2.046778
1.888001
2.124537
1.734711
1.960390
2.003569
2.527711
2.158365
2.761474
1.625713
2.621491
2.320035
2.303848
1.381118
1.192718
1.284352
1.234974
1.087800
1.139825
1.163021
1.375677
1.359639
1.682635
1.916500
2.122097
2.099571
2.068037
1.884247
1.256274
1.938238
2.273862
2.618729
2.422955
2.086135
2.556964
1.324319
2.830828
2.701899
2.044132
2.000320
2.284200
2.715943
1.973013
2.097560
1.586775
1.976696
2.414127
2.553603
1.359773
1.866246
1.899915
1.828544
1.966164
1.786324
1.747381
1.782603
2.103790
2.958172
1.912712
1.871046
2.672197
2.604866
2.653782
2.658673
2.118693
2.198332
2.224183
2.284572
1.960483
2.036335
1.386253
1.457483
1.232734
1.248423
1.481247
1.599204
1.987166
2.142389
2.034841
2.037861
1.827696
2.024689
2.151820
2.234797
2.057957
1.153908
1.904440
2.581426
1.572481
1.753687
2.589034
2.769842
2.583040
1.275566
1.347048
2.750951
2.767258
2.676702
2.652576
2.540894
1.931463
2.561310
2.603806
1.614704
1.627104
2.012536
1.422269
1.851460
1.827639
1.857105
2.199174
2.037804
1.663862
2.004171
1.972625
2.400883
1.794985
1.800357
1.550776
2.559412
2.451281
2.733324
2.615174
2.112166
2.479442
1.539891
1.510722
2.281216
2.307555
2.339626
1.937553
2.244059
1.217634
1.221159
1.275041
1.282405
1.245436
1.275654
1.237170
1.155469
1.250583
1.684516
1.584935
2.626696
1.265488
1.341933
2.584204
2.734836
2.369729
2.340092
1.496668
1.581631
2.272589
1.794501
1.789384
1.730197
1.713150
1.791487
1.649467
1.521083
1.384187
1.557786
1.524086
1.884470
1.960297
2.163784
2.309758
2.615119
2.140037
2.601364
1.981814
1.889038
2.475736
1.184662
1.294460
1.260186
1.153098
1.424514
1.578252
1.449242
1.666804
1.892852
2.120164
1.939819
2.036991
2.093410
1.614353
1.529582
2.139359
2.932847
2.895106
2.970129
1.374109
2.326937
2.254274
1.365376
1.663557
1.880346
1.534006
1.561096
1.582906
1.985976
1.386970
1.412586
1.642755
2.160118
1.852257
1.829159
2.090205
2.294471
1.949728
1.714895
1.587657
1.954144
2.139724
1.700048
1.601110
2.541827
2.545231
2.210084
2.327216
2.347845
1.938499
1.662919
1.810084
1.138453
1.098387
1.404718
1.125659
1.210917
1.088998
1.197211
1.254055
1.305200
1.157269
1.161391
1.277063
1.101636
1.326323
1.265822
1.337722
2.094357
1.977250
1.889113
1.113818
1.101906
1.433239
1.426515
2.670363
3.025722
2.203435
2.080569
2.301773
2.485182
2.218992
2.015102
1.523467
1.544555
1.470006
1.403873
1.526403
2.479163
1.605093
1.913273
1.662740
2.306892
2.197182
2.282248
1.459868
1.304428
1.697929
1.566434
1.505413
1.862220
2.304924
2.293537
2.199723
1.969688
1.700675
2.269853
1.989833
1.727289
2.319374
1.633558
2.034800
2.077776
2.199785
2.035584
1.535390
1.408309
1.145532
1.719029
1.672301
2.188170
1.898479
2.158545
2.066994
2.014909
1.070045
1.086192
1.636530
1.972087
1.155558
2.244164
1.928678
2.771021
2.213379
1.936785
2.617262
1.625534
1.941253
2.375170
2.135952
1.740040
2.227007
1.952660
1.779888
1.875535
1.277541
1.544668
2.011178
2.262449
2.149342
2.208296
2.120674
1.751637
1.895448
1.994699
1.855982
2.504853
2.487450
2.398197
2.528716
1.669168
2.541501
1.586395
2.512764
2.377110
2.354217
1.769401
1.277493
1.222806
1.285117
1.353370
1.484510
1.525952
1.475263
1.345688
1.203247
2.113941
1.932974
2.140509
1.521399
1.902364
1.916979
2.466302
2.525170
2.699902
2.604110
2.474342
1.992473
1.289819
1.266033
1.430077
1.465112
1.865568
2.213379
1.856186
2.439039
1.933963
1.793700
1.578163
1.835099
2.224537
1.615002
1.585230
2.372576
1.726582
1.848526
1.543385
1.536461
1.803332
1.295779
2.060777
1.326530
1.348361
2.012151
1.700675
2.055569
1.887720
2.056629
1.616381
1.707375
2.508871
1.807451
2.617914
2.031789
1.846100
1.860262
2.597727
2.579946
2.596076
2.131801
1.781417
1.457809
1.448736
1.229098
1.189157
1.187413
1.260896
1.194619
1.169779
1.266681
1.333703
1.295105
1.179913
1.410925
1.213391
1.332521
1.448229
2.081651
1.815300
1.247960
2.165097
1.153439
1.038653
2.181737
1.785700
2.335347
2.590889
2.279004
2.689726
2.528398
1.113340
2.411656
1.218612
2.243393
2.516843
2.502122
1.935689
2.484366
1.403873
2.598344
2.082618
1.726513
1.486049
1.752651
1.522294
1.509127
1.374811
2.143873
1.977797
1.694270
1.938922
1.991374
1.852792
1.804183
1.859747
1.816319
1.899134
1.820719
2.116723
1.898118
1.801736
1.563388
1.845218
1.623705
2.153085
2.327589
2.266194
2.427546
2.044231
2.080005
2.063450
1.441490
1.333760
1.157537
1.158649
1.237637
1.144567
1.123178
1.172185
1.280368
1.315651
1.278414
1.147135
1.330064
1.496462
1.461701
1.372604
1.326646
1.979198
2.155231
2.114954
2.214401
1.060507
1.130438
2.140777
2.463572
2.367547
1.285153
1.515803
1.837629
1.287358
1.894493
1.666304
2.035712
2.433395
2.514373
2.683241
1.266013
1.469790
1.300159
1.504850
1.154937
2.425464
1.464019
1.583483
1.131178
2.329126
2.285118
2.315370
2.289043
1.914947
1.532732
1.909405
2.249243
2.164480
2.079251
2.371559
2.085696
2.095125
2.205021
2.121865
1.888294
1.876955
1.858068
1.236763
1.839118
1.524681
1.494215
1.225031
1.160289
1.279711
1.179940
1.208935
1.100579
1.337629
1.387265
1.410713
1.398694
1.532319
1.647966
1.750273
1.652992
1.344495
1.372371
1.437516
1.212802
1.189644
1.215398
1.917174
1.980321
2.217112
2.236904
1.555507
1.333020
1.108636
2.650770
1.958115
1.198720
2.669011
2.507547
2.618183
2.078098
2.497073
1.190235
1.543906
1.429090
1.721406
1.200785
2.024700
2.024700
1.362209
1.500359
1.396723
2.209014
1.997308
1.329313
2.002795
2.410914
2.345696
1.276186
1.491197
2.345927
1.760535
1.727289
2.378520
2.003105
1.740109
2.716887
2.048088
2.673726
1.977024
1.953648
1.862800
1.173923
1.208327
1.148698
1.387622
1.773325
1.552517
1.739107
1.254815
2.092270
2.287067
2.097453
1.135316
1.859087
2.548848
2.486578
2.533981
1.326379
2.630709
2.279319
2.766091
2.549427
1.413515
1.480021
1.459924
2.683241
2.560304
1.570658
1.633911
1.285710
2.465766
1.166225
1.431402
2.371696
1.438725
1.944793
2.031964
1.352799
2.085329
1.467339
2.145849
1.998231
1.412656
2.482202
2.207842
1.327274
1.782697
1.864459
2.399211
1.264159
1.535307
1.514456
1.856697
2.006203
1.925313
1.830665
1.990530
1.847703
2.149417
1.703484
1.967909
1.915081
2.077055
2.282492
2.454034
1.892461
1.985909
1.971885
1.991324
2.354873
2.231423
2.620633
1.949383
1.872539
1.149851
1.205361
1.194406
1.398594
1.265815
1.272181
1.365319
1.222878
1.339519
1.152028
1.231238
1.236943
1.308794
1.626966
1.485823
1.651389
1.607901
1.367282
1.355067
1.617372
1.294968
1.190220
2.214714
1.350695
2.090742
1.935452
1.989517
1.090521
2.280351
1.283427
1.664770
2.302025
1.888039
2.494363
2.614466
2.585332
2.349490
1.415459
1.929447
1.652439
1.355161
1.800265
1.416890
1.347098
2.314010
2.152016
2.008899
1.360512
2.176251
2.025740
2.255847
2.200756
1.353573
1.292148
1.280366
2.210541
1.932675
1.436463
1.778613
1.784596
1.817739
1.912405
2.034439
2.328623
2.000796
2.012269
2.172541
1.890797
1.930443
1.850839
2.374748
2.495935
2.397785
1.678475
1.799534
1.590281
1.724329
1.335562
1.418171
1.406916
1.261751
1.202931
1.304925
1.199627
1.249789
1.150143
1.199218
1.280613
1.578598
1.215847
1.309834
1.260424
1.678192
2.371008
2.095223
1.161290
1.250616
1.858919
1.864639
2.000264
1.397094
1.410272
1.380450
1.327925
1.127553
1.318335
1.787878
1.145418
1.237315
1.821132
1.164671
1.812714
1.952725
1.391029
1.377879
2.186011
1.428367
2.417699
1.273476
1.293564
1.569671
2.293235
2.419592
1.624927
1.730910
2.077055
1.802266
1.867507
2.327064
2.144155
2.057937
1.940964
2.527378
2.399426
1.889670
1.582172
1.718871
1.743394
1.978411
1.774783
1.790680
1.844038
1.489747
1.375819
1.351196
1.332066
1.231238
1.211228
1.498892
1.177294
1.420751
1.285260
1.437667
1.208176
1.976362
2.207686
2.300688
2.209507
1.551878
2.143065
2.217526
2.171007
2.381716
2.475340
1.789075
2.314882
1.817292
2.129740
2.098413
1.615668
1.505168
2.099931
2.356972
1.298685
2.348278
2.240118
2.468937
2.636663
2.006833
1.152986
2.397284
2.151455
2.454123
2.277163
2.109300
1.170710
2.197078
1.258439
2.423896
1.728343
1.563861
1.769819
1.918010
1.792204
1.905780
1.872004
2.753402
2.158261
2.024035
1.960572
1.876713
1.178622
1.619895
1.534468
1.209675
1.202199
1.259454
1.194795
1.310668
1.339728
1.374838
1.235509
1.631677
1.419315
1.561138
1.755728
1.484593
1.361478
1.863103
1.927271
1.538570
2.237025
1.807775
2.232038
2.552478
1.161290
1.162606
1.989291
1.202952
2.018453
2.296442
2.168578
1.288015
2.378835
2.169375
1.519883
1.662845
2.213460
1.070658
1.032744
1.090073
1.362256
1.761151
1.667222
1.810111
1.378379
1.819249
2.026809
1.368794
0.996763
1.009595
1.969714
1.947861
2.362867
2.022852
1.901703
2.071777
1.976081
2.123736
1.936280
2.473724
1.914343
1.985462
1.703646
1.853322
2.046882
1.838044
1.819042
1.924680
2.389200
1.714226
1.678475
2.148343
1.847338
2.038303
1.940276
2.049152
1.250328
1.543346
1.295604
1.172840
1.354860
1.409211
1.319072
1.775836
1.923612
1.757896
1.686179
1.551146
1.361478
1.394745
1.714227
1.279583
1.799058
1.123370
1.985030
2.167241
1.958504
2.018020
2.017441
1.151312
2.013066
1.964040
1.169994
2.757627
2.385563
1.918374
1.547221
1.317489
1.724530
1.781294
1.311867
1.693951
1.233116
1.864898
1.081430
1.072838
2.049480
2.423257
2.540613
2.471007
1.110461
1.290710
1.469526
1.063128
1.775644
1.945082
2.022102
1.910703
2.056212
1.994281
1.951912
2.034412
1.849027
2.041293
1.807460
1.804959
1.865550
2.070328
1.847653
2.657839
1.535351
1.293846
1.830707
1.253687
1.215043
1.376764
1.345104
1.443638
1.461493
1.253093
1.273124
1.354115
1.390154
1.557045
1.308105
1.400533
1.541849
1.302961
1.935488
1.713487
1.602260
1.576951
1.695551
1.692115
2.100312
2.119967
2.207684
2.195138
2.244266
2.552478
1.249238
1.282105
1.129435
2.040732
2.064331
1.164064
2.191423
1.172148
2.647201
1.703428
1.235895
1.958109
1.781206
1.622920
1.220497
1.389958
1.245269
1.745390
1.979520
2.615855
2.632770
1.195533
2.626579
2.528265
1.947064
1.895778
2.588678
0.803133
1.824143
2.222421
2.541409
1.370475
0.868847
1.697022
2.201785
2.110682
1.828721
1.835963
2.154265
1.820978
1.673366
1.809526
1.467390
2.557756
1.738936
1.611297
2.628192
1.442429
1.424323
1.969033
1.938784
1.490944
1.515934
1.485186
1.470416
1.586104
1.421342
1.206936
1.384936
1.328243
1.285742
1.281803
1.242286
1.211264
1.213615
1.268053
1.230326
1.248720
1.131066
1.181888
1.324502
1.199022
1.586143
1.694204
1.879505
1.336681
1.846410
1.718976
1.228143
1.946769
2.431304
2.044753
1.894586
2.136894
2.099641
2.331126
2.543382
1.593552
1.415128
1.155748
1.172104
1.991002
1.607347
1.306723
1.688584
1.410515
1.129559
1.956781
2.317273
2.140639
2.106498
2.188570
2.193300
2.627246
2.232161
1.934432
1.442115
1.295481
2.444956
2.598601
1.823506
1.976191
2.086928
2.091049
2.068842
2.462353
2.327180
1.774783
1.488283
1.488263
1.745899
1.272038
1.458674
1.549881
1.260315
1.962284
1.328850
1.677205
1.181278
1.193812
1.158753
1.192460
1.260713
2.062086
2.269884
2.153340
2.025909
2.098947
2.721632
2.832733
2.519049
2.270853
2.218437
1.403194
1.842817
1.359562
1.403194
1.152629
1.292671
0.964215
0.945174
1.107746
1.157765
1.262307
2.099928
2.413609
1.422309
1.861575
2.055253
2.180779
1.894200
1.895629
2.211199
1.583129
2.248857
1.996399
1.930014
1.764947
1.442562
1.455823
1.386868
1.481612
1.550344
1.441989
1.563971
1.389939
1.427892
1.359928
1.526941
1.526737
2.007742
1.940165
1.315028
1.434805
1.662342
1.333920
1.363106
1.508138
1.552062
1.466953
1.562192
1.165722
2.199566
2.366003
1.973490
1.563398
1.079759
2.344106
2.262052
1.813134
1.185080
1.470089
2.163216
1.650993
1.546519
2.153022
1.330327
2.557484
2.439966
2.046319
1.741630
1.887568
1.801799
2.000250
1.954708
2.046726
1.886911
2.035203
1.509182
2.467632
2.450642
2.656562
1.571823
1.930859
2.550296
2.475143
1.557209
2.377973
2.145184
1.956386
1.983353
1.302693
1.285838
1.714111
1.568152
1.369568
1.452280
1.388331
1.255187
1.262788
1.210596
1.586342
1.296217
1.342364
1.280695
1.747193
1.842997
1.720741
2.523793
1.039552
1.951375
1.966443
2.103853
1.404405
2.285772
2.253258
1.973158
1.994021
1.589004
1.698649
1.710398
1.532918
1.664805
0.971542
0.964033
0.784001
1.034988
2.471612
1.907960
1.808371
2.221337
1.885444
1.271811
0.968735
1.153847
1.125103
1.655299
2.470566
2.618981
1.252774
1.217449
0.998126
1.807516
1.938031
1.956194
2.117536
1.833901
2.255614
1.969267
1.759388
2.053846
1.529795
1.409741
2.244545
1.782346
1.938354
2.228645
1.291188
1.624027
1.489674
1.791270
1.558518
1.708241
1.745675
1.384866
1.475572
1.467766
1.275125
1.436883
1.571344
1.315793
1.323097
1.397822
1.207626
1.464544
1.216712
1.182752
1.412957
1.859767
1.904134
1.729733
1.446975
1.653856
1.164617
1.603691
2.265099
2.125624
1.579553
2.313457
2.264475
1.886240
1.801969
2.100079
1.851079
1.351754
1.142493
1.980071
1.003843
2.101450
1.097692
2.229988
1.964507
1.518426
1.867429
2.163216
1.117622
2.445641
2.062853
1.787433
1.857699
1.012671
1.622684
1.093877
2.229515
2.163849
1.396764
2.222173
2.457892
2.346657
1.682942
1.931654
2.448500
2.346834
2.266464
1.890231
1.834544
1.795520
2.070323
2.473014
2.421782
1.281423
1.649431
1.550245
1.708381
1.796906
1.743082
1.718683
1.263330
1.376722
1.458336
1.580031
2.101632
1.332457
1.916307
1.655297
1.513556
1.439055
1.203138
1.121028
1.656464
1.901165
1.074465
2.497644
1.809439
1.951926
1.026541
1.986686
1.156415
0.980472
2.045295
2.103445
0.972563
1.030555
0.891692
1.113174
1.014373
1.072542
1.618521
2.313729
2.219827
1.961234
1.026012
2.549331
2.093507
2.045252
2.288691
0.965105
1.333731
0.936246
1.055285
2.504137
2.354727
1.712884
1.613886
1.556608
2.019502
1.985186
2.243464
2.175399
1.469426
1.765287
1.980669
1.881580
2.072551
1.642321
1.928904
2.017793
2.427886
1.920318
1.731052
2.142987
1.330406
1.768214
1.483273
1.546790
1.779004
1.821950
1.641418
1.722000
1.360236
1.714288
1.416568
1.716874
1.365114
1.738221
1.287278
1.191404
1.201099
1.290971
1.489443
1.102129
1.629506
1.990486
1.997385
1.730367
1.895820
1.142389
1.904488
2.446542
2.197201
1.239684
1.259780
2.106329
0.916006
0.928586
1.002129
1.895740
1.109898
2.280270
2.059181
0.983013
0.937280
0.996343
0.841675
2.055193
2.592690
1.153020
1.258958
2.535007
2.382646
2.210170
1.679459
1.311998
1.857477
1.810726
1.847267
2.346314
1.971575
2.210716
2.206293
1.756118
1.425028
2.286647
2.165277
2.226572
2.355316
1.498222
2.093318
1.313977
1.573560
1.389802
1.427274
1.467429
1.776589
1.270115
1.350064
1.775483
1.650985
1.688146
1.792881
1.599661
1.594124
1.354435
1.423632
1.388944
1.417722
1.501497
1.779015
1.555737
1.632013
1.156186
1.093220
1.920259
2.382897
2.489182
2.757722
0.864554
0.916180
0.848594
0.930220
0.639814
0.870397
0.874057
0.917012
2.175528
2.110715
0.908304
1.716280
1.770822
1.876477
1.908449
1.950922
1.968609
1.893116
2.019933
2.123129
2.130896
1.817736
2.031300
2.392323
1.537381
1.011551
2.104731
0.974129
1.933844
1.741095
2.005549
2.390518
2.207641
2.362081
2.199066
2.131221
1.536609
2.284280
1.394390
1.924690
1.717492
1.673638
1.731254
1.185037
1.597783
1.540489
1.336787
2.044662
1.759289
2.031290
2.067366
2.118559
1.591071
1.840434
1.921871
1.779015
1.322746
1.436849
1.514076
1.577206
1.187250
1.000151
1.031921
1.063990
1.817117
1.659963
1.800005
1.088127
1.947627
2.199401
2.342318
2.643413
0.914618
0.957210
0.949782
1.556227
1.451955
1.128783
0.713809
0.653153
0.723974
0.709474
2.031274
2.066441
2.206269
2.176495
1.856645
2.066476
2.067737
1.979855
2.059365
1.275091
1.455101
1.125786
2.337830
2.196503
2.484820
0.840200
1.640240
1.177959
2.592903
1.812082
1.903818
2.098490
1.393441
2.177049
2.325545
2.271146
1.911411
1.337325
1.459991
1.416487
1.539322
1.701137
1.730699
1.813888
1.824824
1.677661
1.640612
1.657271
1.477562
1.203004
1.603841
1.435032
1.299331
1.252870
1.162603
1.094799
1.394133
2.186258
1.799617
1.983649
2.018750
2.095946
1.995887
1.944896
1.831948
1.902281
1.696801
1.266320
1.742120
1.880315
1.561481
1.046508
1.021986
1.038992
0.975198
1.918847
0.713809
1.985656
2.054347
0.761622
1.621384
1.669655
2.062107
1.937039
1.982122
2.001406
2.209502
2.318512
1.528873
1.584366
2.535821
2.088325
2.599884
2.290108
2.209262
1.384069
1.036997
2.459422
1.787869
0.869403
2.067225
1.105476
2.405813
2.131685
2.129091
1.475452
1.445569
1.558124
1.292913
2.113736
1.775018
1.750762
1.917480
1.703785
1.892094
1.426280
2.014173
1.712815
1.470196
1.814219
1.701691
1.333932
1.749560
1.505863
1.389638
1.182786
1.182742
1.176346
1.747519
2.062730
2.073171
1.827124
1.622119
1.701665
1.079172
1.084251
1.553277
0.989519
2.058927
2.798026
2.663349
2.451492
2.487190
2.158259
2.788068
2.127438
2.375853
1.756431
1.296355
0.861621
0.778157
0.770645
2.159081
1.626223
1.432117
2.655722
2.589145
2.701354
2.115310
1.186479
2.131686
2.712250
2.622704
1.603437
2.588688
1.313532
1.077534
1.948320
2.678804
1.909792
1.234625
1.230133
1.260917
1.708349
2.500085
2.042827
2.244313
2.195528
1.156870
2.030701
2.028739
2.090174
1.985016
2.028739
1.909698
1.534429
1.572927
1.669181
1.265898
1.603606
1.256721
1.588117
1.552702
1.452291
1.083419
1.253589
1.068769
1.117680
2.052314
2.022042
1.961633
1.720342
2.005836
2.081248
1.678561
1.966591
1.175187
1.709879
1.279836
1.776943
0.943013
0.957349
1.700961
1.792262
0.807876
1.957023
0.701836
2.019733
1.964369
0.691082
1.895406
1.936813
2.366884
2.196216
1.942428
1.018715
2.439142
1.355163
2.111734
1.904657
2.557770
1.261278
2.466613
2.269072
2.601045
2.312670
2.015442
1.588710
1.690812
2.071310
2.121773
1.599228
1.675008
1.662162
2.178337
2.041203
1.815375
1.859908
1.662659
1.484476
1.770946
1.385073
1.298491
1.703706
1.772131
1.577031
1.753285
1.515875
1.531391
1.174935
1.116657
1.253777
1.376312
1.233943
1.548700
1.881855
1.309806
1.913806
1.950079
1.747628
1.362842
2.024373
1.193304
1.957492
1.707076
1.768427
1.491492
1.468142
1.496498
1.575297
1.797299
1.590867
1.578195
1.763456
0.952015
0.998641
1.726490
2.174127
1.988638
1.378263
0.856897
1.040751
2.031608
1.925146
1.641961
1.909711
1.919890
0.798209
1.557498
1.900687
2.088325
2.701435
2.715690
2.768198
2.010579
2.340694
2.544670
2.695339
0.661114
1.263853
1.877263
2.315669
2.349441
1.975136
2.365145
2.410317
2.389439
2.189484
1.467303
1.921424
1.854857
2.094738
2.050145
1.952663
1.601772
1.402431
1.464792
1.773318
1.532558
1.706792
1.783714
1.603998
1.253596
1.338332
1.657864
1.532030
1.327606
1.530112
1.415861
1.685549
1.254190
1.575712
1.042943
1.725588
1.214262
2.018514
1.948666
1.933025
1.989868
1.841421
2.043544
1.795183
1.855008
1.133148
1.308979
1.950079
1.965408
1.515245
1.793355
1.884648
1.483702
0.943013
1.758294
0.898618
1.727611
2.326525
2.058173
2.551178
2.824250
0.760068
0.756164
1.422971
1.811305
2.055744
1.979573
2.158778
2.039838
1.842106
2.019444
1.986125
2.383235
2.190896
2.384121
0.961417
2.421432
1.947347
2.126762
1.979716
2.019572
2.019572
2.162589
0.812926
1.954245
1.724287
1.947949
2.188245
2.166294
1.965180
1.971874
1.935156
1.929545
1.521643
1.480249
1.478960
1.345414
1.740330
1.408116
1.665580
1.240291
1.281450
1.207580
1.449242
1.061762
1.154650
1.543274
1.478598
1.640763
1.312532
1.181735
1.281013
1.102720
1.884723
1.828337
1.372355
1.000681
1.853670
0.936469
1.363937
1.764830
1.478640
1.578292
2.451310
0.823198
2.657365
2.239547
0.760068
0.653781
2.135391
1.989137
2.167283
1.839299
2.349110
2.230016
1.744276
2.237206
2.633146
0.909342
0.960469
2.039728
2.289997
2.685163
1.384434
1.343567
1.343567
1.963660
1.976055
1.839048
1.865072
2.130725
2.092706
1.302887
2.351559
1.380236
1.361682
2.090001
1.854797
1.569924
1.493284
1.821741
2.041483
1.786850
1.515718
1.386582
1.502366
1.787130
1.679883
1.170593
1.558873
1.199595
1.529575
1.375830
1.182624
1.230312
1.052331
1.741979
1.749759
1.846348
1.766414
1.840473
1.301741
1.189895
1.428157
1.456593
1.501215
1.039292
1.430688
1.632370
1.682999
1.779505
0.967544
0.727698
2.168455
2.477262
2.169531
2.579590
1.182229
1.283575
0.928449
1.297082
1.437063
2.029559
2.016119
2.126308
2.135032
2.289248
2.429793
2.283777
1.894105
2.305912
2.597783
2.530696
2.569858
2.373538
2.448889
1.721309
1.674527
2.419146
1.974208
2.152275
2.318937
2.321992
2.074031
1.961511
1.676453
1.389563
1.439816
1.380383
1.885838
1.477523
1.345809
1.727471
1.543474
1.472875
1.554770
1.668496
1.461217
1.740372
1.876154
1.734576
1.136662
1.431584
1.476666
1.226798
1.139803
1.270591
1.426198
1.450306
1.514377
1.740537
1.769670
1.289112
1.344421
1.929746
1.741066
1.691393
1.900153
1.138185
1.542923
1.108310
1.540027
1.818084
1.416599
1.649937
1.598888
1.900059
1.947968
1.983769
2.754024
1.641000
2.031989
0.667591
2.072759
2.228531
2.350929
2.384121
2.354831
1.904024
1.680392
2.932558
2.416417
1.616968
1.535060
1.965863
0.697096
0.752072
2.511092
2.755474
1.920471
1.225959
1.897384
1.892862
1.976323
1.804706
1.737155
1.596028
1.748890
1.289621
1.205901
1.291449
1.639049
1.516024
1.400558
1.935292
1.959852
1.566295
1.783783
1.303350
1.369865
1.227460
1.311641
1.078922
1.041882
1.585925
1.769267
1.921887
1.666210
0.902639
0.980950
1.374556
1.598888
1.265688
0.973356
0.918720
1.434481
1.566311
0.790076
1.695844
2.315939
2.195409
1.996908
1.941456
2.505225
1.338311
1.886096
2.775371
2.739552
2.447549
2.492764
2.594599
2.672200
2.689283
2.645924
2.392691
2.456710
1.815905
1.820604
2.361655
2.373384
1.449106
1.268059
1.652731
1.939016
2.002637
2.181372
1.894932
1.870772
1.719243
1.719054
1.560636
1.744312
1.745060
1.180988
1.742302
1.205880
1.490769
1.535687
1.837106
1.498281
1.249200
1.960327
1.853795
1.120667
1.308934
1.504988
1.754532
1.641799
1.416631
1.329134
1.346469
1.966915
1.573995
1.520237
1.023103
1.034436
1.455897
0.900687
1.557854
1.089937
2.095581
2.383503
2.141414
2.175107
1.995662
1.901063
2.192189
2.534607
2.543244
2.448246
2.929324
2.797140
2.189972
2.264559
1.600703
2.276199
2.719458
2.717356
2.574833
2.765317
0.704690
2.606133
2.602563
0.779823
2.579496
2.529603
2.309340
1.512455
1.498128
1.896355
1.868647
1.784695
1.934348
1.651537
1.788185
1.795398
1.632133
1.570637
1.353200
1.448389
2.077741
1.839154
1.823104
1.165625
1.885553
1.580219
1.669924
1.306996
1.341751
1.311916
1.118649
1.296656
1.561420
1.202929
1.440387
1.622508
0.994548
1.096404
1.538203
1.364801
1.330294
0.785041
1.651732
0.807608
0.893575
1.644650
1.736177
2.252262
2.242550
1.911386
2.204133
1.953081
1.901038
1.055324
2.317161
2.045803
1.988585
1.951371
2.305046
2.871413
1.810937
2.451118
0.760222
2.530765
2.168830
2.528062
2.569269
2.156915
2.031289
2.052976
2.418112
1.848166
1.838405
1.674154
1.369503
2.395542
1.623620
2.154576
1.913016
1.762284
1.773754
1.827801
1.573363
1.827379
1.303020
1.488003
1.188892
1.426037
1.379275
1.288995
1.305882
1.853721
1.991011
1.543719
1.209095
1.267942
1.561108
1.498052
1.378525
1.201184
1.263966
1.267892
1.153007
1.201380
1.277972
1.299159
1.238534
1.448871
1.754498
1.293348
1.726147
1.572096
1.671119
1.300566
1.801509
1.394590
1.199540
1.539682
1.510420
1.633120
1.036419
1.450947
1.262639
1.391669
1.142172
1.133915
2.422966
2.410113
2.041992
1.698896
2.138653
1.249185
1.598726
2.253177
2.288453
1.716359
2.317161
2.042800
2.195478
2.274904
2.224398
1.969545
2.475012
1.495538
2.284397
1.980578
2.197839
2.822941
2.234629
2.204816
2.345594
2.410302
2.490750
1.715233
1.546003
1.924372
2.237291
2.194827
2.019579
1.498128
1.544916
1.611285
1.461611
1.259284
1.937251
1.814574
1.792006
1.699251
1.838141
1.906830
1.872459
1.630839
1.340929
1.175960
1.269664
1.179294
1.315341
1.847557
2.137859
2.081900
1.147125
1.184639
1.409404
1.173448
1.363541
1.078241
1.088655
1.177888
1.496308
1.494905
1.638885
1.591919
1.058203
0.904093
1.518636
1.504734
0.950708
1.018467
1.150475
1.948698
2.166501
2.019983
1.752018
1.938650
2.127566
2.011921
2.698563
2.905936
2.734639
1.139802
0.808929
2.805595
1.690146
1.132991
1.446969
2.909634
2.982204
0.833968
1.186984
1.992343
2.135436
1.855948
1.424454
1.997931
2.272113
1.987413
1.947801
1.719302
1.259284
1.750578
1.944625
2.091566
1.666298
1.728868
1.787009
1.913162
1.754188
1.859988
1.843946
1.813403
1.654549
1.365973
1.408563
1.510791
1.237205
1.322769
1.216121
1.235578
1.515794
1.368459
1.230490
1.508732
1.048419
1.133680
1.273901
1.027580
1.360826
1.405388
1.614509
1.031243
1.157833
1.875831
1.755685
1.390412
1.292121
0.893878
0.841908
0.852959
0.823736
0.878982
1.586100
1.728779
2.165427
1.241301
1.478456
1.451579
2.341944
1.726777
1.845317
2.870328
2.954449
2.131707
2.005907
2.283771
2.318961
2.835771
1.449615
2.520900
2.080367
2.704210
0.666732
0.820455
2.517596
2.284846
2.552414
2.170154
2.443676
1.721261
1.846874
1.180441
1.391428
1.234765
1.590852
2.134626
1.839549
1.785544
1.849176
1.901087
1.263193
1.596325
1.750449
1.480348
1.254692
1.658316
1.431309
1.503314
1.732003
1.464349
1.153333
1.181876
1.075128
1.313273
1.261350
1.660214
1.423664
1.306644
1.409365
1.287970
1.835250
1.474561
1.474561
0.890873
1.571574
2.414191
1.977018
2.290102
1.885372
2.338533
2.218831
1.805162
2.328053
2.328936
1.646785
2.416776
2.636841
0.806055
1.783932
1.761374
2.093695
2.323337
1.982000
1.931229
2.016288
2.299373
2.756835
2.552414
2.460206
2.229572
2.075433
2.170154
1.934895
1.838921
1.675648
1.416513
1.561196
1.597720
1.823672
1.966258
1.882362
1.884062
1.752870
1.737305
1.776631
1.509483
1.542189
1.338148
1.690217
1.642229
1.668342
1.660140
1.398124
1.195943
1.226500
1.226667
1.155610
1.289073
1.068585
1.494016
1.456539
1.449490
1.455301
1.462623
1.481555
1.591342
1.567272
1.691724
2.349978
0.951963
0.654012
2.383503
2.318208
2.385445
2.192317
2.287130
1.400911
1.565044
2.170780
2.312015
1.599646
1.772882
1.611221
1.827847
2.935530
2.661291
1.001698
1.687226
2.295019
2.715297
2.808756
1.673155
1.835322
2.165087
2.021138
2.131233
2.207052
2.589380
2.108480
1.579369
1.438975
1.838921
1.784395
1.841144
1.538298
1.563395
1.537612
1.345951
1.703014
1.200673
1.573528
1.307320
1.501696
1.279852
1.785294
1.270570
1.304971
1.305899
1.117633
1.271641
1.619335
1.181377
1.325693
1.058549
1.130512
1.276050
1.318244
1.311761
1.431343
1.489452
1.474790
1.512780
1.530291
1.546599
1.504237
1.530013
1.787943
1.576097
1.546599
1.508387
1.157256
1.556328
1.223744
0.882586
2.286278
2.108969
1.900408
0.791042
1.609820
1.491375
1.603875
2.285638
2.234182
2.140393
2.066370
2.455541
1.732929
2.648237
1.106564
1.114866
1.418328
2.197033
2.546512
2.139782
1.001698
0.790701
1.737585
2.706856
1.917649
2.933366
1.913395
3.021151
2.320556
2.695042
2.433830
2.065593
2.140519
2.134754
2.493967
1.634197
1.610320
1.710607
1.656329
1.792073
1.352854
1.446901
1.514907
1.741880
1.275147
1.285647
1.322644
1.313293
1.333916
1.149495
1.347248
1.105171
1.197667
1.492037
1.551343
1.454940
1.235497
1.746649
0.948875
0.894842
1.601833
0.879411
2.311276
2.108969
1.663977
2.153048
1.615986
1.981443
2.200652
1.720381
1.646602
1.709437
1.103048
1.261642
1.490874
2.557495
1.339247
2.507183
2.579007
2.993542
2.861945
1.608067
2.295019
0.705742
1.103709
2.421652
2.407892
1.588460
1.608413
1.905768
2.029657
1.416513
1.868985
1.529028
1.336156
1.409572
1.352425
1.260794
1.325510
1.194626
1.428390
1.745752
1.283601
1.364359
1.346329
1.286318
1.563799
1.559046
1.214645
1.186696
1.134006
1.118284
1.284212
1.217618
1.487541
1.516738
1.195144
1.283945
1.612013
1.566132
1.699163
1.618792
1.480480
1.140832
1.930790
1.862011
1.852828
1.503622
2.153363
2.276233
2.079321
1.798265
2.192787
1.801022
1.489180
2.350669
2.295027
2.197314
2.100044
1.823987
1.622416
1.966286
1.898549
1.159745
1.387354
2.537764
2.692690
2.936363
2.160675
2.409464
2.544526
2.905493
2.533282
2.844880
2.533282
2.888013
2.139765
2.892853
0.632460
2.409293
1.953440
1.769351
1.610523
1.839720
1.827835
1.765706
1.292421
1.370308
1.260720
1.351562
1.505250
1.745752
1.236412
1.266606
1.272684
1.306088
1.050438
1.078944
1.246111
1.328641
1.205830
1.644727
1.338321
1.701659
2.112854
1.671011
1.872063
1.526585
1.630223
1.869240
2.172082
2.118695
1.867588
2.435270
1.619372
1.016075
2.474064
2.473081
2.968842
1.980590
2.803296
2.870854
0.881943
2.014991
2.080810
2.328789
2.388836
1.397239
1.426626
2.320567
2.472827
1.474006
1.610248
1.761999
1.288560
1.326559
1.463151
1.534118
1.405058
1.464860
1.432490
1.202496
1.301227
1.225075
1.222527
1.346441
1.520546
1.507277
1.627150
1.450294
1.572891
1.504803
1.282476
1.294774
1.297345
1.679556
1.476865
1.777059
1.727225
1.811837
0.931403
1.832941
1.922825
2.045858
2.001930
2.029305
1.528067
2.254768
2.441804
1.314088
1.340830
2.444887
2.427615
2.211564
2.384697
2.410537
1.737124
2.432670
1.185646
2.556332
2.757439
2.323057
2.994969
2.541632
2.291412
2.879897
1.870966
1.939074
2.186438
1.140339
0.975382
1.533178
1.695206
1.552673
1.369390
1.459719
1.289830
1.399354
1.299592
1.244832
1.149840
1.220387
1.112931
1.133066
1.352934
1.186990
1.127997
1.131714
1.192401
1.262892
1.099263
1.311142
1.015549
1.230837
1.611091
1.587391
0.948875
0.903612
0.801293
1.849568
1.771239
1.823088
1.876478
1.707660
1.996031
2.203309
1.046594
1.194737
1.796213
1.797764
2.230901
2.639993
1.494599
1.467119
2.301940
2.568369
2.487366
1.048147
1.409351
2.006621
1.799966
2.242365
2.464146
2.896795
1.884313
2.105623
2.224208
1.967990
1.253934
2.355797
2.234241
1.941780
1.494906
2.393822
2.390942
2.029905
1.536510
1.494743
1.490011
1.332599
1.290882
1.340464
1.110564
1.444701
1.373225
1.218260
1.224035
1.381384
1.080681
1.263969
1.295354
1.009357
1.411988
1.257833
1.273091
1.233209
1.476865
1.282815
1.167609
1.282815
1.758237
0.951099
1.980756
1.814458
1.934984
1.770887
1.626163
1.763619
1.634722
1.213996
2.030699
2.158570
2.030137
1.028139
1.263343
1.313343
2.340800
1.720960
1.911884
2.229847
2.596573
2.278363
1.218320
1.605842
1.961880
2.665507
2.855778
2.834215
2.671843
2.105623
2.975957
2.955638
2.435660
1.675277
2.574492
1.941771
0.743386
0.645783
0.620920
0.827648
2.137685
1.134102
1.228365
2.131553
1.746894
2.265368
1.603995
1.674502
1.561517
1.366942
1.344705
1.387334
1.243803
1.274175
1.068534
1.256746
1.249669
1.151704
1.313857
1.274964
1.233762
1.217019
1.448853
1.574635
1.553061
1.201129
1.080900
1.007842
1.213133
1.827505
0.839808
1.943534
1.833817
2.022448
1.073419
1.808561
1.132767
1.046594
1.857550
2.068167
1.680250
1.911494
1.913481
1.260679
1.909778
2.011288
1.156123
1.191829
1.761850
2.105712
2.413729
2.259017
2.549938
2.522434
2.931639
0.706344
0.996695
1.371206
1.556928
1.387352
2.273529
2.037466
2.446697
2.189929
2.097993
1.573869
1.323084
1.365776
1.228311
1.106470
1.325200
1.138684
1.073229
1.394112
1.162150
1.253248
1.156315
1.273266
1.244859
1.233057
1.514561
1.487334
1.304116
1.578124
0.937531
0.923731
1.613092
1.670785
1.796334
1.932323
1.830790
2.087327
1.857620
2.026838
1.678785
1.674836
1.697000
1.421053
2.676611
1.865242
1.394770
1.966212
1.764364
2.824206
2.723640
2.838955
2.994969
1.999866
2.788491
1.724265
0.736185
2.222822
2.502334
1.839325
1.284707
1.163330
1.543068
1.546769
1.805298
1.704554
1.483685
1.343105
1.480301
1.207453
1.102858
1.104138
1.141956
1.406653
1.397965
1.295711
1.319051
1.257305
1.274170
1.232684
1.088457
1.124190
1.165847
1.180750
1.364675
1.384077
1.521143
1.715026
1.137639
0.923964
1.951367
2.035872
1.732476
1.696764
1.590070
1.608755
1.932890
2.006852
1.837027
1.507512
1.186669
1.772592
1.786218
1.711428
2.227661
1.989383
2.262187
1.496893
2.080284
2.184023
2.258149
2.072309
2.339743
1.459511
1.366524
1.871926
1.888703
1.862133
1.441380
3.026987
2.128648
1.971710
2.035081
2.297827
2.887214
2.124666
0.837263
0.872842
2.850850
2.662432
1.105458
2.155672
1.950387
1.125582
1.226543
2.078326
1.395756
1.828838
1.462078
1.655729
1.502660
1.253306
1.217313
1.575577
1.355300
1.452574
1.288413
1.198194
1.430679
1.468222
1.083813
1.369417
1.547076
1.622523
1.319130
1.609455
1.413867
1.520175
1.530424
1.458834
1.046904
1.107739
2.001954
0.971337
2.062304
2.008457
1.658305
1.555405
1.720411
1.887389
1.916126
1.748754
1.737860
1.958339
1.550328
2.267295
2.671260
1.656306
1.592821
1.791136
2.058383
2.055892
1.583781
1.332690
1.566197
2.664536
3.118124
1.991111
2.595647
2.329396
2.893162
1.872030
1.378658
2.329542
0.599164
2.633038
1.191793
1.198976
2.094257
2.429773
1.645672
1.437577
1.425665
1.323577
1.502327
1.340286
1.221515
1.267093
1.411800
1.428602
1.291605
1.308391
1.425642
1.313842
1.365250
1.285066
1.244797
1.539834
1.557419
1.530646
1.594290
1.476572
1.660230
1.531029
1.387759
1.557904
1.524230
1.581725
1.412051
1.139063
1.806579
2.146341
1.816378
1.985094
0.895958
1.945806
2.012584
2.162273
1.423795
1.914099
1.856247
1.891432
1.946345
1.691392
1.802219
1.518474
1.554795
1.639944
1.247229
1.948479
2.887231
2.908444
2.467408
3.019087
2.520602
2.795623
1.963314
1.453701
1.623219
1.769695
0.797806
2.886033
2.484712
2.309531
1.556088
1.725819
1.593668
1.306659
1.466616
1.383297
1.208180
1.300743
1.256698
1.229665
1.274860
1.243382
1.173658
1.392321
1.743466
1.313440
1.620861
1.562114
1.416041
1.510404
1.118879
2.074896
2.154148
1.937776
2.194014
1.523919
1.617360
1.641774
1.823057
1.391047
1.391047
1.492396
1.761291
1.794749
2.402254
2.457636
1.546902
2.829810
2.873291
2.551414
2.775913
2.252136
2.292570
2.405771
1.730917
1.026109
0.981479
2.784129
2.421412
1.366073
1.098468
1.213972
1.258236
1.294422
1.230342
1.196413
1.627150
1.887270
1.911639
1.337685
1.521653
1.663811
1.364224
1.870887
0.992370
2.146341
2.025404
0.867384
2.177315
0.868941
1.963778
1.982640
1.818448
2.014381
1.448477
1.850663
1.781724
1.842575
1.605902
1.578993
1.678055
1.631649
1.851890
2.209459
1.853056
2.598624
2.283052
2.255713
1.517792
2.682333
0.591113
0.503603
2.655683
0.833774
1.002701
2.840083
2.395690
2.719805
1.130879
2.794958
1.869499
2.141958
1.750999
1.763912
1.769078
1.800047
1.421911
2.148634
1.462078
1.430261
1.265919
1.338395
1.252706
1.332570
1.247426
1.201792
1.188145
1.313125
1.273677
1.328808
1.414721
1.175212
1.498526
1.676392
1.570260
1.520319
1.546859
1.213721
1.166420
2.017131
2.020310
2.034492
2.084653
2.074899
1.911456
1.862719
1.869801
2.216606
2.155520
2.051909
2.091996
1.963778
2.140214
1.372282
2.199052
2.227559
2.015667
2.066902
1.731189
1.724946
1.601207
1.671944
1.787695
1.846867
1.665526
1.814524
1.343215
1.872303
2.358667
1.882114
2.166159
2.752929
3.237196
2.058413
0.493033
0.447676
1.491286
1.947936
0.694653
2.120134
2.130643
2.388483
1.135029
2.094428
2.390990
1.865770
1.232739
1.195528
2.073686
1.855500
1.527510
1.665648
1.200721
1.258434
1.214511
1.171189
1.240556
1.357569
1.591892
1.167968
1.147752
1.179101
1.185453
1.110523
1.273589
1.225184
1.347686
1.389566
1.501175
1.595715
1.551728
1.500853
1.700215
1.652511
1.622940
1.644861
1.744938
1.498385
1.061446
1.073888
2.058060
2.257287
1.780864
1.312906
1.538720
1.312906
1.828900
1.438150
1.477029
1.537422
1.717813
1.803731
1.621694
1.557305
1.725587
2.117793
1.841100
2.925494
2.801291
2.572276
3.032489
2.831200
2.485809
3.110337
3.285545
2.647525
1.500539
2.640310
1.898065
1.918279
2.229742
1.847825
1.953995
2.011010
2.607760
1.858161
1.943509
1.240444
1.624239
1.398271
1.273597
1.359970
1.308340
1.254171
1.179017
1.264871
1.568385
1.435009
1.553562
1.573962
1.952608
1.977950
1.073414
1.910925
1.900936
0.699219
2.219218
1.708936
1.753731
2.175019
2.245240
1.929966
1.491087
1.730151
1.799341
1.723130
1.793369
1.963142
1.853262
1.811352
1.999313
1.817533
1.547303
2.925988
1.880002
1.344107
1.980492
3.013399
0.437927
0.705985
1.091496
1.251157
1.438801
1.097646
1.141128
1.968876
2.365874
2.275877
1.968876
1.163861
1.182724
1.984533
1.934774
1.802552
1.156070
1.334981
1.225878
1.227524
1.555856
1.240554
1.616107
1.884429
1.822620
1.362558
1.920904
1.079272
1.880290
1.915161
2.036822
2.279344
2.012010
1.837245
1.343164
1.210498
0.885992
1.838684
1.788774
1.649491
1.704913
1.652139
1.769758
1.771333
1.822547
1.426109
2.359582
2.869727
2.835487
2.801841
3.021449
2.780592
2.348357
2.922090
2.534013
2.112237
2.057551
0.332835
1.187824
2.873946
2.870266
2.785304
2.579737
1.855265
2.172549
2.746109
1.011077
0.915205
1.154330
2.011221
1.826468
2.049374
2.032049
1.809756
1.266783
1.620357
1.248872
1.346087
1.724225
1.575466
1.301997
1.376370
2.057575
1.664031
2.040198
1.796946
0.988658
2.008716
2.249929
2.038346
2.214869
1.662802
1.510347
2.343673
2.222780
1.086216
1.829667
1.571559
1.652676
1.522818
1.518687
1.788774
1.694057
2.137615
1.326415
1.484551
2.785500
2.491264
2.633432
2.499608
2.074648
0.346759
2.325108
0.332835
0.381249
0.332673
0.590401
0.718651
1.126675
1.547977
0.991898
1.794100
1.871074
2.293401
1.063197
1.710045
1.821708
1.873744
1.223413
1.262648
1.270792
1.385829
1.195080
1.376845
1.276813
1.228831
1.313135
1.266949
1.488203
1.556552
1.382093
1.921896
1.901514
1.334456
1.143577
1.292971
1.658448
2.029469
1.524976
2.085970
1.001803
2.296139
1.802881
1.685697
1.607532
1.762535
1.587932
1.659343
1.868395
1.655975
1.099322
1.896871
2.606724
1.797709
2.701273
2.223867
2.415361
2.889486
1.304217
0.446444
0.524658
2.362165
1.862983
1.119654
1.792186
1.023025
2.002484
2.092141
1.185868
1.221740
1.234683
1.491064
1.342108
1.108397
1.357253
1.294184
1.306870
1.341840
1.450684
1.337545
1.473069
1.535295
1.980838
2.064640
1.816993
1.698742
2.160330
2.115061
1.832207
0.987239
2.261048
2.091532
1.273604
1.608107
1.641087
1.054115
1.740936
1.610936
0.855360
1.494178
1.571745
1.591227
1.506691
1.778445
2.124712
1.060133
1.889714
1.300843
1.545609
2.000879
1.997918
3.092148
2.362407
2.299110
2.995574
1.995234
2.041077
1.813551
2.166503
1.412807
1.345690
2.301775
2.095849
1.110754
0.791991
0.715343
0.552481
1.091130
1.131270
1.144130
1.824365
1.998845
2.028758
1.136207
1.044985
1.845504
2.034604
2.093826
1.791616
1.687693
1.819078
1.642474
1.663261
1.351997
1.155534
1.245875
1.330585
1.244788
1.281448
1.286979
1.178749
1.246708
1.265503
1.239826
1.567083
1.571253
1.693558
1.981284
1.532170
1.186950
1.165360
2.084256
2.054451
2.093151
1.612282
1.782876
2.045248
2.150313
2.095347
1.621148
1.991152
1.210228
1.584362
1.726980
1.363383
1.478777
3.058489
2.201704
2.761904
2.139459
2.390347
2.535579
2.153011
2.229982
2.197446
2.591285
2.720933
2.732607
1.800983
0.802271
1.031709
0.790383
0.951987
0.752819
2.082280
1.988874
1.916594
2.026693
1.904805
1.327900
1.304401
1.827206
1.661172
1.127004
1.135732
1.118443
1.402249
1.433227
1.334417
1.364398
1.394978
1.343835
1.527395
1.371007
1.465236
1.476743
2.111446
1.895339
2.095971
2.142895
2.053130
0.923284
2.269567
1.954367
2.114948
1.910580
2.173883
1.988631
1.994581
0.959315
1.522781
1.402299
1.492109
1.604031
2.008154
1.895345
1.856385
1.804173
2.003974
1.770703
1.913195
2.042550
2.227222
2.165792
3.045291
2.822482
1.890312
2.675963
1.111400
0.889765
1.704128
1.854400
1.131869
1.835403
2.073052
1.803841
1.517253
1.140994
1.682138
1.445205
1.296230
1.556167
1.225312
1.397564
1.347091
1.453519
1.218573
1.846314
1.774456
1.928953
1.413339
1.766072
1.840655
1.785198
1.911833
1.903078
1.932214
1.966983
2.026830
2.070314
1.903424
1.052543
1.122975
0.938276
0.933983
0.899979
2.080086
2.056749
1.705209
2.272411
2.053146
1.968620
1.036065
0.754234
1.626912
1.496741
1.072335
1.963125
2.417305
2.479139
2.030005
1.962049
2.283235
2.283235
1.813551
2.889005
2.623300
2.724783
1.939398
1.684703
0.807637
1.784098
0.991385
1.718026
1.159551
1.753403
1.125025
1.826002
1.955672
1.979998
1.987101
1.153232
1.063853
1.935284
1.156367
1.656990
1.629239
1.156769
1.679062
1.612424
1.304307
1.284926
1.161634
1.224714
1.322907
1.396102
1.470284
1.159769
1.676410
1.256077
1.324940
1.292894
1.875086
1.122503
1.673217
1.883285
2.050414
0.992953
0.970862
0.883549
1.846134
1.746504
1.967293
1.734408
1.408862
1.624530
1.352848
1.521328
1.402290
1.975605
1.955020
1.969648
2.134854
2.795018
2.049676
1.614848
2.289865
1.928665
2.668621
1.249367
1.102253
1.889964
1.113782
1.091843
1.374387
1.349131
1.109761
1.564674
1.600225
1.685954
1.786799
1.847345
1.231800
1.720150
0.841536
2.303154
1.818244
2.038781
1.853505
1.498780
2.017347
1.550808
1.597811
1.397377
1.397377
2.079395
1.467092
2.260750
2.920993
2.738338
3.099747
2.725101
2.528366
2.124067
2.166503
2.156881
2.997343
1.610952
0.896538
2.466153
2.075845
2.174291
1.121040
1.115462
1.859073
1.198619
1.155337
1.174994
1.360139
1.534979
1.368722
1.172124
1.749986
1.806123
1.825608
1.781986
1.730936
1.898594
1.171590
1.160491
1.857085
0.905949
1.460182
1.521725
1.600062
1.455944
1.495523
1.386431
1.459930
1.406961
1.709296
1.682785
2.949346
2.728062
2.854791
2.393768
2.815970
2.875702
2.899446
2.412213
2.330676
2.407736
3.186656
3.131838
2.386799
1.509376
1.731454
1.059590
1.060607
0.995836
2.371961
1.977025
1.674681
1.752945
1.181990
1.160926
1.593100
1.375633
1.691285
1.154720
1.218570
1.522593
1.771318
1.391283
1.263383
1.162714
1.539964
1.623254
1.741086
1.748406
1.861073
1.824304
1.960454
1.871738
1.108553
0.952891
1.787798
1.879218
2.221349
2.067626
0.800425
1.695170
1.688703
1.794392
2.006284
1.563776
1.483001
1.602246
1.663616
1.465484
1.849776
2.443660
2.274947
1.884464
2.251124
2.145918
2.562561
3.045791
2.810165
2.530274
2.309379
1.571391
1.509376
2.593422
1.100588
1.779383
1.861151
0.777729
1.600392
1.915323
1.038864
1.152406
1.648447
1.438778
1.408817
1.518920
1.794994
1.753731
1.836413
1.903334
1.950750
0.857780
1.058925
1.950719
2.312506
1.637337
0.798772
1.674173
1.753192
1.652170
1.557854
2.036218
1.871699
0.886055
0.954275
1.451165
1.447819
1.406961
1.838015
1.815741
2.027092
2.548948
2.282109
2.872741
2.906595
2.499756
2.206672
1.946943
1.736782
0.849478
0.932927
1.132624
2.142443
1.102088
1.107990
1.924481
1.211946
1.161833
1.227682
1.099988
1.207578
1.826275
1.386865
1.398463
1.283839
1.363795
1.866609
2.102286
1.137740
1.882456
1.434353
1.656101
2.028377
1.415011
0.789651
1.245942
1.378532
1.417106
1.597144
1.663616
1.611404
1.791375
1.652463
1.649290
1.972137
2.712927
2.567458
2.702027
2.938239
2.093147
1.834665
1.079762
2.529964
2.442325
1.179149
1.883058
1.657937
1.073151
1.479746
1.199656
1.165016
1.471090
1.434120
1.437524
1.585064
1.480626
1.183668
1.590589
1.680719
1.711625
1.699439
1.832944
1.769246
1.033599
2.419853
1.550714
1.608731
2.003840
1.982325
1.724826
1.889899
1.827678
1.293041
1.392752
1.722308
3.002507
2.349087
2.190846
2.507316
2.302753
2.707219
2.164078
1.812218
1.865252
1.936528
1.129680
1.112290
2.404958
1.130846
1.061393
1.518987
1.085991
1.711354
1.570781
1.186069
1.466888
1.561357
1.283950
1.886752
1.801577
2.089448
1.927914
1.812426
1.769280
1.137740
1.590876
1.986980
2.119897
1.925898
2.033339
2.002719
1.908074
1.565787
1.166991
1.407068
1.736768
2.293793
2.648720
3.192600
3.023975
2.345914
2.300162
1.548497
1.123509
0.748070
2.645254
2.308094
1.573982
1.528028
1.626969
1.598333
1.723760
1.830225
1.612362
1.396470
1.075407
1.112249
1.826916
2.168046
2.225545
2.250976
2.175478
2.241134
2.177384
1.180001
1.200737
1.897364
2.264988
1.964376
1.728610
2.024265
1.093346
2.005348
1.935929
1.977995
1.781728
1.884337
1.327745
1.532398
1.644340
1.434168
1.562008
2.178536
2.648677
2.890655
3.224917
2.899801
2.161201
2.372453
1.989807
2.269197
1.826096
1.331290
2.254992
2.424073
1.898222
1.819132
1.227901
1.060364
1.172380
1.674659
1.646181
1.657252
1.172718
1.512829
1.483062
1.512974
1.231120
1.331622
2.081309
1.343623
2.093910
1.320242
1.242967
2.046884
1.640164
1.867333
1.605896
1.366184
1.807908
0.923064
1.712793
1.564080
1.339856
1.550603
1.589938
1.799590
1.891776
1.885077
1.763264
2.312768
3.380208
2.318244
2.113296
2.443959
1.868333
2.369086
1.921154
1.929435
2.095076
1.917518
1.915930
2.023323
1.641972
1.785853
1.594005
1.527361
1.719932
1.067357
1.056355
1.195241
1.546116
1.245952
1.518987
1.521712
1.265091
1.591222
1.061674
1.368722
1.262671
1.149575
1.548243
1.720457
1.928098
1.304603
1.175262
1.783673
2.040001
1.919222
1.038852
1.099304
2.105292
1.321671
2.155677
2.034359
1.688001
1.606839
1.824382
2.017198
1.733641
1.696582
1.680369
2.005056
2.307869
2.905088
3.274325
3.236388
3.009572
2.509985
2.430867
3.192597
1.657865
2.135768
2.069352
2.173147
3.084609
2.736388
1.167930
0.891765
1.540619
1.778377
1.650514
1.483952
1.413537
1.688259
1.243211
1.634978
1.136683
1.045869
1.273479
1.618170
1.588413
1.849452
2.163396
2.261975
2.112218
1.978246
1.428568
2.049436
1.560591
1.839850
1.189683
1.313823
1.507390
1.199762
1.387929
1.788701
1.616247
1.687881
1.497988
1.903577
1.863135
1.786951
1.814962
1.492295
1.566450
1.488248
1.578375
2.902737
3.105953
1.943894
3.209595
2.751009
2.102050
1.146885
2.649137
1.785300
1.090859
1.821938
1.806004
1.460706
1.198465
1.294069
1.194920
1.166383
1.462809
1.525148
1.858903
1.783333
1.556382
1.762156
2.202518
1.862089
2.262406
1.685660
2.117505
2.077465
1.823787
2.216454
1.333399
2.047067
1.910039
1.029070
1.472380
1.389848
1.465454
1.694584
1.810699
1.818590
1.487004
1.653155
1.464098
1.583231
1.355050
1.697803
1.572785
2.024871
1.891776
2.440335
2.943811
2.207553
2.857512
2.966711
3.106079
2.363387
1.888459
1.157680
1.149171
1.243964
2.628163
2.591838
0.999629
1.643697
2.020525
1.484418
1.483486
1.473344
1.080115
1.182565
1.231952
1.178292
1.734375
1.884432
1.937414
1.538444
1.576652
1.330057
1.985162
1.897214
1.875316
2.037342
1.744722
1.558558
1.657109
2.074387
1.468954
1.814962
1.361448
1.564122
2.093661
1.782530
2.226188
2.347923
2.181901
3.082628
1.528641
3.084609
1.894351
1.191964
1.214117
2.508535
2.410256
2.212369
1.816712
2.121450
0.407006
1.649566
1.494489
1.493096
1.594736
1.682619
1.497247
1.247810
1.221296
1.633263
1.323330
1.857361
1.920299
2.130218
1.491951
2.084362
1.526271
1.555886
1.653692
1.602432
1.645243
1.986082
1.381065
1.466584
1.781416
2.054543
2.214818
2.290501
2.526002
2.164964
2.746251
2.116248
2.340654
3.079618
2.447044
2.797212
1.908417
2.454718
1.006784
1.797983
0.943365
1.515564
1.466568
1.120908
1.559283
1.580699
1.771958
1.748263
1.982941
1.575748
1.774890
1.558558
1.720539
1.893386
1.192407
1.515741
1.174702
1.191700
1.126122
1.055283
0.939533
1.957763
1.957717
1.487514
1.511730
1.510007
1.398951
1.300849
1.602076
1.706493
1.519108
1.241137
1.706493
2.282995
3.148070
3.062391
2.785759
2.678532
1.767001
3.309254
2.016417
2.936765
2.537949
1.831581
2.095939
2.750625
2.684285
1.148020
1.168463
2.032544
1.081999
1.196018
1.210912
1.247151
1.187756
1.100692
1.130900
1.462927
1.295112
1.457392
1.261617
1.473466
1.856755
1.837411
1.805441
1.445074
0.899472
0.980694
2.123911
2.287573
1.753729
1.791600
1.878697
1.372345
1.481157
1.610866
2.081774
3.037911
2.765285
1.697444
2.362484
2.104512
2.444515
2.096072
2.630506
2.285774
2.912351
2.304603
1.917040
1.831581
1.940299
1.202274
2.674690
1.143932
1.156311
1.566162
1.436186
1.440012
1.549506
1.043077
0.991194
1.020718
1.308324
1.136325
1.432129
1.774695
1.720483
1.790377
1.628872
1.715970
1.568319
1.710156
1.783064
1.679090
2.007681
1.752550
1.114539
1.604409
1.906196
0.704389
1.786609
1.587844
1.555700
1.646524
1.715642
1.499320
1.914194
1.466763
1.417124
1.575762
1.295053
1.554055
2.269792
1.911952
1.554055
1.640470
1.945908
1.894981
1.598565
3.200094
2.375856
2.321132
2.597301
2.118599
2.526548
2.196404
2.499573
2.539934
1.843138
1.601637
1.877067
2.287377
0.621076
1.160051
1.785309
1.749979
1.455386
1.508187
1.167811
1.248786
1.215119
1.256365
1.168448
1.487048
1.272122
1.692745
1.823099
2.263657
1.888199
2.165473
1.347023
1.430313
1.290788
1.981023
2.771951
3.009595
3.198760
3.168511
2.338796
1.801092
1.979997
3.124546
3.145077
3.077096
2.461308
1.199844
1.623578
1.422543
1.192494
1.100695
1.786542
1.801588
1.903184
1.546021
1.516745
1.210784
1.756809
2.077478
1.567991
1.715774
1.931615
1.675516
1.664283
1.793301
1.398952
1.803397
2.578996
1.903743
2.155458
1.943623
2.842340
2.843584
1.610235
1.780107
2.732771
2.370825
2.575884
3.110183
2.660237
2.412214
1.730787
2.354356
1.984557
1.123089
2.598180
2.501354
1.225778
2.106366
2.266817
1.107977
1.163537
1.159130
1.231154
0.877439
0.689795
1.817820
1.465534
1.156585
1.571925
1.731704
1.624120
1.769825
1.450709
1.780275
1.576659
1.627690
1.560100
1.548057
1.439374
1.610108
2.275286
2.370200
2.105170
1.691511
1.743131
1.852317
2.172048
2.077790
1.500178
1.734055
1.313832
1.611809
1.673499
2.118968
2.307940
2.931583
3.189435
2.135679
2.843359
1.876958
0.929016
1.110224
1.191607
1.097949
1.249551
1.790190
1.886942
1.788911
2.415256
1.719176
1.832723
1.606406
1.672837
0.560971
1.168820
1.419620
1.192813
1.221145
1.254042
1.777350
1.756751
1.820222
1.871193
1.606271
1.820351
1.728353
1.478408
1.855680
1.156142
1.390538
1.342674
1.448818
1.059209
1.090876
0.722311
0.894903
1.482042
1.558660
1.902662
1.766924
1.594731
2.165473
1.428641
1.375419
1.530268
2.117138
2.517772
2.760532
2.228611
3.114420
2.869759
3.035591
3.018606
1.983482
2.948736
2.599592
2.642970
1.152814
2.214828
2.365006
1.979410
0.885513
0.554652
0.897550
1.507450
1.476755
1.194546
1.176858
1.311361
1.229447
1.327907
1.594219
1.634808
1.502483
1.377845
1.744380
1.361666
1.874259
1.687024
1.673867
1.894913
1.259243
1.526458
1.634429
1.095763
0.979894
1.540447
2.024391
1.538178
1.869690
0.908173
1.794235
1.486746
1.554300
0.771979
1.783981
1.437727
1.493093
1.477040
1.794909
1.887659
2.356560
1.695027
1.860113
2.457029
2.135614
2.186784
2.386320
3.051509
1.102933
1.098880
1.118216
1.064226
1.279140
1.306780
1.225800
1.121453
2.317427
1.318191
1.270194
2.020298
0.519588
1.234923
1.332515
1.509968
1.451504
1.176863
1.198126
1.054982
1.300725
1.703022
1.207255
1.521287
1.864861
1.852521
1.752352
1.678782
1.750045
1.251459
1.400283
1.830035
1.659405
1.638407
1.720957
1.537421
1.930704
1.437149
1.627875
1.715007
2.108488
1.810150
1.943176
2.251232
2.073095
1.950402
2.321296
1.551610
1.567999
2.376562
2.409823
1.801383
1.711229
3.003428
2.869759
2.113358
2.133795
2.124538
3.090617
2.826995
2.366312
2.807783
2.891276
2.014543
1.032537
1.953185
1.988677
1.152815
1.146892
1.185279
1.750925
1.978676
2.234074
2.501958
0.787615
1.602075
1.282439
1.212730
1.233621
1.436098
1.451642
2.002241
1.732361
2.002241
1.391336
1.587906
1.878202
1.855577
1.242376
1.481506
1.016357
1.665772
1.714797
1.714807
1.966535
1.923087
1.992993
1.441484
1.619466
1.528585
1.480716
1.596460
1.517647
1.938957
2.168903
2.209132
2.870764
2.617684
2.699194
2.973143
2.642590
2.154427
2.242244
2.069170
2.370617
1.073293
1.926546
1.900829
1.144099
0.954114
1.296612
1.688870
1.604016
1.583511
1.492702
1.203222
1.250931
1.745284
1.504464
1.429331
1.517007
1.695485
1.755655
1.282975
1.886786
1.756903
1.608932
1.921358
1.744935
1.813894
2.077180
1.465394
1.866273
1.971336
1.999891
1.864758
1.755275
1.046515
1.178984
1.591730
1.797525
1.901760
1.829611
1.662777
1.643412
1.583158
1.726360
2.188309
2.523141
2.100205
2.434919
2.731701
2.682910
2.573637
1.824469
2.087539
2.467709
2.614966
2.935401
2.168532
2.557984
2.666817
2.291192
2.348851
2.223812
2.453828
2.508121
2.893735
1.810759
0.475712
1.537494
1.554482
1.490402
1.617134
1.637812
1.823210
1.762374
2.006346
2.044841
1.675289
1.273850
1.418908
1.354186
1.459970
1.481506
1.643124
1.325649
1.490340
1.444347
1.023697
1.577846
1.749466
1.566056
1.859317
0.859610
1.762944
1.912188
1.465535
1.639711
1.729248
2.254791
1.700535
1.732975
2.231203
2.434189
2.476417
1.812114
2.890388
2.556127
2.693683
2.508159
2.292814
2.156376
2.372411
2.819653
1.833684
1.109215
1.254706
1.144281
1.139613
1.247128
2.393787
2.261286
2.253086
2.129887
1.298308
1.915979
1.671106
1.572796
1.229311
1.239846
1.207487
1.430596
1.128922
1.230432
1.267829
1.682814
1.205718
1.218169
1.782891
1.911637
1.449064
1.707429
1.908019
1.719769
1.939966
1.883552
1.670459
1.850610
1.867320
2.046117
1.676768
1.718921
1.228361
1.108865
1.891735
1.854541
1.108865
1.503008
1.739097
1.745529
1.881366
1.826068
1.499680
1.431821
1.954643
1.567994
1.637164
0.691239
1.529308
1.816135
1.581263
1.834645
1.764133
2.345718
2.205394
1.959439
2.506642
1.897423
2.727014
2.198564
2.816366
2.696324
3.017387
2.343349
2.477990
1.055933
1.118581
1.924672
1.954632
2.287588
2.239782
1.872600
1.533968
1.474300
1.342864
1.316816
1.510241
1.426740
1.359324
1.423955
1.779771
1.804115
1.672934
1.561468
1.423541
1.556159
1.739419
1.986604
1.398108
0.914950
1.870076
1.810927
1.001845
1.720970
2.048115
2.094485
2.403212
1.766249
2.195967
1.728845
2.766111
2.798925
2.488164
2.275339
2.675687
2.309673
2.527867
2.556763
2.446155
2.711694
2.864860
1.016910
1.205723
1.177228
0.982910
1.073336
0.720450
0.517463
0.679773
1.638550
1.399012
1.166995
1.394069
1.646284
1.801245
1.556541
1.242759
1.345737
1.459431
1.868862
1.900845
1.945465
2.014083
0.791671
1.744058
1.834752
2.154861
2.285973
2.391891
1.780017
1.584840
2.529569
1.778777
2.129083
2.618956
2.784201
2.423344
2.442823
2.382401
2.393202
1.934364
1.960323
2.023131
1.277657
1.239832
1.277813
1.605675
1.932950
1.475668
1.318846
1.599898
1.201907
1.222413
1.266446
1.206972
1.051343
1.111997
1.331745
1.805734
1.561668
1.628790
1.814611
1.530120
1.603475
1.511645
1.620208
1.514644
1.379568
1.323238
1.763014
1.666735
1.676068
1.111783
1.582674
0.998329
1.607100
0.871732
1.906509
1.882183
1.464409
1.371917
2.271677
2.232351
1.915038
2.637086
2.530663
2.468570
2.251688
2.308799
2.644580
2.614918
0.925284
0.861424
1.737336
0.586508
1.211457
1.147667
1.296497
1.795845
1.265357
1.353829
1.764654
1.863507
1.561134
1.340040
1.782362
1.344182
1.559452
1.274005
1.348511
1.288875
1.458992
1.363973
1.599187
1.439055
1.380919
1.757182
1.699057
1.729053
1.845081
1.862419
1.416027
2.022306
1.394804
1.932391
1.969207
1.607100
1.959776
1.709139
2.282050
1.895222
0.709047
2.601107
2.706666
2.857621
2.425097
2.130564
2.325634
2.366489
0.994197
1.095508
1.141960
0.753800
1.302537
1.233816
2.028447
1.260811
2.108674
1.296763
1.551643
1.291095
1.197014
1.141340
1.118777
1.481513
1.543011
1.191793
1.249465
1.328917
1.389946
1.465453
1.545970
1.491651
1.555725
1.513289
1.351424
1.569813
1.511869
1.334360
1.587029
1.160868
1.413959
1.683549
1.555571
1.375115
2.020117
1.959624
1.991963
1.647540
1.951961
1.876777
1.528558
1.958463
2.012746
0.871837
0.878468
2.151115
2.044534
2.130839
2.064688
2.099766
2.330926
2.416274
2.052222
2.141958
2.390040
2.629217
2.593363
2.336012
2.157361
2.210175
1.879597
1.742830
2.049287
1.827802
2.058375
1.250700
1.428808
1.224660
1.339967
1.148213
1.558521
1.304372
1.102386
1.632994
1.565072
1.620969
1.821595
1.416884
1.495837
1.376366
1.454405
1.626534
1.690631
1.513459
1.520717
1.594080
1.676708
1.100183
1.723314
0.857836
1.516988
2.066435
2.043063
2.022848
2.094221
0.622232
2.398199
2.505194
2.774912
2.657884
2.645736
2.256772
2.610683
2.535557
2.629217
2.488140
2.584671
2.252314
2.429746
2.003309
1.138206
1.142418
0.572961
1.846079
1.283766
1.276570
1.231695
1.223904
1.314265
1.397782
1.359556
1.377047
1.248891
1.317659
1.509755
1.299994
1.387223
1.620672
1.701418
1.822212
2.010200
1.677080
0.878255
1.925300
0.765576
2.089063
2.023324
1.758944
2.479280
1.914670
2.338382
0.586545
2.300424
0.640079
1.203354
2.048407
0.985339
1.057881
1.899062
0.661251
1.208333
1.250886
1.944272
2.028447
1.257346
1.334498
1.540453
1.214817
1.086398
1.521696
1.436570
1.309565
1.552001
1.678170
1.906885
1.745880
1.357929
1.495852
1.700146
1.250523
1.283316
1.793946
1.458823
2.042251
1.916441
1.908740
1.910753
1.631827
1.857422
0.951757
1.323200
2.012639
1.207164
0.759188
2.338382
2.239298
0.632485
2.552932
2.303420
2.409876
2.282362
2.496528
2.282362
2.101552
1.920710
1.806526
1.248233
1.161321
2.382917
2.336453
1.151139
1.902214
0.808646
1.670235
1.273540
1.694954
1.868430
1.273062
1.274214
1.379967
1.750705
1.608266
0.981861
0.955012
1.684663
1.364962
1.413198
1.470021
1.973815
1.971886
1.369883
2.054766
1.180148
1.623123
2.008297
2.236642
2.191857
2.352884
2.179847
1.204367
2.188977
2.230639
2.443362
2.503020
2.156291
2.446543
2.326547
1.308496
0.495333
1.197367
1.758875
1.818842
1.700857
1.182216
1.209049
1.080083
1.198956
1.217359
1.098141
1.226133
1.643366
1.364427
1.366728
1.580209
1.334223
1.344149
1.382657
1.817978
1.760311
1.634757
1.701592
1.490234
1.360004
1.936895
1.579657
1.547331
1.979946
0.836086
1.637807
2.054483
1.174597
2.261339
2.264037
2.219081
2.183858
2.108628
2.405401
0.998684
1.495488
2.356667
1.074341
1.253085
1.311798
1.500675
1.350016
1.767208
2.081227
1.222812
1.236165
0.642905
0.605753
0.585202
1.240262
1.106623
0.637953
0.699215
1.690291
0.912469
1.272873
1.660592
1.133088
1.223815
1.230681
1.207649
1.235180
1.513212
1.503328
1.273966
1.637634
1.348063
1.596749
1.367786
0.937577
1.452182
1.696487
1.736250
1.034707
1.318412
1.382791
1.671170
1.308822
0.876764
2.305425
2.038649
2.160710
1.226715
1.202021
1.224332
2.317517
2.136079
2.311005
2.417559
1.009375
2.041798
2.261613
0.716268
1.159863
0.675286
1.739493
1.781656
1.002376
1.257752
2.364366
2.348333
0.923939
0.892838
0.716446
1.730834
2.014889
0.620714
1.276266
1.268196
1.236448
1.183199
1.319246
1.406203
1.223657
1.184437
1.279888
1.156658
1.475583
1.146079
1.349675
1.347706
1.295290
1.409716
1.538711
1.635968
1.054225
1.313072
1.214717
1.743757
1.805983
1.736884
1.752689
1.350613
1.808082
1.031930
1.329759
1.260884
0.956025
1.016530
1.102494
0.870633
2.186872
2.066370
0.835905
0.797677
1.509800
1.123235
2.024544
2.265981
0.755659
1.221395
1.402276
1.567116
1.571928
1.823108
1.725021
1.697710
1.728175
1.605830
1.645831
1.167687
1.131132
1.157626
1.565839
1.244937
1.556681
1.603586
1.246000
1.191735
1.430198
1.514496
1.128520
1.491267
1.299493
1.421718
1.431077
1.334338
1.088328
1.352634
1.315460
1.654781
1.650945
1.493764
1.348953
1.792509
1.239323
1.621290
1.673595
1.706180
1.020705
1.180887
1.208338
2.302755
1.212505
1.118082
1.018236
0.918741
1.188731
2.166573
1.220747
1.328272
1.471574
1.242610
1.510805
1.445337
1.105791
1.213393
1.370559
1.022704
1.123555
1.210363
1.110942
1.401396
1.468741
1.421547
1.552426
1.424101
1.316552
1.355071
1.364895
1.238968
1.305667
1.211465
1.229659
1.286665
1.843367
1.319080
1.472373
1.551053
1.855943
1.981547
1.906825
1.710132
2.063340
0.876000
1.112258
0.763609
0.931233
1.208338
1.288975
2.166430
0.793903
1.087463
1.114057
1.352604
1.386675
1.575089
1.377178
2.139107
1.246126
1.268140
1.646936
1.198969
1.255902
1.303934
1.487000
1.421481
1.522555
1.480337
1.123124
1.412578
1.372684
1.475857
1.502411
1.343879
1.402107
1.484387
1.348037
1.287897
1.358699
1.277753
1.392547
1.989996
1.414225
2.139482
0.973237
2.001336
2.057927
1.851346
1.250466
2.122839
1.505736
1.639968
1.469614
1.215203
1.110056
1.134752
1.131829
0.970304
0.909841
0.918196
0.990777
1.179168
1.071650
1.041519
1.334201
1.309415
1.372086
1.368701
1.284318
1.374335
1.317349
1.312734
1.337197
1.316311
1.994213
1.806038
1.969688
1.646938
2.036948
1.639023
1.649065
1.645159
1.646327
1.416452
1.457966
1.438410
1.307349
1.083384
1.117385
0.870733
1.058034
1.288991
1.747709
1.905142
1.524932
1.550710
1.487498
1.444132
1.739866
1.795996
2.030148
1.993697
1.825265
1.873137
1.532078
1.770983
2.102188
1.848080
1.847926
1.469011
1.560620
1.243073
1.303882
1.460789
1.468194
1.447531
1.172686
0.858100
1.043454
0.798639
1.029204
0.999190
1.442657
1.568722
1.679962
1.541406
1.764805
1.646653
1.403687
1.113150
1.093101
1.082504
0.947883
1.559912
1.459977
1.334415
1.726467
1.720601
1.523671
1.301110
1.471737
1.058371
1.510265
1.559483
1.427696
1.555212
1.672068
1.653672
1.550719
1.760428
1.417491
1.556279
1.363779
1.489466
1.573839
1.276674
1.046815
1.348342
1.406410
1.260741
1.220914
1.222649
1.025698
1.165813
1.033054
1.103830
1.021419
1.370996
1.309284
1.264804
1.387253
1.330977
1.328051
1.158836
0.729109
0.763652
0.702576
0.714786
1.132282
0.991385
1.039654
1.789375
1.848601
2.081900
1.259755
1.126122
1.577464
1.785300
