7479 1 3
1.452994
1.769003
1.949813
1.516953
1.521631
1.378474
1.522397
1.461140
1.595874
1.880790
1.649165
1.837231
1.786777
1.919161
1.961745
1.907163
1.459767
1.433012
1.983210
1.462413
1.915271
2.084609
2.013251
1.979800
2.211330
2.002935
1.950761
2.078680
2.166624
1.963850
2.137002
2.007721
1.910153
1.821457
1.430266
1.373170
1.533399
1.876815
2.226743
1.483275
1.775155
1.577923
1.677170
2.034365
2.202209
2.324582
2.159669
1.999394
2.087051
2.067367
1.914615
1.850040
1.902659
1.863870
1.672294
1.606433
1.728139
1.943593
2.043112
2.305035
1.585031
1.779297
2.082142
2.300826
2.309825
2.332826
1.819819
2.176790
2.323442
2.112199
2.200174
2.299109
1.883249
2.055293
1.771282
1.982466
1.888423
1.658344
1.778271
1.418758
1.392228
2.015472
1.953406
1.397710
2.176156
2.176156
2.210905
2.005375
1.434656
2.576381
2.324395
2.146263
2.318579
2.275320
2.257856
2.253498
2.058039
2.474729
2.088770
1.854899
2.092586
1.895809
2.100785
2.183722
1.576391
1.890626
1.393995
2.164007
2.260073
2.165221
2.374611
2.569751
2.304674
2.063107
2.347961
2.599459
2.027911
1.868679
1.967722
1.798181
2.356205
1.850697
2.334139
1.724557
2.278886
1.927790
1.988827
2.199904
1.875374
1.423944
1.764030
1.496905
1.440628
2.206313
1.932588
1.679555
2.206204
2.319866
2.325237
2.187888
2.257844
2.031499
1.794085
2.403057
2.321999
2.102028
2.095436
2.361293
1.839655
2.193831
2.178657
2.063240
1.857258
1.850519
1.733526
2.084771
1.715354
1.781457
1.823191
1.728624
1.627293
2.295359
2.058779
2.155525
2.309658
2.098663
2.352372
1.550256
2.411847
2.319046
1.540294
1.516650
1.710068
2.313587
2.492316
2.273552
1.954005
2.641412
2.448849
2.228783
2.375089
2.400597
1.810328
1.821643
1.986007
1.749983
2.397718
2.122332
2.328037
2.329988
2.444374
2.462839
2.504647
1.956324
1.570934
1.401830
1.713575
1.487721
1.971758
2.136298
2.214714
2.185368
1.512616
2.441770
1.589158
1.816963
1.914580
2.536866
2.295549
2.366643
1.946009
1.845869
2.332323
2.462115
2.415963
2.178198
2.428835
2.394748
1.802444
2.222556
2.264388
2.293798
1.804540
1.314043
1.626416
1.575542
1.365404
1.304327
1.470933
1.498239
1.843459
1.580786
1.955379
1.894426
1.578104
2.364636
2.425432
2.613327
2.570091
2.361753
1.902011
2.393162
2.455847
2.282150
2.217911
1.966338
2.411499
2.573520
2.379700
2.468998
1.773401
2.786092
2.607574
2.715275
2.509516
1.846237
1.798665
2.291003
2.537065
2.558837
2.399745
2.438391
2.436348
2.523742
2.049348
2.369123
1.945965
1.307501
1.730317
1.852604
1.696945
1.360502
2.056623
2.311970
2.329498
2.407290
2.452414
2.357605
2.489541
2.594145
2.608302
2.361400
2.405012
2.398659
2.569693
2.448914
2.438019
2.797666
2.730419
2.544176
2.906328
2.574704
2.505429
2.559210
1.839217
2.463423
2.719991
2.313003
2.179094
2.130698
1.835349
2.474231
2.270257
1.804540
1.785396
2.270642
1.778391
1.494880
1.492215
2.094383
1.618897
1.546470
1.748953
1.513477
1.748953
2.484121
1.664930
2.387710
2.580946
2.126491
2.637274
2.280915
1.991197
2.708828
1.815293
2.633191
2.860285
2.698158
2.740519
1.957857
2.704799
2.805104
2.556379
2.113155
2.269502
1.977574
1.867853
2.208397
2.148783
2.121602
2.112995
1.900284
1.387881
2.382025
1.795093
1.986506
2.444838
2.225363
2.299839
2.693560
2.574133
2.809085
2.650351
2.082892
2.120984
2.349469
2.779981
2.444299
2.532882
2.591265
2.796082
2.829660
2.471566
2.987552
1.896972
2.920604
2.597218
2.491165
2.848179
2.891120
2.751527
2.741349
2.695632
2.493200
2.467290
2.510394
1.830873
2.516901
2.532051
1.967219
1.512100
1.362829
1.793826
1.470583
2.087067
1.576367
2.251704
2.199386
2.248509
2.279221
1.550223
2.174997
2.253587
2.245186
1.570277
1.567132
2.563970
2.735356
2.680825
2.474893
2.666018
2.732747
1.917967
2.761294
2.346936
2.782283
2.707415
2.520948
2.262685
2.418955
2.457307
2.452471
2.471310
2.537749
2.462101
2.518573
3.057016
2.491351
2.557447
2.608703
2.754312
2.313003
2.337635
2.561367
2.773054
2.710978
2.644869
2.296237
2.248879
2.223015
1.563442
1.451660
1.855562
1.383156
2.328569
2.554472
2.184457
2.173553
2.276052
1.947443
2.540518
2.586872
2.474889
2.813715
2.379890
2.477195
2.499302
2.407554
2.458630
2.506901
3.012292
3.040245
2.658708
2.960386
2.677613
2.435463
2.310745
2.297836
2.252744
1.941022
1.862038
1.983427
1.343454
1.323146
1.280505
1.347212
1.376742
1.788965
1.873514
1.514946
2.233713
2.249698
2.268221
2.727861
2.254410
2.274421
2.527085
2.788876
2.373706
2.350075
2.138410
2.623075
2.242297
2.375638
2.318379
2.960046
2.617346
2.582437
2.984035
2.954829
2.635057
2.517198
1.928219
2.662731
2.718892
2.841633
2.876076
2.618909
2.880650
2.479265
2.501305
2.574278
1.821195
1.855910
2.626462
2.512221
1.837609
2.329979
2.164474
2.319498
1.963105
1.738332
1.770136
1.279960
1.315982
1.844342
1.732105
2.008468
2.275627
2.229055
2.523115
2.364882
2.129968
2.442997
2.276052
2.237127
2.559342
2.354177
2.372372
1.753174
2.740830
2.451409
2.823715
1.980313
2.889790
2.953529
2.967007
2.782438
3.066433
2.612324
2.874444
2.699381
2.894693
2.920544
3.183590
2.998770
2.639509
3.058853
2.932713
2.595025
2.473165
2.412176
2.376656
1.903398
2.382429
2.151314
2.198061
1.807687
2.378738
2.385483
2.163083
2.646712
1.611099
2.449767
2.466321
2.779551
2.645183
2.074347
2.376715
3.051064
2.953529
2.246035
2.797441
2.804613
2.533143
2.871939
2.572982
2.451744
1.950971
3.035493
2.897955
2.680248
2.903326
3.237771
3.061056
2.712286
3.056092
2.826798
1.974663
2.544864
2.630772
2.448654
1.885692
2.261949
2.227459
2.482272
2.331572
2.365434
2.013237
2.255315
1.825818
1.712566
1.684995
2.035276
1.829568
1.503062
1.575278
1.441838
2.171129
2.041561
2.401934
2.567711
2.629825
2.681189
1.738237
1.642821
2.541350
2.594088
2.419607
2.292815
2.352628
2.660706
2.902247
2.912591
2.888638
2.511183
2.562020
2.415370
2.299763
2.650422
2.476458
2.475590
1.999435
2.123226
2.496891
2.864859
2.166497
3.111269
2.094538
2.895691
2.547819
2.666750
2.583013
2.790093
2.644869
1.920913
2.444998
2.696721
2.631725
2.677530
2.234190
2.434808
2.350737
1.950578
1.952664
2.041106
1.825906
1.372986
1.513291
1.739979
1.967338
1.634380
2.280351
2.290782
2.648213
2.599904
2.521671
2.665094
2.395771
2.890777
2.764296
2.773194
2.455772
2.488499
2.889749
2.867662
2.794045
2.297001
2.371993
2.920100
3.017963
2.280754
2.583169
2.150135
3.013838
3.036864
2.668995
2.828657
3.118047
2.468121
2.771634
2.486572
2.759686
2.452717
2.560028
2.430008
2.755487
2.389066
2.551986
2.308608
1.991472
2.553027
2.286834
2.247837
2.093572
2.147424
1.746436
1.868645
1.294847
2.211324
1.576354
2.547940
2.729304
2.311114
2.633657
2.732503
1.728765
2.484404
2.605110
2.932675
2.943545
2.600147
2.289073
2.600147
2.423425
1.794930
2.344070
2.267216
2.343559
2.378430
2.222857
3.171820
2.853173
2.879273
2.661784
2.603513
3.221198
3.224066
3.251980
2.563205
2.625839
3.063918
2.956728
2.799623
3.206638
2.478386
2.497992
2.076042
2.184491
2.541222
2.822571
2.951722
2.919663
2.383210
2.454593
2.151695
2.161289
2.677530
2.176703
2.449352
2.317680
2.278600
1.795340
1.685236
1.672372
1.813695
1.946269
1.563144
1.521049
1.429640
2.360339
2.375383
2.759557
2.650601
2.470747
2.392323
2.665094
2.337296
1.793342
2.835527
2.083296
2.525029
2.349558
2.906065
2.833141
2.181350
2.874880
3.076416
2.180429
2.740069
2.163152
2.212133
2.837577
2.949138
2.895045
2.613924
2.125567
2.067415
3.416927
2.815681
2.485816
2.758278
2.259321
2.590818
2.482203
2.160065
2.366113
2.733677
2.067981
2.398410
2.457577
2.208084
2.280812
2.269817
1.727775
1.713829
1.438528
2.027630
1.355613
1.375617
2.177679
2.443641
1.586312
1.563041
2.403527
1.507218
2.739500
2.363631
2.466033
2.328042
1.673291
1.659526
2.412618
2.484571
2.430258
1.742392
2.850909
1.795336
2.504311
2.948603
2.790267
2.639967
2.530905
2.577223
1.742923
2.577223
2.978698
2.849078
2.773307
2.869028
2.208256
2.439338
2.360164
2.506919
2.451284
2.375315
3.113236
3.158130
2.142830
2.611240
3.305582
3.193359
2.604920
2.557676
2.293989
3.260602
3.128396
2.591462
3.237299
2.779720
2.759993
2.950094
3.098667
2.405474
2.901039
2.426275
2.309259
2.325584
2.670318
1.896188
1.904001
2.291660
1.616990
2.158165
1.905862
1.951469
1.769732
1.737268
1.479405
1.528785
1.639792
1.432138
1.632245
1.733308
1.721639
2.618271
2.653311
2.291016
2.350604
2.840212
2.476857
2.866453
2.819808
3.007620
2.372455
2.332419
1.915976
2.424378
2.246530
2.588790
2.775050
2.792088
2.731662
2.436515
2.877042
2.895045
2.766005
3.087181
3.136756
2.059138
3.366389
3.069287
2.652528
3.021851
2.245556
1.981381
2.789213
2.411398
2.042988
2.936162
2.577716
2.747681
2.353638
2.851574
2.849472
2.700755
2.074535
2.547721
2.496768
2.628086
2.615433
1.786838
1.337386
1.307399
1.790644
1.934611
1.390631
2.178649
1.507216
1.474844
2.162729
2.564211
2.359435
1.691425
2.417931
1.717598
2.394003
2.487702
2.555575
2.954919
2.930790
2.996844
2.899191
2.206385
3.263606
3.236742
2.514258
3.235197
3.274068
3.141789
2.260644
3.137031
2.559930
3.269424
2.438548
3.034984
2.287803
2.929836
2.713662
2.823467
1.952710
1.657404
1.940449
1.425310
1.250902
1.316623
1.834411
2.020409
1.875291
2.178768
2.287874
2.339630
2.495260
2.618098
2.312649
1.825820
2.728719
2.467439
2.583764
2.511879
2.514008
2.625195
1.779540
2.885229
2.714893
2.523775
2.476674
3.082667
2.903210
2.499249
2.381958
2.119681
2.600336
2.730068
2.851314
2.020758
2.509072
2.472142
2.643570
2.545496
3.232952
2.674829
2.290861
3.461522
2.902076
2.598758
2.479233
2.980020
3.078443
2.861917
2.953321
2.450401
2.425579
2.424461
2.617897
2.205856
2.318174
2.123203
2.083171
1.631538
2.065280
2.085222
2.119109
2.357711
2.402054
2.755408
2.818273
2.313964
2.376357
2.591649
2.564526
2.465541
1.653019
2.722506
2.530083
2.885379
2.768080
2.463912
2.569344
2.584659
1.749026
1.865546
2.844698
2.812096
2.906287
3.014533
3.067724
3.220020
3.088985
3.035528
3.289814
3.307307
3.261479
2.187455
3.127454
3.099873
3.002151
2.825307
2.643115
3.350432
3.485696
2.654582
3.267171
2.262603
2.236627
2.136969
3.121521
3.296468
3.082777
2.871321
2.423854
2.959820
2.066453
2.023806
2.823905
2.749732
2.973896
2.202264
2.435756
1.614354
2.076748
2.090935
1.315940
1.811021
2.089369
1.993383
1.691275
1.820427
2.828684
2.865800
2.503963
1.897988
1.863917
2.671000
2.674185
3.062493
2.675438
1.936377
2.049177
2.549510
2.461108
2.468546
2.518787
2.460139
2.372035
3.340989
2.368988
2.244017
3.416927
2.262503
2.763695
2.791205
2.711193
3.401308
3.255845
2.597698
3.200118
2.390635
2.363998
2.662624
1.917647
1.902522
1.970249
1.364206
2.124579
2.253826
2.098276
2.172486
2.172265
2.390545
2.353713
2.705549
2.600630
2.759072
2.807669
2.493830
2.758190
2.676827
2.630711
1.942191
2.447127
2.634068
1.752224
2.370034
2.528098
1.955324
2.137574
2.029804
2.499273
1.989654
2.198289
3.590299
2.952090
2.579311
3.437571
2.900054
3.331820
2.772515
2.499204
2.380066
2.314477
2.738029
2.338776
2.357478
3.053810
2.933043
2.407095
3.134355
2.923898
2.255710
1.951741
2.150457
1.704190
1.632701
2.149523
1.784217
1.929028
1.581903
1.743563
1.363915
1.322013
1.249583
1.227430
1.633558
1.250485
1.894520
1.452295
2.123789
2.823815
2.835778
2.881426
1.783325
1.916555
2.815283
2.872393
2.665319
2.680882
2.448184
2.389701
2.611497
2.992811
2.630191
3.146139
1.765554
2.566002
1.864512
2.447425
2.246947
2.864913
2.314816
2.601569
2.515034
3.204677
2.729066
2.692561
3.332930
3.308032
2.533844
2.022015
1.969812
2.454839
2.849857
3.041951
2.824650
2.651909
3.529069
3.353235
3.464539
3.502851
3.050387
2.403433
2.734781
2.593612
2.931171
2.914091
2.227179
2.159928
2.080354
2.084206
2.074560
2.424714
2.363862
2.746402
2.424391
2.384936
1.905198
1.800939
2.893204
2.804383
1.864050
2.550631
2.496907
2.860843
3.061552
3.200438
2.971453
3.220910
3.218462
3.147158
2.604841
2.493423
3.219253
2.561826
2.495522
2.571445
1.961393
2.058585
2.937053
3.034458
3.100561
2.872023
2.976634
2.286646
3.443892
2.448098
2.306638
3.276884
3.246058
3.249567
3.157918
2.146857
2.936316
2.237725
3.054936
2.981512
2.553537
2.104053
1.830628
1.961792
2.070975
2.090188
2.204458
2.077843
2.316185
2.286425
1.736269
2.336022
2.907100
2.547667
2.859844
2.312761
2.340440
2.675418
2.605311
2.627040
2.717347
2.673450
2.511686
1.907298
1.779762
1.732047
1.731405
2.427887
3.061552
3.218272
2.856577
2.629861
2.486300
2.465196
3.284840
2.738659
2.126385
2.570962
2.867665
2.577690
2.668893
2.088343
2.184737
2.559158
2.016907
3.166872
2.197326
2.205947
3.188385
3.529069
3.104060
2.616375
2.783921
3.526489
2.186249
3.198735
2.272619
3.190375
2.670269
2.273272
2.362535
2.975707
2.720618
2.772677
3.251949
2.022036
2.429265
2.479751
2.115613
2.019033
1.583144
1.689168
1.262348
1.247729
1.576829
1.461311
1.312810
1.337412
2.144649
1.464354
1.413659
2.314357
2.351198
2.155332
1.514923
2.354354
1.765126
1.884528
2.444591
2.809275
2.487747
2.595159
2.553360
2.651475
2.658471
1.725059
2.647608
1.880975
2.668202
2.694746
2.824975
3.173003
2.821000
2.447425
3.037027
2.701219
2.620939
2.180304
2.644602
2.126982
2.423781
2.143617
3.183036
3.269362
2.481224
3.283477
3.253342
2.562126
2.480502
2.490762
2.265902
2.404888
2.374254
3.174412
2.490284
2.253392
2.387261
2.354855
2.354174
2.473399
3.220942
3.284273
2.595790
2.309791
2.334459
2.343251
2.073327
1.902801
1.626534
1.588507
1.904183
1.648523
1.443730
1.476572
1.694915
1.504097
1.288856
1.239531
1.490069
2.091605
1.991545
2.194301
2.240121
2.393359
2.446686
2.617736
2.465778
1.847215
1.668537
2.647891
2.511268
2.498290
2.905317
2.907804
2.445731
1.729916
2.494204
2.398167
2.511581
2.794710
2.937646
3.013315
2.484241
2.445828
3.273169
2.421408
3.280468
2.801289
3.302451
3.288998
3.275806
2.830255
2.928432
2.914261
2.795494
2.677471
2.225975
2.562999
2.779634
3.117806
3.170907
2.978578
2.953333
2.495151
3.284247
2.992837
2.172274
2.148339
2.063661
1.858799
2.257905
2.361017
2.519094
2.136579
1.666491
2.107464
1.594175
1.241141
1.188064
1.915116
1.968174
2.113070
1.436747
2.010046
2.174272
2.115057
2.074451
2.322830
2.324459
2.318959
1.540768
1.660754
1.607866
2.345058
2.858053
2.448134
2.458111
2.913713
2.906605
1.695759
2.574308
2.352760
1.756377
2.738985
3.002357
3.019214
3.197565
3.084949
3.267930
1.980485
1.878812
2.650035
3.329303
2.767470
2.767470
2.550815
2.414591
2.372787
2.740722
2.533999
2.075325
3.267460
3.016128
3.041982
2.129291
2.407274
2.916164
2.699364
3.502851
3.015393
2.462059
2.308527
2.732198
2.353033
2.876478
2.291632
2.294667
2.482966
1.441476
1.716907
1.552709
1.976999
2.139873
2.065811
2.105666
1.628614
2.421685
2.523196
2.397994
1.499244
2.596067
2.688820
2.805010
2.871662
1.612706
2.776459
2.756619
2.952058
3.050073
1.700810
1.675954
2.238872
3.013315
2.966220
2.449995
2.529164
2.493203
2.914563
2.494308
2.365096
2.942234
1.982102
2.706622
2.800447
2.165372
2.919269
2.451940
2.823349
2.672597
2.108003
2.980702
2.735371
2.153084
3.348640
3.276470
2.984147
2.087700
3.393685
3.365660
3.334639
2.593038
2.638422
2.461532
2.565042
2.508279
3.090462
3.517579
3.479299
2.272109
3.127976
3.406242
3.164986
2.349943
2.769968
2.447988
2.423231
3.336515
3.218906
2.951789
2.997780
2.061293
1.651570
1.709040
1.675499
2.332281
1.767540
1.731654
1.936703
1.667260
1.821336
1.473146
1.445929
1.462468
1.259070
1.986038
1.966549
2.119149
2.176098
1.366745
1.380091
2.006976
2.382859
1.557477
2.571692
2.865611
2.673824
2.808746
2.778629
1.585707
2.510178
2.830036
2.954796
2.575602
2.495928
2.858800
2.806633
2.911759
3.060190
1.559111
2.647699
2.558514
2.282485
2.694382
1.775942
2.139824
2.887643
2.889995
2.771404
2.320611
2.885924
2.606110
2.727005
2.747976
2.167641
2.286842
2.212768
3.110153
3.271380
3.417582
2.495446
2.502153
2.274685
2.360099
3.403424
3.330786
2.508675
2.435920
3.358943
2.627466
2.448761
3.497674
3.300247
2.519550
2.491824
3.320970
2.231236
2.185934
2.402158
1.976267
2.063528
2.108430
1.708609
1.821864
1.628250
1.359209
1.752377
1.684941
1.708098
1.812859
1.900290
1.223260
1.338470
1.517313
2.163110
2.508846
2.403582
2.866752
1.370712
2.546373
2.530193
2.580048
1.595716
1.570937
3.223557
1.990498
2.319471
3.301786
3.219725
2.501762
2.342825
2.662754
2.527285
2.698684
2.762608
1.952838
1.688357
2.959604
2.184340
2.926347
2.380509
2.551457
2.629905
2.826267
2.989545
2.655752
2.684670
3.127976
2.488842
3.493615
3.354186
3.036276
3.431247
2.373143
2.976308
3.081246
2.355043
2.211183
2.344650
3.166276
2.083977
2.342029
2.285590
2.034023
2.150064
1.957462
2.005678
1.904531
1.445929
1.548821
1.761648
1.268736
2.288133
1.494411
1.553853
1.532747
2.409377
2.519949
2.609791
2.527797
2.807725
2.663888
2.639750
2.581850
2.795311
2.867991
2.521584
2.931058
2.544508
2.665440
2.747900
2.558619
3.259570
2.984614
3.005938
1.870097
2.834332
2.846244
2.925064
3.060713
2.683115
2.399426
2.903966
2.583081
2.875947
3.105862
2.558442
2.209173
2.722507
3.442140
2.998456
2.291384
2.346726
2.470803
2.430578
3.484692
2.464672
3.470645
2.874538
3.335186
3.193852
2.141782
2.054816
1.881622
2.215262
2.050670
1.531348
1.491813
1.505183
1.559609
1.581397
1.464966
1.751234
1.309284
2.020334
1.458191
1.719504
2.115510
1.698155
2.366956
2.338720
2.375299
2.844489
2.585377
2.781850
2.655234
2.557566
2.866752
1.503526
2.503471
1.701776
2.589082
2.768456
2.788672
1.628615
2.921792
2.936711
3.031510
3.138119
3.030920
2.341251
1.943066
3.208887
3.268375
2.641733
2.582745
2.716980
1.866967
2.673773
2.775253
2.156626
3.355392
3.416434
2.559864
3.226804
2.807654
2.553848
2.329033
2.526190
3.425051
3.005115
2.704714
2.619097
2.273004
2.354567
3.540979
3.586241
2.619342
3.520189
2.382399
2.523570
3.247885
3.460805
3.320970
3.453321
2.208119
2.228302
2.170055
2.147140
1.799087
2.138411
1.589172
1.457955
1.543260
1.468654
1.340711
1.980955
1.977394
2.065474
2.301476
2.140771
2.366956
2.269243
2.291688
1.485150
2.284495
1.440884
2.413646
2.495054
2.342596
2.369899
2.347451
1.541776
2.412624
2.361222
1.460228
2.935044
3.008681
2.955736
2.534091
1.433925
3.177240
2.724765
1.467746
2.636285
1.463983
2.530198
2.068110
1.903199
2.453307
3.090182
2.919012
2.858819
1.944007
2.193754
3.296966
3.348699
3.232116
2.539552
2.905601
2.989668
2.642916
2.704887
2.376194
2.469369
3.529890
2.467392
3.500119
3.550723
3.428316
2.521790
2.351251
2.893601
3.503769
1.961926
1.998497
1.800217
1.716767
1.718139
1.990881
1.917906
1.903152
1.493685
1.497237
1.660277
1.443763
1.570528
1.495060
1.579231
1.535431
1.281958
2.181062
2.066627
1.870320
1.654447
2.316920
2.295084
2.435521
2.561405
2.447224
2.489897
2.510540
2.557566
2.867291
2.813485
2.811795
2.672498
2.504091
1.414433
2.777715
1.347953
2.844209
2.573718
1.542449
3.100493
2.564672
2.498135
1.760795
1.556509
1.936855
2.563718
2.542374
3.058537
2.967959
2.232161
3.060783
3.063455
2.380462
2.426055
3.010182
3.403854
3.239735
3.167640
3.047159
3.393614
3.457784
3.230369
2.653851
2.547967
2.452947
2.486052
2.490300
3.536298
3.487269
3.525975
3.580732
2.707567
2.306608
3.517145
2.737643
3.355646
2.002267
2.194891
2.194680
2.464020
2.476191
2.430187
1.985752
1.871167
1.702647
1.505943
1.637874
1.606912
1.536956
1.461604
1.323551
1.326342
1.257349
1.606563
1.676730
1.558816
1.702280
1.728131
1.712564
1.743914
1.585060
2.015957
1.920238
1.382858
2.217909
2.164520
1.509425
2.365281
2.598750
2.370482
2.325452
2.587255
2.772161
2.900830
2.878894
2.498843
3.176452
3.135431
1.555392
2.795012
2.579722
1.730230
2.658935
3.270723
3.297562
3.186401
2.655196
2.517057
2.559286
3.143884
3.126933
2.947329
3.143771
3.168010
2.083594
1.937096
2.952840
2.805740
2.437005
2.209912
2.295305
2.335260
2.552105
2.849049
3.154999
2.342029
1.871087
2.367332
2.386516
1.494924
1.807384
1.668317
1.787393
2.209391
1.294283
2.385357
1.781549
1.597117
1.481300
1.371555
1.506135
2.405627
2.537855
2.417367
2.623996
2.760071
2.910193
2.898032
2.951408
2.916518
2.876133
2.947420
2.981276
1.444303
2.947420
3.016053
1.661377
1.822393
3.149071
1.283461
1.673073
1.840869
2.537171
2.679069
1.914890
3.077948
2.758585
2.426383
2.398536
3.331285
2.958432
3.407278
2.508748
2.556299
2.253858
2.335849
2.265269
2.263498
2.103900
2.279283
2.295227
1.973479
1.711509
1.560981
1.789426
1.309796
1.803693
1.722138
2.066506
2.320677
1.375868
1.383189
2.108030
1.681050
1.549378
2.425408
2.476362
2.456833
2.256914
1.455657
2.417637
2.640928
2.702457
2.738728
1.262881
2.865207
2.953000
2.620035
1.349885
3.180134
2.940190
2.634212
3.262846
2.501746
3.215880
2.968621
2.941596
2.532813
1.910518
2.121396
2.404469
2.196008
2.025675
2.627854
2.794124
2.365761
3.451494
3.079009
2.922008
2.679470
3.414593
2.421298
3.077015
3.213542
2.241086
2.475926
2.406503
2.143685
2.476173
1.854953
1.875991
2.376908
1.972365
1.564332
1.716951
1.398643
1.313429
1.484268
1.762786
1.810144
1.712486
1.801663
1.286714
2.054482
2.136876
2.274796
2.556830
1.324519
2.359146
2.327564
2.638809
2.804437
2.869153
2.917298
2.726423
2.753302
2.924198
2.597703
2.576621
2.451888
2.598695
1.575283
1.591991
1.756218
1.972313
3.187477
2.859119
2.717184
2.986466
2.755164
1.374326
1.462497
1.537050
1.876382
3.217204
2.748602
2.946222
1.804297
2.544132
2.817041
2.610368
3.137780
2.409642
2.438188
2.806978
2.523352
2.504691
3.497391
2.508480
3.542385
3.571861
2.649924
2.303119
2.277898
2.332148
2.086568
2.183132
2.111441
2.321110
2.025943
2.216338
2.104040
1.689715
1.553690
1.841991
1.344838
1.502890
1.508121
1.433992
1.499170
1.467747
1.328069
1.831700
1.735955
1.748567
1.373836
2.295056
2.280895
2.301758
2.092799
2.259946
1.632358
2.208515
2.457806
2.384540
2.622817
2.682062
2.599803
2.350052
2.663227
2.488625
2.705122
2.660166
1.438200
2.597499
1.223183
2.598900
1.350814
2.955152
2.979818
2.397488
2.767352
2.940190
1.248563
3.172861
2.933096
2.796844
2.751154
1.165383
2.467750
3.207003
2.542268
3.128940
1.714508
3.080782
3.045911
2.639880
1.818664
2.721574
2.605862
2.693721
2.712284
3.265095
2.232327
2.334884
2.308970
2.606218
2.523116
2.059284
2.182417
2.041955
2.519863
2.129471
1.983371
2.028615
1.364655
1.492564
1.412288
1.847829
2.108088
1.380927
2.130690
2.455185
2.447929
2.208598
1.768805
1.718685
2.264955
2.343212
1.375687
2.632168
2.638407
2.393717
1.281715
2.830167
1.344700
1.541843
2.958372
2.921937
1.197224
1.152666
1.457968
1.614829
1.515056
1.405430
2.546838
3.298890
3.112715
2.850046
1.654003
2.809179
2.536654
2.569584
2.653331
3.241520
3.271237
1.604713
1.740038
2.771572
2.690917
2.840020
2.488893
2.864343
2.501407
2.333556
2.561643
2.435098
3.486234
3.282968
3.263680
2.177681
2.268563
2.248765
2.372434
2.188585
2.520688
2.244736
2.126671
2.281797
2.022218
2.466435
1.964724
1.960689
2.552277
2.607522
1.994415
2.667488
1.739330
2.590840
1.679219
1.666122
1.349709
1.619163
1.418096
1.338358
1.551116
1.745099
1.891319
1.270949
1.899948
1.947161
2.170788
2.468524
2.341664
1.529988
2.339399
2.532777
2.632820
2.751449
2.735461
3.040240
1.379696
1.378994
1.092215
2.857677
1.177990
3.370454
3.058787
1.228033
1.468911
1.771574
1.510067
2.503596
2.712646
3.295924
3.159108
2.862827
3.002144
2.613135
1.718006
1.738736
2.513699
2.005448
1.951069
2.518484
2.040403
2.339778
3.104301
3.244836
3.453194
2.856758
3.128197
3.242193
2.724450
2.042338
2.517778
1.983514
1.979649
2.216830
2.182996
2.031466
2.302108
1.471424
1.685241
2.249521
1.978766
1.910284
2.169465
1.853305
1.686480
1.315971
1.427254
1.857519
1.865732
1.891757
2.195619
2.208205
2.398180
1.642595
1.735057
2.328814
2.594986
2.750248
2.821902
1.135610
1.130798
1.071087
1.309320
1.681354
1.489424
1.460635
1.134921
2.977503
2.986880
0.987044
2.601413
2.615843
2.800061
3.329202
2.926413
3.107929
3.190042
3.194793
3.078984
2.984776
2.736156
2.823549
2.953330
3.132008
1.588427
2.516513
2.470931
2.459221
2.291534
2.449572
2.574687
3.032979
2.726379
2.553912
2.803328
1.982848
2.550598
2.040936
2.401807
2.080694
2.002931
1.861388
1.381686
1.900123
1.835553
1.303359
1.941601
1.854944
2.159459
2.268829
1.895992
2.174414
2.131084
2.341395
2.195619
1.460678
2.512276
2.523285
2.308188
1.622741
1.723080
1.680064
1.568575
2.276300
2.265007
2.224348
1.585241
2.285520
2.501484
2.618409
2.653254
1.214710
1.259921
1.408056
2.671860
2.783207
2.672319
1.400766
1.631641
1.457976
1.244656
2.787424
2.933467
2.864061
3.033799
2.811434
3.134880
3.022159
3.176277
3.110571
3.216968
3.240865
3.096998
3.027575
3.124693
2.712905
1.492986
3.128897
3.105031
2.841409
1.808022
1.834548
2.418243
3.465854
2.876356
2.790060
2.764479
2.345456
1.777479
2.237244
2.059177
2.792132
2.540008
1.884501
2.384769
1.953127
1.827824
1.764641
1.449741
1.466420
1.238679
1.417190
1.408784
1.587390
1.713848
1.266936
1.266083
1.356282
2.142801
2.064022
2.145484
2.255383
2.309985
2.250875
2.200725
2.218354
2.184403
2.448150
1.359507
2.300688
2.267435
2.196292
1.448436
1.546993
1.424702
1.177994
2.664928
1.400766
2.884373
3.014249
1.062903
2.510175
2.554576
2.739902
2.865873
3.205598
3.323901
3.033133
3.098401
3.176990
3.156374
3.168504
3.160728
2.889296
2.652376
2.596447
3.129718
3.040717
3.022069
3.163641
1.572307
2.497943
2.709057
2.540348
2.307952
2.275585
3.324167
3.373451
3.375595
3.424831
2.264264
2.225158
2.155193
2.220912
2.105663
3.028255
2.117173
2.900478
2.794453
2.240436
1.591159
1.677287
1.262401
1.491824
1.328163
1.271724
1.500192
1.265967
1.305866
1.986868
1.961758
2.298741
2.056749
2.125788
2.395542
1.534429
1.766150
2.237726
1.448971
2.689751
2.913381
2.758340
2.729064
2.596728
2.837859
2.853873
2.904322
2.798130
2.738932
2.677072
1.190699
1.042002
1.121631
3.138279
3.299010
3.276989
3.076921
3.234958
2.883128
2.603402
3.046813
3.058954
2.917025
2.767174
3.140049
2.787325
2.419104
2.517785
2.465413
2.748073
3.173792
3.419668
3.371509
3.366085
3.215403
2.703116
2.644784
2.516168
3.085092
3.435887
2.932139
2.217457
2.700617
2.218130
2.217457
2.186914
2.666527
2.530164
1.808737
1.272717
1.697811
1.253799
1.566762
1.565822
1.454619
1.230896
1.585754
1.237749
1.260535
1.868256
1.836865
2.204384
2.139998
2.338003
2.310029
2.248857
2.288352
1.452618
2.422146
1.445750
2.342605
1.678611
1.201612
2.780477
2.752040
1.081641
2.596387
0.882202
2.795735
2.730814
0.927249
3.239723
2.788007
2.972579
2.997812
2.905154
3.066723
3.241892
3.130496
3.208690
2.567747
2.975292
3.053262
3.001612
3.090930
2.909119
3.196132
2.484433
1.567577
1.632111
2.335439
2.377651
2.379232
2.301523
2.305872
2.906287
2.834440
2.138261
2.125587
3.002275
2.912009
3.021289
1.883387
1.580178
2.207250
2.000118
1.716690
1.628585
1.481587
1.523383
1.151691
1.296680
1.582822
1.799747
1.699034
1.932093
1.832071
1.322486
2.225803
2.422343
2.294493
1.389084
2.330136
1.370702
2.366754
2.326275
2.264225
2.202021
2.303896
2.389009
2.384161
2.298313
2.366138
2.302286
2.416484
1.279820
1.300380
2.181576
2.606996
2.375749
2.726748
1.144415
2.633134
2.939487
2.875377
2.651025
3.020008
3.185954
0.879795
3.218615
3.215595
3.160728
3.023944
3.243497
3.170527
2.623340
2.996876
2.956173
2.903211
1.386580
3.115341
3.082822
2.623937
3.011552
2.378498
2.499296
2.585809
2.627307
2.147527
3.363200
3.237588
3.032879
2.989620
3.079811
1.848815
2.147748
1.951768
2.097575
2.627995
2.790633
1.904842
2.400456
2.351893
1.323525
1.408899
1.687373
1.621725
1.331444
1.335904
1.308357
1.398510
1.459561
1.947620
1.271723
1.971812
1.302139
2.079698
1.816791
2.040233
2.080453
2.084829
2.046885
2.175915
2.252530
1.337895
1.385776
2.422343
2.407922
2.192303
2.358418
2.319453
2.347394
1.678611
2.330309
1.067600
2.225978
2.619179
2.566863
2.886645
2.927578
0.922684
0.976475
2.680140
2.559205
3.007987
2.717768
3.114594
3.174557
3.095924
3.161711
3.295653
3.032935
2.981096
3.122519
3.003035
2.790019
2.582536
2.643409
2.580549
3.066939
3.066939
2.601068
1.534502
2.421213
1.622971
2.211893
1.908697
2.129082
2.094455
1.920865
2.482700
3.173753
1.964582
2.839395
2.192284
1.894896
2.749528
1.958936
1.922796
1.490640
1.342012
1.242454
1.373180
1.123337
1.187384
1.441423
1.432847
1.522970
1.348765
1.494916
1.673520
1.301210
2.046058
2.026935
2.133782
1.402257
2.400151
1.480437
2.192863
2.336041
2.308247
2.420208
2.769171
1.156573
3.006340
2.894240
0.882683
0.799310
3.292148
3.052404
3.249850
2.801503
2.970950
3.053618
3.114611
3.093391
2.816058
3.034351
3.041606
3.074486
3.117231
3.033844
2.197732
2.275270
2.275270
2.300907
2.276485
1.866399
1.761934
2.277636
2.273986
3.354882
2.814799
3.280703
3.313686
2.438022
2.374276
2.100266
1.794961
2.133212
2.245458
2.593033
1.712708
1.566772
1.726247
1.836611
1.511799
1.206321
1.443085
1.168789
1.296600
1.226895
1.313874
1.500148
1.235373
2.011487
1.779388
1.849674
1.888799
1.808063
1.345038
2.378894
2.399431
2.444861
2.478780
2.402776
2.391156
2.433080
2.431843
2.443634
2.405658
0.908308
2.476440
2.696081
2.552334
2.880591
2.685699
2.674341
2.607118
2.769192
2.780974
2.931481
3.065333
2.999420
3.165243
3.049056
3.137696
3.265540
2.598419
2.778816
2.969923
3.028520
2.771111
2.623326
2.695869
1.581349
1.589836
2.529478
2.083661
2.119768
2.854117
2.492344
1.856588
1.903423
2.233653
1.754372
1.964241
1.948862
2.210029
1.883896
2.844082
2.025169
2.563709
2.622700
1.678491
1.749033
1.580319
1.784867
1.644871
1.723843
1.096154
1.363438
1.370645
1.160094
1.635041
1.729088
1.879236
1.905783
1.981988
2.020521
1.836345
1.346899
1.428408
2.167098
2.065606
2.064851
2.022877
1.373596
2.281742
1.337679
2.457527
2.346035
2.394181
2.356292
2.386157
2.265946
2.509975
2.458579
3.058838
2.916122
2.725874
0.861478
2.744889
3.051497
3.049687
3.122519
3.175371
3.344990
3.367744
3.169391
2.879356
3.228798
3.088099
3.095457
1.378717
1.448485
2.996984
2.925613
2.435308
1.459836
2.228568
2.322869
2.263161
2.230356
1.854692
1.756746
2.058038
1.864973
1.594684
1.693575
1.868504
1.808686
1.705652
2.155018
1.858326
1.404990
1.474947
1.290055
1.273664
1.360927
1.794024
1.230382
1.258825
1.764440
1.813347
1.945260
2.209363
1.451262
1.390074
2.444679
2.386157
2.386359
1.513283
1.488934
2.383914
2.152421
0.957386
2.900518
3.203341
3.085585
2.992460
2.753141
3.277504
3.248286
3.282629
3.067566
2.997432
2.968383
2.754394
2.958320
2.914365
2.923454
2.905842
3.209721
3.138573
2.017899
2.165168
2.569712
2.606906
2.664749
3.332414
3.244586
3.039572
2.826233
2.501779
2.531453
2.389238
1.719926
2.425159
2.004043
2.093707
2.073080
1.709757
2.053680
1.542908
1.732139
1.633824
1.749395
1.499754
1.324519
1.831006
1.464991
1.427178
1.703767
1.943926
2.024978
2.159910
1.466180
1.490532
1.587585
2.034958
2.247406
2.220280
1.473927
2.350519
2.174131
1.506934
2.297550
2.395683
2.587067
2.966959
3.221576
2.848788
2.774214
3.470821
3.432809
3.070016
3.370788
3.503558
3.230530
3.368795
2.739867
3.142099
3.074357
2.696784
2.871509
2.853844
3.035126
2.883425
1.312757
2.802633
2.869507
1.414266
2.863766
2.801248
2.653679
1.447051
2.575400
2.164052
2.330584
2.306322
2.497719
2.169493
2.214295
2.132456
2.036320
1.953669
1.795903
1.812319
1.735903
1.557257
1.565643
1.226469
1.532852
1.343528
1.395865
1.215041
1.306772
1.240085
1.548037
1.327748
2.080967
1.543664
2.126188
2.146832
1.596173
1.379509
2.330401
2.190230
2.332557
1.482855
2.225716
1.039546
1.196944
2.164835
2.235476
2.571455
2.667930
2.535504
2.993106
3.016341
2.575571
2.631213
3.318799
3.281660
3.059210
2.787331
2.821026
3.046375
3.061417
2.990554
1.288152
2.906043
3.256500
3.130412
3.076296
2.473387
2.066377
1.801853
2.692405
1.640502
1.627612
1.560658
2.399116
2.622527
2.292485
2.392732
2.360348
2.436637
2.766664
2.355002
1.774730
2.014962
1.754471
1.827365
1.675075
1.603738
1.646049
1.672948
1.693111
1.756670
1.628264
1.400240
1.315712
1.185397
1.310262
1.351682
1.302320
1.337729
1.384411
1.478820
1.315537
1.282288
1.358277
1.372049
1.360615
2.214741
1.855897
1.425709
1.818448
1.825388
1.852824
1.481960
2.133052
2.317669
1.631924
2.142944
2.213574
2.122326
1.520753
2.241278
2.246284
2.382819
2.395571
2.446959
2.785624
2.872286
2.471255
2.871602
2.748232
2.752680
2.952648
2.994859
3.111951
2.830027
3.318799
3.108001
3.268296
3.242492
2.888669
2.797340
3.154489
3.311156
3.397323
2.700242
3.227812
2.938949
2.621305
2.581717
2.670880
2.698395
2.752885
2.118072
1.516170
1.606010
2.640957
1.945422
1.822658
2.575400
2.335625
2.518020
3.191333
3.169028
2.825236
2.975379
2.076665
2.175071
1.720402
2.376294
2.462618
1.668167
1.842644
1.576983
1.783498
1.540361
1.805109
1.766852
2.023187
1.958964
1.153199
1.218586
1.229963
1.102686
1.258430
1.094402
1.251563
1.618096
2.131488
2.017977
1.852541
1.989237
1.662733
1.593057
2.204659
2.197631
1.476109
2.282613
2.418218
2.339632
2.897864
3.156648
2.905248
2.778018
3.496098
2.807530
3.571743
3.282617
3.388773
3.003411
2.608007
3.175371
3.287669
2.982015
3.243914
2.950568
3.047283
1.328967
1.392471
3.314468
2.467626
2.216431
1.448049
1.606495
2.730487
1.736530
1.763728
2.787417
3.169028
1.650256
2.469802
2.618330
2.485070
1.790651
2.165637
2.146847
2.204539
2.303436
2.280763
2.110199
1.884583
1.786676
1.792985
1.916152
1.665522
1.839925
1.659009
1.650998
1.699875
1.455554
1.250557
1.369401
1.085096
1.138669
1.255709
1.197263
1.856916
1.960580
2.116127
1.630744
2.259238
2.120481
2.183991
2.237040
2.251025
1.559915
1.521624
1.424779
1.506721
1.360054
2.201877
2.261798
3.054671
2.809720
2.868739
2.866314
3.275741
2.846079
2.813595
3.443524
3.456110
2.773311
2.681075
2.725846
2.695316
3.150892
3.158905
3.222543
3.045672
2.850173
1.245669
1.282241
2.806381
3.162482
2.954760
2.475324
2.717300
2.183931
1.541039
2.432389
2.328210
2.614655
2.982723
2.697241
1.776832
1.988217
2.221392
2.373605
1.646087
1.747462
1.956181
1.643880
1.647153
1.685332
1.684742
1.528189
1.794140
1.517848
1.212808
1.134332
1.107609
1.242096
1.365261
1.795232
2.369062
2.328187
2.238490
2.311256
2.127006
2.259094
2.259094
1.365551
2.216531
2.920088
3.060306
3.056116
3.022175
3.051303
2.904472
3.049839
3.116093
3.032127
2.731636
3.484241
3.464555
2.420145
3.346370
3.422638
3.504117
2.922652
2.679059
2.620663
2.642658
2.697312
2.862679
2.954760
2.987951
3.108666
3.051187
2.475324
2.308498
1.892533
1.494828
2.010390
2.013870
2.055863
2.140552
1.927324
1.796090
1.860270
1.914928
2.123407
2.119201
1.913547
1.903195
1.862478
2.229198
1.944645
1.478430
1.420710
1.326612
1.141467
1.181960
1.155668
1.133247
1.375277
1.206898
1.946198
1.979631
1.879849
1.972454
2.053247
2.176375
1.952312
2.018499
1.965047
2.210018
1.406336
0.979897
2.966959
2.750468
2.771871
3.002615
2.746786
2.854934
2.946262
2.704853
2.782735
2.919127
3.037239
2.769828
2.661991
3.481389
3.109800
2.695261
3.321620
3.291529
3.275661
2.918242
3.127436
3.223203
2.607930
2.390821
2.517348
2.504914
2.956034
2.433149
1.454139
1.383309
1.892533
1.656822
1.933484
1.893066
1.984622
1.906156
1.823334
1.845789
1.652282
1.798824
1.821133
1.717429
1.636373
1.842812
1.623263
1.346192
1.519730
1.164569
1.294787
1.391088
1.172757
1.225991
1.175427
1.234670
1.437551
1.505726
1.680309
1.782848
1.860508
1.930685
2.036809
2.116581
2.219160
2.060268
2.114608
1.948736
2.233512
2.219160
2.298255
1.377777
1.958234
1.453934
1.606005
2.235446
2.238095
2.078364
1.182465
2.199489
2.958106
3.041341
3.000249
3.033877
3.040362
2.867885
3.196278
2.707433
3.279799
2.756764
2.768642
2.985193
3.413080
3.083531
2.840769
2.695261
2.313085
3.295159
3.516534
3.386957
3.265245
3.223952
3.102184
2.742484
2.865161
3.281346
2.579821
2.467724
2.443775
2.750839
1.724815
1.845664
2.069145
2.113980
2.214846
1.840366
1.921336
1.933254
2.171985
1.888894
1.842812
1.813873
1.944818
1.682630
1.177325
1.280514
1.153121
1.139683
1.943065
2.058981
2.352530
2.406835
2.068494
1.606663
1.689955
2.205166
1.258523
2.324032
2.238095
2.178989
2.383819
2.213665
2.384031
2.983611
2.986499
2.867713
2.883791
2.553575
2.644375
3.076146
3.388929
2.874570
3.028778
2.910053
3.166629
3.039397
3.263614
3.291529
1.186957
1.312640
2.707654
2.693779
1.469608
1.632864
1.690661
2.343211
2.010390
1.655311
1.942217
1.763228
1.945767
1.768449
1.744896
1.852804
1.614492
1.835933
2.110773
2.322083
1.970085
2.062900
2.107316
1.864574
1.886385
1.646725
1.399580
1.125597
1.145134
1.627284
1.539927
1.858521
1.854788
1.266880
1.292822
2.251079
2.308542
1.906781
2.314797
2.380064
1.427092
2.246540
2.256781
2.196955
2.222515
2.648821
2.700937
2.520438
2.971191
2.909446
3.056098
2.934539
2.970238
2.976668
2.939403
2.963594
3.056816
2.887775
3.007030
3.080578
2.526823
2.918527
3.106858
3.220702
3.367330
2.748620
2.840795
2.897321
3.307856
3.346152
3.161557
3.346152
3.269989
2.696501
3.219537
1.174913
2.904622
2.311471
2.185351
1.863763
1.843836
1.741162
1.895113
2.367188
1.937440
2.223529
1.768359
1.977765
2.110773
2.051957
1.575532
1.653101
1.359871
1.123496
1.131163
1.263684
1.474118
1.239258
1.931541
2.405891
2.148126
2.330912
2.256050
2.284015
2.419341
2.176115
2.324818
2.583437
2.592539
3.086670
2.943817
2.880425
2.303725
3.444946
3.409980
3.448018
2.681785
3.097286
3.167705
1.237027
2.379575
2.386240
2.574859
2.649898
1.381163
1.401395
2.700881
2.756872
1.690039
1.874723
1.800632
2.508580
2.467341
1.871398
1.914138
1.695384
1.860384
1.800857
1.389447
1.340465
1.247833
1.661346
1.798557
1.896901
1.934581
1.949253
1.937922
1.863389
1.843210
1.399486
1.333776
1.365324
1.959728
2.382499
2.138756
2.033857
2.175593
1.479411
2.371189
2.274530
2.872256
2.512636
2.986975
2.977346
2.720241
2.873369
2.915736
2.966855
2.873038
2.926968
2.633010
2.899176
2.938082
3.024522
3.230916
2.487725
3.122481
3.210317
3.456866
3.342515
3.357305
3.419844
3.297446
2.512104
2.442892
2.601908
1.289138
1.238561
1.749059
1.724561
1.853837
2.100587
1.876350
2.289679
2.137622
1.697432
1.619351
1.881623
1.543916
1.173575
1.184770
1.314062
1.234497
1.183342
1.177879
1.253468
1.203407
1.163324
1.332546
1.172917
1.247948
2.095773
2.027250
1.606663
1.324295
1.234022
2.226221
2.220255
2.345217
2.372439
2.736882
2.493590
2.657516
2.856298
2.908600
3.092975
3.019974
3.192606
3.376089
2.887406
2.894318
3.149953
3.276942
3.217882
2.527090
2.844275
3.333170
3.196663
3.314089
3.030482
3.368687
3.423335
3.378663
3.410199
2.637467
1.309803
2.820928
2.795403
3.016608
1.581724
2.643972
2.451219
2.252414
1.692613
1.792273
1.856546
2.546763
1.675289
1.715669
1.674027
1.796877
1.688109
1.309868
1.313561
1.508476
1.164594
1.621434
1.725163
1.189387
1.428762
1.416784
1.376081
2.417750
2.382499
2.436588
2.409408
2.436588
2.044818
1.477665
2.316022
2.191053
2.261914
2.163695
2.196859
2.178293
2.225505
2.667927
2.528664
2.642203
2.467595
2.860118
2.919119
2.953688
2.950760
2.958025
3.120489
3.338055
3.362325
3.037534
2.475369
3.053846
3.207434
3.418134
3.428493
3.435142
3.383147
3.378663
3.193723
3.299876
2.916105
3.399892
2.953148
2.588205
0.970532
0.877208
1.041358
1.197870
2.493378
1.296870
1.307500
2.954808
2.154670
2.427197
1.668093
1.770475
1.749501
1.737884
2.134545
2.201813
2.223859
1.648698
1.932934
1.519254
1.501130
1.317604
1.321844
1.246922
1.335235
1.238110
1.507295
1.853354
1.933167
1.502939
1.641155
1.550613
1.484401
2.196217
1.388977
2.696379
2.677781
2.610704
2.787462
2.980252
2.776275
2.856298
2.462045
2.591454
2.543801
2.744840
3.151036
2.465314
3.031597
3.188913
2.507550
2.529877
3.139845
3.277721
3.185935
3.328574
3.400956
3.506930
3.201521
0.827810
1.209024
1.458663
1.499613
1.478885
2.613304
2.172559
2.429072
2.202688
2.291115
1.888850
2.209643
2.063539
1.641334
2.007159
1.709906
1.806487
1.936682
1.817216
1.652890
1.579513
1.655551
1.572339
1.359484
1.291523
1.950142
1.821771
1.275914
1.823621
1.674461
1.489429
2.006703
2.131823
2.391430
2.546463
2.379536
2.752319
2.418962
2.866936
2.753025
2.879169
2.877661
2.610998
3.376340
2.983053
2.679988
2.952806
3.072727
3.335395
3.240901
3.412825
3.342515
2.776856
3.246215
3.424520
1.135953
2.598603
2.670686
2.318515
1.412635
1.325808
1.671864
1.539039
2.034228
2.077744
1.844106
1.774865
1.885565
2.240390
2.043304
1.910632
1.902848
1.748348
1.742641
1.631506
1.538546
1.448586
1.385418
1.486220
1.332006
1.285393
1.273405
1.213799
1.698597
1.780807
1.925467
2.002629
1.477936
1.604941
2.218976
2.242012
2.340489
2.089559
2.052628
2.086207
2.399533
2.555716
2.462123
2.729453
2.947312
2.435544
2.388537
2.582407
2.928353
2.898439
2.986351
2.594540
3.193403
3.079463
3.305920
3.185936
3.344739
2.731294
2.660845
2.999443
3.179685
3.029591
2.664429
3.254475
2.848695
2.792444
2.828507
2.832899
3.255717
2.841773
0.957625
1.100525
2.921189
2.777336
1.225806
2.441293
2.344082
1.235776
1.299896
2.270114
1.493495
2.062174
1.568944
1.986741
1.835579
1.619253
1.643211
1.940981
1.679189
1.849655
1.614678
1.446462
1.462537
1.435983
1.200685
1.761751
1.984150
1.933543
1.339229
1.838711
1.374661
1.507210
1.906368
1.636433
1.723347
1.786119
2.203945
1.745226
2.268031
2.290707
2.314375
2.098025
2.254646
2.699819
2.645171
2.890594
2.451267
2.950498
2.545918
3.311565
3.457950
3.040844
2.912803
2.833225
3.035633
2.975351
2.956505
2.402890
2.768893
3.108704
3.392304
2.845721
3.012952
3.461786
3.335879
3.442750
3.400033
3.396118
0.693305
2.755695
1.261031
1.422369
2.229289
2.369404
1.641742
1.900392
1.693984
1.724550
1.851686
2.313226
2.002317
1.943441
1.791982
1.900303
1.894493
1.750720
1.739395
1.740271
1.886388
1.290626
1.239288
1.529682
1.557234
1.880768
2.044160
1.868838
2.079129
1.883715
1.836664
1.880702
1.664978
1.960318
1.748646
1.581464
2.083332
2.281089
2.085282
2.218833
1.510940
2.333502
2.272288
2.334711
2.411669
2.701940
2.406974
2.582395
2.831527
3.050849
2.565763
2.781585
2.927948
2.860094
2.464955
3.187285
3.327912
3.429359
3.351465
3.445681
3.404163
3.128977
2.669353
3.415498
3.385823
3.407067
0.850368
2.983649
2.661294
2.535159
1.892439
2.027326
1.964561
1.733170
1.838878
1.858388
1.914512
1.935205
1.832462
1.730796
1.660117
1.615019
1.314548
1.540481
1.713257
1.311612
2.089349
2.026221
1.478413
1.427176
1.871361
2.328088
2.266160
2.171417
2.353729
2.411907
2.040627
2.055777
2.909548
2.980084
2.980084
2.703487
2.910101
3.011772
3.399544
3.477340
2.599856
3.401426
3.486530
3.407755
3.402858
2.943447
2.946436
2.945022
2.493390
1.051713
1.010907
2.853211
2.666776
1.421978
2.106731
2.042010
1.969135
1.770306
1.647303
1.729388
1.647495
1.841671
1.919509
1.384032
1.896057
1.965471
1.679031
2.096136
1.692764
2.281089
2.214513
1.489427
2.329582
1.434873
2.409930
2.352257
2.391358
2.429369
2.435149
2.510530
2.540300
2.594267
2.755416
2.818408
2.877852
2.832115
2.938544
3.340938
2.994893
3.498627
3.337213
3.323991
2.594480
3.136605
0.679527
0.610503
3.300154
0.805500
0.957707
3.057508
3.049052
2.923109
1.164446
2.969878
2.241722
2.430707
2.074982
2.134681
2.043876
2.123234
1.496116
2.283203
1.568944
1.702158
1.546871
1.758034
1.876132
1.628468
2.105981
2.258930
2.157347
2.024901
1.779858
1.614539
1.674325
1.197451
2.046882
2.141847
2.136736
2.155911
2.068924
1.602199
1.662993
2.229246
2.277647
2.250066
2.362333
2.303356
2.191301
2.131637
2.414614
2.300052
2.264437
2.392665
2.378915
2.409930
2.411780
2.471862
2.492197
2.396033
2.171779
2.556872
2.425257
2.023869
1.977518
2.011150
2.306638
2.717809
2.662097
2.830568
2.558347
3.073713
3.391318
3.058090
3.207191
3.527397
3.438313
2.795639
0.587627
0.545973
3.519286
2.723361
0.742591
2.587178
2.487384
2.622206
1.210446
2.714547
2.648654
2.173734
1.354809
1.417897
2.195201
2.059869
1.790077
1.957224
2.268282
1.641502
1.580013
1.826194
1.564245
1.707967
2.003910
1.982635
1.802971
2.017123
2.038738
1.959226
2.126736
1.866298
1.560758
1.698335
1.830438
1.957299
2.204970
2.092181
2.275213
1.946031
2.004661
2.206138
2.003471
2.413684
1.748682
1.823768
2.511622
2.421514
2.031083
2.484049
2.471594
2.484049
2.488992
2.561001
2.466787
3.128135
3.132256
3.099254
3.128904
2.836134
2.953258
3.182011
3.132019
3.565356
3.581034
3.529775
3.507161
3.375233
3.071303
3.317206
3.468976
3.124103
3.432108
3.391561
3.511059
3.390755
3.333504
2.530811
2.527133
2.426408
2.885035
2.905566
2.429324
2.257964
1.945738
1.754727
1.800720
1.827651
1.988006
1.404692
1.233015
1.231059
1.980407
1.908019
2.244899
2.309241
2.129894
2.120434
1.878247
2.116224
2.034678
1.310068
2.298273
2.447137
2.596671
2.593082
2.372151
2.637844
2.034506
2.451908
2.965591
3.050897
2.807365
2.881417
2.735130
2.752189
3.003697
2.828658
2.657522
3.573523
2.902345
2.444187
2.985653
3.340545
0.602246
0.705444
3.386482
3.392799
3.393809
1.009587
1.084299
2.972136
2.654532
2.751261
2.972136
1.160066
1.156885
2.358700
2.403086
1.999787
2.096123
1.648602
1.741893
1.268783
2.015688
1.342983
2.458892
2.269000
2.334460
2.479964
2.402597
1.686543
2.064791
2.193382
2.096265
2.407482
2.185428
2.058104
2.541781
2.554777
2.471323
3.036212
3.071925
3.103001
2.688796
2.719502
2.723310
2.798164
2.909081
2.678302
3.403201
3.522993
3.506849
3.520236
3.533052
3.499590
3.108678
3.278419
3.049816
2.794218
2.769153
0.553153
3.466101
3.260416
3.399006
3.183009
3.084289
2.694597
2.859902
3.351310
0.894302
0.832934
1.258450
2.788914
2.115604
2.597208
2.419189
2.470676
2.130033
1.841796
1.959990
1.356701
2.066247
2.061947
1.499140
1.401707
2.093312
1.964617
2.129314
1.991514
1.903629
2.138541
2.425088
2.615324
2.242816
1.992727
2.738990
2.438943
2.570352
2.487677
2.652563
2.646975
2.054877
2.021474
2.289220
3.071925
2.971688
3.156858
2.913376
2.691190
3.469924
3.477494
3.478613
3.422868
3.099849
0.561477
2.963115
0.553153
0.556351
0.528339
0.646103
0.742582
3.458720
3.406251
0.858231
2.299706
2.368263
2.675188
1.268281
1.937088
2.007933
2.021512
1.688116
1.892534
2.050032
1.828436
1.792998
1.870677
1.887445
1.775820
1.807323
1.264077
1.450595
1.458759
1.465191
2.407741
2.017864
1.485376
1.623640
2.516267
2.553128
2.428001
2.585194
2.202175
1.905300
2.505172
2.076970
2.004118
2.230814
2.654275
2.844889
2.909492
3.123296
2.987764
2.790960
2.908775
3.487354
2.932316
3.486619
3.326297
3.430264
3.467977
2.597789
0.594956
0.621240
3.495805
2.497930
3.391435
2.360739
0.981791
2.564749
2.435498
1.522991
1.863101
2.157390
1.724821
1.569292
1.939184
1.599408
1.737452
1.610896
1.655503
1.847419
1.711920
1.890666
1.949964
2.142007
2.315928
2.540022
2.468418
2.255260
2.193193
2.067144
1.855883
2.224671
2.138019
2.682728
1.981612
1.961855
2.563151
2.075230
1.957407
2.517669
2.502848
2.957007
2.644511
2.761143
3.024915
3.106812
2.885472
3.085812
2.761619
3.094836
3.124969
3.138969
3.525200
3.294682
3.195313
3.378493
3.048790
3.088239
3.021508
2.875554
3.526673
3.416590
2.914331
2.740305
3.397228
0.733351
0.692121
0.595843
1.097874
1.303778
1.250416
2.189610
2.402503
2.437083
1.430954
1.439557
2.568195
2.406247
2.326814
2.166800
2.413484
2.172783
2.077606
2.173881
1.993941
1.868834
1.993663
1.847335
1.910513
1.756626
1.793923
1.342144
1.329703
1.475387
1.288072
1.955857
1.940576
2.000540
2.332925
1.499778
1.533306
1.627199
2.173704
2.382607
2.132024
1.964271
2.023418
2.114312
2.134337
2.163674
2.765329
2.728550
2.740128
2.469141
3.080019
2.836882
3.162503
3.501230
3.086592
3.373016
3.191920
3.332756
3.138941
2.867968
2.906948
2.892845
3.057317
3.460128
3.174086
2.560659
0.770748
3.441148
0.728413
0.795621
0.715566
2.360201
2.450655
2.075191
2.211925
2.335113
2.246487
2.150280
2.002524
1.878160
1.514287
1.531357
1.697562
1.652169
1.723979
1.676617
1.422700
1.509227
1.651449
1.829470
1.368040
1.839074
1.470858
2.280299
2.054826
2.319849
2.352426
2.246280
1.888080
2.183874
2.031625
2.065490
2.103664
2.630021
2.286441
2.320981
2.619805
2.346538
2.772334
2.591057
2.777749
3.067901
3.018472
2.904483
2.847247
3.097756
2.955262
3.002060
3.206545
3.327300
3.299670
3.471987
3.382186
3.539153
3.406654
3.451938
0.810278
2.215354
2.051804
1.462662
2.131380
2.314923
2.007573
1.697149
1.588877
1.927897
1.708291
1.767880
1.820159
1.250675
1.507755
1.608486
1.859246
1.341263
2.016557
1.893173
1.972556
1.551218
1.867440
1.987947
1.843266
2.261652
2.459365
2.006626
2.037387
2.120503
2.157329
2.489798
1.849008
1.996084
1.771939
1.827608
1.533961
2.129969
2.110497
1.926088
2.398741
2.249752
2.723140
2.733953
2.693149
3.055861
2.751696
2.803222
3.004260
3.415463
3.424201
3.231534
2.986886
3.240408
3.240408
3.021508
3.232215
3.279814
3.176342
2.675961
3.403594
0.763544
2.379928
0.874762
2.328914
1.322477
2.251020
1.364831
2.095520
2.252038
2.213869
2.353089
1.522555
1.475263
2.166470
1.540852
1.958764
1.958643
1.584008
1.926706
1.906756
1.750252
1.357004
1.244627
1.247402
1.344634
1.445502
1.654652
1.302390
1.930601
1.397087
1.467306
1.529384
2.033849
1.791484
1.986858
2.076897
2.187327
2.156994
1.938031
2.029673
1.998241
1.949234
2.600932
2.029247
2.679384
3.041471
2.559704
3.083253
2.678860
3.138467
2.970070
2.927591
2.837530
3.069193
3.418151
3.415822
3.410455
3.436575
3.293734
1.195683
1.089517
2.328782
1.326329
1.642975
2.101936
1.855767
1.231428
1.719615
2.018550
1.951083
2.042692
2.054371
1.677690
2.051619
1.603379
2.253656
1.992169
2.353616
2.596760
2.701601
2.567943
2.088323
2.299108
3.113406
3.113406
3.165878
3.049814
3.267282
3.431171
3.248599
3.439632
3.346736
3.385779
2.907907
2.875554
2.872998
3.289248
3.401563
0.798618
2.715486
2.399335
2.455608
1.472495
1.662533
2.096315
1.749382
1.776881
1.587985
1.712782
1.960962
1.745499
1.268088
1.762503
1.859929
1.991773
1.935849
1.993140
1.897069
1.840296
1.730763
2.236626
2.731142
2.696306
2.169637
2.139219
2.107205
2.373962
2.497322
2.738902
2.799512
2.749768
2.790545
3.405020
3.491386
3.450505
3.312223
3.306586
3.362320
3.345423
3.046404
3.269962
3.351704
3.259280
3.365597
3.385718
3.366881
2.444755
0.871616
0.917114
0.861459
2.593349
2.368515
2.061454
2.179196
1.817657
1.825680
1.899934
2.002966
2.035132
1.681937
1.762072
1.823753
2.143729
1.830697
1.334584
1.256435
1.530556
1.577335
1.770070
1.903364
1.801688
1.764999
2.010571
2.036396
2.070356
2.063073
1.974411
2.003048
2.128502
2.110187
1.564492
1.952527
1.953669
2.112627
2.205058
2.665152
2.959169
3.101374
2.928946
3.082383
3.171681
3.340804
3.340134
2.831664
3.007521
2.987231
3.154101
3.461078
3.326497
3.276001
2.911846
3.332714
3.366881
3.052044
0.979608
2.387099
2.449287
0.704906
2.060506
2.272321
1.398478
1.770987
1.992922
1.773038
1.799311
1.651840
2.012294
1.877787
1.923446
1.941770
1.929302
1.744168
1.872352
2.127501
2.304693
1.887905
1.473434
1.936834
1.997463
1.930093
1.912441
2.453228
2.669113
2.708432
2.744342
2.935892
2.798128
2.799512
3.283099
3.258482
3.313635
3.355480
2.985859
3.022125
3.215998
2.931139
2.772969
3.366692
3.347404
0.797788
0.819695
1.277931
2.353566
1.394754
1.341709
2.300458
1.780318
1.872480
1.895886
1.662058
1.677760
2.114679
1.814138
1.886481
1.470385
1.617116
2.034541
1.926849
2.010166
2.119570
1.874585
2.008065
2.256494
1.853800
1.676068
2.776379
2.761099
2.733065
2.973198
2.928946
3.189136
3.248876
2.683398
2.572840
2.858465
3.202382
3.068204
2.979815
3.179463
3.370637
2.514883
0.932446
2.830400
2.674564
1.198610
2.319692
2.200983
1.392121
1.836574
1.683499
1.746024
1.904175
1.679785
1.712859
1.855130
1.789714
1.291865
1.800294
1.862486
1.873258
1.951242
2.012169
2.047251
1.929833
2.354043
1.896785
1.944975
2.486957
2.565535
2.157365
2.341037
2.138679
2.803334
2.624377
2.777435
3.374402
2.929876
2.797935
3.324347
2.732664
2.967916
2.695214
2.454398
2.451781
2.544454
1.018320
1.104907
2.630104
1.318615
1.525838
2.075717
1.552516
2.017440
1.862736
1.672802
1.779143
1.933516
1.382305
2.051580
1.945949
2.050949
1.918848
2.071513
2.035356
2.010166
1.967815
2.207181
2.353535
2.292476
2.585462
2.560002
2.550610
2.203288
2.751379
2.407496
2.800835
3.388183
3.394966
3.196635
3.414294
2.893593
3.344682
3.200277
1.079555
0.728083
2.832539
2.535664
1.991621
1.938614
2.151681
1.935043
2.078400
2.195247
1.898347
1.671454
1.289787
1.277339
2.014339
2.120846
2.441668
2.212672
2.177346
2.301449
2.104702
1.668538
1.566852
1.998831
2.389823
2.571790
2.047073
2.211467
1.937160
2.291122
2.301158
2.270364
2.400469
2.480277
2.714376
2.256889
2.853681
2.693379
3.187420
3.317863
3.155336
3.151491
3.346256
3.307507
2.799955
3.363048
3.277526
2.723605
3.212243
3.166049
3.306731
2.644997
2.413098
2.170480
1.783052
1.665348
1.944435
2.037938
2.039126
2.011093
1.662846
1.862153
1.739366
1.825144
1.399612
1.512182
2.120927
1.521885
1.919812
1.586648
1.598249
2.176754
1.969743
2.095086
1.934010
2.674793
2.393187
1.736163
2.485185
2.768782
2.842255
2.818975
3.212113
3.195934
3.248093
3.273216
2.697136
3.263548
3.280961
2.814284
2.720702
2.998492
3.232531
3.325640
2.479626
2.544356
2.662545
2.423747
2.377630
2.484354
2.224457
2.309582
2.130398
2.221211
2.130399
1.475041
1.508782
1.824350
2.029592
1.718032
2.075717
1.849408
1.756491
1.842368
1.244115
1.610718
1.351077
1.267997
1.684456
1.956284
2.049037
1.448330
1.949545
2.002970
2.191965
2.224551
1.881959
1.939165
2.291052
2.673366
2.419139
2.397976
1.898600
1.976032
2.130824
2.346444
2.183382
2.746511
2.728161
3.331025
3.259247
3.107067
3.299088
3.185857
3.261342
3.306315
3.257335
3.237491
3.228735
3.312796
2.757887
2.774594
3.195531
2.909430
1.149403
0.827923
2.183796
2.231093
2.218946
1.995963
1.799421
2.094425
1.716672
1.925278
1.252960
1.244772
1.539389
1.780654
1.845383
1.998247
1.996755
2.402772
2.405615
2.019810
2.640471
2.460852
1.930373
2.605663
1.753940
2.670246
2.630765
2.668360
1.866928
2.481803
2.584321
2.394365
1.930055
2.388287
2.345488
2.714107
2.796374
2.810671
3.139763
2.662445
2.608072
3.219150
3.157254
2.665412
3.164975
3.102106
2.726239
1.048933
2.800758
2.497784
1.422776
2.242814
2.097360
1.968881
1.784059
1.883800
1.758969
1.432004
1.599959
1.814731
1.963915
1.610631
1.524837
1.582209
2.191165
2.240025
2.303856
1.934910
2.229774
2.056026
2.598962
2.290119
2.682564
2.321944
2.425133
1.806580
1.877210
1.834756
1.809680
1.942255
1.999603
2.177870
2.124273
2.237789
2.157653
2.680019
2.673204
3.221909
3.196724
3.205753
3.248093
3.371645
3.015793
3.285146
2.979361
3.000254
3.218043
3.208349
2.427184
1.167244
1.179228
1.275672
2.671705
2.859991
0.917581
2.268666
2.454029
2.105341
2.078017
2.116137
1.644372
1.766156
1.878272
1.273675
1.915365
1.992751
2.024956
1.602834
1.568322
1.545612
1.887883
2.004340
2.419444
2.147445
1.808264
2.502499
2.281931
2.342712
1.838172
2.796374
2.518790
2.610682
3.164263
3.171418
3.306884
2.908939
3.293139
2.999047
3.082450
3.195531
2.452299
1.309151
1.350154
2.631077
2.626300
2.475677
2.350314
2.512276
0.648249
2.362090
2.067667
2.159414
2.341078
2.060063
2.165014
1.786181
1.675372
1.525159
1.387173
1.966282
2.148310
1.947992
1.833663
2.366620
2.324083
1.902034
1.937252
1.932870
2.122888
2.719257
2.085216
2.241827
2.635467
3.202423
3.254348
3.244666
2.881038
3.190951
3.297801
3.257334
3.224394
3.095525
3.231918
3.009886
2.395802
2.718038
0.901939
2.314219
0.879546
2.035493
2.038677
1.403753
1.677364
1.847217
1.993440
2.049596
1.956769
1.615993
2.097619
2.502499
2.520767
2.328981
1.633011
2.572323
1.766045
1.743626
1.903596
1.673939
1.734810
2.539289
2.623864
2.116862
2.171519
2.208744
2.467217
2.184605
2.859072
3.032068
2.517470
2.532999
3.032068
3.244819
3.187323
2.974233
3.006180
3.258297
3.136003
3.118692
3.261415
2.973479
2.845964
3.132150
3.139461
2.997322
2.870638
1.078143
1.182739
2.455731
0.953879
1.388321
1.385579
1.215108
1.313464
1.467528
1.584183
2.055291
1.873344
1.585437
1.349072
1.497256
1.971773
2.068903
2.114700
1.900933
1.666598
1.750549
2.190691
2.250869
2.216119
2.381700
2.527300
2.161870
3.093570
2.581206
3.252630
3.089421
3.230975
2.568698
2.754900
2.609475
3.254377
2.597533
2.821659
2.772445
3.142653
3.098939
3.143233
3.132150
2.456412
1.296471
2.756531
1.001395
0.960513
2.185622
1.989116
1.966158
2.235146
1.224466
1.223653
1.274372
1.422675
1.246361
1.432103
1.799568
1.960828
1.693925
1.638010
1.649187
1.552513
1.656988
1.711709
1.674036
2.155834
2.245022
1.517212
1.920902
2.063314
1.537238
2.034177
1.930995
1.966356
2.077424
2.343998
2.146304
2.713423
2.217625
2.769386
2.880461
2.460438
2.984904
2.909608
2.959637
2.984904
2.509136
3.223961
3.174084
2.502192
3.122265
2.780139
2.726519
2.751006
2.604450
3.160885
2.547875
2.671943
2.686427
2.358593
2.305178
2.470105
2.482666
0.752252
1.462896
2.249374
2.399940
1.923180
2.121504
1.625749
1.770193
1.744442
1.797454
1.254710
1.503642
1.378846
1.587976
1.703431
2.336098
2.535583
2.630979
2.249246
2.663667
2.716968
2.892132
3.203272
3.177929
3.075616
2.950029
3.128292
3.256968
3.182620
2.925810
2.994439
2.948184
2.639687
1.390493
2.285034
1.937535
1.670744
1.297170
1.939147
1.866234
2.099519
1.797402
1.887752
1.635888
2.050956
2.326368
1.935470
2.429979
2.356826
2.458228
2.045164
2.577272
2.793899
2.925322
2.964507
3.039667
3.081159
3.118886
2.953308
3.053556
2.537258
2.598310
2.877494
2.729707
2.667399
2.906960
3.057227
2.628522
2.322863
2.713732
2.500706
1.622264
2.798817
2.664125
1.224141
2.425515
2.461379
0.891810
1.092773
0.953397
1.340122
0.855457
0.788739
2.560750
2.086531
1.244421
1.806459
1.881411
1.633367
1.695474
1.623409
1.692860
1.849173
1.914024
1.922997
1.877000
1.772699
1.940420
2.297313
2.329124
2.333257
2.242743
2.327417
2.425207
2.590235
2.428587
2.197298
2.655677
2.419919
2.427159
2.512170
3.088036
3.077463
3.055793
3.070018
3.104308
3.097936
3.145329
1.619938
1.529699
1.474327
1.744410
1.568027
2.345847
2.366091
2.306311
2.594388
2.333671
2.562045
2.275548
2.313483
0.733337
1.447629
1.938586
1.568283
1.719869
1.309969
1.760071
1.807201
1.838425
1.962306
1.610254
2.001837
1.655159
1.606712
1.746984
1.522809
1.652029
1.558792
1.872119
1.632547
1.657346
1.525314
1.712697
2.571118
2.521594
2.368441
2.395005
2.250541
2.630979
2.355762
2.340298
2.833432
2.636572
2.880971
2.953998
3.123537
2.937780
2.759236
2.917557
2.916700
2.548200
2.834240
3.183207
3.051584
1.383282
2.509088
2.536936
2.291179
0.822250
0.739355
0.851151
2.160272
2.105826
1.424959
1.537327
1.960213
1.716748
1.341635
1.627174
1.585628
1.766093
1.640523
1.966259
1.357416
1.927985
1.727274
1.948594
1.795772
1.569000
1.639536
1.934881
1.633296
1.631931
1.975547
2.133692
2.034923
2.154687
1.382409
2.358044
2.544246
2.533605
1.118939
2.334939
2.276658
2.311426
2.658899
2.577959
2.688034
2.672154
2.816070
2.550523
3.056535
3.105265
2.678362
2.969314
2.890665
1.461140
1.491632
1.246870
1.568910
1.525953
1.402718
1.127504
0.972419
2.465910
1.278076
1.223532
2.280525
0.706045
1.251989
1.284359
2.182952
2.128054
1.797052
1.218721
1.171087
1.303359
1.551210
1.221923
1.623575
2.044246
2.002491
1.958482
1.959685
2.013723
1.522711
1.846650
2.240131
2.427822
2.491920
2.298857
1.914770
2.450196
2.284200
2.594141
2.619213
2.624044
2.666668
2.586923
2.668080
2.850696
2.596518
2.732647
2.507996
2.330256
2.934938
2.968715
2.439040
2.453963
2.871425
2.759236
2.502364
2.615496
2.535457
3.028982
2.787817
3.114604
3.013043
2.726189
3.024067
1.370629
2.377916
2.453216
1.309547
1.628579
1.743130
2.315380
2.335262
2.429076
2.626994
0.777155
2.178557
1.953731
1.731109
1.228219
1.665541
1.818503
1.790791
1.669900
1.790791
1.708002
1.469756
1.944667
1.791297
1.679535
1.678959
1.670537
1.940673
2.335943
2.476485
2.393917
2.257023
2.319863
1.796319
2.470916
2.535044
1.830789
2.425790
2.298589
2.405027
2.631304
2.914787
2.849911
2.855114
2.641704
2.804768
2.699435
2.503137
2.510704
2.496754
2.567781
1.538691
2.341052
2.372645
1.699117
0.809046
1.266328
2.434396
2.168236
2.220408
2.121904
1.374843
1.817791
1.568390
1.760329
1.720101
1.809515
1.718072
1.903600
1.244923
1.670377
1.752014
1.533005
1.570346
1.542936
2.041552
1.798249
1.662717
1.962208
2.175115
2.138867
2.338353
2.101856
1.468301
1.554930
1.986685
2.104469
2.203024
2.411534
2.562698
2.501621
2.174832
2.306404
2.552345
2.474331
2.729883
2.658705
2.747777
2.881339
2.863038
2.406575
2.529684
2.867152
2.689255
2.782243
2.505784
3.044566
2.855617
2.628066
2.552779
2.510696
2.582329
3.039823
2.841356
2.293577
0.656958
2.104144
2.149159
1.807496
1.753315
1.900209
2.016113
1.798648
1.698575
1.644439
2.193887
1.552204
1.889948
1.840849
1.902665
1.678959
1.769487
2.207732
2.195924
1.920521
1.421334
2.022180
2.249082
2.101839
2.376829
1.072207
2.335116
2.307730
2.266654
2.303415
2.289304
2.366081
2.470113
2.535316
2.638738
2.701182
2.756157
2.469708
2.775534
2.578037
2.640849
2.924021
3.038091
2.484448
2.548329
2.694526
2.305644
1.131781
1.444085
0.921313
1.638283
1.094951
2.526830
2.494298
2.606468
2.425175
1.318860
2.221570
2.147849
2.045251
1.374635
1.221253
1.567737
2.074372
1.626511
1.876628
1.260317
1.514915
1.268559
1.195692
1.496444
1.636032
1.333894
1.807306
1.981161
2.040655
1.976413
2.067260
2.169118
1.831353
1.999612
2.061178
1.947016
1.734927
1.460719
1.351533
2.165372
2.159603
1.351533
1.902309
2.487385
2.347362
2.316039
2.393978
1.846969
1.901517
2.346047
2.402124
2.321678
0.919780
2.209327
2.337152
2.223603
2.373287
2.267129
2.506579
2.460157
2.592789
2.619436
2.448414
2.696027
2.455198
2.730973
2.648352
2.913944
2.496265
2.562387
1.242519
1.008853
2.364693
2.379981
2.492373
2.390612
2.273837
2.114722
2.181030
2.005286
1.270597
1.412532
1.619552
1.554378
1.747775
1.629635
2.148366
2.243926
2.239831
1.882854
1.882867
2.027928
2.204477
1.897507
1.032683
2.254166
2.427841
1.252447
2.353973
2.295028
2.412813
2.456552
2.419451
2.617352
2.354133
2.918466
2.687325
2.528437
2.515048
2.725223
2.511945
2.576263
2.953734
2.743281
2.714910
2.790746
0.932969
1.227297
1.161981
0.878052
0.860864
0.758937
0.658758
0.721316
2.378233
2.144873
1.152492
1.300693
1.506977
2.031374
1.935276
1.340493
1.499582
1.865315
2.307254
2.094315
2.235967
2.331924
0.911846
2.267784
2.303608
2.338336
2.437091
2.384481
2.245512
2.301269
2.627331
2.396098
2.397140
2.634302
2.682000
2.426265
2.465595
2.446451
2.565120
2.302153
2.327132
2.318359
1.497560
1.546091
1.355492
2.168972
2.428225
2.170467
1.326427
2.172856
1.572144
1.679002
1.816455
1.646920
1.087850
1.124624
1.655360
1.556488
1.887126
1.942558
2.101839
2.016106
2.026453
1.928022
2.042498
1.955581
2.119920
2.167508
2.073571
2.223476
2.311707
1.322314
1.939557
1.187672
2.140130
1.000039
2.219283
2.386808
2.067397
2.053531
2.323075
2.206589
2.373767
2.738400
2.689581
2.580691
2.481882
2.524003
2.552894
2.863828
0.865218
0.830103
2.223452
0.641589
1.120316
0.976883
1.356885
2.321307
1.877453
1.635556
1.408171
1.471538
1.481516
1.322565
2.257343
1.819384
1.909131
2.090556
1.995220
2.095618
1.821560
2.058096
1.981126
1.843036
2.007686
2.150405
2.139271
2.080163
2.222817
2.165525
1.950835
2.285207
1.901704
2.261138
2.190765
2.140130
2.259004
2.162992
2.240602
2.319966
0.757616
2.503985
2.630882
2.699379
2.598999
2.273606
2.414081
2.454878
0.946442
1.046943
1.139573
0.734692
1.149735
1.323790
2.588093
1.485463
2.527500
1.530032
2.183110
1.821575
1.681647
1.154001
1.159618
1.363037
1.364408
1.475602
1.573134
1.641771
1.231170
1.806647
1.857859
1.254950
1.404976
1.304428
2.135731
2.049558
1.956839
2.151196
1.974600
1.300756
2.020676
2.072620
2.080557
1.984596
2.106977
2.114734
2.176603
1.991336
2.071771
2.056087
1.854608
2.135274
2.178984
0.964416
0.914243
2.240332
2.146154
2.169029
2.186798
2.248978
2.288421
2.570734
2.403579
2.360766
2.402602
2.603932
2.612750
2.526302
2.346567
2.416627
2.261057
2.348503
2.412564
2.287747
2.296046
1.378055
2.131090
1.788032
1.956310
1.119903
1.468154
1.194552
1.100352
1.315732
2.001034
1.832555
1.684049
1.262805
1.341477
1.958755
2.024766
2.090849
2.084421
1.943982
2.032840
2.004892
2.010612
1.212211
2.051697
0.863826
1.814900
2.216829
2.218709
2.142173
2.175327
0.758409
2.363395
2.435045
2.608310
2.588719
2.514068
2.319634
2.486165
2.487458
2.603932
2.505435
2.644335
2.380725
2.525661
2.294526
1.018834
1.063532
0.641146
2.175853
1.336860
1.380404
1.733738
1.979005
2.028845
1.284387
1.279071
1.427896
1.121978
1.982752
1.903703
1.188704
1.242416
1.974593
1.949458
2.105813
2.086493
1.877093
0.910422
2.048019
0.795009
2.130122
2.131888
2.086174
2.360354
2.235100
2.233876
0.739246
2.332510
0.747075
1.558651
2.305256
0.880559
0.994137
2.237416
0.685515
1.069668
1.472841
2.521920
2.588093
1.427591
2.020282
2.150317
1.143864
1.095482
1.367198
1.690825
1.517670
1.276161
1.669456
1.617259
1.542452
1.848107
1.788001
2.039496
1.231929
1.173804
2.083515
1.805178
2.139447
2.026577
2.065224
2.013492
1.767572
1.971886
0.873235
1.323596
2.135020
1.343591
0.785883
2.233876
2.210890
0.764913
2.458860
2.161212
2.418110
2.363826
2.412201
2.363826
2.254344
2.210938
2.284671
1.303112
1.425395
2.308853
2.417416
1.188418
2.239445
0.796775
2.134946
1.147341
2.126167
2.458847
1.515341
1.231073
1.890404
2.005461
1.951420
0.981047
0.927995
1.844148
1.639096
1.717704
1.634328
1.990175
2.045770
1.257747
2.105427
1.237109
1.794420
2.034989
2.162808
2.134911
2.257212
2.137075
1.388034
2.227560
2.331732
2.366972
2.296938
2.197375
2.357997
2.376591
1.834979
0.609518
1.161926
2.200994
2.113057
2.162601
1.595030
1.163321
1.112093
1.137648
1.121962
1.092355
1.132406
1.473671
1.154638
1.178001
1.482039
1.877170
1.833058
1.701253
2.045911
1.976698
1.411563
1.992541
1.282734
1.190999
2.019187
1.823768
1.770936
2.015911
0.808860
1.782180
2.095756
1.294245
2.173711
2.179748
2.217982
2.219379
2.202283
2.274576
1.113963
2.062410
2.355719
1.296124
1.744150
1.967748
2.162786
2.129990
2.238457
2.132587
1.667040
1.670510
0.772236
0.717791
0.691771
1.256651
1.100335
0.708699
0.757991
2.148563
0.852737
1.331605
2.128162
1.122884
1.064639
1.256393
1.514634
1.623454
1.350757
1.439337
1.716275
1.437346
1.195568
1.367821
1.903434
0.911123
1.309018
1.910302
1.957967
0.976341
1.172044
1.243172
1.854065
1.253341
0.837112
2.215392
2.095655
2.088837
1.404359
1.327469
1.410328
2.222041
2.106072
2.226009
2.316967
1.062801
2.174976
2.336287
0.808173
1.402067
0.782662
2.097844
2.192662
1.038676
1.695308
2.267173
2.302292
0.891632
0.943373
0.805069
2.130449
2.166044
0.718781
1.395887
1.456469
1.328245
1.160080
2.013066
2.063893
1.679811
1.736470
1.957745
1.129554
1.367271
1.071099
1.208332
1.163295
1.151942
1.720428
1.314167
1.393901
1.025306
1.154758
1.059725
1.886871
1.943619
1.905343
1.938604
1.569335
1.920426
1.000818
1.304630
1.359081
0.909243
0.960522
1.136945
0.879005
2.068762
2.060371
0.935498
0.887315
1.977749
1.235121
2.173763
2.243304
0.850068
1.378920
1.822246
2.105538
2.082366
2.199315
2.236878
2.148237
2.246646
2.175909
2.125219
1.725799
1.793082
1.739633
1.431381
1.276447
1.365633
1.405825
1.149589
1.102730
1.260591
1.309972
1.007729
1.307227
1.599623
1.263627
1.256876
1.530781
1.023280
1.311820
1.250202
1.829521
1.837117
1.668990
1.577266
1.920898
1.104560
1.851108
1.819954
1.858732
1.025944
1.514417
1.511459
2.158913
1.328157
1.238490
1.109372
1.060110
1.379620
2.191018
1.532939
1.760845
1.752138
1.583356
2.039445
1.980682
1.104499
1.193827
1.279942
1.109494
1.081149
1.105033
1.097630
1.632656
1.264044
1.554298
1.374697
1.269097
1.468550
1.594368
1.272451
1.487645
1.460579
1.515441
1.449540
1.410867
1.923583
1.622305
1.729535
1.745116
1.916688
1.997764
1.886743
1.813187
1.990149
0.911359
1.170370
0.856491
0.953195
1.511459
1.538198
2.097796
0.904661
1.186327
1.259491
1.652616
1.691633
2.027738
1.825905
2.200768
1.662740
1.628915
2.078364
1.573074
1.535188
1.510689
2.079934
1.988996
2.067612
2.091330
1.785874
1.345273
1.249130
1.461155
1.367485
1.377469
1.395990
1.417329
1.611027
1.453429
1.276050
1.353951
1.612405
1.985108
1.631396
2.014876
1.054287
1.997950
2.090614
2.073536
1.565403
2.107133
2.032006
2.063430
2.000412
1.637107
1.802807
1.733738
1.684456
0.989256
0.969588
0.971323
1.014965
1.225983
1.041457
1.044831
1.446846
1.494036
1.419584
1.330338
1.290390
1.309441
1.462163
1.395876
1.381236
1.260773
2.019593
1.913932
2.010453
1.965008
2.058881
1.984558
1.970862
1.998033
2.154078
1.938407
1.970328
1.956645
1.895955
1.663705
1.704754
0.964124
1.170577
1.264326
1.840024
1.919321
1.744683
1.773638
1.685668
1.665226
1.831105
1.934438
2.028228
2.010900
1.912528
1.938151
1.784248
1.977432
2.095803
1.940063
1.949622
1.885747
1.966431
1.639367
1.704370
2.012774
2.052653
2.002331
1.629394
0.978279
1.073349
0.944870
1.122824
1.075159
1.696283
1.903971
1.830036
1.789854
1.856540
2.075960
1.909209
1.576277
1.661683
1.590353
1.028909
1.876950
1.816115
1.649856
1.927916
1.985675
1.922113
1.757329
2.033850
1.720227
1.802422
1.731699
1.739183
1.748200
1.862332
1.880373
1.792569
1.857310
1.770326
1.842146
1.831260
1.763537
1.778389
1.785396
1.642740
1.696831
1.728444
1.614203
1.657319
1.567840
1.611757
1.641050
1.554653
1.605619
1.502329
1.676867
1.691188
1.699134
1.708147
1.697846
1.667430
1.607189
0.939083
0.955862
1.201747
1.268864
0.926174
0.874762
0.878342
2.464966
2.386796
1.958964
3.287262
3.099089
3.077972
2.497784
