7479 1 3
1.421937
1.596833
1.778173
1.470434
1.514770
1.276052
1.476157
1.406131
1.456875
1.709776
1.476884
1.657765
1.585702
1.704341
1.894451
1.832338
1.369283
1.339624
1.749429
1.313379
1.715451
1.960231
1.844400
1.779382
2.096630
1.806674
1.753035
1.929939
2.097668
1.884881
2.102896
1.925063
1.808974
1.673048
1.387126
1.279627
1.421638
1.693365
2.132627
1.337005
1.593075
1.402033
1.493348
1.973337
2.118813
2.249601
2.009062
1.844146
1.921222
1.925417
1.787453
1.766613
1.896104
1.878906
1.551214
1.539381
1.638230
1.794815
1.892015
2.224923
1.406032
1.640571
1.953610
2.180955
2.236178
2.274442
1.664716
2.060147
2.119906
2.085954
2.100544
2.231654
1.797198
2.106923
1.735676
1.981154
1.890098
1.546334
1.627724
1.274687
1.270804
1.797241
1.788963
1.227746
2.008292
2.008292
1.977753
1.776525
1.355763
2.422036
2.141607
2.034617
2.296509
2.079686
2.162488
2.247217
1.954241
2.281938
2.056424
1.857371
2.177660
1.890657
2.085355
2.192608
1.483725
1.737257
1.252429
1.944213
2.148704
2.087273
2.345677
2.291049
2.176061
1.918788
2.175276
2.319654
1.924672
1.710578
1.856526
1.588804
2.383296
1.807634
2.225564
1.679676
2.209246
1.959217
2.031804
2.225142
1.895159
1.297871
1.580575
1.373147
1.292057
2.064916
1.771697
1.598017
2.174680
2.249113
2.185226
2.158201
2.264295
1.962505
1.773966
2.370188
2.138657
2.157538
2.165017
2.301696
1.820454
2.099915
2.138291
2.110162
1.890553
1.827532
1.639567
2.153788
1.657799
1.719225
1.775161
1.658981
1.513111
1.868470
1.737183
1.892837
2.128837
1.930320
2.076512
1.401748
2.348740
2.207032
1.394280
1.387597
1.566453
2.050384
2.175760
2.282120
1.823110
2.664303
2.411351
2.150673
2.182055
2.212360
1.615881
1.669806
1.876989
1.676950
2.226104
2.165237
2.440674
2.299353
2.515461
2.371453
2.468861
1.997523
1.479899
1.351325
1.595237
1.408668
1.824975
1.695740
1.808220
1.827487
1.427642
2.179029
1.469352
1.754462
1.815758
2.524797
2.247316
2.093862
1.799718
1.613628
2.174881
2.316799
2.238885
2.266852
2.269584
2.221912
1.706383
2.203646
2.342336
2.345470
1.686526
1.231753
1.540167
1.498067
1.354464
1.238290
1.426133
1.453717
1.724624
1.503412
1.705820
1.654339
1.409973
2.234015
2.321644
2.433578
2.404757
2.131473
1.775268
2.157646
2.308006
2.336096
2.041391
1.809697
2.377646
2.361403
2.294872
2.224829
1.640762
2.477976
2.380547
2.746333
2.529044
1.779937
1.732342
2.420617
2.678956
2.465352
2.336331
2.383763
2.283330
2.375942
2.114430
2.319130
1.964508
1.209919
1.669606
1.742986
1.591406
1.261987
1.917427
1.976086
1.980190
2.174275
2.356170
2.211973
2.445065
2.628737
2.642846
2.200550
2.211010
2.295943
2.382560
2.443408
2.503171
2.675461
2.386447
2.259630
2.474716
2.436473
2.345374
2.610378
1.759563
2.344719
2.711690
2.458753
2.300545
2.214370
1.769180
2.394749
2.273306
1.686526
1.665496
2.212210
1.779495
1.385683
1.382216
1.943470
1.484814
1.438649
1.644420
1.375225
1.644420
2.259429
1.583037
2.247259
2.509036
1.973599
2.382021
2.205214
1.827276
2.497313
1.734563
2.419618
2.607729
2.383436
2.724380
1.969455
2.846823
2.842820
2.392952
2.193046
2.351339
1.968848
1.809030
2.315480
2.197480
2.078707
2.078167
1.783055
1.303551
2.069722
1.670346
1.831407
1.987356
2.321706
2.356999
2.481828
2.421816
2.860282
2.462148
1.937590
1.981319
2.270317
2.692341
2.512556
2.506930
2.385737
2.755928
2.851146
2.434884
2.707222
1.684493
2.749481
2.582814
2.312676
2.538248
2.563029
2.730176
2.846338
2.762415
2.516276
2.300053
2.394966
1.713660
2.429658
2.443648
1.969818
1.503640
1.281281
1.708178
1.362081
1.984792
1.474032
2.034443
1.999385
1.944110
2.143744
1.421587
2.161336
2.109912
2.098495
1.399778
1.406896
2.557400
2.782281
2.628623
2.438619
2.490618
2.693685
1.870791
2.815534
2.315999
2.572788
2.451978
2.261553
2.164824
2.348310
2.384847
2.289527
2.519791
2.568275
2.348670
2.487248
2.600424
2.278284
2.274234
2.759364
2.857709
2.458753
2.494582
2.369067
2.679328
2.609996
2.827971
2.359893
2.318954
2.241399
1.521034
1.426544
1.761165
1.262227
1.985007
2.158273
2.219016
1.987790
2.210250
1.777048
2.404889
2.521710
2.454967
2.687938
2.295214
2.379285
2.543965
2.281023
2.433581
2.331232
2.599479
2.548736
2.396143
2.978526
2.595495
2.517093
2.438797
2.286000
2.224764
1.769984
1.662994
1.859610
1.235118
1.287122
1.206438
1.281534
1.280152
1.706351
1.885247
1.378206
2.358327
2.413745
2.415331
2.550791
2.410576
2.165123
2.389628
2.638129
2.255249
2.306593
2.019162
2.497556
2.133268
2.406657
2.263954
2.801918
2.464564
2.612022
3.021737
2.775556
2.495942
2.590183
1.889564
2.500320
2.570304
2.881951
2.986007
2.491584
2.781345
2.373474
2.428240
2.439452
1.682063
1.727439
2.552038
2.441414
1.673201
2.338814
2.178931
2.412451
1.780402
1.456970
1.502568
1.169535
1.201701
1.760078
1.668903
1.773361
2.114074
2.154058
2.024086
2.146424
1.969702
2.204084
2.210250
2.406349
2.521329
2.394010
2.384926
1.675837
2.627479
2.525732
2.924877
1.882881
2.831039
2.844139
2.919218
2.622737
2.883562
2.632623
2.894592
2.740104
2.934865
2.950328
2.658202
2.937104
2.429752
2.965082
2.796327
2.784379
2.377774
2.336059
2.505461
1.842819
2.387613
2.158915
2.154471
1.590749
2.126578
2.028517
2.153415
2.382298
1.469602
2.502901
2.463499
2.868856
2.705701
1.973569
2.215937
2.876136
2.844139
2.240572
2.870137
2.864121
2.289591
2.620077
2.500462
2.216943
1.856596
2.952436
3.019066
2.469327
2.957120
3.114422
3.170069
2.637710
2.886093
2.710256
1.871253
2.703630
2.801030
2.389616
1.762884
2.379257
2.301891
2.408869
2.343664
2.475355
1.842277
2.111747
1.528702
1.445132
1.474095
1.899620
1.595172
1.451977
1.513967
1.397754
1.955056
1.952409
2.194515
2.111445
2.308270
2.403065
1.556198
1.458973
2.453723
2.363693
2.282595
2.458881
2.449834
2.611351
2.873421
2.869141
3.041932
2.490606
2.404679
2.344141
2.178059
2.465589
2.313586
2.290260
1.804297
1.925540
2.197985
2.582936
2.166301
2.610828
2.149994
3.011840
2.201016
2.417452
2.417310
2.928255
2.827971
1.745197
2.628024
2.550109
2.614697
2.400470
2.316559
2.504023
2.222294
1.717836
1.764642
1.691632
1.595632
1.257255
1.367591
1.634289
1.806637
1.520533
2.348930
2.417765
2.316483
2.306716
2.401821
2.603929
2.567688
2.729188
2.639126
2.675156
2.434071
2.351599
3.022172
2.981535
2.521867
2.191708
2.174365
2.588658
2.545404
2.215906
2.332796
1.963109
2.915126
3.056538
2.373749
2.577578
3.180748
2.179465
2.525212
2.315378
2.914951
2.298974
2.738568
2.257144
2.679021
2.110284
2.257279
2.409632
1.702343
2.388934
2.419062
2.279834
1.867899
1.805006
1.642136
1.783495
1.122918
1.897896
1.401774
2.191702
2.362508
2.394113
2.216976
2.497911
1.620302
2.530257
2.558427
2.969124
2.978675
2.617939
2.215880
2.617939
2.340928
1.765482
2.224838
2.159042
2.071676
2.255550
2.053048
2.898899
2.807508
2.881351
2.252029
2.259069
2.764655
2.821466
2.640656
2.027190
2.072127
3.072908
3.032117
2.962785
3.248657
2.277215
2.148300
2.053897
2.231523
2.375003
2.954030
2.812392
2.778209
2.116192
2.279212
2.213224
2.272175
2.400470
2.174595
2.272203
2.001877
1.965229
1.511858
1.482775
1.481465
1.591742
1.694820
1.449090
1.382699
1.282665
2.236598
2.377415
2.344047
2.539328
2.664167
2.514963
2.603929
2.550286
1.724062
2.756976
2.008497
2.372616
2.214418
2.551605
2.496716
1.985569
2.674397
2.774950
1.876405
2.537410
2.243318
2.241096
2.639642
2.672644
2.657246
2.180762
2.008053
2.017951
3.255968
2.950868
2.343328
2.584058
2.380215
2.280969
2.510450
2.133616
2.609600
2.556119
1.957964
2.122360
2.103616
2.215202
1.985754
1.884111
1.538608
1.450280
1.246796
1.718258
1.229030
1.189079
1.774411
1.937672
1.539824
1.525024
1.984845
1.387716
2.333103
2.185610
2.471002
2.407020
1.531086
1.519643
2.570221
2.683578
2.521620
1.668540
2.726138
1.685733
2.367909
2.779229
2.598336
2.511696
2.286774
2.518181
1.687335
2.518181
2.565183
2.551951
2.505930
2.511970
2.123388
2.420539
2.282582
2.317711
2.203784
2.164021
2.907929
2.809982
1.938935
2.404662
2.852082
2.888869
1.971784
2.109864
2.194787
2.940316
3.283285
2.459970
3.324407
2.734751
2.682302
2.989238
2.943490
2.572226
2.749182
2.177505
2.451517
2.487421
2.400482
1.561670
1.575455
1.977304
1.448671
1.825225
1.506969
1.659768
1.529636
1.397299
1.349168
1.398893
1.425884
1.335775
1.578511
1.738877
1.756885
2.192495
2.235341
2.337083
2.529371
2.751179
2.643858
2.761541
2.631052
2.746365
2.227267
2.199594
1.702163
2.373402
2.108670
2.392337
2.622057
2.520874
2.364061
2.024802
2.647405
2.657246
2.397310
3.162626
3.192347
1.948043
3.205925
2.915006
2.582053
2.874378
2.001957
1.848646
2.912910
2.291199
1.878653
2.767332
2.253240
2.382861
2.170400
2.587479
2.639264
2.617587
1.833441
2.751819
2.617073
2.536032
2.689611
1.505936
1.231297
1.237970
1.570682
1.800614
1.234607
2.083050
1.343677
1.286106
1.859935
2.217662
2.451948
1.552024
2.453463
1.621497
2.472775
2.575896
2.543471
2.797682
2.793813
2.736183
2.685564
1.869876
2.822342
2.920090
2.208334
2.946282
2.879161
2.942954
2.218210
3.181536
2.453049
3.080968
2.627272
2.833960
2.182675
2.555881
2.363622
2.774789
1.593967
1.376637
1.502632
1.331448
1.192832
1.259848
1.591720
1.847023
1.760584
1.804896
1.846546
2.023302
2.107662
2.043476
2.389942
1.812994
2.573500
2.456149
2.718584
2.700178
2.310067
2.451947
1.765347
2.739508
2.491632
2.338121
2.299208
2.768718
2.656541
2.502412
2.317354
1.793493
2.421164
2.452030
2.611117
1.740736
2.344720
2.169232
1.991868
1.979058
3.223404
2.469985
2.132791
3.128221
3.032542
2.578630
2.421487
3.029919
2.686626
2.613783
2.690125
2.217584
2.256258
2.225375
2.265577
2.069069
2.083227
1.737453
1.667091
1.467471
1.857849
1.702771
1.835989
1.944971
2.097269
2.245723
2.225415
2.251507
2.403262
2.539613
2.557777
2.443645
1.554192
2.228811
2.623224
2.640703
2.612327
2.609230
2.710028
2.627365
1.719385
1.686518
2.621965
2.596394
2.627894
2.587336
2.592319
2.626167
2.525474
2.648262
2.695415
2.853427
2.899081
2.091002
3.149886
3.128967
3.010217
2.162274
1.979209
3.254080
3.274937
2.652822
3.071204
2.103900
2.034821
1.874627
2.863423
3.096126
2.917195
2.576919
2.340233
2.619758
1.710979
1.660075
2.640275
2.453648
2.619089
2.146300
2.220701
1.401681
1.751743
1.703947
1.289058
1.491546
1.803985
1.740756
1.684138
1.783475
2.506728
2.773590
2.588709
1.914341
1.797570
2.505623
2.576335
2.719934
2.525806
1.781317
1.669189
2.543151
2.435312
2.366442
2.333605
2.439719
2.103916
3.242179
2.153698
2.079989
3.255968
2.089785
2.695688
2.350393
2.681149
3.166072
3.073654
2.792420
3.046265
2.514341
2.250783
2.367325
1.435995
1.592797
1.634114
1.229008
1.897753
1.869565
1.804149
1.877444
2.058483
2.392332
2.307271
2.366009
2.433828
2.253294
2.726895
2.593990
2.687538
2.715295
2.693482
1.897059
2.478231
2.411910
1.536189
2.175237
2.542288
1.652514
1.812375
1.640584
2.093606
1.636383
1.926435
3.176267
2.498403
2.408164
3.264557
2.816255
3.044356
2.689884
2.516387
2.427002
2.429672
2.861825
2.399356
2.372763
2.680279
2.538148
2.270427
2.723125
2.630136
2.147053
2.043376
2.083449
1.538256
1.463837
1.860076
1.294475
1.518314
1.262227
1.370707
1.297529
1.260587
1.191473
1.210277
1.444634
1.231474
1.506216
1.299742
1.809884
2.176882
2.414814
2.361585
1.711633
1.908564
2.567715
2.661674
2.666600
2.697011
2.532357
2.442699
2.458779
2.768121
2.408390
2.665935
1.435598
2.221407
1.502536
1.818661
1.725571
2.720890
1.941415
2.686231
2.383986
2.783949
2.857508
2.700915
2.621175
2.436801
2.545772
1.573359
1.551318
2.196971
2.228943
2.521582
2.287109
2.144656
3.158756
3.329660
3.170319
3.196559
2.970801
2.255988
2.910041
2.854453
2.754208
2.817063
2.031873
1.993848
1.845952
1.983825
1.951427
2.410596
2.258004
2.203973
2.284358
2.261862
1.916003
1.819263
2.339887
2.243696
1.823344
2.537896
2.277637
2.749296
2.743515
2.465456
2.622231
2.408320
2.516798
2.584356
2.599421
2.351997
2.608206
2.631968
2.279357
2.433827
1.594248
1.592486
2.689583
2.666865
2.788993
2.549295
2.786119
2.056700
3.128485
2.477351
2.280159
3.002439
2.826930
2.951579
2.896081
1.784031
2.549453
1.877981
2.654088
2.583766
2.471282
2.059386
1.504113
1.662334
1.661557
1.739290
1.928777
1.947067
2.141040
2.197705
1.768127
2.081824
2.211167
2.268740
2.251220
2.364073
2.378508
2.587265
2.680620
2.674350
2.614288
2.748155
2.444459
1.716444
1.609160
1.498594
1.509407
2.208402
2.743515
2.608998
2.559595
2.423112
2.388885
2.113223
2.501431
2.831010
1.631448
2.309473
2.885406
2.267710
2.758202
1.540759
1.552760
2.478092
1.771116
2.738536
2.000079
1.918445
2.917317
3.158756
2.909523
2.154486
2.712676
3.137396
1.864836
3.045805
1.924279
2.844162
2.766578
2.124542
2.335738
2.580220
2.582072
2.482047
2.829791
2.049350
2.091437
2.098902
1.919361
1.755291
1.295186
1.406084
1.201578
1.187057
1.507489
1.374179
1.362817
1.271082
1.870426
1.384678
1.375589
2.087979
2.300397
2.057140
1.350515
2.251846
1.779091
1.913814
2.406082
2.270334
2.476051
2.659919
2.595297
2.656144
2.663729
1.610164
2.715605
1.857395
2.704651
2.781581
2.567596
2.514189
2.597477
1.818661
2.668720
2.832135
2.204148
1.612495
2.658136
1.571890
1.766764
1.880083
2.651853
2.665408
2.169070
2.741661
2.949220
2.237733
2.199699
2.155334
1.994651
2.234610
2.024937
2.834553
2.362962
2.106006
2.313116
2.114342
2.306087
2.655748
2.817976
2.818359
2.326660
2.245282
2.262386
2.408411
1.761060
1.632837
1.289729
1.245821
1.625322
1.336906
1.158373
1.228528
1.580305
1.389375
1.291819
1.245454
1.431259
1.973278
1.966025
1.944343
2.070263
2.422814
2.336471
2.387820
2.453829
1.809005
1.471061
2.526843
2.639720
2.475418
2.275654
2.660001
2.282684
1.539548
2.223729
2.118911
2.305147
2.542578
2.648422
2.686200
1.749051
1.830439
2.252616
1.954371
2.131529
2.833654
2.495033
2.386831
2.101173
2.937089
2.931268
2.993962
2.914310
2.733254
1.589235
2.231023
2.302078
2.662869
2.839343
2.520398
2.867532
2.650275
2.766745
2.949653
2.097498
2.141357
2.092043
1.661970
2.130507
2.158503
2.142944
1.906447
1.342434
1.817785
1.251814
1.265614
1.161396
1.576593
1.621211
1.908849
1.457679
1.973285
2.010138
2.048030
2.027835
2.165337
2.180086
2.110450
1.488279
1.473175
1.497764
2.236714
2.203972
2.323337
2.314184
2.257902
2.535975
1.627900
2.674483
2.317033
1.565045
2.761855
2.760807
2.733832
2.500025
2.680129
2.081325
1.531801
1.316716
2.185521
2.357485
2.928158
2.928158
1.814913
1.660046
1.558653
2.310110
2.195417
1.684793
2.644733
2.566237
2.579004
1.807886
2.047897
2.385369
2.285857
3.196559
3.025947
2.574510
1.995641
2.539315
2.441733
2.475328
2.177599
2.180379
2.194898
1.198434
1.441565
1.289176
1.584257
2.040032
1.923059
2.078493
1.408080
2.421715
2.567070
2.279741
1.200341
2.401355
2.779982
2.839722
2.888350
1.351146
2.859273
2.462780
2.646328
2.815274
1.286517
1.368074
1.587411
2.686200
2.811414
2.098514
2.066842
1.766681
2.803191
1.696591
1.696319
2.935655
1.355943
2.518831
2.942157
1.498752
2.958427
1.727970
2.835937
2.461307
1.607147
2.586272
2.404496
1.697147
2.749404
2.650794
2.445630
1.739394
2.889177
2.642460
2.952263
2.384149
2.151783
2.020174
2.363595
2.256560
2.875365
2.972449
2.900003
1.915977
2.755002
3.006347
2.919987
2.231615
2.811777
2.626894
2.670139
2.971386
2.828459
2.617606
2.918344
2.068880
1.481699
1.412211
1.439295
2.053663
1.424932
1.344092
1.483016
1.429237
1.521057
1.197504
1.274574
1.277547
1.302236
1.652668
1.660819
1.880148
1.918350
1.422548
1.413910
1.944930
2.165219
1.350707
2.465905
2.130957
2.430051
2.413887
2.440450
1.365382
2.407114
2.147835
2.416260
2.531159
2.350484
2.787770
2.855891
2.915201
2.836163
1.264939
2.322345
2.147951
1.527265
2.281552
1.255149
1.449292
3.043006
3.062644
2.599029
1.645377
2.911260
2.372310
2.441064
2.394159
1.557132
1.763503
1.836944
2.826491
2.983049
2.925866
2.243317
1.990966
1.955992
1.960062
2.980849
3.042789
2.367656
2.263899
2.990406
2.527006
2.236755
2.994790
2.874631
2.570450
2.492303
3.159363
2.107024
1.787800
2.159430
1.512293
1.883980
1.669760
1.341003
1.589007
1.446475
1.204183
1.777225
1.685188
1.615397
1.591723
1.682997
1.234558
1.379226
1.387927
2.158916
2.579447
2.347937
2.223268
1.177200
2.216301
2.337841
2.281748
1.229517
1.254326
2.298251
1.362151
1.571037
2.184851
2.448329
1.721147
1.612359
2.173202
1.695385
2.292230
2.328736
1.265385
1.212559
2.903975
1.466082
2.735935
1.683332
1.944107
2.103670
2.469253
2.537804
2.034442
2.125173
2.755002
2.331798
2.911176
2.957812
2.740645
2.913389
2.432494
2.627893
2.648464
2.245559
1.845047
1.977521
3.103861
2.150146
2.157714
2.121575
2.104411
2.063396
1.771937
1.750849
1.623732
1.274574
1.356942
1.671448
1.243056
2.065156
1.438742
1.509441
1.377735
2.432550
2.624758
2.537972
2.423068
2.273557
2.457626
2.477888
2.560573
2.647564
2.840317
2.266596
2.631892
2.185039
2.339487
2.353333
2.134154
2.366908
2.939650
2.891471
1.212368
2.694377
2.856555
2.514441
2.806168
2.399867
1.722130
2.373359
2.489527
2.495821
2.696647
2.473328
1.721413
2.525488
2.696390
2.745290
1.838126
1.873934
2.337551
1.979128
2.814027
2.456603
2.789370
2.663802
2.852583
3.107046
2.117408
2.123468
1.622475
2.044828
1.639292
1.328863
1.358456
1.355740
1.469222
1.427374
1.343770
1.653110
1.259179
1.770418
1.382611
1.661235
1.971455
1.593436
2.092443
2.356773
2.396135
2.254662
2.559855
2.383739
2.538798
2.603848
2.223268
1.188210
2.346461
1.461567
2.552231
2.751342
2.670764
1.379124
2.877011
2.724436
2.566120
2.531408
2.743640
1.566982
1.284857
1.971992
2.260340
2.150541
2.150186
2.281463
1.296003
2.196340
2.527220
1.467458
2.289536
2.384548
2.435219
2.814410
2.627039
2.539325
1.969691
2.607602
2.913996
2.803083
2.619443
2.802321
1.899691
2.040738
2.832606
2.849081
2.717826
3.001553
2.397365
2.238329
2.551467
2.811667
3.159363
2.668736
2.028848
2.111209
2.083073
2.131727
1.453940
1.885595
1.401043
1.386875
1.386140
1.378214
1.334126
1.677373
1.707197
1.802553
2.042607
1.926651
2.092443
2.028086
2.062340
1.401242
2.160694
1.075823
2.529681
2.582147
2.348234
2.433980
2.294566
1.240508
2.247626
2.281057
1.077609
2.753077
2.796189
2.618138
2.105808
1.112021
2.488182
2.195638
1.078105
2.189282
1.064543
2.298247
1.608635
1.420506
2.526323
2.590030
2.694934
2.689674
1.661087
1.777667
2.798379
2.480842
2.869981
2.021989
2.554565
2.576327
2.432670
2.620818
2.071339
2.063248
2.791934
2.227627
2.914696
2.800260
2.938655
2.611289
2.004170
2.528372
2.702964
1.774832
2.117633
1.628299
1.357234
1.414350
1.540188
1.534624
1.590017
1.333513
1.330276
1.689921
1.324186
1.460307
1.344509
1.515569
1.410157
1.293929
1.857078
1.949713
1.698943
1.577152
2.234523
2.094828
2.566505
2.638404
2.586007
2.599209
2.684831
2.603848
2.157374
2.090913
2.098347
2.378736
2.274693
1.117880
2.557771
1.126180
2.852595
2.196643
1.293831
2.814590
2.251026
2.178216
1.162700
1.141240
1.288366
2.263668
2.456085
2.554942
2.487749
1.486780
2.550758
2.517407
2.427684
2.434749
2.560726
2.033288
2.799615
2.704787
2.762840
2.765260
2.137231
2.735136
2.609105
2.491611
2.344428
2.442698
2.513680
2.698120
2.864376
2.646899
2.650386
2.654232
2.042726
2.677402
2.595505
3.089045
1.757133
2.255742
2.176199
2.072631
2.090103
2.016937
1.628695
1.571865
1.475316
1.378522
1.491136
1.435860
1.447518
1.445840
1.253718
1.212239
1.228995
1.573741
1.801433
1.492456
1.828475
1.723696
1.836282
1.894668
1.496582
1.689163
1.727335
1.305919
2.034032
1.973309
1.331660
2.535404
2.778584
2.532782
2.289359
2.588800
2.688254
3.002052
2.838404
2.136817
2.321517
2.067775
1.024097
2.457655
2.201598
1.205104
2.293629
2.573181
2.342940
2.778622
2.726083
2.595506
2.516040
2.862676
2.850390
2.825829
2.914910
2.757806
1.766868
1.715541
2.874678
2.801110
2.369127
1.839166
1.972303
2.092852
2.388813
2.810515
2.716314
2.157714
1.623684
1.935785
1.928914
1.344886
1.720607
1.796943
2.018347
1.800795
1.351258
2.096282
1.606526
1.414040
1.287747
1.166387
1.397636
2.639028
2.742234
2.634195
2.315764
2.561287
2.844656
2.809023
2.878183
2.988252
2.986356
2.539946
2.780761
1.147529
2.539946
2.368351
1.156867
1.201959
1.808857
0.994517
1.128766
1.242375
2.458422
2.708698
1.677808
2.497372
2.556351
2.446804
2.282335
2.799124
2.863489
2.690964
2.648485
2.308977
1.945365
2.162699
1.849926
1.837029
1.624892
1.836804
1.903202
1.692645
1.656586
1.513800
1.816300
1.259603
1.714456
1.940430
1.740357
1.885538
1.261215
1.294253
1.986267
1.527921
1.457560
2.116502
2.063605
2.101949
2.032562
1.059958
2.624328
2.770758
2.692118
2.330909
1.007614
2.754723
2.986043
2.324035
1.166180
2.323378
2.614910
2.146671
2.724567
2.562336
2.427015
2.908050
2.851292
2.475923
1.672727
1.759913
2.348279
1.847352
1.832856
2.319447
2.612978
2.064494
2.767050
2.621071
2.753472
2.754507
2.669148
2.121660
2.479960
2.556684
1.926158
2.163566
2.334314
2.254200
2.322693
1.415157
1.453866
2.020168
1.560093
1.433795
1.576566
1.510840
1.211576
1.360587
1.973338
1.685737
1.854909
2.046217
1.262892
1.919085
2.012602
2.173404
2.711952
0.975557
2.315033
2.265423
2.662285
2.163688
2.787398
3.028272
2.565296
2.591836
2.536024
2.254674
2.223898
2.014438
2.183516
1.018124
1.056309
1.073110
1.312780
2.674429
2.599409
2.300224
2.835381
2.405828
1.081231
0.988367
1.098323
1.647004
2.666512
2.770010
2.863750
1.596541
2.053268
2.161136
2.323605
2.630540
2.305950
2.377397
2.398728
2.612457
2.484918
2.808074
2.492502
2.718924
2.671131
2.667515
2.018994
1.986982
2.199933
1.794482
1.908684
1.803721
2.276592
2.050574
1.984437
1.544515
1.471678
1.555533
1.616956
1.293236
1.489825
1.587348
1.468542
1.460452
1.565609
1.219956
1.717859
1.805396
1.929392
1.310453
2.025597
2.023225
2.051913
2.007166
1.996453
1.371997
2.049766
2.480117
2.407301
2.469021
2.771252
2.643093
2.178572
2.487153
2.289831
2.445764
2.336524
1.038773
2.247254
0.953102
2.231324
0.992971
3.090825
2.994251
1.989647
2.338557
2.614910
0.938170
2.920635
2.764792
2.499379
2.408707
0.945900
2.275356
2.213527
2.587805
2.880554
1.562388
2.829374
2.930929
2.709671
1.607849
2.438205
2.711874
2.862055
2.756748
2.792442
1.999444
2.047630
2.008975
2.200952
2.268990
1.630589
2.185520
2.154158
2.170414
1.715723
1.637847
1.526452
1.238953
1.487770
1.503518
1.700529
1.733957
1.255514
1.956674
2.065322
2.038819
1.993254
1.571081
1.514245
2.149874
2.434594
1.021060
2.727037
2.593494
2.145947
1.026024
2.459890
1.109880
1.084302
2.752202
3.066238
0.937859
0.892184
0.961942
1.102414
1.016788
0.924662
2.110921
3.076311
3.010243
2.643391
1.143290
2.742965
2.503341
2.480041
2.652486
1.945504
2.637259
1.437450
1.570167
2.855753
2.725893
2.361520
2.181063
2.390452
2.294430
2.009390
2.771183
2.140962
2.727279
2.752809
2.659730
1.897235
2.068358
1.947981
2.046649
2.172699
2.208771
2.247930
2.080959
2.056047
1.593877
2.247437
2.065018
2.052254
2.196346
2.426469
1.927083
2.435793
1.414007
2.123808
1.403716
1.713187
1.377658
1.718389
1.331497
1.236908
1.485746
1.607406
1.581406
1.165441
1.699835
1.762602
1.765887
2.028461
1.973781
1.186360
2.424719
2.467289
2.727618
2.058302
2.125466
3.170667
1.003029
0.909697
0.924118
2.591308
0.969202
3.095625
2.970366
0.972918
0.986673
1.428668
1.221070
2.509664
2.842520
2.435737
2.319011
2.885923
2.882162
2.604737
1.570825
1.568115
2.199623
1.768276
1.710992
2.536632
1.811341
2.108206
2.770573
2.744686
2.646633
2.773199
2.705170
2.597678
2.327206
1.796767
2.367414
1.583723
2.064875
1.820085
1.691770
1.665935
1.867418
1.218578
1.371181
2.163044
1.693315
1.499491
1.926941
1.520451
1.803469
1.419599
1.487218
1.684168
1.642194
1.587947
2.207442
2.241319
2.021210
1.220618
1.435649
2.427627
2.527293
2.708978
2.618400
0.877333
0.896001
0.878542
0.953287
1.016094
1.051704
1.001284
0.858142
3.062527
3.015594
0.865111
2.166107
2.169727
2.542904
3.188565
2.723351
3.026402
3.295313
3.341042
3.108967
2.881716
2.524319
2.668575
2.846591
2.587718
1.437126
2.535200
1.982612
2.360037
1.987579
2.336741
2.491498
2.748069
2.756993
2.492181
2.576561
1.764898
2.298271
1.642372
2.334262
2.129698
1.908343
1.773390
1.317268
1.635280
1.664127
1.255323
1.781494
1.734748
1.797559
1.796380
1.762582
1.938295
1.851643
1.884742
2.207442
1.327641
1.967356
2.026426
2.224488
1.436877
1.457967
1.327193
1.232673
2.344609
2.079376
2.149267
1.078638
2.352758
2.524037
2.708006
2.551771
0.886266
0.920376
0.888615
2.505679
2.241338
2.035584
0.947597
0.971631
0.941203
0.858632
2.643297
2.979049
2.781268
3.177617
2.539564
3.111821
3.149119
3.129399
3.266719
3.101588
3.244493
2.929925
2.988068
3.158455
2.664221
1.339430
2.586109
2.320484
2.895839
1.666566
1.693432
2.183377
2.561261
2.554832
2.674415
2.668271
2.205232
1.622055
1.843055
1.651342
2.541515
2.325381
1.597053
1.975807
1.616100
1.926361
1.502784
1.594562
1.531060
1.316299
1.582658
1.517536
1.571731
1.640208
1.174999
1.174591
1.276507
1.786332
1.746147
1.754097
1.822144
1.914649
2.085727
1.847236
2.140326
2.016674
1.935845
1.178337
2.362136
2.242063
1.958728
1.029548
1.090073
0.971390
0.901482
2.190841
0.947597
2.656835
2.789441
0.818925
2.098968
2.077322
2.229558
2.621364
3.272995
3.267520
2.872595
2.980508
3.040428
3.108859
3.104840
3.062295
2.782640
2.646248
2.592876
2.389898
2.045239
2.899397
2.724092
1.352276
2.337748
2.164481
2.483532
2.028997
2.065387
2.640664
2.632092
2.576199
2.542955
2.062173
2.108868
2.046533
2.038271
1.972964
2.592793
1.691618
2.495090
2.561824
1.809611
1.737776
1.778274
1.285736
1.644929
1.454925
1.366147
1.502678
1.222236
1.269591
1.774684
1.898808
1.798064
1.674480
1.808152
1.952048
1.212681
1.623792
2.005922
0.926518
2.707234
2.613894
2.593064
2.705141
2.465444
2.686676
2.617945
2.604418
2.689348
2.510658
2.213721
0.826679
0.789919
0.818106
3.254069
3.319340
3.188059
2.997352
3.096520
2.826328
2.520213
2.036738
2.844962
3.048720
2.872421
2.647928
2.805698
2.080799
2.079015
2.259475
2.533564
2.706629
2.516375
2.475421
2.453361
2.652721
2.626448
2.409270
2.440943
2.635378
2.485310
2.519787
2.006330
2.500017
2.039456
2.006330
2.135366
2.464913
2.438330
1.511759
1.232475
1.568175
1.322153
1.716417
1.563350
1.566222
1.130777
1.570495
1.180208
1.223155
1.825842
1.783156
1.793666
1.827253
1.787662
1.824046
2.287501
2.350454
1.106553
2.485245
1.215015
2.146582
1.412604
0.876478
2.569345
2.637612
0.854811
2.134537
0.706652
2.372548
2.209678
0.726177
3.231847
2.471484
2.561822
2.800105
2.693990
2.651887
3.156085
2.958648
3.074065
2.456994
3.032498
2.120724
2.991147
2.786013
2.920673
2.698077
2.351235
1.609901
1.688565
2.050698
2.100331
2.026775
2.055553
2.079949
2.644939
2.576400
1.905856
1.928937
2.690599
2.652671
2.626687
1.468515
1.301656
2.154148
1.983577
1.499321
1.829578
1.479027
1.500278
1.201505
1.204775
1.638033
1.765171
1.671479
1.508207
1.850984
1.295844
1.848059
1.801489
1.829160
1.262191
1.780560
1.178442
1.939730
2.447161
2.379957
2.133189
2.290794
2.304747
2.431149
2.402243
2.353126
2.181993
2.430688
0.882624
0.916570
2.214481
2.384137
2.248322
2.272441
0.841045
1.911660
2.864406
2.520594
2.228335
3.065323
3.220618
0.763079
3.144260
3.311732
3.062295
2.975595
3.192440
3.102424
2.532281
2.979029
3.037733
3.074427
1.179217
2.365366
2.715245
2.523893
2.804650
2.185678
2.336632
2.385364
2.485927
1.972527
2.524976
2.600396
2.671492
2.654762
2.654649
1.819635
1.952433
1.629811
1.676599
2.585892
2.580781
1.732028
2.236058
2.260822
1.220656
1.226884
1.509074
1.492496
1.459697
1.486359
1.436863
1.557505
1.477893
1.535080
1.219937
1.714416
1.260114
1.896102
1.846771
1.805266
1.822726
1.893781
1.829281
1.914498
1.833967
1.102844
1.250175
1.801489
1.804953
2.165124
2.091463
2.176864
2.259649
1.412604
2.127924
0.835783
2.020824
2.481663
2.292483
2.527704
2.565834
0.762072
0.777102
2.404569
2.064087
2.621750
2.191771
3.025383
3.145985
3.080718
3.198178
3.197179
2.632452
2.519411
2.745331
2.508806
2.683047
2.443088
2.568082
2.525237
2.685566
2.685566
2.537812
1.340924
2.236313
1.670241
1.929209
1.860538
1.978803
1.874563
1.833694
2.347593
2.581275
1.768094
2.659098
1.680029
1.523540
2.691279
1.483214
2.064229
1.229584
1.247051
1.212626
1.451899
1.156151
1.244452
1.584764
1.537905
1.719041
1.380680
1.517794
1.707641
1.237922
1.877981
1.925363
1.893074
1.069116
1.882829
1.057800
2.095534
2.442657
2.142228
2.474017
2.526831
0.816104
2.646676
2.613076
0.772329
0.674059
3.257086
2.923721
3.138702
2.426828
2.591038
2.811027
2.458388
2.798856
2.927988
1.711285
1.811334
2.790960
2.860741
2.858588
1.839680
1.924170
1.924170
2.159694
2.102191
1.780286
1.758390
2.096205
2.029574
2.497677
2.581646
2.547610
2.521306
2.232038
2.179235
1.903395
1.720948
2.054686
2.090010
2.365486
1.615150
1.399260
1.550230
1.594525
1.546401
1.221626
1.605514
1.243523
1.394458
1.326067
1.315541
1.549816
1.154045
1.781849
1.874734
1.898695
1.880256
1.815326
1.248285
1.704781
2.051015
1.951242
1.677591
1.850734
2.118950
2.373011
2.499600
2.485343
2.051898
0.761696
2.312093
2.469762
2.367303
2.566326
2.087472
2.339495
1.762652
2.302431
2.388888
2.674920
2.884072
2.632771
2.851696
2.640394
3.063698
3.102860
2.417727
2.599303
3.100773
3.004362
2.826388
2.515857
2.652122
1.631990
1.620507
2.400215
1.852673
1.938536
2.608214
2.324423
1.820598
1.792376
1.955146
1.668681
1.634034
1.586010
2.136356
1.805599
2.569805
2.074957
2.419491
2.433194
1.627630
1.698481
1.453710
1.927294
1.645747
1.627667
1.144799
1.432730
1.478353
1.233994
1.613972
1.707551
1.699805
1.690635
1.675082
1.916673
1.902825
1.303261
1.338769
1.904912
1.934973
1.870556
1.920987
1.241032
1.867281
1.148912
1.769516
1.853683
2.377003
2.450277
2.437953
2.283358
2.224860
2.323164
2.662035
2.504297
2.180197
0.731137
2.299330
2.581236
2.718109
2.745331
2.934749
3.205590
2.890933
3.020912
2.670817
3.077866
2.225243
2.652031
1.180030
1.276694
2.957004
2.810352
2.249593
1.484655
2.118203
2.158221
2.198215
2.019249
1.852950
1.708432
1.848919
1.533469
1.318595
1.376345
1.889414
1.823908
1.563223
2.125410
2.041896
1.521908
1.656270
1.341113
1.378448
1.363191
1.706154
1.193406
1.170305
1.820934
1.871588
1.924189
1.931709
1.042783
1.026972
1.815935
2.437953
2.016122
1.044015
1.009962
2.312465
1.909279
0.752677
2.528612
3.263014
2.697562
2.603929
2.380220
3.082247
2.879513
3.133033
3.005759
2.997898
3.068163
2.763971
3.097877
3.023162
3.065850
2.986800
2.752157
2.814081
1.778304
1.903897
2.428801
2.475170
1.969152
2.586919
2.573914
2.697618
2.513237
2.304171
2.327172
2.143428
1.742029
2.052694
1.721498
1.789383
1.885418
1.406374
2.104750
1.315638
1.545389
1.574589
1.624313
1.500698
1.256608
1.996100
1.675318
1.430816
1.656731
1.600445
1.847312
1.985202
1.468754
1.462687
1.582168
2.022230
1.941790
2.061110
1.190905
1.589985
2.036638
0.997301
2.132056
2.070720
2.336181
2.576219
3.046646
2.511293
2.509277
3.014919
3.080256
2.875308
3.073499
3.145723
3.022995
3.102372
2.485792
2.874509
2.449785
2.709909
2.936258
2.906347
3.074068
2.972017
1.149973
2.758494
2.932117
1.273160
2.749973
2.806241
2.592818
1.576812
1.884876
1.989128
2.129660
2.038917
2.359704
2.003116
1.856958
1.986373
1.756909
1.794082
1.580949
1.792989
1.955797
1.683631
1.785436
1.203223
1.742214
1.469157
1.520317
1.231427
1.378106
1.299165
1.521281
1.284719
1.808186
1.547974
1.948402
1.958078
1.522846
1.226145
1.808130
2.018315
1.783031
0.936835
2.008754
0.780743
0.827758
1.973406
2.001811
2.240549
2.468582
2.210023
2.607492
2.649766
2.215178
1.836690
3.283699
3.273426
2.798336
2.499000
2.596076
3.121393
2.692075
3.028328
1.230130
2.858319
2.689746
2.811192
2.842302
2.320482
1.866897
1.756936
2.614666
1.691632
1.698730
1.635880
1.772713
2.546966
1.846340
2.236136
2.144881
2.047218
2.593542
1.991391
1.739758
1.842784
1.647087
1.836796
1.337343
1.470422
1.432007
1.561032
1.599426
1.636403
1.871897
1.537430
1.312891
1.274748
1.436386
1.480082
1.388021
1.318024
1.409805
1.490888
1.273286
1.242336
1.317336
1.280156
1.280278
1.952580
1.867120
1.374703
1.916628
1.880545
1.914360
1.467318
1.958670
1.991650
1.686665
2.011124
2.043502
2.108828
1.338194
1.868622
1.848769
1.764556
1.854169
1.658554
2.360230
2.482933
2.268850
2.557627
2.408153
2.149101
2.471803
2.929775
3.208542
2.407878
3.283699
2.962439
3.147984
3.239232
2.693348
2.533341
2.843144
2.662134
2.967439
2.353265
2.927082
2.993706
2.459574
2.359694
2.570009
2.603626
2.618697
1.773001
1.579732
1.654829
2.614019
1.887177
1.714771
1.884876
1.840278
1.958259
2.746876
2.772758
2.671341
2.647861
1.875796
1.948096
1.743522
2.169292
2.346670
1.697764
1.568120
1.324112
1.506302
1.279209
1.632384
1.665624
1.794047
1.812770
1.169901
1.214283
1.270957
1.155062
1.329744
1.090974
1.210776
1.621837
1.773791
1.762028
1.836774
1.829692
1.639890
1.464396
2.044563
2.056696
1.176906
1.642411
1.592787
2.151104
2.687761
3.158174
2.455940
2.325295
3.087765
2.665602
3.181566
3.077432
3.015185
1.872694
1.466102
3.102393
2.503574
1.825656
2.289501
3.029354
3.121688
1.261452
1.457686
2.711237
2.434971
2.230782
1.514656
1.595521
2.682057
1.756609
1.675927
2.649847
2.772758
1.689527
2.396920
2.611345
2.007488
1.728507
1.880795
1.891764
1.970049
2.172958
2.155196
1.847379
1.699419
1.561074
1.639603
1.773041
1.410874
1.568496
1.490140
1.586375
1.696871
1.424881
1.218837
1.495629
1.080472
1.206142
1.312145
1.160233
1.737968
1.656611
1.872811
1.615802
1.999301
2.080853
2.184894
1.898223
1.805002
1.167656
1.282081
1.105002
1.000884
0.917317
1.990238
2.088040
2.654136
2.172492
2.415590
2.339212
3.294794
2.208010
2.325079
3.097584
3.216212
2.595789
2.414582
2.732220
2.669593
3.075802
2.333139
3.046422
2.928103
2.867613
1.108280
1.247455
2.718749
2.817031
2.796660
2.414237
2.647772
2.071263
1.628242
1.763588
1.728486
1.881277
2.782428
2.667982
1.698864
1.743367
2.138042
2.247480
1.411737
1.667475
1.875475
1.541697
1.550128
1.625188
1.580719
1.541182
1.768442
1.506651
1.188791
1.186513
1.117505
1.304132
1.393037
1.830539
2.035878
2.043819
2.047482
2.046285
2.090485
1.963664
1.963664
1.129559
2.063122
2.384739
2.560509
2.542821
2.694639
2.738337
2.809827
2.661372
3.360786
3.192436
2.195449
3.262996
3.353496
1.338785
2.608433
2.738786
2.912184
2.742206
2.422394
2.351354
2.548520
2.611512
2.867244
2.796660
2.801501
2.820925
2.862626
2.414237
2.258446
1.667739
1.538010
1.589147
1.655946
1.958308
1.989128
1.749960
1.707246
1.680298
1.657462
1.967303
1.993202
1.755314
1.644218
1.563860
2.113957
1.859364
1.562639
1.527564
1.411085
1.171115
1.232285
1.216800
1.154122
1.406101
1.147943
1.513660
1.813865
1.798710
1.856633
1.740263
1.975917
1.745254
1.776559
2.003880
2.094992
1.208078
0.721826
2.576219
2.198648
2.299081
2.614290
2.336160
2.323555
2.484931
2.353106
2.515718
2.454578
2.966122
2.084528
2.483434
3.307426
3.018430
1.633569
2.465823
2.963459
3.077616
2.952438
2.547519
2.715275
2.579386
2.254490
2.336440
2.390042
2.827517
2.399811
1.533418
1.452751
1.667739
1.583337
1.736519
1.770848
1.770547
1.634317
1.641364
1.745652
1.437949
1.696543
1.665248
1.637041
1.556894
1.847916
1.539067
1.357235
1.532932
1.170053
1.348775
1.513155
1.184198
1.284196
1.191917
1.209624
1.518039
1.529017
1.634455
1.660486
1.608409
1.728589
1.608572
1.940750
1.949263
1.670225
1.699965
1.834976
1.862935
1.949263
1.948549
1.260077
1.943843
1.348886
1.450159
2.163457
2.255063
2.042092
0.827430
2.052957
2.299684
2.307038
3.211688
3.274254
3.250553
2.589787
2.854483
2.384049
3.043909
1.683901
1.769072
2.104912
3.031077
3.050638
2.692493
1.633569
1.328669
2.572552
3.238935
2.781008
3.147893
2.698619
3.141970
2.703184
2.939311
3.058835
2.446436
2.283492
2.391312
2.612196
1.511975
1.578046
1.972892
1.730184
1.887841
1.613512
1.723803
1.743821
2.091028
1.706153
1.608068
1.586587
1.662748
1.584781
1.204847
1.401213
1.130789
1.190834
1.539929
1.602359
2.002910
2.054555
2.106855
1.525154
1.616864
2.161274
0.911981
2.248575
2.255063
2.022636
2.254857
2.099513
2.115446
2.508665
2.396294
2.229969
2.439948
1.626733
1.708753
2.176634
3.483432
1.993904
2.927909
2.938515
3.146284
3.091664
2.509361
2.963459
0.984349
1.401536
2.598842
2.632360
1.440987
1.478182
1.622241
2.356507
1.589147
1.581562
1.812298
1.603110
1.614217
1.540559
1.532300
1.602437
1.347546
1.619534
2.073709
1.735626
1.677849
1.750061
1.827576
1.831671
1.815316
1.554728
1.430855
1.137624
1.172277
1.554525
1.554028
1.612219
1.559644
1.260653
1.343363
1.837380
1.965539
1.862561
1.901351
1.945153
1.338349
2.345261
2.369089
2.222208
2.053405
2.122417
2.141427
1.993668
2.454379
2.393274
2.439679
2.356710
3.007988
3.070279
3.120939
3.211282
3.106238
2.276794
2.384151
2.504257
1.686174
2.017061
2.973454
3.184926
3.280033
2.592757
2.824036
2.861751
3.188016
3.081161
3.184148
3.081161
3.199681
2.699888
3.111001
0.899919
2.808205
2.343958
2.100203
1.586467
1.684883
1.590564
1.681553
1.688654
1.578185
1.675282
1.546177
1.910621
2.073709
1.773830
1.560467
1.574334
1.375052
1.112588
1.140184
1.259891
1.476461
1.299569
1.872519
2.027835
2.160182
2.322491
2.182725
2.213166
2.282687
2.116875
2.202338
2.262625
2.033802
2.546813
2.726802
2.553754
1.469497
3.216339
3.348710
3.388656
2.422731
3.135480
3.164943
1.280891
2.322689
2.368640
2.565131
2.601485
1.459026
1.448714
2.754778
2.666390
1.479738
1.568745
1.597785
1.761496
1.727624
1.788842
1.884310
1.645200
1.751290
1.715114
1.344739
1.407899
1.267380
1.522749
1.547737
1.503030
1.502666
1.532032
1.537231
1.849759
1.680875
1.305661
1.318267
1.355092
1.918166
1.970382
2.113592
2.005894
2.227467
1.232007
2.311832
2.241124
2.514337
1.909934
2.420601
2.293515
2.103808
2.318372
2.361723
2.124142
2.668475
2.901573
2.216899
2.453461
2.963546
2.811425
2.725981
1.638059
3.154212
3.358709
3.182970
3.516555
3.085086
3.259498
3.173645
2.374272
2.264405
2.470777
1.381914
1.257103
1.520127
1.559878
1.608876
1.593858
1.573052
1.646348
1.605977
1.472670
1.471294
1.700148
1.535471
1.160536
1.169925
1.402316
1.278735
1.197770
1.160635
1.299631
1.271258
1.143914
1.339880
1.161530
1.342562
1.632995
1.541214
1.525154
0.975263
0.786134
2.170600
2.132445
1.791538
1.883412
2.565304
1.927305
2.004766
2.064534
2.066392
3.153311
2.526229
2.759125
3.012954
1.999981
2.051108
2.905383
2.951461
2.971281
1.566922
1.966514
2.891923
2.654665
3.097434
3.015121
3.346354
3.064816
3.057723
3.133323
2.574362
1.380637
2.776576
2.808410
2.893095
1.479016
2.647119
2.420386
2.169457
1.543141
1.717547
1.732540
1.836175
1.442754
1.559866
1.548183
1.632456
1.613386
1.314619
1.311384
1.510877
1.121217
1.537552
1.552735
1.172176
1.519644
1.250612
1.332873
2.035000
1.970382
2.030652
2.085076
2.030652
1.957531
1.039255
2.432538
2.038308
2.173760
2.084607
2.133417
2.139040
2.123760
2.467097
2.220213
2.292763
2.116187
2.222184
2.473357
2.278891
3.127089
2.982429
2.830048
3.217349
2.964269
2.768445
1.579351
2.173440
2.755379
3.452909
3.482267
3.459842
3.249831
3.057723
3.183983
3.290789
2.903280
2.884055
3.000080
2.518452
0.738707
0.648683
0.761644
1.087338
2.334900
1.408035
1.369540
2.884255
2.062819
2.507070
1.509470
1.535730
1.511589
1.673063
1.624351
1.604247
1.620420
1.371123
1.663591
1.470057
1.492260
1.263049
1.339729
1.318885
1.370603
1.236309
1.478126
1.796614
1.872922
1.437084
1.470164
1.346025
1.362528
2.248907
0.945594
2.500242
2.542535
2.386693
2.445846
2.513057
2.466262
2.064534
1.823450
2.034276
2.186305
2.639252
2.996749
1.658863
2.291889
2.871552
1.691560
1.612931
2.418263
2.925255
3.026485
3.179150
3.383439
3.484161
3.246487
0.641557
1.216011
1.466211
1.438711
1.445916
2.694514
2.071206
2.360208
2.063770
2.165184
1.768211
1.606801
1.523823
1.505677
1.553627
1.516347
1.711612
1.670415
1.649331
1.588931
1.533126
1.572924
1.485743
1.422807
1.337218
1.714603
1.583593
1.358603
1.636709
1.376100
1.102405
1.999599
2.051277
2.283042
2.351752
2.234260
2.346135
1.832739
2.928112
2.657660
2.409619
2.631256
1.854629
3.090735
2.262127
1.790528
2.456499
2.457963
3.346568
3.224833
3.475230
3.516555
2.470776
3.268993
3.114394
0.903774
2.460230
2.513650
2.202691
1.382197
1.336772
1.536876
1.485243
1.842476
1.938546
1.538477
1.493447
1.630435
1.662308
1.613046
1.561997
1.661729
1.663462
1.647703
1.447567
1.544132
1.486096
1.485000
1.450455
1.276561
1.289692
1.333252
1.213761
1.653960
1.724076
1.920229
2.026114
1.350386
1.384415
2.237687
2.058889
2.377685
2.115866
2.012661
2.051736
2.240261
2.277532
1.894005
2.515310
2.430583
1.726501
1.752527
2.258432
3.039963
3.006230
3.122155
2.251646
3.252086
3.235195
3.284677
3.039934
3.202475
2.080232
1.835945
2.283210
2.393115
2.410176
1.760883
3.353694
2.676050
2.456391
2.502865
2.679410
3.318874
2.721370
0.773308
0.917400
2.750592
2.684008
1.228234
2.278448
2.242193
1.273759
1.311837
2.270573
1.444892
1.918118
1.474193
1.831221
1.528415
1.592399
1.555102
1.860521
1.674457
1.620761
1.465587
1.372414
1.421541
1.419453
1.239817
1.606609
1.955471
1.864766
1.400303
1.830852
1.478520
1.630546
1.933003
1.689408
1.570999
1.677577
2.075650
1.519135
2.134060
2.324959
2.369591
1.832999
2.017435
2.478839
2.426432
2.545142
1.809601
2.512136
2.165991
3.282730
3.353214
2.187806
1.976778
2.348727
2.572031
2.558581
2.215374
1.546971
2.006531
3.016629
3.467433
2.559560
2.874298
3.313595
3.364989
3.332147
2.863732
3.337166
0.568817
2.634927
1.329204
1.423112
2.078764
2.287374
1.513186
1.484155
1.449199
1.654527
1.798318
1.618067
1.425019
1.450355
1.721695
1.727286
1.503496
1.466843
1.513536
1.521917
1.675171
1.231891
1.229604
1.476477
1.538657
1.841773
1.994514
1.740296
1.822785
1.870252
1.744729
1.910287
1.675037
2.007906
1.767756
1.462510
2.067724
2.229572
2.031002
2.231756
0.949304
2.375581
2.276806
2.088477
2.288088
2.219573
2.029969
2.061168
2.401095
2.583523
1.936642
2.030167
2.216082
1.990468
1.581878
2.744150
3.346080
3.513551
3.280015
3.560151
3.386790
3.171893
2.487659
2.962242
3.289905
3.222610
0.723554
2.807938
2.503069
2.419393
1.736969
1.943370
1.851365
1.501399
1.661957
1.596403
1.454306
1.544362
1.464151
1.418405
1.440471
1.353089
1.237563
1.483958
1.758930
1.387158
1.882171
1.682736
1.505814
1.490532
1.727362
2.222893
2.023226
2.043841
2.169861
2.300158
2.002521
2.013664
2.490356
2.495927
2.495927
2.031823
2.202796
2.199155
3.222306
3.324075
1.796714
3.335237
3.495838
3.355847
3.416646
2.670695
2.668396
2.850601
2.320507
0.987710
0.849842
2.734296
2.529099
1.456524
1.554379
1.529184
1.516108
1.432463
1.307791
1.374317
1.673217
1.926313
2.025212
1.423170
1.830947
1.981221
1.667627
2.184076
1.266015
2.229572
2.223144
0.870958
2.075435
0.856767
2.220927
2.268146
2.362277
2.369679
2.279124
2.105821
1.809830
1.939437
2.339098
2.393867
2.202215
2.157347
2.325252
2.966527
2.185345
3.401224
3.007519
2.972122
1.770580
3.050255
0.570063
0.514864
3.351354
0.733054
0.875463
2.824160
2.760340
2.707513
1.133647
2.748647
2.138268
2.328396
2.020589
2.113184
1.950094
2.054598
1.456340
2.127908
1.474193
1.482414
1.381503
1.399368
1.374643
1.592151
1.609800
1.709683
1.579936
1.588702
1.538216
1.584156
1.676961
1.216968
2.113649
1.968980
2.236137
2.229734
2.103818
1.476822
1.589738
2.233275
2.283408
2.098037
2.283118
2.265951
1.907023
1.866833
2.270195
2.014627
2.007268
2.271150
2.277196
2.220927
2.252713
2.123514
2.150401
2.109171
2.115471
2.134223
2.229367
2.043282
1.919101
2.001369
1.991408
1.979725
2.302115
2.486917
1.875337
2.446203
3.189733
2.429579
2.739234
3.462280
3.562187
2.518929
0.472953
0.468614
3.025002
2.498640
0.642388
2.483001
2.345436
2.492314
1.227533
2.682679
2.486630
2.135749
1.435153
1.414992
2.022964
1.826335
1.624583
1.724983
1.653239
1.336082
1.323376
1.350972
1.555218
1.713295
1.911920
1.422534
1.365734
1.457850
1.493552
1.418707
1.621008
1.438407
1.496816
1.687527
1.888155
2.022902
2.112521
2.204152
2.007065
1.871772
1.870285
2.060407
1.976971
2.192864
1.626858
1.719858
2.175012
2.189192
2.084930
1.995200
2.103323
1.995200
2.355377
1.954017
2.265993
2.548482
2.619937
2.617111
2.587852
2.230399
2.215445
2.779516
2.501970
3.667029
3.616859
3.475357
3.598249
3.407975
2.924738
3.439224
3.592807
2.909579
3.014072
3.454786
3.330031
3.329908
3.368883
2.394165
2.429009
2.264328
2.655668
2.776904
2.328055
1.654720
1.861004
1.737998
1.505785
1.571615
1.516159
1.344646
1.210564
1.231902
1.849948
1.918148
2.215539
2.075315
2.170237
2.201778
1.734406
1.968704
1.954105
0.738027
2.097097
2.140557
2.050374
2.213262
2.213226
2.155402
1.841433
2.024157
2.485046
2.577585
2.344963
2.394930
2.109648
2.350809
2.515152
2.287679
1.822026
3.596397
2.217593
1.589646
2.173121
3.378506
0.461409
0.659386
2.748127
3.006504
3.187388
0.964861
1.035573
2.775626
2.482168
2.614849
2.775626
1.131997
1.117774
2.359097
2.432095
1.819924
1.504024
1.632560
1.430658
1.227936
1.815394
1.343900
2.102003
2.032977
2.066881
2.207848
2.086176
1.527876
2.086497
2.229621
1.995699
2.245762
2.178435
2.124710
1.882758
1.791436
1.391932
2.579627
2.750955
2.671458
2.179280
2.179301
2.140427
2.418508
2.346869
1.988082
3.202849
3.653276
3.600820
3.679682
3.686167
3.626510
2.834054
3.432534
2.899007
2.563122
2.571751
0.403152
2.604808
3.164860
3.366604
3.043615
2.880087
2.432698
2.638164
3.271646
0.845938
0.774987
1.283272
2.710918
2.029517
2.670017
2.531621
2.100488
1.551733
1.633935
1.457813
1.351960
1.902554
1.881613
1.418512
1.397217
1.959819
1.854380
2.152299
2.018522
1.657170
1.992989
2.207914
2.151433
2.282670
2.081751
1.964407
2.230153
2.314845
1.659906
2.091462
2.000113
1.827031
1.803754
1.862111
2.750955
2.538937
2.783907
2.180313
1.990459
3.572796
3.395384
3.375640
3.207186
2.200918
0.416714
2.706474
0.403152
0.448166
0.405004
0.559156
0.644550
2.848835
3.122615
0.833977
2.222316
2.247663
2.552428
1.260651
1.631655
1.741461
1.781593
1.339785
1.449783
1.552069
1.752455
1.415283
1.688522
1.567428
1.553297
1.630917
1.241677
1.429503
1.514340
1.444898
2.088978
1.906589
1.415718
1.483177
2.161388
2.067646
2.045590
2.107198
2.260334
1.760807
2.286695
2.181076
2.045832
1.821706
2.164806
2.473440
2.498926
2.917453
2.759384
1.984213
2.342073
3.482891
2.216641
3.580296
3.046597
3.372686
3.618989
1.638441
0.523493
0.571979
3.375099
2.310856
2.879230
2.251141
0.912076
2.588844
2.452607
1.342514
1.393947
1.574405
1.619743
1.545483
1.381929
1.557060
1.678467
1.620345
1.609229
1.919529
1.786475
1.952902
1.805894
1.932586
2.017229
2.062895
2.119197
2.102699
2.033483
2.076066
1.618708
2.244784
2.096054
1.832877
2.007360
1.990462
1.611660
1.896139
1.875776
1.361226
1.952233
2.707013
2.131234
2.230056
2.617040
2.690377
1.895736
2.754265
1.961497
2.426812
2.474400
2.489949
3.697664
2.737191
2.450590
3.570989
2.185584
2.246888
2.065466
2.733042
2.890818
2.995729
2.743485
2.536374
2.776108
0.705828
0.653135
0.570904
1.045028
1.173900
1.220240
2.096391
2.346208
2.442168
1.373268
1.222731
2.543088
2.177868
2.144747
1.901467
2.027723
1.779553
1.823339
1.868025
1.470100
1.365343
1.521101
1.432011
1.435376
1.581198
1.554402
1.259142
1.284294
1.408463
1.223049
1.840448
1.945490
1.817554
2.031973
1.518934
1.420581
1.457013
1.976423
2.050685
1.996329
1.970859
2.115592
2.037906
2.141547
2.231103
2.177696
2.326860
1.848882
1.875078
2.899330
1.874856
2.328739
3.679900
2.805570
3.424745
2.417528
3.012183
3.132678
2.693465
2.750880
2.676222
2.930417
3.387981
3.029097
2.341573
0.710471
2.571938
0.703257
0.792736
0.680505
2.297834
2.315683
1.918501
2.048562
1.911104
1.559028
1.455984
1.622399
1.614873
1.219913
1.304773
1.319354
1.578238
1.636696
1.587978
1.452260
1.545671
1.739125
1.937427
1.385997
1.906065
1.526864
2.261137
1.951008
2.344930
2.322840
2.220150
1.547914
2.230548
2.083479
2.056869
2.192972
2.300810
2.277248
2.228275
1.543892
1.841285
2.484679
2.071232
2.320729
2.582314
2.432599
2.256404
2.355856
2.481710
2.175269
2.234706
2.846205
3.087524
2.731214
3.581761
3.187235
3.374728
3.435106
2.894425
0.776094
2.175479
1.740025
1.270445
1.759267
1.974593
1.636862
1.592155
1.306592
1.713754
1.643872
1.445661
1.699752
1.230327
1.549006
1.609179
1.923637
1.386154
1.900228
1.828691
1.919436
1.656027
1.849448
1.881292
1.788161
2.020769
2.053278
1.771784
1.883978
1.935430
2.049779
2.074191
1.758482
1.831574
1.213526
1.387448
0.919982
2.172033
2.244144
2.002003
2.290591
2.294811
2.263744
1.862026
1.560125
2.910794
2.212154
1.938926
2.517949
3.427971
3.450080
3.018368
2.398762
2.492502
2.492502
2.065466
3.182481
3.176787
3.069445
2.480058
3.196266
0.742544
2.198936
0.890653
2.183574
1.153680
2.204265
1.213937
1.760921
1.901600
2.094079
1.981366
1.282061
1.214139
1.826442
1.250283
1.641486
1.664149
1.274281
1.604729
1.635441
1.447611
1.345777
1.220169
1.246459
1.382832
1.487495
1.719715
1.322461
2.030752
1.435777
1.531096
1.597309
1.892142
1.698199
2.015829
2.015549
2.233649
1.934776
1.711532
1.660095
2.088146
2.001656
2.402469
1.995136
2.310952
2.726232
2.001440
2.878311
2.065518
2.791729
2.432815
2.546958
2.644534
3.066132
3.312131
3.136381
3.328517
3.252316
3.131531
1.122570
1.050545
2.260162
1.156071
1.275727
1.509611
1.413540
1.218676
1.826177
2.123320
1.839972
2.150655
2.134531
1.682914
2.183387
0.967134
2.287359
2.032222
2.299015
2.443846
2.606992
2.396484
1.791508
1.799535
2.074957
2.074957
2.828562
2.104545
2.762932
3.545010
3.410764
3.653049
3.040963
3.014739
2.673755
2.733042
2.684301
3.391686
3.094527
0.784799
2.639469
2.277321
2.447243
1.245628
1.269536
1.818235
1.339012
1.328210
1.277092
1.492767
1.703390
1.499823
1.269276
1.868526
2.018492
1.824673
1.784102
2.131305
2.032354
1.723668
1.688713
2.119616
1.818439
2.302247
1.699170
1.794565
1.617105
1.854287
2.032338
2.320133
2.234303
2.302485
2.259246
3.472702
3.452341
3.537958
2.709690
3.471843
3.479770
3.574912
3.002911
2.580568
3.327045
3.411515
3.506685
3.387141
3.014867
2.252353
0.880062
0.959900
0.900849
2.549160
2.341432
1.960534
2.104320
1.335511
1.365318
1.610574
1.474907
1.722647
1.265665
1.328795
1.580894
1.762357
1.442149
1.337496
1.212922
1.604285
1.701501
1.891501
1.785280
1.836580
1.781807
1.814800
1.836369
1.938288
1.821888
2.182212
2.090146
2.261570
2.288762
0.966108
1.887202
1.992779
1.934978
2.226372
2.528338
2.755358
2.933467
2.528293
2.130131
2.470614
3.262065
3.214762
2.479526
3.003126
2.725142
3.221141
3.570920
3.096850
2.817931
2.829448
3.041915
3.014867
2.962484
0.975231
2.165956
2.250757
0.675965
2.009351
2.288886
1.198079
1.337043
1.641405
1.489500
1.461157
1.738955
2.136160
1.780787
1.796018
1.839894
1.803084
1.072925
1.443153
2.369423
2.408482
1.984771
0.888378
1.949987
2.010887
1.936162
1.622855
2.374358
2.588474
1.741887
2.017601
2.668369
2.500559
2.234303
2.812009
2.677319
2.737258
2.886062
2.909852
3.005069
3.300081
2.851348
2.636619
3.246347
3.069770
0.829109
0.808999
1.157782
2.318945
1.262136
1.187560
2.255341
1.361951
1.412359
1.433345
1.267415
1.284627
1.871685
1.429998
1.459374
1.455001
1.624338
2.175518
1.843585
1.895417
2.209163
1.995149
2.206445
2.501108
1.939153
0.982771
2.489452
2.668261
2.413899
2.703644
2.528293
2.364986
2.621524
2.264462
2.187931
2.615898
3.329559
3.139545
3.020770
3.291041
3.244257
2.356215
0.955901
2.568959
2.454044
1.152071
2.265656
2.019944
1.218491
1.550769
1.284129
1.341412
1.522265
1.493208
1.470287
1.610214
1.552462
1.293234
1.927250
1.981279
1.725214
2.030182
1.831903
1.926231
1.569428
2.471619
1.670200
1.764830
2.339613
2.506310
1.914883
2.096372
2.037089
2.597357
2.230670
2.234265
3.581085
2.817612
2.644753
3.331874
2.643241
2.965965
2.568538
2.239579
2.285825
2.387015
1.018488
1.052935
2.452746
1.213414
1.237631
1.852535
1.255369
1.821648
1.620469
1.269818
1.532750
1.630649
1.416836
2.106249
1.868298
1.875603
1.791557
1.958604
1.882706
1.895417
2.078151
2.388249
2.540707
2.064062
2.618938
2.552094
2.371764
1.785203
2.248228
1.951351
2.399287
3.055846
3.369865
3.449803
3.360147
2.759969
2.727948
2.902400
1.062428
0.716912
2.567340
2.397779
1.878699
1.781728
1.950836
1.715253
1.924760
2.116635
1.641089
1.458111
1.176108
1.219029
2.210480
1.878770
2.035162
1.947016
2.011610
2.010268
1.940101
1.523878
1.564914
1.814108
2.004432
2.066921
2.210704
2.491612
1.549424
2.450589
2.561964
2.551058
2.574200
2.260726
2.627615
1.711166
2.430035
2.110850
2.423246
3.014721
3.328560
3.340266
3.584768
3.226178
2.629732
2.669384
2.621412
2.605041
3.071835
2.749184
3.185703
2.418820
2.198934
2.153673
1.336112
1.273080
1.625122
1.904357
1.889809
1.788143
1.299515
1.553328
1.506896
1.564488
1.311673
1.487872
1.891343
1.500848
1.845805
1.565831
1.541976
2.012123
2.059921
2.224099
1.867947
2.170161
2.546768
1.019393
2.514346
2.637310
2.597375
2.691334
2.706055
2.528590
2.589324
2.527864
2.459652
2.821487
3.479553
2.777066
2.593543
2.975520
3.090356
3.291238
2.268252
2.346866
2.511495
2.226949
2.167384
2.297992
2.169707
2.164239
1.982004
2.111300
2.069756
1.251901
1.252950
1.495463
1.796044
1.358159
1.852535
1.584135
1.491703
1.592250
1.160164
1.644926
1.375053
1.247608
1.775977
2.105126
1.841514
1.484025
1.706345
1.859604
2.291077
2.483046
1.279148
1.555212
2.149179
2.137712
2.171706
2.389775
1.947689
1.627110
1.885339
2.182346
1.897840
2.693632
2.292669
2.879510
2.878011
3.381145
3.408272
3.393154
3.310080
2.863277
2.903964
3.482210
2.573823
2.866079
2.594438
2.646570
3.299551
2.926776
1.129483
0.874172
2.114260
2.218278
2.133083
1.905501
1.529316
1.908167
1.466977
1.642542
1.216819
1.165124
1.492706
1.917418
1.979267
1.948380
1.863580
2.109313
2.078675
1.936226
2.253960
2.214003
1.729124
2.152383
1.553115
2.229574
2.258743
2.160541
1.973896
2.492394
2.359076
2.595729
1.578773
2.167091
2.019175
2.655106
2.705525
2.687289
2.718395
2.103598
2.222609
3.091626
3.235182
2.617294
3.359659
3.331982
2.565523
1.051382
2.613981
2.248828
1.269508
2.185349
2.045091
1.957856
1.535884
1.663033
1.473400
1.368390
1.656267
1.888744
1.870272
1.687531
1.575001
1.680667
1.924348
2.359217
1.972935
1.726941
2.137183
1.924904
2.140707
2.100282
2.245386
2.548223
2.453048
1.326632
1.850154
1.898104
1.819191
1.829060
1.988382
1.881307
1.693563
1.840516
1.696326
2.226701
2.329852
2.786351
2.623729
2.687623
2.589324
3.096233
3.199286
2.911089
3.045991
3.163646
3.323136
3.181288
2.202306
1.071808
1.093178
1.164678
2.442832
2.647570
0.980591
2.197056
2.303320
2.029317
2.040408
2.054400
1.256917
1.430480
1.525264
1.260549
2.018039
1.969744
1.924469
1.667750
1.601387
1.525493
1.826640
1.913875
2.309201
1.905213
1.739983
2.311883
2.481052
2.378779
1.802645
2.705525
2.071007
2.162551
2.654475
2.628332
2.956910
3.012887
2.716372
3.229091
2.866144
3.299551
2.282004
1.233135
1.196743
2.430717
2.428896
2.215255
2.219474
2.371997
0.600851
2.197070
2.100126
2.147560
2.182457
2.090404
2.187740
1.385970
1.254068
1.567889
1.387714
1.973433
2.062713
1.838049
1.618159
2.073551
2.429275
1.715962
1.803079
1.714067
1.719038
2.629851
1.648219
1.817527
2.384324
2.613361
2.827669
2.775973
3.005697
2.744008
3.139754
2.559309
3.198090
3.269075
3.240716
3.115787
2.196732
2.473240
0.970817
2.193602
0.908616
2.068343
2.117906
1.339955
1.736092
2.021970
2.163816
2.327232
1.789028
1.648590
2.404550
2.311883
2.298452
2.321975
1.570170
2.258540
1.487262
1.542367
1.480209
1.395628
1.143294
2.491037
2.581820
1.676426
1.734832
1.746210
2.114415
1.807985
2.622937
2.735470
2.176457
2.153254
2.735470
2.740863
3.286332
3.181886
3.138705
3.159324
2.778416
3.377268
2.859163
3.111299
2.886294
3.057331
3.111054
3.064360
2.993728
1.069694
1.091786
2.224367
0.987847
1.235219
1.247983
1.146004
1.214363
1.274547
1.323193
1.946734
1.634779
1.619859
1.317832
1.504826
2.294423
2.389987
2.358455
1.928316
1.355868
1.337149
2.206839
2.388807
1.974699
2.213840
2.447856
1.766580
2.619576
2.214380
2.846936
3.019817
3.012934
2.307057
2.794759
2.513299
3.038479
2.543835
2.905488
2.700537
3.198057
3.136514
3.054964
3.057331
2.291840
1.144659
2.592701
1.034907
1.027133
2.155623
1.922375
1.990066
2.132133
1.165088
1.143291
1.187790
1.391456
1.224852
1.495559
1.963723
2.255008
1.699652
1.638414
1.702367
1.659152
1.673428
1.740265
1.701825
1.895902
2.460413
1.527121
1.917086
2.027221
1.211664
1.905246
1.656010
1.594931
1.644499
2.088237
1.713045
2.663484
1.796634
2.312034
2.625890
2.122601
2.694219
2.819507
2.758051
2.694219
2.302176
2.771541
2.797905
2.255516
3.237970
2.923480
2.770337
2.815720
2.501359
3.122285
2.554490
2.742613
2.504802
2.195758
1.994362
2.091552
2.222866
0.768471
1.255099
2.023743
2.177694
1.935257
1.899123
1.348138
1.406627
1.371574
1.564063
1.257406
1.621891
1.454270
1.668830
1.917127
2.545362
2.442418
2.528547
1.951606
2.261766
2.202494
2.707105
2.999166
3.211831
3.220443
3.040617
2.950158
2.587208
2.847219
3.151747
3.200943
3.091145
2.445655
1.208116
2.016132
1.869902
1.355999
1.225946
1.883295
1.715647
2.179080
1.703188
1.641945
1.521378
1.977912
2.564976
1.631655
2.438148
2.560962
2.450790
1.817126
2.339060
2.317036
2.682096
2.783521
2.712614
2.859426
2.676099
2.890224
2.961999
2.286040
2.443487
3.046504
2.866295
2.705305
3.085982
3.132053
2.713425
2.228509
2.679483
2.365526
1.246882
2.642326
2.620424
1.100275
2.281731
2.174218
0.959608
1.084769
0.995868
1.213426
0.927462
0.828210
2.158592
1.890071
1.292886
1.829049
1.640272
1.674573
1.768675
1.654583
1.910692
1.701463
1.657683
1.872785
1.665109
1.581299
1.726340
2.412865
2.481123
2.355924
2.073825
2.297365
2.300910
2.471758
2.378691
1.871869
2.440662
2.075258
2.222242
2.371073
2.688650
2.719069
3.024799
3.163950
2.896303
3.082740
3.057668
1.115532
1.131065
1.155926
1.324427
1.248809
2.215618
2.099205
2.019235
2.395061
2.107543
2.237848
1.942667
2.041510
0.731856
1.289478
1.670004
1.354903
1.426173
1.310208
1.917661
1.981244
2.060934
2.249027
1.569831
2.246354
1.795012
1.723857
2.011638
1.540459
1.720988
1.684181
1.711895
1.387492
1.662791
1.276420
1.528294
2.103724
2.276251
2.383338
2.347474
1.978983
2.528547
2.158311
2.095942
2.515518
2.439878
2.778899
2.836886
2.858900
3.041713
2.889489
3.013487
3.051468
2.480881
3.018566
3.027002
2.998073
1.097646
2.476488
2.405723
2.093180
0.857107
0.736830
0.918436
1.942223
1.837792
1.272669
1.307371
1.590054
1.335811
1.379471
1.670588
1.651841
1.721078
1.502993
2.096091
1.481916
2.228054
1.836856
1.808443
2.012301
1.678141
1.835830
1.717403
1.497287
1.449041
1.889088
2.156991
1.951595
2.154196
1.204736
2.497471
2.053459
2.064256
0.983591
2.261230
2.100362
2.168988
2.271327
2.343080
2.509552
2.574804
2.464823
2.438298
2.785841
2.813652
2.773881
2.954810
2.998250
1.092853
1.051077
0.993067
1.162294
1.264733
1.180437
1.029186
0.945848
2.406018
1.143793
1.120794
2.082826
0.741210
1.164509
1.175368
1.940070
1.895444
1.461488
1.238426
1.195716
1.316948
1.663902
1.306842
1.542603
2.351302
1.978576
1.825391
1.761487
1.785629
1.633991
1.711378
2.246491
2.365980
2.325557
2.295760
1.679850
2.324590
2.106889
2.300336
2.325231
2.440399
2.392446
2.415106
2.594197
2.706099
2.397076
2.610224
2.252802
2.184900
2.803937
2.769082
2.305804
2.319528
2.862828
2.889489
2.515744
2.616759
2.558460
3.050156
2.924963
3.025233
2.988053
2.781485
2.989684
1.035504
2.292884
2.384245
1.047974
1.256520
1.410311
2.174324
2.297805
2.440803
2.597035
0.833967
1.953462
1.630097
1.470823
1.320458
1.503390
1.470520
2.071068
1.812429
2.071068
1.498842
1.653017
2.197714
1.863527
1.754567
1.753187
1.551020
1.833143
2.191671
2.303446
2.498995
2.220881
2.349827
1.612446
1.907882
1.971587
1.577567
1.928645
2.227432
2.283652
2.467713
2.685564
2.821727
2.741374
2.674664
2.861807
2.764044
2.517464
2.569093
2.566505
2.560210
1.182968
2.335410
2.289288
1.379729
0.827283
1.161119
2.184955
1.996945
1.988875
1.942971
1.220193
1.607290
1.737415
1.814353
1.588487
1.637303
1.933623
2.114623
1.348124
1.909383
1.756225
1.680470
1.799786
1.739806
1.778525
2.009291
1.829423
1.930757
2.023636
1.966664
2.032358
1.962544
1.352228
1.506564
1.932193
2.051829
2.173763
2.082569
2.105152
2.297415
2.024832
2.073779
2.477489
2.535096
2.607598
2.539050
2.648896
2.732770
2.677931
2.328906
2.445301
2.850864
2.614069
2.802284
2.472868
2.856344
2.955463
2.736411
2.595645
2.575210
2.626648
2.971722
2.914110
2.208631
0.637228
1.925695
1.915384
1.535018
1.597146
1.552857
1.736004
1.839008
1.891771
1.886770
2.059855
1.675002
1.714540
1.652094
1.703460
1.753187
1.906435
2.190710
2.190416
1.775984
1.342017
1.887634
2.217663
1.989489
2.069524
1.006430
2.054483
2.119324
2.152317
2.017451
2.153687
2.398969
2.261543
2.346750
2.501979
2.606756
2.599383
2.309664
2.803027
2.620651
2.650458
2.803659
2.814503
2.559139
2.563391
2.733489
2.272053
0.968365
1.227548
0.928238
1.310783
1.016123
2.509713
2.434023
2.458122
2.211535
1.154521
2.033786
1.974088
1.926757
1.249880
1.151620
1.354166
1.832463
1.392531
1.597688
1.298678
1.638433
1.392359
1.309958
1.697452
1.833765
1.404935
1.714459
1.806988
1.933416
1.927412
1.886490
2.017219
1.995467
1.848340
1.923346
1.782613
1.883668
1.479021
1.219325
2.025747
2.083514
1.219325
1.813583
2.213647
2.203303
2.083730
2.052964
1.682928
1.718729
2.072195
1.917215
1.984520
0.858725
2.141921
2.177495
2.228348
2.285802
2.158476
2.524492
2.429710
2.464540
2.546250
2.292238
2.581385
2.462961
2.849890
2.730159
2.994129
2.487032
2.632258
1.007466
0.957491
2.337717
2.376645
2.373919
2.358312
2.073484
1.925876
1.925199
1.735379
1.346640
1.508903
1.742223
1.645139
1.514095
1.804160
2.079880
2.187670
2.085082
1.695486
1.794693
1.956757
2.120821
1.796887
0.989436
1.980173
1.957758
1.155887
1.969034
2.243454
2.359391
2.500948
2.237923
2.534668
2.193242
2.875516
2.757730
2.563947
2.518027
2.838002
2.572086
2.608199
3.011188
2.908224
2.769172
2.808706
0.925850
1.041735
0.996964
0.886067
0.881907
0.715336
0.659222
0.729509
2.058567
1.875685
1.241990
1.399278
1.676726
1.888064
1.746709
1.349574
1.609203
1.694212
2.135574
1.971632
2.059962
2.233069
0.853893
2.040887
2.157708
2.342581
2.432706
2.440987
2.181364
2.150405
2.555388
2.242862
2.402846
2.501214
2.704053
2.479723
2.544664
2.479001
2.576911
2.218016
2.239018
2.317956
1.274111
1.291264
1.209268
1.919930
2.209253
1.922053
1.219201
1.969451
1.321725
1.419980
1.505715
1.412947
1.101848
1.151583
1.665608
1.737755
1.608124
1.754316
1.936622
2.036553
1.902812
1.764879
1.890756
1.826101
2.081252
2.155733
1.940066
1.982912
2.066880
1.264081
1.812669
1.160247
2.156396
0.936639
2.134411
1.956130
2.038566
2.023255
2.336779
2.268367
2.274558
2.778075
2.662022
2.554602
2.531042
2.538225
2.738900
2.929890
0.847546
0.825451
2.146394
0.621414
1.010759
0.982993
1.179450
2.081818
1.570734
1.652327
1.526794
1.666214
1.599458
1.384522
2.004393
1.596887
1.737261
2.100342
2.021393
2.116679
1.639523
2.011513
1.837697
1.739078
1.864451
2.098006
2.022038
1.790317
2.041894
1.903182
1.802232
2.141869
1.819705
2.014776
2.156848
2.156396
2.122983
2.161289
2.284894
2.215725
0.696581
2.523887
2.654025
2.725646
2.624386
2.338202
2.440607
2.448315
0.900957
0.993566
0.982255
0.731685
1.071025
1.091115
2.383518
1.285074
2.340542
1.346696
1.834397
1.471665
1.399964
1.191478
1.223608
1.446114
1.494248
1.537848
1.577304
1.733019
1.293728
1.662210
1.887541
1.342301
1.552862
1.417705
2.194105
1.860538
1.802369
2.153888
1.845840
1.269426
1.911636
1.757986
1.905702
1.909202
1.953728
1.931432
2.005459
1.842668
1.970359
1.924501
1.730498
1.856042
2.098269
0.923055
0.922371
2.287350
2.152467
2.137039
2.100621
2.206943
2.352665
2.487602
2.326073
2.330700
2.395737
2.546381
2.698328
2.505047
2.383596
2.367451
2.226093
2.234429
2.250365
2.044466
2.201422
1.233110
1.866106
1.523129
1.677076
1.148589
1.574818
1.273541
1.116182
1.386118
2.001468
1.940627
1.804288
1.381418
1.465312
2.014506
1.928944
1.881133
1.798054
1.724616
1.922392
1.833262
1.768286
1.189680
2.044989
0.864202
1.724335
2.234848
2.205583
2.093911
2.161184
0.667465
2.322262
2.394625
2.548900
2.545540
2.513165
2.411814
2.568120
2.542920
2.546381
2.712425
2.837915
2.496397
2.728792
2.160499
1.007103
1.025684
0.609377
2.117683
1.204118
1.247319
1.400761
1.707007
1.791961
1.371920
1.297717
1.481331
1.151087
2.056323
1.996082
1.276835
1.336427
1.741855
1.717509
1.738192
1.967463
1.778461
0.927914
2.133183
0.762922
2.205825
2.197164
2.165426
2.398041
2.153632
2.245835
0.659031
2.321321
0.688599
1.274925
2.332789
0.915525
0.989732
2.201635
0.657162
1.009876
1.321646
2.297823
2.383518
1.255519
1.798037
1.899891
1.154843
1.094946
1.473740
1.779186
1.609353
1.406026
1.760729
1.759883
1.677393
1.929844
1.728688
1.720179
1.252316
1.231991
1.689481
1.716349
2.089071
1.955706
2.027069
1.986444
1.787784
1.940419
0.843539
1.193214
2.186067
1.252167
0.731288
2.245835
2.179672
0.700055
2.458461
2.233589
2.412000
2.364799
2.446319
2.364799
2.346792
2.187519
2.275274
1.162214
1.181983
2.448736
2.581226
1.111614
2.196859
0.777509
1.962464
1.067348
1.927980
2.287435
1.354762
1.244485
1.934565
1.633449
1.609020
1.058195
0.954332
1.755455
1.639351
1.695836
1.666108
2.059706
2.114127
1.190493
2.123564
1.099204
1.841945
2.107831
2.213827
2.227523
2.329460
2.218763
1.344412
2.232162
2.282639
2.365980
2.285410
2.210191
2.446419
2.479688
1.577471
0.588073
1.066302
2.052123
1.928093
1.891389
1.339385
1.176211
1.137569
1.151477
1.125526
1.092324
1.202303
1.613214
1.292833
1.280603
1.605147
1.945686
1.831244
1.662975
1.712160
1.715461
1.333733
1.728339
1.267562
1.163396
1.996723
1.769447
1.765844
2.085342
0.805717
1.838860
2.169120
1.187763
2.240160
2.249951
2.238318
2.211514
2.212304
2.329906
1.039393
2.027894
2.506891
1.143314
1.469080
1.762057
2.124221
2.062828
2.258159
2.251652
1.351679
1.361255
0.713923
0.667197
0.654624
1.133103
1.047929
0.672624
0.725260
1.996827
0.841961
1.184780
1.986501
1.074071
1.044378
1.140048
1.365966
1.360209
1.428694
1.522500
1.652902
1.382054
1.261590
1.336711
1.797864
0.943856
1.285430
1.739672
1.698323
1.049669
1.057412
1.195841
1.867105
1.150935
0.787996
2.291843
2.210968
2.156982
1.380140
1.229751
1.391032
2.234190
2.136507
2.245042
2.359669
0.993318
2.259341
2.367118
0.771050
1.280271
0.737085
2.030271
2.145901
1.014136
1.440742
2.444646
2.436824
0.895012
0.889074
0.756122
2.163573
2.293625
0.658317
1.262934
1.326053
1.216351
1.067030
1.665191
1.714989
1.415460
1.401232
1.687347
1.123782
1.441537
1.108622
1.311067
1.257921
1.256611
1.640296
1.401876
1.343913
1.102250
1.163037
1.108767
1.816736
1.837946
1.742746
1.822523
1.591971
1.960268
0.940302
1.186772
1.291008
0.869380
0.910183
1.001934
0.840219
2.122961
2.030001
0.840749
0.802248
1.915338
1.152534
2.170260
2.293119
0.770205
1.278984
1.573839
1.973347
1.937186
2.154277
2.094764
1.925151
2.010463
1.940497
1.894629
1.451531
1.458632
1.422059
1.561304
1.324382
1.478640
1.422198
1.201783
1.152100
1.302999
1.293535
1.098271
1.298974
1.571943
1.256239
1.240596
1.541377
1.004712
1.186791
1.124658
1.822722
1.798585
1.773860
1.686150
1.895216
1.078696
1.804614
1.799535
1.855083
0.908478
1.494041
1.536659
2.210676
1.266291
1.107935
1.007234
0.950656
1.317342
2.219022
1.328240
1.575772
1.589127
1.326287
1.872898
1.807431
1.118552
1.213576
1.366060
1.127051
1.075954
1.172253
1.148029
1.674500
1.368653
1.557065
1.352392
1.256159
1.476082
1.593308
1.222223
1.492490
1.436465
1.600900
1.464509
1.392194
1.897199
1.635572
1.745891
1.799264
1.921004
2.011559
1.859124
1.795392
2.005374
0.819681
1.031498
0.789860
0.875772
1.536659
1.526872
2.111425
0.836120
1.088394
1.169503
1.484742
1.529949
1.884047
1.629566
2.307114
1.448798
1.372673
2.043244
1.398040
1.354665
1.346926
1.999277
1.762856
1.943638
1.804626
1.409465
1.439842
1.348672
1.510609
1.445786
1.410216
1.376023
1.433599
1.493404
1.414026
1.269224
1.226438
1.637461
2.026085
1.587312
2.053599
0.953065
2.020111
2.134447
2.001929
1.466042
2.200796
1.997417
2.061113
1.940847
1.465991
1.438239
1.425111
1.365852
0.979702
0.956656
0.984299
1.031513
1.283603
1.090110
1.057789
1.382518
1.404671
1.365772
1.315531
1.243209
1.262883
1.422421
1.349683
1.399306
1.149629
2.000312
1.898874
2.083549
1.878921
2.147357
1.951631
1.888513
1.867090
2.059202
1.874681
1.860786
1.877036
1.549000
1.305448
1.381321
0.943113
1.201326
1.327127
1.830476
1.952210
1.720744
1.727738
1.708433
1.591232
1.817603
1.906340
2.024493
2.064861
1.935684
1.959071
1.745071
1.942726
2.108545
1.955946
2.013831
1.677958
1.977480
1.452845
1.470824
1.955745
1.950667
1.937253
1.462097
0.965248
1.097024
0.906034
1.119947
1.080110
1.646098
1.820017
1.806305
1.633424
1.880971
1.983291
1.834712
1.398968
1.359269
1.408926
1.012878
1.683014
1.735941
1.393864
1.883388
1.982707
1.821232
1.573801
1.888352
1.322546
1.724968
1.690230
1.616858
1.727360
1.809361
1.853528
1.726171
1.887985
1.561290
1.665094
1.634653
1.717447
1.729119
1.636965
1.337463
1.565026
1.521125
1.415475
1.471853
1.333037
1.342597
1.391721
1.311816
1.325137
1.309898
1.492732
1.560916
1.542275
1.498501
1.534718
1.459286
1.376426
0.721769
0.721565
0.757212
0.747695
0.927157
0.890653
0.914366
2.235564
2.242177
1.812770
2.766538
2.142278
2.371276
2.248828
