7502 1 1
1.804634
2.106522
1.510372
2.149762
2.428663
1.821203
2.003552
2.517129
1.843555
1.496060
2.023021
2.833431
2.428169
2.497899
2.227986
1.407250
2.142476
1.735621
1.939180
2.605113
2.384311
1.459565
2.236743
1.074130
2.190704
2.181185
3.075628
2.460636
1.694842
1.881609
1.685021
1.779077
2.467638
2.738345
2.685573
2.145535
2.955178
2.630752
1.931810
2.274935
2.007597
1.238353
1.446816
1.900234
2.275769
2.159628
2.288484
1.584083
1.338115
1.368684
1.886494
3.075908
2.530036
3.033624
3.129792
2.242009
2.602457
2.950129
2.487661
3.146571
3.288121
2.210912
3.228331
2.863181
3.274243
2.752204
1.251641
1.249965
1.310714
3.125381
2.711360
2.519630
1.219114
2.269576
1.330758
1.851549
2.501945
2.371124
2.198102
3.418788
2.645960
2.012690
2.073634
1.194813
2.950454
3.424269
3.051510
3.069701
3.213627
1.284748
3.770747
3.553924
1.406778
3.525519
2.195284
3.186669
2.039638
2.015499
2.318601
1.647889
2.137412
2.014506
3.065768
1.973085
1.580009
1.559680
1.477002
1.675379
1.584790
1.407044
3.600311
1.375545
2.707088
3.667175
1.321360
1.820307
2.240111
1.729347
2.296525
2.034228
2.808318
3.024075
2.287048
3.299857
2.224196
2.655901
2.165569
1.632966
1.573604
2.539590
3.526906
1.746800
1.232110
1.348354
1.429688
1.936555
2.589016
3.057494
3.627614
3.105863
2.434720
2.346388
1.452856
1.483908
1.423937
2.805676
2.213959
1.071780
1.382537
2.180351
1.463551
1.584044
3.027905
3.262446
4.005435
1.556672
1.820073
2.910600
2.205922
3.093185
1.265353
1.731460
1.173237
2.369652
2.580419
2.130196
2.309645
3.816412
1.261668
3.509512
3.479563
2.464588
2.337884
2.350089
2.608792
2.495614
3.035632
2.927204
3.673448
2.024734
1.365578
1.630342
1.380941
2.695944
2.821575
2.350780
3.344912
1.416679
1.611072
1.541965
2.796203
3.122447
3.138902
1.971020
1.513012
1.150085
2.260174
2.567433
2.955465
1.653739
1.564245
1.945734
2.420788
2.249258
1.057789
3.568033
3.399578
3.321416
2.819992
2.681827
2.829269
2.967658
3.194681
2.035287
2.999289
3.424378
3.603261
3.042527
1.474661
1.659698
1.591839
2.114924
2.870737
2.165479
2.598462
2.795180
1.439518
3.212896
3.166101
2.595141
0.956255
2.588318
3.519101
0.987283
2.227290
1.085285
2.431954
3.801541
3.236639
3.446809
2.120775
1.599932
3.210299
1.886185
2.399423
2.716014
1.425493
3.050985
2.488171
3.114220
3.618778
2.412196
2.759970
1.963886
1.908045
1.026108
1.899954
2.903859
2.928611
1.838669
1.756639
1.911283
2.761746
3.424939
3.027065
2.517503
2.475693
1.446774
1.434346
2.067581
2.250761
2.939070
3.027413
3.104798
1.482896
1.637719
2.344244
2.538185
1.653295
1.000625
3.761512
2.663170
1.849517
2.728330
2.975999
3.418123
1.663057
2.384533
3.128530
2.970537
1.516377
1.481002
2.799043
3.063067
3.131917
2.472838
1.730197
1.856235
2.342012
1.277078
2.908274
3.474715
1.991841
2.475834
2.412755
2.107731
3.164941
2.644686
1.813825
2.795254
1.902997
1.503050
2.350836
2.617560
2.925302
2.914650
1.340784
2.423368
3.150319
2.878718
2.857968
1.643216
2.630506
3.543144
1.899145
1.591870
1.883405
0.855723
2.244224
1.742066
1.886129
1.815388
2.376096
1.951585
1.857204
2.597969
2.124283
2.413761
2.791486
1.331744
1.605256
2.571283
2.515633
1.820753
2.189317
2.478296
2.677681
1.423081
2.216640
3.283974
2.827732
2.525081
2.131446
1.806485
1.416985
2.384497
3.051039
1.668066
2.399825
2.632576
2.519531
2.114882
2.364171
1.886163
1.600928
2.666364
2.270257
2.936177
1.890358
1.931787
2.582526
2.553528
2.776878
1.513679
2.266049
2.909694
1.214160
2.084792
1.935602
1.726980
2.474947
2.189219
1.902347
2.463239
2.522273
2.797068
1.672499
0.854894
2.035803
2.351235
1.749271
2.070979
2.054715
1.340866
2.274517
3.260716
2.226286
2.770764
1.669853
1.698366
1.984809
2.490369
1.448875
1.901055
1.830609
2.066015
1.837739
2.526383
1.971505
1.542654
1.932209
2.155014
2.122379
0.986104
2.022336
1.962324
0.892884
2.423651
2.071044
1.826131
2.089451
1.660292
2.323498
1.859433
2.067304
1.824643
2.800033
1.681479
2.691048
1.560017
1.710809
2.599284
1.759422
1.934163
1.744748
3.215096
0.847043
2.158087
2.205927
1.874562
1.617874
1.595974
1.945038
1.790990
1.717076
2.767105
2.851339
2.055597
1.821804
2.167421
2.240793
1.809937
1.416849
1.922829
1.493459
2.141917
2.305740
2.068890
2.307303
2.162805
1.227656
2.228860
1.818895
1.610481
1.747158
2.064092
2.466249
2.818672
2.215381
2.451690
2.059706
1.940442
1.511074
2.617253
2.854092
2.081454
2.256300
2.612180
1.495924
2.454667
2.117547
1.432202
2.128914
2.251495
2.382014
1.508016
1.450571
2.382014
1.903691
1.600873
1.719310
2.627994
1.805113
1.688425
2.633558
1.296265
2.333088
2.228957
2.419711
2.159164
1.507028
1.054650
1.118630
1.473201
1.564471
2.238914
1.770593
1.513404
2.026651
3.019826
3.239336
2.459472
1.446506
1.249423
0.669643
2.158579
2.228957
1.276571
1.455653
1.393500
1.599907
1.163124
1.928888
1.298165
1.777851
1.918519
1.708394
1.662316
2.237231
1.941730
1.229902
1.664224
1.387407
1.542702
1.654726
2.671304
2.669110
2.835710
2.383744
1.369269
2.952145
2.438050
1.191506
2.344940
1.622200
2.024398
2.712332
1.156935
1.535584
1.497426
1.695763
2.473899
2.497815
1.877889
1.646879
1.584315
1.845347
1.156935
1.720120
1.712417
2.669110
0.581327
2.538207
1.721437
1.709978
1.511932
1.742131
1.932341
0.730865
1.438830
0.992851
1.197466
2.829572
2.503015
1.776383
1.505033
3.042178
0.965216
1.464131
1.593332
1.618936
1.709585
1.489367
1.597660
1.571144
1.435148
1.952897
0.725559
1.438830
2.876212
1.092297
1.389899
1.533931
2.018414
2.705466
1.230666
1.162522
1.648964
1.310787
1.363148
1.457305
2.115087
2.198948
2.799635
1.897445
2.279066
1.840279
1.593480
1.573164
2.550550
2.538488
1.094572
1.677808
1.157120
1.551584
1.230443
1.626500
1.508555
1.474091
1.323138
2.828537
2.564977
0.740353
1.684659
1.297702
1.086302
2.817621
0.890331
2.553793
2.352342
1.563259
2.592701
1.164916
1.100617
1.816529
2.406490
1.423885
1.103427
0.939355
2.104719
1.102707
2.512322
2.317815
1.371148
2.454677
1.156094
1.871989
1.706276
1.207325
1.345598
1.618878
1.583681
2.622373
2.865408
2.744500
1.671511
2.231355
2.374688
2.304539
2.649753
2.682855
1.802465
1.371038
2.072199
1.506134
1.718815
2.691207
1.304346
1.602899
1.377900
1.249616
1.919571
1.678018
1.689041
1.573266
1.757513
1.738907
1.404941
1.788652
1.778524
1.907895
1.725943
1.972023
1.843878
1.679051
1.429722
1.702143
1.557534
1.113628
1.491850
1.611571
1.061964
1.483976
1.507843
1.071135
1.445752
1.391185
1.541536
1.305640
1.243907
0.984899
1.413941
1.226653
1.764435
1.714091
1.189823
1.564067
1.834880
1.545513
1.696336
1.484659
0.964991
1.709340
1.836740
1.657660
1.458861
1.718374
1.377632
1.506785
1.068074
1.243268
1.786089
1.912857
1.453134
1.495083
2.015705
2.140110
1.239723
1.599060
1.684657
1.685843
1.924019
1.374737
1.268273
1.603417
1.389344
1.595420
1.944410
1.305737
1.229182
1.256821
1.604446
1.555138
1.700364
1.268642
1.023606
1.527057
1.405369
1.525554
1.669292
1.464503
1.078118
1.135557
1.968500
1.286036
0.936418
1.132160
2.401738
2.401738
1.660672
2.285038
1.296067
1.389609
1.247099
1.050021
1.738616
1.343814
1.589198
1.499618
1.961827
2.277684
1.786934
1.966414
2.372224
2.436821
2.342208
1.357142
1.098388
1.778375
1.126203
1.794754
1.176742
1.191308
1.468940
1.048842
2.197219
1.585186
1.921246
1.808540
2.364036
2.008127
1.122567
1.233343
1.571431
1.240759
1.740855
1.099766
1.949205
1.784147
1.821203
2.252086
1.226506
1.566635
2.287447
2.439065
2.637235
2.153040
2.071362
1.941075
2.526213
2.177142
1.166865
1.937934
1.727221
1.506676
1.654366
1.341724
1.284754
1.914757
1.212568
1.744276
1.426190
2.232225
1.934791
1.990199
2.167048
1.181386
2.306766
2.140582
1.794938
2.272225
2.224789
2.678715
2.560967
2.383261
2.198895
1.946298
1.480055
1.062932
2.017201
1.277572
1.160217
1.658667
1.579947
2.282067
2.104263
1.928869
1.188999
2.396675
1.369393
2.615106
2.604760
1.897110
2.917437
1.310330
1.292555
1.759216
2.106522
1.617982
1.498839
2.379707
1.962722
2.732911
1.861458
1.920132
1.777779
2.618187
2.484146
2.377850
1.251337
1.293940
1.298755
1.334512
2.411092
1.827635
1.630713
2.133879
1.903597
2.118038
2.747280
2.763035
1.548478
1.946816
2.306465
1.327004
3.135615
2.845555
1.725504
2.423922
2.723148
2.578399
2.512645
2.093133
1.190752
1.262829
1.374910
1.251570
1.740855
1.741282
1.801323
1.875732
2.025359
2.781559
2.732911
2.502882
2.307479
3.194507
2.749537
2.361161
2.380160
2.177109
1.929795
1.783866
1.301633
1.239095
1.410193
1.421051
1.510471
2.304519
1.542147
1.810319
1.221259
2.239863
2.054522
1.933031
2.019637
2.121017
2.232062
1.991415
1.668733
3.185859
2.465002
2.104514
2.379463
2.265031
2.349392
2.086651
1.931810
1.431033
1.233213
1.289141
1.160772
1.412251
1.910844
1.124792
2.444423
1.274342
2.621439
1.831009
2.402298
2.789928
2.598303
1.993032
2.255223
1.898952
1.714350
1.478475
1.216634
1.450488
1.840379
2.693574
2.164499
1.316291
2.619506
2.957154
3.345023
2.231114
3.372846
3.008694
3.021910
2.029061
2.064888
2.518247
2.933349
2.016922
2.040906
2.276810
1.650067
1.677151
2.028496
1.440222
1.608492
1.483999
2.019373
2.053061
2.034214
1.856551
1.727324
1.834462
2.599761
2.063763
1.901692
1.827666
2.246354
2.381761
2.188845
1.928531
2.641422
2.577946
2.525617
1.972998
1.920577
2.067806
2.177835
1.218415
1.439725
1.641322
1.924923
1.885422
2.205652
1.596977
2.432244
2.477715
3.219113
2.442679
3.197524
3.106886
2.541603
2.409097
2.123649
1.361547
1.494260
1.490378
1.400497
2.504491
2.218232
2.493392
2.410076
2.134554
2.322151
2.922264
1.674939
1.817306
2.481073
1.911708
2.763758
2.976705
2.520223
2.409097
2.437900
2.282722
1.101465
1.343854
2.124800
1.841373
2.116919
1.989330
1.989165
3.203600
3.197524
2.788711
2.926412
2.356206
1.931807
1.325857
1.313315
1.060014
1.295069
1.492548
2.056391
2.142034
1.912703
2.902073
2.233973
2.955178
2.595389
2.423187
2.591373
2.043466
2.421520
2.707125
1.729219
3.229988
2.678279
3.592076
2.763102
2.829080
2.932914
2.635369
2.756241
2.606838
2.041283
2.777386
3.138146
1.253134
1.266483
1.487350
1.382106
1.452406
2.164904
2.002837
1.871388
2.313869
1.381372
2.100111
2.280260
3.005082
1.889102
3.654984
3.210044
3.545006
1.819503
3.237597
3.237003
2.828565
2.246876
3.034505
1.802162
1.197998
1.892972
2.230082
2.174084
2.087481
2.119089
2.276788
2.406162
2.174157
2.487319
2.573926
2.956112
3.328956
3.065409
1.703280
3.571284
2.687787
2.637192
2.331160
3.088943
1.814832
1.728626
1.562468
1.470794
1.858049
2.043406
1.572159
2.193197
2.227028
2.101532
2.504207
1.718576
1.942281
1.909579
3.231656
2.605819
2.426348
3.622019
2.402446
2.896858
2.863181
3.139334
3.484929
2.406450
2.130334
2.251901
2.661149
3.432185
2.074454
1.784191
2.582538
1.611152
1.368841
2.076351
2.050410
2.242334
2.743770
2.447999
3.359317
3.067494
2.825397
2.658157
3.079641
2.488433
2.983076
2.938181
2.776850
3.089085
2.546189
1.702280
1.888429
1.767424
1.638769
1.286449
1.201440
1.269171
1.279465
1.437177
1.896817
1.920958
2.162781
2.137868
2.487013
1.345071
2.372331
3.164233
1.495012
1.746356
3.453586
1.826706
3.695824
3.392965
3.357942
2.763350
2.978305
2.978305
2.709703
2.338972
1.827941
1.432949
1.512136
1.941395
2.014465
2.060205
2.175539
2.100918
2.117817
2.775091
2.820597
2.619937
2.551885
2.645960
2.213258
1.873786
1.925870
2.591223
2.919825
2.848722
3.503598
3.237683
3.384288
3.164119
2.257989
2.967373
2.922789
2.623193
1.920152
1.361031
1.342786
1.583802
1.886131
2.064974
2.328232
2.487013
2.427201
2.466664
2.745221
2.523451
3.170080
2.809518
2.476623
2.212097
2.731994
2.866536
2.465783
2.938181
2.617065
3.320362
3.064502
3.105321
1.433452
1.491543
1.292077
1.305603
1.524184
2.072843
1.967193
2.364159
2.146723
2.885455
1.608789
2.212363
1.831301
2.561493
2.498607
3.587844
2.332206
2.338852
3.421354
3.453586
2.459769
2.139124
2.593116
3.162245
3.499523
3.371886
2.503838
3.242825
2.908390
1.392070
1.278497
1.505905
1.621348
2.174464
2.377684
3.307512
3.461022
2.708821
2.645207
2.410883
2.135767
2.505296
2.461959
3.050345
2.785235
3.091096
2.248367
3.212310
1.827578
2.049701
2.013162
2.244028
1.670340
1.313279
1.637191
1.903006
2.071353
2.201186
2.231953
3.170773
2.518665
3.475471
2.200992
3.540102
2.166453
3.550950
3.009727
3.249357
2.973587
3.258457
1.336383
1.334810
1.239787
1.310630
1.441957
1.437946
1.640363
1.461409
1.404438
2.364159
1.907515
2.154863
2.397276
2.113902
2.274704
2.194284
2.851797
2.508072
1.634447
2.377573
1.720607
2.335680
3.529629
3.564106
2.441723
2.556234
3.473371
2.887270
3.533614
3.618168
3.467959
3.427842
3.407287
2.932914
3.240350
3.359543
2.466255
1.704382
2.155788
1.463858
1.427069
1.487090
2.144821
2.548824
1.840996
3.370530
3.616496
3.393673
3.581769
3.034001
3.324011
3.158275
2.109005
2.866133
2.901265
1.944863
2.134853
1.242409
1.344618
1.853509
1.924631
1.518835
1.647026
2.300470
2.807422
2.315646
3.640313
2.166610
3.717490
2.345831
3.340355
2.031466
2.109015
3.488806
1.785034
2.864193
2.159022
1.679125
2.223747
2.116297
1.274169
1.269948
2.039121
1.904588
1.742305
1.987242
2.170624
1.866850
2.120271
2.086330
2.849198
2.692965
1.783546
3.008412
3.438441
2.208516
2.340499
2.554100
3.063456
3.035814
1.953153
1.973145
1.335540
1.644207
1.417981
1.469798
1.650540
2.080652
2.070845
1.943803
1.901992
2.349008
1.606167
2.363423
2.773389
3.345191
3.329328
3.236930
2.911981
3.452369
2.712146
3.529053
3.479566
3.304596
3.362190
3.125264
1.973160
2.010422
1.438917
1.388836
1.918700
2.048498
2.336257
2.042745
2.339856
2.110732
2.344199
3.494333
2.844363
3.559844
3.606366
2.962433
2.584545
3.117401
3.391847
3.441210
1.306234
1.347297
1.488424
1.271955
1.252002
1.554283
1.651920
1.439808
2.208475
1.582654
2.103286
2.099527
2.961990
2.287946
2.399608
3.490658
2.817838
3.327910
2.218322
2.383039
1.827506
2.222860
2.499824
1.947785
1.935669
1.260244
1.776559
1.619251
1.538393
1.414206
1.490466
2.170380
1.976755
2.003302
2.208127
1.984609
2.235030
1.685709
2.859653
2.543046
2.077763
1.822179
2.828641
2.633679
1.914221
2.487901
2.345386
3.678520
3.471747
3.728835
3.837504
3.694201
2.768178
1.972277
2.239016
2.345810
2.232013
1.894513
2.253059
1.248976
1.707127
1.709015
1.777819
1.820307
1.969842
1.753241
1.505782
2.372575
2.622865
2.256443
2.799687
2.381092
3.531350
2.320144
2.729298
2.536709
3.508890
2.232177
3.660124
3.109546
2.001033
2.546995
2.495277
2.188109
2.465229
2.160858
2.594946
2.117681
1.533238
1.863468
1.451218
1.418304
1.518700
1.411555
2.169646
1.623415
1.819338
1.947265
1.701417
2.747220
2.368546
2.061943
1.601388
1.803911
2.725930
2.363683
2.131025
2.881912
2.366714
3.151570
3.065768
3.122363
3.122363
1.204390
1.626128
1.314504
1.407950
1.785925
2.267380
1.594441
1.571898
2.580064
1.819338
2.688518
2.854034
3.945200
2.181920
2.673412
2.887151
3.406053
2.847198
3.461312
3.508966
3.340355
3.279057
2.236134
2.958318
2.714302
3.545130
3.157751
2.411883
3.128763
2.124604
1.865060
1.283984
1.572652
1.443471
1.516714
1.833239
1.487617
1.624704
2.098508
1.887157
1.257755
1.515061
2.133497
1.395988
1.582730
2.366290
1.858811
1.813313
2.787310
3.093775
3.307197
2.763478
3.448687
2.278369
3.499766
2.392781
3.377818
3.409707
3.726231
3.002274
2.123159
3.101048
3.284981
2.460047
2.049547
2.759882
1.317860
1.507228
1.420314
1.867366
1.329007
1.647310
2.047377
1.470702
2.365323
1.580675
2.383496
2.026229
2.762396
2.661452
2.702733
3.364938
3.553436
2.306554
3.337892
2.825146
3.546205
2.760642
3.476179
3.466280
3.219253
2.589022
2.487222
2.260278
1.792694
1.353682
1.451300
1.668760
1.466295
2.117947
1.844638
1.303809
1.431452
2.546895
1.231993
2.089088
1.429688
1.693709
1.942812
2.407888
1.447637
3.098756
2.381092
2.163637
2.076735
1.738987
2.786261
3.532526
3.544774
2.604208
2.888318
2.802504
3.713113
2.562983
3.660629
3.245423
1.780810
2.518423
2.306903
1.975996
1.565713
1.294126
1.384918
1.777136
1.588319
1.704762
1.301676
1.404556
1.358513
1.297254
1.288372
1.268295
2.300813
2.107616
2.548602
3.052278
2.398676
2.070307
2.494254
2.795672
3.561045
3.429458
2.231030
3.655397
2.725754
3.516014
2.931569
3.646469
2.208255
2.384360
2.287048
2.252442
2.025263
1.856190
1.608402
1.772887
1.964188
1.802943
2.445329
2.268576
2.417182
1.238156
3.069935
2.691170
2.928262
3.358455
3.527667
2.915621
1.550093
2.779702
3.335784
3.639294
2.326683
2.602556
3.331123
3.227587
3.516824
2.188918
3.193769
2.891108
2.183274
1.834076
1.954607
1.407392
1.352114
1.616489
1.325903
1.779115
1.475916
1.455228
1.353528
1.246301
1.160113
2.167594
1.462763
1.523683
1.504364
2.480394
2.646782
1.382537
1.899320
2.115714
2.735041
2.758723
1.693709
3.110178
2.872618
3.180073
1.868414
2.595811
2.908093
2.394272
2.691791
3.360182
2.550605
3.804253
2.985751
3.416106
2.303542
3.573892
3.219295
2.186052
3.732185
2.512868
3.217603
2.154602
1.381910
1.318201
1.364509
1.556672
1.464654
1.410153
1.433178
1.716697
1.155596
2.283265
1.261903
1.423199
2.154066
1.466347
1.540680
1.551799
2.421041
2.974086
2.530280
2.600976
2.814420
2.169072
3.027115
2.267635
3.653096
2.643649
2.303844
2.671309
2.178641
1.337107
1.585493
1.430018
1.822056
1.741468
1.783637
1.337938
1.805425
1.737679
2.664096
1.920514
2.699232
2.106576
2.766589
2.497782
2.752546
3.309142
2.418490
2.917292
2.805676
2.779528
3.148758
2.960544
2.339338
3.356305
3.624935
2.267849
2.468373
3.218221
3.295094
2.825967
3.925137
3.196327
1.717947
1.808873
2.003057
1.831602
1.343750
1.350168
1.183097
1.471187
1.657050
1.437247
1.388094
1.271222
1.302258
1.127811
2.646782
2.748912
1.187101
2.248979
2.485720
2.629707
3.159521
3.292906
2.036655
2.230186
2.512829
3.585927
3.438961
2.410668
2.236904
2.827154
1.985942
3.730679
2.082233
1.460736
1.660537
1.405429
1.376428
1.314742
1.682280
1.743927
1.195393
1.374064
2.569007
2.635386
1.816865
2.619889
1.920781
2.326123
3.453247
3.264277
2.374059
2.292594
3.532526
2.624631
3.437603
2.378213
3.396823
3.257316
2.090089
2.342581
2.714302
2.794662
2.240728
3.194681
2.290682
2.132387
3.212048
3.045950
2.178036
1.365269
1.438308
1.273897
1.841057
1.859072
1.298422
1.153439
1.294143
1.724417
1.234809
1.325856
1.741798
1.462763
2.852820
2.196769
2.429163
1.215304
0.987392
1.631274
3.415021
2.752543
2.254430
2.918464
2.545805
2.995629
3.586831
2.344635
3.784069
3.573892
2.525520
3.329447
1.960435
3.060875
2.460047
2.860027
3.350557
3.571577
2.283804
2.465569
2.661073
1.967587
1.393541
1.854848
1.336087
1.311184
1.479798
1.783558
2.852950
2.432087
2.117147
2.711096
2.794563
1.566183
2.481792
1.382025
1.361253
2.598926
2.477803
2.915621
2.434255
2.795790
2.793475
1.957686
3.190281
2.249114
3.128763
3.184476
2.616191
2.881668
2.040582
1.870178
1.216945
1.289399
1.351969
1.675034
1.449984
1.229331
1.399829
1.567776
1.630135
1.211646
1.685636
1.904017
2.310976
2.652783
2.827963
3.155822
2.273242
1.994890
3.050241
2.369921
3.255723
2.437941
2.938409
2.378560
3.690416
2.393544
3.238541
3.088647
2.464588
2.636590
1.223120
1.293024
1.398383
1.559733
1.672464
1.279450
1.342404
1.253664
1.945734
1.918575
1.178252
2.940248
2.940248
1.270277
2.228871
2.852950
2.733253
1.247288
3.109045
2.148758
2.345077
2.924496
3.046101
2.597554
2.908987
2.913194
2.313427
2.424716
3.348927
3.289033
3.358652
2.355120
3.884453
2.903075
2.534738
1.850396
1.382284
1.479370
1.302922
1.423144
1.502142
1.809883
1.000278
1.911931
1.763825
1.422660
1.271629
1.668764
2.224921
2.212062
2.067945
2.006698
2.684422
1.253418
2.774108
2.821575
2.350780
1.755324
2.350780
3.029249
2.940623
2.701613
2.530437
3.459009
2.537117
3.060511
2.994940
3.294513
3.079060
2.742194
3.000909
2.659415
3.520375
2.854848
3.389153
2.105036
2.189770
2.098097
2.250330
2.081562
1.866614
1.322010
1.473819
1.768024
1.372499
1.616933
1.598235
1.904450
1.742958
1.772185
1.911931
1.897114
1.883893
2.095808
1.945582
1.936996
2.375387
2.439626
2.764532
3.122141
2.618569
2.512370
3.029504
2.918464
2.110858
1.953608
3.074152
2.100864
2.676459
2.307106
2.273433
2.602381
2.224980
2.085005
3.095383
1.713842
1.592273
1.363664
1.612834
1.295295
1.130723
2.905542
2.683074
2.304618
3.013520
3.052386
2.651955
3.046101
2.945329
2.036655
2.036655
2.524308
3.148585
2.368888
3.055788
2.823784
3.102237
3.599365
2.200155
2.767395
2.203134
3.111470
1.265353
1.686691
1.657646
1.411564
1.307412
1.453343
1.663690
1.108520
1.648242
1.832148
1.122426
1.883421
2.463911
3.034019
2.354059
2.253686
2.871954
2.663469
2.927204
2.186403
3.190281
3.047659
3.223347
2.816060
2.602291
2.916968
2.415031
3.673448
3.633966
3.417014
2.422233
2.380234
2.703278
2.066838
2.559314
2.319595
2.609239
2.338744
1.870178
1.865654
1.344763
1.384220
1.451562
1.866373
1.752602
1.807050
1.372499
2.028577
1.430725
1.539993
1.585217
1.524106
1.803358
1.586343
2.104767
1.713882
1.720943
2.049957
1.919750
3.140979
2.895851
3.113327
3.270318
2.362228
2.805063
2.890880
3.000759
3.592559
2.626805
2.500120
2.140665
2.521953
1.995270
1.816223
1.264685
1.405056
1.341921
1.920988
1.676575
1.396136
1.746892
1.768024
1.395373
1.527958
1.278920
1.503100
1.074289
1.683146
2.114924
2.340306
2.588834
2.469971
1.220067
3.036047
1.197958
3.046092
2.917336
2.882027
2.454520
2.874201
1.956346
2.369826
3.424378
2.152701
4.071332
2.531693
2.534738
1.998318
3.417014
3.354061
1.616843
1.304239
1.482838
1.383554
1.637208
1.734432
1.646813
1.746019
1.670565
1.770059
1.885249
1.388983
1.431401
1.792585
1.769611
1.175828
1.369145
1.679113
1.198762
1.556365
2.023844
2.130132
2.832496
2.820818
2.606239
2.891832
1.392251
2.513674
3.104798
3.146849
3.849963
3.219556
3.821435
2.409626
2.544337
3.124920
3.099643
2.765594
2.674794
2.199518
1.501343
1.660688
1.679349
1.751937
1.846645
1.292225
1.606330
1.554963
1.559016
1.491888
1.139048
1.701881
1.877427
1.695610
0.926515
1.555518
1.033309
1.633735
1.971955
2.870737
2.153940
2.064421
2.172879
2.778696
2.322704
3.117517
3.061898
2.635124
2.838849
2.792908
2.976352
2.844472
2.454520
2.336093
3.150940
3.191122
3.161319
3.358652
2.112165
2.559207
3.920067
3.920067
3.591631
3.223347
2.375086
2.611192
2.188640
2.752720
3.044571
3.044571
2.318624
3.236639
2.713996
2.305491
2.291652
1.597939
1.314996
1.765584
1.644228
1.866713
1.602950
1.854819
1.766203
1.498025
1.809916
1.870703
1.692114
1.603510
1.952539
2.841417
3.132022
1.315167
2.487812
2.994879
1.890345
2.692680
2.385757
3.056368
3.039534
3.435828
3.253989
1.977315
1.857994
2.130275
3.586900
3.398179
2.401695
1.866281
2.242125
2.998219
2.842446
3.603261
1.579599
1.656043
1.486172
1.797989
1.911694
1.454121
1.384659
1.849079
1.892356
2.051810
1.606451
1.596354
1.740061
1.519034
1.765671
1.680879
2.053639
2.893256
2.013216
3.108754
2.432490
2.403538
2.743296
2.961947
1.683264
2.635657
2.228803
2.487010
3.558834
2.591017
2.723896
4.008993
2.737298
3.677755
2.890366
3.159780
2.442141
3.244501
2.252838
2.123748
2.111395
1.886120
2.506311
1.478185
1.302684
1.500431
1.464728
1.798895
1.856058
1.449578
1.815320
1.325605
1.740010
1.710148
1.774964
1.712779
1.562113
1.846337
1.574155
1.987169
3.050986
2.660694
1.292969
2.735924
2.458628
2.724486
2.771398
2.656122
2.534279
1.954329
2.012859
3.132427
3.660172
2.805812
2.153773
2.896406
2.289042
2.830899
2.412085
1.920263
1.420208
1.298334
1.325097
1.427829
1.599308
1.810553
1.329355
1.883121
1.824441
1.707059
1.489750
1.022800
2.367195
2.246738
2.538563
2.322120
3.107353
2.357137
2.889696
2.914612
2.857046
2.016977
3.161319
3.044938
3.299855
2.171155
2.205562
2.585337
2.115249
3.605057
3.395230
2.978732
1.898517
1.506545
1.450215
1.572687
1.653655
1.530280
1.762778
1.224202
1.055096
1.120655
1.132839
1.501517
1.750726
1.780083
1.999573
2.019637
1.580590
2.207598
1.014030
2.774671
1.169631
2.808653
2.829756
1.996340
1.670081
3.082865
2.710366
3.210299
3.331797
3.408791
2.517911
2.724187
3.677755
3.227578
2.651668
2.005353
2.841140
2.215859
2.994248
2.021837
1.346622
1.542057
1.860821
1.555763
1.589485
1.785883
2.145735
2.123401
2.567232
3.186317
3.125057
2.287923
1.888325
2.707312
2.149117
2.335492
3.026168
1.974999
2.696147
3.265476
2.036587
2.748967
2.891950
1.887744
1.801467
1.827214
1.723762
1.958792
1.407715
1.319955
1.140598
1.836878
1.953794
1.579505
1.041898
1.606451
1.583520
1.668519
1.601004
1.688601
1.716611
2.123013
2.774040
2.470162
2.258177
2.441834
2.759959
2.489488
2.473342
2.788474
2.572005
2.545749
2.681920
2.201117
2.954945
3.478019
1.900254
3.151439
3.266782
2.582720
2.369824
2.201346
2.033573
2.039933
1.357610
1.549653
1.888436
1.653295
1.718846
2.079066
2.235628
1.593009
1.818897
2.930462
3.173085
0.855080
2.108159
2.155948
2.256457
2.571523
2.431027
2.165905
2.594940
2.236936
2.919174
3.442811
3.153094
3.012998
2.443699
2.529810
2.345511
2.320638
1.281337
1.854617
1.537573
1.723762
1.954427
1.456542
1.169991
1.554232
1.903004
1.952986
0.918833
1.616098
1.699208
2.477047
2.244156
2.023844
1.886636
2.293839
2.776469
2.130995
1.555898
2.300952
2.540524
2.545865
2.481980
2.236177
2.938752
3.508111
1.788622
3.088502
3.294898
2.847484
3.123500
2.488178
2.986066
2.759970
3.230932
2.851092
3.479604
2.968004
2.421782
3.188774
1.736444
1.794560
1.201534
1.792415
1.606732
1.710022
1.558917
1.378961
1.836739
1.862545
0.920383
1.917441
1.856235
2.175263
2.245353
2.864690
2.710442
2.475725
2.518246
2.474105
1.438620
2.052946
2.329678
3.114220
3.697624
2.548371
2.942410
3.012998
2.910092
2.654908
1.703184
3.706990
2.213274
1.734234
2.979954
1.740093
1.885811
1.942902
2.033035
1.614640
1.877183
2.680218
1.536607
3.125849
2.499797
2.968000
3.111659
2.855611
2.871876
2.867425
2.265680
1.959963
2.790660
2.890199
2.731082
2.686390
3.932832
3.816140
3.123500
3.662031
3.500028
1.840364
1.446793
1.342233
1.771057
1.430448
0.993484
1.567309
1.845284
1.547221
2.083765
2.040079
2.195302
3.120439
3.205556
0.993224
2.745235
2.836098
2.295737
2.743837
1.371168
1.901817
2.248501
2.953374
2.681099
3.234141
2.955151
3.451854
3.290509
3.861163
2.489403
2.808763
3.678819
3.359670
2.943404
3.163016
2.908967
2.958071
1.716642
1.335873
1.174913
1.644766
0.868290
1.471657
1.619890
1.882794
2.053710
2.060141
2.219925
2.450293
3.074992
2.387067
2.500861
2.441422
2.673251
0.969288
2.787640
2.832939
2.194498
2.613028
1.957507
2.120733
3.383169
2.980390
2.062796
2.970537
2.380134
2.507969
3.336671
3.706990
2.792335
2.526248
3.272498
2.127480
3.036389
2.472838
1.853275
1.313024
1.664294
1.375399
1.509964
1.568752
1.541034
1.612947
1.874621
1.643306
2.076029
2.221511
1.998627
2.564325
2.794151
2.943934
2.946266
2.632059
2.171061
1.806149
2.200147
2.647199
2.953374
3.293168
2.810554
3.547514
3.639167
3.729795
3.685794
2.596469
3.008151
2.131789
1.914710
1.684366
1.803848
1.291484
1.486929
1.364270
1.998388
2.050139
1.986759
1.533460
1.930930
1.791045
1.561149
1.839876
1.904045
2.142930
2.981940
2.474507
3.203523
2.012188
2.495343
2.499797
2.715964
2.406868
1.802201
2.311142
2.189075
2.925420
3.091919
2.641786
2.762465
2.261397
2.961531
3.152787
2.473457
2.671060
3.105415
1.990323
2.930120
1.827223
1.335338
1.422223
1.536942
1.662483
1.507395
1.881988
1.496830
2.013868
2.265675
1.700370
1.557028
2.011652
2.177994
2.292016
2.053380
2.780576
0.782566
2.938025
2.790434
1.151771
2.345361
2.788055
2.644686
2.836675
2.785921
2.939373
3.294898
3.168717
2.098111
2.505717
2.661341
3.585606
3.230153
2.259672
3.028574
2.574824
3.168462
2.315197
2.826773
1.967054
1.637819
1.520290
1.779808
1.450724
1.318574
1.503050
1.430468
1.800747
2.705273
2.419249
3.153356
2.328233
2.898833
3.126221
2.253267
2.376149
2.070777
1.944257
2.351607
2.719063
2.776337
2.644950
3.712216
2.626181
3.062813
2.371419
2.729335
2.259043
2.607969
2.235784
2.080797
1.999587
1.432754
1.261520
1.483887
1.388822
1.606492
2.115543
0.852862
2.096886
2.201747
1.591870
1.507967
1.892361
1.711365
1.695662
1.989249
2.358462
2.695606
2.475834
2.252796
3.174707
2.225796
2.622733
2.505501
2.507708
2.852147
2.945913
3.268911
1.918613
2.831821
3.274168
2.571996
2.413992
1.579567
2.547532
1.684310
1.964370
3.316776
1.771273
1.298617
1.603276
1.406208
0.922364
1.823861
1.609525
1.465160
2.443947
2.511679
2.307962
3.177773
1.253626
2.627930
1.602949
2.502282
2.855166
2.339498
2.585533
2.970967
1.990485
2.256457
2.376467
2.394847
2.394847
2.334850
2.624148
2.971862
2.897687
2.932447
1.645303
2.507237
2.523423
2.432458
2.700191
3.151417
3.189521
2.195868
3.234269
3.502892
1.904240
1.869685
1.716642
1.339016
1.446832
1.687920
1.615633
1.649351
1.812505
1.360206
1.607868
2.115284
2.124283
2.009426
1.885179
2.193188
1.691176
2.113533
2.058511
2.321784
1.592275
2.201759
3.085369
2.311943
2.349029
2.747157
2.522439
2.189075
2.369543
2.190575
2.628964
3.002846
2.741802
3.103577
3.505758
3.326838
3.362808
2.787738
3.177777
2.830235
2.537248
2.131446
3.235797
3.090369
3.149931
1.679361
2.253287
1.424875
1.276696
1.495567
1.312101
1.870786
1.870187
1.902997
2.061438
2.062632
2.659599
2.128592
1.980353
1.527907
1.631666
1.639864
2.868055
3.052480
2.664513
2.466288
2.388971
1.339297
2.017122
2.197990
2.788055
1.948021
2.411281
2.185746
2.513026
2.304915
2.259206
2.675753
2.893967
3.600349
3.119738
3.262876
3.062813
3.216862
3.093029
3.075291
2.508418
1.703573
2.911154
1.888449
3.085262
3.232026
2.692416
1.789796
1.388685
1.693359
1.635555
1.644087
1.646973
1.971734
1.968833
2.048576
1.920351
2.062390
1.498831
1.947377
1.833816
2.567987
0.914566
2.837898
1.992817
2.094289
2.374895
1.462327
2.537925
2.661539
2.044178
3.055986
2.546440
3.248531
2.772542
2.056754
3.177777
1.983609
2.439489
2.910378
2.392431
2.049914
1.663788
1.172463
1.495567
1.664601
1.995530
1.488672
2.035846
2.085919
2.001256
1.934957
1.934957
1.876787
1.944504
1.778190
2.278934
2.602309
1.442981
2.068078
2.778135
3.004581
1.573877
2.296910
3.286180
2.115524
2.981096
0.905798
0.815700
2.823341
2.051740
1.758780
1.983775
2.265946
2.059802
2.841855
1.838304
2.860348
1.754149
3.337321
2.773082
1.546921
1.610601
2.231195
1.923575
1.845533
1.354065
1.381369
1.312348
1.396546
1.459772
1.902739
1.622303
1.821012
1.824783
1.883979
2.026562
2.186464
1.656176
1.946678
1.955936
1.478706
2.872138
3.072650
2.944058
2.943934
2.969730
2.417159
2.408968
2.013652
2.571283
2.296337
2.382490
1.836055
2.528325
3.311277
2.286149
1.946771
3.306192
3.216862
3.013277
2.201716
2.234392
3.045335
2.679526
2.192532
1.896464
2.358253
1.992850
1.786844
1.507873
1.702239
1.323520
1.347002
1.590451
2.072169
1.703954
2.016030
1.851979
2.059712
1.841807
1.996434
1.298033
2.854532
1.729629
2.019486
3.019525
2.629156
1.962663
2.427618
2.163154
2.340057
2.251005
2.529916
2.752034
1.973868
3.049982
2.982364
2.390779
2.761135
2.776334
2.996911
2.051495
1.478601
1.189942
1.580304
1.645721
1.663768
1.464188
1.858509
2.106047
2.019886
1.769228
1.528913
3.107290
1.355503
2.024054
2.111162
2.205589
1.962663
2.608526
2.119972
2.677681
2.546209
2.533498
2.514193
3.055029
2.668300
2.309595
3.292001
2.822228
2.691790
3.311628
1.628602
1.887954
1.678457
1.753409
1.319821
1.396700
1.555121
1.651759
1.334131
1.689816
2.184146
2.168861
2.215017
0.997437
1.871730
1.897402
2.265675
1.877727
2.092562
2.083354
2.067652
1.847646
2.946424
1.435383
3.103477
2.399068
2.675615
2.682978
1.212679
2.020312
2.115023
2.255269
2.340057
2.562837
2.507546
1.917536
3.048391
2.076597
2.849859
2.421147
2.227472
3.124123
3.028356
2.245306
2.996911
2.145880
3.321624
1.330101
1.198013
1.396700
1.340705
1.803571
1.258105
1.963116
1.903121
2.657061
2.482182
2.227233
2.530894
2.065226
1.891877
1.640205
2.615461
2.300895
1.755496
2.770263
3.066754
3.119033
1.663351
2.104038
2.171436
2.541709
2.013652
2.708738
2.287307
2.282883
2.915576
1.733485
2.528325
2.601770
2.668899
2.419765
3.151018
2.507546
2.334755
2.843535
2.289059
2.432353
2.674191
1.576114
2.593228
1.644361
1.726166
1.239402
1.505801
1.604489
1.656814
1.340705
1.819734
1.204343
1.972616
1.756289
2.395678
1.416956
2.118410
2.392937
1.497020
2.471900
3.121286
1.971347
2.302510
2.086047
3.059005
1.264131
1.821610
1.890358
2.243744
2.388847
2.541699
3.151474
3.225777
2.114882
3.768039
2.284093
1.986774
2.021377
1.979097
1.773254
2.456644
1.723677
1.665483
1.460864
1.528385
1.553501
1.628868
1.908594
1.542933
1.761495
1.625520
1.570449
2.031150
2.081603
1.980473
1.360755
1.483453
3.002500
2.627595
2.682978
2.464477
2.827732
0.969437
2.735090
1.941661
2.442651
2.184813
1.660788
2.809399
2.739827
2.564260
3.261649
2.413598
1.538515
3.290499
1.829159
1.884518
1.451403
1.326955
1.790835
1.641510
1.837472
1.745067
1.521278
1.527678
1.758772
1.963116
2.208970
2.021638
1.712292
2.202584
1.775228
3.024739
1.869531
2.166682
1.635384
2.288401
2.480710
2.962461
2.080344
1.971900
2.676247
2.199591
2.817882
2.759670
1.754343
1.670821
2.803827
2.435087
3.312958
2.521591
2.278353
2.548995
3.372658
1.304545
1.386909
1.658190
1.848758
1.524587
1.734069
1.462156
2.042397
1.798771
1.664651
1.741374
2.126069
1.710519
2.161408
1.840771
1.668066
2.155064
2.141306
1.613571
2.370718
1.336845
2.184784
1.989933
1.893114
1.873274
2.741739
2.447798
2.453990
2.970254
1.725964
2.521591
2.881127
3.085032
2.857125
3.151875
3.070382
1.397527
2.045591
1.673882
1.786844
1.750163
1.089823
1.756796
1.657095
1.563802
1.734180
1.519410
1.959388
1.729556
1.691852
2.035427
1.796542
1.536592
2.085769
2.395678
2.251742
1.583597
3.126617
2.307996
2.055445
2.526863
1.550469
2.030792
2.521559
2.399825
1.889526
2.873912
2.363728
1.533488
1.903298
1.100780
1.532848
1.932381
2.334513
1.040717
1.842464
1.725770
2.018083
2.051736
2.030804
1.599359
2.001109
1.945806
1.863845
2.502155
3.140634
2.554471
2.577968
2.237755
2.999130
1.914657
2.644011
1.865434
1.969933
1.699899
2.047557
2.317721
2.554249
1.696889
2.380170
2.194440
2.541699
2.797667
2.719594
2.608421
2.505240
3.267332
1.749271
2.749239
3.111133
2.180937
2.228636
1.942585
1.577922
1.863701
1.524057
1.747539
1.444750
1.229317
1.509443
1.831183
2.202613
2.042431
1.814785
1.975441
2.657168
3.032308
2.501592
2.446924
0.961198
2.960722
2.894455
2.055413
2.005128
1.965355
3.129578
2.595550
1.975413
1.706186
1.788051
1.585164
1.136371
1.431404
1.653464
1.501727
1.682486
2.105488
2.018083
1.850985
1.701837
2.105969
2.259918
2.141825
1.910538
1.996556
3.124725
2.413245
1.743485
1.652634
2.289218
2.810448
1.725657
1.269546
2.066015
2.545888
2.758941
2.675899
2.265700
2.170217
2.940966
2.163116
2.048536
1.563153
1.875501
1.641243
1.444978
1.246682
1.253733
2.086944
1.493780
1.941285
2.036219
2.667105
2.600731
3.204577
2.358002
1.513679
1.397951
1.821966
2.154140
3.015181
2.284283
1.992396
1.883606
2.300648
2.223580
1.775613
1.837112
1.713618
1.885378
1.561089
1.734391
2.058397
2.111917
2.070231
2.122094
2.308641
1.602406
2.332089
2.921579
1.431062
2.593228
1.741930
1.699552
1.946603
1.425821
1.478211
1.598788
1.649466
2.035427
1.900326
1.668272
1.832433
1.802453
1.581528
1.997619
2.039402
2.651672
2.842151
2.196514
2.359393
2.359393
2.617275
1.291257
2.159389
2.096952
2.228549
2.358165
2.159389
2.485788
2.583698
2.588119
2.670677
2.675899
2.654205
3.306616
2.827260
2.461192
2.490369
1.786496
1.802025
1.653869
1.630690
1.645522
1.880228
1.599491
2.134504
1.841617
1.646659
1.793357
1.745654
1.849930
2.161435
1.920365
1.789461
2.546592
3.325151
2.587578
2.847513
2.960722
1.617874
1.767097
1.873937
2.083868
2.511842
2.327662
2.872783
2.387492
2.680917
2.495799
2.395637
2.767105
1.535147
2.009522
1.576341
1.708965
1.256540
1.274841
1.606766
1.700786
1.445674
1.985101
1.685654
1.789461
1.586299
2.323981
3.003800
1.814474
1.775298
3.084730
2.551912
2.587578
2.641693
1.901055
2.865673
2.431904
1.768747
1.934856
1.866757
1.837407
2.026805
2.459227
2.236461
1.740602
1.643804
2.845686
2.629253
2.619984
3.026150
1.760585
1.607186
1.658091
1.427513
1.621751
1.429065
1.703825
1.705794
1.373190
1.841222
2.047999
1.876670
1.729833
1.729833
1.658577
2.045954
2.320420
1.894111
2.009118
2.893486
2.948001
2.353934
2.784900
0.745524
2.811358
2.906213
2.597329
2.431904
1.004886
1.821804
1.862261
1.909011
2.146558
2.247565
1.888943
2.152546
2.364660
2.290558
2.493468
2.184766
2.443069
2.798324
1.627784
2.460474
2.056853
2.287716
2.094020
1.740294
2.569167
2.558234
1.554681
1.567653
1.347050
1.573415
1.721945
1.205065
1.935051
1.939972
1.632179
1.774122
1.835755
2.349580
1.836816
1.957835
1.804496
2.079971
2.006159
2.178905
2.346645
2.688192
2.220778
0.763428
2.405338
2.059143
2.839457
1.523843
1.575147
1.989210
2.004484
2.158941
1.840225
2.258718
2.103763
2.343189
2.400017
2.102263
2.384200
1.697104
2.483945
1.605389
1.677331
2.584173
1.997907
2.364406
2.410135
2.306812
1.546572
2.143648
1.203216
1.248448
1.693511
1.607156
1.774020
1.497464
1.965819
1.744748
1.942071
2.140067
2.005436
2.657168
2.638843
2.063084
2.390630
2.484792
2.268101
2.377218
1.803249
1.969945
1.364887
1.861341
2.583218
2.528003
2.070231
1.747464
2.567420
1.919055
2.866057
1.323428
1.370382
1.185660
1.753826
1.801659
1.746285
1.814115
2.054636
1.860319
1.744864
1.745399
1.731102
2.439550
2.303141
2.382004
2.352887
2.272240
2.672311
2.431418
2.990199
0.776588
1.011613
1.540352
1.718607
1.680109
1.857298
1.903718
1.959902
2.594563
2.011616
1.653695
2.784026
1.351744
1.484268
1.575300
1.533121
1.418344
1.509125
2.066542
1.862930
1.991052
2.388021
3.281365
2.713308
2.709523
1.095871
2.156862
1.565865
1.526906
2.590966
1.981054
2.572514
1.837407
2.228450
2.162012
2.303174
2.639571
2.659879
2.391002
2.859705
2.594036
2.108114
1.886016
1.956108
2.370691
2.215160
1.567515
1.766091
1.670661
1.385372
1.378014
1.348833
1.157362
1.628462
1.515219
1.467971
1.773870
1.658091
1.583733
2.022382
2.037584
1.901553
2.042031
2.382337
1.865022
2.420229
2.733566
2.338068
2.115750
2.318391
1.256673
1.487114
2.037907
1.724677
1.728480
2.319561
2.582303
1.841938
2.533128
1.654273
1.796170
2.684111
2.407940
1.943949
2.364529
2.921142
2.851339
1.655215
1.877563
1.594132
1.124453
1.355688
1.679704
1.647601
1.316779
1.502091
1.711967
2.009212
1.798604
1.919955
2.299135
2.539808
2.058161
2.456925
2.330818
2.070793
2.581614
2.526863
1.060920
2.262192
1.026879
1.827077
2.076391
1.774564
2.038781
1.993951
2.325574
2.197912
2.159382
2.153812
1.898984
2.444691
2.901101
2.610574
2.364529
1.686955
1.567979
1.524150
1.340198
1.349808
1.630690
1.361602
1.768743
1.979573
1.942556
1.458732
2.158444
1.720435
2.837028
2.992810
2.667294
3.298760
2.980424
3.000348
2.115750
1.095871
2.670435
1.034659
1.164174
1.323935
2.103461
2.393912
1.849655
1.922625
2.450577
1.671724
2.249720
2.444691
2.426897
1.743137
2.512495
2.141716
2.419933
1.963511
2.550539
2.128571
1.939919
2.448139
1.356777
1.951347
1.579046
1.249570
1.572323
1.748010
1.198780
1.851652
1.596928
1.339064
2.133782
1.775771
1.806815
2.391464
2.387962
1.707410
2.282937
1.985690
2.147201
2.818485
2.470708
2.337348
1.156269
1.372674
1.936688
1.026879
1.771580
2.605239
2.395011
2.154015
2.288824
1.748915
1.984327
2.527667
2.509295
1.846366
2.317837
1.604860
2.124640
1.416672
1.462996
1.979573
1.868906
2.019404
1.962926
2.054207
2.202620
2.102006
1.902444
2.176116
2.183595
2.168593
2.034079
2.026281
3.030083
2.689456
2.752822
2.741941
1.131310
1.526906
1.202597
2.238837
1.989113
2.095359
2.208203
1.936856
2.391002
2.211940
2.177171
1.974864
1.505018
1.865386
2.541210
1.336178
1.263121
1.423455
1.477275
1.429111
1.232965
1.641670
1.584197
1.205486
2.010165
1.945592
2.615412
1.949099
1.948635
2.722867
3.138305
2.096849
2.876811
3.263734
2.006706
2.788644
2.691400
2.015249
2.421930
2.165351
2.866333
1.117240
2.672311
1.657624
1.849054
2.456119
1.948353
1.978955
2.396649
2.593416
1.663351
2.493922
1.598787
1.564384
1.932308
1.864236
1.403551
1.287774
1.512327
1.151998
1.150885
2.200474
1.757421
1.544013
2.103192
2.510185
3.128893
3.255943
2.500794
2.078458
2.185037
2.502296
2.897896
2.747613
2.983161
1.211761
2.246782
2.085119
0.780342
2.562305
2.412682
1.260530
1.553265
1.553968
2.368538
1.714406
1.629374
1.827103
1.819542
2.384094
2.212357
2.173988
1.731710
1.584683
1.457697
1.176577
1.489499
2.341373
2.418278
2.454610
1.907120
2.633246
3.273635
2.705923
2.815420
1.211761
1.255872
1.156186
2.515893
1.158341
1.219754
1.618875
2.144375
2.113620
2.457922
2.329147
2.176757
1.670583
1.526609
2.137135
1.939829
1.174096
1.526321
1.151992
1.301898
1.409916
1.683045
1.954257
2.096446
1.685607
2.127503
2.226291
2.292769
2.986367
2.565696
2.253881
3.273635
2.401987
1.984330
2.015435
2.740467
2.410896
2.808010
0.974818
1.559562
2.038720
1.900568
1.973474
1.605598
1.701890
1.612312
2.383151
1.212490
1.887019
1.620476
1.618816
1.572177
1.393408
1.469932
0.962438
1.978240
2.123063
1.960478
1.997443
1.947212
1.765706
2.130957
2.444742
2.979532
3.140337
3.263734
2.082132
2.214516
2.200350
2.026078
1.909088
2.046190
1.846774
2.209618
1.913481
1.799078
2.211467
1.795651
2.729856
1.587237
1.197032
1.394367
1.793368
1.903841
1.175600
1.580858
1.174969
1.457826
1.458752
1.870121
1.521562
1.719310
1.323845
1.348440
1.871394
1.386538
1.675503
2.250221
2.406274
2.684683
2.655417
1.952042
2.835732
2.509687
2.203253
2.788518
2.891398
1.160600
2.143623
1.113265
2.197055
1.599849
1.896366
1.629862
1.356811
1.501804
1.566947
1.364501
1.889742
1.299294
1.570492
1.161132
2.511871
2.294743
2.149345
2.655954
2.261407
2.047860
2.339494
1.850091
1.706236
1.970824
2.351399
2.381663
2.042231
2.256503
1.764421
2.674217
2.587609
1.824720
1.219384
1.185305
1.242603
1.271738
1.423861
1.340910
1.395697
1.453212
1.334196
2.296947
0.664556
2.177473
2.648739
2.403767
2.738859
2.682366
1.894434
1.787171
1.793818
2.394785
2.038821
2.068656
1.534293
1.732991
1.987940
2.303448
2.294926
1.394169
1.514886
1.803271
1.669456
1.902201
1.466985
1.435228
2.395495
2.649892
2.521985
2.220490
2.695095
2.626543
2.913200
2.528066
2.677449
2.392485
1.904196
1.372096
1.475496
1.618364
1.939629
2.204666
1.937361
1.726504
1.843896
2.201063
2.172965
1.611211
2.214000
1.594885
1.595336
1.683057
1.652855
1.602048
2.139452
1.662781
1.365548
1.772825
1.299383
1.762494
1.333573
1.298970
1.574911
1.439819
1.631339
1.773415
1.880812
2.294743
2.647223
2.045233
2.915200
2.961736
2.600746
2.644185
1.700957
1.234383
1.420202
1.310935
1.593611
1.939629
1.883604
1.737467
1.866731
1.568208
1.393019
2.282865
2.304286
1.189471
1.482085
1.325368
1.594020
1.725566
1.962539
1.946556
1.054137
0.685455
1.939156
2.716859
2.453714
2.819800
3.172724
2.346429
2.460439
2.904247
2.181293
2.556248
2.491572
1.203015
1.844923
1.636892
1.783618
1.666382
1.963698
2.366064
1.867022
1.667667
1.579153
1.353017
1.585890
1.405010
1.239377
1.266290
1.570492
1.723366
1.430964
1.446213
1.496902
1.337350
1.358379
0.862718
2.185101
0.755553
3.147863
2.760346
2.909195
2.237530
1.216754
1.493686
1.805418
1.782508
1.549818
2.363523
2.366303
1.817827
1.547176
1.334725
1.227335
1.171367
1.436641
1.274880
1.264007
1.521967
1.755939
1.556975
1.760686
1.488132
1.594020
1.520909
2.110299
1.962580
2.597252
2.885445
1.954340
2.672914
3.144054
1.933500
1.216396
1.866731
1.732901
1.715332
1.819001
2.001001
2.344940
1.549818
1.591287
1.629097
1.247153
1.369269
1.384086
1.391873
1.540828
1.648767
1.753971
1.750252
2.182871
2.083352
2.024237
2.771482
2.934185
3.191622
2.658489
3.154657
2.028122
2.925265
2.209500
1.260879
1.193958
1.411285
1.821942
1.965435
1.740476
1.686795
2.001218
1.509917
1.585242
1.026990
1.177954
1.392123
1.439181
1.347506
1.494215
1.519257
1.770399
1.850709
1.529505
2.008909
1.742927
1.621991
0.953786
0.664556
2.582670
2.579142
2.199624
2.962222
2.504033
3.027542
2.645608
2.340931
2.161885
2.176821
1.126260
1.153312
1.325234
1.179619
1.433287
1.706247
1.785332
1.584416
1.323462
1.468864
1.962231
1.986696
2.346337
2.638093
2.370382
2.608995
2.866948
3.143533
2.563207
2.951968
3.103397
2.589031
2.347423
1.965633
1.141380
1.817190
1.371834
1.613467
1.783618
1.569143
2.004342
1.476801
1.118309
1.410529
1.581380
1.747377
1.665444
1.169337
1.962585
2.264558
2.157500
2.759865
3.142123
2.688348
2.314241
1.172913
1.310288
1.441144
2.108202
2.042473
1.718725
1.545157
1.643429
1.689710
1.720643
2.188991
2.118989
1.257341
1.232251
1.227585
1.315165
2.057302
2.058260
1.859446
1.569768
1.668403
1.427696
1.569879
2.616657
2.852044
2.006626
2.890803
2.250770
2.504033
2.705254
1.183818
2.232214
1.325092
1.249523
1.277710
1.398707
1.984868
1.643429
1.951629
1.685890
1.574467
1.700886
1.453969
2.024105
1.684510
1.975916
1.992196
1.863677
1.702065
1.173400
1.043906
1.253423
2.099258
0.980592
1.711137
2.009622
2.641653
2.944331
3.179570
2.288395
2.104050
1.931985
2.024554
1.232171
1.376351
1.203089
1.251176
1.220520
1.381027
1.799280
1.725702
1.739655
1.659747
1.585457
1.835699
2.114089
1.694971
1.946270
1.446149
1.495993
1.630341
1.629888
1.342540
1.413782
1.534687
1.833881
1.597031
2.036611
0.669643
2.742522
2.989676
3.150462
3.039962
2.860886
2.583982
2.453810
2.513553
1.674581
2.353153
1.249535
1.051646
1.110015
2.234999
1.753888
1.641237
1.666500
1.965892
1.714763
1.483823
1.013745
1.268554
1.408896
1.565251
1.882137
1.483631
1.483631
0.521768
2.711896
2.726357
3.169488
2.656398
2.822107
1.141380
2.006880
2.241473
1.849660
1.718725
2.030194
1.656089
1.543270
1.346335
1.462543
1.214497
1.594927
1.554089
1.421391
1.272423
0.663177
0.672035
2.645918
2.993134
2.995232
2.726734
1.936812
2.813985
2.767781
1.931985
1.935893
1.089632
0.830255
1.394040
1.520901
1.533165
1.595101
1.657441
1.582161
1.702019
1.443967
1.605353
1.491966
2.558443
2.599368
2.979999
2.830863
2.579446
2.368175
2.624399
1.435989
2.154877
2.277540
2.064143
0.598605
1.703357
1.300551
1.413324
1.909645
1.758293
1.743345
1.490357
1.537264
1.414202
1.040597
1.092523
1.807660
1.322965
0.890361
1.977956
2.067225
1.804940
2.421201
2.712332
2.417038
2.344710
2.544153
1.170677
1.068267
1.370093
1.895559
1.747719
1.505113
0.996136
1.078986
0.948601
1.359457
1.891314
2.056817
1.304493
1.447163
0.997949
2.115698
0.731786
2.466425
0.703252
2.227139
2.540740
2.564826
1.329394
2.081050
1.346814
1.441928
1.198617
1.264898
1.200876
1.852473
1.598681
1.649709
1.565586
1.392264
1.069121
1.425987
1.265661
1.440103
1.582247
1.350235
1.431476
2.525284
1.939155
2.134058
3.026315
0.659723
2.773304
3.006837
2.570089
2.499916
2.720522
2.203558
2.474001
2.561875
1.355737
1.708129
1.649990
1.773916
1.605884
0.813373
1.051025
1.159221
1.112148
1.810624
1.388716
1.048631
1.309475
1.279129
1.689728
1.453580
2.041067
2.270818
2.811758
2.654188
2.603269
2.748920
2.557145
2.730917
2.756749
2.961413
2.792314
1.288104
1.174638
2.167293
1.765157
1.804003
1.587003
1.735668
1.778691
1.564252
1.735310
1.440762
1.470325
0.944894
0.870943
1.532239
1.398333
1.592006
1.709647
0.761700
2.657692
0.639818
2.435320
2.348529
2.740532
1.985404
2.360849
2.802972
1.166490
2.658397
1.052223
2.510034
1.302366
1.155167
1.517574
1.599108
1.627199
1.476525
1.255653
1.519317
1.251986
1.319144
1.361253
1.371385
1.363983
2.395102
0.748188
2.778093
0.855153
2.871752
2.949673
2.041067
2.808947
2.607204
2.582127
2.705513
2.776925
2.744343
2.025125
2.385811
2.292086
2.064648
1.387363
2.206490
1.428525
1.331271
1.734051
1.675174
1.684169
1.695322
1.634485
1.584009
1.672822
1.379163
1.302014
1.636092
1.454254
1.637039
1.203663
1.423258
2.471309
1.790370
2.611264
2.767454
2.871345
0.887868
0.968299
2.607539
0.750371
0.677087
2.885751
2.104171
1.185172
2.402900
1.469597
1.127152
1.510669
1.499844
2.185650
2.010746
1.489253
1.691226
1.684169
1.694745
0.948983
0.948037
1.112148
1.567515
1.510553
0.879424
1.553934
0.754862
2.980285
2.070204
2.559583
2.905255
2.796090
0.982524
0.910743
2.413865
2.523372
1.950309
2.360206
2.100875
1.848226
1.358661
1.611132
1.528342
1.506758
1.322855
1.530359
0.973393
1.296976
1.502998
1.309902
1.388310
1.572011
2.538349
0.803892
2.611264
0.925607
0.903266
0.861546
2.493934
2.745493
2.580517
1.179158
2.143857
1.624967
1.099096
1.847236
1.621788
1.482302
1.659477
2.081039
2.081039
1.641762
1.659176
1.532699
1.509863
1.278355
1.507791
1.356259
1.897143
2.650231
0.821861
2.386595
0.987829
2.525415
0.946809
2.463248
2.589593
2.439198
0.970447
2.488785
2.492349
2.644390
2.794842
2.649535
1.205459
2.472645
1.243467
1.146727
1.541893
0.871838
2.175740
2.046498
1.495032
1.731348
0.894524
1.440311
1.707105
1.555132
0.970520
0.936287
0.964889
2.608097
1.074344
1.013938
2.326544
1.113863
1.255285
1.540534
1.021670
1.725957
2.097245
1.603096
1.511682
1.511682
0.847958
0.913315
0.792240
1.166745
0.813384
1.230013
1.519317
1.269477
1.425249
0.954924
1.173545
1.066060
0.941664
2.517421
0.823347
2.563239
2.556998
2.509066
1.034513
1.297702
1.000218
2.693761
1.125523
1.059324
2.121247
2.744917
2.733578
1.104702
1.212754
1.157717
1.706084
1.984505
1.372528
1.498866
1.335410
1.509264
1.290548
1.445601
0.839434
0.877194
1.021018
1.443355
1.615658
1.614409
1.512309
2.007382
1.392776
2.388949
2.557294
2.647957
2.253308
1.090645
0.734244
0.520848
2.118508
1.108876
2.205995
2.115087
2.185650
1.964970
1.847656
2.239812
1.718451
1.726658
1.281922
1.474343
1.609641
0.813384
1.028361
0.947905
0.821919
2.440657
1.629766
1.202178
1.383366
2.252017
2.362422
2.521381
2.442453
1.065631
2.777978
1.967529
1.199176
2.372779
2.513519
1.081524
1.280602
1.832466
1.723828
1.559881
1.273566
1.585335
1.635367
1.452470
1.435283
1.090208
0.869340
0.841352
1.455256
2.691597
2.358432
2.465935
2.507464
1.211856
1.439363
2.266022
0.546232
1.068852
1.151976
2.781580
0.950136
1.444969
0.919515
0.947905
0.884335
1.911791
2.734772
2.444228
2.765484
2.573327
2.576788
2.465373
0.946600
1.091216
2.174836
0.904997
2.578842
2.700687
0.654241
2.744343
1.862413
1.764544
2.027894
1.571873
1.748310
1.362172
1.016749
1.960383
2.383584
1.832813
1.731892
1.882418
2.401055
2.464922
2.646852
2.226374
2.253819
1.329662
1.053277
1.082179
0.909470
2.382162
0.831530
0.860317
1.106270
2.392354
0.663988
1.260013
0.680566
0.481830
1.323793
1.319158
1.702335
1.861917
1.476369
1.509600
1.357477
1.472835
2.418041
2.656514
2.635586
1.937076
1.889945
2.390167
0.849480
1.064687
1.064687
2.578136
1.200403
1.130977
1.286077
1.218237
1.112777
0.789949
1.156703
1.219917
1.521186
1.237514
1.313226
1.197279
1.368597
1.335018
0.847794
0.987734
0.985402
1.689273
1.940461
1.979070
2.183089
2.292697
1.874471
2.512025
2.681205
1.930195
2.046148
1.312654
2.180281
2.116141
1.208473
0.935678
0.815666
1.082179
1.121594
2.552570
2.555773
2.319826
2.656531
2.032590
0.920592
1.234123
0.807351
2.301200
1.194899
1.328505
1.026470
1.260149
1.588305
1.930748
1.276689
1.324298
1.589310
0.920342
2.419805
2.121134
2.343945
2.059495
1.635892
0.879140
1.085206
2.613493
1.109521
0.888005
2.620025
2.664164
1.067376
0.983873
1.200403
2.689981
1.120020
1.100362
1.041847
1.420117
1.397346
1.733112
1.516513
1.390745
2.287312
2.470878
2.077899
1.083611
1.015835
0.989494
2.303200
0.700507
2.434079
2.185427
1.039420
2.697037
2.630057
0.998346
1.549131
1.123231
1.104702
1.572964
1.777846
1.635980
1.260489
1.490259
1.488729
1.819126
1.656165
1.824386
1.540525
2.527943
1.694621
2.337138
2.168421
2.115651
1.139069
1.088691
0.991090
2.185679
2.512476
1.104454
2.576020
2.562608
2.535415
1.176700
1.303371
1.195907
1.804060
1.532747
1.588772
1.373924
1.536670
2.074788
2.013219
2.237128
2.041160
2.099453
2.215397
1.944222
1.752580
1.556789
1.812752
1.232153
2.228312
1.135661
2.615498
2.330468
2.449358
2.685426
2.164468
1.683088
1.248588
1.290020
1.603674
1.281888
1.855898
1.691985
1.578875
2.201833
2.198974
2.414092
1.981386
2.396676
2.380355
1.086302
2.640170
2.469069
2.240014
1.718260
1.363748
1.321799
1.693013
2.130475
1.868844
1.692400
1.723557
1.542576
1.350942
2.309903
1.258202
2.433795
2.495496
2.397623
2.541242
1.264482
1.332803
1.503739
1.254447
1.142735
1.364655
1.706903
1.864113
2.121349
2.048424
2.032037
2.281480
2.192431
1.172511
2.404942
2.474408
2.289971
1.217505
1.160210
2.418417
1.221478
2.191357
2.187381
1.654720
1.274680
1.874046
1.797798
1.631051
1.469121
1.756174
1.788724
1.590081
1.594407
1.445001
1.391991
1.342799
2.134435
2.142748
2.233833
2.298458
2.435390
2.416540
2.580905
2.007288
2.243150
1.208733
1.227708
1.761938
1.402021
2.209094
2.116116
2.435390
2.368830
2.569614
1.228492
1.258208
1.281121
1.866180
1.456080
1.337796
2.117582
1.747012
2.646541
2.513430
2.298845
2.398594
1.548129
1.190223
1.539880
1.254636
1.998662
1.928015
1.812415
1.714325
1.562241
1.255665
2.071101
1.312008
2.608037
2.022235
1.346467
1.274718
1.527361
1.321610
1.304149
1.213707
1.961962
2.181793
2.497035
2.381049
2.631176
2.539227
2.578804
1.171700
1.271766
1.776514
2.156467
1.695632
2.057600
1.701324
1.843488
1.800737
1.637743
1.342570
2.151382
1.492414
1.335992
2.691705
2.498669
2.339093
2.073775
1.696816
1.772897
1.267605
1.217642
1.702104
1.426209
1.498560
1.420900
1.319239
1.261628
1.833513
1.279047
2.528871
1.880220
1.204682
1.949935
1.272965
1.220412
1.863131
1.860101
1.810830
1.537845
1.389337
1.298735
2.196771
2.521516
2.117190
2.452115
2.123506
1.352573
1.653871
1.759299
1.907784
1.288405
1.779969
1.909535
1.700366
1.682170
1.492414
2.360667
2.278849
2.449596
2.474410
1.208935
1.507999
1.499753
1.591604
1.349470
1.445001
1.214425
1.925158
1.699212
1.635988
2.627488
2.520915
2.492797
1.242263
1.207621
1.444950
1.746716
1.723233
1.444142
1.304346
1.303609
1.532122
1.353457
2.447310
2.601372
1.930747
1.193858
1.750589
1.372308
1.349473
1.929919
1.605527
1.941729
2.382102
2.477494
2.466808
2.067846
2.340240
2.216481
1.741678
1.923287
1.914884
1.681196
1.469604
1.567800
1.566216
1.996380
2.595200
2.390442
2.116074
2.071844
2.470490
1.309091
1.863539
1.696812
1.780770
1.263934
1.339293
1.806738
1.913864
2.231883
1.266999
2.089164
2.030335
1.817981
1.181187
1.222690
1.910956
1.909627
1.604814
1.685774
1.482169
1.237067
1.189376
1.155314
1.726447
1.193061
1.676666
1.923239
1.263718
2.102091
1.558985
2.410650
1.773318
1.108820
1.226777
1.717770
1.197323
1.631463
1.674433
1.447376
2.138483
2.095169
1.804451
1.261236
1.331425
1.864377
1.503567
1.319641
2.191346
1.703019
1.899871
1.280307
1.798093
2.038523
1.330835
2.196335
1.222621
1.496638
1.207524
2.319532
1.671047
1.088968
1.845497
1.404524
1.387329
1.483331
1.363934
2.411113
1.515127
1.698841
1.697849
1.847980
1.733005
1.471432
1.637827
2.137734
1.795875
1.919581
1.633640
1.610473
1.921495
1.224595
1.867206
1.891278
1.807676
1.271501
1.764077
1.483290
1.518067
1.150811
1.292354
1.433305
1.245756
2.411113
1.281692
1.907273
1.291850
1.260409
1.226784
1.249334
1.796423
1.634420
1.694022
1.927570
1.748373
1.800977
1.725943
1.501213
1.121884
1.364508
1.219983
1.565654
1.488082
1.294997
1.393822
1.696693
1.787533
1.793505
1.640597
1.443228
1.589836
1.783269
1.976437
2.057369
1.187691
1.184080
1.112691
1.691159
1.648332
1.103196
1.434143
1.860497
1.874004
1.956856
1.894473
1.173825
1.112691
1.093499
1.170948
1.197726
1.288627
2.035841
1.080320
1.780676
1.170797
1.153609
1.378837
1.865613
1.725891
1.630665
1.151543
1.275647
1.089916
1.244576
1.672099
1.842043
2.004406
0.922836
1.150590
1.589865
1.640110
1.082729
1.197113
1.240633
1.553806
0.872412
1.023839
1.576864
1.072011
1.123448
1.128163
1.512555
1.552509
1.552258
1.459379
1.033612
1.051986
1.403274
1.166973
0.957846
1.640692
1.664916
1.651732
1.573495
1.550966
1.682858
1.094449
1.050904
1.275421
1.021763
1.197962
1.482164
2.080963
1.316582
1.575818
1.353919
1.541131
1.475924
1.120911
1.233521
1.180384
1.183922
1.396614
1.429121
1.105607
1.448105
1.357072
1.138304
1.407084
1.184124
1.123572
0.969492
0.980949
1.521466
1.074084
1.038997
1.220829
0.941119
0.948024
1.513135
1.469161
0.948102
1.196864
1.015170
1.073826
1.311332
1.005005
1.370249
0.886137
1.365731
1.313448
1.030118
0.962772
1.038505
1.306628
1.030503
1.370706
1.521748
1.257002
1.010682
1.031060
1.069383
1.061949
0.995727
0.994026
0.951053
1.002705
0.990644
1.325865
1.074880
1.024562
0.967969
1.186265
1.024742
0.929502
1.279896
1.131951
1.086666
1.157384
1.343489
1.353472
0.991564
1.010999
1.107617
1.181892
1.255745
1.225450
2.479196
2.396992
2.272314
2.951774
1.837322
2.075321
0.995074
1.361542
1.046391
1.805527
2.138015
1.029645
1.273600
2.800817
1.174260
1.835059
1.874318
1.353014
1.888061
2.343697
1.252274
1.508585
1.294494
1.458714
2.520594
2.016756
2.569154
1.273958
2.795911
2.957154
1.563267
3.197874
2.914761
1.339951
2.764876
2.924337
2.075433
2.304519
2.737652
2.527276
1.390350
1.421374
1.181582
2.791871
3.170080
2.213489
3.695824
2.131463
3.101223
2.881794
3.164486
1.409347
2.546995
2.842466
2.037662
3.669985
2.956497
1.972283
1.546887
2.255209
3.295218
1.475479
2.308695
1.713555
1.471192
1.701636
2.956158
1.447850
3.398921
2.355422
1.406223
1.568665
3.587844
3.621022
3.599880
1.354219
2.902964
2.248979
2.296173
2.145345
2.990967
3.270060
1.351762
2.714490
1.586250
3.026081
3.617818
3.558160
2.141752
2.294089
1.321466
1.250524
1.519881
2.198581
2.916448
1.647087
3.345660
2.117285
2.295832
2.713037
2.674700
3.572635
1.411312
1.587337
2.894001
3.747538
1.915226
1.440463
1.311486
2.100577
1.634156
1.345102
2.607132
1.996606
1.309899
1.411901
3.359915
2.725754
2.192883
2.151777
1.735137
1.897536
2.800228
1.426368
1.730529
1.612413
1.616923
1.616630
2.823702
1.198945
1.522178
1.878638
2.094274
1.501496
1.599578
2.042070
1.766607
2.831316
1.800179
2.585029
3.503076
1.112910
1.413081
1.268483
1.395844
3.040265
3.713779
2.805112
2.166430
1.613286
1.591329
1.816348
1.508772
1.095129
2.143871
3.092842
2.220827
1.377759
1.435693
2.444479
2.227321
2.140943
1.022359
2.988719
3.004969
2.013842
1.819398
1.176553
1.421744
2.664339
3.025167
2.989102
1.495520
1.282712
1.329533
1.943201
2.006660
1.254444
3.409513
1.922393
1.178600
1.136113
1.223585
3.663892
3.107814
3.165362
2.279063
1.798063
2.072590
2.538563
2.195844
1.672164
1.839866
1.049496
3.603261
2.830189
2.099443
1.455698
2.993413
0.943473
3.768439
2.112932
2.078258
1.700276
2.234944
0.948157
0.897506
3.089536
3.021384
3.226619
3.080955
1.683867
1.987479
1.118312
2.854823
3.156104
1.132672
3.016523
1.957507
1.835820
1.938262
3.503915
1.497727
2.944261
1.058284
2.460214
1.674147
2.031635
1.810714
1.810419
2.526248
2.047031
1.917430
1.789634
1.858731
3.161870
3.348447
1.532699
1.817495
1.967629
3.150700
2.591098
1.302755
1.826617
2.631287
1.830635
3.246292
3.289998
3.681958
1.444652
2.559296
2.957764
2.215168
2.976440
2.515640
1.790270
2.345369
2.444361
0.810046
3.224633
1.796537
2.857968
3.383513
3.681958
1.101005
2.092509
1.528913
2.831669
1.702318
1.778402
3.242617
1.685311
3.262270
1.389162
2.075571
1.822911
2.125363
2.419765
1.635523
1.768221
2.380170
1.620988
2.323865
2.820701
1.992668
1.707719
2.452050
1.805288
1.980818
2.453743
1.939972
2.943290
1.925441
2.102677
1.627246
2.223430
2.099693
1.867040
0.895017
2.229142
1.194537
2.760962
2.685571
1.649209
2.322133
1.290336
1.768151
2.257160
2.369569
2.292959
1.363564
1.597619
1.221460
1.662344
2.154778
2.404209
2.149052
2.321171
1.970995
2.787836
1.225230
1.386959
2.241844
1.989912
1.097936
2.057655
3.033896
1.084943
1.997985
2.031250
1.644776
0.965752
1.305611
2.137314
1.501859
2.015104
1.816980
2.191893
1.800381
1.550941
2.293663
2.292377
1.688425
1.496557
1.265305
1.642571
2.951968
1.786461
2.111465
2.149837
1.324962
2.506735
1.586512
1.881421
1.945587
1.544654
2.348311
1.581312
1.493930
1.429061
2.955141
1.050435
2.024398
1.713825
1.753722
1.816854
2.975229
2.935944
2.076278
1.468841
1.564867
2.298343
1.073969
1.772837
1.998649
1.655394
1.398934
2.897277
0.736544
3.069860
1.433917
1.560063
1.377170
0.978520
1.317560
1.871231
1.083021
2.392021
2.167293
1.205370
2.867065
2.421397
1.532413
1.130365
1.326713
1.209503
2.018414
1.098565
1.740735
1.361108
1.262851
2.745179
1.405946
1.342245
1.017321
2.579015
1.268530
2.634288
1.172937
1.273164
1.297231
2.295010
1.310998
1.265116
1.474091
1.543454
1.278478
1.031795
1.045878
1.117779
1.323950
2.243141
1.488338
0.867738
1.070975
1.003351
1.523988
1.564187
1.375139
1.492712
1.438768
0.929317
1.032271
1.013426
0.919300
2.121834
0.981077
0.654264
1.727918
1.538730
0.936843
1.016106
1.070873
2.343945
2.354981
0.998861
1.747309
2.821575
2.162426
2.858134
2.350301
1.200333
2.667429
2.251355
1.358730
2.056094
1.503739
1.681219
1.392836
2.346245
1.273369
1.552620
1.153158
1.840425
2.501305
2.362003
1.411258
1.362694
1.294033
1.295957
2.062945
2.304089
1.802261
2.568294
2.108429
1.939523
1.833532
1.617781
1.826346
1.598347
1.501213
1.767174
1.722484
1.371242
1.507818
1.264886
1.087866
1.157425
1.109410
1.086854
1.482110
1.400263
1.107818
1.088301
1.049957
1.079661
1.035377
1.209863
1.274127
1.217398
1.153236
3.212021
1.624151
2.364958
1.173898
1.208261
1.863989
1.315384
1.962523
1.244779
2.207900
1.413766
1.154222
1.092418
1.152991
1.847006
2.486630
1.314950
1.748842
1.205329
1.163828
1.246749
2.591357
1.336440
1.320081
1.280047
1.351107
2.542710
2.895232
2.265469
1.163645
1.516084
2.701409
1.863558
2.115912
1.287155
1.898119
1.189076
1.404785
2.906541
2.265036
2.151163
2.068147
1.267094
2.690826
1.476623
1.979373
2.179695
2.056252
2.108653
1.327118
2.111015
1.349833
2.483837
2.659497
2.372769
1.138622
1.428239
3.197524
1.214895
2.483906
2.735077
2.007309
3.011221
1.933984
1.442949
1.236637
1.621905
1.292953
2.397934
2.788711
3.177202
1.794235
1.374136
1.475855
2.015120
2.029227
1.314272
1.588230
2.766511
1.326106
1.341234
1.322414
1.938557
2.443616
2.836338
2.301468
2.285712
2.156472
1.600814
2.141681
3.193996
1.294421
1.588426
1.530644
1.647160
2.202863
2.995789
2.549979
2.035560
1.791242
2.602237
2.634887
2.654981
3.179144
2.137619
2.160091
1.345378
1.437466
3.145820
3.110798
2.133904
2.691884
2.080917
1.587474
2.347113
2.148373
1.542577
2.938081
3.154551
1.224115
1.188533
1.363380
1.553634
2.075373
3.348410
2.222874
3.292048
2.132457
1.506728
1.509567
1.408596
1.935396
2.335055
2.797878
1.921403
3.069701
2.120623
2.087112
1.574161
2.045054
3.042279
1.380920
1.520341
1.558444
1.513067
1.398012
2.630717
2.981777
3.048260
3.692428
3.650333
3.046109
1.302751
1.561153
1.618006
2.887691
2.809485
2.178444
1.595231
3.672115
3.461839
3.570756
1.435950
1.517287
1.462814
3.566655
3.681277
3.427305
1.524576
3.531350
3.612755
3.575141
2.870074
2.970508
1.536500
2.152481
2.390952
1.680572
3.464202
3.702533
2.232030
1.281596
1.365008
1.606537
1.731994
2.706468
2.891141
3.055881
3.220638
2.965741
2.023128
1.359104
1.421922
1.371738
2.228670
1.447637
2.131697
3.307168
3.436659
1.617589
3.654465
1.340403
1.447019
1.626128
1.384918
1.931730
3.059437
3.481132
2.036370
1.666609
1.538048
1.861730
2.402050
2.800797
2.772818
2.940981
2.394239
2.253239
3.424627
1.479856
2.763916
2.362719
2.940216
2.113092
1.404021
1.218567
1.343594
1.527006
2.752394
1.622741
2.754279
3.468556
1.949839
1.788962
1.353214
2.177581
3.322987
2.307712
2.368621
3.664447
3.571681
3.011226
1.988092
1.955251
1.450957
1.415928
1.500660
2.017921
1.347444
2.706468
2.259175
1.537761
2.051653
2.031775
1.273472
3.268207
1.929172
2.107616
3.071178
1.958111
1.314606
1.363702
1.833042
1.444857
1.302546
1.499223
2.734624
3.125985
1.680018
1.819964
3.376242
3.488763
3.682701
1.357786
1.295048
1.338287
1.379986
1.339531
3.389836
1.997017
3.529566
1.540835
2.083290
1.255320
1.472480
1.993520
2.915449
2.260540
2.931796
3.406714
2.072842
1.570226
2.847822
3.446422
2.253835
2.527042
2.157758
1.265149
2.824067
2.626672
3.786900
1.508280
2.128064
3.529566
2.949164
2.868025
1.992931
1.487513
1.453900
1.367860
1.658730
1.793128
3.089536
2.735336
3.087213
2.173670
1.862863
2.942490
1.220293
2.058537
2.750578
1.787693
2.133578
1.882100
1.024713
1.972550
2.142277
1.392270
3.055535
2.010206
1.007499
2.093801
1.660183
2.088802
1.933582
3.091765
2.308250
1.899904
2.311583
2.060659
1.978991
3.013582
2.577235
1.319005
2.165425
2.893256
3.035886
1.531054
2.058172
0.918993
2.861233
2.003563
1.403776
0.941932
2.715304
1.913430
1.968881
1.618069
1.984401
0.981043
3.137023
2.069637
2.975276
3.210803
1.959717
1.793270
1.051829
3.047729
3.136938
1.247042
2.972277
1.895285
2.978794
2.813884
1.585085
2.975847
1.983866
1.645310
1.968293
3.163607
1.912761
2.674794
2.544910
0.983356
1.577313
0.894459
1.065704
1.365393
1.403355
2.973274
3.803398
1.644766
1.785868
2.779640
2.571005
2.747010
1.669458
3.486859
1.846544
1.292049
2.801325
1.347857
1.234846
3.445362
3.724540
2.542803
0.980292
1.710107
1.882794
2.225777
3.314622
3.816140
3.301458
1.577539
1.855999
3.767891
1.221857
2.553415
3.425061
3.168735
3.727797
1.955276
3.383513
1.634712
1.875617
2.731918
1.603083
2.343827
1.788782
1.896212
3.604252
1.586735
1.716122
1.554620
1.641242
2.426151
2.301411
2.844916
3.709905
2.035664
1.444652
1.715886
3.191034
3.192648
3.244733
2.838950
2.838052
1.819421
2.668663
2.515724
1.882548
1.016230
0.991220
3.320262
3.312692
1.831055
2.087584
1.831196
3.203602
1.975843
2.183619
1.652136
2.003909
3.688583
1.765447
1.085014
2.187628
3.246178
1.574291
1.990016
2.856201
2.818050
2.880706
2.752034
1.801127
1.265824
2.475299
3.503676
3.210470
2.840798
1.826329
1.271389
1.272521
1.692824
1.677088
2.361549
2.395172
2.788826
1.933831
1.077631
2.197458
3.350368
1.725762
1.864012
3.272995
1.536841
2.493376
3.199622
2.135866
1.889826
1.961552
2.980765
1.682329
1.058608
2.342230
2.413383
1.919451
1.797141
1.921956
3.257169
3.110735
1.919445
2.453743
1.686592
1.864054
2.357807
1.523139
1.799586
2.526383
2.015005
2.062309
1.351314
1.939972
1.627226
2.317366
2.197686
1.844669
3.108952
3.119905
3.026150
1.685695
1.530365
3.011978
1.978496
1.878444
1.575957
2.757437
1.724427
3.356597
2.093118
1.958045
1.660934
1.751868
2.080088
2.237153
2.622038
1.286188
1.532762
2.040451
2.939057
2.180740
1.888567
1.736092
0.996418
1.069715
2.377446
1.504812
1.684016
1.921988
1.919558
2.468321
2.035087
2.074335
1.142485
1.727270
3.130490
2.753909
1.470379
1.473247
2.267913
1.510030
1.928856
2.202246
1.786320
1.076112
2.085119
1.212051
1.486307
2.507983
1.550351
1.149886
1.862120
2.534235
2.064325
2.621371
1.356131
2.943651
2.364932
2.360631
2.019389
2.294552
1.409579
1.883795
1.495870
1.741373
2.225601
2.008829
1.158098
1.739282
1.775604
2.037789
0.937567
2.089949
1.196724
2.185653
1.866132
1.490939
1.723766
2.730733
2.238914
1.633011
2.462397
1.549225
1.870954
2.021475
2.138662
1.923738
1.571749
2.263760
2.800081
3.072234
1.507808
1.338801
2.869942
2.728781
1.610686
1.321523
2.745253
1.693153
1.138557
2.509731
1.413949
2.263299
2.596468
1.111403
1.725886
2.062956
3.200428
2.961759
1.381450
2.155687
2.038914
2.198549
2.594727
1.939181
1.764825
1.751893
1.099987
1.510318
1.534285
1.520003
2.603494
2.831724
1.138878
1.333651
1.179420
1.680209
0.993165
2.679269
1.694971
1.534816
1.798904
1.846558
2.931447
2.731181
1.134534
1.937214
1.199073
1.248980
1.556770
1.841117
3.051031
2.602750
1.841668
3.020527
1.570896
1.201257
0.990560
0.781069
1.496104
1.131056
1.470758
2.631369
1.041430
1.937323
1.359457
2.903848
2.669062
1.027539
1.464375
1.657138
1.609161
1.267465
1.467577
1.789909
1.573854
1.550737
2.844340
2.780106
2.984046
1.163237
1.171030
1.273607
2.003061
0.710699
1.944528
2.943162
1.122845
1.488263
1.514020
2.719289
2.366771
1.765852
1.334304
1.718543
1.674686
1.228678
0.969194
1.865621
1.748264
0.994017
1.635126
2.865420
1.339483
0.852220
0.897282
1.726190
1.277318
1.797581
1.265579
1.547971
1.684490
1.597661
1.618616
1.168022
1.045803
2.561875
1.090954
1.189325
1.336222
1.505798
1.124478
1.445374
1.216009
1.530899
1.244233
1.827840
1.203853
1.284473
0.997738
0.966619
1.580667
1.386765
1.447970
1.432123
1.207458
2.404403
1.166272
1.359854
0.924099
0.976035
0.935678
1.213407
0.802892
1.482366
0.981988
1.721818
0.777760
0.922523
0.991662
0.772414
0.860059
2.773356
1.208143
2.400611
2.443937
2.646044
0.542641
1.337604
1.044449
1.086736
1.568680
2.943636
1.336530
1.017882
1.017429
1.850653
2.723882
2.809406
0.976667
2.110057
2.359865
2.083194
1.778227
2.850972
1.216661
2.712196
1.414399
1.247157
2.029115
2.791808
2.647073
1.485246
1.184209
1.785128
1.998662
2.691705
2.460081
1.275483
1.950405
2.127967
2.045674
2.475399
1.843923
2.534088
1.258201
2.072087
1.332335
1.462641
1.576090
2.034983
1.612057
1.970269
1.695935
1.573925
1.984024
1.341568
1.862401
1.414625
1.145355
1.133989
1.179170
2.272573
1.286111
1.652597
1.164711
1.268656
1.584177
1.891814
1.661196
1.559162
1.172068
1.232725
0.998307
1.655239
1.143796
1.015647
1.113577
1.545999
1.088303
1.062688
0.967195
1.011953
1.074823
1.003427
1.161294
1.068430
1.277179
1.273115
1.092054
1.202326
1.201458
2.925156
2.620546
1.349620
2.518766
0.877472
3.443864
1.484853
2.332279
2.527274
1.654547
1.236540
1.550729
1.388538
1.191685
1.198746
3.546930
1.414842
1.737501
1.281079
1.600771
2.042319
2.133765
0.850781
2.519717
3.263932
3.615723
3.321557
1.523290
1.871787
2.404834
1.151236
2.919841
2.460474
2.537131
2.570901
1.649787
1.427082
1.684752
1.852671
1.407038
1.171292
1.324947
1.724685
1.984527
