7502 1 1
0.596511
1.115829
0.933799
1.626799
1.863456
0.370988
0.559469
1.731336
0.957682
1.193681
1.405739
2.410270
1.531318
1.176681
1.790587
0.899285
1.406061
1.163316
0.875493
2.053764
2.080637
1.041208
1.988326
0.800730
0.903810
1.069572
2.175097
1.917665
1.296486
1.353886
0.870112
1.039316
1.142261
1.677931
2.190297
1.350016
1.934691
1.779468
1.433341
1.574331
1.216827
0.887767
0.998200
1.741318
1.235811
1.053015
1.658648
0.778409
0.837556
0.988130
1.806236
2.758285
0.926455
2.067339
2.470600
1.642874
2.193052
1.706877
2.051119
2.891284
2.863692
1.534441
1.870393
1.792728
2.507003
1.984392
0.910390
1.217784
1.001247
2.097387
1.674610
1.797802
0.860632
0.924561
0.862949
1.739281
1.228605
1.376831
1.385574
1.952316
1.028484
1.316167
1.050020
1.074410
1.963814
2.378088
2.705639
2.500507
2.085065
1.112042
2.483118
2.001092
1.394790
1.451493
1.235063
2.274276
1.605713
1.238016
1.947065
0.969863
1.214233
1.102733
1.651975
1.497733
1.246542
1.197293
1.092990
0.842761
1.340861
1.314288
2.699843
1.065247
1.539114
1.280788
1.221162
1.403875
1.352224
1.673583
0.964025
1.563553
1.620770
2.045171
1.840177
2.412172
0.913518
1.138522
1.267672
1.099267
1.375571
1.075609
2.813765
1.233377
1.362597
1.008436
1.757854
1.400685
1.303865
1.928845
1.247499
2.084915
1.479270
1.492889
1.278938
1.637091
1.569116
1.251609
1.874781
1.008436
1.041715
0.837618
1.125739
1.033131
1.069068
1.957901
1.056490
1.055027
1.235830
2.510533
1.092188
1.833221
1.090115
1.513852
1.005362
1.039861
1.669541
1.092921
0.884292
1.928026
0.896168
2.131376
1.501328
2.508655
1.589213
0.935706
1.225634
0.986063
1.635908
2.080045
1.339658
1.246376
1.327062
0.988755
1.069160
1.357621
1.473402
1.102837
1.616498
1.095386
1.042807
1.012346
1.246641
1.414465
1.880357
1.529543
1.769352
1.334510
0.932693
0.844681
2.248333
1.643820
1.390046
0.924844
1.367619
1.196364
0.637912
1.643154
1.422789
2.203326
1.094613
1.558266
2.151134
1.143298
1.459833
1.681643
2.200531
2.123222
1.396657
2.792121
1.720284
1.114857
1.547875
1.199035
0.900951
0.915309
1.493173
1.702252
1.394555
1.124809
1.707780
2.130244
0.525707
2.034194
1.955197
0.794312
1.067122
0.499877
1.828413
1.458135
2.592068
2.681950
1.903608
1.619889
1.091307
1.066085
1.233199
1.718329
1.505788
1.971397
0.778706
1.273235
2.076201
1.757695
1.713368
1.440877
0.818852
0.926013
1.271253
1.213467
1.627672
1.028200
1.032320
1.289367
0.965283
2.561062
2.321171
1.954042
2.035061
1.014923
1.097777
1.538413
1.997681
1.784495
1.520612
1.032123
1.499841
1.038705
1.694437
1.755208
1.091477
0.497868
1.261947
2.028267
0.949701
1.833186
1.092807
2.231575
1.073991
1.801590
2.026234
1.693705
0.967562
0.738856
1.271865
1.106149
1.014522
2.020479
2.013686
1.774672
1.197641
0.781517
1.037757
1.764622
1.103423
2.015286
1.414140
0.912276
2.012740
0.785010
1.027848
1.598452
1.708998
1.172738
1.352508
1.744595
2.026620
2.210959
1.186917
1.664544
1.899399
1.826502
2.478987
1.410813
1.802892
2.014342
0.827625
1.191631
1.959398
0.577006
1.203629
1.271093
1.270652
1.841352
1.976580
0.970005
1.124445
2.045852
1.283374
1.306811
2.010473
1.533301
1.348021
1.331674
1.834517
1.697247
1.519516
1.365406
1.529595
1.253143
1.620238
1.862799
1.854084
1.508164
1.639819
1.107483
1.269447
1.340915
1.871906
1.148688
1.600824
1.444489
1.225072
1.433186
1.907380
1.987836
0.889626
1.173027
1.379643
1.659075
1.152334
0.999955
0.912471
1.934185
1.177743
1.257884
1.539506
1.801206
1.003070
1.409629
1.043523
1.707577
1.493744
1.096143
1.359263
1.451500
1.824685
2.257981
1.408221
0.701576
1.521140
1.417903
1.506956
1.103431
0.789899
1.263537
1.110744
1.745034
1.162463
2.066731
1.198290
1.215993
1.122950
1.669363
0.728245
1.058449
1.186383
1.201618
0.998282
1.517861
1.060690
1.185069
0.931697
1.492523
2.023273
0.636845
1.022504
1.759690
0.620757
1.816299
0.953770
1.912165
1.721602
1.727281
1.279398
1.277257
1.037417
1.338449
2.117143
1.336546
0.953245
1.079965
1.073966
1.927748
1.759491
1.453713
0.977808
1.954570
0.591357
1.510531
1.377259
0.741251
1.444316
1.731024
1.007082
1.437468
1.724667
1.207172
1.764010
0.743860
1.046219
1.785449
1.183957
1.209158
1.197477
1.833303
1.681701
1.882143
1.670791
1.738961
0.870014
1.144563
1.219231
1.493841
1.028264
1.102581
1.479253
0.825094
1.333679
1.898692
1.198763
1.055370
0.979373
1.750452
1.516862
1.956573
1.864200
1.817767
0.802084
1.136059
1.632618
0.916416
1.208206
1.051582
1.554178
0.847478
1.003265
1.066970
0.959081
1.003265
0.987931
1.620935
1.403547
1.991771
0.989983
1.586850
1.042105
1.052480
1.128410
1.580367
1.522090
1.101453
1.400085
0.925062
1.185990
1.501478
1.320201
1.606166
1.256588
1.084810
1.423761
1.976729
2.086986
1.621008
0.938332
1.159927
0.395073
0.946876
1.580367
1.029688
1.097966
1.036738
0.891808
1.056245
1.820817
0.995865
0.972874
1.716677
1.170719
1.427532
1.211272
1.062500
1.361764
1.565651
1.055261
0.996367
1.176209
1.592262
1.254086
1.683402
1.098585
1.264230
2.070764
1.961772
1.271653
1.278814
1.056280
1.203239
1.328148
1.056671
1.574403
1.302969
0.981465
1.099128
1.607984
1.602369
1.419664
1.100095
0.865744
1.056671
1.317302
1.305884
1.254086
0.486700
1.542863
1.185484
1.493557
0.967547
1.149833
0.980206
0.321413
1.405465
1.025183
1.216463
2.000051
1.619188
1.360216
1.152853
2.228170
0.547744
1.074258
0.924807
1.546906
1.361264
1.157114
1.181568
1.000411
0.999424
1.192859
0.479692
1.405465
1.819411
0.896746
1.439298
0.971390
1.059836
1.702334
1.123917
1.308106
1.270747
0.902304
1.100229
0.909670
1.465162
1.029791
2.023892
1.192055
1.103367
1.296497
1.453529
1.330779
1.750531
1.872226
0.748188
1.414968
1.172432
1.133092
1.456364
1.401837
1.159039
1.050988
1.120458
1.973855
1.735686
0.269412
1.302655
0.970611
0.938194
2.031199
0.886008
1.853109
1.517608
1.121281
1.786488
1.229990
0.719531
1.105130
2.008126
1.223700
1.221970
0.783107
1.811996
1.083953
1.580484
1.718934
1.261522
1.728856
0.954721
1.056148
1.340357
1.142193
0.925712
1.377387
1.229409
2.237225
2.137020
1.643462
1.436482
1.751376
1.698217
1.605686
2.040102
1.646810
1.072535
1.207890
1.654761
1.321625
0.932669
1.348381
1.311235
1.065308
0.882961
1.070615
1.282453
1.166019
1.085527
0.999894
1.223852
1.102591
1.113606
1.153705
1.300897
1.039722
1.058733
1.021908
1.121979
1.032948
0.965133
1.032603
1.097475
1.164986
1.144868
0.963865
0.990988
1.062384
1.408371
1.093626
1.018315
1.221196
1.081989
0.975736
0.963334
0.839457
1.056510
0.990849
1.370278
0.404103
0.590772
0.449218
0.876310
0.640496
0.733987
0.640496
0.564150
0.237696
1.020862
0.472939
0.922506
1.014712
0.799448
0.784328
0.675651
0.659886
0.725877
0.898429
1.128721
0.760060
1.404436
1.233121
0.828746
0.669845
0.610801
0.594301
0.994893
1.017771
1.282711
1.385812
1.338036
1.216583
0.939417
0.822534
0.778008
0.613641
0.469262
0.573270
0.803902
0.832722
0.819131
1.314611
1.521115
1.507313
1.317198
0.810239
0.674122
0.736806
1.147937
0.820133
0.619101
0.689176
1.473879
1.473879
0.735742
1.444268
1.249386
1.450235
0.771710
0.797733
1.154787
0.550191
0.817686
0.455881
1.395852
1.476965
0.771787
0.953108
1.485526
1.528822
1.543447
0.901702
0.814202
0.964967
0.917262
1.158990
0.677297
0.748399
0.883416
0.787280
1.487802
0.874840
0.925034
0.871477
1.571043
1.027467
0.763513
0.980424
1.505742
0.899678
1.371280
0.856058
1.210226
1.034049
0.370988
0.718142
1.052587
1.129808
1.971350
1.999175
1.749466
1.159103
1.181460
0.982056
1.887290
1.770767
0.909162
1.500895
1.643941
0.849797
1.089152
0.781010
0.732948
0.912930
0.945322
0.773315
1.277793
1.247996
1.371078
1.530660
1.150965
0.893895
1.608762
1.700196
0.678188
1.969039
1.553208
1.808834
1.546034
1.435139
1.856043
1.346691
1.373715
0.904543
1.424457
0.833559
0.654367
1.424753
1.239951
1.757309
0.978604
0.977710
1.003823
1.795693
1.071200
2.063087
2.120202
1.046664
2.451656
1.041950
0.888924
1.656907
1.115829
1.201005
0.873401
1.834011
1.327652
1.798019
1.062757
0.874299
1.130167
1.970433
1.960550
1.969164
1.197980
1.030753
1.044946
0.971937
1.863556
1.138875
0.967972
1.722136
1.066172
1.147989
2.369435
2.333633
1.218560
1.065511
2.103601
1.362314
1.966338
1.698789
1.150365
1.691608
1.468235
1.688198
1.621100
1.500716
0.881875
0.892688
1.035437
1.046612
1.371280
1.293810
1.339851
1.491130
1.324082
1.803402
1.798019
1.575028
1.569940
2.767168
1.975054
1.831747
1.763686
1.638413
1.265831
1.158772
0.892136
0.878392
1.004479
0.933533
1.113533
1.073203
1.503176
1.405614
1.067590
1.730844
1.349957
1.063588
1.137012
1.567823
1.771454
1.129608
1.433650
2.610801
1.847310
1.484212
1.726581
1.744339
1.929313
1.660956
1.433341
0.905187
0.910977
1.007487
0.982167
0.964731
1.417674
0.979216
1.636102
1.275830
1.388702
1.275623
1.480474
1.675589
1.718108
1.489188
2.011173
1.467408
1.337732
1.033208
0.926724
1.211744
1.746472
2.112951
1.656398
1.358425
1.853400
1.683392
1.727622
1.534213
2.815769
1.933248
2.733707
1.294436
1.220014
1.407067
2.854843
1.692830
1.311689
1.409795
1.008145
1.250900
1.223346
0.937696
1.090500
1.145526
1.615790
1.855579
1.580113
1.007787
1.644080
0.997701
2.158051
1.745362
1.156831
1.129608
1.184209
1.943578
1.516743
1.227684
1.827992
2.208113
1.796384
1.470919
1.416741
1.398037
1.377654
0.922101
0.991787
1.180783
1.674113
1.612698
0.879049
1.405998
1.480236
1.540198
2.208872
1.548679
2.759942
2.848914
2.095990
1.847021
1.167842
0.848065
0.998803
0.929295
0.910674
1.867990
1.529585
1.811855
1.825650
1.736417
1.255930
1.978996
1.643321
1.648084
1.363663
1.593653
2.604452
2.776800
1.951730
1.847021
1.718707
1.838378
1.045405
1.130714
1.614239
1.661099
1.648281
1.717349
1.424940
2.403807
2.759942
2.118793
2.480849
1.860964
1.218928
0.954922
0.917345
0.785229
0.831938
0.917433
1.736712
1.763738
1.890290
1.964600
1.605302
1.934691
2.406989
1.364660
1.015623
1.463485
2.024296
1.737673
1.214736
1.984007
1.853033
2.407234
2.354557
2.301541
2.877189
1.857532
2.457398
2.357535
1.553163
2.371885
3.066979
0.954229
1.038407
0.925045
1.113440
1.021817
1.783129
1.893195
1.571871
1.218203
1.372937
1.690489
1.943955
2.168235
1.229022
1.661181
2.355217
3.004399
1.161775
3.000493
3.193564
2.474724
1.852480
2.443555
0.963581
0.925813
1.495172
1.089003
1.698273
1.786933
1.678158
1.519935
1.975896
1.503004
1.584770
1.585530
1.787706
2.122902
2.060169
1.226240
3.035727
1.501464
1.577642
1.902675
2.539341
1.467113
0.985368
0.940203
1.063230
1.519347
1.691270
0.915648
1.346307
1.278283
1.891863
1.972405
1.637533
1.837552
1.462389
2.264815
1.677536
1.705599
2.278946
1.658952
1.662095
1.792728
2.027352
2.877639
2.128265
1.821639
1.663283
2.202366
3.108424
1.574073
1.390800
1.051292
0.820486
1.008293
1.882414
1.713412
1.646046
1.745662
1.509811
1.920381
1.935964
2.130533
1.919570
3.049142
1.736904
1.894401
2.667483
2.082403
2.887819
1.896024
1.041010
1.354048
1.192231
1.013032
0.955616
1.115187
0.997818
0.956546
1.076560
1.570182
1.523697
1.907554
1.652844
0.977973
1.129536
1.646537
1.880263
1.565738
1.673567
2.106157
1.317002
2.859335
2.328668
2.853468
2.164002
2.377639
2.377639
2.107141
1.332047
1.284879
1.047310
0.924985
1.622993
1.568053
1.839278
1.742090
1.905240
1.602677
1.868675
1.955143
1.965981
1.854852
1.028484
1.737226
1.779272
2.027215
1.601618
1.722973
2.328543
2.273152
2.641277
3.254650
3.005638
2.356756
2.462883
2.583413
1.982606
1.505329
0.991839
1.067566
1.010556
1.626199
1.685359
1.080461
0.977973
1.204666
1.518264
2.119211
1.331915
1.887114
2.147123
1.708572
1.164393
1.803544
2.053186
2.058227
2.667483
1.881591
2.860244
2.435347
2.746043
1.003542
0.894172
0.927203
1.017448
1.060306
1.682184
1.630481
0.810592
1.497326
1.806634
1.749932
1.370241
1.765208
2.223643
1.690447
2.068080
1.470668
1.446447
1.967176
2.106157
1.412643
1.145932
1.675303
2.825491
2.749195
2.402584
1.995222
3.043372
2.071890
0.893829
0.784986
0.920844
1.036313
2.104873
1.319470
1.804140
1.207250
1.674311
2.509147
1.379567
1.344647
1.772696
1.629654
2.302975
1.955957
2.898802
1.616410
2.227567
1.188660
1.648673
1.488061
1.384576
0.993337
1.061896
1.401806
1.522918
1.792201
1.782436
1.556565
1.403990
1.560923
1.264497
1.299984
2.782350
1.977584
2.709687
2.475914
2.947071
2.444257
1.830776
1.043168
1.079396
1.138639
0.884353
1.357957
1.167986
1.265776
0.970220
1.427451
0.810592
1.588722
1.676956
1.917213
1.744058
1.134022
1.607199
1.988888
1.494662
1.569801
1.491770
1.701141
1.426967
1.899953
1.822894
1.781127
1.891240
2.494918
2.580240
2.713360
2.945807
2.946744
2.803120
2.565163
2.877189
2.915974
2.716876
1.224702
1.097362
1.539051
1.068692
1.189090
1.222275
1.306342
1.594266
1.193326
1.720976
2.678243
2.494087
2.436568
2.606074
2.915210
2.818536
1.469853
1.994527
1.957850
1.351655
0.938798
1.006614
0.981458
1.526170
1.497875
1.224689
1.537673
1.601121
2.087328
1.401162
2.151289
1.293977
2.667396
1.468007
2.587815
1.672150
1.713626
2.905958
1.242586
2.224695
1.899694
1.119748
1.619372
1.499009
0.873929
1.231308
1.697695
1.656838
1.459116
1.722735
1.410217
1.378203
1.460012
1.151078
1.799190
1.846206
1.026514
2.783396
2.937767
1.567386
1.769134
2.072031
2.354390
2.017400
0.936337
1.322530
1.113922
1.067730
0.812183
0.958527
1.362460
1.650581
1.858266
1.600599
1.498018
1.160692
1.696060
1.765835
1.578224
1.410545
1.852378
1.931674
1.593863
2.071227
2.139551
2.755069
2.169302
2.173283
2.021636
2.667030
1.153908
1.818075
1.218837
1.047978
1.702981
1.531349
1.550233
1.596261
2.122230
1.475881
2.190016
1.738939
1.792053
1.231212
1.761185
2.035969
1.633219
2.782328
2.427716
2.110044
1.171172
1.016757
1.139407
1.092562
1.124785
1.279640
1.225719
1.085346
1.894156
1.442057
1.046037
1.228913
1.400245
1.207345
1.845275
1.795679
2.982384
2.746578
1.308034
1.583756
1.219966
1.166403
1.080181
1.261301
1.403421
1.015864
1.054906
1.120667
1.048791
1.552152
1.281311
1.944051
1.505093
2.023750
1.824375
1.368253
1.717106
1.824991
1.702821
0.928856
1.378529
1.712205
1.506910
1.699231
1.806260
1.899920
1.608177
1.936600
2.505078
2.371096
1.868932
2.883103
2.037883
1.517161
1.741775
1.430784
1.269387
1.381459
1.299735
0.811720
1.184607
1.528717
1.571309
1.403875
1.636935
1.515786
1.652529
1.614024
1.878612
0.915447
1.404571
1.170447
1.397507
1.641948
1.664156
1.675391
2.334909
1.799280
1.918820
2.848754
1.850260
1.956238
1.862299
1.668138
1.559424
1.097638
1.589496
1.317293
1.103820
0.921370
1.115388
1.421288
1.748368
1.829728
1.580060
1.635896
1.473133
1.122276
1.731341
1.870076
1.033394
1.673621
1.265373
1.443813
1.786924
1.602759
1.051551
2.714497
1.026035
2.270335
1.651975
1.731476
1.731476
0.887438
0.911467
1.140057
1.305782
1.728781
1.563252
1.701004
1.713754
1.345233
1.473133
1.458480
2.113733
1.346043
1.392333
1.964540
2.213614
1.161479
2.428516
2.093968
2.546841
2.587815
1.842574
1.445807
2.490017
2.710016
2.212953
2.081972
1.888502
2.516785
1.547678
1.766945
0.928990
0.852870
1.027376
0.899171
0.807679
1.136956
1.151820
1.524758
1.525877
1.692770
1.621045
1.661649
1.536006
1.630961
1.866871
1.812224
1.615503
1.852444
1.494292
1.555729
2.206470
1.765579
1.965580
2.444389
1.266950
2.478102
2.667078
1.876147
1.987913
1.756014
2.568024
2.035857
1.899523
0.918594
1.918981
1.000296
1.226122
0.935404
1.186177
1.693415
1.607504
1.570684
1.655849
2.018790
1.779056
1.485958
1.345621
1.109795
2.015841
1.983638
1.534316
1.620949
1.380174
1.741863
2.164499
3.013547
2.394489
2.768549
2.820047
2.370528
1.970228
1.780293
1.384884
1.458675
1.087339
1.408124
1.243315
1.941449
1.541777
1.439582
1.590300
1.582058
1.859204
1.668567
1.011412
1.757854
0.881268
1.457485
0.970890
1.575182
1.635616
1.170447
1.210521
1.714036
1.792859
1.832006
2.709262
2.898418
2.104082
2.388895
2.229829
0.982372
1.754737
0.976708
2.193819
1.724286
1.445924
1.973528
1.573863
0.904641
1.109989
1.105048
1.037499
1.058513
1.082724
1.878798
1.732018
1.561616
1.226356
1.835027
1.527774
1.554533
0.901120
1.685805
1.669913
0.994162
1.244215
1.820349
1.402597
1.443142
1.539063
1.017976
2.387268
2.871669
2.028640
2.420332
1.962363
1.301164
1.634064
1.840177
1.217195
1.410674
1.548602
1.421878
1.435386
1.525016
1.805182
1.602669
1.752099
1.922005
1.294011
1.279296
2.090850
1.811141
1.869436
1.291634
2.006657
0.915940
2.052846
2.186180
2.228946
1.094751
2.498687
1.997439
2.011204
1.819290
1.512570
2.127392
2.182706
1.945521
1.546634
1.807679
1.010432
1.101119
1.123010
1.576035
1.585091
1.518479
1.636321
1.240361
0.979898
0.921542
1.092800
1.358680
1.848978
1.741057
1.323767
1.215249
1.041715
1.683706
1.559777
1.667005
1.262152
0.881268
1.929592
1.625232
1.354981
1.034419
2.024127
2.155086
0.809434
1.059871
1.343963
1.790592
1.526929
2.055114
1.907735
1.436963
2.036360
1.929067
1.568018
2.343695
2.519675
1.916517
1.703595
1.030999
1.004059
0.855002
1.055027
1.306100
1.648180
1.263823
1.663008
1.359434
1.093660
1.505110
0.881945
1.331834
1.814092
1.784173
1.716201
1.197484
1.997993
1.040559
0.895777
2.336086
1.480708
2.027010
1.307436
1.607965
2.113888
1.445420
2.016149
1.913788
0.872361
1.675911
1.564629
1.211011
1.320790
1.565286
1.219283
1.876253
1.749698
1.685563
0.986845
1.655744
1.113160
2.131589
1.198375
2.007318
2.066965
1.765117
2.233560
1.251609
1.698951
1.823018
1.360600
0.895777
1.843188
2.019655
2.210382
2.194707
1.918066
2.062696
2.098762
1.333079
1.995616
1.596066
1.773549
1.580704
1.709565
0.994240
1.039537
0.913220
1.259179
1.583337
1.450794
1.341328
1.538215
1.114342
1.379194
1.215249
1.164678
1.048927
1.111590
1.651473
1.927383
0.987254
0.895455
0.995065
1.620845
1.014131
1.193899
1.901673
1.868352
1.414565
1.747045
1.057270
1.280361
1.205241
0.910706
1.279299
1.293005
1.240280
1.686850
1.149460
1.367990
0.927970
0.945433
1.371737
1.375876
0.708176
1.350172
0.891759
1.545768
2.338475
2.168908
0.988347
1.507809
2.709262
2.332993
2.034392
2.006552
1.977142
1.768511
1.218014
1.598494
2.710016
2.197359
1.424341
1.459833
1.347344
1.193839
2.152654
1.731922
1.285373
1.125111
1.087800
1.301523
1.319689
1.181670
1.490564
1.314809
1.628839
1.738293
1.441237
1.486247
1.666307
1.358680
0.782527
1.301687
0.953157
1.364926
0.578363
1.753750
1.206557
1.798589
1.715033
0.958403
1.704755
2.114296
2.563293
1.122431
1.089498
2.036360
2.466366
2.424862
1.782927
2.266648
1.899523
2.096667
1.137624
1.874635
1.538140
2.248104
2.440836
1.780070
1.383739
1.761492
1.419060
1.401234
1.154259
1.297372
1.172176
1.360754
0.967060
0.898985
1.502094
0.722400
1.104291
1.406763
0.775321
1.571182
1.820431
2.006657
2.066841
1.296697
2.056366
1.036334
1.315074
1.323521
2.516785
2.181454
2.508150
2.445896
1.466470
1.700969
0.926669
0.965855
1.348674
1.635019
1.352898
1.342776
1.241048
0.974443
1.651977
1.310283
1.745663
1.114038
0.827667
1.340012
1.196155
1.433298
1.400671
1.166833
1.912037
1.330126
1.606169
1.794718
2.025278
1.264266
1.649740
1.400666
2.701645
2.011767
2.508655
2.620988
0.965435
1.155884
1.130968
1.771737
1.060767
1.326109
1.477245
1.345899
0.924844
0.979258
0.935654
0.881476
0.881476
1.314877
1.254118
1.172176
1.456433
1.395758
1.475044
1.480680
0.989695
1.824349
2.149074
2.011316
1.651172
1.812652
1.328103
1.805702
1.923890
1.653905
1.478600
1.978491
2.182099
1.794537
1.888265
1.508487
1.018314
1.104104
1.126497
1.265990
1.298387
1.492625
0.901750
1.711213
1.783159
0.739519
0.920963
1.416802
1.182310
1.432140
1.389265
1.377877
1.202885
1.417692
1.718468
1.473402
1.102837
0.938379
1.102837
1.088382
1.770215
1.485943
1.693331
1.512697
1.789934
2.240798
1.338588
1.683796
2.043904
1.650991
1.143557
2.129976
1.895561
1.425779
1.214910
1.472949
1.822591
1.405500
2.184610
1.173178
1.567711
1.344462
1.378168
1.916024
1.364500
1.418859
1.167588
1.029454
1.095659
1.685419
1.711213
1.757847
1.670804
0.961304
1.621834
1.388510
1.467007
1.486859
1.170962
1.057997
1.722765
1.601104
1.081922
0.958403
1.241327
1.579595
1.424934
1.413077
2.353417
1.440309
1.438362
2.015333
1.522452
1.346795
2.027614
1.233335
1.245018
1.414057
1.384699
1.498056
1.253182
0.799850
1.693292
1.001052
1.481279
1.428886
1.711314
2.149074
2.021899
0.995065
0.995065
1.796013
1.276141
1.866298
1.570251
2.091409
1.030140
1.806680
2.064493
1.562139
1.216763
2.014165
1.090115
1.872980
1.733427
1.465276
1.321315
1.226351
1.725011
1.233717
0.947894
1.067603
0.921433
0.800994
1.724210
1.960167
1.857037
1.685827
2.133565
2.208356
2.080045
1.476019
1.315074
2.308451
2.110873
2.179405
1.804687
1.401568
1.213400
1.339658
1.303700
1.525329
1.756542
1.973493
2.025402
1.153171
2.012378
2.255652
2.651715
1.852940
1.700969
1.318590
0.998542
1.351047
1.378774
1.878037
1.299536
1.998669
1.364500
1.318129
1.064093
1.744007
1.037300
1.219161
1.774026
1.330338
1.550022
1.773623
1.712150
0.939040
0.951567
1.563268
1.260228
1.417259
1.096678
1.702246
1.962988
1.847799
1.949177
1.357803
1.633242
1.795565
1.593719
2.463785
1.753187
1.484733
1.006459
1.059914
1.052428
1.770724
1.072503
1.294026
1.287271
1.916024
1.485253
1.300894
1.228490
1.266042
1.207577
1.602510
1.199035
1.352556
1.555914
1.627839
0.496199
1.854461
0.934980
1.877902
1.882905
1.069502
1.963401
1.974168
0.985015
1.784371
2.123222
0.935053
1.858873
1.214513
1.888265
0.992252
1.525329
1.757797
0.967910
0.901145
0.996779
1.113205
1.073024
1.113706
1.213486
1.147008
1.604843
1.583135
2.016536
1.586578
1.120162
1.464784
1.916137
1.262777
1.319266
0.968956
1.275371
1.449228
1.513423
0.951894
1.131808
1.735219
1.649742
1.964902
0.869081
1.004874
1.032123
1.374833
1.377294
2.024692
1.784974
2.357977
1.525868
2.381339
2.036189
2.403478
2.801397
1.894020
1.036165
1.303256
1.193763
1.204307
0.934490
1.466593
1.127957
1.499488
1.059944
1.104893
1.286556
0.963886
1.868967
0.955522
0.718440
1.648875
0.946739
1.294668
1.504251
0.900951
0.981628
1.239056
1.585527
1.952924
1.749252
1.741682
2.008557
1.959842
1.261405
2.001176
1.086758
2.055953
1.963401
1.712824
1.346690
0.936330
1.277439
1.478600
0.985015
1.942203
1.445049
1.445049
2.052116
2.110873
1.982069
1.763432
1.620167
1.884712
1.340432
1.340432
1.944827
2.592068
2.780860
2.160495
2.137244
1.117978
1.270677
1.229264
1.328513
1.276871
1.175488
1.423230
1.137952
1.325644
1.983474
1.581899
2.072730
1.345124
1.497659
1.827528
0.917274
0.818832
1.731400
1.729101
0.937316
2.058228
1.588089
1.347226
1.406634
1.318881
1.843794
1.148982
1.563492
1.288944
2.235445
2.433685
1.817060
1.863558
1.388808
2.604944
2.100689
1.396657
1.065483
1.204083
1.510307
1.119012
1.296419
1.550180
1.491125
1.627714
2.106025
1.764710
0.912350
1.257105
2.149370
1.013849
1.312290
1.596160
1.242043
1.327767
1.311554
1.123733
1.590063
1.534314
1.998836
1.940690
1.305125
1.371662
1.915641
1.940619
1.916780
1.126712
2.098703
1.305140
1.723581
1.785840
1.537035
2.164733
1.994265
2.216294
1.973392
2.229900
2.110433
1.277989
2.679781
1.098916
0.976050
0.997899
1.562070
0.940259
1.463018
1.529392
1.163645
1.296671
1.708433
1.166599
0.955645
2.014789
1.397216
1.098614
1.802422
1.472637
1.897434
0.937351
0.968088
2.012575
1.551661
0.879866
1.517700
1.992065
1.668835
1.157364
1.316256
2.198863
1.997229
2.137202
1.461947
1.887381
1.216924
2.465263
2.480618
1.626040
1.015842
1.031315
1.175498
1.439902
1.557304
0.820683
1.497124
1.150269
1.857061
1.137952
0.866462
0.941582
1.663441
1.854794
1.909040
1.642459
0.725996
1.773745
2.052302
0.995159
2.096759
1.784287
1.277439
2.120607
2.078400
1.147250
1.018268
1.794496
1.351193
2.225822
2.656863
2.892144
1.347086
0.911152
0.986766
1.142866
1.043486
1.683007
1.159597
1.148338
0.940016
1.069762
1.008909
1.424060
1.959782
1.410865
1.037265
0.868123
1.482115
0.970488
0.464135
1.946783
0.779440
1.580418
1.973849
1.616008
0.942493
1.197554
2.128251
1.091307
1.060415
2.167803
1.239140
2.174409
1.785840
2.317684
1.814882
1.353453
2.165654
1.819053
2.509753
1.451420
1.216078
1.592002
0.961825
1.162203
0.770335
1.601607
1.009530
1.399257
0.950752
2.079643
2.015629
1.354241
1.357732
0.874748
1.135300
0.971968
1.372078
1.502702
1.908175
2.575301
1.309133
1.942616
1.828334
1.461878
1.330523
0.848649
1.308107
1.203935
1.713857
1.431901
1.047134
1.403348
1.736508
1.197719
1.098393
0.912350
1.181208
1.243971
1.194131
1.550091
1.897417
1.226274
2.050873
1.625273
1.459696
1.760048
1.403505
0.942442
1.004874
1.725767
2.168164
1.981590
2.033134
1.087482
1.591270
1.940446
1.256194
2.187794
2.279843
1.884028
2.031185
2.052273
1.856948
1.833021
1.005991
0.933398
0.985111
1.091477
1.403149
1.609971
0.944948
1.663021
1.657203
2.008391
1.661013
0.351512
1.331563
1.493999
0.887906
1.920867
0.738669
1.325280
2.278489
0.909691
1.803123
1.750727
2.097982
2.069746
1.906559
2.017575
2.078490
1.781232
1.023347
1.198678
1.076663
1.308107
1.361771
1.605007
1.242289
1.453174
1.424127
1.710078
0.845643
1.304199
1.677406
1.415874
1.222903
1.513423
1.184631
1.532534
1.740930
1.531071
0.898166
1.398264
0.877654
2.135219
2.149366
1.553300
1.047432
1.744156
1.464668
1.535137
2.026813
1.718146
2.280078
1.276437
2.281024
1.713368
2.514715
2.254057
2.419652
2.506164
2.518486
2.647767
1.287676
1.374707
0.918571
1.083067
1.235839
0.992258
1.067831
1.368253
1.238653
1.551387
0.723082
1.736409
1.774672
1.186095
1.782414
2.034312
1.380518
1.739168
1.102166
1.711362
1.226233
1.286414
1.687249
1.273235
1.657413
2.040718
1.704167
2.069746
2.104002
1.955014
1.463251
2.399165
1.385987
1.536594
2.536343
1.277623
1.408627
1.883509
1.793008
1.449597
1.570999
2.282499
0.928045
2.185647
1.143125
1.882808
2.019285
2.115069
2.118060
0.908542
1.741237
1.409407
1.042758
0.967984
1.677669
1.855047
1.222096
1.650589
2.280078
2.574442
2.354755
1.075160
1.045375
0.987775
0.899127
1.422336
0.939133
1.255437
1.799126
1.353435
1.275862
1.013180
1.420774
1.741073
1.866364
0.566266
1.894163
1.749853
1.552564
1.924938
1.074097
1.487464
1.374508
1.914744
1.319309
1.910574
0.954910
1.378453
2.075423
1.302852
1.725681
2.102984
1.848706
2.557774
2.266359
2.888146
2.545414
2.445285
1.158409
0.829471
0.969699
1.139298
0.614968
0.885082
1.440746
1.489974
1.408626
1.180416
0.966676
1.717419
2.024068
1.251469
1.191417
1.761562
1.920866
0.486927
1.810639
1.568569
1.619977
0.783237
1.136390
1.532924
1.389351
0.883355
1.223277
1.693705
1.519957
1.887556
3.056476
2.399165
1.725817
1.558498
2.291939
1.634197
2.640375
2.020479
1.164346
1.397529
1.064120
1.436715
1.022591
1.092429
1.068731
1.274251
1.800598
1.072672
1.643187
1.559149
1.210313
1.958863
1.913143
1.792528
1.899213
1.714106
1.495789
1.315385
1.773093
1.636475
1.914744
2.048256
1.813672
2.120937
2.232632
1.873907
1.999006
2.381028
2.546928
1.826173
1.192628
0.993375
1.111923
1.099857
1.342170
1.533778
1.236076
1.277213
2.025145
1.192345
1.910900
2.096400
1.375741
1.559294
1.180211
1.037034
2.153552
1.808131
1.933046
1.213118
1.693352
1.143125
1.977648
1.718463
1.117569
1.181315
1.561832
1.945105
1.965532
1.465715
1.899807
1.072476
2.149144
2.344677
2.122527
1.930319
1.924647
1.498126
2.134823
1.131392
0.941119
0.869325
0.952569
1.594338
1.716091
1.644094
1.175239
1.650974
1.689671
1.342427
1.323806
1.549321
1.228660
1.499940
1.137320
1.934788
0.607112
1.930385
2.093582
1.002676
0.953197
0.762587
0.785010
2.052448
1.804176
1.278737
2.026813
1.982313
1.202171
1.664185
1.778553
2.239438
1.871501
1.329298
2.802114
1.867667
2.655353
1.806564
2.281977
1.905940
0.951331
1.348842
1.006937
1.698041
1.458768
1.172738
0.885175
1.468135
0.994670
2.026544
1.850906
1.672125
2.166621
1.804605
1.092184
1.767166
1.470840
0.977419
1.336971
1.712304
2.123751
1.748992
2.051545
1.661883
1.467580
1.271622
1.954052
1.598165
2.103452
1.813988
1.615214
1.105974
1.038091
0.896106
1.326748
1.446030
1.286043
1.429059
0.669623
1.813909
1.889611
1.191631
1.109755
1.888476
1.026630
1.033266
1.262301
1.022520
1.752185
2.015286
1.717364
1.862352
0.991029
1.866280
1.941431
1.851566
1.541083
1.020775
2.000742
0.955127
1.331012
2.045869
1.381210
1.134103
1.320987
1.447784
1.371133
1.401006
2.163903
1.244942
1.004585
1.464651
1.646927
0.710959
1.717362
1.079598
0.878987
1.310684
1.253170
1.772573
1.998081
0.747873
1.795734
0.836048
1.880150
1.671298
1.678445
1.779410
2.135210
1.247649
0.887906
1.304102
1.829015
1.829015
1.332223
2.151551
1.802385
1.684625
0.805975
1.250932
1.738543
0.880689
1.191460
1.991814
2.759799
1.824315
1.537902
2.462681
2.201295
1.529411
0.997864
1.158409
0.977139
0.876098
1.033546
0.869976
1.190431
1.084371
1.497456
1.361466
1.651010
1.283374
1.728247
1.691916
1.603868
1.539635
1.626412
1.552594
1.084771
1.141537
1.314830
1.456023
1.060796
1.229062
1.135725
1.708573
1.561832
1.765375
1.745007
1.708835
1.311417
1.168676
2.029776
2.092745
2.028183
2.017878
2.206075
2.358866
1.851064
1.792709
1.639819
2.329217
2.371749
2.826981
1.155317
1.155725
0.895921
1.046098
1.415897
1.153172
1.421413
1.406994
1.708998
1.792262
1.736350
1.205205
1.423924
1.404978
1.148812
1.406608
0.832502
1.774200
1.683610
1.445470
1.192875
1.555887
0.924522
1.282040
0.993267
0.762587
1.249423
1.515052
1.096547
1.936198
1.127897
1.395753
1.743697
2.044652
2.331006
1.835371
2.415418
1.467580
2.083760
1.867426
1.859183
1.877935
1.132493
2.265251
1.289554
2.270190
2.370127
2.205035
0.969134
1.324380
1.762738
1.581062
1.546301
1.144064
1.691730
1.979888
1.966087
1.544982
1.430805
1.258715
1.562057
1.220938
1.920907
0.842328
1.320312
1.371100
1.382980
1.542103
0.919779
1.843357
0.993549
1.009189
2.007485
1.817179
1.871347
1.500712
1.254557
2.358866
1.352534
1.645213
2.780722
1.920626
1.476152
1.159458
0.920284
1.415897
1.064031
1.978520
1.593675
1.622206
1.563183
1.702712
1.327024
1.327024
1.951517
1.796257
1.105720
1.564830
1.407385
1.186365
1.069371
1.875544
1.857581
1.496416
1.805417
2.033706
1.215705
1.861547
0.613891
0.521139
2.134640
0.864128
1.412149
1.172605
1.158775
1.058984
1.671920
1.203258
1.783183
1.187319
2.235812
1.765136
1.243268
1.064212
1.993302
1.328328
1.278402
1.093154
0.978851
1.480053
1.471398
1.497424
1.431635
1.660524
1.354346
1.656125
0.741447
1.937145
1.928006
1.096283
1.419381
1.241608
1.184015
1.885094
1.967823
1.881800
1.792528
2.110853
1.230654
1.595861
1.523258
1.331674
1.581000
1.076306
0.986856
1.534775
2.223743
1.191407
0.906170
2.171112
2.083760
1.930633
1.209944
1.316461
2.157688
2.149584
1.834061
1.298804
1.984963
1.732594
1.301360
1.543923
1.385125
1.486211
1.425541
1.564339
1.729065
1.862864
1.764599
1.316953
1.291041
1.425749
1.161031
0.852040
1.825619
1.212770
1.261947
2.048202
1.575169
1.330217
1.262979
1.163628
0.910741
1.721007
0.808748
1.603314
0.992509
1.912985
1.685353
1.044630
2.142442
1.754997
1.690380
1.205042
0.893171
1.044362
1.391469
1.548567
1.492996
1.532412
1.365486
1.133855
1.747231
1.162757
1.225454
1.658304
1.074128
1.532642
1.011825
1.613273
1.330217
1.579715
1.131805
1.529595
1.459576
1.110217
0.955676
0.961899
1.494993
1.643151
2.447089
2.163761
1.941308
2.356917
1.120334
1.193275
1.067650
1.170672
1.185856
1.311719
1.432847
1.387055
1.106690
1.829819
1.399416
1.505473
1.102104
0.897263
1.856815
1.736668
1.689671
1.617431
1.152471
1.341597
1.360805
1.675558
1.681749
1.260197
1.863444
1.510103
1.976062
1.807572
1.071244
1.264960
1.040599
0.982067
0.910741
1.341700
1.106749
1.028353
2.079215
1.257053
1.583578
1.196953
1.850351
2.613803
2.654603
1.378126
1.690380
1.725737
1.710036
1.089140
0.983770
1.311719
1.423727
1.693380
1.179959
1.855199
1.807820
1.484022
1.409603
1.360737
1.310228
1.274706
1.174246
1.533027
1.963157
1.702278
1.374393
1.892236
2.024517
1.861580
1.082690
1.335109
1.494131
1.430153
1.523258
2.004104
1.988123
1.798890
0.993628
1.283727
1.534775
2.093043
1.726875
1.831437
1.969009
1.106749
1.125041
2.176087
1.382184
1.641377
2.116652
1.263367
2.068737
1.244466
1.013188
1.078012
1.042191
0.859555
1.714082
1.423727
1.112229
1.249159
1.804192
1.188313
1.390905
1.026473
1.364877
1.788778
1.355105
1.890572
1.842019
1.227387
1.481198
1.132414
2.047455
0.889377
0.923513
1.152334
1.221866
1.384177
1.574681
1.929534
1.964194
1.433186
2.431941
1.687989
1.407137
1.099987
1.029644
1.182608
2.186589
0.879548
1.234265
1.038823
0.935258
1.230186
1.510921
1.048384
1.358204
1.573683
1.712644
1.768345
1.203445
1.375021
1.188253
1.136605
1.124269
1.876138
1.642174
1.807572
1.689373
1.854084
0.806998
1.419629
1.415946
1.713100
1.178619
1.112925
1.935791
1.332292
1.731533
2.266216
1.780576
1.127097
1.456156
1.490453
1.015110
1.178448
1.034394
1.561131
1.341827
1.180978
1.860874
1.694391
1.497903
1.128989
1.855199
1.725738
0.815245
1.124955
1.221616
1.667582
1.655320
1.237953
1.779771
1.312756
1.351229
1.006772
2.140559
1.679408
1.253308
1.239384
1.670976
1.118459
1.040531
1.094499
0.932598
2.042112
1.381654
1.860094
1.757906
1.238228
1.738887
2.426167
1.055204
1.017030
1.032663
0.955933
1.092541
1.198183
1.326758
0.976026
1.442711
1.908962
1.860710
0.960887
1.602270
1.445511
1.209294
1.148688
1.176580
1.731691
1.455790
1.728411
1.143562
1.213562
1.123505
1.166509
1.207722
2.227066
1.803143
1.167937
2.121667
1.315261
1.757906
2.207181
2.600006
2.283330
1.491332
1.577050
1.102100
1.445607
1.176606
1.301360
1.189828
1.010255
1.379812
1.614560
1.223825
1.691066
1.649545
1.738176
1.215031
1.324949
1.021733
1.828402
0.892925
1.299382
1.390905
1.247235
1.051026
1.970994
2.062020
1.955673
1.720140
1.340907
1.803900
1.052237
1.600824
0.790154
2.175253
1.620649
1.092267
1.124182
0.986826
1.569312
1.028335
1.363582
0.734340
1.821918
1.510297
1.919325
1.911697
2.000303
0.972414
1.281150
1.050261
1.009025
1.618928
1.618927
1.936401
1.672299
1.510996
1.600462
1.136655
1.549332
1.205352
1.638868
1.110124
1.421183
2.174452
2.116564
1.241201
2.031518
1.765404
1.574681
2.021272
2.092944
1.602162
1.868552
2.494115
1.506956
2.127259
1.450110
1.426733
1.423715
1.355319
1.049845
1.414658
1.091692
1.170868
0.957515
1.107332
1.149577
1.562110
0.944142
1.019619
1.194031
1.333304
1.978267
2.161789
1.430685
1.306442
0.724531
1.913393
1.704203
1.415504
1.105743
1.513960
1.810029
1.365604
1.186957
1.040116
1.037948
1.195765
0.925439
1.294687
1.345081
1.367744
1.062706
1.036500
1.919325
1.489745
0.965208
0.933086
1.193557
1.662406
1.043994
1.478402
1.891331
2.041542
1.706367
1.499954
1.456871
2.235134
1.766801
1.218446
1.201618
1.672615
1.966745
1.809834
1.378007
1.413755
1.371828
1.623632
1.333044
1.217294
1.246132
1.139704
1.022280
1.040364
1.008742
0.876924
1.260725
1.483550
1.466701
1.903530
2.230845
1.887767
1.921843
1.257884
1.023040
1.659491
1.011112
1.591474
1.317514
1.250213
1.241018
1.431611
1.303710
1.402451
1.218833
1.474673
1.854070
1.257030
1.316124
1.362463
2.061279
1.721031
1.506096
2.189614
0.960815
1.370584
2.207402
1.298793
2.068737
1.120766
1.036078
1.144349
1.120558
1.226014
1.794523
1.271533
1.021733
1.896812
1.569879
1.996788
1.035628
1.171520
1.054943
1.556735
1.933008
2.007993
1.497402
1.610670
1.610670
1.824316
1.124698
1.604722
1.557048
1.757619
1.977175
1.604722
1.249431
1.856971
1.799338
1.774119
1.809834
1.904835
2.226484
2.214106
1.852080
1.669363
1.289187
1.019507
1.255133
1.306507
1.546304
2.087540
1.264533
1.548516
0.843209
1.458565
1.015998
1.115642
1.344916
1.122038
0.908290
0.856532
2.145136
1.870095
0.932600
1.959808
1.913393
1.444316
1.643997
1.942619
1.258785
2.122475
1.522602
1.273187
1.611370
1.411806
1.304983
1.402969
1.207172
1.274859
1.236488
1.300361
0.958713
0.958370
0.979284
1.102311
1.613040
1.234545
1.471058
0.965532
0.856532
1.261042
1.960466
1.913484
1.789954
1.138441
2.097235
1.398403
0.932600
2.029167
1.058449
1.373733
1.328006
1.096080
1.283846
1.320372
1.201854
1.729558
1.560187
2.082413
1.380347
1.141227
2.100834
1.256739
2.160498
1.771911
1.138460
1.499593
1.655628
1.674409
1.441554
1.110138
1.672217
1.093432
1.273491
1.021490
1.235304
1.702014
1.119521
1.119521
0.909542
0.810625
1.092330
1.577221
1.502845
1.923647
1.961582
0.727614
2.080933
0.481706
1.765575
1.722897
1.427300
1.328006
0.714461
1.046219
1.287134
1.607594
2.106026
1.917959
1.304919
1.114670
1.560633
1.482508
1.940795
1.487675
1.730798
2.208975
1.559190
2.022624
1.575068
1.724207
1.214638
1.337951
1.880437
1.929061
1.029573
1.111523
1.096279
0.994998
1.174593
0.979443
0.954552
0.975902
0.895921
1.729581
1.441554
0.991850
1.057960
1.804321
1.719378
1.339567
1.187652
2.081785
1.011958
1.967046
1.512927
0.468321
1.411951
1.210239
1.674124
1.060588
0.711298
1.034277
1.733824
1.988642
1.416667
1.363058
1.861947
1.584525
1.456725
1.269642
1.116626
1.233903
1.022482
1.113159
0.974995
1.906463
1.828101
1.421564
1.626221
1.601001
0.961500
0.958473
0.944251
1.079367
1.496485
1.515252
1.991021
1.103702
1.890390
0.977808
0.912549
1.228192
1.466006
1.978267
2.096109
1.909737
1.178356
1.758322
1.224846
1.635156
0.718663
0.901859
1.016876
1.508624
1.854723
1.068818
1.721031
1.418148
1.368098
1.954120
1.998223
1.155108
1.089400
1.031149
1.671973
1.786807
1.649492
1.107071
1.305781
1.296660
1.384907
1.757341
1.777267
0.893265
2.220717
1.676320
2.062889
1.665539
1.879263
1.316804
1.952375
0.450482
0.711967
1.476913
1.564619
1.000114
1.633186
0.912805
1.786795
0.867684
1.755372
1.137247
2.047709
1.199039
1.321943
1.587979
1.211926
0.999342
1.080391
0.757276
1.699018
1.582907
1.745918
2.241029
1.959943
1.632903
1.068024
1.239665
1.749361
1.372392
1.034184
1.991419
1.158717
1.201854
1.314060
2.050516
1.701768
1.893542
2.142409
2.107045
1.918177
1.947312
1.321485
1.378615
1.616938
1.610933
1.406982
1.479629
1.007156
1.017195
1.180490
0.998029
0.866630
0.910785
1.064565
1.191136
1.306713
1.024177
1.655628
1.065494
0.900161
1.359692
1.283773
1.002365
1.148973
1.586163
1.158930
1.109693
1.559518
1.093138
1.368575
1.299740
1.679490
1.318845
1.758227
1.200172
1.235271
0.851509
1.391999
0.989775
1.103484
1.184541
1.768698
1.142351
2.022741
1.531922
1.856442
1.764010
1.151894
1.049950
1.144120
0.980849
1.087469
1.234461
1.702465
1.413697
1.768684
1.027361
1.444788
1.672518
1.183058
1.260145
2.477403
2.002328
1.688076
1.317578
1.193565
1.884497
1.720140
0.993181
1.048877
0.849765
1.752730
1.205283
1.759137
1.778878
1.719884
1.120009
1.586627
1.854049
1.889944
1.897624
0.899641
1.986224
1.969263
1.531922
1.409864
1.459487
1.080115
0.954748
1.102781
1.306507
1.400181
1.740105
1.533363
1.189421
0.948977
0.913903
1.657491
2.007125
1.964256
2.369886
1.913873
2.033697
1.771825
1.093138
1.068024
1.518061
0.833495
1.300627
1.302561
1.108143
1.131074
1.709318
1.932744
1.213962
1.388027
1.769329
0.899641
1.138914
1.853979
1.938118
1.665800
1.241343
1.529554
1.782780
1.487154
1.186384
1.345525
1.005373
1.069531
1.179257
0.993817
1.307335
1.587626
0.976810
1.608861
1.097997
1.102960
0.900309
1.094123
1.553734
0.845942
0.912356
0.873015
2.304985
1.609042
1.111734
2.023107
1.426856
1.010074
0.993436
1.518957
1.205593
0.849765
1.353701
0.859391
1.279286
1.962856
2.139905
1.425901
1.894997
1.745022
1.803973
1.568394
1.368696
1.426576
1.455712
0.878784
1.085602
1.533363
1.842782
1.358340
1.008855
1.153880
0.892687
0.968004
1.393691
1.299229
1.444874
1.696721
1.380940
1.292048
1.411570
1.854269
1.948614
1.885905
1.160899
1.372392
1.241524
1.104721
1.061001
1.146071
1.300678
1.647466
2.107045
1.367528
1.627053
1.709284
1.284382
1.197826
1.471822
0.984581
0.967059
1.072456
1.037834
1.122226
0.955408
1.707474
1.281428
0.714984
1.344737
1.390523
1.246689
1.478141
1.150446
2.284240
2.030673
2.071603
1.869725
2.300891
1.408726
2.079234
1.287366
1.056755
1.624666
1.170963
1.928380
1.203128
1.879263
1.523657
1.724854
1.303684
1.922987
1.833940
1.214518
2.017653
1.447404
2.015631
1.568790
1.477341
1.349675
1.426132
1.105689
1.229503
0.969337
1.172645
0.616684
0.910353
1.667294
1.340995
0.915406
2.187716
1.791827
2.343362
2.370855
2.125551
2.011963
1.788905
1.600119
1.640275
1.842925
1.164615
1.394060
1.126011
0.464389
1.338194
1.308760
1.275409
1.254814
1.544611
1.345123
1.180546
1.431278
1.488657
1.601900
0.999991
1.363146
1.181772
1.335005
1.053497
1.126683
1.078986
1.559713
1.086573
1.023492
1.645457
1.061792
1.912267
1.566858
2.165664
2.014072
1.164615
1.054081
1.350662
1.543469
1.501060
1.377364
1.473275
1.331194
1.831907
0.878631
0.985719
1.642837
1.467199
1.314825
1.716570
1.343872
1.026239
1.017149
0.912678
1.013417
1.103315
1.388572
1.375512
1.430243
0.852246
0.996200
1.185242
1.201115
1.832812
1.619653
1.609631
1.566858
1.023962
0.912231
1.234861
1.900246
1.313514
1.908679
1.089541
1.702352
1.391039
1.409957
1.931658
1.148448
1.806213
1.630011
1.359766
1.108571
1.516783
1.495052
1.503731
0.946559
0.957286
1.275413
0.621686
1.164885
0.937580
1.322950
1.016542
1.059427
1.191028
1.903421
1.991257
2.027819
2.450199
2.300891
1.291023
1.348680
1.201290
1.172867
1.845132
1.850916
1.746590
1.433018
1.939756
1.547928
1.299098
1.758370
1.215816
1.296230
1.006753
1.030312
1.224199
1.206859
1.050715
1.120322
1.063240
1.351907
1.205629
1.536675
1.318553
1.403547
1.375464
1.194864
1.518129
0.975933
1.346861
1.273061
1.007413
2.006075
2.540039
1.547211
1.869414
1.576128
1.441221
1.370345
1.795648
1.120652
1.119030
1.271695
1.643027
1.282969
1.413275
1.642439
0.850813
1.124474
1.813595
1.001476
1.176784
1.110161
1.024542
0.758719
1.333236
1.060301
1.256503
1.062213
1.514251
1.318211
1.612428
0.971491
0.716714
0.980578
1.213696
1.128357
1.836161
1.174709
1.913424
1.777593
1.223663
1.499557
1.032982
0.914795
0.971770
1.034590
1.215641
0.974874
1.034196
1.075925
1.031497
1.217578
0.488093
1.022679
2.016208
1.868443
1.501387
1.491019
1.020878
1.716632
1.683809
1.076023
1.965858
1.198901
1.228435
1.348237
1.268416
1.572354
1.466012
0.969371
1.152281
1.579481
1.533988
1.375865
1.102857
0.995806
1.283949
1.678012
2.628674
1.762043
2.289497
1.783596
2.064343
0.959953
1.524187
1.716174
1.315557
1.690170
1.787998
1.112924
1.076495
1.595320
0.919674
1.752032
1.489042
1.497043
1.522694
1.412156
1.260171
1.300094
1.537605
1.737219
1.752310
1.468756
1.307742
1.242207
1.130813
1.844414
0.834313
1.223850
1.298687
1.020946
1.496792
1.159140
0.905677
1.365503
1.343818
1.060301
2.745450
1.167574
2.000303
2.396965
1.076524
2.153612
0.704129
1.493176
0.741791
0.730917
0.905708
1.076495
1.789778
0.943840
1.797067
1.129044
1.189793
1.439103
1.232838
1.132186
1.321635
1.345524
1.036838
1.066823
0.959064
1.460026
0.480909
0.353909
0.948288
1.712321
2.095839
2.288780
2.264284
1.588609
1.683129
1.585335
1.352677
1.880752
1.463488
1.450601
1.099623
1.744133
1.533829
1.972336
1.906823
1.468254
2.046826
1.785074
1.726858
0.980870
1.135393
0.918128
1.353577
0.868432
1.024542
1.136097
1.229696
0.869974
1.089521
0.931975
0.938560
0.513908
0.961742
0.463858
2.323521
1.969779
1.833117
1.496270
1.304736
1.306154
1.318016
1.914108
1.701664
1.203935
1.212188
1.061775
1.504743
1.128890
1.106846
1.238573
1.104594
1.157801
1.146760
1.211495
1.136416
1.133298
1.111233
1.091027
1.036838
1.259575
1.236465
1.070646
1.400415
2.037813
1.230990
1.782339
2.148252
1.030554
1.492266
1.797067
2.026851
1.942379
1.309515
1.203102
1.278814
1.701664
1.111464
1.501637
0.932961
1.264230
1.098952
1.025957
1.080964
1.182753
1.114793
0.944237
1.533942
1.224703
1.117745
1.758652
1.717628
2.300440
1.219560
2.117879
1.029575
1.696362
1.372307
1.207145
0.907968
1.843125
1.037502
1.116880
1.162458
1.741428
1.180097
1.258149
1.428368
0.924691
1.256862
1.182099
1.357735
0.860817
0.982222
1.327485
0.918277
0.981710
1.119099
0.889521
1.103138
0.907421
0.671310
0.488093
2.173950
1.678932
1.575750
2.284334
1.911345
2.062386
1.802803
1.614731
1.089954
1.345945
0.932177
0.855659
1.150955
1.320737
0.947309
1.206126
1.139774
1.048981
1.028823
0.949700
1.061851
1.052396
1.011262
2.111762
1.208008
2.328001
2.293849
2.403808
1.860652
2.163153
2.251801
1.585489
1.428945
1.099055
1.127277
0.990439
0.799482
1.280406
1.533829
1.607303
1.232651
1.363431
1.276929
1.402670
1.182648
1.469164
1.021686
0.984605
1.441158
1.127831
0.827357
2.191615
2.119842
1.260121
1.713359
1.329492
1.669104
1.601194
1.082951
1.387991
1.229371
1.526858
1.161365
1.215040
1.100168
1.316254
1.310866
0.923405
1.184247
1.049537
1.179863
0.856140
0.882162
1.082074
1.146847
1.000065
1.159279
1.264753
1.532155
2.146819
1.242394
2.230256
1.495736
1.911345
1.675903
1.093115
1.773716
1.632403
1.453704
0.683839
1.236574
0.911883
1.161365
1.065258
1.307379
1.665732
1.344078
1.067087
1.227210
0.993439
0.940568
0.745609
0.925863
1.025780
0.940332
0.823380
0.887579
1.182670
0.975355
1.172232
1.041992
1.970563
2.172278
2.327823
1.338911
1.242748
1.119231
1.225823
1.366848
0.715052
1.451302
1.346331
1.404089
1.598871
1.302646
1.449771
1.312273
1.263134
1.118710
1.138653
1.333580
1.258672
1.309826
1.249324
1.296702
1.015447
0.818713
1.074020
0.957415
1.119312
1.040235
1.182180
1.003923
0.395073
2.040666
2.081555
2.408806
2.237488
2.341327
1.484707
1.604484
1.379876
0.832672
1.734264
1.350735
0.970208
1.299363
0.952160
0.893605
1.584211
1.662534
1.082569
1.342625
1.109826
0.898230
1.166379
1.201824
1.300067
1.493388
0.961563
0.961563
0.506373
1.839203
2.345503
2.463610
2.129096
1.757432
1.127277
0.903579
0.826454
1.247368
1.229371
1.175351
1.115417
1.537229
0.917991
1.069438
0.947934
1.186468
1.098745
1.030185
1.048384
0.500759
0.491657
1.467573
2.597503
2.276191
1.769602
1.219706
1.989795
1.711985
1.119231
1.351540
1.170622
0.399594
1.351065
1.504297
1.355663
1.551811
1.164486
1.024844
0.962092
1.007405
1.212886
0.973315
1.415496
1.506765
2.060899
2.130498
1.234805
1.321099
1.927450
0.686912
1.016446
1.072944
0.990430
0.267941
1.154310
0.733817
1.081070
1.161469
1.312514
0.942648
1.519267
1.289507
0.954005
1.084135
1.178992
1.004981
1.148324
1.062305
1.100871
1.111310
1.016583
0.879910
1.328148
1.565631
1.763983
2.021171
1.193612
0.741718
1.599548
1.450131
1.235544
1.100370
1.008693
1.267108
0.954987
1.197087
0.967938
0.949472
0.862386
1.012281
1.013361
1.271422
0.741111
0.870416
0.704517
1.624832
1.835148
1.442356
1.387993
0.870039
1.652175
1.038077
0.656621
0.652444
0.614877
1.367538
1.333291
1.304537
1.056824
0.986995
1.256541
0.958107
0.853440
1.385856
1.056063
1.159920
1.008482
1.381845
0.999940
1.474574
2.379304
0.425768
2.058445
2.097066
1.851232
1.673294
1.883081
1.044919
1.500106
1.585260
1.358050
1.490330
1.344031
1.430429
1.298884
1.011609
1.148540
1.190662
0.996240
0.934285
0.944830
1.185195
0.963693
1.369472
1.141090
0.847291
1.347351
1.454757
2.075418
2.077828
1.546501
1.805792
1.102620
1.529792
1.078444
1.501150
1.851347
1.493878
1.433706
0.996511
1.142022
1.171122
1.490492
1.191602
1.326268
1.344589
1.268233
1.247602
1.097841
0.998732
0.996806
1.260168
0.996055
1.155695
1.067103
0.886898
1.759763
0.478253
1.756546
1.513391
1.778141
0.977228
1.661248
1.960134
1.295433
1.609822
0.927629
1.107391
1.396477
0.698242
1.330724
1.050411
1.073280
1.076480
1.099088
0.951540
0.939438
0.819302
1.059841
0.922440
0.943353
0.994431
0.967474
1.922253
0.734656
2.050508
2.039448
1.347351
2.214804
1.845074
1.403109
2.001115
1.241865
1.859256
1.269903
1.858172
1.826120
1.401090
0.853220
0.920090
1.099399
1.151400
1.064114
1.253912
1.195330
1.301828
1.039811
1.359887
0.926299
1.035998
1.152200
0.997843
1.170625
1.211637
0.914542
0.991259
1.331648
1.004732
1.668318
1.915702
1.974581
0.933021
0.764563
1.717744
0.662702
0.444393
1.590048
1.302147
1.146934
1.263491
0.880137
1.030522
0.957504
0.861972
1.102361
1.229381
0.942500
1.324426
1.195330
1.111014
1.007293
0.855320
0.996240
0.999127
1.027042
1.020704
1.068075
0.655917
2.182375
1.317212
1.446192
2.010139
2.031422
0.816042
0.730966
1.547718
1.614877
1.435828
1.162361
1.029412
1.304487
1.329227
1.564092
1.169425
1.272680
1.217769
1.251520
0.996596
1.441419
1.168626
1.073313
0.957970
0.919749
1.717649
0.571449
1.668318
0.800607
0.866819
0.595680
1.370241
1.307796
1.474647
1.189273
1.652145
1.118472
1.040448
1.109617
0.955691
1.034158
1.162350
1.246283
1.246283
1.359751
1.254248
0.967700
1.121806
1.352128
0.929273
1.012867
1.361383
1.731144
0.861704
1.524879
0.971349
1.885471
0.842313
1.786781
1.977143
1.856781
0.821701
1.327098
1.400144
1.522817
1.885997
1.539109
1.072105
1.341085
1.542757
1.089359
1.022978
0.469820
1.059348
1.378609
1.011532
1.455609
0.969645
1.019171
0.869505
0.928298
0.730821
0.677674
0.847159
1.759550
1.174538
0.867520
1.422411
1.037529
1.252232
1.063358
0.765819
1.165738
1.006632
1.177814
1.024086
1.024086
1.019475
0.965962
0.935955
1.201853
0.810774
1.285066
0.951540
0.981568
0.951895
0.962506
1.175141
1.126197
0.996424
1.384198
0.913382
1.991279
1.826795
1.646229
0.978207
0.970611
1.000623
1.661259
1.073735
0.890198
1.303661
1.667345
1.974446
0.842385
1.294080
1.379919
1.300256
0.883690
1.128822
1.072547
1.131832
1.165581
1.172235
1.102583
1.027191
0.992198
0.898458
1.032299
1.083604
1.202547
0.976066
1.305229
0.834535
1.409550
1.907475
1.724272
1.496585
0.936739
0.500047
0.296628
0.964380
1.116883
1.767823
1.465162
1.102361
1.073202
1.112007
0.782006
1.147263
1.314486
1.112945
1.312395
1.147888
0.810774
0.924816
1.013994
0.805259
1.793317
1.339394
0.884722
0.794115
1.091346
1.480466
1.515505
1.300129
0.894895
1.804246
0.868890
1.203788
1.558581
2.024057
0.995570
0.992773
1.442439
1.356306
1.458642
1.190735
1.231058
0.975719
0.945249
1.004398
1.109252
0.881816
0.782880
1.020887
2.077840
1.834147
1.832601
1.932518
0.722819
0.998185
1.181946
0.267000
0.962601
0.978627
1.996658
0.577070
1.286729
1.032577
1.013994
0.870045
1.308950
2.047149
1.911721
1.926556
1.660515
1.974464
1.524843
0.757702
0.999948
1.507348
0.785206
1.928502
1.772349
0.389408
1.859256
1.197755
1.325417
1.227656
1.030221
1.064963
0.902449
1.149805
1.305751
1.958536
1.635561
1.375478
1.343432
1.704732
1.786233
2.101884
1.368520
1.498568
1.118229
1.057889
1.114418
0.687336
1.490199
0.487322
0.433589
1.154906
1.214192
0.545014
1.663821
0.468943
0.346172
1.434435
1.649158
1.193028
1.016001
1.209906
1.193269
0.984965
1.099625
1.823709
1.945142
1.971239
1.196472
1.301595
1.461520
0.653601
0.950089
0.950089
1.772652
1.020678
1.099860
1.352520
1.252880
0.971186
0.327411
0.955143
1.432094
1.096251
1.075237
0.890769
1.253411
1.208059
1.257304
0.882428
1.115877
0.923836
1.012562
1.688292
1.573623
1.645222
1.771470
1.560966
1.909147
2.144777
1.190704
1.350907
1.037457
1.232415
1.238380
0.960854
0.894057
0.347288
1.114418
1.007446
1.459400
1.866069
1.207960
2.066028
1.576610
0.504431
1.341043
0.444494
1.168657
1.532437
1.547185
0.535224
1.337003
1.327176
1.173795
1.088568
1.311826
1.449822
1.040228
1.888978
1.690934
1.833695
1.885619
1.270406
0.749556
0.954840
1.824786
1.073281
0.686579
1.179198
1.810314
1.030183
1.174196
1.020678
1.688467
0.947510
1.251599
0.832709
0.993929
0.890142
1.289179
1.215324
1.069199
1.713604
2.008478
1.104826
0.854230
1.099866
1.013609
1.692095
0.412427
1.732585
0.928530
0.871539
2.071452
1.415720
0.683358
0.909049
1.319896
0.842385
1.166573
1.261615
1.327986
1.189644
1.049794
1.023297
1.299255
1.368244
1.431681
0.999222
2.092940
1.097665
1.549318
1.344540
1.571012
1.046000
1.089225
0.959840
0.970707
1.754251
1.063397
1.128483
1.471275
1.993361
1.303868
1.211424
1.405910
1.081811
1.133147
0.885929
1.177355
1.200050
1.564034
1.642320
1.914067
1.582170
1.898594
1.857985
1.298455
1.229454
1.122054
1.330045
1.009280
1.297639
1.238156
1.933909
1.617445
1.475160
1.935231
1.904640
1.109856
1.235723
1.118177
1.250730
1.131658
1.389126
0.930949
1.148741
1.722607
1.784734
1.952639
1.494367
1.372427
1.141954
0.938194
1.967788
1.948367
1.072959
1.208968
1.106289
1.149745
1.548382
1.967500
1.687942
1.254225
1.273686
1.170445
1.275277
1.480649
1.186722
1.628404
1.556070
1.060265
2.153695
1.275561
1.440315
1.042810
1.128787
0.937404
1.094609
1.354688
1.483279
1.752126
1.640183
1.839526
1.935634
1.458948
1.263971
1.422583
0.946870
0.796847
0.975329
1.082152
1.199662
1.148915
1.916204
1.654291
1.180668
1.192175
0.965277
1.224789
1.009958
1.002897
1.059191
1.142878
1.116460
1.313821
1.106223
1.126519
0.977452
1.597799
1.697735
1.929570
1.410777
0.965690
1.026492
1.508852
1.538397
1.949437
1.161444
1.356334
1.121762
1.028013
1.841419
1.264263
0.965690
1.403923
1.236933
1.115810
1.251664
1.338032
1.127348
1.102994
1.171877
1.949014
1.356473
2.039723
1.170425
1.491149
1.860376
1.048490
1.078300
1.053783
1.387957
1.097886
1.084923
1.001128
1.199602
1.263083
1.292924
1.263478
1.385479
1.234171
1.546219
1.426209
1.261627
1.278752
0.955640
1.187296
0.894579
1.817174
1.399311
1.082322
1.687300
1.717714
0.949205
1.048761
1.079609
1.102936
1.302061
1.795161
1.255086
1.467737
1.082049
1.138778
1.095151
1.229180
1.184946
1.658024
1.114207
0.993568
1.836758
1.349289
1.867358
1.912609
1.123492
1.365508
0.952340
1.042033
1.123270
1.128299
1.191057
1.133581
0.985666
1.232868
1.282501
0.946124
1.946506
1.505980
1.193261
1.468519
1.112020
1.000584
1.179923
1.248056
1.053283
1.216854
0.970282
1.199539
1.395344
1.101785
1.626292
1.846820
1.684266
1.061971
1.073253
1.066224
1.154626
1.015292
1.391531
1.392831
1.025367
0.988820
1.114207
1.809708
1.797794
1.833334
1.471268
0.983491
1.127991
1.283189
1.039023
0.999293
1.106223
0.970521
0.988458
1.043335
0.940458
1.324203
1.218557
0.850441
1.191095
0.883294
1.228614
1.037047
0.950068
1.060618
1.311235
1.179958
1.027353
0.857789
1.438525
1.822441
1.695141
0.949018
1.683666
0.916376
1.093503
1.480679
1.033666
1.128437
1.656401
1.012253
1.460203
1.580727
1.780990
1.696241
1.130359
1.128411
1.143350
1.077225
0.972842
0.981746
0.980474
0.934225
1.340923
1.822225
1.344540
1.348529
2.093256
1.158783
1.127797
1.196449
1.028347
0.914247
1.292294
1.364150
1.119762
1.141638
0.745045
1.758613
1.560269
1.379055
0.974691
1.065147
1.057327
1.195124
0.899453
1.034214
1.123355
1.082881
0.856341
1.036335
1.143141
0.985706
0.892656
1.103493
1.139107
1.359716
0.942985
1.144157
1.035019
0.908147
0.960206
1.116514
0.968715
1.013710
1.088390
1.118962
1.459630
1.760795
0.956188
1.029514
1.002136
1.108600
1.210627
1.036349
0.937498
1.002078
1.130152
0.994661
0.886119
1.320367
0.837152
1.538653
0.941896
1.062985
0.960956
1.049789
0.907768
0.797523
1.071582
1.097231
1.034355
0.995346
0.943414
1.663809
1.006150
0.911047
0.944698
0.881265
0.938170
1.189220
1.100163
1.605478
1.696078
1.569866
0.822875
1.135410
0.958831
0.955803
0.936749
0.985260
1.033884
0.796003
1.097045
1.036879
1.183729
0.987176
1.038305
0.983733
0.905308
1.663809
1.013503
1.580433
0.862742
0.853852
0.984471
0.857271
0.974910
1.028063
1.260005
0.948526
1.121884
0.969748
1.058733
1.151364
0.813263
1.091373
1.017118
0.921713
0.968382
1.039201
1.004276
1.102022
1.410018
0.947328
1.039287
0.973602
0.952419
1.140594
1.427730
1.494683
1.195198
0.947958
0.919380
1.177549
1.099712
0.929859
1.169243
1.292125
1.366587
1.359057
1.311112
1.101422
0.919380
0.907382
0.845524
0.852652
1.107866
1.483769
1.014041
1.559375
0.959885
1.117363
1.111519
1.012478
1.277398
1.143350
1.017929
0.888089
0.976654
1.103176
1.362197
1.420824
0.971245
0.887294
1.028703
1.047931
1.018003
0.869073
0.952562
1.124804
1.415632
0.736489
1.122956
1.145615
1.032959
0.957489
1.012682
1.359762
1.118744
1.300320
1.182628
0.817282
0.784265
1.002502
0.930117
0.867113
1.231472
1.182756
1.193078
0.775379
1.218274
1.058903
1.062709
0.984618
0.982458
0.771957
1.237361
1.195669
1.104094
1.229257
0.937651
0.887968
1.166026
0.954936
0.918846
0.944823
1.079379
0.905749
1.224551
1.036498
1.106852
1.069721
1.097209
1.075302
0.993997
0.886645
0.945864
1.004597
0.974575
1.038100
0.962146
0.901323
1.161432
0.927276
0.872655
1.083381
1.140144
0.739490
0.999410
0.883882
0.952072
1.158616
1.050444
0.893824
0.825013
1.043306
0.990232
1.008670
0.993574
0.877221
0.982635
0.968727
0.991899
1.121231
0.990809
0.897391
0.958516
0.980545
0.840604
1.096640
0.963601
0.962607
0.762931
0.821672
0.987573
0.925020
1.029632
0.956069
0.932860
0.779925
0.757946
0.836291
1.058472
1.076545
1.077892
1.093258
0.943916
0.816646
0.867967
1.030553
1.146637
1.484287
1.381107
1.777453
1.386650
2.274589
2.183773
0.798036
0.903424
0.704860
1.227731
0.673445
0.778296
1.241201
0.665462
0.802982
1.776396
1.069833
1.417641
1.200627
0.895372
1.374192
1.330783
1.184682
0.843478
1.213788
0.959597
1.825588
1.649198
2.033060
0.816357
2.340642
1.683392
1.052782
2.177129
2.272328
0.907372
1.418812
2.661312
1.068755
1.073203
2.315291
1.749968
1.006454
0.884586
0.870564
2.313647
1.887114
1.733919
2.859335
1.082078
1.984740
2.026315
3.027158
0.969053
1.956238
2.276968
1.231671
2.766071
2.492390
1.570637
1.157148
0.813784
2.199043
1.088223
1.991091
1.265846
1.195823
1.444314
1.847732
1.619894
1.554670
2.059385
1.182110
1.205132
2.068080
1.329829
2.875516
1.397908
2.001203
1.111590
1.083067
1.099039
1.904112
1.368259
0.896210
2.198870
1.778599
1.738164
2.099502
2.209124
1.124283
0.919333
0.761648
1.058587
1.256927
1.365581
1.938195
1.311372
1.988256
1.634735
1.743996
1.859794
2.847787
3.037797
0.995109
1.203362
1.683216
1.408052
1.694572
0.939699
1.362499
1.391891
1.433616
1.104461
1.694531
1.335879
1.110007
1.402315
1.461876
2.871669
1.748697
1.326076
1.103042
1.727177
1.349468
1.666302
1.501996
1.895329
1.782671
1.705297
1.604793
1.047090
1.560427
1.575307
1.755472
0.982893
1.434737
1.274161
1.165920
0.911006
1.952190
1.637244
1.530479
0.926315
1.335325
0.947667
1.387179
1.872639
1.082469
2.618268
1.057156
1.774457
1.729086
0.914278
1.141755
0.906005
0.928077
1.246034
0.928016
0.993857
1.633416
1.099759
0.962724
1.794870
0.925512
2.101851
2.009961
1.350250
1.764131
0.888552
0.883254
2.078545
2.696945
2.209620
0.958573
0.976185
1.484782
0.932779
1.054461
1.445449
2.512689
1.359132
0.823829
0.720396
1.498111
1.547063
2.525539
1.206557
0.756708
1.124536
0.957530
1.909040
1.739800
1.967713
1.871573
0.762994
1.396657
3.005131
1.249248
0.957315
1.556784
0.488067
1.957827
1.484201
1.094840
1.830293
1.289378
0.433813
0.441827
1.985993
2.726410
1.606169
2.600728
0.979893
1.224264
0.746211
1.631127
1.624875
0.598895
1.576337
1.136390
1.379749
1.096106
2.344250
1.307483
1.679669
0.740139
1.268311
1.038863
1.372104
1.371461
1.241879
1.558498
2.015084
1.706859
1.182453
1.682163
1.409200
1.489419
0.992807
0.856555
1.055525
1.882210
1.477276
1.151736
0.902213
1.577822
1.303809
1.954509
1.565268
2.755104
1.561200
1.237950
1.344941
1.282355
2.147359
1.236511
1.546656
1.699507
1.793748
0.613891
1.781854
1.302212
2.478987
2.254679
2.755104
0.946566
1.252194
1.225454
1.822870
1.385467
1.233999
1.928339
1.302866
1.876294
1.472912
1.430183
1.405878
1.418285
1.831437
1.108384
1.191188
2.031518
1.062551
1.236493
1.130378
1.188629
0.934889
0.966335
1.797537
1.765049
1.039480
0.975902
1.855783
1.283039
1.113428
1.285754
1.160072
0.968268
1.358363
0.771101
1.398676
1.192145
1.764637
1.073745
1.166759
1.699291
0.929534
1.612640
1.354950
2.097730
1.424440
0.916572
1.143742
1.087174
1.194472
1.270519
0.996591
1.446314
1.504944
1.172901
1.153220
1.108859
0.848021
1.024319
1.648391
0.782077
1.052420
1.945188
1.038148
1.267706
1.253662
1.507510
0.952645
0.835974
1.006863
1.465934
1.240317
1.025514
1.388570
0.929073
0.923257
1.066080
0.979684
1.586850
1.275571
0.856139
0.954330
2.163153
1.174396
1.341641
1.268510
1.005582
1.578229
1.063082
1.186675
1.240396
1.011474
1.644049
1.110783
1.141092
0.944180
1.778179
0.792830
1.203239
1.150221
1.237272
1.095612
1.533269
1.674296
1.014067
1.212249
1.205042
1.337042
1.025641
1.200903
1.277333
1.321939
1.092012
2.398259
0.404833
2.176212
1.104398
1.214086
0.864923
1.196209
1.009142
1.375592
1.114888
1.215551
0.996511
1.165497
1.783338
1.300671
1.189917
1.108969
1.072651
1.220251
1.059836
1.078292
0.912419
1.377024
0.990145
2.282521
0.911893
1.639674
0.979475
1.729070
1.192662
2.153082
0.995668
1.004484
0.821345
1.017521
1.527504
1.099869
1.050988
1.080130
1.294986
0.991005
0.866677
1.121709
1.166725
1.360936
0.969703
0.970969
1.039724
1.081337
1.275070
1.298154
1.065012
1.073330
0.803748
0.820208
0.821993
0.903104
0.967317
1.221413
0.842972
0.239331
1.527470
1.324092
0.614728
0.884963
0.989885
1.833695
0.925275
1.004632
1.285351
1.854130
1.583100
1.851341
1.937069
1.186335
1.957276
1.926159
1.243864
1.761314
1.042810
1.150087
1.258539
1.822110
1.252417
1.130216
0.973963
1.236365
1.949901
1.954503
1.025470
0.981266
0.952702
1.179653
1.161430
1.769408
1.270858
0.951859
1.612221
1.428814
1.397461
0.984948
1.425837
0.916811
1.151364
1.015375
1.155506
1.003922
1.015814
1.096752
0.980456
1.025462
1.104445
1.007696
1.107409
1.116829
1.001260
1.009623
0.932907
0.937844
0.985006
1.083007
0.916947
1.017084
0.982299
2.499094
0.548198
1.249464
0.920876
0.786867
0.725611
0.823308
0.556556
1.031351
1.304055
0.934391
0.681927
0.575210
0.898144
0.738378
1.758935
1.053293
1.259873
0.879716
1.081279
0.942366
1.922053
1.046581
0.675091
0.851176
0.914639
2.184398
2.144045
1.959637
0.761488
1.395335
1.763343
0.972974
1.591615
0.868375
1.747658
0.669478
0.786356
2.064735
1.530115
1.679609
1.559273
0.939623
1.528728
0.803219
1.658556
1.606491
1.241174
1.739261
1.093466
1.193848
1.007043
2.029570
1.808606
1.639421
0.976092
1.192646
2.759942
0.911393
1.970247
1.745701
1.808983
2.849303
1.002004
0.888630
0.920187
0.926136
0.749548
1.355347
2.118793
2.431442
0.946404
1.024243
1.004051
1.686584
1.305637
0.855687
1.157472
2.192493
0.998029
0.964706
0.965401
1.586005
1.209496
1.942234
1.218335
1.263113
1.136020
1.348640
1.551046
1.842309
0.936876
0.911503
1.076638
0.963557
1.212639
1.706639
1.257519
0.975152
1.189373
1.859155
1.537925
2.196611
1.696913
1.895052
0.980992
1.097816
1.375867
2.633638
2.405784
1.563153
2.026990
1.252304
0.899993
2.221260
1.629229
1.217877
1.760093
1.689176
0.975093
0.912858
0.893062
1.366678
1.083067
2.072161
1.199270
2.809145
0.881768
1.107035
0.922591
0.839503
1.764456
1.891712
1.988518
1.705927
2.500507
1.806327
1.706056
0.942883
1.898293
1.986060
0.990711
1.064691
1.235348
1.238960
1.240574
1.928518
1.815627
1.863627
2.951092
2.077299
2.333467
1.026421
1.467940
1.742664
1.992225
1.887184
1.047023
1.088744
2.165885
2.281534
2.784159
1.229093
1.197168
1.429308
1.902593
2.585528
3.010948
1.166750
1.397507
0.948114
1.376695
2.105284
2.718235
0.998420
1.447731
1.142285
1.514944
1.248066
2.462498
0.992993
1.082289
1.282404
1.165289
1.399416
1.284690
2.023448
1.691116
2.942942
2.129547
1.708906
1.075851
1.137935
1.308841
1.180210
1.575182
1.661770
1.908039
1.886403
1.208579
2.262774
1.142745
1.000575
0.911467
1.105048
1.792279
1.735701
1.968127
1.396179
1.037977
1.015155
1.850168
2.140003
1.764065
1.758325
2.135973
0.880079
1.408488
1.114861
0.897228
1.820181
1.314505
1.739464
1.103495
0.996023
0.966301
0.889020
1.896983
1.294737
1.639055
2.439917
2.651922
1.737011
1.160923
1.210599
1.226369
2.224890
1.351465
0.847910
2.648746
2.729527
2.061042
1.570735
0.729520
1.160007
1.167483
1.574677
1.884294
1.468666
1.284690
1.203586
0.905272
1.556645
1.588428
1.608369
2.518803
1.133590
0.901120
2.313821
1.680774
1.135593
1.278605
0.984518
1.102453
1.321770
1.149348
0.955969
2.204353
1.117100
1.991159
1.095392
1.685000
2.109457
0.956511
0.994332
1.028049
1.207319
1.203822
1.376554
1.393523
1.520783
1.081902
0.959471
0.938013
1.224321
1.671225
1.738310
1.541730
1.182254
2.180773
1.892134
1.954937
1.344470
2.480886
1.425021
1.886143
1.412053
0.984341
1.955159
1.932650
1.584337
1.710036
0.917777
1.520783
2.884943
1.262391
1.219932
0.982251
1.048035
1.253532
2.058347
0.890397
1.985993
2.068203
1.983325
1.434254
1.202638
2.652082
1.009511
1.533895
1.172639
1.541912
1.411032
1.135564
0.865466
1.315567
1.151641
0.810412
1.559215
1.099982
0.757190
1.162400
0.826127
1.535259
1.352905
1.228604
1.103922
1.224760
1.105971
1.394464
1.510081
2.344636
2.102906
1.173477
1.658827
1.327767
0.971348
0.872271
0.979294
0.612236
1.675260
1.048270
1.395929
0.451898
1.720038
0.989172
1.485321
1.031946
1.831353
0.453795
1.068217
1.469498
2.396489
2.598228
1.318032
1.750926
1.055439
2.191736
1.174294
0.839081
1.764985
1.766949
2.403417
2.370049
1.157624
1.882808
1.580941
1.775309
1.310601
1.779088
0.943966
2.801397
1.217145
0.504867
1.137391
0.683370
0.578471
0.969358
1.407402
1.647834
2.818162
1.139298
1.016123
1.264690
1.964960
1.462075
1.147587
1.978751
1.377662
0.852951
1.564573
1.214236
1.167566
2.291059
2.260417
2.228111
0.799724
1.804730
1.489974
1.468651
1.873790
1.650589
1.654963
1.044347
1.937521
2.464053
1.386787
2.067077
2.061939
1.841385
2.391683
1.241526
2.254679
1.307732
1.657203
2.118562
1.353957
0.866761
1.387995
1.180476
2.357025
1.107645
1.246662
0.999430
1.284734
1.352716
1.361503
1.601854
2.530789
1.334452
1.561200
1.603152
2.019267
1.975094
1.704232
1.847765
1.422626
1.391442
1.770626
1.622484
1.262443
0.598895
0.737958
2.508777
2.355695
0.975671
1.598264
1.664136
1.743846
0.864128
1.803452
1.303276
1.334131
2.569546
0.994880
0.940456
1.311954
2.379841
1.581515
1.658605
0.964311
1.235205
2.092631
1.603314
1.319121
1.368200
1.187517
2.358810
2.848888
1.847487
1.251162
1.096637
1.356954
1.167632
1.199583
1.113543
1.283472
1.481831
1.062020
0.856188
1.322525
2.121397
1.899109
1.162454
2.313397
1.280191
1.877918
1.916925
1.857693
2.073598
1.134340
2.066517
1.216191
0.591157
1.787071
1.318827
1.119553
0.719771
1.257338
1.911254
1.946536
2.039026
1.039480
1.367499
1.363895
1.516097
1.556110
1.260751
1.517861
2.052688
1.637432
1.014171
0.975902
1.270571
1.706241
1.708510
1.820531
2.237349
2.168175
1.771911
1.630414
1.327323
1.582915
1.097333
1.767556
1.396804
2.055462
0.986598
1.695263
1.251639
1.957481
0.988851
1.583366
1.592705
1.713253
2.196582
1.180013
1.025309
1.074761
1.760596
1.386070
0.894910
1.437282
0.585568
0.815395
1.591050
1.210076
1.222677
1.878953
1.137051
1.637507
1.566084
1.676038
0.846319
1.072878
1.871218
2.005938
1.365975
1.272968
1.695738
1.162822
1.531071
1.547737
1.078412
0.617113
1.126011
1.469378
1.039362
1.876308
1.346363
0.961309
1.105499
1.948116
1.165915
1.598868
0.944545
1.564894
1.773825
1.768960
1.147006
1.284117
1.009421
1.636237
0.941707
1.678584
1.858201
1.364444
0.795377
1.024739
1.336053
1.235587
0.652659
1.212511
0.662210
1.328532
1.599335
0.989956
1.293563
2.002784
1.606166
1.055362
1.699498
0.754339
1.181404
1.139699
1.610575
1.195133
1.069436
1.454710
2.423625
2.264299
1.039076
1.263503
2.663582
1.695375
1.169549
1.135333
2.063091
0.811630
0.990671
2.136836
0.570183
1.436940
1.555195
1.464520
1.072411
1.295267
1.958730
2.195277
1.123982
0.925953
1.353602
1.223982
2.104556
0.907144
1.205039
1.127635
0.797225
1.469982
1.225941
1.131513
1.777292
1.830532
0.954330
1.036891
0.983372
1.119610
0.737659
1.824050
1.258672
0.827564
1.049972
1.073263
1.988165
1.906177
1.016407
1.477852
0.918990
1.146260
1.149294
0.771315
2.277874
1.877605
1.051846
2.412631
0.983389
1.405309
1.116060
0.277708
0.992903
0.846974
1.143736
2.044452
0.788705
1.166545
1.197087
1.923332
1.481838
0.840728
0.878567
1.004720
1.500163
0.954202
0.880817
1.463397
1.024161
1.009898
2.016413
2.120841
1.679257
1.597622
1.373023
1.449738
1.043622
0.724845
1.186102
1.963362
1.281402
1.078031
0.994435
1.878098
1.542231
0.981196
1.110962
1.190863
1.460386
1.320793
0.896533
1.238001
1.039040
1.040194
1.319964
2.160776
1.685943
0.518257
0.435960
1.296697
1.150485
0.922999
0.972185
1.376070
1.380695
1.009977
1.161288
0.886020
0.998374
1.585260
1.142214
1.116750
1.076939
1.219189
0.953338
0.721454
0.953241
1.024201
1.308997
1.211954
0.787380
0.970395
1.100904
0.994773
1.231659
1.000409
1.189259
1.191615
1.186578
1.338117
1.500082
0.921180
0.970969
0.759400
0.894057
1.590687
0.414664
1.166829
1.192350
1.313986
0.458231
0.821608
0.911398
0.367925
0.717388
1.861596
1.200501
1.931128
1.442903
1.523840
0.389408
1.317756
0.948230
1.165206
1.110653
1.943524
1.061040
0.991684
0.971244
1.273531
1.453408
2.047332
0.909991
1.627681
1.020955
1.246827
1.062934
1.788364
1.170401
2.017904
1.027414
1.085286
1.348495
1.899042
1.938935
0.960567
0.814759
1.282222
1.097886
1.836758
1.989365
0.902907
1.522302
1.307498
1.971582
1.854969
1.601226
1.795151
1.038976
1.463165
0.894300
1.384602
1.238995
1.837247
1.123851
1.596157
0.910320
0.983394
1.334727
1.007647
1.610058
0.995735
0.890154
0.791097
0.929803
1.302495
0.917312
1.297379
0.831980
0.817708
0.975475
1.546457
1.244436
1.364710
0.975853
1.022458
1.064061
1.005313
0.945237
0.868603
1.152534
1.055153
1.047430
1.022411
0.983534
0.948445
1.101045
0.855712
0.927112
0.805957
0.871796
0.952996
0.949939
1.010304
1.009452
2.839028
2.576317
0.933830
1.948619
0.708628
1.758655
1.146798
1.141982
1.809613
1.172532
0.915862
1.257306
0.904644
0.979323
0.939749
2.004545
0.914178
1.372491
1.121021
1.269409
1.740532
1.414431
0.569390
1.168887
2.184826
1.768175
2.128258
1.433702
1.017197
1.088622
0.895628
2.124748
2.022624
2.022569
2.057053
1.266182
0.915991
1.091208
1.043201
1.162649
0.989302
0.949856
1.467812
1.243768
