3683 1 3
0.596511
0.933799
0.559469
0.957682
1.193681
1.531318
0.899285
1.163316
0.875493
1.041208
0.800730
0.903810
2.175097
0.870112
2.190297
1.350016
1.574331
1.216827
1.235811
1.658648
0.988130
1.806236
2.758285
0.926455
1.642874
2.193052
1.706877
2.891284
1.534441
1.792728
1.984392
0.910390
1.217784
1.001247
0.860632
0.924561
0.862949
1.228605
1.376831
1.385574
1.952316
1.028484
1.316167
1.074410
1.963814
2.500507
1.112042
1.235063
2.274276
1.605713
1.238016
1.651975
1.497733
1.246542
1.314288
2.699843
1.065247
1.221162
1.352224
1.673583
0.964025
1.563553
1.620770
2.045171
1.267672
1.375571
2.813765
1.757854
1.400685
1.303865
1.928845
2.084915
1.479270
1.492889
1.278938
1.637091
1.569116
1.874781
1.033131
1.235830
1.092188
1.833221
1.513852
1.005362
1.039861
1.092921
0.884292
0.896168
2.131376
1.501328
0.935706
1.225634
2.080045
1.339658
1.069160
1.357621
1.473402
1.102837
1.616498
1.095386
1.042807
1.012346
1.246641
1.414465
1.769352
0.932693
0.844681
2.248333
1.643820
1.367619
1.196364
2.203326
1.094613
2.151134
1.459833
1.681643
2.200531
1.396657
1.114857
1.547875
1.199035
0.900951
0.915309
1.394555
1.124809
1.707780
0.525707
1.955197
0.794312
0.499877
1.903608
1.619889
1.505788
1.273235
2.076201
1.713368
1.271253
1.032320
2.321171
1.954042
1.014923
1.520612
1.499841
1.755208
1.091477
0.497868
1.261947
2.028267
0.949701
1.092807
1.073991
2.026234
0.738856
1.106149
1.014522
2.020479
2.013686
1.103423
0.912276
0.785010
1.027848
1.598452
1.708998
1.172738
1.744595
2.026620
1.664544
1.899399
1.826502
2.478987
1.410813
1.802892
2.014342
1.959398
0.577006
1.203629
1.270652
1.841352
1.976580
0.970005
2.010473
1.697247
1.365406
1.253143
1.862799
1.854084
1.107483
1.871906
1.600824
1.444489
1.907380
0.889626
1.379643
1.659075
1.257884
1.801206
1.003070
1.043523
1.707577
1.096143
1.451500
1.824685
2.257981
1.408221
0.701576
1.263537
1.745034
1.162463
1.198290
1.122950
1.669363
0.728245
1.186383
1.201618
0.998282
1.060690
1.185069
0.931697
2.023273
1.022504
0.620757
0.953770
1.279398
1.037417
2.117143
1.079965
1.073966
0.977808
1.954570
0.591357
1.377259
0.741251
1.764010
0.743860
1.046219
1.209158
1.882143
1.670791
1.493841
1.028264
1.102581
0.825094
1.333679
1.898692
0.979373
1.750452
1.516862
1.864200
1.817767
0.802084
1.632618
0.916416
0.847478
1.003265
1.066970
0.959081
1.003265
1.620935
1.403547
1.991771
1.042105
1.580367
1.522090
1.101453
1.400085
0.925062
1.185990
1.501478
1.320201
1.606166
1.423761
2.086986
1.621008
1.159927
0.395073
0.946876
1.580367
1.029688
1.097966
1.036738
0.891808
1.056245
1.820817
0.995865
1.716677
1.427532
1.211272
1.055261
0.996367
1.254086
1.098585
2.070764
1.961772
1.271653
1.278814
1.056280
1.328148
1.574403
0.981465
1.607984
1.419664
1.100095
1.305884
1.254086
0.486700
1.185484
1.493557
0.967547
1.149833
0.980206
0.321413
1.405465
1.025183
2.000051
1.619188
1.360216
1.152853
2.228170
0.924807
1.546906
1.361264
1.157114
1.181568
1.000411
1.405465
1.819411
1.308106
0.902304
0.909670
1.465162
1.029791
1.103367
1.296497
1.453529
1.872226
0.748188
1.172432
1.456364
1.159039
1.120458
1.735686
2.031199
1.786488
1.811996
1.083953
1.718934
1.728856
0.954721
1.056148
0.925712
1.229409
2.237225
1.751376
1.207890
0.932669
1.311235
1.065308
1.070615
1.282453
1.085527
0.999894
1.223852
1.102591
1.113606
1.300897
1.058733
1.021908
1.121979
0.965133
1.097475
0.963865
1.093626
1.018315
0.669845
0.610801
0.822534
0.778008
0.803902
0.674122
0.736806
0.820133
0.689176
0.735742
0.797733
0.817686
0.771787
0.814202
0.917262
0.677297
0.883416
0.871477
0.899678
0.856058
1.034049
1.129808
1.159103
1.181460
0.982056
0.909162
0.781010
0.732948
0.912930
0.945322
0.773315
1.247996
0.893895
0.678188
1.553208
1.546034
0.904543
0.654367
1.424753
1.239951
0.977710
1.003823
1.071200
1.201005
0.873401
1.327652
0.874299
1.130167
1.138875
0.967972
1.066172
1.065511
1.362314
1.150365
1.691608
1.688198
1.293810
1.339851
1.491130
1.324082
1.575028
1.569940
1.975054
1.763686
1.638413
1.503176
1.405614
1.730844
1.349957
1.063588
1.137012
1.567823
1.771454
1.433650
1.847310
1.484212
1.726581
1.929313
1.660956
0.905187
0.910977
1.007487
0.982167
0.964731
0.979216
1.275623
1.480474
1.718108
1.489188
2.011173
0.926724
1.211744
1.746472
1.656398
1.358425
1.534213
1.294436
1.407067
1.311689
1.145526
1.644080
0.997701
1.745362
1.943578
1.516743
1.227684
1.827992
2.208113
1.796384
1.416741
1.612698
0.879049
1.847021
0.848065
0.910674
1.825650
1.736417
1.643321
1.648084
1.363663
1.593653
1.847021
1.718707
1.838378
1.130714
1.661099
1.717349
1.424940
2.118793
2.480849
1.860964
0.831938
0.917433
1.890290
1.605302
2.024296
1.984007
1.853033
2.301541
1.857532
2.457398
1.553163
1.113440
1.571871
1.218203
1.690489
1.943955
2.168235
1.161775
2.474724
1.852480
0.963581
1.495172
1.786933
1.678158
1.975896
1.503004
1.787706
2.122902
1.226240
1.501464
1.577642
1.467113
0.985368
0.915648
1.891863
1.662095
1.792728
2.027352
1.574073
1.390800
1.882414
1.713412
1.646046
1.935964
2.130533
1.919570
1.736904
2.667483
2.082403
2.887819
1.041010
0.997818
0.956546
1.076560
0.977973
1.129536
1.646537
1.565738
1.673567
1.317002
2.164002
2.377639
2.377639
0.924985
1.839278
1.905240
1.602677
1.965981
1.854852
1.028484
1.737226
1.779272
2.027215
1.722973
2.273152
3.005638
2.462883
1.505329
0.991839
1.010556
1.685359
0.977973
1.518264
2.119211
1.331915
2.147123
1.708572
1.164393
1.803544
2.058227
2.667483
1.881591
2.860244
2.435347
2.746043
1.060306
1.630481
2.223643
1.470668
1.446447
1.145932
1.995222
3.043372
0.784986
0.920844
1.036313
2.104873
1.674311
1.379567
1.344647
1.772696
2.302975
1.955957
2.898802
1.616410
2.227567
1.061896
1.401806
1.522918
1.792201
1.782436
1.556565
1.560923
1.264497
1.299984
2.475914
2.947071
2.444257
0.970220
1.588722
1.676956
1.744058
1.134022
1.607199
1.494662
1.569801
1.491770
1.701141
1.426967
2.713360
2.803120
2.915974
2.716876
1.097362
1.189090
1.222275
1.193326
1.720976
2.436568
2.915210
2.818536
1.994527
1.957850
1.351655
1.006614
1.224689
1.537673
1.601121
2.087328
2.151289
1.293977
2.667396
1.468007
1.713626
2.905958
1.242586
1.899694
1.119748
1.231308
1.722735
1.378203
1.151078
1.799190
1.567386
2.072031
2.354390
2.017400
0.936337
1.322530
0.812183
0.958527
1.362460
1.600599
1.498018
1.160692
1.578224
1.593863
2.071227
2.667030
1.153908
1.047978
1.550233
1.596261
2.122230
1.475881
2.190016
1.231212
2.035969
2.782328
2.427716
2.110044
1.092562
1.124785
1.085346
1.894156
1.046037
1.207345
1.308034
1.583756
1.219966
1.261301
1.403421
1.015864
1.120667
1.048791
1.281311
1.944051
1.505093
2.023750
1.824375
1.717106
1.806260
1.608177
1.936600
2.037883
1.517161
1.430784
1.381459
1.299735
1.636935
1.515786
0.915447
1.170447
1.641948
1.664156
1.956238
1.668138
1.589496
1.317293
1.103820
1.115388
1.421288
1.580060
1.731341
1.033394
1.673621
1.265373
1.443813
1.786924
1.602759
1.051551
2.270335
1.651975
1.731476
1.731476
0.911467
1.140057
1.305782
1.728781
1.701004
1.713754
1.392333
1.161479
2.490017
2.710016
2.212953
2.081972
1.888502
0.899171
1.151820
1.661649
1.630961
1.866871
1.812224
1.615503
1.555729
1.765579
1.266950
2.667078
1.756014
2.568024
2.035857
0.935404
1.607504
1.570684
1.655849
1.345621
1.534316
1.620949
1.380174
1.741863
3.013547
2.394489
2.768549
2.820047
1.970228
1.780293
1.384884
1.458675
1.087339
1.408124
1.243315
1.439582
1.011412
1.757854
1.457485
1.170447
1.210521
1.714036
1.792859
2.709262
2.898418
2.104082
2.388895
1.754737
2.193819
1.724286
1.445924
1.573863
1.105048
1.082724
1.561616
0.901120
1.685805
1.244215
1.443142
1.539063
1.017976
2.420332
1.962363
1.634064
1.217195
1.548602
1.421878
1.805182
1.752099
1.922005
1.811141
1.291634
1.094751
1.997439
2.011204
1.819290
1.546634
1.636321
1.358680
1.848978
1.741057
1.683706
1.559777
1.034419
1.343963
1.790592
1.907735
1.436963
2.036360
1.929067
1.568018
2.343695
2.519675
1.703595
0.855002
1.306100
1.648180
1.663008
1.505110
1.331834
1.814092
1.784173
1.716201
1.480708
2.027010
1.445420
2.016149
1.913788
0.872361
1.564629
1.749698
1.198375
2.019655
2.210382
2.194707
1.918066
1.596066
1.773549
0.994240
1.039537
0.913220
1.259179
1.450794
1.114342
1.379194
0.995065
1.620845
1.193899
1.901673
1.747045
1.057270
1.205241
1.279299
1.686850
1.367990
0.927970
0.945433
1.350172
1.545768
2.168908
0.988347
1.507809
2.709262
2.006552
1.977142
2.710016
2.197359
1.459833
1.347344
1.193839
1.731922
1.285373
1.087800
1.301523
1.181670
1.490564
1.628839
1.441237
1.486247
1.666307
1.358680
1.364926
1.753750
1.715033
0.958403
1.704755
2.114296
2.563293
1.089498
2.036360
2.466366
1.782927
2.266648
2.096667
1.137624
1.538140
1.780070
1.383739
1.419060
1.154259
1.297372
1.360754
1.502094
0.722400
1.104291
1.406763
2.056366
1.323521
2.181454
2.508150
0.926669
0.965855
1.348674
1.635019
1.352898
0.974443
1.651977
1.310283
1.745663
1.114038
1.340012
1.196155
1.400671
1.166833
1.330126
1.606169
1.264266
1.649740
1.400666
0.965435
1.130968
1.771737
1.060767
1.326109
1.477245
1.345899
0.979258
0.935654
1.314877
1.254118
1.456433
1.395758
1.480680
0.989695
1.812652
1.328103
1.805702
1.923890
1.478600
1.978491
1.794537
1.018314
1.126497
0.739519
0.920963
1.416802
1.182310
1.389265
1.377877
1.202885
1.417692
1.473402
1.102837
1.102837
1.088382
1.770215
1.693331
1.789934
1.338588
2.129976
1.895561
1.425779
1.214910
1.405500
1.567711
1.378168
1.418859
1.621834
1.170962
1.057997
1.722765
1.081922
0.958403
2.353417
2.015333
1.522452
2.027614
1.245018
1.414057
1.384699
1.498056
1.001052
1.481279
1.428886
1.711314
0.995065
0.995065
1.276141
1.570251
2.064493
1.562139
1.216763
1.465276
1.725011
0.947894
0.921433
0.800994
1.724210
1.960167
2.133565
2.080045
1.476019
2.308451
2.110873
2.179405
1.401568
1.339658
1.303700
1.525329
1.756542
1.973493
2.025402
1.153171
2.012378
1.852940
1.318590
0.998542
1.378774
1.299536
1.998669
1.744007
1.037300
1.219161
1.773623
1.712150
1.260228
1.096678
1.702246
1.357803
1.633242
2.463785
1.753187
1.484733
1.052428
1.287271
1.266042
1.207577
1.602510
1.199035
1.352556
1.627839
0.934980
1.069502
1.963401
0.985015
1.784371
0.992252
1.525329
1.757797
1.113205
1.073024
1.213486
1.147008
1.583135
1.120162
1.464784
1.916137
1.262777
1.319266
1.275371
1.513423
0.951894
1.735219
0.869081
1.004874
2.024692
2.357977
2.036189
2.403478
1.894020
1.036165
1.193763
1.204307
1.466593
1.104893
1.286556
0.963886
0.955522
0.718440
1.648875
0.946739
1.294668
0.900951
0.981628
1.585527
1.749252
1.959842
1.261405
2.055953
1.963401
1.712824
1.277439
1.478600
0.985015
1.942203
2.110873
1.982069
1.763432
1.340432
1.340432
2.780860
2.160495
1.270677
1.175488
1.137952
2.072730
1.827528
0.917274
0.818832
1.731400
1.588089
1.406634
1.563492
1.288944
2.235445
2.433685
1.817060
1.863558
1.396657
1.065483
1.204083
1.510307
0.912350
2.149370
1.013849
1.312290
1.596160
1.242043
1.311554
1.123733
1.998836
1.940690
1.371662
1.915641
1.940619
1.916780
1.723581
1.994265
2.216294
1.973392
2.679781
1.529392
1.163645
1.708433
1.166599
2.014789
1.397216
1.098614
1.897434
0.968088
2.012575
1.551661
0.879866
1.517700
1.668835
2.198863
2.137202
1.216924
1.497124
1.137952
0.866462
0.725996
1.773745
2.052302
1.277439
2.120607
2.078400
1.351193
1.347086
1.142866
1.043486
1.159597
1.148338
1.008909
1.482115
0.464135
0.779440
1.973849
0.942493
2.167803
2.174409
1.814882
2.509753
1.451420
1.009530
0.971968
1.372078
1.502702
1.908175
2.575301
0.848649
1.431901
1.098393
0.912350
1.194131
1.897417
1.226274
2.050873
1.760048
1.004874
1.725767
1.256194
1.884028
2.031185
1.856948
0.933398
0.985111
1.091477
1.663021
1.657203
0.887906
1.920867
0.738669
2.278489
2.017575
2.078490
1.453174
0.845643
1.304199
1.677406
1.222903
1.513423
1.532534
0.898166
1.398264
0.877654
2.135219
2.149366
1.047432
1.464668
2.280078
2.281024
1.713368
2.514715
2.254057
2.506164
2.647767
1.374707
0.918571
0.992258
1.238653
1.551387
0.723082
1.782414
2.034312
1.739168
1.687249
1.273235
1.657413
2.040718
1.955014
2.399165
1.385987
1.408627
2.185647
1.143125
2.115069
2.118060
1.042758
1.855047
1.222096
1.650589
2.280078
0.987775
0.899127
1.422336
0.939133
1.255437
1.799126
1.275862
1.013180
1.894163
1.749853
1.552564
1.074097
1.319309
0.954910
1.378453
1.302852
1.725681
2.102984
1.848706
2.266359
2.888146
2.445285
0.829471
0.969699
1.139298
0.614968
0.885082
1.440746
1.489974
1.408626
1.761562
1.920866
0.486927
1.810639
1.619977
0.783237
1.136390
1.532924
1.389351
0.883355
1.223277
3.056476
2.399165
1.725817
2.640375
2.020479
1.022591
1.068731
1.800598
1.072672
1.958863
1.899213
1.495789
2.120937
1.873907
2.546928
1.099857
1.342170
1.910900
2.096400
1.375741
1.559294
1.180211
1.037034
1.143125
1.977648
1.718463
1.899807
1.072476
2.149144
2.344677
1.930319
1.131392
0.952569
1.716091
1.644094
1.342427
1.323806
1.549321
1.499940
1.137320
1.930385
2.093582
1.002676
0.785010
2.052448
1.804176
1.278737
1.202171
1.778553
2.239438
1.329298
1.867667
2.655353
1.806564
1.905940
0.951331
1.348842
1.006937
1.458768
1.172738
0.885175
1.468135
1.672125
2.166621
0.977419
2.051545
1.271622
1.954052
2.103452
0.896106
1.326748
1.446030
1.286043
0.669623
1.109755
1.888476
1.262301
1.022520
1.717364
1.862352
0.991029
1.866280
1.851566
1.541083
1.020775
2.045869
1.134103
1.401006
2.163903
0.710959
1.717362
0.878987
1.310684
1.253170
1.795734
0.836048
1.880150
1.678445
2.135210
0.887906
1.304102
0.805975
1.738543
0.880689
1.191460
2.462681
2.201295
0.997864
0.869976
1.190431
1.084771
1.141537
1.456023
1.765375
1.708835
1.311417
1.851064
1.792709
2.329217
2.371749
2.826981
1.046098
1.421413
1.406994
1.708998
1.736350
1.423924
1.404978
0.832502
1.555887
0.924522
1.249423
1.096547
1.395753
1.743697
2.044652
2.331006
1.835371
2.083760
1.867426
1.859183
1.877935
2.265251
2.270190
2.370127
2.205035
1.144064
1.691730
1.544982
1.258715
1.562057
1.920907
0.842328
1.542103
0.919779
1.843357
2.007485
1.817179
1.871347
1.500712
1.254557
1.352534
2.780722
1.920626
1.159458
0.920284
1.327024
1.327024
1.796257
1.105720
1.069371
1.805417
2.033706
0.613891
2.134640
0.864128
1.172605
1.058984
1.671920
1.783183
1.765136
1.993302
1.278402
1.093154
0.978851
1.471398
1.497424
1.431635
1.660524
1.354346
0.741447
1.419381
1.184015
1.885094
2.110853
1.581000
1.534775
1.191407
0.906170
2.083760
1.930633
1.209944
2.157688
2.149584
1.834061
1.984963
1.732594
1.301360
1.425541
1.564339
1.729065
1.862864
1.764599
1.425749
1.161031
1.212770
2.048202
1.575169
1.163628
1.721007
1.603314
0.992509
1.912985
1.685353
1.044630
1.754997
1.690380
1.044362
1.162757
1.658304
1.074128
1.579715
1.131805
1.494993
2.447089
2.163761
1.941308
2.356917
1.120334
1.193275
1.185856
1.432847
1.387055
1.106690
0.897263
1.617431
1.152471
1.341597
1.675558
1.681749
1.260197
1.863444
1.976062
1.807572
1.040599
0.982067
1.341700
1.028353
2.079215
1.257053
1.583578
1.196953
2.613803
2.654603
1.378126
1.690380
1.725737
1.710036
0.983770
1.807820
1.310228
1.174246
1.702278
1.374393
1.892236
2.024517
1.494131
1.430153
1.798890
0.993628
1.534775
1.726875
1.831437
1.125041
1.641377
2.068737
1.244466
0.859555
1.804192
1.026473
1.364877
1.890572
1.842019
2.047455
0.889377
1.574681
2.431941
1.099987
1.029644
2.186589
0.879548
1.234265
1.038823
1.510921
1.358204
1.712644
1.768345
1.203445
1.375021
1.188253
1.124269
1.807572
1.689373
1.854084
0.806998
1.419629
1.713100
1.178619
1.935791
1.332292
2.266216
1.780576
1.456156
1.490453
1.015110
1.180978
1.694391
1.497903
0.815245
1.221616
1.237953
1.312756
1.351229
1.253308
1.239384
1.670976
1.118459
1.040531
1.094499
2.042112
1.381654
1.860094
1.238228
1.738887
2.426167
0.955933
1.092541
1.908962
1.860710
1.176580
1.455790
1.728411
1.143562
1.213562
1.123505
1.803143
1.167937
2.121667
2.207181
2.600006
2.283330
1.491332
1.577050
1.445607
1.301360
1.010255
1.379812
1.223825
1.649545
1.215031
1.324949
1.828402
0.892925
1.720140
1.600824
0.790154
1.620649
1.124182
0.986826
1.569312
1.028335
0.734340
1.510297
1.618927
1.936401
1.672299
1.549332
1.110124
1.421183
2.031518
1.765404
1.574681
2.494115
2.127259
1.450110
1.423715
1.414658
1.170868
0.957515
1.149577
1.562110
1.333304
2.161789
1.430685
1.913393
1.704203
1.415504
1.105743
1.810029
1.186957
1.040116
1.037948
1.195765
0.925439
1.294687
1.345081
1.036500
1.489745
0.965208
1.043994
1.706367
1.499954
1.456871
1.218446
1.201618
1.371828
1.246132
1.022280
1.040364
1.008742
1.260725
1.483550
1.257884
1.023040
1.659491
1.303710
1.257030
1.316124
1.362463
1.721031
1.506096
0.960815
2.207402
2.068737
1.036078
1.144349
1.794523
1.569879
1.996788
1.171520
1.054943
1.556735
1.933008
2.007993
1.497402
1.604722
1.757619
1.977175
1.604722
1.249431
2.226484
2.214106
1.669363
1.289187
1.019507
1.306507
1.264533
0.843209
1.458565
1.115642
1.344916
0.908290
0.856532
2.145136
1.870095
1.959808
1.913393
1.258785
2.122475
1.522602
1.273187
1.611370
1.236488
1.300361
0.958713
1.234545
0.965532
0.856532
1.261042
1.913484
1.789954
2.097235
2.029167
1.373733
1.328006
1.096080
1.283846
1.320372
1.201854
1.729558
2.082413
2.100834
1.256739
2.160498
1.771911
1.674409
1.672217
1.021490
1.702014
1.119521
1.119521
0.909542
1.961582
2.080933
1.765575
1.722897
1.427300
1.328006
0.714461
1.046219
1.287134
1.304919
1.114670
1.560633
2.208975
2.022624
1.880437
1.929061
1.111523
0.994998
1.174593
0.979443
0.954552
0.895921
1.729581
1.441554
1.339567
1.187652
2.081785
0.468321
1.411951
1.674124
1.733824
1.988642
1.416667
1.363058
1.456725
1.269642
1.116626
1.233903
1.022482
0.974995
1.906463
1.421564
1.626221
1.601001
0.961500
0.958473
1.079367
1.515252
0.977808
0.912549
1.228192
1.466006
2.096109
1.758322
1.721031
1.368098
1.998223
1.786807
1.649492
1.107071
1.305781
1.296660
1.777267
2.062889
1.665539
1.879263
1.952375
1.000114
1.633186
0.912805
1.786795
2.047709
1.199039
1.587979
1.211926
0.999342
1.080391
1.745918
2.241029
1.959943
1.372392
1.201854
1.314060
2.050516
2.142409
2.107045
1.918177
1.947312
1.378615
1.616938
1.479629
1.017195
1.180490
1.064565
1.191136
1.024177
1.002365
1.148973
1.586163
1.158930
1.109693
1.093138
1.368575
1.200172
1.391999
1.184541
1.768698
1.142351
1.531922
1.856442
1.764010
1.049950
0.980849
1.087469
1.413697
1.768684
1.027361
1.672518
1.183058
1.317578
1.884497
1.720140
0.993181
1.048877
0.849765
1.759137
1.778878
1.719884
1.586627
0.899641
1.986224
1.969263
1.531922
1.459487
1.306507
1.400181
1.740105
1.533363
1.189421
0.948977
2.369886
1.913873
2.033697
1.771825
1.093138
1.518061
0.833495
1.300627
1.302561
1.108143
0.899641
1.138914
1.938118
1.665800
1.529554
1.782780
1.487154
1.186384
1.345525
1.069531
1.179257
0.993817
1.587626
1.608861
1.097997
1.102960
1.553734
0.845942
0.873015
2.023107
1.010074
0.849765
1.353701
2.139905
1.425901
1.894997
1.745022
1.803973
1.455712
1.533363
1.358340
1.008855
0.892687
0.968004
1.393691
1.380940
1.885905
1.160899
1.372392
1.061001
1.146071
1.300678
2.107045
1.709284
1.471822
0.967059
1.072456
1.037834
0.714984
1.390523
1.150446
2.071603
2.300891
2.079234
1.170963
1.928380
1.879263
1.523657
1.724854
1.922987
2.017653
1.447404
2.015631
1.568790
1.477341
1.229503
0.969337
0.616684
1.340995
0.915406
2.370855
2.125551
2.011963
1.788905
1.842925
1.338194
1.308760
1.275409
1.254814
1.544611
1.180546
1.431278
1.488657
1.601900
0.999991
1.181772
1.053497
1.126683
1.078986
1.086573
1.645457
1.061792
1.566858
2.165664
2.014072
1.054081
1.543469
1.501060
1.377364
1.473275
1.331194
1.831907
0.878631
0.985719
1.467199
1.716570
1.343872
1.017149
1.103315
1.388572
1.375512
1.609631
1.566858
0.912231
1.900246
1.908679
1.089541
1.391039
1.409957
1.931658
1.148448
1.806213
1.630011
1.359766
1.108571
1.495052
0.621686
0.937580
1.322950
1.191028
1.903421
2.450199
2.300891
1.201290
1.172867
1.433018
1.939756
1.758370
1.215816
1.224199
1.206859
1.120322
1.063240
1.318553
1.403547
1.375464
1.194864
1.273061
2.540039
1.547211
1.869414
1.441221
1.370345
1.795648
1.271695
1.642439
1.813595
1.176784
1.062213
1.612428
0.980578
1.213696
1.128357
1.836161
1.913424
1.777593
1.223663
1.499557
0.914795
0.971770
1.215641
1.034196
0.488093
1.022679
1.491019
1.020878
1.683809
1.076023
1.228435
1.572354
1.466012
1.579481
1.533988
1.375865
0.995806
2.289497
2.064343
1.315557
1.595320
1.752032
1.489042
1.497043
1.522694
1.412156
1.260171
1.300094
1.537605
1.737219
1.752310
1.468756
1.307742
1.844414
1.223850
1.298687
1.020946
0.905677
1.365503
1.343818
1.167574
2.396965
2.153612
1.797067
1.439103
1.232838
1.132186
1.321635
1.036838
1.066823
0.948288
1.588609
1.683129
1.352677
1.463488
1.450601
1.099623
1.744133
1.972336
1.906823
1.468254
2.046826
1.785074
1.726858
1.135393
0.918128
1.353577
1.136097
1.229696
1.089521
0.931975
0.938560
0.961742
0.463858
1.969779
1.833117
1.318016
1.914108
1.701664
1.203935
1.212188
1.061775
1.504743
1.128890
1.106846
1.104594
1.157801
1.146760
1.133298
1.036838
1.236465
1.230990
1.030554
1.492266
1.797067
2.026851
1.942379
1.278814
1.701664
1.501637
0.932961
1.098952
1.025957
1.117745
2.300440
2.117879
1.037502
1.116880
1.741428
1.180097
1.258149
1.428368
0.924691
0.982222
1.327485
0.981710
1.119099
0.889521
1.103138
0.907421
0.488093
2.284334
1.911345
2.062386
1.802803
1.089954
1.345945
0.932177
0.855659
1.150955
1.320737
1.206126
1.139774
1.048981
1.028823
1.061851
1.052396
1.011262
1.208008
2.163153
2.251801
1.585489
1.607303
1.232651
1.363431
1.276929
1.469164
1.021686
0.984605
0.827357
2.191615
1.329492
1.669104
1.526858
1.316254
1.310866
0.923405
1.184247
1.049537
1.146847
1.159279
2.230256
1.495736
1.911345
1.675903
1.093115
1.773716
1.453704
1.236574
1.065258
1.665732
1.067087
0.745609
1.025780
0.975355
1.041992
2.327823
1.242748
1.451302
1.404089
1.333580
1.309826
1.249324
1.296702
1.015447
0.957415
1.119312
1.040235
1.182180
1.003923
0.395073
2.040666
2.237488
2.341327
1.734264
1.350735
0.893605
1.584211
1.662534
1.082569
1.342625
1.109826
0.961563
0.961563
1.839203
2.345503
1.757432
0.903579
1.175351
1.537229
0.917991
1.069438
0.947934
1.186468
1.030185
0.491657
1.989795
1.711985
1.351540
1.170622
0.399594
1.355663
1.551811
1.212886
1.415496
1.321099
1.927450
1.016446
0.267941
1.154310
1.161469
0.942648
1.519267
1.289507
0.954005
1.084135
1.004981
1.062305
1.016583
1.328148
1.565631
2.021171
1.599548
1.235544
1.100370
0.862386
1.012281
0.741111
0.870416
0.870039
0.986995
1.256541
1.385856
1.056063
1.159920
1.008482
1.381845
0.999940
0.425768
2.058445
1.673294
1.883081
1.500106
1.358050
1.344031
1.298884
1.011609
1.148540
0.996240
0.944830
1.185195
0.963693
1.369472
0.847291
1.347351
2.077828
1.805792
1.102620
1.529792
1.078444
1.501150
1.851347
1.433706
1.142022
1.171122
1.191602
1.344589
1.268233
1.247602
1.097841
1.067103
0.886898
1.756546
1.778141
1.960134
0.927629
1.396477
1.073280
1.076480
1.347351
2.214804
1.845074
2.001115
1.859256
1.858172
1.826120
1.401090
1.099399
1.151400
1.064114
1.253912
1.359887
0.926299
1.152200
0.997843
1.170625
1.211637
0.914542
0.991259
1.004732
1.915702
0.933021
0.764563
0.662702
0.444393
1.590048
1.263491
1.030522
1.102361
1.111014
0.996240
0.999127
1.068075
1.317212
1.446192
0.816042
0.730966
1.614877
1.162361
1.169425
1.272680
1.217769
1.251520
0.919749
1.717649
1.370241
1.307796
1.040448
1.246283
1.246283
1.121806
1.012867
0.971349
1.885471
1.977143
1.856781
1.400144
1.885997
1.089359
1.059348
1.378609
1.011532
0.969645
0.869505
0.928298
0.847159
1.759550
1.174538
0.765819
1.024086
1.024086
0.935955
1.201853
0.810774
0.981568
0.951895
0.996424
0.913382
1.826795
1.661259
1.073735
0.890198
0.842385
1.379919
1.128822
1.072547
1.131832
1.165581
1.172235
1.102583
1.027191
0.992198
0.976066
1.907475
1.496585
0.296628
0.964380
1.116883
1.767823
1.465162
1.102361
0.782006
1.147263
1.312395
1.147888
0.810774
1.013994
0.805259
1.793317
1.339394
0.884722
0.794115
1.480466
1.300129
2.024057
0.995570
1.356306
1.190735
1.231058
0.975719
1.004398
1.932518
0.722819
0.998185
1.181946
0.267000
1.996658
1.286729
1.013994
1.308950
1.911721
1.974464
0.757702
0.785206
1.928502
0.389408
1.859256
1.197755
1.227656
1.030221
0.902449
1.305751
1.635561
1.375478
1.704732
1.786233
2.101884
1.498568
1.057889
1.490199
1.214192
0.545014
0.468943
0.346172
1.209906
1.193269
0.984965
1.099625
1.461520
0.653601
0.950089
0.950089
1.099860
1.252880
0.971186
1.432094
1.075237
0.890769
1.253411
1.208059
1.257304
1.012562
1.688292
1.573623
1.645222
1.909147
2.144777
1.190704
1.350907
1.037457
0.960854
1.866069
1.341043
1.168657
1.337003
1.173795
1.311826
1.885619
0.749556
1.073281
0.686579
1.030183
1.174196
1.688467
0.947510
1.251599
1.069199
1.713604
2.008478
1.104826
1.099866
1.013609
0.412427
0.928530
0.871539
2.071452
1.415720
0.842385
1.189644
1.049794
1.368244
0.999222
1.097665
1.549318
1.571012
1.089225
1.754251
1.063397
1.128483
1.993361
1.303868
1.211424
1.405910
1.081811
0.885929
1.642320
1.898594
1.857985
1.229454
1.122054
1.330045
1.238156
1.935231
1.904640
1.131658
0.930949
1.148741
1.952639
1.494367
1.141954
1.948367
1.072959
1.106289
1.149745
1.254225
1.170445
1.480649
2.153695
1.275561
1.094609
1.354688
1.483279
1.752126
1.640183
1.839526
1.935634
1.458948
1.263971
1.422583
0.946870
0.796847
1.916204
1.059191
1.106223
0.977452
1.026492
1.508852
1.949437
1.161444
1.356334
1.403923
1.115810
1.338032
1.127348
1.102994
1.171877
1.949014
1.491149
1.860376
1.078300
1.387957
1.001128
1.263083
1.292924
1.263478
1.385479
1.234171
1.261627
1.187296
0.894579
1.399311
1.687300
1.717714
0.949205
1.048761
1.079609
1.102936
1.795161
1.467737
1.082049
1.114207
0.993568
1.349289
1.867358
1.912609
0.952340
1.123270
1.128299
1.232868
1.282501
1.946506
1.112020
1.179923
1.053283
1.199539
1.626292
1.684266
1.061971
1.073253
1.391531
1.392831
1.025367
0.988820
1.114207
1.471268
1.283189
1.106223
0.970521
1.218557
0.850441
1.191095
0.950068
1.311235
1.179958
1.027353
1.695141
1.683666
1.093503
1.033666
1.128437
1.012253
1.460203
1.780990
1.696241
1.077225
0.980474
1.344540
1.348529
2.093256
1.158783
0.914247
1.292294
1.141638
1.065147
0.899453
1.123355
0.856341
1.036335
1.139107
1.144157
1.116514
0.968715
1.088390
1.118962
1.760795
1.002136
1.210627
1.036349
0.937498
0.994661
0.886119
0.837152
1.538653
0.941896
0.960956
1.097231
1.034355
0.995346
0.944698
1.189220
1.100163
1.605478
1.696078
1.135410
0.955803
0.796003
0.983733
0.862742
0.853852
0.857271
1.028063
1.260005
1.121884
1.058733
1.151364
1.091373
1.017118
1.039201
1.102022
1.039287
1.427730
1.195198
0.947958
1.177549
1.099712
0.929859
1.311112
0.852652
1.107866
1.014041
1.559375
0.959885
1.111519
1.277398
1.143350
1.017929
0.976654
0.971245
0.887294
1.047931
0.952562
1.415632
0.736489
1.122956
1.032959
0.957489
1.118744
1.300320
1.182628
0.784265
1.002502
1.182756
1.193078
0.775379
1.218274
0.984618
0.771957
1.195669
0.887968
0.954936
0.944823
1.079379
0.905749
1.036498
1.069721
1.097209
0.993997
0.886645
0.945864
0.974575
0.901323
1.161432
0.872655
1.083381
1.140144
0.952072
0.990232
1.008670
0.982635
0.991899
0.958516
0.980545
0.840604
0.963601
0.962607
0.987573
0.925020
1.029632
0.932860
0.757946
0.836291
1.058472
0.943916
1.484287
1.381107
2.274589
2.183773
0.778296
1.241201
0.665462
1.069833
0.895372
1.330783
0.843478
1.213788
1.825588
1.418812
2.661312
1.068755
1.749968
1.006454
0.884586
0.870564
1.733919
3.027158
0.969053
1.956238
2.276968
1.231671
1.991091
1.444314
1.182110
2.875516
1.099039
1.904112
2.198870
1.738164
2.209124
1.124283
1.058587
1.938195
1.311372
1.988256
3.037797
1.683216
1.694572
0.939699
1.433616
1.694531
1.110007
1.402315
1.103042
1.666302
1.501996
1.895329
1.782671
1.705297
1.604793
1.047090
1.560427
1.575307
1.434737
1.274161
1.165920
1.952190
1.637244
1.335325
0.947667
1.387179
1.872639
1.057156
1.774457
0.914278
1.141755
0.928077
1.633416
1.099759
1.794870
2.009961
1.764131
0.888552
0.883254
0.976185
1.484782
1.054461
0.823829
0.720396
1.498111
0.756708
1.124536
0.957530
1.967713
0.762994
1.396657
1.249248
1.556784
0.488067
1.484201
1.830293
2.726410
1.606169
0.746211
1.631127
0.598895
1.136390
1.096106
1.679669
1.372104
1.706859
1.182453
1.682163
1.409200
1.055525
1.477276
0.902213
1.577822
1.303809
1.954509
2.755104
1.561200
1.237950
1.344941
2.147359
1.546656
1.793748
0.613891
1.781854
1.302212
2.478987
2.254679
2.755104
1.822870
1.385467
1.233999
1.302866
1.876294
1.472912
1.430183
1.418285
1.831437
1.108384
1.191188
2.031518
1.062551
1.130378
1.797537
1.283039
0.968268
1.358363
0.771101
1.398676
1.192145
1.166759
2.097730
1.143742
1.087174
1.172901
1.153220
0.782077
1.945188
1.038148
0.952645
0.835974
1.006863
1.465934
1.388570
0.929073
0.923257
1.066080
0.979684
1.275571
0.856139
2.163153
1.174396
1.341641
1.268510
1.578229
1.011474
1.141092
1.778179
0.792830
1.150221
1.533269
1.014067
1.212249
1.205042
1.337042
1.200903
1.277333
1.321939
1.092012
2.398259
0.404833
2.176212
1.104398
1.214086
1.114888
1.165497
1.300671
1.189917
1.072651
1.220251
1.078292
1.377024
2.282521
0.911893
0.979475
2.153082
1.080130
1.294986
0.991005
0.866677
1.121709
0.969703
0.970969
1.039724
1.081337
1.298154
1.065012
1.073330
0.803748
0.820208
0.821993
0.903104
0.842972
0.239331
0.614728
1.937069
1.186335
1.926159
1.761314
1.150087
1.822110
1.252417
1.130216
0.973963
1.954503
1.179653
1.769408
1.270858
1.612221
1.428814
0.984948
0.916811
1.151364
1.155506
1.003922
1.015814
1.025462
1.104445
1.007696
1.116829
0.932907
0.985006
1.083007
0.916947
2.499094
0.681927
0.738378
1.259873
1.081279
0.942366
0.675091
0.851176
1.395335
0.669478
0.786356
0.939623
0.803219
1.606491
1.093466
1.193848
1.007043
2.029570
0.976092
1.970247
1.745701
1.808983
1.002004
0.888630
0.920187
0.926136
0.749548
2.118793
0.946404
1.004051
1.686584
0.855687
2.192493
1.586005
1.218335
1.136020
1.348640
0.936876
0.963557
1.257519
1.859155
2.196611
1.696913
1.895052
0.980992
1.252304
0.975093
0.912858
0.893062
2.072161
0.881768
0.922591
0.839503
1.988518
2.500507
1.806327
0.942883
1.898293
0.990711
1.238960
1.240574
2.333467
1.026421
1.467940
1.992225
2.281534
2.784159
1.902593
3.010948
2.105284
2.718235
0.998420
1.514944
2.462498
1.082289
1.282404
1.165289
1.284690
1.691116
2.942942
2.129547
1.708906
1.075851
1.180210
1.661770
1.908039
1.886403
1.208579
0.911467
1.105048
1.735701
1.968127
1.396179
1.015155
2.140003
1.764065
1.758325
0.897228
1.820181
1.739464
1.103495
0.889020
1.896983
1.639055
2.651922
2.224890
1.351465
2.729527
2.061042
1.570735
0.729520
1.884294
1.468666
1.284690
1.203586
0.905272
2.518803
0.901120
2.313821
1.135593
1.278605
1.102453
1.321770
0.955969
2.204353
1.991159
0.956511
0.994332
1.028049
1.393523
1.081902
1.224321
1.182254
2.180773
1.892134
1.954937
1.886143
0.984341
1.932650
1.710036
0.917777
1.262391
2.068203
1.983325
1.434254
1.202638
2.652082
1.009511
1.533895
1.541912
1.411032
0.865466
1.315567
1.151641
1.559215
1.099982
1.162400
0.826127
1.535259
1.352905
2.102906
1.173477
1.658827
0.971348
0.612236
1.675260
1.395929
0.451898
1.720038
0.989172
0.453795
1.068217
1.750926
1.055439
1.174294
1.764985
2.370049
1.157624
0.943966
0.504867
1.137391
0.683370
0.578471
1.139298
1.264690
1.964960
1.377662
0.852951
1.564573
1.214236
1.167566
2.291059
1.804730
1.489974
1.468651
1.873790
1.650589
1.044347
1.937521
1.386787
1.241526
2.254679
1.657203
2.118562
1.180476
0.999430
1.284734
1.361503
1.601854
2.530789
1.334452
1.561200
1.603152
1.975094
1.704232
1.847765
1.422626
1.622484
1.262443
0.598895
2.508777
2.355695
0.975671
1.743846
0.864128
1.334131
2.569546
0.994880
2.379841
1.581515
1.658605
0.964311
1.235205
1.603314
1.319121
1.368200
1.187517
2.358810
2.848888
1.847487
1.251162
1.199583
1.481831
0.856188
1.322525
2.121397
2.313397
1.280191
1.119553
0.719771
1.363895
1.556110
1.270571
2.237349
2.168175
1.771911
1.630414
2.055462
0.986598
0.988851
2.196582
1.180013
1.386070
0.894910
0.585568
0.815395
1.210076
1.676038
2.005938
1.365975
1.272968
1.162822
1.078412
0.617113
1.469378
1.876308
1.346363
1.105499
1.598868
0.944545
1.564894
1.773825
1.768960
1.147006
1.284117
1.009421
0.941707
1.678584
1.858201
0.795377
1.336053
1.235587
0.662210
0.989956
1.606166
1.055362
1.699498
1.139699
1.454710
2.423625
2.264299
1.263503
1.135333
2.063091
0.990671
2.136836
1.436940
1.295267
2.195277
1.123982
0.925953
1.353602
1.223982
2.104556
0.797225
1.225941
1.830532
0.954330
1.036891
0.983372
1.824050
1.988165
1.906177
1.016407
1.146260
2.277874
1.877605
1.051846
2.412631
1.405309
1.116060
1.143736
2.044452
1.166545
0.840728
1.004720
1.500163
0.954202
1.024161
1.009898
2.016413
2.120841
1.043622
0.724845
1.186102
1.078031
0.994435
1.878098
0.981196
1.190863
1.320793
1.238001
1.040194
2.160776
0.518257
1.296697
1.150485
1.009977
1.161288
0.998374
1.142214
1.116750
1.076939
0.721454
0.953241
1.024201
0.970395
1.100904
1.231659
1.000409
1.189259
1.186578
1.500082
0.970969
0.414664
1.166829
1.192350
1.313986
0.458231
0.821608
0.367925
1.200501
1.442903
1.523840
0.389408
1.317756
1.061040
1.273531
2.047332
1.020955
1.062934
1.085286
1.348495
1.938935
0.814759
1.282222
1.989365
0.902907
1.522302
1.971582
1.854969
1.601226
1.038976
1.463165
1.384602
1.837247
1.596157
0.910320
0.983394
1.334727
1.610058
0.995735
0.929803
1.302495
0.917312
0.817708
0.975475
1.546457
1.244436
0.975853
1.022458
1.064061
1.005313
1.022411
0.983534
0.948445
1.101045
0.855712
0.927112
0.805957
0.871796
0.952996
2.839028
2.576317
1.948619
0.708628
1.758655
1.146798
1.141982
1.809613
1.172532
0.915862
1.257306
0.904644
0.979323
0.939749
0.914178
1.121021
1.269409
0.569390
2.184826
1.768175
1.017197
0.895628
2.124748
2.022624
2.057053
0.915991
1.091208
1.162649
0.989302
1.243768
