3683 1 3
1.804634
1.510372
2.003552
1.843555
1.496060
2.428169
1.407250
1.735621
1.939180
1.459565
1.074130
2.190704
3.075628
1.685021
2.685573
2.145535
2.274935
2.007597
2.275769
2.288484
1.368684
1.886494
3.075908
2.530036
2.242009
2.602457
2.950129
3.146571
2.210912
2.863181
2.752204
1.251641
1.249965
1.310714
1.219114
2.269576
1.330758
2.501945
2.371124
2.198102
3.418788
2.645960
2.012690
1.194813
2.950454
3.069701
1.284748
2.195284
3.186669
2.039638
2.015499
3.065768
1.973085
1.580009
1.407044
3.600311
1.375545
1.321360
2.240111
1.729347
2.296525
2.034228
2.808318
3.024075
2.165569
1.573604
3.526906
1.429688
1.936555
2.589016
3.057494
3.105863
2.434720
2.346388
1.452856
1.483908
1.423937
2.213959
1.584044
1.820073
2.205922
3.093185
1.731460
1.173237
2.369652
2.130196
2.309645
1.261668
3.509512
3.479563
2.350089
2.608792
2.927204
3.673448
1.380941
2.695944
2.821575
2.350780
3.344912
1.416679
1.611072
1.541965
2.796203
3.122447
1.513012
2.260174
2.567433
2.955465
1.653739
2.420788
2.249258
3.321416
2.819992
2.829269
3.194681
2.035287
2.999289
3.603261
1.659698
1.591839
2.114924
2.870737
2.165479
1.439518
3.212896
3.166101
0.956255
3.519101
0.987283
1.085285
2.120775
1.599932
1.425493
3.114220
3.618778
2.759970
1.899954
1.756639
3.027065
2.517503
1.446774
3.027413
1.482896
2.538185
1.653295
1.000625
3.761512
2.663170
1.849517
2.975999
1.663057
3.128530
1.481002
3.063067
3.131917
2.472838
1.730197
1.991841
2.107731
2.644686
1.813825
2.795254
1.902997
1.503050
2.617560
2.925302
2.423368
3.150319
2.878718
2.857968
1.643216
2.630506
3.543144
1.883405
0.855723
2.244224
1.886129
1.815388
2.376096
1.951585
2.791486
1.820753
2.478296
1.423081
3.283974
2.827732
1.806485
3.051039
2.399825
2.632576
2.364171
1.600928
2.270257
2.936177
1.513679
2.909694
1.214160
1.935602
1.726980
2.189219
2.463239
2.522273
2.797068
1.672499
0.854894
1.340866
3.260716
2.226286
1.669853
1.984809
2.490369
1.448875
1.830609
2.066015
1.837739
1.971505
1.542654
1.932209
2.122379
2.022336
0.892884
2.071044
2.323498
2.067304
2.800033
1.560017
1.710809
1.744748
3.215096
0.847043
2.205927
1.874562
2.851339
2.055597
1.821804
1.809937
2.141917
2.305740
2.228860
1.818895
1.610481
2.064092
2.466249
2.818672
2.059706
1.940442
1.511074
2.854092
2.081454
2.256300
1.495924
2.454667
2.251495
2.382014
1.508016
1.450571
2.382014
1.600873
1.719310
2.627994
2.633558
2.228957
2.419711
2.159164
1.507028
1.054650
1.118630
1.473201
1.564471
2.238914
2.026651
3.239336
2.459472
1.249423
0.669643
2.158579
2.228957
1.276571
1.455653
1.393500
1.599907
1.163124
1.928888
1.298165
1.918519
1.662316
2.237231
1.387407
1.542702
2.669110
2.383744
2.952145
2.438050
1.191506
2.344940
1.622200
2.712332
1.535584
1.695763
2.497815
1.646879
1.584315
1.712417
2.669110
0.581327
1.721437
1.709978
1.511932
1.742131
1.932341
0.730865
1.438830
0.992851
2.829572
2.503015
1.776383
1.505033
3.042178
1.593332
1.618936
1.709585
1.489367
1.597660
1.571144
1.438830
2.876212
1.162522
1.310787
1.457305
2.115087
2.198948
2.279066
1.840279
1.593480
2.538488
1.094572
1.157120
1.230443
1.508555
1.323138
2.564977
2.817621
2.592701
2.104719
1.102707
2.317815
2.454677
1.156094
1.871989
1.345598
1.583681
2.622373
2.231355
1.371038
1.718815
1.304346
1.602899
1.249616
1.919571
1.689041
1.573266
1.757513
1.738907
1.404941
1.778524
1.725943
1.972023
1.843878
1.429722
1.557534
1.611571
1.071135
1.445752
1.599060
1.684657
1.305737
1.229182
1.700364
1.078118
1.135557
1.286036
1.132160
1.660672
1.050021
1.589198
1.786934
1.098388
1.126203
1.176742
1.468940
1.808540
1.240759
1.099766
1.784147
1.566635
2.153040
2.071362
1.941075
1.166865
1.341724
1.284754
1.914757
1.212568
1.744276
2.232225
1.181386
1.794938
2.224789
2.560967
1.062932
1.160217
1.658667
1.579947
1.928869
1.188999
1.369393
1.617982
1.498839
1.962722
1.920132
1.777779
1.827635
1.630713
1.903597
1.946816
1.327004
1.725504
2.423922
2.578399
1.741282
1.801323
1.875732
2.025359
2.502882
2.307479
2.749537
2.380160
2.177109
1.542147
1.810319
2.239863
2.054522
1.933031
2.019637
2.121017
2.232062
1.668733
2.465002
2.104514
2.379463
2.349392
2.086651
1.431033
1.233213
1.289141
1.160772
1.412251
1.124792
1.831009
2.402298
2.598303
1.993032
2.255223
1.216634
1.450488
1.840379
2.164499
1.316291
2.231114
2.029061
2.518247
2.040906
1.483999
1.727324
1.834462
2.063763
2.381761
2.188845
1.928531
2.641422
2.577946
2.525617
1.920577
1.885422
2.205652
2.409097
1.361547
1.400497
2.410076
2.134554
1.674939
1.817306
2.481073
1.911708
2.409097
2.437900
2.282722
1.343854
1.841373
1.989330
1.989165
2.788711
2.926412
2.356206
1.295069
1.492548
1.912703
2.233973
2.421520
3.229988
2.678279
2.829080
2.635369
2.756241
2.041283
1.382106
1.871388
2.313869
2.100111
2.280260
3.005082
1.819503
2.828565
2.246876
1.802162
1.892972
2.087481
2.119089
2.406162
2.174157
2.956112
3.328956
1.703280
2.687787
2.637192
1.814832
1.728626
1.572159
2.101532
2.896858
2.863181
3.139334
2.074454
1.784191
2.076351
2.050410
2.242334
3.067494
2.825397
2.658157
2.488433
2.938181
2.776850
3.089085
1.702280
1.269171
1.279465
1.437177
2.487013
1.345071
2.372331
1.495012
1.746356
1.826706
2.763350
2.978305
2.978305
1.512136
2.060205
2.100918
2.117817
2.619937
2.551885
2.645960
2.213258
1.873786
1.925870
2.919825
3.503598
3.164119
2.967373
1.920152
1.361031
1.583802
2.064974
2.487013
2.466664
2.745221
2.523451
2.809518
2.476623
2.212097
2.731994
2.465783
2.938181
2.617065
3.320362
3.064502
3.105321
1.524184
1.967193
2.561493
2.332206
2.338852
2.139124
2.503838
3.242825
1.278497
1.505905
1.621348
2.174464
2.708821
2.410883
2.135767
2.505296
3.050345
2.785235
3.091096
2.248367
3.212310
1.313279
1.637191
1.903006
2.071353
2.201186
2.231953
2.518665
3.475471
2.200992
3.009727
3.249357
2.973587
1.461409
1.907515
2.154863
2.113902
2.274704
2.194284
2.508072
1.634447
2.377573
1.720607
2.335680
3.533614
3.427842
3.240350
3.359543
1.704382
1.427069
1.487090
1.840996
3.370530
3.581769
3.324011
3.158275
2.866133
2.901265
1.944863
1.242409
1.518835
1.647026
2.300470
2.807422
3.640313
2.166610
3.717490
2.345831
2.109015
3.488806
1.785034
2.159022
1.679125
1.269948
1.987242
1.866850
2.086330
2.849198
2.208516
2.554100
3.063456
3.035814
1.953153
1.973145
1.417981
1.469798
1.650540
1.943803
1.901992
2.349008
2.773389
2.911981
3.452369
3.125264
1.973160
1.388836
2.336257
2.042745
2.339856
2.110732
2.344199
3.559844
2.962433
3.117401
3.391847
3.441210
1.271955
1.252002
1.439808
2.208475
2.103286
2.287946
2.218322
2.383039
1.827506
1.947785
1.935669
1.260244
1.619251
1.538393
1.490466
2.170380
1.976755
2.003302
2.208127
2.235030
1.914221
2.345386
3.678520
2.768178
1.972277
2.345810
1.894513
2.253059
1.969842
1.753241
2.256443
2.381092
2.320144
2.729298
2.546995
2.188109
2.594946
2.117681
1.533238
1.451218
1.418304
2.169646
1.701417
2.368546
2.061943
1.601388
1.803911
2.725930
2.363683
2.131025
3.151570
3.065768
3.122363
3.122363
1.626128
1.314504
1.407950
1.785925
1.594441
1.571898
2.181920
3.406053
2.958318
2.714302
3.545130
3.157751
2.411883
1.516714
1.624704
2.133497
1.582730
2.366290
1.858811
1.813313
3.307197
3.448687
2.392781
3.409707
2.123159
3.101048
3.284981
1.420314
1.647310
2.047377
1.470702
2.026229
3.364938
3.553436
2.306554
3.337892
3.546205
2.760642
3.476179
3.466280
2.589022
2.487222
2.260278
1.792694
1.353682
1.451300
1.668760
1.844638
2.089088
1.429688
1.942812
2.381092
2.163637
2.076735
1.738987
3.532526
3.544774
2.604208
2.888318
2.562983
3.245423
1.780810
2.518423
1.975996
1.384918
1.704762
1.358513
2.107616
2.548602
2.070307
3.561045
3.429458
2.231030
2.931569
3.646469
2.384360
2.252442
1.856190
1.608402
1.802943
2.268576
2.417182
2.928262
3.527667
2.326683
3.331123
3.227587
3.516824
1.834076
1.455228
1.462763
1.523683
1.504364
1.899320
2.115714
1.868414
3.360182
2.550605
3.416106
2.303542
3.573892
3.219295
2.186052
3.732185
2.512868
2.154602
1.364509
1.464654
1.410153
1.716697
1.261903
2.154066
1.466347
1.540680
1.551799
2.169072
3.027115
2.303844
2.671309
2.178641
1.337107
1.430018
1.737679
2.497782
3.624935
2.267849
2.468373
3.218221
1.717947
1.808873
1.343750
1.350168
1.183097
1.471187
1.437247
1.302258
1.127811
2.036655
2.230186
3.585927
3.438961
2.827154
1.985942
2.082233
1.660537
1.314742
1.743927
1.195393
1.374064
2.619889
2.326123
3.264277
2.374059
2.292594
3.532526
2.378213
3.396823
2.714302
2.794662
3.194681
2.290682
2.132387
3.045950
2.178036
1.438308
1.273897
1.859072
1.298422
1.294143
1.234809
1.325856
1.741798
1.462763
1.215304
1.631274
2.254430
2.918464
2.545805
2.995629
3.586831
3.784069
3.573892
2.525520
1.960435
3.060875
2.860027
3.350557
2.283804
1.967587
1.393541
1.336087
1.479798
1.783558
2.432087
2.794563
1.566183
2.481792
1.382025
2.793475
2.249114
3.184476
2.616191
1.216945
1.289399
1.351969
1.675034
1.449984
1.567776
1.630135
1.211646
1.685636
1.904017
2.652783
2.827963
2.273242
1.994890
2.369921
3.255723
2.378560
3.690416
2.393544
1.223120
1.398383
1.559733
1.672464
1.279450
1.342404
1.253664
1.918575
1.178252
1.270277
2.228871
2.733253
1.247288
2.148758
2.345077
2.913194
2.313427
2.424716
3.348927
3.358652
2.355120
2.903075
1.382284
1.302922
1.422660
1.271629
1.668764
2.224921
2.067945
2.006698
2.684422
1.253418
2.821575
2.350780
2.350780
3.029249
2.940623
2.530437
2.537117
2.994940
2.659415
3.520375
2.854848
3.389153
2.098097
1.866614
1.473819
1.616933
1.945582
2.764532
3.122141
2.618569
3.029504
2.918464
2.676459
2.602381
2.224980
3.095383
1.592273
1.363664
1.612834
1.295295
2.304618
3.013520
3.052386
2.651955
2.036655
2.036655
3.148585
3.055788
2.200155
2.767395
2.203134
1.411564
1.663690
1.648242
1.122426
1.883421
2.463911
3.034019
2.871954
2.927204
2.186403
3.047659
3.223347
2.816060
2.916968
3.673448
3.633966
3.417014
2.422233
2.380234
2.703278
2.066838
2.559314
2.338744
1.865654
1.344763
1.451562
1.752602
1.807050
1.539993
1.585217
1.524106
1.713882
1.720943
2.895851
3.270318
2.362228
3.592559
2.626805
2.521953
1.995270
1.816223
1.341921
1.746892
1.503100
1.074289
1.683146
2.114924
2.340306
2.469971
1.197958
2.882027
2.454520
1.956346
2.369826
1.998318
3.417014
3.354061
1.383554
1.637208
1.646813
1.746019
1.770059
1.431401
1.792585
1.769611
1.175828
1.369145
1.198762
2.023844
2.130132
2.820818
1.392251
2.513674
3.219556
2.409626
3.099643
2.765594
2.199518
1.501343
1.679349
1.751937
1.292225
1.491888
1.139048
1.701881
1.695610
0.926515
1.555518
1.033309
1.633735
2.870737
2.153940
2.172879
2.322704
2.635124
2.838849
2.844472
2.454520
2.336093
3.161319
3.358652
2.112165
2.559207
3.223347
2.375086
2.611192
3.044571
3.044571
2.713996
2.305491
1.314996
1.602950
1.766203
1.692114
2.841417
3.132022
1.315167
2.487812
2.385757
3.039534
1.857994
2.130275
3.586900
3.398179
2.401695
1.866281
3.603261
1.579599
1.656043
1.486172
1.606451
1.740061
1.519034
1.765671
1.680879
2.053639
2.013216
3.108754
2.743296
2.961947
2.635657
2.228803
2.487010
3.558834
2.737298
2.442141
3.244501
2.252838
2.506311
1.449578
1.815320
1.740010
1.710148
1.712779
1.562113
1.846337
3.050986
1.292969
2.735924
2.458628
2.724486
2.771398
2.534279
3.132427
2.805812
2.289042
1.329355
1.707059
1.489750
3.107353
2.357137
2.889696
3.161319
3.044938
3.299855
2.115249
1.898517
1.572687
1.653655
1.762778
1.224202
1.132839
1.580590
1.014030
1.169631
2.829756
1.670081
3.408791
2.724187
2.651668
2.994248
2.021837
2.145735
2.335492
3.026168
1.974999
2.696147
3.265476
1.827214
1.319955
1.041898
1.606451
1.601004
1.716611
2.123013
2.774040
2.441834
2.473342
2.788474
1.900254
2.582720
2.369824
2.033573
1.549653
1.888436
1.653295
1.593009
1.818897
2.256457
2.571523
2.431027
2.594940
2.529810
2.345511
1.554232
0.918833
1.616098
1.699208
2.244156
2.023844
2.293839
1.555898
2.300952
2.540524
2.545865
2.481980
2.938752
1.788622
3.123500
2.986066
2.759970
3.230932
2.851092
2.968004
3.188774
1.794560
1.201534
1.710022
1.836739
1.862545
0.920383
2.245353
2.864690
2.475725
2.329678
3.114220
3.697624
2.548371
2.654908
3.706990
2.213274
1.885811
3.125849
2.499797
2.855611
2.871876
2.790660
2.686390
3.932832
3.816140
3.123500
1.342233
1.771057
1.430448
0.993484
1.567309
1.845284
2.083765
2.040079
2.745235
2.836098
2.295737
1.371168
2.681099
2.955151
3.451854
3.861163
2.489403
2.808763
3.678819
2.943404
3.163016
2.958071
1.335873
1.174913
1.644766
0.868290
1.471657
1.619890
1.882794
2.053710
2.441422
2.673251
0.969288
2.787640
2.194498
2.613028
1.957507
2.120733
3.383169
2.980390
2.062796
3.336671
3.706990
2.792335
3.036389
2.472838
1.509964
1.541034
1.874621
1.643306
2.564325
2.946266
2.171061
3.547514
3.729795
3.008151
1.291484
1.486929
1.930930
1.791045
1.561149
1.839876
1.904045
2.142930
2.499797
2.715964
2.406868
2.762465
2.261397
2.961531
3.152787
2.671060
1.827223
1.536942
1.507395
1.881988
1.700370
1.557028
2.011652
2.292016
2.053380
2.938025
2.790434
1.151771
2.644686
2.836675
2.785921
2.939373
2.098111
2.661341
3.585606
2.259672
2.574824
3.168462
2.315197
1.967054
1.637819
1.520290
1.779808
1.318574
1.503050
1.430468
1.800747
2.328233
2.898833
1.944257
3.712216
2.371419
2.729335
2.607969
1.261520
1.483887
1.388822
1.606492
0.852862
1.507967
1.892361
1.989249
2.358462
2.252796
3.174707
2.225796
2.622733
2.507708
2.852147
2.945913
3.274168
2.413992
1.964370
3.316776
0.922364
1.823861
1.465160
2.443947
2.511679
2.627930
1.602949
2.502282
2.339498
2.970967
2.256457
2.376467
2.932447
2.507237
2.523423
2.432458
3.234269
3.502892
1.869685
1.615633
1.649351
2.321784
1.592275
3.085369
2.369543
2.628964
3.002846
2.830235
2.537248
3.235797
3.090369
3.149931
1.276696
1.870786
1.870187
1.902997
2.062632
2.128592
1.980353
1.639864
2.388971
1.339297
1.948021
2.185746
2.259206
2.675753
2.893967
3.600349
3.119738
3.216862
3.093029
3.075291
2.508418
2.911154
3.085262
3.232026
2.692416
1.646973
1.971734
1.920351
1.498831
1.947377
2.567987
0.914566
2.374895
1.462327
2.537925
3.055986
2.546440
3.248531
2.772542
2.056754
1.983609
2.910378
2.392431
1.663788
1.172463
1.934957
1.934957
1.944504
1.778190
2.068078
2.296910
3.286180
0.905798
2.823341
2.051740
1.983775
2.059802
2.841855
2.860348
2.773082
2.231195
1.845533
1.354065
1.381369
1.396546
1.459772
1.902739
1.622303
1.821012
1.883979
1.946678
1.478706
2.872138
2.969730
2.296337
2.528325
2.286149
1.946771
3.216862
3.013277
2.201716
3.045335
2.679526
2.192532
2.358253
1.992850
1.786844
1.347002
1.590451
2.072169
1.703954
2.016030
1.841807
1.996434
1.729629
3.019525
2.629156
2.163154
2.251005
2.752034
1.973868
3.049982
2.982364
2.390779
2.776334
2.996911
1.189942
1.769228
3.107290
1.355503
2.608526
2.119972
2.668300
3.292001
2.822228
2.691790
3.311628
1.628602
1.887954
1.319821
1.555121
1.651759
1.334131
0.997437
1.877727
2.092562
2.083354
1.847646
2.946424
1.435383
3.103477
2.675615
2.682978
2.115023
2.255269
2.562837
1.917536
3.048391
2.076597
2.849859
2.421147
3.124123
3.028356
2.245306
2.996911
2.145880
3.321624
1.198013
1.903121
2.530894
1.891877
2.300895
1.755496
2.770263
3.066754
2.171436
2.541709
2.282883
2.915576
2.528325
2.668899
2.419765
2.334755
2.432353
2.593228
1.644361
1.604489
1.972616
1.416956
2.118410
2.471900
3.121286
3.059005
1.264131
2.541699
3.768039
2.021377
1.979097
2.456644
1.723677
1.665483
1.460864
1.628868
1.542933
1.625520
1.570449
2.031150
2.081603
1.980473
1.483453
2.682978
2.464477
2.827732
0.969437
2.735090
2.442651
2.184813
2.809399
2.739827
3.261649
2.413598
3.290499
1.829159
1.884518
1.837472
1.521278
1.527678
2.021638
2.202584
1.869531
1.635384
2.288401
1.971900
2.676247
2.199591
2.817882
2.759670
1.754343
2.803827
2.435087
3.312958
2.278353
2.548995
3.372658
1.848758
1.524587
1.664651
1.741374
2.155064
1.613571
2.370718
1.336845
2.184784
1.989933
2.447798
2.453990
2.970254
2.881127
3.085032
2.857125
3.151875
3.070382
2.045591
1.786844
1.089823
1.756796
1.563802
1.519410
1.729556
1.691852
1.796542
1.536592
2.526863
2.399825
1.889526
2.363728
1.903298
1.100780
1.532848
1.932381
1.040717
1.725770
3.140634
2.554471
2.577968
2.644011
1.699899
2.047557
2.380170
2.194440
2.541699
3.267332
2.749239
3.111133
2.228636
1.863701
1.747539
1.444750
1.509443
1.831183
1.975441
3.032308
2.501592
2.960722
2.894455
2.055413
2.005128
3.129578
1.975413
1.706186
1.788051
1.585164
1.136371
1.431404
1.653464
2.105488
1.850985
1.701837
1.910538
1.743485
1.652634
2.289218
1.269546
2.066015
2.940966
1.875501
1.444978
1.246682
1.253733
1.493780
1.941285
1.513679
1.397951
1.821966
2.223580
1.561089
1.734391
2.058397
2.070231
2.122094
1.602406
2.921579
2.593228
1.699552
1.946603
1.598788
1.668272
1.832433
1.581528
1.997619
2.039402
2.651672
2.842151
2.196514
2.159389
2.228549
2.358165
2.159389
2.485788
3.306616
2.827260
2.490369
1.786496
1.802025
1.630690
1.599491
1.841617
1.646659
1.745654
1.849930
1.920365
1.789461
2.546592
3.325151
2.847513
2.960722
2.083868
2.511842
2.327662
2.872783
2.387492
2.009522
1.576341
1.708965
1.445674
1.685654
1.789461
1.586299
3.003800
1.814474
3.084730
2.641693
2.865673
2.431904
1.768747
1.934856
1.866757
1.837407
2.026805
2.236461
2.845686
2.629253
2.619984
3.026150
1.427513
1.703825
1.841222
1.876670
1.729833
1.729833
1.658577
2.948001
2.784900
2.811358
2.906213
2.597329
2.431904
1.004886
1.821804
1.862261
1.888943
2.152546
2.364660
2.798324
2.460474
2.569167
2.558234
1.567653
1.573415
1.721945
1.205065
1.935051
1.632179
1.774122
1.835755
2.079971
2.006159
2.178905
0.763428
2.405338
2.839457
2.004484
2.158941
1.840225
2.258718
2.400017
2.102263
2.384200
1.697104
2.483945
1.677331
2.584173
2.364406
2.410135
2.306812
1.546572
2.143648
1.248448
1.607156
1.744748
1.942071
2.140067
2.005436
2.638843
2.484792
2.070231
2.567420
2.866057
1.801659
1.746285
1.814115
2.054636
1.860319
1.731102
2.352887
2.272240
2.672311
2.990199
1.680109
1.857298
1.903718
1.959902
2.784026
1.351744
1.575300
1.533121
1.418344
1.509125
2.388021
3.281365
2.713308
1.526906
1.837407
2.228450
2.162012
2.659879
2.391002
2.859705
2.594036
1.886016
1.956108
1.567515
1.670661
1.385372
1.628462
1.515219
1.773870
2.042031
2.382337
1.865022
2.420229
2.733566
2.115750
2.318391
1.728480
1.841938
1.796170
2.684111
2.407940
2.364529
2.921142
2.851339
1.877563
1.124453
1.355688
1.316779
1.502091
1.711967
1.798604
1.919955
2.330818
2.581614
2.526863
1.060920
2.262192
1.026879
1.774564
2.038781
1.993951
2.197912
2.444691
2.901101
2.610574
2.364529
1.567979
1.630690
1.361602
1.768743
1.979573
1.942556
1.458732
2.667294
3.298760
2.980424
3.000348
2.115750
2.670435
1.034659
1.164174
1.323935
2.103461
2.444691
2.426897
2.512495
2.141716
1.963511
2.550539
2.128571
1.939919
2.448139
1.951347
1.579046
1.249570
1.748010
1.851652
1.596928
1.339064
1.806815
2.391464
1.707410
2.818485
2.337348
1.026879
1.771580
2.288824
1.748915
1.984327
2.527667
2.509295
2.124640
1.979573
2.019404
1.962926
2.202620
2.102006
1.902444
2.034079
2.741941
1.131310
1.526906
1.989113
2.095359
2.208203
2.391002
1.974864
2.541210
1.263121
1.423455
1.477275
1.205486
1.945592
1.948635
2.096849
3.263734
2.788644
2.165351
2.866333
2.672311
1.657624
1.849054
1.948353
2.593416
1.663351
2.493922
1.598787
1.564384
1.287774
1.512327
1.150885
1.544013
2.103192
2.500794
2.078458
2.185037
2.502296
2.983161
2.562305
2.412682
1.260530
1.553265
1.553968
1.714406
1.629374
1.827103
1.819542
2.384094
2.173988
1.584683
1.457697
1.176577
2.341373
2.454610
1.907120
3.273635
2.705923
2.815420
1.255872
2.515893
1.158341
1.219754
1.618875
2.144375
2.113620
2.457922
2.329147
1.670583
2.137135
1.939829
1.526321
1.409916
1.683045
1.954257
2.253881
3.273635
1.984330
2.740467
2.808010
0.974818
2.038720
1.900568
1.973474
1.605598
1.701890
1.612312
2.383151
1.212490
1.620476
0.962438
2.123063
1.960478
1.765706
2.130957
3.140337
3.263734
2.200350
2.026078
2.209618
1.913481
1.795651
2.729856
1.793368
1.903841
1.580858
1.174969
1.521562
1.719310
1.323845
1.348440
2.250221
2.655417
1.952042
2.835732
2.203253
2.788518
2.891398
1.113265
1.629862
1.566947
1.889742
2.655954
2.339494
1.970824
2.351399
2.381663
2.042231
1.764421
2.674217
2.587609
1.824720
1.185305
1.242603
1.423861
1.395697
0.664556
2.177473
2.682366
1.894434
1.793818
2.394785
1.534293
2.303448
2.294926
1.803271
1.669456
1.902201
1.435228
2.695095
2.913200
1.904196
2.204666
1.726504
1.843896
2.201063
2.172965
1.611211
2.214000
1.594885
1.595336
1.683057
1.652855
1.602048
2.139452
1.772825
1.762494
1.333573
1.298970
1.631339
1.773415
1.880812
2.045233
2.961736
2.644185
1.866731
2.282865
2.304286
1.189471
1.482085
1.594020
1.725566
1.939156
2.346429
2.460439
2.181293
2.491572
1.203015
1.844923
1.636892
1.666382
1.963698
2.366064
1.867022
1.667667
1.579153
1.585890
1.405010
1.239377
1.723366
1.430964
1.496902
1.337350
1.358379
2.185101
0.755553
2.760346
2.909195
1.805418
1.782508
1.549818
2.363523
2.366303
1.817827
1.547176
1.334725
1.227335
1.436641
1.274880
1.264007
1.556975
1.594020
2.110299
1.954340
1.933500
1.216396
1.866731
1.732901
1.715332
2.344940
1.549818
1.629097
1.247153
1.384086
1.391873
2.024237
3.191622
3.154657
1.821942
1.965435
1.686795
2.001218
1.509917
1.585242
1.026990
1.494215
1.519257
1.850709
1.529505
2.008909
1.742927
1.621991
0.664556
2.962222
2.504033
3.027542
2.645608
2.161885
2.176821
1.126260
1.153312
1.325234
1.179619
1.706247
1.785332
1.584416
1.323462
1.962231
1.986696
2.346337
2.370382
2.951968
3.103397
2.589031
1.569143
2.004342
1.476801
1.118309
1.747377
1.665444
1.169337
2.157500
2.759865
1.172913
1.310288
1.545157
2.188991
2.118989
1.257341
1.232251
1.227585
1.569768
1.427696
2.890803
2.250770
2.504033
2.705254
1.183818
2.232214
1.249523
1.398707
1.951629
1.574467
1.453969
1.992196
1.702065
0.980592
2.009622
3.179570
2.104050
1.203089
1.220520
2.114089
1.946270
1.446149
1.495993
1.630341
1.413782
1.534687
1.833881
1.597031
2.036611
0.669643
2.742522
3.039962
2.860886
2.353153
1.249535
1.753888
1.641237
1.666500
1.965892
1.714763
1.483823
1.483631
1.483631
2.711896
2.726357
2.822107
2.006880
2.030194
1.543270
1.346335
1.462543
1.214497
1.594927
1.421391
0.672035
2.813985
2.767781
1.935893
1.089632
0.830255
1.533165
1.595101
1.605353
2.558443
2.368175
2.624399
2.154877
0.598605
1.703357
1.909645
1.743345
1.490357
1.537264
1.414202
1.040597
1.807660
0.890361
1.804940
2.712332
2.417038
2.544153
1.370093
1.747719
1.505113
1.304493
1.447163
0.731786
2.466425
2.081050
1.392264
1.069121
1.440103
1.582247
1.350235
1.431476
2.525284
1.939155
0.659723
2.773304
2.499916
2.720522
2.474001
1.355737
1.649990
1.605884
0.813373
1.051025
1.112148
1.388716
1.048631
1.309475
1.279129
1.453580
2.041067
2.654188
2.748920
2.557145
2.730917
2.756749
2.961413
2.792314
1.174638
1.765157
1.804003
1.735668
1.564252
1.735310
1.440762
1.470325
1.709647
0.761700
2.435320
2.740532
2.802972
1.052223
1.302366
1.627199
1.476525
2.041067
2.808947
2.607204
2.705513
2.744343
2.385811
2.292086
2.064648
1.428525
1.331271
1.734051
1.675174
1.584009
1.672822
1.302014
1.636092
1.454254
1.637039
1.203663
1.423258
1.790370
2.767454
0.887868
0.968299
0.750371
0.677087
2.885751
2.402900
1.127152
2.185650
1.694745
1.112148
1.567515
1.553934
2.070204
2.559583
0.982524
0.910743
2.523372
2.360206
1.528342
1.506758
1.322855
1.530359
1.572011
2.538349
2.493934
2.745493
1.099096
2.081039
2.081039
1.509863
1.356259
0.987829
2.525415
2.589593
2.439198
2.492349
2.794842
1.146727
2.175740
2.046498
1.495032
0.894524
1.707105
1.555132
0.964889
2.608097
1.074344
1.021670
1.511682
1.511682
0.792240
1.166745
0.813384
1.269477
1.425249
0.941664
0.823347
2.556998
2.693761
1.125523
1.059324
1.104702
1.157717
1.372528
1.498866
1.335410
1.509264
1.290548
1.445601
0.839434
0.877194
1.512309
2.557294
2.253308
0.520848
2.118508
1.108876
2.205995
2.115087
2.185650
2.239812
1.718451
1.474343
1.609641
0.813384
0.947905
0.821919
2.440657
1.629766
1.202178
1.383366
2.362422
2.442453
2.513519
1.081524
1.723828
1.273566
1.585335
1.635367
1.435283
2.507464
1.211856
1.439363
2.266022
0.546232
2.781580
1.444969
0.947905
1.911791
2.444228
2.576788
0.946600
0.904997
2.578842
0.654241
2.744343
1.862413
2.027894
1.571873
1.362172
1.960383
1.832813
1.731892
2.401055
2.464922
2.646852
2.253819
1.053277
2.382162
2.392354
0.663988
0.680566
0.481830
1.476369
1.509600
1.357477
1.472835
2.390167
0.849480
1.064687
1.064687
1.130977
1.218237
1.112777
1.219917
1.237514
1.313226
1.197279
1.368597
1.335018
1.689273
1.940461
1.979070
2.183089
2.512025
2.681205
1.930195
2.046148
1.312654
1.208473
2.555773
1.234123
2.301200
1.260149
1.930748
1.324298
2.059495
0.879140
1.109521
0.888005
1.067376
0.983873
2.689981
1.120020
1.100362
1.390745
2.287312
2.470878
2.077899
1.015835
0.989494
0.700507
2.185427
1.039420
2.697037
2.630057
1.104702
1.260489
1.490259
1.656165
1.540525
1.694621
2.337138
2.115651
1.088691
2.512476
1.104454
2.576020
2.535415
1.176700
1.303371
1.195907
1.804060
1.588772
2.013219
2.099453
2.215397
1.752580
1.556789
1.812752
1.135661
2.685426
2.164468
1.281888
1.691985
1.578875
2.414092
1.981386
2.380355
2.469069
2.240014
1.363748
1.321799
1.692400
1.542576
2.309903
2.541242
1.264482
1.364655
1.706903
1.864113
2.121349
2.048424
2.032037
2.281480
2.192431
1.172511
2.404942
2.474408
2.289971
2.191357
1.756174
1.445001
1.342799
2.416540
2.580905
2.243150
1.208733
1.227708
2.368830
1.228492
1.281121
1.866180
1.456080
1.337796
2.117582
2.298845
2.398594
1.190223
1.254636
1.812415
1.562241
1.255665
2.071101
1.312008
2.608037
1.274718
1.304149
1.213707
2.181793
2.381049
2.631176
2.539227
2.578804
1.171700
1.271766
2.156467
2.057600
1.701324
1.492414
1.335992
2.498669
2.339093
2.073775
1.267605
1.702104
1.426209
1.261628
1.833513
2.528871
1.272965
1.863131
1.810830
1.298735
2.117190
2.123506
1.352573
1.653871
1.779969
1.909535
1.700366
1.682170
1.492414
2.474410
1.499753
1.445001
1.214425
2.520915
2.492797
1.242263
1.723233
1.304346
1.303609
1.532122
1.930747
1.750589
1.349473
1.605527
1.941729
2.477494
2.466808
2.340240
2.216481
1.681196
1.566216
2.116074
2.071844
2.470490
1.309091
1.263934
1.339293
2.231883
1.222690
1.604814
1.482169
1.189376
1.155314
1.263718
2.410650
1.717770
1.197323
1.674433
1.447376
2.095169
1.331425
1.503567
1.319641
2.191346
1.280307
1.798093
1.330835
2.196335
1.222621
1.207524
1.404524
1.387329
1.483331
1.697849
1.471432
1.637827
2.137734
1.795875
1.610473
1.224595
1.271501
1.433305
1.291850
1.260409
1.249334
1.634420
1.694022
1.748373
1.725943
1.501213
1.364508
1.219983
1.294997
1.696693
1.640597
1.976437
1.187691
1.184080
1.691159
1.648332
1.103196
1.894473
1.197726
1.288627
1.080320
1.780676
1.170797
1.378837
1.725891
1.630665
1.151543
1.089916
2.004406
0.922836
1.589865
1.197113
1.553806
0.872412
1.023839
1.072011
1.123448
1.552509
1.552258
1.459379
1.051986
1.403274
1.664916
1.651732
1.573495
1.550966
1.050904
1.021763
1.482164
1.353919
1.475924
1.233521
1.180384
1.183922
1.429121
1.448105
1.357072
1.407084
1.184124
1.123572
0.980949
1.038997
1.220829
0.948024
1.513135
1.469161
1.073826
1.313448
1.030118
1.306628
1.370706
1.031060
1.069383
1.061949
0.994026
0.951053
1.325865
1.074880
1.024562
1.186265
0.929502
1.279896
1.131951
1.353472
1.255745
1.225450
2.272314
2.951774
1.805527
2.138015
1.029645
1.174260
1.353014
2.343697
1.508585
1.294494
2.520594
2.764876
2.924337
2.075433
2.527276
1.390350
1.421374
1.181582
2.213489
3.164486
1.409347
2.546995
2.842466
2.037662
2.308695
1.701636
1.406223
3.599880
2.145345
2.990967
2.714490
3.026081
3.558160
2.141752
1.250524
2.916448
1.647087
3.345660
3.572635
2.894001
1.915226
1.440463
1.634156
2.607132
1.309899
1.411901
1.735137
1.426368
1.730529
1.612413
1.616923
1.616630
2.823702
1.198945
1.522178
1.878638
1.599578
2.042070
1.766607
1.800179
2.585029
1.413081
1.268483
1.395844
3.040265
2.166430
1.613286
1.816348
1.508772
2.143871
1.435693
2.444479
2.140943
3.004969
1.819398
1.176553
1.421744
1.282712
1.329533
2.006660
1.178600
1.136113
1.223585
2.279063
1.798063
2.072590
1.672164
1.049496
3.603261
2.099443
2.993413
0.943473
2.112932
1.700276
3.021384
3.226619
1.118312
2.854823
1.132672
1.957507
1.938262
2.944261
2.031635
1.917430
1.789634
1.858731
3.161870
1.967629
2.591098
1.826617
2.631287
1.830635
3.246292
3.681958
1.444652
2.559296
2.957764
2.976440
1.790270
2.444361
0.810046
3.224633
1.796537
2.857968
3.383513
3.681958
2.831669
1.702318
1.778402
1.685311
3.262270
1.389162
2.075571
2.125363
2.419765
1.635523
1.768221
2.380170
1.620988
2.820701
1.805288
1.925441
2.099693
1.867040
0.895017
2.229142
1.194537
1.649209
2.369569
1.597619
1.221460
1.970995
2.787836
1.097936
3.033896
1.084943
0.965752
1.305611
2.137314
1.501859
2.191893
1.800381
1.550941
2.293663
2.292377
1.496557
1.265305
2.951968
1.786461
2.111465
2.149837
2.506735
1.544654
1.493930
2.955141
1.050435
1.713825
2.975229
2.076278
1.468841
1.564867
2.298343
1.772837
1.998649
1.655394
1.398934
2.897277
0.736544
3.069860
1.433917
1.560063
1.083021
1.205370
2.421397
1.532413
1.326713
1.209503
1.098565
1.361108
2.745179
1.405946
1.017321
2.634288
1.543454
1.278478
1.031795
1.045878
1.117779
1.488338
0.867738
1.070975
1.003351
1.564187
1.375139
1.492712
1.438768
0.929317
1.032271
1.013426
0.981077
0.654264
0.936843
2.350301
1.200333
2.251355
2.056094
1.681219
2.346245
1.273369
1.552620
1.153158
2.362003
1.295957
2.304089
1.802261
2.108429
1.939523
1.617781
1.598347
1.501213
1.722484
1.371242
1.507818
1.157425
1.109410
1.086854
1.400263
1.049957
1.035377
1.209863
1.274127
3.212021
1.154222
1.847006
1.748842
1.163828
1.246749
1.320081
1.280047
1.516084
1.189076
1.404785
1.267094
1.476623
2.179695
1.327118
2.111015
1.349833
2.483837
1.138622
2.483906
2.735077
2.007309
1.933984
1.442949
1.236637
1.621905
1.292953
2.788711
1.794235
1.475855
2.015120
1.314272
2.766511
1.938557
2.301468
2.156472
1.600814
1.294421
1.647160
2.549979
2.602237
2.654981
3.179144
2.137619
2.160091
2.080917
1.224115
1.188533
1.363380
3.348410
2.132457
1.509567
1.408596
2.797878
3.069701
2.120623
1.574161
2.045054
1.380920
1.513067
1.398012
3.046109
1.302751
1.561153
2.887691
3.461839
3.570756
3.566655
3.427305
2.870074
2.970508
1.536500
1.680572
3.702533
1.281596
1.365008
1.606537
2.706468
3.055881
3.220638
2.965741
2.023128
1.359104
2.228670
2.131697
3.307168
3.436659
1.617589
1.626128
1.384918
3.059437
3.481132
2.036370
1.538048
2.402050
2.800797
2.772818
1.479856
2.763916
2.940216
2.113092
1.343594
1.527006
1.622741
3.468556
3.322987
2.307712
3.571681
3.011226
1.988092
1.955251
2.017921
1.347444
2.706468
2.259175
1.537761
3.268207
2.107616
3.071178
1.314606
1.363702
1.444857
1.302546
2.734624
3.125985
1.819964
1.357786
1.295048
1.338287
1.997017
1.540835
1.472480
2.931796
3.406714
2.072842
1.570226
2.527042
1.265149
2.626672
1.508280
2.128064
2.868025
2.735336
3.087213
2.173670
1.862863
2.942490
1.220293
2.058537
1.787693
2.133578
1.024713
1.972550
2.142277
3.055535
2.010206
2.093801
1.660183
2.088802
1.933582
2.577235
1.319005
2.165425
3.035886
0.918993
2.861233
1.403776
0.941932
2.715304
1.913430
0.981043
3.137023
1.793270
1.051829
3.136938
2.972277
2.813884
1.585085
1.912761
0.983356
1.577313
0.894459
1.065704
1.644766
2.779640
2.571005
1.846544
1.292049
2.801325
1.347857
1.234846
3.445362
1.710107
1.882794
2.225777
3.314622
3.816140
1.577539
1.855999
1.221857
1.955276
3.383513
1.875617
2.731918
1.896212
1.554620
1.641242
2.301411
2.844916
3.709905
2.035664
1.444652
1.715886
3.192648
3.244733
2.838950
2.838052
2.515724
1.882548
1.016230
3.320262
3.312692
1.831055
3.203602
1.975843
2.003909
3.688583
1.765447
3.246178
1.574291
1.990016
2.856201
2.818050
2.752034
1.801127
1.265824
2.475299
3.503676
3.210470
2.840798
1.826329
1.677088
2.788826
1.077631
2.197458
3.350368
3.272995
1.536841
1.919451
1.797141
1.864054
1.523139
1.627226
3.108952
3.119905
3.026150
1.685695
2.757437
1.724427
1.660934
2.622038
1.286188
2.180740
1.888567
0.996418
1.069715
1.504812
2.074335
2.753909
1.470379
1.473247
1.510030
1.786320
1.076112
1.212051
2.507983
1.550351
1.862120
2.621371
1.356131
2.943651
2.364932
2.360631
2.019389
2.294552
1.409579
1.495870
1.741373
2.225601
1.158098
1.775604
2.037789
1.196724
1.490939
2.238914
1.633011
2.462397
2.021475
2.263760
2.800081
3.072234
1.338801
1.321523
2.745253
1.138557
2.509731
2.263299
2.062956
2.961759
1.381450
2.155687
2.038914
2.198549
2.594727
1.099987
1.534285
2.831724
1.138878
1.333651
1.179420
2.679269
2.931447
2.731181
1.134534
1.248980
3.051031
2.602750
1.841668
3.020527
1.201257
0.990560
1.470758
2.631369
1.937323
1.027539
1.657138
1.609161
1.267465
1.573854
1.550737
2.844340
2.780106
2.003061
0.710699
1.944528
1.488263
1.514020
2.719289
1.765852
1.718543
1.228678
1.865621
0.994017
2.865420
0.852220
1.726190
1.277318
1.597661
1.618616
1.045803
1.090954
1.189325
1.336222
1.445374
1.216009
1.530899
1.284473
0.997738
1.580667
1.386765
1.447970
1.207458
1.166272
0.924099
0.802892
1.482366
0.981988
1.721818
0.777760
0.922523
0.772414
1.208143
2.443937
2.646044
0.542641
1.337604
1.336530
1.850653
2.809406
2.359865
1.778227
1.247157
2.029115
2.647073
1.184209
1.785128
2.460081
1.275483
1.950405
2.045674
2.475399
1.843923
1.258201
2.072087
1.462641
2.034983
1.970269
1.695935
1.573925
1.984024
1.862401
1.414625
1.179170
2.272573
1.286111
1.268656
1.584177
1.891814
1.661196
1.172068
1.232725
0.998307
1.655239
1.062688
0.967195
1.011953
1.074823
1.003427
1.161294
1.068430
1.277179
1.273115
2.925156
2.620546
2.518766
0.877472
3.443864
1.484853
2.332279
2.527274
1.654547
1.236540
1.550729
1.388538
1.191685
1.198746
1.414842
1.281079
1.600771
0.850781
3.263932
3.615723
1.871787
1.151236
2.919841
2.460474
2.570901
1.427082
1.684752
1.407038
1.171292
1.984527
