3683 1 3
2.193003
2.045814
2.300872
2.080351
1.979647
2.545463
1.985036
2.338275
2.367171
1.826911
1.299105
2.447896
2.898387
2.141019
2.697554
2.495763
2.352610
2.275224
2.306034
2.790720
1.946378
2.335165
2.853007
2.531857
2.667127
2.997784
3.051519
3.107737
2.610584
2.940988
2.636839
1.132814
1.149007
1.229076
1.106188
2.662960
1.669073
2.834522
2.836343
2.403026
3.002454
2.862615
2.329080
1.132265
3.347911
3.267146
1.205974
2.701113
3.552574
2.368498
2.887334
3.202900
2.216839
2.187913
2.014960
3.506927
1.635871
1.204579
2.481957
2.286112
2.963559
2.655829
3.500220
3.426306
2.422580
2.144095
3.567701
1.743632
2.491894
2.886039
3.650678
3.697340
2.581680
2.740654
1.691363
1.910008
2.235411
2.933253
2.522192
2.534337
3.229623
2.759625
2.091547
2.269996
3.736086
2.803174
2.767306
2.364647
3.375531
2.805856
3.412857
3.542686
3.963229
2.934301
1.766020
2.950514
3.016819
3.653496
3.894049
1.662849
1.693116
2.252958
3.107114
3.565624
1.974745
3.594516
3.428998
2.518430
1.942749
2.599018
2.541290
3.520324
3.027025
3.243492
3.667715
2.082330
3.820937
3.143031
1.696376
2.402244
2.939987
2.842186
2.831282
1.501455
3.405823
4.094435
1.214563
3.277745
1.272796
1.967296
2.023028
2.425879
1.519108
3.890276
3.527967
3.261325
2.525804
1.621253
2.854329
2.314121
1.702817
3.238321
1.661827
2.834119
1.820147
1.825235
3.766503
3.288910
1.780957
4.089833
2.079289
3.004960
2.529151
3.939227
3.915377
2.240442
2.535613
2.055196
4.111281
4.295767
2.777163
3.515074
2.303705
2.667993
2.970939
3.104096
3.550521
3.326125
3.899686
2.328419
2.124844
3.409318
3.344175
2.384779
1.893286
2.837581
2.452381
2.201834
2.795140
4.528952
3.115096
2.297376
4.338599
1.248583
2.975189
3.093255
2.431676
2.302075
2.760301
3.082126
2.096666
2.862237
2.598237
3.535500
3.425226
3.256984
2.351205
2.307848
2.199741
4.241409
2.904384
2.254810
2.130920
2.261116
1.812661
1.503884
3.070091
3.018418
1.558760
2.500095
2.394074
3.306609
2.749022
2.963317
2.027681
2.286351
1.162345
1.736922
3.498356
4.147139
1.744578
1.915598
2.597315
2.144837
3.315059
1.899534
1.282059
2.716920
2.878508
1.676722
2.760422
2.005888
2.503755
2.575239
4.150634
2.289822
3.234658
2.330721
2.654200
1.713336
1.863312
3.669714
3.649785
3.327057
2.371344
2.889210
2.085060
2.889143
2.512492
3.044951
2.301559
3.066161
2.946783
3.031503
1.653066
1.802630
3.031503
2.047449
1.158189
2.881520
2.905887
3.494936
2.975461
2.583561
1.968437
0.884770
2.152304
2.316880
2.188006
3.080101
2.254747
2.814250
3.027087
1.827449
1.312007
2.925472
3.494936
1.682104
1.663334
1.547968
2.365201
2.166374
3.045640
1.624722
2.472645
2.059327
2.263285
1.766500
1.179203
3.313835
2.892578
3.050624
2.593888
2.086499
2.888577
1.912124
3.229036
2.018619
1.886070
2.372685
2.266237
1.077400
2.392293
3.313835
1.141891
2.875170
2.501483
1.956656
2.179741
3.209870
0.914238
1.946473
0.868084
3.061711
2.405213
2.622309
2.020473
2.902674
2.280409
2.060565
2.346481
2.495409
1.992072
2.161968
1.946473
2.943660
2.079001
1.746620
2.391992
2.482283
2.602163
2.946948
2.444096
2.474554
2.262744
2.397539
1.216556
2.041722
2.537771
2.431216
2.303242
2.687457
2.668744
2.172635
1.745501
2.239493
2.177616
2.090849
2.247515
2.174923
2.480938
2.299857
2.031313
2.097440
2.082510
2.087628
1.984643
1.903990
1.755632
2.276789
1.567293
2.137717
2.122051
1.865073
1.702862
2.206364
1.854356
1.746925
2.054882
2.076757
2.031370
1.318949
1.951246
2.005429
2.072537
1.990604
1.968081
2.105857
1.641412
1.732566
2.009154
1.894149
2.039621
1.575961
2.134508
2.155807
1.468245
1.866989
1.782413
1.972595
2.179098
1.555376
1.917471
2.190191
2.054921
2.224373
2.112603
2.133679
1.460471
1.799865
1.702084
2.273489
1.865026
2.125269
2.305530
1.812554
2.222850
2.566784
2.525835
1.440438
1.573579
2.356361
2.245752
2.409656
1.892664
1.985461
2.318657
2.084571
2.454592
2.170114
2.056967
2.491662
2.041142
2.063304
2.272627
1.982950
2.044712
2.558825
2.551898
2.351949
2.369598
2.392352
2.536614
2.728923
2.565686
2.708825
2.429150
2.309517
2.208627
2.316331
2.643744
2.559703
2.470042
2.545233
2.547202
2.700855
2.058059
2.420466
2.163765
2.309729
2.471141
2.299639
1.423806
1.528827
1.674955
1.342779
2.015022
1.364215
2.052735
2.526770
2.699230
2.272863
2.529741
1.709788
2.077996
2.388452
2.679867
1.960962
2.666300
2.121047
2.715212
2.428554
2.132337
2.339887
2.186665
2.496914
2.832001
2.662689
2.108048
2.752412
2.577867
2.490238
2.170313
2.345039
2.363871
2.599479
1.533359
1.988222
2.760075
2.508212
2.071333
2.143273
2.424252
2.124190
2.599479
2.723850
2.648147
1.281738
2.309180
2.334848
2.371194
2.708755
2.839528
2.711375
1.299305
1.967595
2.386668
2.614804
2.847714
3.041138
2.731580
2.917128
2.528797
2.858313
2.214883
1.549220
2.298987
2.563664
2.750146
2.824213
3.049934
2.046931
2.766077
2.433435
2.137461
2.304748
2.596530
2.453238
2.815491
2.744167
3.092290
3.037825
2.030254
2.916382
2.870171
2.238029
2.101805
2.097960
2.502103
2.996242
2.940988
2.864196
2.271987
2.177580
2.398623
2.419025
2.684397
2.888961
2.694522
2.852819
2.447234
3.028428
2.935833
2.916698
2.109898
1.938562
1.939097
2.044955
2.499781
1.862103
2.781563
2.022691
2.181289
2.102297
3.044435
2.797731
2.797731
1.966818
2.285360
2.547441
2.511657
2.915506
2.846930
2.862615
2.273513
2.285942
2.460490
3.084924
3.238610
3.181149
3.054468
2.268504
1.255193
2.123811
2.374974
2.499781
2.751037
3.014947
2.495144
2.936457
2.828512
2.762971
2.999816
2.561850
3.028428
2.581487
3.013842
2.879606
2.912956
1.829757
2.413382
2.967081
2.863358
2.857920
2.275340
2.888647
3.049632
1.726873
1.841326
2.167633
2.528628
2.963525
2.833937
2.344315
2.889848
3.193643
2.945373
3.065025
2.772301
2.984288
1.932887
1.603521
2.286389
2.447263
2.666528
2.631485
2.972411
3.572008
2.470270
3.217315
3.057311
2.840679
2.042076
2.199395
2.785730
2.351690
2.599808
2.528670
2.791779
2.131660
2.829424
2.154979
2.865241
3.223070
3.196345
3.186575
3.046707
2.119382
2.080600
1.339206
2.206454
3.376245
3.308752
3.299427
3.282384
2.748226
2.956357
2.329346
1.154420
1.388222
1.478583
2.637239
3.248309
3.374985
2.738755
3.459881
2.840273
2.385201
3.091223
2.215890
2.893597
2.133309
1.983762
2.504407
2.331908
2.613217
3.258093
2.752573
2.629592
2.853745
2.911239
2.723110
2.209408
1.548970
1.734326
2.170643
2.342052
2.278392
2.741443
3.475421
3.091497
3.179293
3.236270
2.267968
1.247903
2.654007
2.503525
2.727319
2.625112
2.779571
3.735352
3.119611
3.211514
3.014515
3.006834
1.225718
1.155877
2.165328
2.809301
2.873165
2.779131
2.482383
2.926289
2.281132
2.211651
2.203580
1.199579
2.219866
2.168148
1.339371
2.602375
2.412386
2.677425
2.704013
2.942863
2.407353
2.924583
3.374336
2.766902
2.419758
2.407546
2.272891
2.415557
2.409176
2.247864
2.784402
2.797731
2.904482
3.100615
2.976075
2.828630
2.565182
2.803924
1.327846
1.701334
1.972112
2.538218
2.113375
2.781272
2.543046
2.245737
2.364605
3.099483
2.946379
2.806563
3.361355
3.202900
3.062901
3.062901
1.539364
1.195405
1.294889
2.254277
1.721911
1.765836
2.833082
3.302784
3.338733
3.405001
3.146421
2.985254
2.969395
1.564852
2.183906
2.424238
1.802477
2.561458
2.385914
2.350681
3.515192
3.572956
2.858875
3.455785
2.832998
3.428616
2.956124
1.602052
1.810337
2.442095
1.642265
2.592010
3.476483
3.278498
2.822622
3.716068
3.452448
3.252540
3.468735
3.509411
3.152878
2.683026
2.349888
2.118573
1.265412
1.910020
2.207017
2.422146
3.035455
1.743632
2.440698
2.797731
2.833666
2.587286
2.439847
3.648281
3.607434
3.134898
3.384713
2.743023
2.939253
2.770975
2.469932
2.184598
1.709932
2.092096
1.445351
3.046066
2.663846
2.849702
3.632806
3.403170
2.693219
3.548496
3.309231
2.450118
2.985560
2.183694
2.183442
2.281288
2.544388
2.616080
3.194460
3.679083
2.612116
3.070541
3.082397
3.203714
2.163362
1.430436
1.940727
1.733485
1.532901
2.570304
2.602833
2.848133
3.994221
3.026002
3.951708
2.708632
3.858825
3.705461
2.601851
3.349853
3.256846
2.257633
1.449390
1.329817
1.563652
2.231747
1.621927
2.510842
1.913986
2.054027
2.358251
2.544753
3.584128
2.384295
2.507493
2.212397
1.537562
1.854056
2.314635
2.831118
3.896473
2.920034
3.076853
3.834477
2.026124
2.108398
1.333973
1.227565
1.196426
1.724893
1.512472
1.855370
1.418458
3.784809
2.903658
4.040428
3.206754
2.595780
2.956688
2.814063
2.033757
1.527844
2.296257
2.044784
2.165218
2.911139
2.866248
3.715812
2.704301
2.854963
3.648281
2.946882
3.776256
3.405001
2.857908
3.667715
2.502481
3.025772
2.670434
2.554488
1.490250
1.307109
2.063965
1.425437
1.545967
1.440485
1.471275
2.378399
1.940727
1.666930
2.524388
2.921304
3.487442
2.978826
3.932369
3.622254
4.104728
3.858825
3.176566
2.878234
3.027158
3.653878
3.497220
2.310532
2.156898
1.319167
1.354955
1.745354
2.444027
2.658757
2.921004
2.904018
3.696181
2.169816
3.177248
2.769326
3.181669
3.474516
1.221792
1.562296
1.400831
2.170364
1.434248
1.696872
2.275966
1.357353
2.410165
2.497914
2.690829
2.859399
2.705549
3.773616
2.888179
3.823398
2.722922
3.943515
2.909118
1.295244
1.603282
2.147441
2.266087
1.377514
1.405951
1.724816
2.475883
2.171857
2.205596
2.571344
2.736300
2.007844
2.594559
3.802741
3.705052
2.891920
2.894829
3.890505
4.173327
3.048217
3.652909
1.410188
1.278270
1.929182
1.994446
2.435914
2.502301
2.553993
2.509911
3.293201
1.916056
3.016819
3.653496
3.653496
4.028531
3.555168
2.961480
2.981745
3.627943
3.199640
3.364377
3.714248
3.686031
2.754176
1.987303
1.381768
2.031756
2.774837
3.147348
3.298785
2.988402
4.094296
3.487442
3.604098
3.657554
2.591044
2.626909
1.829704
1.404862
1.831522
1.386788
3.625194
3.102435
3.142539
2.929875
3.784809
3.784809
3.981812
3.733877
2.899406
3.823029
3.136454
1.420065
2.068251
2.076296
2.001438
3.826866
2.963566
3.433876
3.292423
3.963229
2.800444
3.104230
3.167577
2.832318
3.774350
2.934301
3.006551
2.828274
2.379057
2.287075
2.432900
2.931295
2.390113
2.264664
1.954069
1.388833
1.496103
1.954440
2.048978
2.261874
1.663106
2.311124
2.307612
2.497828
3.052820
4.065843
3.001573
2.922950
2.499896
2.343442
1.996342
1.941563
1.584581
1.931605
2.229174
1.360796
2.347486
2.939987
2.628758
2.789745
2.170227
4.166219
2.943117
2.846431
3.182039
3.056530
2.828274
2.773695
1.626595
1.714895
1.857003
1.939915
2.033437
1.621546
2.226786
2.422097
1.449166
1.532896
1.298766
2.814274
3.035475
2.990249
2.433115
4.346424
3.423788
3.465449
2.728916
2.471336
2.108432
1.565465
1.870902
1.892651
1.482328
2.382926
1.293440
2.063579
2.129150
1.331281
2.415327
1.410236
2.405833
2.842186
2.506603
2.636040
2.847098
3.074013
4.268274
3.929575
2.943117
2.910819
4.321853
4.173327
3.001971
3.187071
3.167577
3.537533
2.748044
3.223493
3.223493
2.361873
2.140349
1.414084
1.813725
1.682695
2.151365
3.027383
3.517222
2.465025
2.964966
2.940867
4.170360
2.710187
2.750315
3.324018
3.174026
2.850147
2.869074
3.143031
1.812146
1.788662
1.608685
2.275178
2.121531
1.721275
2.115038
2.258708
2.519588
2.482181
3.710015
3.192181
3.701838
4.170030
2.958806
3.174048
3.711987
3.713544
2.311894
2.699154
2.134163
2.209509
1.649083
2.046686
2.066660
2.158242
2.345922
2.422766
2.110340
3.110699
2.521525
3.064344
2.914572
4.295080
4.401097
2.974070
3.913124
2.921136
3.221714
1.660620
1.771158
2.340936
3.669180
2.862492
3.516868
4.321853
3.974935
3.715338
2.734164
1.921593
1.702094
1.677740
1.898443
1.574782
1.469207
2.424940
1.485609
2.187888
3.224298
2.614065
3.405068
2.927072
2.753830
2.576680
2.059467
2.554156
4.319327
4.059816
2.593739
3.549372
3.252744
1.685495
1.626600
1.557515
2.275178
2.173954
2.516062
2.983096
2.870602
2.836261
4.404871
4.095203
2.723343
2.413487
2.154099
1.867377
1.503619
1.631626
1.820147
2.374266
2.556967
4.451740
2.947299
4.359123
3.405934
2.325627
2.239258
1.745654
1.489770
2.156920
2.392462
2.798208
2.814274
2.760161
2.567075
2.683530
4.476501
3.305487
3.490942
3.967851
2.645519
2.988337
2.791006
3.261325
2.706159
2.518344
2.892346
2.588536
1.850928
1.281352
1.630896
1.936641
2.110355
1.644887
2.635287
2.942592
2.938710
2.948026
3.890276
3.721947
3.534161
3.292351
3.010137
3.197018
1.778959
3.067006
3.998396
3.258687
3.602448
4.230728
3.648849
3.656644
3.442849
2.988337
1.379259
1.617626
1.702301
1.638659
2.629912
2.418572
2.842636
2.932137
3.010370
3.754224
2.738835
2.648312
3.738478
3.953235
3.759602
3.574687
2.861331
2.931883
3.260226
2.508241
2.493055
2.530742
1.301486
1.187902
1.800154
1.470278
2.098028
2.337663
2.524663
2.616994
2.619086
2.833782
1.797929
4.007923
2.787862
4.433471
2.927804
2.645269
3.845864
4.025843
2.735430
2.690719
3.010137
3.425515
2.890138
2.240442
1.635028
1.644369
2.228665
2.051863
2.734466
3.519293
2.707749
3.251366
3.360997
2.494093
1.396134
1.729793
2.396146
2.312861
2.759230
2.731448
2.517605
2.609215
3.998396
3.121632
2.798350
2.921316
3.012637
2.695304
2.886778
3.129127
1.690272
1.419671
1.823958
2.220640
2.814822
2.688105
2.510316
2.646294
2.538832
3.714970
3.041385
2.458132
4.295767
3.491368
3.569643
3.700883
2.782646
2.540432
3.249142
3.120502
2.300348
3.067455
2.144180
1.821072
1.536313
1.745081
1.824063
1.648772
2.667993
2.118062
2.487862
2.601764
2.934442
2.943992
3.476957
3.228821
3.424260
2.237638
1.285356
1.725845
1.502524
1.824488
1.604989
2.868093
2.465389
2.527156
2.829298
2.617313
3.053100
4.522657
3.377580
3.200467
3.635590
3.766374
3.203262
3.279779
2.869989
2.523746
1.670931
2.253685
2.881933
2.617597
2.689967
2.714105
3.881410
2.689103
2.740810
3.193598
4.451740
4.498754
3.832683
2.504686
3.239541
3.191165
2.707016
2.687388
2.260448
1.640672
1.545946
2.742947
3.856141
3.656404
2.990330
3.158511
3.758762
3.543132
2.448884
3.018222
2.849064
2.468133
1.200621
2.099330
2.149307
2.303705
2.542553
2.618786
2.528569
3.994330
2.683202
2.530855
2.461481
3.077887
2.864112
3.164889
2.843564
3.264315
3.743400
3.390211
3.197513
3.057038
2.226415
2.733037
2.333237
2.534071
2.190537
1.747701
2.069660
2.169916
2.366460
2.555190
2.878661
2.156753
2.763554
2.700356
3.210269
3.268760
2.677182
3.863373
3.768288
2.928049
2.745450
2.392785
2.094148
1.599094
1.122379
2.357651
2.357651
2.583499
2.773825
2.585892
3.600669
2.941500
2.070801
3.060624
4.355713
2.503066
2.843170
3.460718
4.167293
3.256459
1.960938
1.772542
1.186938
1.244447
1.413882
1.506566
2.149598
1.959444
2.055966
2.516296
2.687047
3.834401
2.816852
3.265912
2.718700
4.529068
2.823112
2.546999
3.390211
3.464349
3.067868
2.603577
2.127831
1.970721
1.927786
1.773009
1.664223
1.635471
1.905386
2.180040
2.150454
2.379048
2.496568
2.528237
3.752758
3.419141
4.146546
3.001322
2.652907
4.177471
2.638441
3.959208
3.847061
3.040001
3.062189
2.859179
1.083929
2.421201
3.224626
3.860036
3.168575
2.877832
3.702518
3.297072
2.480266
2.398520
3.243923
2.517788
2.661917
1.194511
1.662224
1.560213
1.289034
1.680296
2.318106
2.518609
2.545004
3.546631
3.360240
3.806508
2.865030
2.912012
2.934670
3.250189
3.106857
3.162458
2.529448
3.820523
2.583828
3.529399
3.153740
2.699310
2.525520
3.053615
2.859179
1.946209
2.467042
1.128992
2.349621
2.662234
2.509459
2.562999
3.695957
2.757550
2.845294
2.542807
3.078457
2.701416
3.645179
4.529068
4.317298
4.350100
2.900565
2.594431
2.381384
2.420228
1.308239
2.528258
2.360806
2.544387
3.473624
2.876113
3.449711
2.323086
4.090209
2.878526
2.514549
2.572786
1.952819
1.821187
1.581131
1.136281
1.476281
1.738526
1.936321
1.890775
2.294202
2.383611
2.493504
3.679068
2.934670
2.743671
3.093255
1.920197
3.777517
2.921593
2.800265
4.181372
3.807197
3.382788
2.269452
2.625012
1.644269
2.198249
1.430524
1.703716
1.794065
2.470840
2.548441
2.420728
3.517605
2.505092
2.428777
3.278379
4.432804
3.402583
3.278180
2.307661
4.072772
2.848995
3.608460
2.755167
2.616894
3.088801
1.680266
1.483992
1.973862
1.960162
2.518513
3.585153
2.587941
3.802783
4.090678
2.471225
4.330415
3.015368
3.883883
2.632460
2.792654
2.578052
3.276600
3.001092
1.956980
1.664223
1.013763
1.328494
1.270381
1.812765
1.983840
1.961860
2.357314
2.191609
2.739027
2.760301
2.423940
2.223718
2.132232
1.062270
1.666853
1.552438
1.624492
2.112864
3.183596
2.664859
2.611588
3.996612
2.691483
4.398808
4.466856
4.342435
4.090209
3.050998
2.585024
3.148213
2.898291
1.720441
1.591909
1.449517
1.155519
2.001061
2.471804
3.226958
2.718732
3.415407
3.746096
2.545778
2.513370
3.822722
2.429435
2.191957
2.184896
1.569355
0.993033
1.573404
1.265563
2.427430
2.591565
2.819290
2.420089
3.379463
3.728779
2.608799
2.221431
2.963317
3.454650
1.851836
1.459481
1.105637
1.041595
1.797955
2.564387
3.425226
3.723945
3.692223
4.053082
2.347492
2.699164
4.403152
2.541584
2.580651
2.182894
3.279600
2.381384
2.338228
1.872173
1.708273
2.248199
2.317175
2.173109
2.429299
2.449146
2.686867
3.340989
2.548378
4.395552
4.409606
4.408732
4.395552
3.186869
3.361808
2.924586
2.394074
1.781753
1.994492
1.239094
1.877706
2.074531
2.143073
2.300896
2.683339
2.392149
3.163015
3.324915
3.074032
3.003723
3.415407
4.159452
4.340456
4.178224
3.605204
2.660072
1.987952
2.129330
1.661699
1.648603
2.865533
3.163015
3.293170
3.110776
3.548985
2.844809
2.863091
3.629453
3.886622
4.305109
2.363694
2.376330
4.301368
4.135823
4.221894
3.774415
3.760250
2.721948
2.416306
1.480561
1.789339
2.114115
2.474627
2.754083
2.754083
2.345951
2.781657
3.109967
3.244006
3.424067
3.643707
3.886622
1.752523
4.150634
4.306424
2.371182
4.047319
3.127887
2.840906
2.631588
2.340274
2.272328
2.133155
2.004797
1.568533
1.085836
1.916898
1.795255
2.302729
2.515035
2.481178
2.440631
3.307916
1.458443
3.565222
3.562765
4.184306
4.059316
2.741695
2.957262
4.053765
4.230776
3.906510
2.284642
3.808730
2.151944
2.878569
2.860213
2.805120
2.182263
1.607007
2.079629
0.964158
1.561506
2.716920
2.375347
2.441815
2.449741
3.197300
2.655306
2.541584
3.037684
2.953600
1.735176
1.660390
1.309601
1.735809
1.849682
2.282640
3.217144
2.509768
2.785808
3.282503
4.026654
3.447596
4.165656
3.332375
3.141053
1.126042
1.575898
1.375249
1.686664
1.773374
2.568440
3.037675
2.721901
2.734283
4.301368
4.024837
3.876051
3.784875
3.497563
3.566403
2.932625
2.266248
2.516546
2.210021
1.739646
1.975803
1.602535
1.117906
1.240127
2.474612
3.006820
3.221339
3.024366
3.634413
3.726231
3.648703
3.590968
2.614056
2.375434
3.086225
2.952303
2.818886
2.678595
2.503755
1.941497
0.907058
1.043771
1.373136
1.344777
1.245882
2.243499
2.315517
2.532044
2.856618
2.739027
1.955262
3.471478
1.753062
3.042191
4.026243
2.828216
2.903536
3.096889
3.202811
2.984385
2.818886
2.098189
1.239094
1.234037
1.570097
1.410797
1.842787
1.818413
3.176203
2.951262
3.210529
3.480529
3.726231
3.588117
2.064675
2.137925
2.331431
2.505759
3.096889
2.883052
2.904882
2.638476
2.432268
2.442111
2.097390
2.014726
2.224677
1.818183
1.535602
1.004209
1.334186
1.300645
1.145275
1.497605
2.192938
2.489264
2.298646
2.674012
3.621043
1.753062
3.437358
3.523617
2.292319
2.851481
3.319062
3.180213
2.649710
1.410797
2.321278
2.537016
2.468338
3.131337
2.374434
2.461435
3.182926
2.007843
2.734283
2.406060
2.529102
2.721334
3.497563
2.461864
2.261452
1.761359
1.571669
1.604529
1.521124
2.236857
2.345450
3.232365
2.916138
2.669067
3.609404
3.391836
2.785808
2.658218
2.914278
2.934349
3.451694
2.095243
2.826130
2.127761
2.155538
1.881202
1.737454
1.597766
2.038936
2.381022
3.256440
3.404747
3.452072
2.577833
3.384106
3.507624
3.574396
2.328515
2.953563
2.579736
3.689431
2.596578
2.345724
2.355803
2.986689
2.635237
1.685712
1.625380
1.728560
2.381221
2.580895
3.548344
3.368818
2.774890
2.936374
2.476836
3.408760
1.786050
2.183149
2.333752
2.609905
3.226608
3.090300
2.996975
2.185263
2.598568
2.007392
1.706494
1.687731
1.178975
1.371700
2.493442
3.368818
3.592987
2.846879
3.279874
1.614506
2.547250
2.417466
3.006336
2.024281
2.183377
2.162341
2.467890
0.934498
1.201472
1.589112
2.491072
2.291015
2.291894
3.119084
3.152908
2.916138
3.444355
2.485798
2.750808
2.498626
2.311528
2.874241
1.943324
2.024922
1.686401
0.939827
1.214695
1.158189
1.218008
1.338329
2.340837
3.150339
2.356863
2.619310
2.519506
3.457288
3.178108
1.999439
2.194266
2.077483
1.939015
2.899620
2.590374
2.432725
2.917118
2.945916
2.526843
2.236556
2.746517
2.799834
2.240726
1.504940
1.522418
1.035943
1.583671
1.557667
2.933072
3.385323
2.346819
2.444668
2.993027
2.043535
2.665156
2.808373
2.158931
2.062081
2.370233
1.733940
2.931867
2.624723
2.425005
2.771004
2.349657
2.817419
2.819681
2.629952
2.101771
2.724625
2.031725
2.081878
2.192406
2.114476
2.045468
2.756481
2.211551
1.908040
1.870730
1.568642
2.290143
2.034145
2.150540
3.062670
3.099041
3.340863
2.532495
2.446046
2.310639
1.793126
1.092646
1.904256
2.128017
2.199835
2.440864
2.466399
2.457883
3.242526
1.775535
2.421089
2.297522
2.408287
2.420169
2.836983
2.269323
2.094964
1.994183
2.020244
1.736640
0.973004
2.046901
1.445397
1.809258
1.608336
1.875706
2.255251
1.597676
2.568952
2.977188
2.346442
2.353603
2.053210
2.888947
2.749643
1.969509
1.976627
1.894115
1.785256
1.070924
1.220257
0.963284
1.825656
1.904256
2.208644
2.335333
3.383030
2.080023
2.532495
2.387273
2.243342
2.888577
2.053210
2.041314
1.571268
1.429605
1.412085
2.222553
2.888735
2.691033
2.448122
2.396310
2.331507
2.091953
1.983714
2.008428
0.856002
1.744045
1.507586
1.811700
1.874016
1.823617
2.138100
2.205913
1.557667
2.894170
2.456182
2.634947
3.252310
3.302559
2.331857
1.658888
1.602701
1.024202
0.940376
1.202522
1.708276
1.829819
1.433604
2.109513
2.179589
2.832132
2.856210
2.662759
2.904197
2.462662
2.122327
2.490405
1.964518
0.900933
1.480563
2.038605
1.491405
2.876516
3.032316
2.051704
2.129496
2.272582
2.814639
2.848243
1.773495
1.708397
1.654607
2.068920
2.224946
2.799620
2.366305
2.456182
3.080516
2.232864
2.511255
1.871232
2.077763
3.004063
2.155092
1.127239
1.773439
1.945357
1.456677
2.192986
2.818514
2.384241
1.686904
1.555069
2.815845
2.655833
1.871048
1.912273
1.962188
1.922771
2.100182
1.955576
1.955511
2.126586
1.312007
2.772082
2.706343
3.042665
2.567241
2.041436
2.733873
2.339402
2.306516
3.026828
2.461870
2.001498
2.408715
2.408715
2.715948
2.953261
2.795110
2.471432
2.962590
1.988472
1.779094
2.036382
0.998396
1.235411
2.063234
1.277810
2.684472
3.014719
2.406566
1.937965
1.023484
2.710546
2.095513
2.043350
2.554389
2.359351
2.593730
3.011023
0.848096
2.390753
2.750106
2.277935
1.989019
1.937471
1.940188
0.889905
1.541551
1.345902
1.972180
3.229036
2.487870
2.593803
2.053284
2.714728
2.005141
1.916856
2.187753
1.258810
2.756679
3.114001
1.852993
0.912969
1.574635
2.225920
2.234987
2.350478
2.599959
2.032460
1.085858
2.447944
2.381754
2.443995
2.395137
2.009695
2.248650
2.422598
0.812619
0.888030
0.970188
1.889174
1.331132
1.939390
1.745109
2.507988
2.203799
2.447412
2.375814
3.060354
3.162808
3.082778
3.089326
2.622415
1.506664
2.367649
2.666429
2.598701
2.258900
2.660553
1.923136
1.938021
1.914281
1.229842
2.336734
2.986333
2.850287
2.342714
1.783327
2.034045
1.872828
2.203799
2.588571
2.739600
2.940536
2.708246
2.534517
2.539387
2.455050
2.234112
2.710130
2.911389
2.775098
2.077772
2.203218
1.966283
2.141646
1.855002
2.358130
1.798926
1.943382
1.992695
2.793020
1.350448
1.368115
1.147797
0.986249
2.988937
3.004405
2.275730
2.554893
2.315918
0.970188
1.868345
2.430509
2.057956
2.646395
1.315977
1.193806
2.397617
2.965542
2.746547
2.700980
2.486232
2.617202
2.302408
2.563746
2.218434
2.936047
2.265053
2.690407
2.690407
2.323419
1.787900
1.311839
2.220020
2.305889
2.245223
2.324013
2.672859
2.110430
2.707390
2.532142
2.296072
0.831977
1.903144
2.546357
1.382369
2.828963
1.616381
1.117456
2.107322
2.107322
0.788926
1.008537
0.808732
1.835781
1.885136
1.347355
1.263720
2.540027
2.742434
2.035227
2.007944
2.271130
1.483603
2.690210
2.640281
2.502458
2.579500
2.552503
2.443600
0.819731
0.846985
1.797870
2.357005
2.070966
0.794944
2.929669
2.238526
2.400361
2.482283
2.554893
2.723763
2.299579
2.243283
2.387733
0.808732
1.352630
1.192119
2.286340
2.359262
1.511011
1.794835
2.685566
2.276700
2.485312
1.201072
2.482835
2.517705
2.053283
2.221880
1.772489
2.487221
2.296793
2.294108
2.139224
0.803688
2.621678
2.005191
1.352630
1.986447
2.343852
2.311319
1.161094
1.055107
2.480545
0.848668
2.708246
2.326744
2.479644
2.170709
1.763338
2.188395
2.352756
2.385705
2.417403
2.509630
2.364672
2.573284
1.497071
2.231307
2.910967
0.848195
0.837577
0.752433
2.291848
2.347144
1.989534
2.025188
2.168870
1.094300
1.526096
1.526096
1.658985
1.781262
2.116161
1.730293
1.703622
1.843589
2.489115
2.181837
2.317747
1.969082
2.316180
1.900309
2.308253
2.470668
2.368443
2.436085
2.472139
2.222896
2.106543
2.362598
1.891434
2.836850
1.844811
2.305626
2.306653
2.362331
1.135112
1.853407
1.131818
1.716574
1.438417
2.682554
1.487370
1.455106
2.219013
2.292376
2.418737
2.405023
1.453245
1.292631
0.906296
2.895153
1.090011
2.602143
2.697102
2.271130
2.107702
2.143341
1.888859
1.761457
1.802341
2.088698
1.971594
1.576627
2.301607
1.660827
2.850739
2.419184
1.550078
2.000024
2.020400
2.167309
2.647899
2.052597
2.078632
2.109445
2.268275
2.234625
2.096983
1.836750
2.626558
2.226209
2.063329
1.959243
1.783946
2.224739
1.910982
2.788693
2.357918
2.753556
2.339787
2.093664
1.797192
1.929845
2.114371
2.547633
1.817744
2.117589
1.856459
1.962452
2.134573
1.899769
1.979833
2.092451
2.280351
1.683266
2.202883
2.626220
2.609484
2.234773
2.111245
2.347629
2.058832
2.645042
2.623558
2.279413
1.763608
1.931569
2.148895
1.637863
1.672119
2.246958
2.072716
2.221351
1.997904
2.130727
2.352162
1.596979
1.760737
2.213760
2.176856
2.177466
2.007621
1.626984
2.578489
1.632301
2.079393
1.876361
1.972898
2.224202
2.441895
2.585449
2.608508
1.681926
1.405027
2.165206
2.158908
2.084379
1.615781
1.417134
2.301221
2.220895
2.254266
1.719815
2.076082
2.383769
2.034773
2.047574
2.460069
1.522140
2.178045
2.168505
2.136322
2.008095
2.077850
1.542095
1.983065
1.934657
1.903048
1.894552
1.737359
1.615781
2.337707
2.178840
2.347629
2.036052
2.238174
2.442117
1.344797
2.380720
2.087628
1.959237
1.641770
2.089644
2.091259
1.875123
1.633679
1.812721
2.315547
2.287091
2.191633
2.285756
2.034808
1.737072
1.951429
1.957774
2.280423
1.407944
1.702552
2.210588
2.017339
1.365481
2.250265
2.056725
1.645019
1.975892
1.847890
2.108973
2.048340
1.848058
1.818627
1.563923
2.151580
2.035804
1.555179
1.393370
2.012015
1.397377
1.702530
1.347315
2.075145
1.330917
1.660450
2.151370
1.832925
1.676595
2.114249
2.137084
1.666403
2.061830
2.016836
1.965786
1.289056
1.370647
1.623894
1.363601
1.321262
1.297549
1.985904
2.078128
2.158006
2.206364
1.876541
1.867625
1.870870
1.592061
1.693611
2.113122
1.849658
1.285253
1.230285
2.120994
2.060646
1.411802
1.845871
1.323120
1.524668
1.307868
1.894379
1.276201
1.832813
2.133013
2.071851
1.875828
1.547183
1.874380
1.259031
1.987413
1.813762
1.617501
1.158448
1.233601
1.217376
1.851870
1.664263
1.761225
1.798136
1.653826
1.535451
1.704736
1.742137
2.080688
1.987430
1.330529
1.432331
1.581919
1.811029
1.918272
1.481268
1.427691
1.524351
1.805692
1.862818
1.710480
1.867365
1.816836
1.783688
1.299072
1.667077
1.459961
1.205793
1.632061
1.637128
1.552380
1.732966
1.299638
1.451312
1.685913
1.627268
1.410364
1.345849
1.222217
1.224392
1.674694
1.612797
1.547174
1.387018
1.138787
1.474310
1.502037
1.546498
1.805301
2.019168
2.105429
2.271374
2.142545
2.415289
1.456874
1.372276
1.705699
2.423184
1.765861
1.964099
2.767311
2.891364
2.712285
2.355558
2.410636
1.342772
1.617151
1.131526
2.321589
3.029369
1.263142
2.976075
2.725551
2.258534
2.810965
1.698516
1.913715
3.305762
2.633676
3.322589
3.014632
3.451032
3.386983
2.527125
1.144904
3.291602
2.315519
3.465998
3.291665
3.609360
2.832038
1.524269
2.017051
3.816954
1.215840
1.358389
2.224729
1.775479
2.447618
2.270510
2.252062
2.273999
3.610907
1.173474
2.040903
2.586756
2.179381
2.742183
2.806383
2.463729
2.910351
2.004396
2.480522
2.225473
3.484330
3.044272
1.890850
2.258339
1.799714
3.071723
2.235071
3.500787
2.205411
3.320609
2.587015
2.089723
2.556916
1.242162
1.469582
3.052740
1.183925
1.604356
1.548311
2.799323
2.540481
2.456324
2.283292
1.493760
3.143031
2.950558
3.695498
1.396815
2.206190
2.000964
2.636161
3.790635
1.791880
3.969523
2.124162
2.927804
2.636038
3.938173
1.962043
2.296666
2.589219
2.182348
3.587822
4.050841
4.346607
2.095246
3.723130
2.571894
3.145496
2.783212
1.633672
2.714386
3.819718
2.810374
2.234800
2.624783
1.907697
3.287985
2.462183
2.328419
2.590765
2.783212
3.360754
3.777240
2.642706
1.433846
2.579760
1.636738
2.323052
2.542974
4.350100
2.455400
1.953297
4.466856
3.255000
3.696562
2.019989
1.405937
2.391605
3.670715
1.645186
3.760537
1.569244
3.715672
3.458728
1.512466
0.941712
1.791142
2.700808
1.499420
2.710496
2.090458
0.839620
1.557075
2.398513
2.206841
3.062207
1.337863
1.349951
3.364607
3.465898
1.051789
1.764708
2.662759
2.757250
2.917599
2.911372
2.443457
2.005239
1.932185
3.106337
1.644945
2.421001
3.159947
2.968357
1.927667
1.184493
2.347971
2.674346
2.831912
2.179747
2.043615
2.592695
1.050655
3.032626
1.960212
2.423665
1.352713
1.020757
3.101987
2.395880
1.386075
1.696394
1.004668
1.228079
2.591617
1.770892
1.417160
2.345296
2.311297
2.164700
0.977877
1.228907
1.436780
2.038316
0.842439
1.196443
1.318225
2.271339
2.294408
2.651703
2.083921
0.977786
1.220408
1.378108
1.263494
0.874785
0.984640
2.257682
2.148276
2.229644
2.215319
1.892532
2.045141
1.726356
2.446672
1.590622
2.201183
1.967786
2.124991
2.163175
1.995469
1.818609
1.955874
1.981533
1.876541
2.086158
1.579085
2.005220
1.321005
1.603913
1.442456
1.522916
1.241261
1.484326
1.385358
1.487938
2.579542
1.668865
2.246894
2.307788
1.560961
1.826383
1.725634
1.883071
2.114798
1.604946
1.599576
1.863132
1.785428
2.365712
1.984031
2.339681
1.332916
2.748467
1.318493
2.729258
2.721444
2.438421
2.293724
1.437255
1.228943
1.566403
1.466571
2.708755
2.183735
1.509162
2.430631
1.228566
2.668391
2.367465
2.298369
2.527224
2.225358
1.234317
1.678121
2.645215
2.865460
3.007885
3.231820
2.878837
2.405871
2.648263
1.178090
1.124504
1.428742
3.254280
2.342567
1.410773
1.471087
3.080476
3.267146
2.764884
2.153521
2.532062
1.213468
1.350645
1.292775
2.850840
1.808860
1.607266
3.392579
3.235643
3.212231
3.460462
3.176114
3.162471
3.324353
2.082428
2.060798
3.418400
1.770826
1.875226
2.119203
3.261942
3.456597
3.233928
2.778325
2.930907
1.295845
2.819218
2.522660
3.371530
3.553293
2.164161
1.539364
1.709932
3.187029
3.572097
2.841412
2.171062
2.889692
3.347977
3.665806
1.387037
3.087318
3.524314
2.965961
1.277970
1.624845
1.970218
3.580131
3.534866
3.695366
3.470239
3.420335
2.946160
2.562373
2.699761
1.492219
3.261942
3.844477
2.455229
3.725258
3.046066
3.870005
1.207995
1.213478
2.449920
1.762273
3.385370
3.558155
2.397901
1.486599
1.551167
1.244974
2.984768
1.716933
2.339394
2.858633
3.674146
2.232934
1.995382
2.773591
1.187223
3.382219
2.158164
3.780080
3.027070
3.183092
4.037934
2.719006
2.713648
2.512530
1.272312
2.938551
2.796754
2.600076
1.375904
2.870616
2.510998
4.137785
2.991510
2.526322
2.541844
2.822351
2.569073
3.586923
1.322979
2.381466
3.773059
1.211181
3.106061
1.720922
1.301709
2.591621
2.918649
1.406197
3.772848
2.301010
1.441064
3.555456
4.154841
2.961246
2.450364
2.768518
1.593479
1.803200
1.567086
1.654243
1.800154
3.902443
2.898212
2.203035
2.501505
4.144548
1.350285
1.305555
3.045404
2.433831
2.524663
2.589228
3.391904
3.442849
1.708448
2.250765
1.684001
2.686309
2.590765
2.000381
2.816865
2.746574
2.098409
2.182398
3.989985
4.022438
2.908555
2.042234
1.633672
2.147725
2.883673
3.284931
3.881838
3.472877
3.432713
3.877548
1.939359
3.426257
3.208053
1.676940
2.988695
4.313543
2.829919
3.002145
2.244752
3.425409
1.900431
2.141320
3.573986
3.398904
4.177471
1.564544
1.622687
3.124058
2.995106
2.877189
2.785418
1.732376
2.423315
3.653907
1.647705
2.509822
3.295352
3.444751
2.351468
2.395334
2.168466
2.044445
1.699267
1.994565
3.388844
3.186997
2.416306
1.475184
2.345724
2.351152
1.931566
3.950077
1.008454
2.535325
1.859831
1.577716
1.815696
2.093906
1.518742
3.036366
1.994066
1.948909
1.382816
1.248951
1.590289
2.078562
2.765635
2.412665
2.230853
3.064118
1.835451
3.330491
2.646924
2.604842
2.513985
2.855181
1.576544
1.827455
2.626328
3.279470
1.542855
2.208056
2.231343
1.680497
1.051967
3.080101
1.153250
2.450724
2.216367
2.564348
3.129133
2.747989
1.862107
1.779679
2.714150
1.606165
3.386717
2.474471
2.305914
3.211118
1.184255
1.569169
1.557798
3.009240
2.760584
1.648825
1.214386
2.935286
1.708175
1.833276
0.962627
2.843152
2.823929
2.603775
1.343991
1.000615
2.944352
2.582500
2.380400
2.634882
1.607821
1.410980
1.907468
2.654669
2.827246
1.133028
2.622973
2.385990
1.849501
2.210625
1.781020
2.715970
2.428256
1.491095
1.305082
2.076497
2.470142
2.316126
2.839466
2.321132
2.490957
1.256264
2.405700
1.271392
2.601408
0.927004
2.417576
1.455728
2.111650
2.066971
1.646510
1.562239
2.019051
2.251277
1.831643
1.481924
2.230157
1.663707
1.318792
2.336409
2.076791
2.209646
1.605355
1.651637
0.913796
0.901605
2.007294
1.470875
2.398550
0.961832
1.003099
0.968823
2.412634
2.597060
2.775124
0.782859
1.954419
1.978054
2.363452
2.626615
2.463876
2.222641
1.988414
2.365655
2.536957
2.077028
1.899755
2.476885
1.728951
2.095718
1.950713
2.125142
2.137773
1.686036
1.859789
2.058129
2.094479
2.093182
2.016283
1.963746
1.875541
2.067757
1.858974
1.369601
1.990017
1.800565
1.525880
1.653740
1.996762
2.041505
1.572595
1.462724
1.322271
2.067246
1.342741
1.224277
1.285675
1.439468
1.486787
1.550708
1.240914
1.494049
1.417866
2.425411
2.234264
3.338362
1.893714
2.665668
1.085535
2.832589
2.339458
1.774944
1.618017
1.935228
1.329041
1.247146
1.364837
1.997312
1.235685
1.792812
1.426883
3.187082
3.321010
2.439122
2.169925
3.115986
2.631588
2.547499
2.777011
2.313087
1.965484
1.383498
2.412941
