3819 1 3
2.460603
2.406784
2.514359
2.144507
2.888619
2.234556
2.802129
2.604384
2.264225
2.572488
2.887691
2.659755
2.794030
2.506371
2.827941
1.744732
2.016510
2.170585
2.734738
2.763508
3.047218
2.980045
2.147821
1.829521
1.978427
2.358556
2.229416
2.063786
1.510485
3.203220
3.303400
2.923946
3.448410
3.427363
3.384276
3.190506
3.575752
2.910737
2.163051
2.504761
3.696704
3.442869
3.790784
3.825073
3.677375
1.286344
3.785233
2.364987
1.529449
2.486545
2.410985
1.876227
1.795024
2.142969
1.748316
2.932026
4.035110
2.176594
2.265753
4.366823
2.443034
2.830832
1.978403
3.284805
1.813231
1.229208
1.822666
4.490201
3.524213
1.792206
1.939198
3.002815
1.541955
3.408897
3.605609
3.683595
1.806362
3.345003
1.110264
2.655189
3.919941
2.380088
2.883828
4.265971
3.509957
2.570593
1.305967
2.156671
3.749780
2.018325
1.206191
2.104561
2.728867
1.416654
4.287242
4.216790
2.885274
4.468755
3.689813
2.807165
1.440421
3.121769
3.919923
2.427719
3.012412
3.317695
2.690361
4.018792
3.478791
3.044485
3.964455
2.435131
2.931600
2.621960
3.072830
3.931958
2.961308
1.794313
1.793763
1.277621
3.397423
4.055408
1.760553
2.090699
4.263428
2.911280
2.244527
2.153080
2.458632
2.596339
4.202252
3.610418
2.207895
2.502238
2.994809
3.764848
2.831745
3.302225
2.201744
3.190966
2.588960
2.817090
2.754642
3.488216
3.414637
3.133498
2.681798
3.113232
3.798337
2.377128
1.433974
2.228214
2.234298
2.124701
2.209593
2.169467
2.050182
2.966264
1.410703
2.007550
3.051312
2.702626
2.435442
2.756624
2.743891
2.804867
2.064725
2.688510
2.618369
2.502914
2.723477
2.551058
1.954575
2.845543
3.433167
3.649744
3.095438
2.387926
2.976092
2.705373
2.381176
3.531563
2.283819
2.260573
2.746580
2.253891
2.115530
2.048374
3.024204
3.094230
1.753429
3.679012
2.589437
2.214724
1.124640
2.248924
2.807774
1.864673
2.442330
2.943261
2.158876
2.850645
2.390820
2.980669
3.268827
1.955020
2.262007
2.408518
1.997958
1.672088
2.206886
1.998628
1.917775
2.737521
2.445309
2.423550
1.384430
2.023679
1.495918
1.777887
2.119425
2.431349
1.298007
2.110668
2.714499
2.772630
3.199475
3.035895
2.720062
1.723400
1.770245
2.483990
2.169133
1.795799
1.695940
3.172965
2.405673
2.002108
3.095988
1.834664
2.064683
2.424165
3.404335
1.391650
1.405534
1.652215
2.758354
3.099980
1.320655
2.184292
1.479507
1.552826
2.944246
2.090405
2.284332
1.479507
2.475515
3.195158
1.235122
1.015336
1.651842
1.867036
2.109233
0.953663
1.908517
2.311805
1.537264
3.195001
2.795136
1.842810
1.728228
2.022813
2.595424
2.024543
1.753508
2.721827
1.813969
1.784071
2.007460
1.846050
2.640623
0.812877
2.144034
2.044621
1.315228
0.863129
2.547655
2.684240
2.336245
1.489118
0.964166
1.961400
2.287344
1.972517
1.364579
0.978647
2.498015
1.481844
1.845586
1.679747
1.939839
2.673027
2.951514
1.786367
2.272849
2.161243
2.629242
2.978520
1.823465
2.230214
1.864495
2.657892
1.422825
1.938108
2.119981
2.060833
2.140207
2.236179
1.338718
2.041417
1.277522
1.724784
1.574641
1.752038
1.804959
1.717872
1.483166
1.379433
1.565064
1.375679
2.389565
2.264600
1.754284
1.904067
2.403040
2.013664
2.050872
1.939977
1.628065
2.217641
2.362067
2.141581
1.815355
2.076173
1.848711
2.011572
1.560353
1.817670
2.165093
2.215960
2.045192
1.966771
2.540152
2.642308
1.828822
2.066760
2.187469
1.802744
1.944979
2.068071
2.061566
2.215610
2.236152
1.782457
2.180259
2.018456
1.387172
1.322992
2.121294
2.090780
2.165407
2.174437
1.953284
2.433288
1.605179
2.654678
2.654678
2.393660
1.897247
2.068585
1.358934
2.101163
1.874859
1.965608
2.679389
2.649154
2.174525
2.485402
2.557480
2.482697
1.454136
2.102862
2.211680
1.571364
1.677219
2.804020
2.030525
2.356400
2.491022
2.140561
1.312163
1.282569
2.097646
2.151027
2.451283
2.144507
2.408708
1.824578
2.802990
2.834047
2.674393
2.500523
2.327702
2.132609
2.241371
1.864201
2.259169
1.963115
2.092957
2.089026
2.500800
2.702002
2.755503
2.874510
2.694164
2.633673
2.355031
2.155532
1.947915
2.269541
1.518759
2.403020
2.440142
2.879008
2.667578
2.738057
2.139896
2.807182
1.383162
1.823264
2.105073
2.460603
2.793035
2.728556
2.138691
2.687320
2.511220
2.520246
1.393571
1.581517
1.604376
1.707923
2.496281
2.706322
2.228051
2.724299
2.750527
1.764785
2.885439
3.065865
2.838626
2.662647
2.693052
2.450486
1.451342
1.473772
1.621616
1.237521
2.151027
2.879588
2.728556
2.988474
2.444740
2.130143
2.017625
1.346547
1.264662
1.816708
1.876870
1.891201
2.470491
1.605867
2.323776
2.976500
2.419852
2.147821
2.038707
2.621541
1.676479
2.712253
2.627204
2.110445
1.997121
1.939711
2.878138
2.831049
2.994209
3.170656
3.239683
2.942914
3.012433
2.236814
2.808020
2.262077
2.875843
1.896226
1.909136
2.310760
1.477703
1.663629
2.197259
2.151421
2.432906
2.146117
2.977056
2.261189
2.168679
2.554423
2.192098
2.296529
2.320729
1.295816
1.693969
1.677285
1.948823
2.043135
2.732509
2.741028
3.004329
2.781480
3.279701
3.006480
2.646702
2.463633
1.691667
1.811966
2.488048
2.353817
2.413757
2.770027
3.101616
2.746345
3.028971
2.489336
1.844578
2.416884
2.337154
3.081160
3.279701
2.155179
1.337202
1.209808
1.713405
2.262953
2.318950
2.823247
3.047218
2.985539
2.906698
2.784915
2.456066
2.936959
2.079361
3.356190
3.242730
2.916201
2.601614
2.793067
3.221799
1.761130
1.835631
1.751897
1.902187
2.303554
2.102346
1.738745
2.229571
3.616764
3.006133
3.351449
3.275140
3.160817
3.047236
1.706650
2.728358
2.416815
2.433748
2.900090
3.002395
2.988980
3.389721
2.443475
3.125487
1.625492
1.793115
1.802185
2.074499
2.599105
2.661972
2.534406
2.129201
2.376924
2.411019
3.232404
3.017982
2.883154
3.351562
2.772113
3.467868
2.849200
2.632434
2.318873
2.647692
3.456020
2.660500
1.790508
1.719545
3.126899
2.845381
3.040290
3.237484
3.279863
2.513537
2.104239
2.046828
1.942995
1.692657
1.813155
1.989061
2.012199
2.216436
2.279593
3.422400
3.262861
3.548420
3.412929
3.147855
2.656993
2.763658
2.126594
1.457967
1.979402
2.264705
2.462661
2.901603
2.667693
2.925145
3.366271
3.448048
3.468466
2.941833
3.008226
2.600246
1.278190
2.079370
2.732829
2.719761
3.235165
2.996653
1.434324
1.546451
1.281167
1.815383
2.357574
2.740759
2.397597
2.805496
1.843386
2.515487
2.102401
2.902859
3.298736
3.229777
3.262861
2.798753
2.896568
3.379331
3.752818
3.349357
2.953286
1.343102
2.815712
3.307484
3.211972
3.161483
2.515580
2.090860
2.234755
2.212903
2.340524
1.584109
3.221545
3.741544
2.645322
3.519128
3.473911
1.272846
1.764219
1.771621
1.184553
1.830273
1.821995
1.832012
1.326846
2.740759
2.558115
3.457685
3.499893
3.248228
2.657914
2.979933
3.647190
3.428385
3.768927
3.754432
3.761190
2.916201
3.011503
2.318688
1.663872
2.602094
2.882849
3.927899
3.558167
3.644511
2.742427
2.940298
1.279281
1.942960
2.238801
2.767116
3.740526
2.587523
2.834731
2.317872
2.216226
1.215947
2.159268
2.130240
2.216852
2.545297
2.432211
2.990504
2.263934
3.487843
3.288249
2.504924
1.299697
1.532226
2.314315
2.355592
1.762337
2.786226
3.705435
3.556029
3.189535
3.170617
3.953474
3.592073
3.339760
3.742775
2.153754
1.922543
2.222315
2.263631
3.663569
3.092917
3.772943
2.658327
1.254559
1.323717
1.453166
1.903286
1.889085
1.599657
2.580351
3.020620
2.774997
3.370395
3.408212
3.656973
2.830664
3.216354
1.617598
1.343486
2.513289
1.802646
2.929240
2.747585
2.276055
1.944498
3.039631
3.301116
2.754541
4.273730
4.129725
4.168159
3.771928
2.355925
2.979046
1.213218
1.895400
1.942927
2.113960
2.176594
1.445050
2.758855
2.836948
2.970280
3.955137
2.820199
4.079996
2.481502
3.921228
3.582867
2.582696
2.966172
2.639323
2.677452
1.672963
1.553370
1.441557
1.824212
2.147388
2.289722
2.961000
3.459789
2.448407
1.153334
2.399465
2.833420
2.147388
2.957448
3.101916
3.673055
2.849442
3.233254
3.479910
3.818791
4.132134
3.740526
3.860408
2.565927
3.388795
2.422062
2.066257
1.197652
1.597808
1.748240
1.656780
1.822941
2.397034
2.228574
1.389945
1.761980
1.624848
3.041984
3.467140
3.011534
2.532795
4.254522
3.800803
3.775013
3.014542
2.855295
2.670990
2.704896
1.275719
1.814950
1.905415
1.350778
2.595156
1.858677
2.827096
3.341681
2.758880
2.782666
3.611005
3.783387
1.450866
2.327713
1.578142
1.522685
2.761108
1.510488
2.194846
3.244515
1.696553
3.197006
3.020965
3.529725
4.199686
4.143788
2.243993
1.681847
1.233666
1.735119
2.110685
1.333733
1.417964
1.739218
1.462233
1.467593
2.855311
3.099840
3.321215
2.960178
3.384421
4.204357
3.400033
3.790676
2.800508
2.265753
2.714876
2.261101
2.231638
2.538654
1.469325
3.509045
2.832587
3.534741
3.139205
2.073960
3.108861
4.399586
4.322593
3.333900
2.603232
2.993640
2.781495
2.184511
2.065695
1.736437
1.305540
2.096276
1.313663
2.260384
1.508394
1.632363
1.742956
1.812041
2.653713
2.577044
2.656725
1.939198
2.936075
3.149858
2.194846
3.195868
3.069241
3.349555
2.909467
3.243122
3.217043
3.198803
4.401279
3.431299
3.062374
1.235057
1.188491
1.806362
1.681324
1.230059
2.355739
2.071936
3.509532
3.356266
3.347767
2.801522
3.562672
2.662701
3.321262
2.437365
1.935969
1.978132
1.869701
2.089190
1.443015
2.419709
3.050712
3.215025
2.848220
3.430091
2.918528
2.990036
3.571953
2.615701
3.124621
3.524213
4.176751
4.418676
4.375336
2.472406
4.106983
3.530882
3.133791
3.564136
2.914249
2.103202
1.951161
1.909705
1.455536
1.286693
2.656725
2.959553
1.298016
3.173312
2.739934
2.766248
3.879600
3.991574
3.299031
3.009537
2.455264
3.577933
1.745346
1.410396
1.412622
2.169760
2.621258
2.756639
3.391396
3.547670
4.161555
3.397151
3.831047
3.817634
2.668433
3.026329
2.878802
3.183807
1.302111
1.907513
1.187890
2.321346
2.928087
2.792242
3.011255
1.153196
3.868837
4.010593
2.643720
3.625460
2.855295
3.262790
2.366083
2.500134
1.911350
1.387844
3.007327
2.614035
3.022629
1.854634
2.681757
2.661517
3.139205
2.574665
4.220302
2.566377
3.865944
3.388795
2.672239
2.649318
1.928268
1.306420
1.479963
3.035248
3.257743
3.216017
2.710529
3.241373
3.010949
3.636520
2.380088
2.476007
1.153404
2.728867
2.916350
2.916350
3.007327
3.333416
2.995733
3.332558
2.937109
4.229618
3.835023
3.669554
2.797882
1.879387
1.864751
1.288899
1.493052
2.196044
1.122346
2.386370
2.388149
2.801218
2.875843
2.236789
4.172764
4.507439
3.465084
4.527941
3.387778
3.555760
3.883126
2.176599
2.131491
2.234335
2.256800
1.188160
2.005910
1.415938
1.558566
1.861991
1.884042
2.314801
2.386370
2.453868
2.651359
2.673113
2.683242
2.926829
2.960968
2.553475
2.952825
2.486752
3.600358
2.800813
2.729106
2.703547
2.658822
1.946515
1.187649
2.924848
3.074043
3.332558
3.532368
2.639051
2.679472
3.195446
3.909758
4.014424
3.747944
1.110264
2.043404
2.049696
1.448680
1.535251
1.254062
2.712933
2.628608
2.596757
3.054168
3.865944
2.872349
2.737841
2.243786
2.424495
1.928268
1.267392
1.889308
1.415938
1.868199
1.601567
2.403355
2.260888
2.703391
2.354970
2.307520
3.398938
3.878104
3.121725
3.822069
3.699043
2.395501
2.159909
1.184937
1.335648
1.858253
1.887787
1.325569
2.005910
1.428811
2.168856
1.389861
2.766321
1.632377
3.022516
3.391558
3.583637
3.190830
3.689813
2.543287
3.937791
3.227012
2.797882
1.705816
1.694512
1.858757
1.943780
2.134175
1.978670
1.456129
1.950882
2.383477
3.460113
2.668071
2.878074
3.610418
3.485810
4.261894
3.883654
2.652531
3.485750
2.472140
1.932077
1.829782
1.674025
2.167384
1.630213
2.536862
2.660563
2.556456
2.745635
3.756723
3.605654
3.072086
4.215447
4.322968
3.713389
4.087803
4.087803
3.707219
2.697887
3.814907
2.135916
3.478791
2.150860
1.817675
1.703461
1.660489
2.046587
2.133219
1.551720
2.044857
1.845765
2.161276
2.440395
3.784173
2.444758
3.083578
3.470270
3.898589
3.815016
2.792906
2.802979
2.718971
3.687887
1.914058
2.090241
1.528590
1.435556
1.895150
1.939246
1.917329
2.183801
3.325017
2.598691
2.554926
2.505977
3.134950
3.185368
4.101779
3.765353
3.848727
3.153102
2.108752
2.061451
2.311602
1.571717
1.296845
1.554038
1.377418
1.690729
1.786099
1.493552
1.789776
2.429086
2.617913
3.856705
2.834027
2.831362
2.837242
3.678930
2.724511
3.910234
2.590297
2.267722
1.832411
1.370819
1.315702
1.255131
1.263519
1.652279
1.825184
2.121118
2.029392
1.223353
2.738984
2.814975
2.954628
2.842337
3.914929
3.119657
2.433909
2.614617
2.513036
3.078573
3.540674
3.221725
2.617864
1.580614
1.892042
1.550447
1.326303
1.270211
2.159386
2.044727
2.299626
2.707641
2.732195
2.696583
3.045403
3.657364
2.390512
3.966816
3.120232
3.964455
4.056703
2.965146
3.765353
3.363334
2.576343
3.663120
2.811720
1.196381
1.405201
1.825628
1.764620
2.119405
2.140177
2.617919
3.465460
3.092957
3.291629
2.417803
2.341034
3.981670
2.943265
2.464549
3.802093
3.884830
2.478129
1.756787
1.829768
1.720159
1.456928
1.337220
2.135424
1.912332
2.206031
2.044079
2.247888
2.406105
2.545438
2.608969
3.652122
3.895082
2.817574
2.862423
2.956192
2.993941
3.307829
3.612349
4.068246
3.692817
2.013387
1.913800
1.566487
2.409612
2.574937
2.775837
3.080206
3.310624
1.275524
2.392713
2.384162
2.894937
2.600019
3.901322
4.509894
4.278436
3.184367
2.203383
2.094760
1.295108
1.869885
1.791598
1.829768
1.767151
1.481286
1.366541
1.753141
1.897211
2.792283
2.478089
2.706276
2.410954
2.943786
3.646588
4.357126
4.471667
4.008965
3.261284
3.014499
2.253866
1.711720
1.989502
1.993695
1.841416
1.434865
1.876787
2.588960
3.185389
3.868463
4.008697
2.667641
2.211511
2.822529
4.140631
3.184367
3.639641
2.159995
2.271427
2.525450
1.715847
1.944036
2.013405
2.443080
2.460929
3.001063
2.949631
3.562058
2.986834
3.282150
2.442848
2.550379
3.452113
3.161149
3.962600
2.977355
2.192151
1.495177
2.336830
2.773685
3.303794
3.271942
1.545633
3.142669
2.363585
2.898844
4.432534
4.362954
4.146207
3.066589
2.459708
1.669063
2.483385
2.661331
2.934776
3.223531
3.171721
3.317046
3.171606
3.302225
2.454498
2.345882
3.190195
2.806322
2.580278
2.271605
1.447751
1.699953
1.477084
2.032531
1.894282
2.622562
2.686700
2.994930
2.738494
3.587034
2.778407
2.096316
2.368984
4.388574
4.432534
4.444920
4.395866
3.725321
3.269942
2.274828
1.948410
1.840895
1.772784
1.872823
1.450529
1.804691
1.945753
2.076640
2.181065
3.104196
2.864031
3.286307
2.553204
2.651962
2.103636
2.754677
4.178741
4.110699
4.238598
3.009228
2.190434
2.559933
2.420899
2.421542
1.409602
1.554991
1.850789
2.174415
2.177963
2.291500
2.711343
2.874798
1.477711
2.640039
3.442264
4.471667
4.259711
2.576962
3.764397
2.586442
2.351808
1.704077
2.926120
2.856819
3.184697
3.171891
3.950875
2.442085
2.274040
4.210647
4.250402
4.311084
2.793468
2.790316
3.832607
2.119588
2.010014
1.916135
2.070940
1.439353
1.838340
2.020665
2.154371
2.234298
2.191364
2.321531
3.130724
3.133498
4.224553
3.830979
2.351624
4.035442
3.139250
2.216994
2.875139
2.169926
1.743362
1.424431
1.920659
1.567374
2.279225
2.801320
3.155283
2.732313
2.751124
2.666366
2.413999
4.129479
4.129479
2.672359
3.860712
4.021590
4.266975
2.174309
2.663914
2.849686
3.550987
2.456886
1.870758
1.669063
1.445650
1.506037
1.702049
2.202264
1.503423
2.091848
1.934937
2.050182
1.928676
2.104466
2.430320
2.400706
2.581450
2.553221
2.488961
3.827073
2.711071
3.256440
2.662466
4.178741
3.977560
4.133321
4.200945
3.673944
3.854306
3.760768
2.769447
3.014833
2.064725
1.701340
2.073033
1.580428
1.507082
1.381638
2.267629
2.846010
2.769999
2.871589
2.809619
3.122137
3.497081
3.857037
3.801960
4.067396
3.442264
2.590586
3.754185
2.686354
3.221005
3.832607
2.049142
2.109420
1.842784
1.425858
2.101147
2.065522
2.111720
1.990401
2.040431
2.391201
2.246341
3.112531
3.414929
2.472722
4.001812
2.435797
3.014833
2.755843
1.980160
1.507082
1.833530
1.953419
1.818263
1.923617
2.099823
2.074845
2.041533
2.604544
2.865451
2.507262
2.987443
3.059315
2.944083
2.431232
2.979844
1.294786
2.356946
3.971568
2.264112
2.040426
3.575644
1.989104
1.709666
1.784284
1.490201
2.068505
2.160088
2.234252
2.128514
2.589919
3.351421
3.473982
3.587034
2.552020
2.607511
2.325785
3.051312
2.827870
2.186002
3.738137
3.397446
2.497332
2.135837
1.628975
1.976648
1.509152
2.431050
2.422568
2.567647
2.990351
2.442997
2.207101
2.518693
3.960243
3.949976
2.624650
2.199654
1.601888
1.710966
1.644106
1.786732
1.703199
1.822587
2.101717
2.560311
2.746116
3.225398
3.832407
2.367711
2.207101
2.756624
2.821431
3.955437
3.076749
3.749910
2.384212
1.741278
1.777363
1.464712
1.931885
2.007560
1.989144
2.216759
2.229786
2.244720
2.291500
2.548059
2.673657
1.881330
3.745786
3.960243
2.770146
2.276742
1.896450
1.464712
1.784858
1.838627
1.776380
1.964155
2.729786
2.744042
2.585968
2.480706
2.737988
2.860712
3.221728
2.029149
2.325353
2.325785
3.496195
3.437912
2.081579
3.617496
3.998227
2.770146
3.100062
2.678988
2.846167
2.136239
1.783812
1.329484
1.533727
1.879859
1.784858
1.838056
1.646402
2.359658
2.560019
2.785580
2.743816
2.466682
3.725947
3.736421
3.067368
3.433167
2.474238
2.483818
3.753190
3.460411
2.551058
2.326362
2.119909
2.071214
1.573670
1.566953
1.831258
1.866537
2.531451
3.026505
2.803830
2.837383
2.031252
2.867257
1.923008
1.429794
1.417245
1.737714
1.704371
1.882677
1.992968
1.964155
2.081244
2.279334
2.944889
3.176002
3.052812
3.372837
3.371707
3.235497
1.968509
2.815777
1.810153
1.549508
1.683744
1.696760
1.621475
1.968919
1.797587
2.311956
2.196181
2.606935
2.538905
2.502914
2.684993
2.112548
2.217910
3.488280
2.004071
2.815777
1.787626
2.020047
1.648003
1.675204
1.828373
2.135069
2.433073
2.480215
2.560019
2.615908
2.751748
3.054920
3.101869
3.033245
1.816034
2.996444
3.110119
3.158213
1.876364
2.185512
2.366116
2.620110
2.468203
2.433528
2.583363
2.572124
2.292538
2.923688
2.817090
2.642142
3.376728
2.236872
2.938554
3.114243
2.643552
2.966483
2.094412
3.037833
3.192774
2.826884
2.780172
2.253891
2.415794
1.955718
1.642973
1.946027
1.320789
2.336070
2.411361
2.342468
2.934326
3.567591
1.343736
2.204345
2.421894
1.835125
1.835387
2.620110
2.394336
2.602157
2.597273
2.504115
3.150080
3.112537
3.054121
2.063231
2.769091
2.981525
2.863203
2.668868
2.580055
2.354572
2.118990
1.857746
1.825318
1.975899
2.573528
3.091870
3.091580
3.128306
2.808791
2.584113
3.324028
3.444221
2.465755
2.473479
3.563567
2.449808
2.766139
1.940884
2.412332
2.851983
3.120081
2.731446
1.861724
1.959762
1.545583
1.702081
1.789843
2.433073
2.404824
2.646291
3.543970
3.543970
3.125199
1.593345
2.279638
2.727177
2.835708
2.764162
2.863203
2.944472
2.562169
1.553012
1.599712
2.096394
2.266763
2.747028
2.520077
3.340141
1.997958
2.065614
2.163152
2.660618
2.753578
2.680731
2.737521
1.767900
1.279251
1.172760
1.453241
1.639660
2.695553
2.800202
2.921754
2.871710
3.340141
3.679012
2.601720
2.071327
1.863015
1.921326
1.582381
1.678666
1.646960
1.454037
1.687997
1.723739
2.353479
2.878727
3.011824
2.486701
2.645634
2.971430
3.336865
1.076322
2.109505
2.408176
2.359720
2.704153
2.928774
2.621604
2.766989
1.841826
2.390599
2.567146
2.387576
2.063801
1.788318
1.716166
2.446495
2.507092
2.357230
3.079042
2.839242
3.543322
3.334619
2.667174
2.479884
2.254838
2.398518
2.339722
2.221702
2.481933
1.770129
2.327200
1.596336
1.605828
1.841293
1.631997
2.468435
2.934326
2.973333
2.747073
2.783250
2.839976
3.725052
3.576305
1.544412
2.193415
2.756808
3.136920
2.012797
2.156736
1.769575
1.244344
1.245626
1.722070
2.034654
2.201895
2.917286
3.039790
3.002113
2.971208
0.994353
1.193743
1.691077
1.862052
3.027256
2.306710
2.039948
1.493606
2.411823
2.348410
2.628343
3.457954
1.200520
3.561893
1.594405
2.835682
2.203575
2.727138
2.537501
3.016778
2.653568
2.763035
2.492852
2.014681
1.656297
1.556109
1.684577
1.469051
1.678666
1.513096
2.651245
2.557349
2.723376
3.299451
1.345048
1.552906
2.393249
1.887824
2.506877
2.963096
3.105811
1.930429
2.142912
1.881111
1.760484
1.579820
1.694564
2.314162
2.648331
3.146275
2.961397
2.792203
3.499085
1.947479
2.294319
2.909543
2.545052
2.351678
2.034424
1.908680
1.857203
1.193891
1.229303
2.428217
2.302045
3.150225
3.115509
1.200520
2.547226
2.211509
2.116614
2.589417
2.053732
2.553780
1.877446
2.611659
1.673878
1.365144
1.307945
2.256630
2.241914
2.589915
3.011642
2.537875
2.943540
2.925813
1.265870
1.432438
2.315839
2.769880
2.696216
2.408083
2.003923
2.792622
1.849552
1.781044
1.699330
1.821516
2.518559
2.843979
2.691323
2.744170
2.590596
3.392033
3.445517
3.297040
1.276185
2.424872
2.086555
2.514169
2.600713
1.723292
2.312545
1.850380
1.268911
1.126240
1.578767
1.925360
2.293442
3.096706
2.522336
3.122726
3.204099
3.044020
2.545151
3.450922
3.460364
2.882915
1.245664
2.635578
2.064960
2.882065
2.219731
2.089731
1.784418
1.077609
2.419830
2.179982
3.083598
3.142942
3.132754
3.247062
3.192316
1.361498
2.794032
2.374970
0.911835
2.443947
2.617687
2.097409
1.572568
2.676443
3.295318
1.361498
1.237544
2.638127
1.732762
1.724849
1.581413
1.741597
2.250016
2.077587
2.401960
2.655981
3.089092
2.934917
2.749052
3.481193
2.682272
3.101982
1.537710
1.573682
1.510905
1.475452
1.532860
1.910033
2.202574
2.350376
2.418574
2.660215
2.903176
2.531878
2.695005
1.960283
2.203153
1.853623
1.785517
2.631206
2.207529
1.659520
1.993960
1.746512
1.472257
1.271505
1.585367
1.563416
1.676057
1.978086
3.152537
3.119676
2.865206
1.446194
2.632817
2.550610
1.705403
2.408470
1.781699
1.781546
2.006344
1.201248
1.568307
1.386642
3.103645
3.049428
2.540239
2.704361
2.550720
2.428521
2.216403
2.738453
1.736484
1.161148
1.434144
1.780208
1.524674
2.384983
2.765862
3.087792
3.363944
1.969548
2.341461
2.643262
2.420207
2.495743
2.006464
1.754710
1.450426
2.358021
3.112031
3.132315
2.614972
3.082747
3.202610
3.453670
3.492445
1.378760
1.515431
2.082545
2.720679
2.377025
2.379177
2.153623
1.727167
1.488745
1.359805
3.049428
3.188675
2.949371
3.124951
2.222418
1.420349
1.964066
1.824169
2.009346
2.720679
1.853116
2.316157
2.242152
2.105457
1.452420
2.147268
2.078705
1.235827
1.006972
3.075230
3.122167
3.107809
3.154717
3.180428
3.205539
1.722205
1.961225
1.121707
1.568307
2.430357
1.078269
3.212508
2.630178
1.228381
2.016053
1.131005
1.553643
1.792598
1.768655
1.766706
1.856804
2.282322
2.908624
3.026870
3.256016
3.185655
2.223518
2.554363
2.038392
1.320655
1.575940
1.739351
2.002756
2.316261
2.307894
2.573273
2.868316
3.110608
3.114815
2.496336
3.349975
3.374073
1.344511
1.513649
1.441987
1.741424
1.083133
1.251050
1.495257
1.526779
1.454469
1.029006
3.212068
2.740552
2.611353
3.248495
1.617687
1.424062
3.096229
3.113931
3.032094
3.208533
2.716520
2.638936
3.353250
1.623347
3.370386
1.846871
1.852191
1.722205
1.486170
1.797916
2.070109
2.340146
3.033148
3.182376
2.681710
1.473669
2.340803
2.203306
1.857745
2.352823
1.666745
1.683670
1.425418
1.658174
1.755585
1.896749
2.173037
1.882004
2.961050
2.999395
2.428624
1.276243
1.780097
2.769059
2.352823
1.748074
1.681956
1.675227
1.798197
1.781238
1.770706
1.270073
1.174112
2.300502
2.244145
1.952730
3.026467
2.909478
2.616921
3.287280
3.345213
1.199380
1.827370
1.212489
1.364310
1.869380
1.829962
2.204460
1.631248
1.581477
2.113779
1.898770
2.054414
1.627809
3.270227
3.085097
3.118661
2.905010
3.041339
2.270372
1.111822
1.156565
2.364213
0.943062
1.202749
1.360478
1.417668
1.563895
0.762975
3.125120
2.806366
1.623347
2.661003
2.442160
1.857745
1.616253
1.804113
2.179250
0.851444
3.009886
2.959992
2.989299
3.234064
2.435182
3.287280
2.263811
2.363065
1.907909
1.629383
2.042979
1.993174
2.257219
2.853164
2.981319
2.804297
3.218991
2.018166
3.167032
3.275085
1.831723
1.887471
2.053281
1.033787
1.748293
2.073427
2.222777
2.793303
2.768170
1.106501
1.038183
2.098619
0.950941
0.999542
0.911155
1.288287
1.558714
1.652870
1.043668
2.406542
0.848570
2.504541
2.590803
2.877583
1.467607
1.314814
1.504814
1.688041
1.693432
1.658112
2.121670
2.496215
1.688521
1.522313
1.870912
1.743071
2.287603
2.970571
2.893442
2.666622
2.579395
2.830454
1.813414
2.117802
1.071900
1.518729
1.872678
2.365001
2.753437
2.637174
1.305844
2.164901
1.936419
2.049428
0.899800
0.862473
1.824110
2.069861
1.857259
2.560338
0.782900
2.457843
3.191902
2.698950
1.491710
2.796764
2.985056
1.654454
1.835716
1.545461
1.199270
1.903087
1.724257
1.726042
1.755361
1.609627
2.250446
2.704980
0.916228
2.798752
0.929589
2.829097
2.828954
3.099171
3.204385
3.127942
1.786403
2.362394
1.803995
1.673586
1.645141
1.676607
2.730104
2.830809
2.964364
3.007416
3.239694
1.621141
2.052127
2.011167
1.891155
2.079119
1.826572
1.814487
1.803995
0.882735
0.907990
2.344932
1.005250
0.828756
2.816714
2.865124
2.997088
2.478740
2.396106
2.107725
2.034791
2.235549
2.218269
0.919755
1.226847
1.781765
1.623389
2.211731
0.896868
2.830809
1.036251
1.133387
0.939146
3.246358
1.752253
2.544198
2.079407
1.988107
1.907412
1.805566
1.874058
1.923036
1.820889
1.559766
1.431249
1.916236
2.028450
2.610385
0.943406
2.319351
1.019649
2.456901
1.588680
2.537875
2.722462
2.855612
1.839437
3.022566
1.166203
1.887420
0.888051
1.869160
1.757798
1.007185
0.968037
1.418359
2.519412
1.693221
1.698449
1.922075
1.955003
2.105247
1.611422
0.838655
0.878626
1.186712
1.903087
0.996986
1.308733
1.188961
2.673270
2.471288
2.437093
1.584603
2.044621
1.295962
3.259723
3.049099
2.722426
1.415102
1.873258
2.297313
0.952214
1.769300
2.271662
2.226016
2.031842
1.533713
2.753716
2.755031
1.648061
0.897803
2.006102
2.247232
2.260406
1.689645
0.950127
2.684567
2.511268
1.090350
2.760068
3.198184
1.551386
3.022168
1.898934
2.159106
1.796918
1.644816
1.141723
0.973017
0.965951
1.761530
2.526679
2.537506
2.310870
1.082715
1.776667
0.852655
0.913983
1.014146
2.611593
2.516984
2.707082
2.307876
1.216353
2.424749
2.997362
2.277191
2.081190
1.128916
2.252954
1.963246
2.603644
2.014604
1.424379
0.943352
0.874462
0.874213
1.157604
1.537971
1.529664
1.418525
1.897186
2.305540
2.352006
2.502733
2.445499
2.514476
2.463328
2.638983
1.423860
1.555929
0.816972
1.012452
1.880292
0.881212
0.968285
0.981285
2.240596
2.348604
2.327269
2.252866
1.065438
0.873751
1.424379
1.331281
3.056817
3.072351
2.627535
2.309225
0.876545
0.811405
1.144534
1.491090
0.917885
2.166225
1.699497
1.862606
0.911996
2.390120
2.434112
2.197800
2.306361
1.237805
2.525527
3.147268
2.498484
1.423860
0.983329
1.957263
1.611770
1.871539
1.826362
1.860067
2.407977
2.430567
0.934848
1.897542
1.050910
1.825351
2.152532
2.035544
1.734497
2.010634
1.936355
2.461839
2.439108
1.716178
1.119061
3.176977
2.801670
1.764373
1.954639
1.751112
2.091251
2.149368
1.964370
2.212944
1.849652
2.242059
2.523638
2.395234
2.864105
2.197016
1.687580
1.807775
1.921612
1.964109
2.137628
2.158665
3.041619
1.315228
2.574534
2.151567
1.844704
2.154768
1.945916
2.205685
1.716221
1.556128
2.376457
2.426398
3.121987
1.437730
1.759959
1.743383
1.585166
1.384414
1.370236
2.786843
1.489106
2.331301
2.098194
1.580293
2.316323
2.152121
1.731230
1.681438
2.247361
2.066748
1.963830
1.747132
2.037691
2.083690
2.123665
2.222500
3.051353
2.248712
1.795363
1.764271
2.112667
2.079081
3.051353
3.044447
1.523396
1.987226
2.534615
2.897771
1.904338
1.868207
2.310646
2.030667
2.152237
2.212907
1.488630
1.887826
1.686238
1.991183
2.579995
2.081634
2.009144
1.842724
1.808211
2.058363
1.666062
2.054274
2.481209
1.902529
2.034775
1.644858
1.843992
1.787078
1.668758
1.386463
2.088340
1.316458
2.114599
1.284441
1.902551
1.864557
1.699451
2.165200
2.773996
2.340478
2.178738
2.074842
1.719592
2.346706
2.333371
2.386497
1.297060
1.899352
1.776439
1.643046
1.929031
1.778788
1.762184
2.563010
1.284567
1.928382
1.750249
1.735138
1.526622
2.386977
2.424622
1.253946
1.613436
2.062261
2.274688
2.194635
2.046727
2.027331
2.004584
1.729349
1.782197
1.977932
2.497236
2.301919
1.965864
1.780907
1.817348
1.780176
1.923789
1.343113
2.202990
2.219954
2.086108
1.258709
2.229157
1.910680
1.727726
1.735343
1.843624
1.331907
1.881518
1.942123
1.944026
1.576186
2.024531
1.211739
1.270489
1.720357
2.119932
1.927532
1.685628
1.894181
1.944823
1.924295
1.989321
1.820648
2.142509
1.887539
1.145993
1.952900
1.454388
2.326969
1.520133
2.408261
2.333113
1.795480
2.192700
2.365292
2.622700
2.316104
1.978114
1.892751
1.943890
1.799229
1.793186
1.554520
1.554301
1.467549
2.326969
1.347145
2.122298
1.295500
2.044165
2.135638
1.880973
1.533163
1.593010
1.556635
1.557349
2.104655
2.457510
1.576014
1.670610
1.787687
2.107268
1.180118
1.504710
1.877282
1.901777
1.875862
1.273596
1.180118
1.210136
1.219654
1.969110
1.280149
2.336900
1.693043
1.453173
1.726688
1.742684
1.268988
1.806460
1.393356
1.480483
2.071008
1.496321
1.565912
1.517707
1.363653
1.206935
1.785857
1.945997
1.576952
1.643352
1.383031
1.974578
1.456125
2.113155
2.002793
1.311436
1.542005
1.225431
1.303771
1.233501
1.683881
1.347284
1.195177
1.125101
1.529046
1.447522
1.449482
1.240050
1.608018
1.058362
1.722358
1.434282
1.313763
1.167728
1.725932
1.519588
1.290871
1.187407
1.112086
1.127657
1.225424
1.162430
1.299643
1.322849
1.496458
1.141612
1.158546
1.429000
1.329624
4.143397
4.151322
2.295595
2.421292
1.616245
1.898316
1.273724
1.298280
2.782032
2.090443
2.172134
2.271152
1.336788
1.586446
2.437170
2.808055
1.254781
3.171071
2.994209
1.670994
3.073466
2.834733
1.169128
2.470491
3.055640
3.258290
3.235165
3.548420
2.924745
3.427622
3.331119
3.856227
3.568184
2.194899
1.340496
3.056011
3.508317
1.419244
2.245061
1.286752
3.252236
1.294493
3.679553
2.464368
2.101920
3.298736
3.631715
1.207963
2.782467
3.173312
3.578814
3.763201
1.390159
1.828712
3.790235
3.150888
1.384450
1.844577
3.720944
2.171551
2.645678
2.814875
3.494031
1.668194
2.091557
4.417982
1.262396
2.482159
1.935234
2.213280
4.549029
3.400033
2.169416
2.572347
2.487162
2.961368
2.244430
1.626756
3.890952
3.199883
1.867969
4.008667
2.629798
1.963187
1.801619
3.327165
3.372076
1.526451
2.830241
1.087349
3.188406
2.628769
3.351627
2.935148
3.079112
1.517585
2.653597
1.507970
3.330500
2.473058
3.895904
3.148681
3.901094
2.954628
2.773550
2.513616
2.692269
1.446570
3.893870
2.088106
2.725155
0.992335
1.253358
3.236319
3.203146
1.693030
1.884159
3.314430
3.383963
2.430360
4.088199
2.128728
1.985654
3.031310
2.037642
2.076191
2.980813
3.190195
2.068437
2.958760
2.065077
1.992343
3.010667
2.036967
2.742615
3.848340
2.827499
2.726960
1.505727
2.117742
2.746116
3.652317
2.248836
2.337598
2.042334
2.177034
2.963185
3.018094
3.128343
2.446495
3.144031
2.547815
1.837620
2.521775
3.035762
2.868581
2.673469
1.730892
1.897526
2.739102
3.396010
1.733929
1.907202
2.439587
3.027170
2.301019
2.586956
1.743607
1.221335
2.745059
1.674833
2.252357
2.673249
2.591707
1.933890
2.477178
2.180941
1.795799
2.258548
1.181608
1.706363
2.510964
2.486717
2.816043
2.287117
1.255454
2.184292
2.437630
2.017775
3.008782
1.707380
2.405505
0.973880
2.321783
2.064290
2.594162
2.164901
2.917821
1.054908
3.195001
2.330401
1.584336
1.408999
2.653251
1.158187
1.040424
1.332298
1.360216
3.226242
1.448123
1.229158
1.846050
1.620227
3.040291
2.140319
0.999648
3.153861
2.284052
2.043939
1.030497
1.242193
2.197800
3.156261
0.981088
1.874411
2.887809
2.206086
2.665405
2.504481
1.726743
1.759959
1.491001
1.876211
2.361891
1.617799
1.511491
1.436623
2.013110
2.496014
1.825618
2.110303
1.770594
1.398794
1.319012
1.746084
1.546346
1.422069
1.261218
1.348065
1.390578
2.114037
2.617624
1.622499
1.494081
2.117090
1.607117
2.354198
1.761220
2.652629
1.550476
1.284056
1.519419
2.482675
1.550087
1.425332
2.756405
1.941373
1.349783
2.992250
2.904202
2.420861
1.249200
2.793292
2.161828
2.347606
1.271082
2.321482
2.914323
2.615029
2.242211
2.203904
2.878850
2.311074
2.459967
2.153600
2.738422
2.748009
1.642220
3.279701
1.238064
2.894821
2.585985
3.074267
1.284133
2.570733
1.516907
1.811478
1.208770
1.195004
2.675498
2.827754
2.749941
2.553910
3.339966
1.349220
1.769222
2.485846
3.450500
2.186325
2.033412
3.064675
1.385267
1.288137
3.466448
3.162813
2.309488
2.682876
1.349305
2.836821
2.881980
1.652681
2.956763
3.523224
1.561191
3.398017
2.418027
3.736803
1.482843
2.173213
2.642359
2.259401
2.286101
3.617995
1.739846
1.726868
2.735440
3.045309
3.433121
3.921300
4.312443
1.964874
3.355909
2.325113
2.093835
3.689123
1.870846
1.918527
1.315072
3.697416
1.436989
3.955137
3.951270
3.659033
2.394427
2.625889
3.855249
3.001711
2.035941
3.625602
1.258519
1.322182
1.696553
4.268286
1.249997
1.718511
2.367013
1.682612
2.398763
3.299248
2.455362
2.427147
3.921559
2.453424
1.300018
1.110026
2.970416
3.275772
2.699327
1.792228
1.214414
2.693031
2.415515
4.067249
1.836389
1.917885
1.962655
2.501936
2.128709
1.553844
2.657975
2.067853
1.789980
1.791004
2.271483
4.477091
4.275402
3.967978
1.335551
1.694966
3.814338
3.750105
2.247349
1.890877
2.516644
3.593074
2.459208
2.911747
4.335248
2.770179
2.830916
3.128572
3.646857
3.750105
2.828442
2.743287
1.725631
1.613055
1.260761
2.019399
1.793774
3.236319
3.858614
1.799935
2.065438
1.040535
4.470752
2.822139
2.652141
3.016389
2.022481
1.979760
3.404249
3.325017
2.195206
2.316422
2.244286
2.527927
1.884930
2.676520
2.611219
3.206589
2.847644
2.417327
3.176429
2.074578
2.342568
2.728966
3.596740
2.634443
2.131486
2.473261
3.349177
2.472140
3.245511
1.419610
1.228386
3.978509
3.498094
1.802493
3.701161
2.220352
4.093452
3.783088
2.229539
1.324385
2.810441
3.440610
3.194146
4.095960
4.156767
3.505871
1.948467
2.060104
2.844027
3.051139
3.385461
2.000887
1.886732
2.680079
3.199025
2.331739
3.135919
1.733035
1.881513
2.934713
3.575611
2.143720
1.673334
2.638322
3.265260
1.390195
1.516406
2.098065
2.714990
2.740261
1.953678
2.016868
2.877661
2.442575
3.130530
2.419371
2.072389
2.316734
3.261067
1.692841
1.612893
2.809872
3.240159
2.649322
3.147442
3.047537
2.208256
3.128343
2.091083
2.785039
1.891841
2.589437
2.372746
2.250756
1.838367
2.446495
3.488939
2.348387
2.061667
2.714183
3.287603
2.427351
2.255745
1.895546
3.143470
2.527753
2.196059
2.296318
2.527465
3.197531
1.430243
2.289044
3.039272
2.112776
2.805227
1.553859
1.900958
2.368777
2.745112
2.025073
1.738109
1.859064
3.088510
2.602016
2.153685
2.514624
2.374970
1.705953
1.553088
3.183561
2.532353
1.550393
2.642325
1.761933
1.026805
2.608580
2.358351
2.074151
2.186753
2.805346
2.147355
2.559358
3.335766
2.636724
1.709900
2.182372
3.135534
2.985120
1.573979
2.229637
1.992309
2.836344
1.166438
1.877640
3.060051
2.664240
2.256597
2.182168
1.390205
1.602950
3.045032
1.803150
1.094890
1.898770
1.878688
1.984932
1.956679
2.167798
1.061104
1.423528
1.915774
2.141530
0.930758
2.067050
1.017774
0.978341
1.288287
2.922194
2.825788
1.600441
1.947730
2.350743
3.096413
1.321747
1.289940
1.122375
2.728244
1.595044
2.596740
2.281467
2.066405
0.947372
2.119289
1.453633
1.304387
0.863902
2.201089
1.392233
1.875713
2.049230
1.146743
2.830454
1.850096
1.048505
1.179145
2.237255
1.207426
1.058926
2.147478
2.587706
1.718724
1.029444
1.065438
1.226128
1.044682
0.925046
2.635791
2.385650
1.054610
1.063595
1.842515
2.757785
1.001400
1.108669
3.080532
0.932787
2.216633
2.431254
2.624535
1.353857
2.587341
1.513612
2.605698
1.885540
2.310646
2.481209
2.203450
2.360446
1.563339
1.836880
1.719870
1.385694
1.296552
1.453922
2.013745
1.180035
1.877043
1.372863
1.257666
1.409293
1.768919
1.314118
1.185952
1.352965
1.254464
1.251192
3.427334
2.225602
2.224255
2.419571
3.909615
3.966681
1.967795
3.045052
3.157974
2.192783
1.980189
1.410258
1.893718
