3819 1 3
1.115829
1.626799
1.863456
0.370988
1.731336
1.405739
2.410270
1.176681
1.790587
1.406061
2.053764
2.080637
1.988326
1.069572
1.917665
1.296486
1.353886
1.039316
1.142261
1.677931
1.934691
1.779468
1.433341
0.887767
0.998200
1.741318
1.053015
0.778409
0.837556
2.067339
2.470600
2.051119
2.863692
1.870393
2.507003
2.097387
1.674610
1.797802
1.739281
1.050020
2.378088
2.705639
2.085065
2.483118
2.001092
1.394790
1.451493
1.947065
0.969863
1.214233
1.102733
1.197293
1.092990
0.842761
1.340861
1.539114
1.280788
1.403875
1.840177
2.412172
0.913518
1.138522
1.099267
1.075609
1.233377
1.362597
1.008436
1.247499
1.251609
1.008436
1.041715
0.837618
1.125739
1.069068
1.957901
1.056490
1.055027
2.510533
1.090115
1.669541
1.928026
2.508655
1.589213
0.986063
1.635908
1.246376
1.327062
0.988755
1.880357
1.529543
1.334510
1.390046
0.924844
0.637912
1.643154
1.422789
1.558266
1.143298
2.123222
2.792121
1.720284
1.493173
1.702252
2.130244
2.034194
1.067122
1.828413
1.458135
2.592068
2.681950
1.091307
1.066085
1.233199
1.718329
1.971397
0.778706
1.757695
1.440877
0.818852
0.926013
1.213467
1.627672
1.028200
1.289367
0.965283
2.561062
2.035061
1.097777
1.538413
1.997681
1.784495
1.032123
1.038705
1.694437
1.833186
2.231575
1.801590
1.693705
0.967562
1.271865
1.774672
1.197641
0.781517
1.037757
1.764622
2.015286
1.414140
2.012740
1.352508
2.210959
1.186917
0.827625
1.191631
1.271093
1.124445
2.045852
1.283374
1.306811
1.533301
1.348021
1.331674
1.834517
1.519516
1.529595
1.620238
1.508164
1.639819
1.269447
1.340915
1.148688
1.225072
1.433186
1.987836
1.173027
1.152334
0.999955
0.912471
1.934185
1.177743
1.539506
1.409629
1.493744
1.359263
1.521140
1.417903
1.506956
1.103431
0.789899
1.110744
2.066731
1.215993
1.058449
1.517861
1.492523
0.636845
1.759690
1.816299
1.912165
1.721602
1.727281
1.277257
1.338449
1.336546
0.953245
1.927748
1.759491
1.453713
1.510531
1.444316
1.731024
1.007082
1.437468
1.724667
1.207172
1.785449
1.183957
1.197477
1.833303
1.681701
1.738961
0.870014
1.144563
1.219231
1.479253
1.198763
1.055370
1.956573
1.136059
1.208206
1.051582
1.554178
0.987931
0.989983
1.586850
1.052480
1.128410
1.256588
1.084810
1.976729
0.938332
0.972874
1.170719
1.062500
1.361764
1.565651
1.176209
1.592262
1.683402
1.264230
1.203239
1.056671
1.302969
1.099128
1.602369
0.865744
1.056671
1.317302
1.542863
1.216463
0.547744
1.074258
0.999424
1.192859
0.479692
0.896746
1.439298
0.971390
1.059836
1.702334
1.123917
1.270747
1.100229
2.023892
1.192055
1.330779
1.750531
1.414968
1.133092
1.401837
1.050988
1.973855
0.269412
1.302655
0.970611
0.938194
0.886008
1.853109
1.517608
1.121281
1.229990
0.719531
1.105130
2.008126
1.223700
1.221970
0.783107
1.580484
1.261522
1.340357
1.142193
1.377387
2.137020
1.643462
1.436482
1.698217
1.605686
2.040102
1.646810
1.072535
1.654761
1.321625
1.348381
0.882961
1.166019
1.153705
1.039722
1.032948
1.032603
1.164986
1.144868
0.990988
1.062384
1.408371
1.221196
1.081989
0.975736
0.963334
0.839457
1.056510
0.990849
1.370278
0.404103
0.590772
0.449218
0.876310
0.640496
0.733987
0.640496
0.564150
0.237696
1.020862
0.472939
0.922506
1.014712
0.799448
0.784328
0.675651
0.659886
0.725877
0.898429
1.128721
0.760060
1.404436
1.233121
0.828746
0.594301
0.994893
1.017771
1.282711
1.385812
1.338036
1.216583
0.939417
0.613641
0.469262
0.573270
0.832722
0.819131
1.314611
1.521115
1.507313
1.317198
0.810239
1.147937
0.619101
1.473879
1.473879
1.444268
1.249386
1.450235
0.771710
1.154787
0.550191
0.455881
1.395852
1.476965
0.953108
1.485526
1.528822
1.543447
0.901702
0.964967
1.158990
0.748399
0.787280
1.487802
0.874840
0.925034
1.571043
1.027467
0.763513
0.980424
1.505742
1.371280
1.210226
0.370988
0.718142
1.052587
1.971350
1.999175
1.749466
1.887290
1.770767
1.500895
1.643941
0.849797
1.089152
1.277793
1.371078
1.530660
1.150965
1.608762
1.700196
1.969039
1.808834
1.435139
1.856043
1.346691
1.373715
1.424457
0.833559
1.757309
0.978604
1.795693
2.063087
2.120202
1.046664
2.451656
1.041950
0.888924
1.656907
1.115829
1.834011
1.798019
1.062757
1.970433
1.960550
1.969164
1.197980
1.030753
1.044946
0.971937
1.863556
1.722136
1.147989
2.369435
2.333633
1.218560
2.103601
1.966338
1.698789
1.468235
1.621100
1.500716
0.881875
0.892688
1.035437
1.046612
1.371280
1.803402
1.798019
2.767168
1.831747
1.265831
1.158772
0.892136
0.878392
1.004479
0.933533
1.113533
1.073203
1.067590
1.129608
2.610801
1.744339
1.433341
1.417674
1.636102
1.275830
1.388702
1.675589
1.467408
1.337732
1.033208
2.112951
1.853400
1.683392
1.727622
2.815769
1.933248
2.733707
1.220014
2.854843
1.692830
1.409795
1.008145
1.250900
1.223346
0.937696
1.090500
1.615790
1.855579
1.580113
1.007787
2.158051
1.156831
1.129608
1.184209
1.470919
1.398037
1.377654
0.922101
0.991787
1.180783
1.674113
1.405998
1.480236
1.540198
2.208872
1.548679
2.759942
2.848914
2.095990
1.167842
0.998803
0.929295
1.867990
1.529585
1.811855
1.255930
1.978996
2.604452
2.776800
1.951730
1.045405
1.614239
1.648281
2.403807
2.759942
1.218928
0.954922
0.917345
0.785229
1.736712
1.763738
1.964600
1.934691
2.406989
1.364660
1.015623
1.463485
1.737673
1.214736
2.407234
2.354557
2.877189
2.357535
2.371885
3.066979
0.954229
1.038407
0.925045
1.021817
1.783129
1.893195
1.372937
1.229022
1.661181
2.355217
3.004399
3.000493
3.193564
2.443555
0.925813
1.089003
1.698273
1.519935
1.584770
1.585530
2.060169
3.035727
1.902675
2.539341
0.940203
1.063230
1.519347
1.691270
1.346307
1.278283
1.972405
1.637533
1.837552
1.462389
2.264815
1.677536
1.705599
2.278946
1.658952
2.877639
2.128265
1.821639
1.663283
2.202366
3.108424
1.051292
0.820486
1.008293
1.745662
1.509811
1.920381
3.049142
1.894401
1.896024
1.354048
1.192231
1.013032
0.955616
1.115187
1.570182
1.523697
1.907554
1.652844
1.880263
2.106157
2.859335
2.328668
2.853468
2.107141
1.332047
1.284879
1.047310
1.622993
1.568053
1.742090
1.868675
1.955143
1.601618
2.328543
2.641277
3.254650
2.356756
2.583413
1.982606
1.067566
1.626199
1.080461
1.204666
1.887114
2.053186
1.003542
0.894172
0.927203
1.017448
1.682184
0.810592
1.497326
1.806634
1.749932
1.370241
1.765208
1.690447
2.068080
1.967176
2.106157
1.412643
1.675303
2.825491
2.749195
2.402584
2.071890
0.893829
1.319470
1.804140
1.207250
2.509147
1.629654
1.188660
1.648673
1.488061
1.384576
0.993337
1.403990
2.782350
1.977584
2.709687
1.830776
1.043168
1.079396
1.138639
0.884353
1.357957
1.167986
1.265776
1.427451
0.810592
1.917213
1.988888
1.899953
1.822894
1.781127
1.891240
2.494918
2.580240
2.945807
2.946744
2.565163
2.877189
1.224702
1.539051
1.068692
1.306342
1.594266
2.678243
2.494087
2.606074
1.469853
0.938798
0.981458
1.526170
1.497875
1.401162
2.587815
1.672150
2.224695
1.619372
1.499009
0.873929
1.697695
1.656838
1.459116
1.410217
1.460012
1.846206
1.026514
2.783396
2.937767
1.769134
1.113922
1.067730
1.650581
1.858266
1.696060
1.765835
1.410545
1.852378
1.931674
2.139551
2.755069
2.169302
2.173283
2.021636
1.818075
1.218837
1.702981
1.531349
1.738939
1.792053
1.761185
1.633219
1.171172
1.016757
1.139407
1.279640
1.225719
1.442057
1.228913
1.400245
1.845275
1.795679
2.982384
2.746578
1.166403
1.080181
1.054906
1.552152
1.368253
1.824991
1.702821
0.928856
1.378529
1.712205
1.506910
1.699231
1.899920
2.505078
2.371096
1.868932
2.883103
1.741775
1.269387
0.811720
1.184607
1.528717
1.571309
1.403875
1.652529
1.614024
1.878612
1.404571
1.397507
1.675391
2.334909
1.799280
1.918820
2.848754
1.850260
1.862299
1.559424
1.097638
0.921370
1.748368
1.829728
1.635896
1.473133
1.122276
1.870076
2.714497
1.026035
0.887438
1.563252
1.345233
1.473133
1.458480
2.113733
1.346043
1.964540
2.213614
2.428516
2.093968
2.546841
2.587815
1.842574
1.445807
2.516785
1.547678
1.766945
0.928990
0.852870
1.027376
0.807679
1.136956
1.524758
1.525877
1.692770
1.621045
1.536006
1.852444
1.494292
2.206470
1.965580
2.444389
2.478102
1.876147
1.987913
1.899523
0.918594
1.918981
1.000296
1.226122
1.186177
1.693415
2.018790
1.779056
1.485958
1.109795
2.015841
1.983638
2.164499
2.370528
1.941449
1.541777
1.590300
1.582058
1.859204
1.668567
0.881268
0.970890
1.575182
1.635616
1.832006
2.229829
0.982372
0.976708
1.973528
0.904641
1.109989
1.037499
1.058513
1.878798
1.732018
1.226356
1.835027
1.527774
1.554533
1.669913
0.994162
1.820349
1.402597
2.387268
2.871669
2.028640
1.301164
1.840177
1.410674
1.435386
1.525016
1.602669
1.294011
1.279296
2.090850
1.869436
2.006657
0.915940
2.052846
2.186180
2.228946
2.498687
1.512570
2.127392
2.182706
1.945521
1.807679
1.010432
1.101119
1.123010
1.576035
1.585091
1.518479
1.240361
0.979898
0.921542
1.092800
1.323767
1.215249
1.041715
1.667005
1.262152
0.881268
1.929592
1.625232
1.354981
2.024127
2.155086
0.809434
1.059871
1.526929
2.055114
1.916517
1.030999
1.004059
1.055027
1.263823
1.359434
1.093660
0.881945
1.197484
1.997993
1.040559
0.895777
2.336086
1.307436
1.607965
2.113888
1.675911
1.211011
1.320790
1.565286
1.219283
1.876253
1.685563
0.986845
1.655744
1.113160
2.131589
2.007318
2.066965
1.765117
2.233560
1.251609
1.698951
1.823018
1.360600
0.895777
1.843188
2.062696
2.098762
1.333079
1.995616
1.580704
1.709565
1.583337
1.341328
1.538215
1.215249
1.164678
1.048927
1.111590
1.651473
1.927383
0.987254
0.895455
1.014131
1.868352
1.414565
1.280361
0.910706
1.293005
1.240280
1.149460
1.371737
1.375876
0.708176
0.891759
2.338475
2.332993
2.034392
1.768511
1.218014
1.598494
1.424341
2.152654
1.125111
1.319689
1.314809
1.738293
0.782527
1.301687
0.953157
0.578363
1.206557
1.798589
1.122431
2.424862
1.899523
1.874635
2.248104
2.440836
1.761492
1.401234
1.172176
0.967060
0.898985
0.775321
1.571182
1.820431
2.006657
2.066841
1.296697
1.036334
1.315074
2.516785
2.445896
1.466470
1.700969
1.342776
1.241048
0.827667
1.433298
1.912037
1.794718
2.025278
2.701645
2.011767
2.508655
2.620988
1.155884
0.924844
0.881476
0.881476
1.172176
1.475044
1.824349
2.149074
2.011316
1.651172
1.653905
2.182099
1.888265
1.508487
1.104104
1.265990
1.298387
1.492625
0.901750
1.711213
1.783159
1.432140
1.718468
0.938379
1.485943
1.512697
2.240798
1.683796
2.043904
1.650991
1.143557
1.472949
1.822591
2.184610
1.173178
1.344462
1.916024
1.364500
1.167588
1.029454
1.095659
1.685419
1.711213
1.757847
1.670804
0.961304
1.388510
1.467007
1.486859
1.601104
1.241327
1.579595
1.424934
1.413077
1.440309
1.438362
1.346795
1.233335
1.253182
0.799850
1.693292
2.149074
2.021899
1.796013
1.866298
2.091409
1.030140
1.806680
2.014165
1.090115
1.872980
1.733427
1.321315
1.226351
1.233717
1.067603
1.857037
1.685827
2.208356
1.315074
1.804687
1.213400
2.255652
2.651715
1.700969
1.351047
1.878037
1.364500
1.318129
1.064093
1.774026
1.330338
1.550022
0.939040
0.951567
1.563268
1.417259
1.962988
1.847799
1.949177
1.795565
1.593719
1.006459
1.059914
1.770724
1.072503
1.294026
1.916024
1.485253
1.300894
1.228490
1.555914
0.496199
1.854461
1.877902
1.882905
1.974168
2.123222
0.935053
1.858873
1.214513
1.888265
0.967910
0.901145
0.996779
1.113706
1.604843
2.016536
1.586578
0.968956
1.449228
1.131808
1.649742
1.964902
1.032123
1.374833
1.377294
1.784974
1.525868
2.381339
2.801397
1.303256
0.934490
1.127957
1.499488
1.059944
1.868967
1.504251
1.239056
1.952924
1.741682
2.008557
2.001176
1.086758
1.346690
0.936330
1.445049
1.445049
2.052116
1.620167
1.884712
1.944827
2.592068
2.137244
1.117978
1.229264
1.328513
1.276871
1.423230
1.325644
1.983474
1.581899
1.345124
1.497659
1.729101
0.937316
2.058228
1.347226
1.318881
1.843794
1.148982
1.388808
2.604944
2.100689
1.119012
1.296419
1.550180
1.491125
1.627714
2.106025
1.764710
1.257105
1.327767
1.590063
1.534314
1.305125
1.126712
2.098703
1.305140
1.785840
1.537035
2.164733
2.229900
2.110433
1.277989
1.098916
0.976050
0.997899
1.562070
0.940259
1.463018
1.296671
0.955645
1.802422
1.472637
0.937351
1.992065
1.157364
1.316256
1.997229
1.461947
1.887381
2.465263
2.480618
1.626040
1.015842
1.031315
1.175498
1.439902
1.557304
0.820683
1.150269
1.857061
0.941582
1.663441
1.854794
1.909040
1.642459
0.995159
2.096759
1.784287
1.147250
1.018268
1.794496
2.225822
2.656863
2.892144
0.911152
0.986766
1.683007
0.940016
1.069762
1.424060
1.959782
1.410865
1.037265
0.868123
0.970488
1.946783
1.580418
1.616008
1.197554
2.128251
1.091307
1.060415
1.239140
1.785840
2.317684
1.353453
2.165654
1.819053
1.216078
1.592002
0.961825
1.162203
0.770335
1.601607
1.399257
0.950752
2.079643
2.015629
1.354241
1.357732
0.874748
1.135300
1.309133
1.942616
1.828334
1.461878
1.330523
1.308107
1.203935
1.713857
1.047134
1.403348
1.736508
1.197719
1.181208
1.243971
1.550091
1.625273
1.459696
1.403505
0.942442
2.168164
1.981590
2.033134
1.087482
1.591270
1.940446
2.187794
2.279843
2.052273
1.833021
1.005991
1.403149
1.609971
0.944948
2.008391
1.661013
0.351512
1.331563
1.493999
1.325280
0.909691
1.803123
1.750727
2.097982
2.069746
1.906559
1.781232
1.023347
1.198678
1.076663
1.308107
1.361771
1.605007
1.242289
1.424127
1.710078
1.415874
1.184631
1.740930
1.531071
1.553300
1.744156
1.535137
2.026813
1.718146
1.276437
2.419652
2.518486
1.287676
1.083067
1.235839
1.067831
1.368253
1.736409
1.774672
1.186095
1.380518
1.102166
1.711362
1.226233
1.286414
1.704167
2.069746
2.104002
1.463251
1.536594
2.536343
1.277623
1.883509
1.793008
1.449597
1.570999
2.282499
0.928045
1.882808
2.019285
0.908542
1.741237
1.409407
0.967984
1.677669
2.574442
2.354755
1.075160
1.045375
1.353435
1.420774
1.741073
1.866364
0.566266
1.924938
1.487464
1.374508
1.914744
1.910574
2.075423
2.557774
2.545414
1.158409
1.180416
0.966676
1.717419
2.024068
1.251469
1.191417
1.568569
1.693705
1.519957
1.887556
1.558498
2.291939
1.634197
1.164346
1.397529
1.064120
1.436715
1.092429
1.274251
1.643187
1.559149
1.210313
1.913143
1.792528
1.714106
1.315385
1.773093
1.636475
1.914744
2.048256
1.813672
2.232632
1.999006
2.381028
1.826173
1.192628
0.993375
1.111923
1.533778
1.236076
1.277213
2.025145
1.192345
2.153552
1.808131
1.933046
1.213118
1.693352
1.117569
1.181315
1.561832
1.945105
1.965532
1.465715
2.122527
1.924647
1.498126
2.134823
0.941119
0.869325
1.594338
1.175239
1.650974
1.689671
1.228660
1.934788
0.607112
0.953197
0.762587
2.026813
1.982313
1.664185
1.871501
2.802114
2.281977
1.698041
0.994670
2.026544
1.850906
1.804605
1.092184
1.767166
1.470840
1.336971
1.712304
2.123751
1.748992
1.661883
1.467580
1.598165
1.813988
1.615214
1.105974
1.038091
1.429059
1.813909
1.889611
1.191631
1.026630
1.033266
1.752185
2.015286
1.941431
2.000742
0.955127
1.331012
1.381210
1.320987
1.447784
1.371133
1.244942
1.004585
1.464651
1.646927
1.079598
1.772573
1.998081
0.747873
1.671298
1.779410
1.247649
1.829015
1.829015
1.332223
2.151551
1.802385
1.684625
1.250932
1.991814
2.759799
1.824315
1.537902
1.529411
1.158409
0.977139
0.876098
1.033546
1.084371
1.497456
1.361466
1.651010
1.283374
1.728247
1.691916
1.603868
1.539635
1.626412
1.552594
1.314830
1.060796
1.229062
1.135725
1.708573
1.561832
1.745007
1.168676
2.029776
2.092745
2.028183
2.017878
2.206075
2.358866
1.639819
1.155317
1.155725
0.895921
1.415897
1.153172
1.792262
1.205205
1.148812
1.406608
1.774200
1.683610
1.445470
1.192875
1.282040
0.993267
0.762587
1.515052
1.936198
1.127897
2.415418
1.467580
1.132493
1.289554
0.969134
1.324380
1.762738
1.581062
1.546301
1.979888
1.966087
1.430805
1.220938
1.320312
1.371100
1.382980
0.993549
1.009189
2.358866
1.645213
1.476152
1.415897
1.064031
1.978520
1.593675
1.622206
1.563183
1.702712
1.951517
1.564830
1.407385
1.186365
1.875544
1.857581
1.496416
1.215705
1.861547
0.521139
1.412149
1.158775
1.203258
1.187319
2.235812
1.243268
1.064212
1.328328
1.480053
1.656125
1.937145
1.928006
1.096283
1.241608
1.967823
1.881800
1.792528
1.230654
1.595861
1.523258
1.331674
1.076306
0.986856
2.223743
2.171112
1.316461
1.298804
1.543923
1.385125
1.486211
1.316953
1.291041
0.852040
1.825619
1.261947
1.330217
1.262979
0.910741
0.808748
2.142442
1.205042
0.893171
1.391469
1.548567
1.492996
1.532412
1.365486
1.133855
1.747231
1.225454
1.532642
1.011825
1.613273
1.330217
1.529595
1.459576
1.110217
0.955676
0.961899
1.643151
1.067650
1.170672
1.311719
1.829819
1.399416
1.505473
1.102104
1.856815
1.736668
1.689671
1.360805
1.510103
1.071244
1.264960
0.910741
1.106749
1.850351
1.089140
1.311719
1.423727
1.693380
1.179959
1.855199
1.484022
1.409603
1.360737
1.274706
1.533027
1.963157
1.861580
1.082690
1.335109
1.523258
2.004104
1.988123
1.283727
2.093043
1.969009
1.106749
2.176087
1.382184
2.116652
1.263367
1.013188
1.078012
1.042191
1.714082
1.423727
1.112229
1.249159
1.188313
1.390905
1.788778
1.355105
1.227387
1.481198
1.132414
0.923513
1.152334
1.221866
1.384177
1.929534
1.964194
1.433186
1.687989
1.407137
1.182608
0.935258
1.230186
1.048384
1.573683
1.136605
1.876138
1.642174
1.415946
1.112925
1.731533
1.127097
1.178448
1.034394
1.561131
1.341827
1.860874
1.128989
1.855199
1.725738
1.124955
1.667582
1.655320
1.779771
1.006772
2.140559
1.679408
0.932598
1.757906
1.055204
1.017030
1.032663
1.198183
1.326758
0.976026
1.442711
0.960887
1.602270
1.445511
1.209294
1.148688
1.731691
1.166509
1.207722
2.227066
1.315261
1.757906
1.102100
1.176606
1.189828
1.614560
1.691066
1.738176
1.021733
1.299382
1.390905
1.247235
1.051026
1.970994
2.062020
1.955673
1.340907
1.803900
1.052237
2.175253
1.092267
1.363582
1.821918
1.919325
1.911697
2.000303
0.972414
1.281150
1.050261
1.009025
1.618928
1.510996
1.600462
1.136655
1.205352
1.638868
2.174452
2.116564
1.241201
2.021272
2.092944
1.602162
1.868552
1.506956
1.426733
1.355319
1.049845
1.091692
1.107332
0.944142
1.019619
1.194031
1.978267
1.306442
0.724531
1.513960
1.365604
1.367744
1.062706
1.919325
0.933086
1.193557
1.662406
1.478402
1.891331
2.041542
2.235134
1.766801
1.672615
1.966745
1.809834
1.378007
1.413755
1.623632
1.333044
1.217294
1.139704
0.876924
1.466701
1.903530
2.230845
1.887767
1.921843
1.011112
1.591474
1.317514
1.250213
1.241018
1.431611
1.402451
1.218833
1.474673
1.854070
2.061279
2.189614
1.370584
1.298793
1.120766
1.120558
1.226014
1.271533
1.021733
1.896812
1.035628
1.610670
1.610670
1.824316
1.124698
1.557048
1.856971
1.799338
1.774119
1.809834
1.904835
1.852080
1.255133
1.546304
2.087540
1.548516
1.015998
1.122038
0.932600
1.444316
1.643997
1.942619
1.411806
1.304983
1.402969
1.207172
1.274859
0.958370
0.979284
1.102311
1.613040
1.471058
1.960466
1.138441
1.398403
0.932600
1.058449
1.560187
1.380347
1.141227
1.138460
1.499593
1.655628
1.441554
1.110138
1.093432
1.273491
1.235304
0.810625
1.092330
1.577221
1.502845
1.923647
0.727614
0.481706
1.607594
2.106026
1.917959
1.482508
1.940795
1.487675
1.730798
1.559190
1.575068
1.724207
1.214638
1.337951
1.029573
1.096279
0.975902
0.991850
1.057960
1.804321
1.719378
1.011958
1.967046
1.512927
1.210239
1.060588
0.711298
1.034277
1.861947
1.584525
1.113159
1.828101
0.944251
1.496485
1.991021
1.103702
1.890390
1.978267
1.909737
1.178356
1.224846
1.635156
0.718663
0.901859
1.016876
1.508624
1.854723
1.068818
1.418148
1.954120
1.155108
1.089400
1.031149
1.671973
1.384907
1.757341
0.893265
2.220717
1.676320
1.316804
0.450482
0.711967
1.476913
1.564619
0.867684
1.755372
1.137247
1.321943
0.757276
1.699018
1.582907
1.632903
1.068024
1.239665
1.749361
1.034184
1.991419
1.158717
1.701768
1.893542
1.321485
1.610933
1.406982
1.007156
0.998029
0.866630
0.910785
1.306713
1.655628
1.065494
0.900161
1.359692
1.283773
1.559518
1.299740
1.679490
1.318845
1.758227
1.235271
0.851509
0.989775
1.103484
2.022741
1.151894
1.144120
1.234461
1.702465
1.444788
1.260145
2.477403
2.002328
1.688076
1.193565
1.752730
1.205283
1.120009
1.854049
1.889944
1.897624
1.409864
1.080115
0.954748
1.102781
0.913903
1.657491
2.007125
1.964256
1.068024
1.131074
1.709318
1.932744
1.213962
1.388027
1.769329
1.853979
1.241343
1.005373
1.307335
0.976810
0.900309
1.094123
0.912356
2.304985
1.609042
1.111734
1.426856
0.993436
1.518957
1.205593
0.859391
1.279286
1.962856
1.568394
1.368696
1.426576
0.878784
1.085602
1.842782
1.153880
1.299229
1.444874
1.696721
1.292048
1.411570
1.854269
1.948614
1.241524
1.104721
1.647466
1.367528
1.627053
1.284382
1.197826
0.984581
1.122226
0.955408
1.707474
1.281428
1.344737
1.246689
1.478141
2.284240
2.030673
1.869725
1.408726
1.287366
1.056755
1.624666
1.203128
1.303684
1.833940
1.214518
1.349675
1.426132
1.105689
1.172645
0.910353
1.667294
2.187716
1.791827
2.343362
1.600119
1.640275
1.164615
1.394060
1.126011
0.464389
1.345123
1.363146
1.335005
1.559713
1.023492
1.912267
1.164615
1.350662
1.642837
1.314825
1.026239
0.912678
1.013417
1.430243
0.852246
0.996200
1.185242
1.201115
1.832812
1.619653
1.023962
1.234861
1.313514
1.702352
1.516783
1.503731
0.946559
0.957286
1.275413
1.164885
1.016542
1.059427
1.991257
2.027819
1.291023
1.348680
1.845132
1.850916
1.746590
1.547928
1.299098
1.296230
1.006753
1.030312
1.050715
1.351907
1.205629
1.536675
1.518129
0.975933
1.346861
1.007413
2.006075
1.576128
1.120652
1.119030
1.643027
1.282969
1.413275
0.850813
1.124474
1.001476
1.110161
1.024542
0.758719
1.333236
1.060301
1.256503
1.514251
1.318211
0.971491
0.716714
1.174709
1.032982
1.034590
0.974874
1.075925
1.031497
1.217578
2.016208
1.868443
1.501387
1.716632
1.965858
1.198901
1.348237
1.268416
0.969371
1.152281
1.102857
1.283949
1.678012
2.628674
1.762043
1.783596
0.959953
1.524187
1.716174
1.690170
1.787998
1.112924
1.076495
0.919674
1.242207
1.130813
0.834313
1.496792
1.159140
1.060301
2.745450
2.000303
1.076524
0.704129
1.493176
0.741791
0.730917
0.905708
1.076495
1.789778
0.943840
1.129044
1.189793
1.345524
0.959064
1.460026
0.480909
0.353909
1.712321
2.095839
2.288780
2.264284
1.585335
1.880752
1.533829
0.980870
0.868432
1.024542
0.869974
0.513908
2.323521
1.496270
1.304736
1.306154
1.238573
1.211495
1.136416
1.111233
1.091027
1.259575
1.070646
1.400415
2.037813
1.782339
2.148252
1.309515
1.203102
1.111464
1.264230
1.080964
1.182753
1.114793
0.944237
1.533942
1.224703
1.758652
1.717628
1.219560
1.029575
1.696362
1.372307
1.207145
0.907968
1.843125
1.162458
1.256862
1.182099
1.357735
0.860817
0.918277
0.671310
2.173950
1.678932
1.575750
1.614731
0.947309
0.949700
2.111762
2.328001
2.293849
2.403808
1.860652
1.428945
1.099055
1.127277
0.990439
0.799482
1.280406
1.533829
1.402670
1.182648
1.441158
1.127831
2.119842
1.260121
1.713359
1.601194
1.082951
1.387991
1.229371
1.161365
1.215040
1.100168
1.179863
0.856140
0.882162
1.082074
1.000065
1.264753
1.532155
2.146819
1.242394
1.632403
0.683839
0.911883
1.161365
1.307379
1.344078
1.227210
0.993439
0.940568
0.925863
0.940332
0.823380
0.887579
1.182670
1.172232
1.970563
2.172278
1.338911
1.119231
1.225823
1.366848
0.715052
1.346331
1.598871
1.302646
1.449771
1.312273
1.263134
1.118710
1.138653
1.258672
0.818713
1.074020
2.081555
2.408806
1.484707
1.604484
1.379876
0.832672
0.970208
1.299363
0.952160
0.898230
1.166379
1.201824
1.300067
1.493388
0.506373
2.463610
2.129096
1.127277
0.826454
1.247368
1.229371
1.115417
1.098745
1.048384
0.500759
1.467573
2.597503
2.276191
1.769602
1.219706
1.119231
1.351065
1.504297
1.164486
1.024844
0.962092
1.007405
0.973315
1.506765
2.060899
2.130498
1.234805
0.686912
1.072944
0.990430
0.733817
1.081070
1.312514
1.178992
1.148324
1.100871
1.111310
0.879910
1.763983
1.193612
0.741718
1.450131
1.008693
1.267108
0.954987
1.197087
0.967938
0.949472
1.013361
1.271422
0.704517
1.624832
1.835148
1.442356
1.387993
1.652175
1.038077
0.656621
0.652444
0.614877
1.367538
1.333291
1.304537
1.056824
0.958107
0.853440
1.474574
2.379304
2.097066
1.851232
1.044919
1.585260
1.490330
1.430429
1.190662
0.934285
1.141090
1.454757
2.075418
1.546501
1.493878
0.996511
1.490492
1.326268
0.998732
0.996806
1.260168
0.996055
1.155695
1.759763
0.478253
1.513391
0.977228
1.661248
1.295433
1.609822
1.107391
0.698242
1.330724
1.050411
1.099088
0.951540
0.939438
0.819302
1.059841
0.922440
0.943353
0.994431
0.967474
1.922253
0.734656
2.050508
2.039448
1.403109
1.241865
1.269903
0.853220
0.920090
1.195330
1.301828
1.039811
1.035998
1.331648
1.668318
1.974581
1.717744
1.302147
1.146934
0.880137
0.957504
0.861972
1.229381
0.942500
1.324426
1.195330
1.007293
0.855320
1.027042
1.020704
0.655917
2.182375
2.010139
2.031422
1.547718
1.435828
1.029412
1.304487
1.329227
1.564092
0.996596
1.441419
1.168626
1.073313
0.957970
0.571449
1.668318
0.800607
0.866819
0.595680
1.474647
1.189273
1.652145
1.118472
1.109617
0.955691
1.034158
1.162350
1.359751
1.254248
0.967700
1.352128
0.929273
1.361383
1.731144
0.861704
1.524879
0.842313
1.786781
0.821701
1.327098
1.522817
1.539109
1.072105
1.341085
1.542757
1.022978
0.469820
1.455609
1.019171
0.730821
0.677674
0.867520
1.422411
1.037529
1.252232
1.063358
1.165738
1.006632
1.177814
1.019475
0.965962
1.285066
0.951540
0.962506
1.175141
1.126197
1.384198
1.991279
1.646229
0.978207
0.970611
1.000623
1.303661
1.667345
1.974446
1.294080
1.300256
0.883690
0.898458
1.032299
1.083604
1.202547
1.305229
0.834535
1.409550
1.724272
0.936739
0.500047
1.073202
1.112007
1.314486
1.112945
0.924816
1.091346
1.515505
0.894895
1.804246
0.868890
1.203788
1.558581
0.992773
1.442439
1.458642
0.945249
1.109252
0.881816
0.782880
1.020887
2.077840
1.834147
1.832601
0.962601
0.978627
0.577070
1.032577
0.870045
2.047149
1.926556
1.660515
1.524843
0.999948
1.507348
1.772349
1.325417
1.064963
1.149805
1.958536
1.343432
1.368520
1.118229
1.114418
0.687336
0.487322
0.433589
1.154906
1.663821
1.434435
1.649158
1.193028
1.016001
1.823709
1.945142
1.971239
1.196472
1.301595
1.772652
1.020678
1.352520
0.327411
0.955143
1.096251
0.882428
1.115877
0.923836
1.771470
1.560966
1.232415
1.238380
0.894057
0.347288
1.114418
1.007446
1.459400
1.207960
2.066028
1.576610
0.504431
0.444494
1.532437
1.547185
0.535224
1.327176
1.088568
1.449822
1.040228
1.888978
1.690934
1.833695
1.270406
0.954840
1.824786
1.179198
1.810314
1.020678
0.832709
0.993929
0.890142
1.289179
1.215324
0.854230
1.692095
1.732585
0.683358
0.909049
1.319896
1.166573
1.261615
1.327986
1.023297
1.299255
1.431681
2.092940
1.344540
1.046000
0.959840
0.970707
1.471275
1.133147
1.177355
1.200050
1.564034
1.914067
1.582170
1.298455
1.009280
1.297639
1.933909
1.617445
1.475160
1.109856
1.235723
1.118177
1.250730
1.389126
1.722607
1.784734
1.372427
0.938194
1.967788
1.208968
1.548382
1.967500
1.687942
1.273686
1.275277
1.186722
1.628404
1.556070
1.060265
1.440315
1.042810
1.128787
0.937404
0.975329
1.082152
1.199662
1.148915
1.654291
1.180668
1.192175
0.965277
1.224789
1.009958
1.002897
1.142878
1.116460
1.313821
1.126519
1.597799
1.697735
1.929570
1.410777
0.965690
1.538397
1.121762
1.028013
1.841419
1.264263
0.965690
1.236933
1.251664
1.356473
2.039723
1.170425
1.048490
1.053783
1.097886
1.084923
1.199602
1.546219
1.426209
1.278752
0.955640
1.817174
1.082322
1.302061
1.255086
1.138778
1.095151
1.229180
1.184946
1.658024
1.836758
1.123492
1.365508
1.042033
1.191057
1.133581
0.985666
0.946124
1.505980
1.193261
1.468519
1.000584
1.248056
1.216854
0.970282
1.395344
1.101785
1.846820
1.066224
1.154626
1.015292
1.809708
1.797794
1.833334
0.983491
1.127991
1.039023
0.999293
0.988458
1.043335
0.940458
1.324203
0.883294
1.228614
1.037047
1.060618
0.857789
1.438525
1.822441
0.949018
0.916376
1.480679
1.656401
1.580727
1.130359
1.128411
1.143350
0.972842
0.981746
0.934225
1.340923
1.822225
1.127797
1.196449
1.028347
1.364150
1.119762
0.745045
1.758613
1.560269
1.379055
0.974691
1.057327
1.195124
1.034214
1.082881
1.143141
0.985706
0.892656
1.103493
1.359716
0.942985
1.035019
0.908147
0.960206
1.013710
1.459630
0.956188
1.029514
1.108600
1.002078
1.130152
1.320367
1.062985
1.049789
0.907768
0.797523
1.071582
0.943414
1.663809
1.006150
0.911047
0.881265
0.938170
1.569866
0.822875
0.958831
0.936749
0.985260
1.033884
1.097045
1.036879
1.183729
0.987176
1.038305
0.905308
1.663809
1.013503
1.580433
0.984471
0.974910
0.948526
0.969748
0.813263
0.921713
0.968382
1.004276
1.410018
0.947328
0.973602
0.952419
1.140594
1.494683
0.919380
1.169243
1.292125
1.366587
1.359057
1.101422
0.919380
0.907382
0.845524
1.483769
1.117363
1.012478
0.888089
1.103176
1.362197
1.420824
1.028703
1.018003
0.869073
1.124804
1.145615
1.012682
1.359762
0.817282
0.930117
0.867113
1.231472
1.058903
1.062709
0.982458
1.237361
1.104094
1.229257
0.937651
1.166026
0.918846
1.224551
1.106852
1.075302
1.004597
1.038100
0.962146
0.927276
0.739490
0.999410
0.883882
1.158616
1.050444
0.893824
0.825013
1.043306
0.993574
0.877221
0.968727
1.121231
0.990809
0.897391
1.096640
0.762931
0.821672
0.956069
0.779925
1.076545
1.077892
1.093258
0.816646
0.867967
1.030553
1.146637
1.777453
1.386650
0.798036
0.903424
0.704860
1.227731
0.673445
0.802982
1.776396
1.417641
1.200627
1.374192
1.184682
0.959597
1.649198
2.033060
0.816357
2.340642
1.683392
1.052782
2.177129
2.272328
0.907372
1.073203
2.315291
2.313647
1.887114
2.859335
1.082078
1.984740
2.026315
2.766071
2.492390
1.570637
1.157148
0.813784
2.199043
1.088223
1.265846
1.195823
1.847732
1.619894
1.554670
2.059385
1.205132
2.068080
1.329829
1.397908
2.001203
1.111590
1.083067
1.368259
0.896210
1.778599
2.099502
0.919333
0.761648
1.256927
1.365581
1.634735
1.743996
1.859794
2.847787
0.995109
1.203362
1.408052
1.362499
1.391891
1.104461
1.335879
1.461876
2.871669
1.748697
1.326076
1.727177
1.349468
1.755472
0.982893
0.911006
1.530479
0.926315
1.082469
2.618268
1.729086
0.906005
1.246034
0.928016
0.993857
0.962724
0.925512
2.101851
1.350250
2.078545
2.696945
2.209620
0.958573
0.932779
1.445449
2.512689
1.359132
1.547063
2.525539
1.206557
1.909040
1.739800
1.871573
3.005131
0.957315
1.957827
1.094840
1.289378
0.433813
0.441827
1.985993
2.600728
0.979893
1.224264
1.624875
1.576337
1.379749
2.344250
1.307483
0.740139
1.268311
1.038863
1.371461
1.241879
1.558498
2.015084
1.489419
0.992807
0.856555
1.882210
1.151736
1.565268
1.282355
1.236511
1.699507
0.946566
1.252194
1.225454
1.928339
1.405878
1.236493
1.188629
0.934889
0.966335
1.765049
1.039480
0.975902
1.855783
1.113428
1.285754
1.160072
1.764637
1.073745
1.699291
0.929534
1.612640
1.354950
1.424440
0.916572
1.194472
1.270519
0.996591
1.446314
1.504944
1.108859
0.848021
1.024319
1.648391
1.052420
1.267706
1.253662
1.507510
1.240317
1.025514
1.586850
0.954330
1.005582
1.063082
1.186675
1.240396
1.644049
1.110783
0.944180
1.203239
1.237272
1.095612
1.674296
1.025641
0.864923
1.196209
1.009142
1.375592
1.215551
0.996511
1.783338
1.108969
1.059836
0.912419
0.990145
1.639674
1.729070
1.192662
0.995668
1.004484
0.821345
1.017521
1.527504
1.099869
1.050988
1.166725
1.360936
1.275070
0.967317
1.221413
1.527470
1.324092
0.884963
0.989885
1.833695
0.925275
1.004632
1.285351
1.854130
1.583100
1.851341
1.957276
1.243864
1.042810
1.258539
1.236365
1.949901
1.025470
0.981266
0.952702
1.161430
0.951859
1.397461
1.425837
1.015375
1.096752
0.980456
1.107409
1.001260
1.009623
0.937844
1.017084
0.982299
0.548198
1.249464
0.920876
0.786867
0.725611
0.823308
0.556556
1.031351
1.304055
0.934391
0.575210
0.898144
1.758935
1.053293
0.879716
1.922053
1.046581
0.914639
2.184398
2.144045
1.959637
0.761488
1.763343
0.972974
1.591615
0.868375
1.747658
2.064735
1.530115
1.679609
1.559273
1.528728
1.658556
1.241174
1.739261
1.808606
1.639421
1.192646
2.759942
0.911393
2.849303
1.355347
2.431442
1.024243
1.305637
1.157472
0.998029
0.964706
0.965401
1.209496
1.942234
1.263113
1.551046
1.842309
0.911503
1.076638
1.212639
1.706639
0.975152
1.189373
1.537925
1.097816
1.375867
2.633638
2.405784
1.563153
2.026990
0.899993
2.221260
1.629229
1.217877
1.760093
1.689176
1.366678
1.083067
1.199270
2.809145
1.107035
1.764456
1.891712
1.705927
1.706056
1.986060
1.064691
1.235348
1.928518
1.815627
1.863627
2.951092
2.077299
1.742664
1.887184
1.047023
1.088744
2.165885
1.229093
1.197168
1.429308
2.585528
1.166750
1.397507
0.948114
1.376695
1.447731
1.142285
1.248066
0.992993
1.399416
2.023448
1.137935
1.308841
1.575182
2.262774
1.142745
1.000575
1.792279
1.037977
1.850168
2.135973
0.880079
1.408488
1.114861
1.314505
0.996023
0.966301
1.294737
2.439917
1.737011
1.160923
1.210599
1.226369
0.847910
2.648746
1.160007
1.167483
1.574677
1.556645
1.588428
1.608369
1.133590
1.680774
0.984518
1.149348
1.117100
1.095392
1.685000
2.109457
1.207319
1.203822
1.376554
1.520783
0.959471
0.938013
1.671225
1.738310
1.541730
1.344470
2.480886
1.425021
1.412053
1.955159
1.584337
1.520783
2.884943
1.219932
0.982251
1.048035
1.253532
2.058347
0.890397
1.985993
1.172639
1.135564
0.810412
0.757190
1.228604
1.103922
1.224760
1.105971
1.394464
1.510081
2.344636
1.327767
0.872271
0.979294
1.048270
1.485321
1.031946
1.831353
1.469498
2.396489
2.598228
1.318032
2.191736
0.839081
1.766949
2.403417
1.882808
1.580941
1.775309
1.310601
1.779088
2.801397
1.217145
0.969358
1.407402
1.647834
2.818162
1.016123
1.462075
1.147587
1.978751
2.260417
2.228111
0.799724
1.654963
2.464053
2.067077
2.061939
1.841385
2.391683
1.307732
1.353957
0.866761
1.387995
2.357025
1.107645
1.246662
1.352716
2.019267
1.391442
1.770626
0.737958
1.598264
1.664136
1.803452
1.303276
0.940456
1.311954
2.092631
1.096637
1.356954
1.167632
1.113543
1.283472
1.062020
1.899109
1.162454
1.877918
1.916925
1.857693
2.073598
1.134340
2.066517
1.216191
0.591157
1.787071
1.318827
1.257338
1.911254
1.946536
2.039026
1.039480
1.367499
1.516097
1.260751
1.517861
2.052688
1.637432
1.014171
0.975902
1.706241
1.708510
1.820531
1.327323
1.582915
1.097333
1.767556
1.396804
1.695263
1.251639
1.957481
1.583366
1.592705
1.713253
1.025309
1.074761
1.760596
1.437282
1.591050
1.222677
1.878953
1.137051
1.637507
1.566084
0.846319
1.072878
1.871218
1.695738
1.531071
1.547737
1.126011
1.039362
0.961309
1.948116
1.165915
1.636237
1.364444
1.024739
0.652659
1.212511
1.328532
1.599335
1.293563
2.002784
0.754339
1.181404
1.610575
1.195133
1.069436
1.039076
2.663582
1.695375
1.169549
0.811630
0.570183
1.555195
1.464520
1.072411
1.958730
0.907144
1.205039
1.127635
1.469982
1.131513
1.777292
1.119610
0.737659
1.258672
0.827564
1.049972
1.073263
1.477852
0.918990
1.149294
0.771315
0.983389
0.277708
0.992903
0.846974
0.788705
1.197087
1.923332
1.481838
0.878567
0.880817
1.463397
1.679257
1.597622
1.373023
1.449738
1.963362
1.281402
1.542231
1.110962
1.460386
0.896533
1.039040
1.319964
1.685943
0.435960
0.922999
0.972185
1.376070
1.380695
0.886020
1.585260
1.219189
0.953338
1.308997
1.211954
0.787380
0.994773
1.191615
1.338117
0.921180
0.759400
0.894057
1.590687
0.911398
0.717388
1.861596
1.931128
0.948230
1.165206
1.110653
1.943524
0.991684
0.971244
1.453408
0.909991
1.627681
1.246827
1.788364
1.170401
2.017904
1.027414
1.899042
0.960567
1.097886
1.836758
1.307498
1.795151
0.894300
1.238995
1.123851
1.007647
0.890154
0.791097
1.297379
0.831980
1.364710
0.945237
0.868603
1.152534
1.055153
1.047430
0.949939
1.010304
1.009452
0.933830
2.004545
1.372491
1.740532
1.414431
1.168887
2.128258
1.433702
1.088622
2.022569
1.266182
1.043201
0.949856
1.467812
