5002 1 1
0.720921
0.722659
0.836161
0.836161
0.836161
0.722659
0.722659
0.722659
0.836161
0.836161
0.836047
0.720921
0.720921
0.722659
0.721243
0.720921
0.835961
0.836161
0.836161
0.722659
0.722659
0.722659
0.722659
0.722659
0.836161
0.836161
0.722659
0.722659
0.836161
0.836161
0.836161
0.836161
0.836161
0.836161
0.722659
0.722659
0.722659
0.836161
0.836161
0.836161
0.722659
0.836161
0.836161
0.836161
0.722659
0.722659
0.722659
0.836047
0.836047
0.836161
0.722659
0.722659
0.826944
0.807821
0.826944
0.722659
0.720921
0.721243
0.721243
0.722659
0.836161
0.836161
0.722659
0.836161
0.835961
0.836161
0.836161
0.836161
0.836161
0.722659
0.722659
0.836161
0.722659
0.722659
0.722659
0.836161
0.836161
0.722659
0.836161
0.722659
0.836161
0.722659
0.722659
0.836161
0.722659
0.722659
0.836161
0.836161
0.722659
0.722659
0.836047
0.722659
0.826609
0.836047
0.720632
0.722659
0.830704
0.720632
0.832008
0.807821
0.815761
0.832008
0.816636
0.816636
0.816636
0.716695
0.832899
0.720136
0.722659
0.719753
0.820487
0.836161
0.836161
0.832899
0.720136
0.722659
0.716695
0.833925
0.722659
0.836161
0.836161
0.722659
0.722659
0.722659
0.722659
0.722659
0.836161
0.722659
0.722659
0.836161
0.836161
0.836161
0.722659
0.722659
0.722659
0.722659
0.722659
0.722659
0.722659
0.722659
0.836161
0.836161
0.836161
0.836161
0.722659
0.836161
0.836161
0.836161
0.722659
0.722659
0.830552
0.722659
0.722659
0.832008
0.720632
0.720632
0.720632
0.720632
0.720632
0.836161
0.832008
0.720632
0.712790
0.818674
0.818674
0.712790
0.800460
0.816636
0.799546
0.800460
0.798973
0.800460
0.716695
0.716695
0.791806
0.804947
0.810047
0.719753
0.719753
0.716695
0.716695
0.716695
0.829371
0.829371
0.829371
0.719654
0.709368
0.820487
0.722659
0.720136
0.836161
0.722659
0.836161
0.722659
0.836161
0.836161
0.836161
0.836161
0.836161
0.836161
0.722659
0.836161
0.722659
0.836161
0.722659
0.722659
0.722659
0.722659
0.836161
0.722659
0.722659
0.836161
0.836161
0.722659
0.722659
0.836047
0.722659
0.836161
0.815761
0.712790
0.722659
0.836161
0.712790
0.719912
0.836161
0.832008
0.832008
0.712790
0.712790
0.818674
0.799546
0.708635
0.712790
0.702303
0.712790
0.702303
0.815761
0.799546
0.702303
0.798973
0.683599
0.702303
0.702303
0.800460
0.768323
0.770050
0.800460
0.769948
0.651023
0.688145
0.688145
0.810047
0.769948
0.804947
0.719753
0.696001
0.696001
0.719654
0.697340
0.791806
0.811247
0.833925
0.720136
0.720136
0.833925
0.832773
0.719654
0.709368
0.722659
0.719654
0.709368
0.836161
0.833925
0.836161
0.836161
0.836161
0.836161
0.836161
0.836161
0.836161
0.722659
0.722659
0.722659
0.722659
0.722659
0.836161
0.836161
0.836161
0.722659
0.722659
0.722659
0.836161
0.836161
0.836161
0.722659
0.722659
0.836161
0.836047
0.722659
0.719239
0.836047
0.722659
0.830758
0.815761
0.717606
0.712790
0.720632
0.720632
0.719239
0.708635
0.827614
0.815761
0.817993
0.812638
0.702303
0.712790
0.702303
0.797811
0.708635
0.699660
0.702303
0.770050
0.770050
0.799546
0.683599
0.683599
0.683599
0.768323
0.800460
0.770050
0.768323
0.768323
0.668127
0.772008
0.756301
0.756301
0.790434
0.675705
0.783251
0.790434
0.668127
0.810047
0.790434
0.811247
0.792734
0.712475
0.688145
0.791806
0.697340
0.772008
0.811247
0.712635
0.823527
0.823527
0.806528
0.820487
0.693453
0.719961
0.834851
0.722659
0.836161
0.832899
0.836161
0.836161
0.836161
0.836161
0.722659
0.722659
0.722659
0.836161
0.836161
0.722659
0.836161
0.722659
0.722659
0.722659
0.836161
0.722659
0.836161
0.722659
0.720632
0.720632
0.708635
0.820556
0.816832
0.830704
0.836161
0.719912
0.708635
0.715073
0.822589
0.801429
0.699660
0.798973
0.822589
0.806622
0.703050
0.703050
0.684879
0.702303
0.693447
0.693447
0.783607
0.783607
0.779229
0.745510
0.782566
0.745510
0.748213
0.782783
0.745510
0.629571
0.748036
0.709895
0.638031
0.748036
0.629571
0.756301
0.668127
0.629571
0.641853
0.737789
0.638031
0.675705
0.668127
0.679069
0.772008
0.679069
0.712635
0.712635
0.693453
0.655197
0.823527
0.806528
0.806528
0.721553
0.823527
0.719961
0.722134
0.836161
0.836161
0.722659
0.722659
0.836161
0.721553
0.722659
0.836161
0.722659
0.722659
0.836161
0.836161
0.836161
0.722659
0.722659
0.836161
0.836161
0.722659
0.722659
0.836161
0.836161
0.722659
0.836161
0.836161
0.722659
0.722659
0.722659
0.722659
0.722659
0.836161
0.720632
0.722659
0.720632
0.816832
0.722659
0.722659
0.722659
0.816832
0.836161
0.712790
0.712790
0.820556
0.703050
0.712790
0.806622
0.712790
0.705493
0.715073
0.703050
0.705493
0.705493
0.692700
0.806622
0.801429
0.702303
0.779229
0.691054
0.692700
0.691054
0.693447
0.749488
0.665406
0.693447
0.693447
0.693447
0.748213
0.749488
0.745510
0.745510
0.748213
0.748213
0.748213
0.590629
0.590629
0.599551
0.709895
0.606794
0.606794
0.638031
0.590629
0.720524
0.641853
0.695908
0.723794
0.720524
0.642707
0.629571
0.772008
0.792734
0.642707
0.679438
0.793611
0.712635
0.655197
0.823527
0.721553
0.693453
0.834125
0.820969
0.834851
0.836161
0.836161
0.834125
0.722659
0.721553
0.836161
0.836161
0.722659
0.722659
0.722659
0.836161
0.836161
0.836161
0.722659
0.836161
0.836161
0.722659
0.722659
0.722659
0.722659
0.830378
0.836161
0.722659
0.836161
0.722659
0.719912
0.719912
0.719912
0.707198
0.820556
0.801429
0.814628
0.779229
0.703050
0.707671
0.799094
0.783607
0.703050
0.691054
0.779229
0.737551
0.669610
0.665406
0.665406
0.692700
0.665406
0.749488
0.745510
0.745510
0.749488
0.748213
0.748213
0.695908
0.709895
0.709895
0.599551
0.599551
0.590629
0.590629
0.723794
0.695908
0.695908
0.737789
0.737789
0.760947
0.613861
0.569872
0.613861
0.655197
0.655197
0.799664
0.679702
0.679438
0.679438
0.693453
0.793611
0.820969
0.693453
0.832899
0.820969
0.820969
0.710453
0.720673
0.720673
0.834125
0.722659
0.722659
0.722659
0.722659
0.722659
0.722659
0.836161
0.836161
0.836161
0.722659
0.722659
0.836161
0.836161
0.722659
0.836161
0.836161
0.722659
0.722659
0.836161
0.722659
0.836161
0.722659
0.835172
0.830378
0.722659
0.722659
0.830378
0.814628
0.707198
0.713488
0.722659
0.713488
0.698046
0.712790
0.705493
0.814628
0.703050
0.689761
0.783607
0.777375
0.814628
0.692700
0.692700
0.789005
0.695368
0.691054
0.783607
0.671965
0.665406
0.669610
0.749488
0.749488
0.665406
0.669610
0.665406
0.745510
0.749488
0.669610
0.621406
0.681394
0.689931
0.689931
0.689034
0.705275
0.708280
0.556333
0.678774
0.606794
0.590629
0.600126
0.556333
0.669921
0.695908
0.606794
0.569872
0.735229
0.731784
0.588836
0.695908
0.642707
0.770684
0.613861
0.799664
0.799664
0.820969
0.820969
0.834125
0.827444
0.716749
0.722134
0.719961
0.836161
0.722659
0.836161
0.722659
0.836161
0.722659
0.722659
0.722659
0.836161
0.836161
0.722659
0.722659
0.836161
0.722659
0.722659
0.722659
0.722659
0.836161
0.836161
0.836161
0.722659
0.722659
0.836161
0.722659
0.722659
0.722659
0.836161
0.836161
0.836161
0.836161
0.836161
0.722659
0.722659
0.722659
0.836161
0.835172
0.836161
0.722659
0.836161
0.722659
0.722659
0.718378
0.715752
0.834902
0.836161
0.722659
0.718378
0.831676
0.814628
0.712790
0.701978
0.715073
0.716196
0.824787
0.803473
0.814823
0.820556
0.777375
0.693447
0.753898
0.671965
0.671965
0.754398
0.641693
0.621406
0.754398
0.639702
0.705275
0.639702
0.639702
0.689931
0.708779
0.568805
0.556333
0.669921
0.669921
0.687130
0.710478
0.720524
0.693153
0.556333
0.614367
0.588836
0.588836
0.735229
0.735229
0.653834
0.642707
0.588836
0.735229
0.770684
0.769725
0.688689
0.827444
0.799664
0.794250
0.710895
0.836161
0.820769
0.710895
0.710895
0.722659
0.722659
0.722659
0.722659
0.722659
0.836161
0.836161
0.836161
0.722659
0.722659
0.722659
0.836161
0.836161
0.836161
0.722659
0.722659
0.722659
0.836161
0.836161
0.836161
0.836161
0.722659
0.836161
0.836161
0.836161
0.836161
0.722659
0.722659
0.836161
0.718378
0.715752
0.722659
0.828610
0.828610
0.814823
0.828610
0.814823
0.715986
0.820556
0.705622
0.701978
0.817963
0.705493
0.803473
0.701978
0.782323
0.687398
0.753898
0.753898
0.666841
0.670673
0.671965
0.782323
0.755129
0.671420
0.634233
0.639702
0.705275
0.708280
0.681394
0.708779
0.639702
0.708779
0.678774
0.568805
0.568805
0.568805
0.678774
0.669921
0.573504
0.573504
0.556333
0.687130
0.616710
0.731784
0.735229
0.733686
0.618089
0.654709
0.621045
0.769725
0.769725
0.769725
0.654709
0.629013
0.654709
0.707073
0.820769
0.820769
0.834851
0.817421
0.721070
0.836161
0.834851
0.722659
0.836161
0.836161
0.836161
0.722659
0.722659
0.836161
0.836161
0.722659
0.836161
0.836161
0.722659
0.836161
0.836161
0.722659
0.722659
0.836161
0.722659
0.836161
0.836161
0.722659
0.833868
0.836161
0.722659
0.722659
0.722659
0.722659
0.722659
0.828610
0.718378
0.836161
0.814823
0.828610
0.836161
0.836161
0.716196
0.824451
0.707671
0.701978
0.797937
0.701978
0.810267
0.824787
0.707671
0.701978
0.663290
0.754398
0.789005
0.670673
0.737551
0.754398
0.671965
0.705275
0.705275
0.671420
0.634233
0.703196
0.708280
0.641693
0.641693
0.641693
0.639702
0.639702
0.708280
0.588311
0.708779
0.588311
0.634121
0.678774
0.556333
0.556333
0.687130
0.652102
0.693552
0.565443
0.565443
0.687130
0.693153
0.588836
0.540965
0.701073
0.735229
0.616710
0.738852
0.629013
0.682517
0.682517
0.794250
0.836161
0.834851
0.722659
0.722659
0.836161
0.722659
0.722659
0.722659
0.722659
0.836161
0.836161
0.836161
0.722659
0.722659
0.836161
0.722659
0.836161
0.836161
0.836161
0.722659
0.722659
0.722659
0.722659
0.722659
0.722659
0.836161
0.836161
0.836161
0.722659
0.836161
0.836161
0.836161
0.836161
0.722659
0.833868
0.715284
0.819576
0.722659
0.705622
0.722659
0.812013
0.814823
0.705622
0.814823
0.797937
0.707671
0.810267
0.783607
0.789005
0.789005
0.775667
0.789005
0.663290
0.670673
0.754398
0.670673
0.639367
0.634233
0.708315
0.703196
0.639367
0.639367
0.715103
0.595018
0.573530
0.634121
0.634121
0.649380
0.649380
0.708280
0.588311
0.588311
0.531608
0.520798
0.520798
0.652102
0.573504
0.669921
0.693153
0.700195
0.573504
0.738852
0.735229
0.616710
0.616710
0.738852
0.738852
0.597172
0.588836
0.654709
0.661022
0.771284
0.710478
0.794250
0.658042
0.688571
0.688571
0.794250
0.717306
0.710895
0.827700
0.710895
0.827700
0.820769
0.721070
0.722659
0.722659
0.836161
0.836161
0.836161
0.722659
0.836161
0.722659
0.722659
0.836161
0.836161
0.722659
0.722659
0.722659
0.836161
0.722659
0.722659
0.722659
0.836161
0.836161
0.836161
0.836161
0.836161
0.836161
0.722659
0.722659
0.722659
0.722659
0.836161
0.836161
0.836161
0.836161
0.722659
0.722659
0.722659
0.715284
0.835285
0.825584
0.716196
0.824787
0.836161
0.705622
0.716196
0.681657
0.699636
0.695368
0.810267
0.810267
0.810267
0.797937
0.789005
0.687398
0.754398
0.753898
0.673850
0.648548
0.695982
0.648548
0.695982
0.716929
0.639367
0.634233
0.648548
0.716929
0.601223
0.601223
0.716929
0.609500
0.669761
0.649380
0.669570
0.664823
0.664823
0.649380
0.669761
0.642983
0.633808
0.581154
0.624529
0.680347
0.658642
0.581154
0.700195
0.700195
0.553418
0.581154
0.700195
0.621045
0.739586
0.739586
0.777025
0.769725
0.629013
0.833699
0.721652
0.826423
0.836161
0.715280
0.836161
0.722659
0.721652
0.836161
0.836161
0.722659
0.836161
0.836161
0.836161
0.722659
0.836161
0.836161
0.722659
0.836161
0.722659
0.722659
0.836161
0.836161
0.722659
0.836161
0.836161
0.835285
0.836161
0.722659
0.720632
0.722659
0.716665
0.716665
0.722659
0.824451
0.709375
0.709375
0.716196
0.803473
0.707671
0.707671
0.707671
0.810267
0.810267
0.707671
0.790008
0.781087
0.790008
0.781087
0.759192
0.790008
0.750043
0.781087
0.716929
0.716929
0.648548
0.646919
0.609500
0.610625
0.609801
0.664823
0.609801
0.609801
0.669570
0.609801
0.609801
0.586576
0.454512
0.417725
0.469810
0.469810
0.469810
0.590482
0.590482
0.642983
0.652102
0.531608
0.576389
0.531608
0.520798
0.531608
0.642983
0.652102
0.565443
0.520798
0.565443
0.680347
0.581154
0.581154
0.553418
0.700195
0.553418
0.701073
0.739586
0.739586
0.739586
0.771284
0.638765
0.645027
0.638765
0.771284
0.688571
0.771284
0.717306
0.826423
0.815143
0.836161
0.722659
0.836161
0.836161
0.836161
0.836161
0.836161
0.722659
0.722659
0.722659
0.722659
0.836161
0.836161
0.836161
0.722659
0.722659
0.722659
0.722659
0.722659
0.722659
0.722659
0.722659
0.836161
0.836161
0.836161
0.722659
0.836161
0.836161
0.836161
0.720632
0.722659
0.720632
0.825584
0.716665
0.722659
0.794477
0.699636
0.709375
0.824787
0.824787
0.810267
0.810267
0.810267
0.707671
0.810267
0.695646
0.695646
0.750043
0.759192
0.790008
0.666873
0.673850
0.759192
0.672274
0.715103
0.750043
0.665374
0.715103
0.610625
0.601223
0.609801
0.610625
0.664823
0.669761
0.669761
0.400510
0.547717
0.590482
0.600049
0.590482
0.590482
0.590482
0.573183
0.590482
0.531608
0.633615
0.469810
0.600049
0.642983
0.600049
0.520798
0.520798
0.642983
0.652102
0.652102
0.581154
0.658642
0.570455
0.531608
0.680347
0.633615
0.700195
0.680347
0.700195
0.701608
0.700195
0.584265
0.553418
0.565443
0.621670
0.701073
0.700195
0.621670
0.621670
0.738852
0.738852
0.621045
0.739586
0.621045
0.744057
0.773884
0.638765
0.801469
0.828984
0.801469
0.715280
0.714766
0.711089
0.815143
0.715280
0.721652
0.711089
0.722134
0.834851
0.836161
0.836161
0.836161
0.836161
0.836161
0.836161
0.722659
0.722659
0.836161
0.836161
0.836161
0.722659
0.722659
0.722659
0.722659
0.722659
0.836161
0.722659
0.720632
0.836161
0.722659
0.836161
0.812013
0.824787
0.812013
0.812013
0.812013
0.705493
0.794477
0.810267
0.771983
0.681657
0.681657
0.790008
0.681657
0.739639
0.750043
0.673850
0.646532
0.716929
0.708315
0.648548
0.601223
0.609500
0.609500
0.664823
0.664823
0.665374
0.558206
0.609801
0.539255
0.598352
0.669570
0.598352
0.430055
0.454512
0.411258
0.539744
0.430055
0.487543
0.481207
0.600049
0.487543
0.536144
0.462118
0.454512
0.508228
0.652002
0.608094
0.573183
0.638658
0.633615
0.536144
0.527746
0.520798
0.498963
0.638658
0.527746
0.527746
0.652002
0.536144
0.531608
0.581154
0.536144
0.642983
0.570455
0.692784
0.589996
0.680347
0.597172
0.701608
0.680347
0.680347
0.738852
0.745309
0.621045
0.745309
0.777564
0.658042
0.658042
0.645027
0.796640
0.720573
0.663032
0.658042
0.685239
0.771284
0.658042
0.718403
0.718403
0.801469
0.722134
0.836161
0.834851
0.722659
0.836161
0.836161
0.722659
0.722659
0.836161
0.836161
0.836161
0.836161
0.722659
0.836161
0.836161
0.836161
0.722659
0.836161
0.836161
0.722659
0.722659
0.722659
0.836161
0.836161
0.836161
0.722659
0.722659
0.833695
0.722659
0.720632
0.831676
0.722659
0.722659
0.818067
0.722659
0.824787
0.705493
0.715284
0.716196
0.705493
0.824787
0.810267
0.705493
0.797427
0.707671
0.810267
0.695646
0.769435
0.662318
0.681657
0.662318
0.658417
0.673850
0.673850
0.708315
0.669385
0.646532
0.708315
0.665374
0.609500
0.614217
0.600108
0.574348
0.554334
0.557746
0.664823
0.586576
0.571369
0.574348
0.616230
0.616230
0.411258
0.400510
0.559374
0.430055
0.411258
0.608094
0.608094
0.487543
0.652002
0.508228
0.536144
0.536144
0.508228
0.638658
0.622627
0.527746
0.508228
0.652002
0.652002
0.580097
0.658642
0.583703
0.583703
0.699060
0.583703
0.583703
0.692784
0.684842
0.699060
0.570455
0.570455
0.684842
0.684842
0.601520
0.559385
0.740579
0.745309
0.628716
0.628716
0.740579
0.628854
0.761644
0.645027
0.777564
0.661022
0.665303
0.695429
0.773884
0.773884
0.804865
0.688571
0.685239
0.645027
0.804865
0.804865
0.688571
0.695429
0.718403
0.714766
0.722134
0.722134
0.836161
0.836161
0.836161
0.836161
0.836161
0.836161
0.836161
0.722659
0.722659
0.722659
0.722659
0.722659
0.836161
0.836161
0.722659
0.722659
0.722659
0.722659
0.722659
0.836161
0.836161
0.722659
0.722659
0.836161
0.715284
0.836161
0.836161
0.818067
0.805349
0.716196
0.824787
0.824787
0.716196
0.716196
0.813302
0.707671
0.771983
0.797427
0.707671
0.707671
0.810267
0.707671
0.810267
0.790008
0.674440
0.695646
0.790008
0.712258
0.739639
0.645732
0.645732
0.759192
0.758858
0.717867
0.642668
0.712258
0.739639
0.712258
0.669385
0.679851
0.669385
0.669385
0.616927
0.616927
0.678367
0.616927
0.679851
0.574348
0.574348
0.618568
0.571369
0.608028
0.618568
0.411258
0.411258
0.543808
0.559374
0.559374
0.559374
0.608094
0.612224
0.622627
0.577033
0.577610
0.652002
0.652002
0.622627
0.622627
0.559385
0.638658
0.692784
0.652002
0.638658
0.527746
0.570455
0.684842
0.580097
0.580097
0.580097
0.570455
0.692784
0.692784
0.699060
0.699060
0.684842
0.692784
0.701608
0.699060
0.692784
0.684842
0.699060
0.725912
0.628716
0.628716
0.628716
0.778065
0.745309
0.665827
0.665303
0.665303
0.725912
0.663032
0.685239
0.645027
0.773884
0.695429
0.695429
0.718403
0.788665
0.788665
0.830556
0.824347
0.836161
0.836161
0.836161
0.722659
0.722659
0.722659
0.722659
0.722659
0.836161
0.836161
0.836161
0.722659
0.722659
0.722659
0.722659
0.722659
0.836161
0.836161
0.836161
0.722659
0.722659
0.722659
0.836161
0.722659
0.833695
0.836161
0.836161
0.836161
0.836161
0.836161
0.818067
0.836161
0.836161
0.836161
0.836161
0.824787
0.722659
0.716196
0.716196
0.824787
0.707671
0.810267
0.707671
0.707671
0.695646
0.810267
0.790008
0.759192
0.662318
0.684042
0.673850
0.739639
0.771983
0.673850
0.695646
0.790008
0.673850
0.647665
0.649295
0.620583
0.619293
0.557746
0.608028
0.557746
0.614217
0.575952
0.574348
0.571369
0.616230
0.571369
0.571369
0.616230
0.372416
0.496635
0.489523
0.543808
0.416104
0.543808
0.543808
0.529381
0.543808
0.487543
0.462118
0.577033
0.487543
0.538282
0.536144
0.487543
0.491038
0.462118
0.659326
0.558949
0.536144
0.638658
0.559385
0.559385
0.684842
0.684842
0.570455
0.570455
0.570455
0.580097
0.580097
0.583703
0.692784
0.699060
0.699060
0.699060
0.579295
0.570455
0.580097
0.740579
0.740579
0.735561
0.601520
0.725912
0.725912
0.740579
0.601520
0.740579
0.778065
0.665827
0.778065
0.777564
0.663032
0.685239
0.788994
0.695429
0.834851
0.722134
0.714766
0.834851
0.836161
0.722134
0.722659
0.836161
0.836161
0.836161
0.722659
0.836161
0.836161
0.836161
0.722659
0.836161
0.836161
0.836161
0.722659
0.836161
0.836161
0.836161
0.836161
0.722659
0.722659
0.836161
0.836161
0.722659
0.722659
0.836161
0.722659
0.836161
0.836161
0.836161
0.824388
0.722659
0.722659
0.722659
0.836161
0.836161
0.836161
0.836161
0.722659
0.722659
0.722659
0.722659
0.836161
0.722659
0.818067
0.836161
0.715284
0.715284
0.824787
0.824787
0.836161
0.716196
0.722659
0.705493
0.824787
0.824787
0.824787
0.824787
0.824787
0.810267
0.707671
0.810267
0.707671
0.810267
0.695646
0.790008
0.790008
0.759192
0.790008
0.759192
0.759192
0.662726
0.647925
0.649295
0.722492
0.722492
0.705851
0.616927
0.678367
0.669385
0.669385
0.669385
0.669385
0.607858
0.621593
0.574348
0.557746
0.614217
0.608028
0.608028
0.608028
0.571369
0.583943
0.574348
0.608028
0.616230
0.616230
0.618568
0.616230
0.496635
0.430055
0.496635
0.444658
0.559374
0.442214
0.444658
0.411258
0.416104
0.411258
0.606856
0.612224
0.659326
0.616038
0.491038
0.658642
0.684508
0.684842
0.652002
0.692784
0.684508
0.624311
0.629712
0.615469
0.573903
0.602342
0.558949
0.732140
0.734545
0.734545
0.725912
0.703044
0.741372
0.602342
0.778065
0.740579
0.665303
0.685239
0.806218
0.777564
0.697053
0.689093
0.646355
0.695611
0.803539
0.695429
0.803539
0.804865
0.804865
0.804865
0.826060
0.718403
0.719908
0.804865
0.716011
0.722659
0.836161
0.836161
0.722659
0.722659
0.836161
0.836161
0.836161
0.722659
0.722659
0.722659
0.722659
0.722659
0.836161
0.836161
0.836161
0.722659
0.722659
0.836161
0.836161
0.833808
0.722659
0.722659
0.836161
0.722659
0.836161
0.713149
0.722659
0.836161
0.836161
0.836161
0.836161
0.836161
0.722659
0.819582
0.722659
0.722659
0.824787
0.818067
0.722659
0.722659
0.785224
0.707671
0.824787
0.716196
0.707671
0.810267
0.810267
0.693778
0.693778
0.707671
0.788710
0.810267
0.707671
0.695646
0.810267
0.695646
0.695646
0.695646
0.695646
0.695646
0.790008
0.790008
0.790008
0.790008
0.790008
0.673850
0.759192
0.790008
0.771983
0.758601
0.695646
0.759192
0.790008
0.674440
0.705851
0.729176
0.720946
0.705851
0.740496
0.720946
0.681327
0.614452
0.619079
0.647925
0.722492
0.619293
0.614217
0.586879
0.625197
0.574348
0.608028
0.614217
0.586479
0.565275
0.376720
0.533579
0.435206
0.444658
0.416104
0.416104
0.577610
0.560844
0.560844
0.491038
0.608094
0.491038
0.579295
0.536144
0.669417
0.695841
0.669417
0.695841
0.579295
0.695841
0.579295
0.573903
0.573903
0.623813
0.629712
0.623813
0.615469
0.725497
0.695841
0.623813
0.629712
0.623813
0.615469
0.615469
0.602342
0.615469
0.741372
0.741372
0.741372
0.623813
0.615469
0.734545
0.734545
0.745357
0.664001
0.615469
0.725497
0.761644
0.764366
0.773252
0.665827
0.629712
0.623813
0.657724
0.646355
0.665827
0.778065
0.778065
0.665827
0.665827
0.775466
0.777564
0.697053
0.646355
0.695611
0.719942
0.689093
0.719942
0.720145
0.719908
0.830498
0.722659
0.719908
0.722659
0.836161
0.722659
0.836161
0.722659
0.836161
0.836161
0.722659
0.722659
0.722659
0.722659
0.722659
0.722659
0.722659
0.722659
0.836161
0.836161
0.836161
0.836161
0.836161
0.836161
0.722659
0.722659
0.722659
0.836161
0.836161
0.833808
0.833808
0.836161
0.722659
0.716196
0.836161
0.716196
0.807022
0.693264
0.824787
0.810267
0.790008
0.810267
0.695646
0.790008
0.785224
0.695646
0.790008
0.674440
0.695646
0.695646
0.790008
0.758601
0.758601
0.654832
0.695646
0.695646
0.790008
0.790008
0.790008
0.790008
0.729176
0.662726
0.759192
0.759192
0.705321
0.705321
0.640016
0.681327
0.619079
0.616927
0.672662
0.614904
0.620583
0.568850
0.625197
0.586479
0.569694
0.618568
0.625197
0.625197
0.565275
0.569694
0.569694
0.376720
0.376720
0.360987
0.360987
0.376720
0.506660
0.533579
0.533579
0.559374
0.560844
0.559374
0.491038
0.616038
0.491038
0.579295
0.579295
0.695841
0.579295
0.579295
0.695841
0.734545
0.615469
0.558949
0.684508
0.602342
0.725497
0.725497
0.734545
0.725497
0.602342
0.734545
0.623813
0.664001
0.615469
0.615469
0.602342
0.615469
0.773252
0.745357
0.745357
0.646355
0.646355
0.725497
0.773252
0.741372
0.745357
0.665827
0.665827
0.629712
0.664001
0.629712
0.664001
0.646355
0.761644
0.778065
0.778065
0.806218
0.803539
0.803539
0.719942
0.830498
0.836161
0.722659
0.836161
0.836161
0.836161
0.722659
0.722659
0.722659
0.722659
0.836161
0.836161
0.722659
0.833808
0.836161
0.836161
0.836161
0.836161
0.722659
0.722659
0.836161
0.836161
0.722659
0.836161
0.836161
0.812395
0.824388
0.824388
0.722659
0.722659
0.836161
0.722659
0.836161
0.836161
0.836161
0.722659
0.824787
0.836161
0.716196
0.797398
0.716196
0.716196
0.824787
0.810267
0.810267
0.810267
0.672774
0.707671
0.695646
0.695646
0.695646
0.758601
0.695646
0.695646
0.790008
0.673850
0.759192
0.790008
0.759192
0.673850
0.673850
0.673850
0.647925
0.647925
0.647925
0.664833
0.619079
0.664833
0.583536
0.619079
0.619079
0.678367
0.568850
0.568850
0.616746
0.616746
0.616746
0.625197
0.586479
0.586479
0.586479
0.616746
0.616746
0.625197
0.529137
0.559926
0.565275
0.569694
0.360987
0.496635
0.496635
0.496635
0.376720
0.435206
0.560844
0.444658
0.431632
0.560844
0.560844
0.598935
0.491038
0.491038
0.461756
0.538282
0.579295
0.695841
0.579295
0.698382
0.602342
0.598260
0.734545
0.773252
0.734545
0.743243
0.776715
0.778065
0.623164
0.615469
0.646355
0.657724
0.764366
0.776715
0.664001
0.646355
0.764366
0.773252
0.776715
0.776715
0.665827
0.665827
0.664001
0.750284
0.764366
0.764366
0.776715
0.778065
0.778065
0.665827
0.776715
0.778065
0.778065
0.830498
0.803539
0.722659
0.830498
0.722659
0.836161
0.722659
0.722659
0.836161
0.836161
0.836161
0.833699
0.836161
0.836161
0.833202
0.836161
0.836161
0.836161
0.722659
0.836161
0.722659
0.836161
0.722659
0.722659
0.836161
0.722659
0.722659
0.722659
0.713149
0.722659
0.722659
0.722659
0.716196
0.716196
0.707671
0.707671
0.716196
0.707671
0.707671
0.810267
0.790008
0.695646
0.787530
0.672774
0.670929
0.695646
0.759192
0.758601
0.695646
0.695646
0.759192
0.673850
0.673850
0.673850
0.759192
0.759192
0.759192
0.790008
0.673850
0.640016
0.643931
0.640665
0.640665
0.613656
0.660227
0.616879
0.616879
0.672662
0.616746
0.568850
0.583943
0.583943
0.616746
0.538435
0.529137
0.529137
0.565275
0.360987
0.376720
0.376720
0.496635
0.418819
0.416104
0.496635
0.549979
0.549979
0.555663
0.431632
0.555663
0.416104
0.487199
0.555663
0.609346
0.626172
0.624729
0.574313
0.669417
0.669417
0.623164
0.623813
0.722208
0.665390
0.725497
0.763128
0.773252
0.764366
0.665827
0.664001
0.764366
0.763128
0.665827
0.764366
0.763128
0.776715
0.665827
0.645487
0.763128
0.777495
0.689504
0.806818
0.697053
0.689093
0.806218
0.805464
0.828783
0.722659
0.722659
0.836161
0.836161
0.722659
0.722659
0.722659
0.836161
0.833202
0.721235
0.722659
0.836161
0.836161
0.722659
0.836161
0.722659
0.722659
0.722659
0.722659
0.833808
0.722659
0.722659
0.824013
0.824013
0.836161
0.722659
0.722659
0.836161
0.722659
0.836161
0.722659
0.722659
0.836161
0.836161
0.836161
0.836161
0.836161
0.836161
0.722659
0.716196
0.824787
0.824787
0.836161
0.811421
0.797398
0.824787
0.716196
0.810267
0.824787
0.722659
0.707671
0.693264
0.810267
0.808576
0.810267
0.808576
0.695646
0.695646
0.707671
0.810267
0.810267
0.787530
0.670929
0.787530
0.758601
0.695646
0.756941
0.695646
0.673850
0.661394
0.755525
0.720189
0.757233
0.662726
0.638435
0.647748
0.673850
0.673850
0.673850
0.759192
0.640016
0.649295
0.720146
0.705321
0.739781
0.720146
0.649295
0.705321
0.722492
0.700186
0.664833
0.647177
0.618872
0.720946
0.672914
0.681327
0.676030
0.613152
0.613152
0.619079
0.613656
0.616746
0.620583
0.613152
0.618790
0.672914
0.586879
0.614904
0.614904
0.569694
0.569430
0.538435
0.524761
0.569694
0.431632
0.549979
0.549979
0.431632
0.418819
0.534608
0.531672
0.487199
0.538282
0.578196
0.654904
0.624729
0.667434
0.659326
0.531672
0.531672
0.531672
0.574313
0.734545
0.743243
0.722208
0.725497
0.743243
0.743243
0.763128
0.645487
0.645487
0.763128
0.665827
0.763128
0.763128
0.763128
0.763128
0.763128
0.777526
0.665827
0.665827
0.665827
0.645487
0.777526
0.777495
0.777526
0.777495
0.697053
0.665459
0.665827
0.696882
0.692845
0.696882
0.805464
0.788994
0.805464
0.718506
0.718506
0.828783
0.722659
0.836161
0.722659
0.836161
0.836161
0.836161
0.836161
0.836161
0.722659
0.722659
0.722659
0.722659
0.722659
0.718058
0.722659
0.722659
0.722659
0.722659
0.722659
0.722659
0.836161
0.722659
0.836161
0.836161
0.824787
0.836161
0.836161
0.836161
0.836161
0.722659
0.716196
0.722659
0.824787
0.795955
0.707671
0.701227
0.707671
0.707671
0.772998
0.695646
0.754378
0.787530
0.754378
0.670929
0.695646
0.672171
0.754378
0.652340
0.755525
0.652340
0.672171
0.673850
0.728359
0.728359
0.638435
0.672171
0.720189
0.640005
0.647748
0.640005
0.640665
0.720146
0.613656
0.618872
0.676030
0.618394
0.672914
0.676030
0.618872
0.588984
0.676030
0.572894
0.581528
0.583943
0.616746
0.625197
0.631590
0.625743
0.431632
0.431632
0.431632
0.431632
0.431632
0.555663
0.549979
0.418819
0.534608
0.598935
0.549979
0.555663
0.487199
0.461861
0.418819
0.418819
0.598935
0.461861
0.487199
0.487199
0.647673
0.531672
0.647673
0.507703
0.691288
0.623164
0.550199
0.777526
0.763128
0.645487
0.777495
0.776212
0.776212
0.763128
0.806818
0.805464
0.828783
0.828783
0.830995
0.719908
0.828783
0.722659
0.722659
0.722659
0.722659
0.722659
0.828783
0.722659
0.836161
0.835009
0.836161
0.836161
0.722659
0.722659
0.836161
0.722659
0.836161
0.836161
0.836161
0.718058
0.713020
0.722659
0.836161
0.811421
0.795955
0.713020
0.713020
0.836161
0.722659
0.722659
0.716196
0.722659
0.824787
0.696761
0.823654
0.824787
0.795955
0.707671
0.716196
0.808576
0.772998
0.692400
0.707671
0.707671
0.707671
0.808576
0.670929
0.790008
0.695646
0.695646
0.673850
0.695646
0.790008
0.673850
0.672171
0.755525
0.755525
0.728359
0.728359
0.661394
0.647748
0.720189
0.700186
0.647748
0.647748
0.618872
0.618872
0.660227
0.613656
0.666549
0.666549
0.618394
0.625743
0.614904
0.581528
0.591547
0.618790
0.589992
0.534255
0.625743
0.559926
0.559926
0.569430
0.431632
0.549979
0.549979
0.549979
0.487199
0.487199
0.477649
0.578196
0.598935
0.487199
0.458608
0.461861
0.461861
0.647673
0.531672
0.531672
0.531672
0.623164
0.733689
0.574313
0.733689
0.691288
0.743243
0.743243
0.665390
0.623164
0.623164
0.777526
0.777526
0.665827
0.645487
0.790379
0.799175
0.777526
0.777526
0.806064
0.697053
0.689504
0.689504
0.799175
0.697053
0.697053
0.806818
0.806818
0.806818
0.823509
0.805464
0.825892
0.802595
0.805464
0.830995
0.830498
0.830995
0.718506
0.718506
0.720325

0.718506
0.722659
0.836161
0.836161
0.836161
0.833202
0.722659
0.824013
0.833808
0.718058
0.722659
0.718058
0.836161
0.836161
0.722659
0.722659
0.722659
0.836161
0.836161
0.716196
0.722659
0.701227
0.713020
0.706382
0.686363
0.707671
0.808576
0.808576
0.764292
0.692400
0.695646
0.790008
0.735415
0.738317
0.738317
0.790008
0.755525
0.728359
0.728359
0.655121
0.632423
0.647177
0.691580
0.640005
0.647177
0.613656
0.618872
0.618872
0.618872
0.676030
0.618872
0.676030
0.588984
0.621169
0.591547
0.581528
0.618872
0.618872
0.625743
0.591547
0.625743
0.589992
0.591547
0.559926
0.559926
0.549979
0.474246
0.545190
0.578196
0.588050
0.486181
0.477649
0.598935
0.461861
0.620098
0.620098
0.571589
0.574313
0.574313
0.691288
0.686272
0.616885
0.662485
0.665390
0.664451
0.746308
0.747592
0.685767
0.777526
0.696882
0.777495
0.806818
0.804521
0.806064
0.804521
0.719908
0.694291
0.696882
0.830498
0.718506
0.720325
0.722659
0.722659
0.830995
0.722659
0.722659
0.836161
0.836161
0.722659
0.836161
0.836161
0.722659
0.836161
0.836161
0.833808
0.826002
0.813817
0.711445
0.722659
0.836161
0.722659
0.722659
0.836161
0.836161
0.811421
0.722659
0.836161
0.824787
0.836161
0.824787
0.798791
0.696761
0.716196
0.824787
0.716196
0.707671
0.707671
0.819674
0.810267
0.809478
0.795955
0.692400
0.809478
0.692400
0.686363
0.695646
0.790008
0.785890
0.670929
0.661394
0.639046
0.720146
0.691580
0.716266
0.638435
0.647177
0.676030
0.613952
0.588984
0.584613
0.626846
0.626846
0.676030
0.588984
0.585561
0.584861
0.627035
0.631590
0.631590
0.534255
0.631590
0.632442
0.588050
0.474246
0.574458
0.458608
0.588050
0.588050
0.588050
0.519247
0.474246
0.645062
0.588050
0.599445
0.519247
0.519247
0.501722
0.501722
0.519247
0.567259
0.647673
0.567259
0.653396
0.616885
0.616885
0.725782
0.787725
0.664451
0.775204
0.775204
0.664451
0.695928
0.695928
0.695928
0.836161
0.836161
0.722177
0.836161
0.826219
0.722177
0.722659
0.722659
0.836161
0.836161
0.836161
0.836161
0.722659
0.722659
0.722659
0.836161
0.722659
0.722659
0.813817
0.813817
0.836161
0.836161
0.836161
0.836161
0.722659
0.798791
0.813817
0.722659
0.771914
0.798791
0.795955
0.716196
0.716196
0.790906
0.819674
0.707671
0.707671
0.686363
0.692400
0.666662
0.666662
0.735415
0.735415
0.695646
0.670929
0.666662
0.790008
0.699242
0.749199
0.785890
0.699242
0.673850
0.715312
0.755525
0.681381
0.632423
0.638435
0.632423
0.681381
0.638435
0.638435
0.712939
0.700186
0.612250
0.655391
0.669112
0.591547
0.627035
0.627035
0.623245
0.627035
0.623245
0.585561
0.585561
0.588050
0.501722
0.637396
0.501722
0.519247
0.519247
0.620098
0.519247
0.663555
0.645062
0.550199
0.501722
0.667434
0.725782
0.662485
0.725782
0.662485
0.662485
0.775204
0.662485
0.806818
0.696882
0.806064
0.719908
0.719908
0.719908
0.719908
0.722659
0.722659
0.830498
0.835009
0.835009
0.722659
0.722177
0.722659
0.722659
0.835009
0.721235
0.836161
0.835009
0.829509
0.836161
0.836161
0.834684
0.826002
0.834684
0.836161
0.836161
0.836161
0.722659
0.722659
0.722659
0.836161
0.834369
0.798791
0.722659
0.836161
0.836161
0.716196
0.716196
0.701227
0.696761
0.806421
0.806421
0.806421
0.707671
0.764292
0.693542
0.707671
0.693542
0.785890
0.785890
0.785890
0.646427
0.646427
0.652340
0.749199
0.667550
0.749199
0.749199
0.639046
0.667550
0.667550
0.639046
0.681381
0.632423
0.612250
0.669153
0.634704
0.612296
0.607965
0.612296
0.612296
0.612296
0.583458
0.612250
0.666549
0.584861
0.583458
0.669112
0.617364
0.623245
0.621169
0.627035
0.637396
0.637396
0.637396
0.519247
0.501722
0.637396
0.567259
0.550199
0.550199
0.550199
0.686272
0.767175
0.609641
0.662485
0.696882
0.806818
0.694291
0.696882
0.806064
0.804521
0.804521
0.719908
0.719908
0.719908
0.823509
0.836161
0.823509
0.818199
0.836161
0.835009
0.722659
0.835009
0.833202
0.835009
0.835009
0.836161
0.836161
0.836161
0.722659
0.836161
0.836161
0.722659
0.722659
0.722659
0.836161
0.711445
0.714759
0.834369
0.722659
0.834369
0.722659
0.831350
0.722659
0.834369
0.791040
0.696761
0.696761
0.819674
0.716196
0.716196
0.819674
0.817239
0.771914
0.790906
0.764292
0.764292
0.686363
0.681768
0.764292
0.809478
0.809478
0.723053
0.666662
0.646427
0.716266
0.655121
0.715312
0.715312
0.716266
0.632423
0.627024
0.639046
0.665244
0.671313
0.696680
0.669153
0.687574
0.655391
0.612296
0.612250
0.655391
0.655391
0.612296
0.669153
0.627035
0.669153
0.666549
0.662727
0.669153
0.617364
0.654133
0.613952
0.612250
0.623245
0.584861
0.627035
0.584861
0.585561
0.584861
0.637396
0.637396
0.668582
0.679593
0.542618
0.668582
0.554597
0.663555
0.697597
0.542618
0.590466
0.663555
0.721730
0.725782
0.686272
0.599880
0.590466
0.596351
0.567259
0.767175
0.645478
0.645478
0.767175
0.599880
0.761066
0.696882
0.692654
0.640605
0.695928
0.694291
0.717813
0.803425
0.803425
0.806818
0.802595
0.692706
0.823509
0.717834
0.722659
0.722339
0.722339
0.722659
0.836161
0.836161
0.722659
0.722659
0.722659
0.836161
0.836161
0.836161
0.722659
0.722659
0.722339
0.708178
0.722339
0.722659
0.819674
0.819674
0.764293
0.707671
0.714759
0.716196
0.706382
0.706382
0.756003
0.785890
0.806017
0.756003
0.660793
0.695646
0.695646
0.699242
0.749199
0.660793
0.742062
0.681381
0.662135
0.640005
0.612296
0.606415
0.610945
0.610945
0.613952
0.657666
0.608983
0.654133
0.608983
0.616791
0.599880
0.668582
0.590466
0.711241
0.668582
0.599880
0.697597
0.711241
0.711241
0.634515
0.590466
0.711241
0.754437
0.645478
0.746308
0.737827
0.687453
0.680783
0.761066
0.761066
0.645478
0.634515
0.692654
0.680783
0.803425
0.803425
0.694291
0.692706
0.694291
0.680783
0.802595
0.803425
0.719545
0.800651
0.830003
0.830498
0.830498
0.822192
0.823509
0.822192
0.714906
0.714906
0.836161
0.836161
0.722659
0.833202
0.721235
0.722177
0.833202
0.833202
0.833202
0.722659
0.835664
0.836161
0.836161
0.722659
0.836161
0.833262
0.822644
0.822644
0.833262
0.826002
0.836161
0.836161
0.836161
0.822644
0.811176
0.714759
0.722659
0.722659
0.722659
0.722659
0.836161
0.722659
0.722659
0.722659
0.722339
0.836161
0.722339
0.835847
0.791040
0.722659
0.831350
0.784143
0.784143
0.691638
0.817239
0.681768
0.817239
0.707671
0.756003
0.756003
0.660793
0.645533
0.660793
0.665244
0.693542
0.779416
0.779416
0.655121
0.627024
0.742062
0.716266
0.634704
0.704641
0.634704
0.657666
0.704641
0.687574
0.638019
0.610945
0.610945
0.654133
0.608983
0.657666
0.654133
0.657666
0.577556
0.577556
0.608983
0.577556
0.575345
0.608983
0.754437
0.754437
0.687453
0.687453
0.754437
0.754437
0.798493
0.692654
0.694291
0.692654
0.798493
0.680783
0.792778
0.792778
0.717834
0.719908
0.680783
0.803425
0.717834
0.827850
0.830003
0.830995
0.827850
0.827850
0.827850
0.814951
0.820105
0.722177
0.722242
0.722659
0.722659
0.722659
0.722659
0.722659
0.836161
0.722659
0.722659
0.836161
0.714759
0.722659
0.722659
0.836161
0.836161
0.836161
0.835847
0.836161
0.714759
0.708178
0.791040
0.811176
0.722339
0.722339
0.798393
0.701301
0.831350
0.722339
0.714759
0.714631
0.701301
0.706382
0.784143
0.681768
0.706382
0.801176
0.806017
0.681768
0.706382
0.779416
0.742231
0.668071
0.668071
0.668071
0.706290
0.645533
0.740737
0.645533
0.645533
0.704641
0.706290
0.722570
0.634704
0.638019
0.696580
0.696580
0.634704
0.704641
0.687574
0.657666
0.654133
0.637343
0.657666
0.798493
0.792778
0.803425
0.692654
0.687453
0.687453
0.792778
0.826184
0.692654
0.680783
0.711137
0.830498
0.827487
0.830498
0.830003
0.716337
0.717834
0.825298
0.820105
0.830003
0.830498
0.830498
0.714906
0.814951
0.827661
0.827661
0.836161
0.833262
0.722659
0.811176
0.836161
0.836161
0.722659
0.722659
0.836161
0.722659
0.722659
0.722659
0.722339
0.722339
0.722659
0.836161
0.720805
0.808274
0.708178
0.720805
0.722339
0.701301
0.784143
0.722339
0.817239
0.714759
0.790064
0.714631
0.681768
0.801176
0.801176
0.706382
0.682314
0.681768
0.706382
0.668071
0.668071
0.689472
0.689266
0.689266
0.689266
0.772013
0.772013
0.772013
0.662200
0.645926
0.772013
0.645533
0.645926
0.665244
0.638019
0.709261
0.722570
0.656562
0.696580
0.634704
0.665244
0.687574
0.637343
0.665244
0.608983
0.638019
0.608983
0.608983
0.608983
0.608983
0.781933
0.719908
0.718858
0.679041
0.715891
0.792778
0.819138
0.789263
0.824891
0.803425
0.830995
0.719545
0.719545
0.719908
0.718858
0.717813
0.827484
0.827484
0.820105
0.820105
0.711137
0.711137
0.826184
0.827487
0.717813
0.818199
0.833820
0.722242
0.836161
0.836161
0.836161
0.836161
0.836161
0.722659
0.722659
0.722659
0.722659
0.722659
0.836161
0.836161
0.836161
0.722659
0.836161
0.722659
0.836161
0.722659
0.836161
0.836161
0.836161
0.836161
0.836161
0.836161
0.722659
0.836161
0.835987
0.836161
0.836161
0.835987
0.836161
0.835987
0.722339
0.722659
0.722659
0.836161
0.836161
0.722339
0.722339
0.836161
0.818766
0.722659
0.722659
0.722659
0.714631
0.714631
0.722659
0.722659
0.833530
0.836161
0.802901
0.701301
0.711069
0.694869
0.722339
0.720805
0.836161
0.720337
0.720337
0.801176
0.817239
0.713055
0.801176
0.768284
0.694869
0.682314
0.708178
0.713055
0.757588
0.768284
0.698939
0.706382
0.759904
0.704477
0.704477
0.729576
0.742165
0.662200
0.698939
0.698939
0.679112
0.679112
0.706382
0.668403
0.792461
0.709261
0.742231
0.731591
0.731591
0.645926
0.656562
0.740737
0.740737
0.720206
0.645926
0.655460
0.637343
0.704641
0.704641
0.608983
0.608983
0.596441
0.608983
0.715891
0.820105
0.711577
0.716337
0.716337
0.718858
0.715891
0.819138
0.711577
0.717834
0.718858
0.808168
0.819138
0.824891
0.827484
0.827484
0.721760
0.708003
0.711137
0.722659
0.827484
0.827484
0.827484
0.721235
0.722659
0.819138
0.722659
0.722659
0.836161
0.824891
0.836161
0.834512
0.722659
0.836161
0.836161
0.836161
0.836161
0.836161
0.836161
0.836161
0.722659
0.836161
0.722659
0.722659
0.836161
0.722659
0.836161
0.836161
0.722659
0.722659
0.722659
0.836161
0.836161
0.722659
0.836161
0.836161
0.722659
0.722659
0.836161
0.836161
0.836161
0.722659
0.722659
0.722659
0.836161
0.722659
0.722659
0.836161
0.836161
0.836161
0.722659
0.830217
0.722659
0.722659
0.722659
0.722659
0.722659
0.722659
0.836161
0.836161
0.836161
0.722659
0.722659
0.836161
0.836161
0.836161
0.836161
0.714631
0.714631
0.722659
0.836161
0.722659
0.836161
0.722659
0.722659
0.836161
0.722659
0.815396
0.798393
0.815396
0.815396
0.722659
0.720337
0.720337
0.835847
0.833530
0.810445
0.831350
0.711069
0.833530
0.719617
0.790064
0.701301
0.708178
0.713055
0.713055
0.713055
0.713055
0.790064
0.682314
0.701301
0.701301
0.790064
0.697689
0.757588
0.800470
0.697689
0.697689
0.769167
0.769167
0.769167
0.697689
0.689753
0.757588
0.668403
0.675236
0.742165
0.677367
0.689753
0.668403
0.645926
0.652567
0.677367
0.757588
0.751336
0.720206
0.655460
0.655460
0.709261
0.652567
0.627890
0.627890
0.655460
0.655918
0.683133
0.720206
0.720206
0.627415
0.625192
0.627415
0.596441
0.627415
0.627415
0.625192
0.717834
0.815295
0.815818
0.708003
0.704579
0.717834
0.814951
0.718858
0.715891
0.722659
0.836161
0.819138
0.819138
0.836161
0.836161
0.718555
0.722659
0.722659
0.722659
0.836161
0.722659
0.836161
0.836161
0.722659
0.722659
0.836161
0.836161
0.836161
0.712492
0.718555
0.722659
0.836161
0.836161
0.722659
0.722659
0.722659
0.836161
0.836161
0.835664
0.836161
0.836161
0.722659
0.836161
0.722659
0.722659
0.722659
0.722659
0.836161
0.722659
0.722659
0.836161
0.836161
0.836161
0.722659
0.722659
0.722659
0.836161
0.836161
0.722659
0.722659
0.836161
0.836161
0.835987
0.835987
0.835987
0.722339
0.836161
0.836161
0.722659
0.722659
0.836161
0.722659
0.836161
0.836161
0.836161
0.836161
0.836161
0.722339
0.836161
0.722659
0.722659
0.722659
0.722659
0.836161
0.836161
0.830217
0.722659
0.836161
0.815396
0.815396
0.711069
0.722659
0.716152
0.722659
0.722659
0.836161
0.835673
0.798393
0.798393
0.719617
0.722339
0.720805
0.719617
0.722339
0.829084
0.816842
0.816842
0.823279
0.708178
0.714759
0.722339
0.722659
0.722339
0.835471
0.835471
0.722339
0.835298
0.800470
0.714759
0.708178
0.812992
0.790064
0.701301
0.701301
0.785507
0.792461
0.751336
0.785507
0.720206
0.751336
0.720206
0.720206
0.720206
0.720206
0.815295
0.814381
0.711577
0.716337
0.717834
0.716337
0.717834
0.710054
0.710148
0.827484
0.708003
0.718246
0.722659
0.836161
0.722659
0.722659
0.722659
0.836161
0.722659
0.836161
0.836161
0.722242
0.722659
0.836161
0.827661
0.722659
0.836161
0.722659
0.722659
0.836161
0.719826
0.836161
0.722659
0.836161
0.722659
0.836161
0.836161
0.722659
0.722659
0.722659
0.836161
0.722659
0.722659
0.836161
0.836161
0.836161
0.722659
0.722659
0.836161
0.836161
0.836161
0.836161
0.836161
0.836161
0.836161
0.722659
0.722659
0.722659
0.722659
0.722659
0.722659
0.836161
0.836161
0.722659
0.836161
0.835987
0.722659
0.722659
0.722659
0.836161
0.722659
0.722659
0.836161
0.836161
0.836161
0.716152
0.831994
0.830217
0.815396
0.720805
0.836161
0.721871
0.836161
0.711069
0.720805
0.714759
0.722659
0.802244
0.711069
0.714631
0.714631
0.714631
0.714759
0.835298
0.835298
0.833530
0.823279
0.823279
0.722339
0.833530
0.812992
0.714631
0.812992
0.812992
0.710054
0.795948
0.698284
0.718246
0.836161
0.827661
0.722659
0.836161
0.835664
0.722659
0.836161
0.836161
0.722659
0.836161
0.836161
0.722659
0.722659
0.836161
0.836161
0.722659
0.722659
0.722659
0.836161
0.836161
0.836161
0.836161
0.836161
0.722659
0.836161
0.836161
0.836161
0.836161
0.836161
0.836161
0.722659
0.722659
0.836161
0.836161
0.722339
0.722339
0.815396
0.714631
0.831994
0.835673
0.714631
0.711766
0.812992
0.704579
0.704579
0.707815
0.814381
0.811406
0.698284
0.710148
0.811406
0.814951
0.814951
0.798629
0.826653
0.836161
0.826653
0.826653
0.834512
0.817247
0.835664
0.835664
0.836161
0.835664
0.835664
0.722659
0.722659
0.722659
0.836161
0.834138
0.722659
0.722659
0.836161
0.836161
0.836161
0.720805
0.720805
0.722659
0.823806
0.819449
0.831994
0.720805
0.714631
0.714631
0.830217
0.807517
0.722659
0.823806
0.720805
0.722339
0.831994
0.826661
0.819449
0.711766
0.711766
0.711766
0.802244
0.707815
0.704579
0.704579
0.710148
0.798629
0.798629
0.811406
0.718246
0.722659
0.836161
0.722659
0.834183
0.722659
0.834183
0.722659
0.722659
0.722659
0.722659
0.834183
0.722242
0.722659
0.836161
0.836161
0.836161
0.836161
0.722659
0.836161
0.722659
0.836161
0.836161
0.836161
0.722659
0.722659
0.722659
0.722659
0.836161
0.836161
0.722659
0.720805
0.836161
0.836161
0.831994
0.714631
0.722659
0.714631
0.720805
0.831994
0.714631
0.720805
0.826661
0.819449
0.826661
0.819449
0.718180
0.718180
0.718180
0.826661
0.819449
0.707815
0.791207
0.685030
0.704579
0.795948
0.815818
0.782202
0.811406
0.718246
0.722659
0.826653
0.722659
0.826653
0.810445
0.826653
0.718246
0.712492
0.722242
0.722659
0.836161
0.836161
0.836161
0.722659
0.722242
0.722659
0.836161
0.836161
0.836161
0.836161
0.836161
0.722659
0.722659
0.722659
0.722659
0.722659
0.836161
0.722659
0.722659
0.722659
0.836161
0.836161
0.722659
0.836161
0.836161
0.836161
0.836161
0.722659
0.722659
0.836161
0.836161
0.831994
0.722659
0.722659
0.718180
0.826661
0.831994
0.831994
0.718180
0.826661
0.831994
0.718180
0.795948
0.815295
0.691618
0.782202
0.811406
0.710054
0.708565
0.832039
0.704579
0.829541
0.708565
0.722659
0.718503
0.722659
0.722659
0.718503
0.722659
0.836161
0.722659
0.836161
0.836161
0.836161
0.836161
0.826265
0.722659
0.722659
0.722659
0.836161
0.835673
0.722659
0.722659
0.836161
0.826265
0.720805
0.722659
0.722339
0.714631
0.720805
0.826265
0.826661
0.687331
0.687331
0.691618
0.691618
0.687331
0.791207
0.791207
0.687331
0.782202
0.687516
0.829541
0.820875
0.708565
0.820875
0.810445
0.718853
0.722072
0.836161
0.836161
0.836161
0.829541
0.836161
0.834339
0.836161
0.836161
0.836161
0.722659
0.722659
0.722659
0.722659
0.836161
0.836161
0.836161
0.836161
0.836161
0.722659
0.722659
0.836161
0.836161
0.836161
0.836161
0.835441
0.836161
0.722659
0.722659
0.722659
0.722659
0.722659
0.831994
0.831994
0.720805
0.722339
0.714631
0.720805
0.722339
0.718180
0.795948
0.687331
0.795948
0.687331
0.791207
0.815818
0.795948
0.795948
0.795948
0.782202
0.820875
0.685030
0.685030
0.718853
0.829541
0.829541
0.820875
0.718853
0.718853
0.820875
0.820875
0.708565
0.722072
0.722659
0.722659
0.722659
0.836161
0.834339
0.836161
0.834339
0.722659
0.722659
0.836161
0.836161
0.836161
0.722659
0.836161
0.836161
0.836161
0.836161
0.836161
0.722659
0.722659
0.722659
0.722659
0.722659
0.722339
0.722339
0.722659
0.661997
0.691618
0.691618
0.795948
0.795948
0.791207
0.795948
0.795948
0.698020
0.718853
0.714650
0.714650
0.708565
0.829541
0.708565
0.722659
0.836161
0.829541
0.833406
0.836161
0.722072
0.836161
0.836161
0.836161
0.836161
0.722659
0.722659
0.722659
0.836161
0.836161
0.836161
0.836161
0.722659
0.722659
0.836161
0.836161
0.722659
0.722659
0.836161
0.722659
0.722659
0.722659
0.722659
0.722659
0.722659
0.691618
0.661997
0.691618
0.767903
0.795948
0.698020
0.702789
0.805233
0.767903
0.767755
0.698020
0.829541
0.807203
0.700752
0.807203
0.807203
0.800639
0.800639
0.722659
0.722659
0.722659
0.833406
0.828401
0.719231
0.719231
0.719231
0.698020
0.721400
0.720078
0.720078
0.721400
0.836161
0.831681
0.722659
0.836161
0.833406
0.722659
0.722659
0.661997
0.702789
0.698020
0.698020
0.702789
0.702789
0.800639
0.800639
0.800639
0.833406
0.805233
0.720078
0.702789
0.721400
0.805233
0.831681
0.800639
0.721400
0.833406
0.722659
0.722659
0.722659
0.722659
0.611464
0.611464
0.611464
0.615469
0.602342
0.602342
0.615469
0.615469
0.836161
0.836161
0.836161
0.836161
0.836161
0.836161
0.836161
0.836161
0.836161
0.836161
0.836161
0.836161
0.836161
0.836161
0.836161
0.836161
0.836161
