5002 1 1
0.432564
0.549369
0.771441
0.674853
0.788902
0.549369
0.563723
0.469225
0.774766
0.774766
0.768476
0.432564
0.432564
0.532106
0.536109
0.432564
0.814328
0.864755
0.788902
0.532106
0.436934
0.436934
0.315797
0.436934
0.703069
0.788902
0.549369
0.451031
0.674853
0.846275
0.771441
0.771441
0.838104
0.838104
0.651004
0.334779
0.334779
0.681944
0.774766
0.863173
0.563723
0.681944
0.774766
0.674853
0.469225
0.563723
0.499407
0.692500
0.692500
0.774766
0.581783
0.581783
0.770837
0.740944
0.770837
0.612270
0.432564
0.536109
0.536109
0.436676
0.975436
0.975436
0.767941
0.714595
0.829947
1.002957
0.846275
0.975436
0.703069
0.651004
0.766085
0.747407
0.315797
0.304791
0.298641
1.007356
0.743191
0.334779
0.674853
0.795121
0.681944
0.385320
0.334779
0.835689
0.420960
0.469225
1.075960
0.838104
0.581783
0.563723
0.692500
0.560499
0.689838
0.768476
0.753570
0.703757
1.010399
0.753570
0.865717
0.740944
1.060279
0.865717
1.020388
1.020388
1.020388
0.458270
1.025082
0.754440
0.767941
0.604157
0.738423
0.864755
0.864755
1.025082
0.754440
0.767941
0.458270
1.054445
0.304791
0.714595
0.975436
0.870718
0.766085
0.315797
0.304791
0.315797
1.002957
0.313128
0.313128
0.743191
0.747407
1.007356
0.795121
0.795121
0.795121
0.843334
0.846106
0.846106
0.843334
0.385320
0.782952
0.782952
1.007356
1.037532
0.385320
1.075960
1.075960
1.075960
0.420960
0.499407
1.063091
0.846106
0.560499
0.865717
0.606016
0.606016
0.606016
0.606016
0.753570
0.835689
0.865717
0.753570
0.673283
0.870537
0.870537
0.818541
0.942565
1.020388
0.989431
0.942565
0.866218
0.942565
0.458270
0.458270
0.774274
0.921476
1.019385
0.604157
0.604157
0.458270
0.458270
0.458270
0.889942
0.889942
0.889942
0.897679
0.320055
0.738423
0.894750
0.754440
1.066314
0.304791
1.066314
0.870718
0.714595
0.714595
0.610672
0.714595
1.025233
1.044621
0.870718
1.025233
0.890013
1.044621
0.890013
0.890013
0.890013
0.843334
1.044621
0.843334
0.843334
0.702121
0.702121
0.846106
0.420960
1.012669
0.420960
1.075960
1.060279
0.906295
0.846106
0.835689
0.906295
0.867624
0.702121
0.865717
0.865717
0.906295
0.673283
0.870537
0.989431
0.942032
0.906295
0.712823
0.818541
0.819222
1.060279
0.989431
0.819222
0.866218
0.827616
0.894415
0.819222
0.942565
0.911530
0.957787
0.942565
0.922464
0.508708
0.490430
0.490430
1.019385
0.922464
0.921476
0.604157
0.602403
0.602403
0.897679
0.729117
0.774274
1.038698
1.054445
0.754440
0.754440
1.054445
1.099764
0.897679
0.320055
0.894750
0.897679
0.320055
0.714595
1.054445
1.066314
0.747407
1.025233
1.025233
1.066314
0.610672
1.044621
0.890013
0.890013
0.883916
0.890013
0.385320
1.044621
1.044621
1.033009
0.385320
0.385320
0.868910
0.653443
1.033009
1.033009
0.843334
0.846106
1.033009
1.012669
0.420960
0.471996
1.012669
0.846106
0.728406
1.060279
0.910125
0.906295
0.606016
0.606016
0.471996
0.942032
1.035507
1.060279
0.721199
1.067224
0.712823
0.673283
0.712823
0.992474
0.942032
0.918921
0.894415
0.957787
0.957787
0.989431
0.827616
0.827616
0.827616
0.911530
0.942565
0.957787
0.911530
0.911530
0.718144
1.026908
1.304155
1.304155
1.294538
0.861004
1.206436
1.294538
0.718144
1.019385
1.294538
1.038698
1.330871
0.993046
0.490430
0.774274
0.729117
1.026908
1.038698
1.134130
1.370374
1.370374
0.871957
0.738423
0.404112
0.320055
1.329748
0.304791
0.747875
0.781204
0.714595
1.066314
1.203870
1.203870
0.894750
0.304791
0.870718
1.171515
1.171515
0.932516
0.988942
0.932516
0.883916
1.053609
1.121594
1.078343
1.284591
1.078343
1.137560
1.137560
0.942032
0.830229
1.334384
1.308255
1.284591
1.103351
0.942032
0.820097
1.020639
1.311811
0.918921
0.866218
1.020639
1.047006
1.217164
1.217164
0.885230
0.894415
1.164526
1.031848
0.972542
0.972542
1.252375
1.049113
1.149616
1.049113
1.117474
1.187086
1.049113
0.752591
1.218320
1.148344
0.876020
1.218320
0.752591
1.304155
0.718144
0.752591
0.962043
1.071921
0.876020
0.861004
0.718144
0.971434
1.026908
0.971434
1.134130
1.134130
0.404112
0.557952
1.370374
0.871957
0.871957
1.116689
1.370374
0.320055
1.094045
1.267987
0.747875
1.101027
1.101027
1.267987
1.116689
1.101027
1.267987
1.076329
1.078988
1.203870
1.201001
0.642494
1.078988
1.078988
1.171515
1.171515
1.053609
1.053609
1.121594
1.060289
1.045465
0.757220
0.611971
1.039322
1.039322
0.511903
1.078343
0.450753
1.060289
1.137560
1.078343
1.137560
1.334384
0.511903
0.588235
0.588235
1.334384
1.284591
1.122308
1.122308
0.830229
1.131180
1.122308
1.047006
1.122308
0.915552
0.820097
1.217164
0.915552
0.915552
0.916740
1.047006
1.311811
0.712823
1.252375
1.162117
0.916740
1.162117
1.031848
1.156093
0.998432
1.164526
1.031848
1.031848
1.117474
1.156093
1.049113
1.049113
1.117474
1.117474
1.117474
0.730274
0.730274
0.829655
1.148344
0.918391
0.918391
0.876020
0.730274
1.210453
0.962043
1.026491
1.187283
1.210453
0.964320
0.752591
1.026908
1.330871
0.964320
1.065793
1.257472
1.134130
0.557952
1.370374
1.116689
0.404112
1.155419
1.160041
1.329748
1.267987
1.093923
1.155419
1.076329
1.116689
1.267987
1.267987
1.070162
0.304791
1.070162
0.642494
1.082157
1.121594
1.053609
1.121594
0.705699
1.045465
1.062248
0.590186
1.078343
1.123091
1.084728
1.062248
1.060289
0.996768
1.103351
1.103351
1.103351
0.924886
0.830229
1.311811
1.196002
1.252375
1.131180
1.104625
1.202376
0.972542
1.217164
1.162117
1.252375
0.893945
1.104884
0.998432
0.998432
0.916740
0.998432
1.156093
1.049113
1.049113
1.156093
1.117474
1.117474
1.026491
1.148344
1.148344
0.829655
0.829655
0.730274
0.730274
1.187283
1.026491
1.026491
1.071921
1.071921
1.114214
0.617279
0.603799
0.617279
0.557952
0.557952
1.245096
1.009348
1.065793
1.065793
0.404112
1.257472
1.160041
0.404112
0.781204
1.160041
1.160041
1.136615
1.080973
1.080973
1.155419
1.070162
1.076329
1.076329
1.076329
1.070162
1.070162
0.836919
0.642494
1.082157
0.352847
1.053609
1.029285
1.082157
1.045465
1.060289
0.899665
1.045465
1.009231
1.060289
1.143974
0.996232
1.062248
0.948041
1.123091
0.588235
0.511903
1.123091
1.196002
0.924886
0.671771
0.588235
0.671771
0.882590
1.122308
0.915552
1.196002
1.131180
1.085431
0.972542
1.172716
1.196002
0.916740
0.916740
1.137743
1.149151
1.162117
0.972542
1.092986
0.998432
1.104884
1.156093
1.156093
0.998432
1.104884
0.998432
1.049113
1.156093
1.104884
0.916767
0.929007
0.997168
0.997168
1.051257
1.162948
1.287961
0.827300
1.337472
0.918391
0.730274
0.870532
0.827300
1.231267
1.026491
0.918391
0.603799
1.229113
1.406176
0.737597
1.026491
0.964320
1.446204
0.617279
1.245096
1.245096
1.160041
1.160041
1.155419
1.352756
1.328412
1.257790
0.320055
0.866301
0.308531
0.803325
0.319536
0.779229
1.239131
0.343842
0.308531
0.856311
0.856311
1.222953
1.070162
1.093923
0.319536
1.158451
1.158451
1.027415
1.185750
1.029285
1.185750
0.352847
0.398175
0.899850
1.027415
0.518446
0.398175
0.899850
0.996232
1.158310
1.185750
1.158310
0.450753
1.143974
0.511903
0.816711
0.948041
1.202572
0.996768
0.881586
1.062248
1.128244
1.148605
0.966043
0.817877
0.920528
0.681612
1.148605
1.414101
1.196002
1.116153
1.073755
0.820097
0.982025
1.204509
1.513140
1.233485
0.830229
1.172716
1.409154
1.399389
1.092986
1.092986
1.058273
1.246771
0.916767
1.058273
1.129726
1.162948
1.129726
1.129726
0.997168
1.258358
0.891252
0.827300
1.231267
1.231267
1.321962
1.281374
1.210453
1.266849
0.827300
1.065069
0.737597
0.737597
1.229113
1.229113
1.198445
0.964320
0.737597
1.229113
1.446204
1.059806
1.257687
1.352756
1.245096
1.120257
1.218962
1.253164
1.231489
1.218962
1.218962
0.308531
1.171938
1.184049
0.343842
1.222953
1.235420
1.235420
1.247158
0.398175
0.343842
0.518446
0.899850
0.899850
0.856311
1.158451
1.158451
1.143974
0.987521
1.158310
1.158310
0.816711
0.681612
0.881586
0.881586
0.881586
1.202572
0.590186
1.128244
0.920528
1.148605
0.966043
0.681612
1.249021
1.249021
1.233485
1.249021
1.233485
0.776212
0.830229
0.985073
1.073755
1.491845
0.915552
1.513140
1.073755
1.525007
1.024389
1.399389
1.399389
1.096471
1.277403
1.092986
1.525007
1.408338
1.388491
1.017997
1.129726
1.162948
1.287961
0.929007
1.258358
1.129726
1.258358
1.337472
0.891252
0.891252
0.891252
1.337472
1.231267
0.957493
0.957493
0.827300
1.321962
1.077722
1.406176
1.229113
0.892999
0.965007
1.113403
1.120854
1.059806
1.059806
1.059806
1.113403
0.719423
1.113403
0.515481
1.231489
1.231489
1.276348
1.086921
1.145008
1.253164
1.276348
0.308531
0.803325
0.856311
1.253164
1.222953
0.343842
0.719576
0.856311
1.143974
0.755694
0.816711
0.398175
1.185750
1.185750
1.166050
0.518446
1.185750
0.518446
1.149039
1.158310
0.518446
1.133732
1.202572
0.590186
1.104106
1.128244
1.104106
1.104106
1.249021
1.148605
1.202572
1.233485
1.249021
0.920528
0.920528
0.982025
0.937335
1.104625
1.073755
1.251578
1.073755
1.204987
1.140398
1.104625
1.073755
0.992826
1.058273
1.137743
1.277403
0.893945
1.058273
1.092986
1.162948
1.162948
1.388491
1.017997
1.291701
1.287961
1.246771
1.246771
1.246771
1.129726
1.129726
1.287961
0.962718
1.258358
0.962718
0.970338
1.337472
0.827300
0.827300
1.321962
1.318246
1.505940
0.917137
0.917137
1.321962
1.266849
0.737597
0.706278
1.218135
1.229113
1.077722
1.375679
0.719423
1.099977
1.099977
1.120257
1.348692
1.276348
1.249145
0.236554
0.803325
1.184049
1.260688
1.171938
0.343842
0.856311
1.318534
1.253164
1.222953
1.171938
0.719576
0.343842
1.185750
1.185750
1.185750
1.273143
1.273143
1.158451
1.158451
1.158451
1.158451
1.149039
1.200653
1.200653
1.123344
1.149039
1.149039
1.149039
1.149039
1.104106
1.133732
1.066134
1.089942
0.590186
0.985073
0.681612
1.220357
1.233485
0.985073
1.233485
1.251578
1.104625
1.204987
0.972542
1.137743
1.137743
1.231676
1.137743
0.992826
1.277403
1.058273
1.277403
1.262860
1.017997
1.321043
1.291701
1.262860
1.262860
1.499546
1.031245
0.852068
0.970338
0.970338
1.059126
1.059126
1.287961
0.962718
0.962718
0.877215
0.812736
0.812736
1.318246
0.957493
1.231267
1.266849
1.420547
0.957493
1.375679
1.229113
1.077722
1.077722
1.375679
1.375679
0.832646
0.737597
1.113403
1.273483
1.036791
1.281374
1.120257
1.019123
1.217991
1.217991
1.120257
1.286034
1.218962
1.325697
1.218962
1.325697
1.231489
1.145008
1.184049
1.184049
1.253164
0.647374
0.608981
1.249145
1.253164
0.343842
0.236554
1.235420
1.340782
1.260688
1.296227
1.222953
1.318534
1.166050
1.123344
1.273143
1.185750
1.341382
1.266252
1.200653
1.266252
1.266252
1.218192
1.273143
1.158451
1.273143
1.341382
1.341382
1.266252
1.141919
1.123344
1.152692
1.123344
1.066134
1.284051
1.250500
1.086068
0.988824
0.895009
0.985073
1.086068
0.986570
1.037364
1.149151
1.296280
1.296280
1.296280
1.251578
1.137743
1.024389
1.058273
1.399389
1.239711
1.122343
0.961060
1.122343
0.961060
1.051966
1.262860
1.017997
1.122343
1.051966
0.964104
0.964104
1.051966
1.228709
1.196555
1.059126
1.242424
1.074383
1.074383
1.059126
1.196555
1.302292
1.132368
1.063668
1.065837
1.402641
1.205401
1.063668
1.420547
1.420547
0.816920
1.063668
1.420547
1.120854
1.036451
1.036451
1.246700
1.059806
0.719423
1.177321
1.209462
1.224045
0.766990
0.588595
0.766990
0.346820
1.209462
0.647374
1.360282
1.249145
1.360282
1.235420
1.318534
1.236451
1.340782
1.340782
1.260688
1.341382
1.218192
1.273143
1.198086
1.141919
1.104748
1.104371
1.104371
1.284051
1.250543
1.152692
1.068493
1.182874
1.127770
1.127770
0.716615
0.937335
1.050766
1.050766
0.982025
1.422442
1.208282
1.208282
1.208282
1.296280
1.296280
1.208282
1.273943
1.429024
1.273943
1.429024
1.155453
1.273943
1.423059
1.429024
1.051966
1.051966
1.122343
1.414807
1.228709
1.169421
1.077007
1.074383
1.077007
1.077007
1.242424
1.077007
1.077007
0.884685
0.624895
0.544163
0.682548
0.682548
0.682548
1.012264
1.012264
1.302292
1.318246
0.877215
0.991178
0.877215
0.812736
0.877215
1.302292
1.318246
0.917137
0.812736
0.917137
1.402641
1.063668
1.063668
0.816920
1.420547
0.816920
1.218135
1.036451
1.036451
1.036451
1.036791
0.814737
0.849855
0.814737
1.036791
1.217991
1.036791
1.286034
1.224045
0.950223
0.766990
1.249145
1.360282
1.220620
1.198086
1.198086
1.198086
1.260688
1.260688
1.296227
1.296227
1.318534
1.318534
1.198086
1.296227
1.280970
1.296227
1.118968
1.118968
1.218192
1.260688
1.296227
1.341382
1.340782
1.341382
1.236451
1.141919
1.141919
1.104371
1.068493
1.104748
1.068493
1.250500
1.127770
0.716615
1.211861
1.037364
1.050766
1.204509
1.204509
1.512899
1.559093
1.296280
1.208282
1.296280
1.300003
1.300003
1.423059
1.155453
1.273943
1.182174
1.239711
1.155453
1.543814
1.499546
1.423059
1.228627
1.499546
1.169421
0.964104
1.077007
1.169421
1.074383
1.196555
1.196555
0.501749
0.867868
1.012264
1.069077
1.012264
1.012264
1.012264
0.924372
1.012264
0.877215
1.223851
0.682548
1.069077
1.302292
1.069077
0.812736
0.812736
1.302292
1.318246
1.318246
1.063668
1.330270
0.941545
0.877215
1.402641
1.223851
1.420547
1.402641
1.420547
1.508916
1.420547
1.037308
0.816920
0.917137
1.158883
1.218135
1.420547
1.158883
1.158883
1.375679
1.375679
1.120854
1.036451
1.120854
1.090055
1.078336
0.814737
1.237534
1.227333
1.237534
0.588595
1.171832
1.134342
0.950223
0.588595
1.209462
1.134342
1.214433
1.256312
1.360282
1.318534
1.220620
1.404052
1.340782
1.404052
1.296227
1.296227
1.340782
1.141919
1.198086
1.273143
1.273143
1.236451
1.306264
1.118968
1.104371
1.104748
1.068493
1.104371
0.716615
0.895009
1.220357
1.204509
1.220357
1.220357
1.220357
0.907323
1.211861
1.512899
1.442724
0.986570
0.986570
1.273943
0.986570
1.411335
1.423059
1.239711
1.380921
1.051966
1.321043
1.122343
0.964104
1.228709
1.228709
1.074383
1.074383
1.228627
0.974613
1.077007
0.779834
0.984297
1.242424
0.984297
0.537433
0.624895
0.507612
0.817045
0.537433
0.725250
0.743044
1.069077
0.725250
0.877807
0.604311
0.624895
0.740504
1.313617
1.113868
0.924372
1.262817
1.223851
0.877807
0.804534
0.812736
0.726447
1.262817
0.804534
0.804534
1.313617
0.877807
0.877215
1.063668
0.877807
1.302292
0.941545
1.550829
1.114533
1.402641
0.832646
1.508916
1.402641
1.402641
1.375679
1.429615
1.120854
1.429615
1.280498
1.019123
1.019123
0.849855
1.441436
1.457344
1.068638
1.019123
0.791741
1.036791
1.019123
0.585284
0.585284
1.237534
1.214433
1.388138
1.256312
1.263030
1.360282
1.388138
1.249145
1.368130
1.275909
1.339134
1.360282
1.220620
1.262420
1.275909
1.340782
1.318534
1.262420
1.047830
1.341382
1.236451
1.361962
1.199876
1.066925
1.207641
1.141919
1.104748
1.199876
1.182359
1.141098
1.068493
1.069390
0.680207
0.680207
1.117807
0.716615
0.988824
0.907323
1.049739
1.086068
0.987162
1.203841
1.559093
0.987162
1.443583
1.208282
1.559093
1.332443
1.172398
1.078504
0.986570
1.078504
0.910715
1.239711
1.366705
1.321043
1.309806
1.380921
1.321043
1.228627
1.228709
1.095950
0.996529
1.070042
0.902485
0.845159
1.074383
0.884685
0.979065
1.070042
1.039293
1.039293
0.507612
0.501749
0.862251
0.537433
0.507612
1.113868
1.113868
0.725250
1.313617
0.740504
0.877807
0.877807
0.740504
1.262817
1.154598
0.804534
0.740504
1.313617
1.313617
1.024855
1.330270
1.099266
1.099266
1.628571
1.099266
1.099266
1.550829
1.445906
1.628571
0.941545
0.941545
1.445906
1.445906
0.892918
0.823520
1.668113
1.429615
1.231560
1.231560
1.668113
1.155404
1.540998
0.849855
1.280498
1.273483
1.305452
1.218666
1.078336
1.078336
1.253453
1.217991
0.791741
0.849855
1.253453
1.253453
1.217991
1.218666
0.585284
1.171832
1.214433
1.214433
1.360282
1.388138
1.388138
1.339134
1.066925
1.095011
1.095011
1.335415
1.368130
1.296227
1.306264
1.335415
1.404052
1.404052
1.361962
1.335415
1.361962
1.306264
1.306264
1.066925
1.066925
1.176457
1.176457
1.175610
1.049739
0.789980
0.789980
0.995355
1.092430
1.086068
1.203841
0.902927
1.113544
1.086068
1.421335
1.471421
1.442724
1.443583
1.471421
1.471421
1.512899
1.471421
1.559093
1.331277
0.915213
1.332443
1.273943
1.514210
1.411335
1.241209
1.241209
1.155453
1.242114
1.101971
0.870098
1.514210
1.411335
1.514210
1.309806
1.370695
1.309806
1.309806
1.039666
1.039666
1.097058
1.039666
1.370695
1.070042
1.070042
1.085556
0.979065
0.905143
1.085556
0.507612
0.507612
0.820104
0.862251
0.862251
0.862251
1.113868
1.149110
1.154598
0.947709
0.956025
1.313617
1.313617
1.154598
1.154598
0.823520
1.262817
1.550829
1.313617
1.262817
0.804534
0.941545
1.445906
1.024855
1.024855
1.024855
0.941545
1.550829
1.550829
1.628571
1.628571
1.445906
1.550829
1.508916
1.628571
1.550829
1.445906
1.628571
1.581108
1.231560
1.231560
1.231560
1.662882
1.429615
1.393739
1.305452
1.305452
1.581108
1.068638
0.791741
0.849855
1.078336
1.218666
1.218666
0.585284
1.203386
1.203386
1.332422
1.195100
1.275909
1.388138
1.275909
1.368130
1.263030
1.263030
1.368130
1.335415
1.463968
1.463968
1.388138
1.262420
1.335415
1.306264
1.306264
1.335415
1.404052
1.095011
1.095011
1.306264
1.195956
1.199876
1.175610
1.176457
1.182359
0.777840
0.877342
0.877342
0.695277
0.695277
1.117807
0.789980
1.034382
0.789980
1.034382
1.203841
0.933019
1.113544
1.086068
1.203841
1.248425
1.559093
1.471421
1.471421
1.332443
1.559093
1.579280
1.530904
1.078504
1.165019
1.359480
1.411335
1.442724
1.366705
1.332443
1.579280
1.366705
1.606112
1.218066
1.404541
1.362034
0.845159
0.905143
0.845159
1.095950
1.110852
1.070042
0.979065
1.039293
0.979065
0.979065
1.039293
0.415646
0.589846
0.611382
0.820104
0.502324
0.820104
0.820104
0.756634
0.820104
0.725250
0.604311
0.947709
0.725250
0.844773
0.877807
0.725250
0.713670
0.604311
1.348573
0.804259
0.877807
1.262817
0.823520
0.823520
1.445906
1.445906
0.941545
0.941545
0.941545
1.024855
1.024855
1.099266
1.550829
1.628571
1.628571
1.628571
1.015825
0.941545
1.024855
1.668113
1.668113
1.806267
0.892918
1.581108
1.581108
1.668113
0.892918
1.668113
1.662882
1.299572
1.615648
1.280498
1.068638
0.791741
1.175032
1.218666
1.256312
1.214433
1.171832
1.256312
1.406238
1.214433
1.325452
1.275909
1.260399
1.388138
1.340470
1.120277
1.275909
1.116105
1.172821
1.484800
1.120277
1.095011
1.335415
1.404052
1.404052
1.404052
1.404052
1.195956
1.306264
1.404052
1.404052
1.306264
1.306264
1.066925
1.199876
1.066925
0.614609
0.614609
1.128263
0.485246
0.728363
0.350738
0.777840
1.228630
1.228630
0.877342
0.933019
0.933019
0.485246
0.728363
1.343096
0.680207
1.117807
0.877342
1.049739
1.049739
1.505018
1.203841
1.034382
1.113544
0.933019
0.987162
1.505018
1.203841
1.505018
1.505018
1.505018
1.559093
1.359898
1.559093
1.471421
1.785478
1.562313
1.579280
1.956926
1.530904
1.579280
1.530904
1.530904
1.186402
1.218184
1.218066
1.320777
1.320777
1.260990
1.039666
1.097058
1.309806
1.309806
1.309806
1.309806
1.068212
1.368946
1.070042
0.845159
1.095950
0.905143
0.905143
0.905143
0.979065
1.009162
1.070042
0.905143
1.039293
1.039293
1.085556
1.039293
0.589846
0.537433
0.589846
0.568464
0.862251
0.575690
0.568464
0.507612
0.502324
0.507612
1.099823
1.149110
1.348573
1.123533
0.713670
1.330270
1.414093
1.445906
1.313617
1.550829
1.414093
1.253668
1.230341
1.002257
0.923052
0.865448
0.804259
1.727311
1.664925
1.664925
1.581108
1.586955
1.808430
0.865448
1.847629
1.668113
1.305452
0.791741
1.382364
1.280498
1.370344
0.775143
0.844112
1.223691
1.275373
1.218666
1.275373
1.253453
1.253453
1.253453
0.978732
0.585284
1.297516
1.253453
1.169208
1.286144
1.418836
1.418836
1.368130
1.340470
1.388138
1.388138
1.120277
1.328189
1.306264
1.376672
1.340470
1.145931
1.495562
1.095011
1.495562
1.104048
1.199876
1.066925
1.134307
1.026929
1.141098
0.760298
0.614609
0.552212
0.777840
0.968979
0.728363
0.834684
1.228630
1.228630
1.051092
1.051092
0.760298
1.363301
0.843578
0.843578
1.201637
1.117807
0.933019
0.843578
1.387537
1.111176
1.201637
1.113544
1.359898
1.407609
1.559093
0.935312
0.935312
1.471421
1.096178
1.678865
1.732860
1.968981
1.785478
1.794815
1.968981
1.562313
1.794815
1.562313
1.864652
1.862187
1.864652
2.090698
2.090698
1.619354
1.521123
1.862187
1.442724
1.293985
1.608217
1.779191
2.090698
0.915213
1.260990
1.220438
1.326372
1.260990
1.513328
1.326372
1.116544
1.048679
1.046324
1.218184
1.320777
1.362034
1.095950
1.125065
1.101627
1.070042
0.905143
1.095950
1.099746
0.793744
0.385793
0.735311
0.543357
0.568464
0.502324
0.502324
0.956025
0.844623
0.844623
0.713670
1.113868
0.713670
1.015825
0.877807
1.269644
1.516300
1.269644
1.516300
1.015825
1.516300
1.015825
0.923052
0.923052
1.165514
1.230341
1.165514
1.002257
1.537729
1.516300
1.165514
1.230341
1.165514
1.002257
1.002257
0.865448
1.002257
1.808430
1.808430
1.808430
1.165514
1.002257
1.664925
1.664925
1.695839
1.240439
1.002257
1.537729
1.540998
1.520220
1.691429
1.447501
1.230341
1.165514
1.029405
0.844112
1.447501
1.615648
1.847629
1.299572
1.447501
1.292573
1.280498
1.370344
0.844112
1.223691
0.569617
0.775143
0.569617
1.280382
1.297516
1.375189
1.240301
1.297516
1.325452
1.260399
1.240301
1.418836
1.286144
1.440021
1.120277
1.145931
1.263030
1.368130
1.340470
1.145931
1.340470
1.340470
1.340470
1.484800
1.484800
1.484800
1.120277
1.095011
1.120277
1.371543
1.195956
1.306264
1.114125
1.066925
1.180188
1.180188
0.627498
0.843578
1.163679
1.113182
0.969853
1.347952
1.068871
1.474971
1.678865
1.864652
1.678865
1.968981
2.090698
1.387537
1.968981
2.090698
0.915213
1.968981
1.608217
1.862187
1.293985
1.293985
0.882844
1.608217
1.608217
2.090698
2.090698
2.090698
2.090698
1.220438
1.186402
1.521123
1.779191
1.357819
1.357819
1.024282
1.116544
1.046324
1.039666
1.325463
1.075353
1.404541
0.865400
1.101627
1.099746
0.840100
1.085556
1.101627
1.101627
0.793744
0.840100
0.840100
0.385793
0.385793
0.355050
0.355050
0.385793
0.614985
0.735311
0.735311
0.862251
0.844623
0.862251
0.713670
1.123533
0.713670
1.015825
1.015825
1.516300
1.015825
1.015825
1.516300
1.664925
1.002257
0.804259
1.414093
0.865448
1.537729
1.537729
1.664925
1.537729
0.865448
1.664925
1.165514
1.240439
1.002257
1.002257
0.865448
1.002257
1.691429
1.695839
1.695839
0.844112
0.844112
1.537729
1.691429
1.808430
1.695839
1.386494
1.386494
1.230341
1.240439
1.230341
1.240439
0.844112
1.540998
1.847629
1.615648
1.382364
1.275373
1.275373
0.569617
1.375189
1.418836
1.240301
1.260399
1.260399
1.260399
1.325452
1.371543
1.145931
1.340470
1.440021
1.484800
1.379442
1.180188
0.877342
0.834684
0.627498
0.834684
0.552212
0.552212
0.834684
0.834684
0.760298
1.051092
1.051092
1.028523
1.128263
1.128263
0.760298
0.843578
1.051092
0.963274
1.113182
1.365321
1.365321
0.963274
1.474971
1.365321
1.102766
1.003043
1.102766
1.102766
1.474971
1.678865
1.928311
1.678865
0.963716
1.732860
2.171523
2.171523
1.608217
1.293985
1.968981
1.608217
2.090698
1.619354
1.779191
1.862187
1.920419
1.872419
1.872419
1.619354
1.218184
1.218184
1.218184
1.127177
1.046324
1.127177
1.104244
1.046324
1.046324
1.097058
0.865400
0.865400
0.885008
0.885008
0.885008
1.101627
1.099746
1.099746
1.099746
0.885008
0.885008
1.101627
0.782971
0.737416
0.793744
0.840100
0.355050
0.589846
0.589846
0.589846
0.385793
0.543357
0.844623
0.568464
0.504263
0.844623
0.844623
1.078207
0.713670
0.713670
0.601854
0.844773
1.015825
1.516300
1.015825
1.459168
0.865448
0.784471
1.664925
1.691429
1.664925
1.620141
1.865247
1.847629
1.023519
1.002257
0.844112
1.029405
1.520220
1.865247
1.240439
0.844112
1.520220
1.691429
1.865247
1.865247
1.447501
1.386494
1.240439
1.319920
1.520220
1.520220
1.865247
1.847629
1.847629
1.299572
1.865247
1.615648
1.615648
1.375189
1.275373
1.325452
1.375189
1.325452
1.260399
1.325452
1.340470
1.484800
1.440021
1.418836
1.081405
1.418836
1.120277
1.120090
1.484800
1.440021
1.440021
1.113787
0.627498
0.552212
0.627498
0.701208
0.843578
1.113182
0.963274
0.963274
0.843578
0.968979
0.843578
0.843578
0.843578
1.102766
1.102766
1.111176
1.359898
1.102766
1.732860
1.732860
1.928311
2.090698
2.171523
2.006852
0.963716
1.022028
2.171523
1.779191
1.293985
1.968981
1.968981
1.920419
1.872419
1.619354
1.619354
1.779191
1.920419
1.920419
2.090698
1.872419
1.024282
1.401459
1.410686
1.410686
1.179814
1.136023
1.165637
1.165637
1.325463
0.885008
0.865400
1.009162
1.009162
0.885008
0.845601
0.782971
0.782971
0.793744
0.355050
0.385793
0.385793
0.589846
0.465908
0.502324
0.589846
0.743267
0.743267
0.786403
0.504263
0.786403
0.502324
0.694429
0.786403
1.083735
1.142545
1.102453
0.903346
1.269644
1.269644
1.023519
1.165514
1.394233
1.063991
1.537729
1.360344
1.691429
1.520220
1.243393
1.240439
1.520220
1.360344
1.447501
1.520220
1.360344
1.865247
1.243393
0.774409
1.360344
1.696755
0.675058
1.666413
1.370344
0.775143
1.382364
1.329154
1.323606
1.325452
1.271896
1.260399
1.260399
1.325452
1.240301
1.271896
1.418836
1.120090
1.115085
1.325452
1.478077
1.418836
1.404026
1.120277
1.404026
1.340470
1.404026
1.340470
1.180188
1.113787
1.159594
1.244516
1.244516
0.916012
0.701208
1.008945
0.692848
0.785124
1.365321
0.963274
0.963274
1.087920
1.113182
1.173712
1.173712
0.916012
0.916012
1.008945
0.991923
1.114540
1.474971
1.173712
1.145082
1.003043
1.586771
1.224548
1.802906
1.586771
0.963274
1.732860
1.068871
1.928311
1.927536
1.802906
1.927536
2.104214
2.171523
1.548838
1.802906
1.802906
2.006852
1.022028
2.006852
1.293985
1.893171
1.933726
1.893171
1.872419
1.300016
1.845693
1.546817
1.690601
1.186402
1.103119
1.537635
1.872419
1.872419
1.872419
1.779191
1.024282
1.432042
1.457749
1.357819
1.501862
1.457749
1.432042
1.357819
1.534650
1.336389
1.127177
1.364472
1.216426
1.326372
0.995231
1.116544
1.243464
1.018894
1.018894
1.046324
1.179814
0.885008
1.404541
1.018894
0.857110
0.995231
1.125065
1.075353
1.075353
0.840100
0.795214
0.845601
0.740490
0.840100
0.504263
0.743267
0.743267
0.504263
0.465908
0.704445
0.835623
0.694429
0.844773
0.923389
1.334006
1.102453
1.192674
1.348573
0.835623
0.835623
0.835623
0.903346
1.664925
1.620141
1.394233
1.537729
1.620141
1.620141
1.360344
0.774409
0.774409
1.360344
1.243393
1.360344
1.360344
1.360344
1.360344
1.360344
1.632833
1.243393
1.243393
1.386494
0.774409
1.632833
1.696755
1.632833
1.696755
1.379511
1.351445
1.243393
1.304830
1.166872
1.304830
1.329154
1.175032
1.329154
1.235689
1.235689
1.323606
1.271896
1.364473
1.404026
1.478077
1.364473
1.364473
1.447340
1.364473
1.172989
1.172989
1.404026
1.404026
1.155759
1.048578
1.008945
1.008945
0.785124
0.785124
0.785124
0.785124
1.087920
0.785124
0.965136
0.965136
1.020684
1.087920
1.087920
1.501562
1.501562
1.103377
1.224548
1.103377
1.586771
1.115723
1.111176
0.932117
1.548838
1.548838
1.045055
1.893171
1.343369
2.006852
1.343369
1.022028
1.893171
1.795295
1.343369
0.912921
1.845693
0.912921
1.795295
1.601614
1.264141
1.264141
1.103119
1.795295
1.546817
1.340912
1.537635
1.340912
1.410686
1.457749
1.179814
1.216426
1.243464
1.359769
0.995231
1.243464
1.216426
1.062006
1.243464
0.868225
1.032586
1.009162
0.885008
1.101627
1.081269
0.992273
0.504263
0.504263
0.504263
0.504263
0.504263
0.786403
0.743267
0.465908
0.704445
1.078207
0.743267
0.786403
0.694429
0.594910
0.465908
0.465908
1.078207
0.594910
0.694429
0.694429
1.287918
0.835623
1.287918
0.671403
1.385453
1.023519
0.681446
1.632833
1.360344
0.774409
1.696755
1.550987
1.550987
1.360344
1.586927
1.329154
1.323606
1.323606
1.409398
1.297516
1.323606
1.271896
1.271896
1.234063
1.271896
1.271896
1.323606
1.271896
1.247274
1.234630
1.478077
1.632696
1.172989
1.172989
1.145886
1.172989
1.145886
1.171917
1.145886
1.064482
1.016296
1.103377
1.173712
1.145082
1.115723
1.016296
1.016296
1.501562
1.103377
1.008945
1.224548
1.103377
1.586771
0.981598
1.858949
1.586771
1.115723
1.908234
1.224548
1.927536
1.045055
1.119963
1.908234
1.908234
1.908234
1.927536
1.022028
1.999907
1.893171
1.893171
1.601614
1.627311
1.999907
1.601614
1.795295
1.845693
1.845693
1.264141
1.264141
1.300016
1.537635
1.546817
1.336389
1.537635
1.537635
1.216426
1.216426
1.136023
1.179814
1.303457
1.303457
1.359769
0.992273
1.075353
1.032586
1.126365
0.857110
1.097214
0.821961
0.992273
0.737416
0.737416
0.795214
0.504263
0.743267
0.743267
0.743267
0.694429
0.694429
0.657199
0.923389
1.078207
0.694429
0.542249
0.594910
0.594910
1.287918
0.835623
0.835623
0.835623
1.023519
1.519859
0.903346
1.519859
1.385453
1.620141
1.620141
1.063991
1.023519
1.023519
1.632833
1.632833
1.243393
0.774409
1.070254
1.235012
1.632833
1.632833
1.612275
1.296817
0.675058
0.675058
1.235012
1.379511
1.379511
1.734588
1.586927
1.586927
0.900111
1.329154
0.915845
1.280480
1.329154
1.409398
1.431073
1.409398
1.235689
1.235689
0.597449

1.235689
1.271896
1.364473
1.364473
1.247274
1.120090
1.072656
1.244516
1.319720
1.064482
1.155759
1.064482
1.173712
1.501562
1.103377
1.219587
1.103377
1.173712
1.501562
1.088124
0.926738
0.932117
1.016296
1.233600
1.119523
1.548838
1.927536
1.927536
1.058574
1.119963
1.893171
1.999907
0.971335
1.005307
1.005307
1.999907
1.845693
1.264141
1.264141
1.242823
1.062411
1.364472
1.076153
1.340912
1.364472
1.179814
1.216426
1.216426
1.216426
1.243464
1.216426
1.243464
1.062006
1.061122
1.126365
1.032586
1.216426
1.216426
0.992273
1.126365
0.992273
1.097214
1.126365
0.737416
0.737416
0.743267
0.593975
0.691724
0.923389
0.904973
0.629396
0.657199
1.078207
0.594910
0.969389
0.969389
0.860215
0.903346
0.903346
1.385453
1.299588
0.946542
1.006986
1.063991
1.143827
1.100852
1.188994
0.681989
1.632833
1.229842
1.696755
1.734588
1.500990
1.612275
1.500990
1.371950
1.272074
1.304830
1.431073
1.235689
1.325629
1.541166
1.271896
1.409398
1.385518
1.385518
1.478077
1.247274
1.271896
1.145886
1.145886
1.234565
1.331717
1.171917
1.319720
0.948057
0.903118
1.015686
1.116543
1.173712
1.103377
1.219587
1.253144
1.349100
1.145082
1.103377
1.253144
1.114540
1.173712
1.586771
0.863858
0.981598
1.512833
1.586771
1.668208
1.548838
1.460961
1.790109
1.802906
1.571047
1.115723
1.119963
1.571047
1.119963
1.119523
1.893171
1.999907
1.702944
1.022028
1.300016
1.223951
1.457749
1.076153
1.208982
1.103119
1.364472
1.243464
1.219553
1.062006
0.984156
0.892115
0.892115
1.243464
1.062006
1.015897
1.019351
0.948744
1.081269
1.081269
0.821961
1.081269
1.060037
0.904973
0.593975
0.826145
0.542249
0.904973
0.904973
0.904973
0.687874
0.593975
1.134964
0.904973
0.967184
0.687874
0.687874
0.609410
0.609410
0.687874
0.776543
1.287918
0.776543
0.881124
0.946542
0.946542
1.360975
0.990258
1.143827
1.502114
1.502114
1.143827
1.286585
1.286585
1.286585
1.450135
1.364473
1.233830
1.644697
1.271270
1.233830
1.271896
1.385518
1.644697
1.644697
1.247274
1.128363
1.182161
1.047384
1.132812
1.331717
1.132812
1.116543
0.903118
0.903118
1.335165
1.714337
1.349100
1.349100
1.388235
0.863858
0.903118
1.219587
0.791160
0.863858
1.115723
1.308533
1.512833
1.141918
1.790109
1.460961
1.460961
1.119523
1.119963
1.001298
1.001298
0.971335
0.971335
1.436913
1.022028
1.001298
1.999907
0.882243
1.659910
1.702944
0.882243
1.601614
1.407649
1.845693
1.070932
1.062411
1.103119
1.062411
1.070932
1.103119
1.103119
1.215297
1.336389
1.082801
1.083398
1.067344
1.126365
0.948744
0.948744
0.988269
0.948744
0.988269
1.015897
1.015897
0.904973
0.609410
1.063953
0.609410
0.687874
0.687874
0.969389
0.687874
1.098628
1.134964
0.681446
0.609410
1.192674
1.360975
1.006986
1.360975
1.006986
1.006986
1.502114
1.006986
1.527481
1.229842
1.612275
1.371950
1.371950
1.371950
1.371950
1.385518
1.385518
1.431073
1.234630
1.234630
1.234063
1.233830
1.234063
1.234063
1.234630
1.170118
1.128363
1.234630
1.052220
1.128363
1.217633
0.986252
0.948057
0.986252
1.714337
1.714337
1.714337
1.396398
1.388235
1.219587
1.349100
1.732102
0.863858
1.008945
1.159579
1.253144
1.512833
1.308533
0.932117
0.981598
1.835735
1.835735
1.835735
1.460961
1.058574
1.689008
1.460961
1.689008
1.702944
1.702944
1.702944
0.911497
0.911497
0.912921
1.659910
1.489003
1.659910
1.659910
1.223951
1.489003
1.489003
1.223951
1.070932
1.062411
1.082801
1.177745
1.132396
1.117607
0.951356
1.117607
1.117607
1.117607
0.908046
1.082801
1.303457
1.019351
0.908046
1.067344
0.974137
0.988269
1.061122
0.948744
1.063953
1.063953
1.063953
0.687874
0.609410
1.063953
0.776543
0.681446
0.681446
0.681446
1.299588
1.411708
0.844225
1.006986
1.229842
1.527481
1.166739
1.229842
1.612275
1.500990
1.500990
1.371950
1.371950
1.371950
0.900111
1.450135
0.900111
0.855961
1.450135
1.234630
1.437356
1.234630
1.165147
1.234630
1.234630
1.362954
1.342593
1.217633
1.318138
1.146874
1.217633
1.047384
1.047384
1.116543
1.486830
1.015686
0.981591
1.732102
1.219587
1.732102
1.219587
1.526317
1.388235
1.732102
0.818512
0.981598
0.981598
1.790109
1.308533
1.308533
1.790109
1.576599
0.791160
1.141918
1.058574
1.058574
1.119523
1.003282
1.058574
1.571047
1.571047
0.912064
1.001298
0.911497
1.208982
1.242823
1.407649
1.407649
1.208982
1.062411
0.928356
1.223951
1.386784
0.935650
1.287209
1.177745
1.115508
1.083398
1.117607
1.082801
1.083398
1.083398
1.117607
1.177745
0.948744
1.177745
1.303457
1.182380
1.177745
0.974137
0.998175
1.219553
1.082801
0.988269
1.019351
0.948744
1.019351
1.015897
1.019351
1.063953
1.063953
1.022564
1.205402
0.579574
1.022564
0.674338
1.098628
0.975291
0.579574
0.654409
1.098628
1.250053
1.360975
1.299588
0.755253
0.654409
0.736198
0.776543
1.411708
0.828131
0.828131
1.411708
0.755253
1.287187
1.229842
1.009726
0.732750
1.286585
1.166739
0.637631
1.428150
1.428150
1.527481
1.468847
1.223955
0.900111
1.399171
1.182161
1.003983
1.003983
1.600053
1.714337
1.486830
1.348533
1.396398
1.348533
1.335165
1.335165
1.285055
1.219587
1.219587
1.241850
0.928258
1.241850
1.219587
1.790109
1.790109
0.766573
1.460961
1.299655
1.308533
1.396731
1.396731
0.980343
1.702944
1.384048
0.980343
0.917860
1.436913
1.436913
0.882243
1.659910
0.917860
1.310962
1.070932
0.975860
1.340912
1.117607
0.891772
1.042206
1.042206
1.219553
1.012038
1.041525
0.998175
1.006735
0.817222
0.755253
1.022564
0.654409
1.134438
1.022564
0.755253
0.975291
1.134438
1.134438
0.689108
0.654409
1.134438
1.142333
0.828131
1.100852
0.975062
0.819131
0.675158
1.287187
1.287187
0.828131
0.689108
1.009726
0.675158
1.428150
1.428150
1.166739
1.223955
1.166739
0.675158
1.468847
1.428150
1.384897
1.403356
1.587549
1.431073
1.431073
1.230112
0.900111
1.230112
1.187135
1.187135
1.454105
1.454105
1.437356
1.165147
1.170118
1.233830
1.165147
1.165147
1.165147
1.255447
0.926954
1.146874
1.146874
1.011647
1.203065
0.883917
0.866731
0.866731
0.883917
0.948057
1.486830
1.618481
1.486830
0.866731
0.855599
0.981591
1.348533
1.348533
1.396398
1.196030
1.714337
1.348533
1.348533
1.388235
1.402771
1.253144
1.241850
1.221040
0.818512
1.219587
1.526317
1.060835
1.060835
0.885885
1.576599
1.003282
1.576599
1.460961
0.980343
0.980343
0.917860
1.093488
0.917860
1.386784
1.689008
1.396404
1.396404
1.242823
0.928356
1.310962
1.208982
1.132396
1.214222
1.132396
1.012038
1.214222
1.115508
1.179874
1.042206
1.042206
0.998175
1.006735
1.012038
0.998175
1.012038
0.861514
0.861514
1.041525
0.861514
0.833733
1.006735
1.142333
1.142333
0.819131
0.819131
1.142333
1.142333
1.269374
1.009726
1.166739
1.009726
1.269374
0.675158
1.100912
1.100912
1.399171
1.282877
0.675158
1.428150
1.399171
1.459164
1.587549
1.627767
1.459164
1.459164
1.459164
1.181697
1.344456
1.233830
1.048631
1.141451
1.141451
1.141451
1.255447
1.313516
1.320983
1.348533
1.348533
1.285055
0.981591
1.348533
1.348533
1.486830
1.285055
1.129337
1.221040
1.196560
0.981591
0.928258
0.818512
0.855599
1.241850
1.402771
0.974051
1.094780
1.526317
1.241850
1.299655
1.478784
1.094780
1.396731
1.060835
1.003282
1.396731
1.597739
1.384048
1.003282
1.396731
1.396404
1.149546
1.221457
1.221457
1.221457
1.064216
1.093488
1.377392
1.093488
1.093488
1.214222
1.064216
1.247223
1.132396
1.179874
1.180686
1.180686
1.132396
1.214222
1.115508
1.012038
0.998175
1.222746
1.012038
1.269374
1.100912
1.428150
1.009726
0.819131
0.819131
1.100912
1.041825
1.009726
0.675158
0.618587
1.587536
1.444130
1.587536
1.587549
1.293807
1.173663
1.440948
1.344456
1.587549
1.587536
1.587536
1.187135
1.181697
1.058961
1.058961
1.342593
0.883917
1.313516
0.855599
1.624846
1.446588
1.391354
1.348533
1.285055
1.348533
1.348533
1.348533
1.402771
1.241850
1.196030
1.486830
1.215267
1.082970
0.928258
1.215267
1.241850
1.094780
1.060835
1.402771
1.576599
1.299655
1.134369
1.478784
1.003282
1.597739
1.597739
1.396731
1.200027
1.003282
1.396731
1.221457
1.221457
1.357075
1.452411
1.452411
1.452411
1.558573
1.558573
1.558573
1.013874
1.055315
1.558573
1.093488
1.055315
1.386784
1.179874
0.997915
1.247223
1.289398
1.180686
1.132396
1.386784
1.115508
1.222746
1.386784
1.006735
1.179874
1.041525
1.041525
1.041525
1.006735
0.983171
1.282877
0.994649
0.800269
0.825939
1.100912
0.948778
1.167654
1.156615
1.428150
1.458925
1.384897
1.384897
1.282877
0.994649
0.637631
1.312463
1.312463
1.344456
1.344456
0.618587
0.618587
1.041825
1.444130
0.637631
0.855961
0.725926
1.048631
1.321651
1.080027
1.408242
1.408242
1.321651
1.142819
1.141451
1.079483
1.164624
1.079483
1.344071
1.423860
1.146874
1.164624
1.727318
1.396332
1.560963
1.164624
1.423860
1.423860
1.727318
1.146874
0.994983
0.994983
1.522731
1.245754
1.007114
1.482724
1.482724
1.007114
1.203065
1.007114
1.003983
1.174906
1.337666
1.260704
1.260704
1.003983
1.175844
1.446588
0.766340
1.537380
1.391354
1.348533
0.893280
0.893280
1.196030
1.166401
1.140132
1.341413
0.754756
1.094780
1.081837
0.995403
1.084216
1.215267
1.116777
1.349738
1.349738
1.597739
1.576599
1.384606
1.597739
1.240379
0.995403
1.200027
1.421238
1.384606
1.276088
1.240379
1.399531
1.396731
1.037690
1.536565
1.536565
0.950306
1.121606
1.013874
1.399531
1.399531
1.220874
1.220874
1.396731
1.224374
1.350901
0.997915
1.149546
1.079665
1.079665
1.055315
1.289398
1.377392
1.377392
1.070637
1.055315
1.112793
1.222746
1.214222
1.214222
1.006735
1.041525
0.823032
1.006735
0.825939
1.344456
1.311922
1.293807
1.293807
0.994649
0.825939
0.948778
1.311922
1.173663
0.994649
0.738430
0.948778
1.156615
1.312463
1.312463
1.391523
1.168361
0.618587
0.614695
1.312463
1.312463
1.312463
1.170118
0.614695
0.948778
0.818103
0.614695
0.916390
1.156615
1.314495
1.354720
0.818103
1.133008
1.133008
1.125601
1.125601
1.180304
1.180304
1.342593
1.079483
1.321651
1.079483
0.858552
1.321651
1.164624
1.344071
1.344071
1.396332
1.164624
1.079483
1.125601
0.994983
1.164624
1.344071
1.560963
1.174182
1.255447
1.344071
1.344071
1.245754
1.255447
1.349514
1.073679
1.482724
1.337666
1.337666
1.482724
1.482724
1.482724
1.255447
1.014225
1.391354
1.391354
1.337666
1.337666
1.174182
1.174906
1.260704
1.260704
1.260704
1.391354
1.391354
1.260704
1.245754
1.446588
1.446588
0.893280
0.893280
1.285997
1.341413
1.166401
1.341413
1.285997
1.166401
1.129337
1.166401
0.973509
0.974051
0.973509
0.973509
1.348533
1.349738
1.349738
1.221040
1.140132
1.427492
1.526317
1.081837
1.140132
1.451633
1.134369
1.277600
1.421238
1.445879
1.445879
1.445879
1.445879
1.134369
1.200027
1.277600
1.277600
1.134369
1.432034
1.276088
1.357839
1.432034
1.432034
1.252406
1.252406
1.252406
1.432034
1.373254
1.276088
1.224374
1.309994
1.121606
1.339703
1.373254
1.224374
1.055315
1.173039
1.339703
1.276088
1.237341
1.070637
1.112793
1.112793
0.997915
1.173039
1.002611
1.002611
1.112793
1.164564
0.951430
1.070637
1.070637
0.972975
0.928878
0.972975
0.823032
0.972975
0.972975
0.928878
1.173663
1.195293
1.130778
1.168361
1.126972
1.173663
1.181697
0.994649
0.825939
0.614695
1.133008
0.948778
0.948778
1.133008
1.314495
1.126282
1.018403
0.818103
0.614695
0.916390
0.614695
1.133008
0.916390
0.818103
0.818103
0.916390
1.133008
1.314495
0.966604
1.126282
1.018403
1.125601
1.133008
0.818103
1.079483
1.079483
1.119054
1.180304
1.023266
0.994983
1.180304
0.858552
1.119054
1.164624
1.079483
1.164624
0.858552
1.321651
1.164624
1.164624
1.344071
1.119054
1.344071
1.164624
1.073679
0.912180
1.344071
1.245754
1.073679
1.073679
1.245754
1.245754
1.007114
1.007114
1.007114
1.175844
1.245754
1.245754
1.073679
1.337666
1.131629
1.337666
1.260704
1.260704
1.488187
1.488187
1.446588
1.175844
1.446588
1.391354
1.285997
1.391354
1.166401
1.129337
1.131629
1.014225
1.174906
1.341413
0.973509
0.973509
1.081837
1.285997
1.109563
1.423135
1.166401
1.341413
1.426738
0.974051
0.974051
1.451633
1.241850
1.215267
1.451633
1.084216
1.358935
1.378480
1.378480
1.444345
1.421238
1.433037
0.940490
0.986571
1.084216
0.788887
0.788887
0.940490
1.000659
1.357839
1.433037
1.421238
1.155138
1.134369
1.277600
1.277600
1.368433
1.350901
1.237341
1.368433
1.070637
1.237341
1.070637
1.070637
1.070637
1.070637
1.195293
1.257199
1.311922
1.293807
1.173663
1.293807
1.173663
1.003458
0.892090
1.312463
1.168361
1.217269
0.818103
1.169848
0.818103
0.607383
0.614695
0.881593
0.614695
0.881593
1.133008
1.156247
0.604179
1.125601
1.058961
1.015043
1.125601
1.079483
1.164624
1.246946
0.939588
1.084428
0.858552
1.125601
0.912180
1.344071
0.994983
1.073679
1.073679
0.880808
1.344071
1.337666
0.880808
1.119054
1.245754
1.054779
0.880808
0.880808
1.245754
1.245754
1.245754
1.245754
1.245754
1.131629
1.718137
1.537380
1.391354
1.391354
1.537380
1.020560
1.073679
1.131629
1.488187
1.174906
1.361390
1.007114
1.391354
1.391354
1.020560
1.361390
1.318443
1.042579
1.129337
0.822433
1.341413
1.109563
1.264759
1.014225
0.973509
1.215267
1.003533
0.746723
1.129337
1.081837
1.274681
1.433037
1.423135
0.980151
1.081837
1.311288
1.311288
1.311288
1.433037
1.000659
1.000659
1.140132
1.444345
1.444345
1.084216
1.140132
1.155138
1.311288
1.155138
1.155138
1.003458
0.951557
0.979013
1.217269
1.169848
1.058961
1.018403
1.025155
1.023266
0.801924
1.032695
1.125601
1.069678
1.032695
1.032695
1.142819
1.164624
1.157721
1.344071
0.989754
1.009961
1.073679
1.157721
1.246946
1.157721
1.245754
1.245754
1.174182
1.534698
1.361551
1.361551
1.482724
1.361551
1.688885
1.174182
1.174906
1.361390
1.361390
1.175844
1.238099
0.973509
0.970823
1.264759
1.426738
1.241969
1.130233
1.183547
1.126972
1.126972
1.121039
1.257199
1.139120
0.979013
0.892090
1.139120
1.181697
1.181697
0.979557
1.187430
1.169848
1.187430
1.187430
1.354720
0.909962
1.023266
1.023266
1.025155
1.023266
1.023266
0.989754
1.069678
1.009961
1.032695
0.842866
1.318443
1.229778
1.361551
1.718137
1.534698
1.017572
1.017572
1.011267
0.844458
1.005957
1.024271
1.017572
0.970823
0.970823
1.014225
0.835897
1.413943
0.844458
1.274681
1.313962
1.264759
1.235717
1.005957
1.130233
1.130233
1.130233
0.980151
1.121039
1.126972
1.126972
0.892090
0.979557
0.979557
1.139120
1.217269
0.951010
1.169848
1.018403
1.010901
0.951010
1.010901
0.801924
0.801924
0.951010
0.801924
1.010901
1.156247
1.069678
1.032695
1.086032
1.086032
1.211844
1.011267
1.157721
1.337666
1.361551
1.157721
1.361551
1.011267
1.229778
1.489123
1.229778
1.361551
1.361551
1.318443
1.017572
1.361390
1.311863
1.024271
0.970823
1.413943
0.970823
1.017572
1.264759
0.970823
1.274681
1.235717
1.005957
1.235717
1.005957
1.183635
1.183635
1.183635
1.235717
1.005957
1.121039
1.059466
0.935318
1.126972
1.044181
1.130778
0.957671
1.139120
1.217269
0.951010
1.187430
0.951010
1.187430
1.004029
1.187430
1.217269
0.966604
1.156247
0.801924
1.025155
1.025155
1.307957
1.069678
1.156247
1.223731
1.211844
1.032695
1.032695
1.064013
1.084428
0.989754
1.223731
1.069678
1.011267
0.947018
1.157721
1.011267
1.148659
1.009961
1.086032
1.086032
1.318443
1.366558
1.361390
1.361390
1.086032
1.242049
1.318443
1.311863
1.311863
1.024271
1.011267
1.227772
1.183635
1.235717
1.024271
1.024271
1.183635
1.235717
1.024271
1.183635
1.044181
1.195293
0.903139
0.957671
1.139120
1.003458
1.048967
1.331992
1.126972
1.035835
1.048967
0.951010
0.979702
0.896025
1.015043
0.979702
1.034544
0.927136
0.896025
1.157721
1.084428
1.086032
1.366558
0.843599
1.055996
1.055996
1.318443
1.361390
1.177477
1.318443
1.208226
1.336481
0.843599
1.038277
1.055996
1.229792
0.976901
1.274681
0.843599
1.235717
0.955519
0.955519
0.903139
0.903139
0.955519
1.059466
1.059466
0.955519
0.957671
0.793043
1.035835
1.187845
1.048967
1.187845
1.004029
0.859255
1.164758
1.169848
1.063712
1.063712
1.035835
1.194241
1.156172
1.064013
1.194241
1.194241
0.943843
1.069678
1.107830
1.148659
1.154617
1.194241
1.366558
1.245774
1.222569
1.148659
1.148659
1.366558
1.336481
1.336481
1.154617
0.898326
1.154617
1.227772
1.055996
1.227772
1.227772
1.227772
1.090772
1.090772
1.038277
1.202951
0.976901
1.038277
1.202951
1.100435
1.044181
0.955519
1.044181
0.955519
1.059466
1.130778
0.951557
0.951557
0.951557
0.957671
1.187845
0.935318
0.935318
0.859255
1.035835
1.035835
1.187845
0.859255
0.859255
1.187845
1.187845
1.048967
1.164758
0.896025
0.896025
0.943843
1.063712
1.156172
1.194241
1.156172
1.034544
1.267033
1.064013
1.245774
1.330742
1.310470
1.154617
1.154617
1.366558
1.336481
1.336481
1.034544
1.360024
1.360024
1.310470
1.310470
1.202951
1.202951
1.055996
0.729586
0.903139
0.903139
1.044181
1.044181
1.059466
1.044181
0.951557
0.901382
0.859255
1.147853
1.147853
1.048967
1.035835
1.048967
0.896025
1.063712
1.035835
0.991377
1.248315
1.164758
1.063712
1.063712
1.222569
1.330742
1.249564
1.255470
0.943843
1.248315
1.321101
1.321101
1.330742
1.323942
1.310470
1.222569
1.039240
1.360024
1.107830
1.222569
1.267033
1.249564
1.360024
1.323942
1.310470
1.249564
0.903139
0.729586
0.903139
0.812844
1.044181
0.901382
0.846458
0.933316
0.812844
0.809234
0.901382
1.035835
0.860810
0.738393
0.860810
0.860810
0.954445
0.954445
1.226698
0.896025
0.896025
0.991377
1.008576
1.010756
1.010756
1.010756
0.901382
0.902781
0.994295
0.994295
0.902781
1.248315
1.044961
1.323942
1.222569
0.991377
1.255470
1.107830
0.729586
0.846458
0.901382
0.901382
0.846458
0.846458
0.954445
0.954445
0.954445
0.991377
0.933316
0.994295
0.846458
0.902781
0.933316
1.044961
0.954445
0.902781
0.991377
1.337666
1.337666
1.337666
1.337666
1.056524
1.056524
1.056524
1.002257
0.865448
0.865448
1.002257
1.002257
1.482724
1.260704
1.245754
1.718137
1.534698
1.718137
1.718137
1.361390
0.987521
1.341382
1.482724
1.482724
0.987521
0.987521
0.987521
1.482724
1.341382
