5002 1 1
0.753403
0.873489
1.059966
0.980903
1.065475
0.873489
0.865514
0.792026
1.018536
1.018536
0.964882
0.753403
0.753403
0.856926
0.790532
0.753403
1.030314
1.230348
1.065475
0.856926
0.803360
0.803360
0.735981
0.803360
0.997648
1.065475
0.873489
0.817946
0.980903
1.086129
1.059966
1.059966
1.092182
1.092182
0.901611
0.717950
0.717950
0.921073
1.018536
1.060085
0.865514
0.921073
1.018536
0.980903
0.792026
0.865514
0.768810
0.875516
0.875516
1.018536
0.829780
0.829780
0.916024
0.900744
0.916024
0.965986
0.753403
0.790532
0.790532
0.913183
1.262896
1.262896
0.999032
1.169882
1.053720
1.306892
1.086129
1.262896
0.997648
0.901611
1.055404
1.201798
0.898702
0.855269
0.740888
1.310684
1.213079
0.717950
0.980903
1.098814
0.921073
0.912023
0.717950
1.060057
0.854093
0.792026
1.226851
1.092182
0.829780
0.865514
0.875516
0.945264
0.837178
0.964882
1.004337
1.034216
1.079388
1.004337
0.979737
0.900744
1.114866
0.979737
1.044698
1.044698
1.044698
0.837221
1.194119
0.920338
0.999032
0.880607
1.106960
1.230348
1.230348
1.194119
0.920338
0.999032
0.837221
1.212445
0.855269
1.169882
1.262896
1.079035
1.055404
0.898702
0.855269
0.898702
1.306892
0.941876
0.941876
1.213079
1.201798
1.310684
1.098814
1.098814
1.098814
1.107068
1.091498
1.091498
1.107068
0.912023
1.168664
1.168664
1.310684
1.283501
0.912023
1.226851
1.226851
1.226851
0.854093
0.768810
1.152392
1.091498
0.945264
0.979737
0.904751
0.904751
0.904751
0.904751
1.004337
1.060057
0.979737
1.004337
0.890977
0.935254
0.935254
0.978924
0.974154
1.044698
1.029904
0.974154
0.877614
0.974154
0.837221
0.837221
1.018843
1.068410
1.113484
0.880607
0.880607
0.837221
0.837221
0.837221
1.160243
1.160243
1.160243
0.937712
0.788015
1.106960
1.017164
0.920338
1.271127
0.855269
1.271127
1.079035
1.169882
1.169882
1.115593
1.169882
1.306937
1.318309
1.079035
1.306937
1.135003
1.318309
1.135003
1.135003
1.135003
1.107068
1.318309
1.107068
1.107068
0.935454
0.935454
1.091498
0.854093
1.267923
0.854093
1.226851
1.114866
1.040496
1.091498
1.060057
1.040496
1.074291
0.935454
0.979737
0.979737
1.040496
0.890977
0.935254
1.029904
1.068426
1.040496
0.844520
0.978924
0.913436
1.114866
1.029904
0.913436
0.877614
0.856126
0.977153
0.913436
0.974154
0.898712
0.957202
0.974154
0.971939
0.681677
0.753496
0.753496
1.113484
0.971939
1.068410
0.880607
0.794811
0.794811
0.937712
0.829443
1.018843
1.128153
1.212445
0.920338
0.920338
1.212445
1.196492
0.937712
0.788015
1.017164
0.937712
0.788015
1.169882
1.212445
1.271127
1.201798
1.306937
1.306937
1.271127
1.115593
1.318309
1.135003
1.135003
1.134528
1.135003
0.912023
1.318309
1.318309
1.307477
0.912023
0.912023
1.136100
1.020233
1.307477
1.307477
1.107068
1.091498
1.307477
1.267923
0.854093
0.807554
1.267923
1.091498
0.883807
1.114866
1.114675
1.040496
0.904751
0.904751
0.807554
1.068426
1.208639
1.114866
0.856154
1.165522
0.844520
0.890977
0.844520
1.082145
1.068426
1.005327
0.977153
0.957202
0.957202
1.029904
0.856126
0.856126
0.856126
0.898712
0.974154
0.957202
0.898712
0.898712
0.750615
1.017963
0.974814
0.974814
1.097310
0.784331
1.062031
1.097310
0.750615
1.113484
1.097310
1.128153
1.124863
0.939372
0.753496
1.018843
0.829443
1.017963
1.128153
0.961506
1.245400
1.245400
1.119616
1.106960
0.797224
0.892416
1.350000
0.855269
1.293794
1.220285
1.169882
1.271127
1.424531
1.424531
1.017164
0.855269
1.079035
1.488409
1.488409
1.132621
1.333207
1.132621
1.134528
1.296446
1.525076
1.292043
1.469622
1.292043
1.234346
1.234346
1.068426
0.954813
1.253307
1.360191
1.469622
1.237382
1.068426
1.007501
1.064226
1.153882
1.005327
0.877614
1.064226
0.992521
1.080645
1.080645
0.910142
0.977153
0.958415
0.926961
0.903131
0.903131
1.044496
0.895413
0.991051
0.895413
0.937473
1.026435
0.895413
0.665474
0.955252
0.874732
0.694193
0.955252
0.665474
0.974814
0.750615
0.665474
0.717172
0.908662
0.694193
0.784331
0.750615
0.824371
1.017963
0.824371
0.961506
0.961506
0.797224
0.710840
1.245400
1.119616
1.119616
1.063657
1.245400
0.892416
1.070115
1.418954
1.293794
1.164771
1.164771
1.418954
1.063657
1.164771
1.418954
1.150055
1.244846
1.424531
1.481834
1.251865
1.244846
1.244846
1.488409
1.488409
1.296446
1.296446
1.525076
1.523104
1.310757
1.217073
1.119316
1.329641
1.329641
1.005254
1.292043
1.072667
1.523104
1.234346
1.292043
1.234346
1.253307
1.005254
0.930081
0.930081
1.253307
1.469622
1.163563
1.163563
0.954813
1.095578
1.163563
0.992521
1.163563
0.938789
1.007501
1.080645
0.938789
0.938789
0.873501
0.992521
1.153882
0.844520
1.044496
0.988512
0.873501
0.988512
0.926961
0.958210
0.852190
0.958415
0.926961
0.926961
0.937473
0.958210
0.895413
0.895413
0.937473
0.937473
0.937473
0.597673
0.597673
0.629380
0.874732
0.649252
0.649252
0.694193
0.597673
0.905707
0.717172
0.831770
0.912335
0.905707
0.728615
0.665474
1.017963
1.124863
0.728615
0.838133
1.114165
0.961506
0.710840
1.245400
1.063657
0.797224
1.315868
1.209743
1.350000
1.418954
1.406286
1.315868
1.150055
1.063657
1.418954
1.418954
1.224623
0.959413
1.224623
1.251865
1.464576
1.525076
1.296446
1.525076
1.258661
1.310757
1.278580
1.172672
1.292043
1.365815
1.459572
1.278580
1.523104
1.249351
1.237382
1.237382
1.237382
1.155676
0.954813
1.153882
1.267099
1.044496
1.095578
1.008028
1.163300
0.903131
1.080645
0.988512
1.044496
0.832605
0.877134
0.852190
0.852190
0.873501
0.852190
0.958210
0.895413
0.895413
0.958210
0.937473
0.937473
0.831770
0.874732
0.874732
0.629380
0.629380
0.597673
0.597673
0.912335
0.831770
0.831770
0.908662
0.908662
0.998795
0.622354
0.562269
0.622354
0.710840
0.710840
1.208288
0.837164
0.838133
0.838133
0.797224
1.114165
1.209743
0.797224
1.220285
1.209743
1.209743
0.952311
1.044303
1.044303
1.315868
1.224623
1.150055
1.150055
1.150055
1.224623
1.224623
1.341114
1.251865
1.464576
1.050264
1.296446
1.487626
1.464576
1.310757
1.523104
1.347793
1.310757
1.252856
1.523104
1.418061
1.485795
1.278580
1.417121
1.365815
0.930081
1.005254
1.365815
1.267099
1.155676
0.892359
0.930081
0.892359
1.085094
1.163563
0.938789
1.267099
1.095578
1.014273
0.903131
1.055996
1.267099
0.873501
0.873501
0.974216
0.938670
0.988512
0.903131
0.850022
0.852190
0.877134
0.958210
0.958210
0.852190
0.877134
0.852190
0.895413
0.958210
0.877134
0.775794
0.809730
0.853662
0.853662
0.886773
0.857485
0.926385
0.584199
0.842000
0.649252
0.597673
0.648679
0.584199
0.804705
0.831770
0.649252
0.562269
0.977839
0.982929
0.608144
0.831770
0.728615
1.088226
0.622354
1.208288
1.208288
1.209743
1.209743
1.315868
1.357528
1.086475
1.209840
0.892416
1.323722
1.059238
1.398925
1.008027
1.329740
1.305161
1.113980
1.059238
1.445917
1.445917
1.361681
1.224623
1.406286
1.008027
1.400672
1.400672
1.259214
1.631429
1.487626
1.631429
1.050264
1.152813
1.458072
1.259214
1.189059
1.152813
1.458072
1.485795
1.621303
1.631429
1.621303
1.072667
1.418061
1.005254
1.343089
1.417121
1.554340
1.249351
1.253490
1.278580
1.387049
1.315940
1.217091
1.003158
1.134382
1.084276
1.315940
1.468048
1.267099
1.219949
1.137881
1.007501
1.088391
1.237605
1.226011
1.318511
0.954813
1.055996
1.060558
1.022251
0.850022
0.850022
0.893542
0.867094
0.775794
0.893542
0.822520
0.857485
0.822520
0.822520
0.853662
0.900316
0.612876
0.584199
0.804705
0.804705
0.876719
0.882883
0.905707
0.893883
0.584199
0.708466
0.608144
0.608144
0.977839
0.977839
0.814365
0.728615
0.608144
0.977839
1.088226
1.070065
0.948277
1.357528
1.208288
1.149540
1.065113
1.495101
1.288914
1.065113
1.065113
1.059238
1.301814
1.243289
1.113980
1.361681
1.548769
1.548769
1.597543
1.152813
1.113980
1.189059
1.458072
1.458072
1.445917
1.400672
1.400672
1.418061
1.454325
1.621303
1.621303
1.343089
1.084276
1.253490
1.253490
1.253490
1.554340
1.172672
1.387049
1.134382
1.315940
1.217091
1.084276
1.440681
1.440681
1.318511
1.440681
1.318511
1.000520
0.954813
1.201139
1.137881
1.338945
0.938789
1.226011
1.137881
1.118270
1.056101
1.022251
1.022251
0.909218
0.975933
0.850022
1.118270
1.031370
0.963406
0.770008
0.822520
0.857485
0.926385
0.809730
0.900316
0.822520
0.900316
0.842000
0.612876
0.612876
0.612876
0.842000
0.804705
0.637506
0.637506
0.584199
0.876719
0.720219
0.982929
0.977839
0.963232
0.720712
0.808500
0.775168
1.070065
1.070065
1.070065
0.808500
0.678671
0.808500
0.883946
1.288914
1.288914
1.429759
1.213035
1.145866
1.495101
1.429759
1.059238
1.398925
1.445917
1.495101
1.361681
1.113980
1.347504
1.445917
1.418061
1.358114
1.343089
1.152813
1.631429
1.631429
1.328918
1.189059
1.631429
1.189059
1.545260
1.621303
1.189059
1.494281
1.554340
1.172672
1.326809
1.387049
1.326809
1.326809
1.440681
1.315940
1.554340
1.318511
1.440681
1.134382
1.134382
1.088391
1.068321
1.008028
1.137881
1.216510
1.137881
1.082491
1.175570
1.008028
1.137881
0.976257
0.893542
0.974216
0.975933
0.832605
0.893542
0.850022
0.857485
0.857485
0.963406
0.770008
0.919721
0.926385
0.867094
0.867094
0.867094
0.822520
0.822520
0.926385
0.758553
0.900316
0.758553
0.785904
0.842000
0.584199
0.584199
0.876719
0.829709
0.910967
0.617653
0.617653
0.876719
0.893883
0.608144
0.542215
0.932201
0.977839
0.720219
1.040021
0.678671
0.924044
0.924044
1.149540
1.488096
1.429759
1.306399
1.222369
1.398925
1.243289
1.363494
1.301814
1.113980
1.445917
1.601457
1.495101
1.361681
1.301814
1.347504
1.113980
1.631429
1.631429
1.631429
1.470253
1.470253
1.400672
1.400672
1.400672
1.400672
1.545260
1.558692
1.558692
1.329567
1.545260
1.545260
1.545260
1.545260
1.326809
1.494281
1.278657
1.407227
1.172672
1.201139
1.084276
1.350013
1.318511
1.201139
1.318511
1.216510
1.008028
1.082491
0.903131
0.974216
0.974216
1.124003
0.974216
0.976257
0.975933
0.893542
0.975933
0.884902
0.770008
0.958973
0.919721
0.884902
0.884902
0.952995
0.785634
0.711780
0.785904
0.785904
0.818681
0.818681
0.926385
0.758553
0.758553
0.587844
0.551205
0.551205
0.829709
0.637506
0.804705
0.893883
0.926533
0.637506
1.040021
0.977839
0.720219
0.720219
1.040021
1.040021
0.646650
0.608144
0.808500
0.904517
1.118907
0.882883
1.149540
0.882774
1.035300
1.035300
1.149540
1.169414
1.065113
1.393329
1.065113
1.393329
1.288914
1.145866
1.243289
1.243289
1.495101
1.389044
1.443316
1.306399
1.495101
1.113980
1.222369
1.548769
1.647726
1.363494
1.410235
1.361681
1.601457
1.328918
1.329567
1.470253
1.631429
1.695727
1.629266
1.558692
1.629266
1.629266
1.404076
1.470253
1.400672
1.470253
1.695727
1.695727
1.629266
1.549194
1.329567
1.398131
1.329567
1.278657
1.557608
1.455414
1.186404
1.139068
1.270390
1.201139
1.186404
1.092240
1.169726
0.938670
1.124430
1.124430
1.124430
1.216510
0.974216
1.056101
0.893542
1.022251
0.887563
0.806354
0.811525
0.806354
0.811525
0.844452
0.884902
0.770008
0.806354
0.844452
0.740181
0.740181
0.844452
0.825375
0.835828
0.818681
0.854086
0.811597
0.811597
0.818681
0.835828
0.802509
0.771327
0.673180
0.727917
0.842341
0.847644
0.673180
0.926533
0.926533
0.579959
0.673180
0.926533
0.775168
1.022111
1.022111
1.162451
1.070065
0.678671
1.407766
1.230663
1.308853
1.299519
0.962038
1.299519
0.977221
1.230663
1.389044
1.548231
1.306399
1.548231
1.548769
1.601457
1.498939
1.647726
1.647726
1.363494
1.695727
1.404076
1.470253
1.541751
1.549194
1.314061
1.528937
1.528937
1.557608
1.627749
1.398131
1.328608
1.421589
1.333184
1.333184
1.215406
1.068321
1.259098
1.259098
1.088391
1.259920
1.064847
1.064847
1.064847
1.124430
1.124430
1.064847
1.026315
1.165590
1.026315
1.165590
0.934226
1.026315
1.063988
1.165590
0.844452
0.844452
0.806354
0.916376
0.825375
0.803061
0.774959
0.811597
0.774959
0.774959
0.854086
0.774959
0.774959
0.740947
0.424895
0.397467
0.473862
0.473862
0.473862
0.650804
0.650804
0.802509
0.829709
0.587844
0.645025
0.587844
0.551205
0.587844
0.802509
0.829709
0.617653
0.551205
0.617653
0.842341
0.673180
0.673180
0.579959
0.926533
0.579959
0.932201
1.022111
1.022111
1.022111
1.118907
0.733669
0.796229
0.733669
1.118907
1.035300
1.118907
1.169414
1.308853
1.214204
1.299519
1.306399
1.548231
1.487524
1.541751
1.541751
1.541751
1.363494
1.363494
1.410235
1.410235
1.601457
1.601457
1.541751
1.410235
1.436970
1.410235
1.317314
1.317314
1.404076
1.363494
1.410235
1.695727
1.647726
1.695727
1.498939
1.549194
1.549194
1.528937
1.328608
1.314061
1.328608
1.455414
1.333184
1.215406
1.247106
1.169726
1.259098
1.237605
1.237605
1.180968
1.242707
1.124430
1.064847
1.124430
0.970131
0.970131
1.063988
0.934226
1.026315
1.010023
0.887563
0.934226
1.016105
0.952995
1.063988
0.861486
0.952995
0.803061
0.740181
0.774959
0.803061
0.811597
0.835828
0.835828
0.369244
0.603640
0.650804
0.709611
0.650804
0.650804
0.650804
0.608197
0.650804
0.587844
0.761580
0.473862
0.709611
0.802509
0.709611
0.551205
0.551205
0.802509
0.829709
0.829709
0.673180
0.859611
0.656897
0.587844
0.842341
0.761580
0.926533
0.842341
0.926533
0.981715
0.926533
0.685867
0.579959
0.617653
0.774475
0.932201
0.926533
0.774475
0.774475
1.040021
1.040021
0.775168
1.022111
0.775168
1.096570
1.178128
0.733669
1.267212
1.349009
1.267212
0.962038
1.156658
1.125844
1.214204
0.962038
1.230663
1.125844
1.257418
1.430407
1.548231
1.601457
1.487524
1.680097
1.647726
1.680097
1.410235
1.410235
1.647726
1.549194
1.541751
1.470253
1.470253
1.498939
1.466866
1.317314
1.528937
1.314061
1.328608
1.528937
1.215406
1.270390
1.350013
1.237605
1.350013
1.350013
1.350013
1.218361
1.247106
1.180968
1.181498
1.092240
1.092240
1.026315
1.092240
1.076868
1.063988
0.887563
0.933325
0.844452
0.958973
0.806354
0.740181
0.825375
0.825375
0.811597
0.811597
0.861486
0.737930
0.774959
0.686633
0.766759
0.854086
0.766759
0.414295
0.424895
0.385692
0.574041
0.414295
0.536339
0.516945
0.709611
0.536339
0.605997
0.451436
0.424895
0.531521
0.827122
0.743392
0.608197
0.785953
0.761580
0.605997
0.576232
0.551205
0.507485
0.785953
0.576232
0.576232
0.827122
0.605997
0.587844
0.673180
0.605997
0.802509
0.656897
0.921712
0.741074
0.842341
0.646650
0.981715
0.842341
0.842341
1.040021
1.108709
0.775168
1.108709
1.219224
0.882774
0.882774
0.796229
1.243571
0.930006
0.960826
0.882774
0.912251
1.118907
0.882774
1.009690
1.009690
1.267212
1.257418
1.576432
1.430407
1.328493
1.548231
1.576432
1.306399
1.367883
1.499439
1.626754
1.548231
1.487524
1.391545
1.499439
1.647726
1.601457
1.391545
1.379025
1.695727
1.498939
1.521590
1.375893
1.443125
1.568079
1.549194
1.314061
1.375893
1.534238
1.371674
1.328608
1.486978
1.304988
1.304988
1.457437
1.215406
1.139068
1.218361
1.329058
1.186404
1.252555
1.326968
1.242707
1.252555
1.273983
1.064847
1.242707
1.009924
1.147163
1.040480
1.092240
1.040480
1.006341
0.887563
0.911899
0.958973
0.874270
0.933325
0.958973
0.861486
0.825375
0.796638
0.778086
0.758716
0.711830
0.700900
0.811597
0.740947
0.732379
0.758716
0.778940
0.778940
0.385692
0.369244
0.634261
0.414295
0.385692
0.743392
0.743392
0.536339
0.827122
0.531521
0.605997
0.605997
0.531521
0.785953
0.732180
0.576232
0.531521
0.827122
0.827122
0.684770
0.859611
0.718462
0.718462
0.954268
0.718462
0.718462
0.921712
0.877098
0.954268
0.656897
0.656897
0.877098
0.877098
0.678462
0.613643
1.111483
1.108709
0.847807
0.847807
1.111483
0.852295
1.117314
0.796229
1.219224
0.904517
0.969118
1.075507
1.178128
1.178128
1.307313
1.035300
0.912251
0.796229
1.307313
1.307313
1.035300
1.075507
1.009690
1.156658
1.257418
1.257418
1.548231
1.576432
1.576432
1.626754
1.443125
1.417655
1.417655
1.439588
1.367883
1.410235
1.466866
1.439588
1.680097
1.680097
1.521590
1.439588
1.521590
1.466866
1.466866
1.443125
1.443125
1.379474
1.379474
1.574803
1.329058
1.361139
1.361139
1.411911
1.339921
1.186404
1.326968
1.214088
1.268328
1.186404
1.391191
1.202221
1.181498
1.273983
1.202221
1.202221
1.180968
1.202221
1.242707
1.049984
1.108126
1.009924
1.026315
0.982429
1.076868
0.960312
0.960312
0.934226
0.966316
0.873876
0.768867
0.982429
1.076868
0.982429
0.874270
0.883277
0.874270
0.874270
0.758385
0.758385
0.826148
0.758385
0.883277
0.758716
0.758716
0.797735
0.732379
0.755850
0.797735
0.385692
0.385692
0.589789
0.634261
0.634261
0.634261
0.743392
0.774205
0.732180
0.642172
0.652922
0.827122
0.827122
0.732180
0.732180
0.613643
0.785953
0.921712
0.827122
0.785953
0.576232
0.656897
0.877098
0.684770
0.684770
0.684770
0.656897
0.921712
0.921712
0.954268
0.954268
0.877098
0.921712
0.981715
0.954268
0.921712
0.877098
0.954268
0.988151
0.847807
0.847807
0.847807
1.230121
1.108709
0.962844
0.969118
0.969118
0.988151
0.960826
0.912251
0.796229
1.178128
1.075507
1.075507
1.009690
1.165656
1.165656
1.417857
1.355793
1.499439
1.576432
1.499439
1.367883
1.328493
1.328493
1.367883
1.439588
1.622241
1.622241
1.576432
1.391545
1.439588
1.466866
1.466866
1.439588
1.680097
1.417655
1.417655
1.466866
1.322172
1.375893
1.574803
1.379474
1.534238
1.717770
1.663848
1.663848
1.493129
1.493129
1.457437
1.361139
1.504951
1.361139
1.504951
1.326968
1.405657
1.268328
1.186404
1.326968
1.125437
1.242707
1.202221
1.202221
1.009924
1.242707
1.117754
1.020327
1.040480
1.129197
0.940193
1.076868
1.181498
0.911899
1.009924
1.117754
0.911899
0.963331
0.836773
0.878574
0.867746
0.700900
0.755850
0.700900
0.796638
0.777393
0.758716
0.732379
0.778940
0.732379
0.732379
0.778940
0.352241
0.529010
0.521361
0.589789
0.395335
0.589789
0.589789
0.559344
0.589789
0.536339
0.451436
0.642172
0.536339
0.638212
0.605997
0.536339
0.550175
0.451436
0.882347
0.623072
0.605997
0.785953
0.613643
0.613643
0.877098
0.877098
0.656897
0.656897
0.656897
0.684770
0.684770
0.718462
0.921712
0.954268
0.954268
0.954268
0.717349
0.656897
0.684770
1.111483
1.111483
1.079420
0.678462
0.988151
0.988151
1.111483
0.678462
1.111483
1.230121
1.008786
1.261988
1.219224
0.960826
0.912251
1.190748
1.075507
1.430407
1.257418
1.156658
1.430407
1.510534
1.257418
1.293547
1.499439
1.428332
1.576432
1.370937
1.388392
1.499439
1.387754
1.321572
1.622302
1.388392
1.417655
1.439588
1.680097
1.680097
1.680097
1.680097
1.322172
1.466866
1.680097
1.680097
1.466866
1.466866
1.443125
1.375893
1.443125
1.557825
1.557825
1.416151
1.441077
1.508773
1.476058
1.717770
1.702495
1.702495
1.663848
1.405657
1.405657
1.441077
1.508773
1.583069
1.304988
1.457437
1.663848
1.329058
1.329058
1.423028
1.326968
1.504951
1.268328
1.405657
1.252555
1.423028
1.326968
1.423028
1.423028
1.423028
1.242707
1.234922
1.242707
1.202221
1.304736
1.078989
1.117754
1.212862
1.020327
1.117754
1.020327
1.020327
1.054838
0.852860
0.836773
0.925942
0.925942
0.956066
0.758385
0.826148
0.874270
0.874270
0.874270
0.874270
0.791308
0.856944
0.758716
0.700900
0.796638
0.755850
0.755850
0.755850
0.732379
0.739783
0.758716
0.755850
0.778940
0.778940
0.797735
0.778940
0.529010
0.414295
0.529010
0.479634
0.634261
0.460139
0.479634
0.385692
0.395335
0.385692
0.758248
0.774205
0.882347
0.784519
0.550175
0.859611
0.904850
0.877098
0.827122
0.921712
0.904850
0.821069
0.838892
0.772062
0.684298
0.711553
0.623072
1.041330
1.074094
1.074094
0.988151
0.980888
1.106306
0.711553
1.253537
1.111483
0.969118
0.912251
1.353442
1.219224
1.110963
0.931555
0.831893
1.106681
1.326170
1.075507
1.326170
1.307313
1.307313
1.307313
1.288576
1.009690
1.208015
1.307313
1.161469
1.327230
1.512429
1.512429
1.367883
1.370937
1.576432
1.576432
1.388392
1.398238
1.466866
1.388368
1.370937
1.273086
1.680749
1.417655
1.680749
1.267890
1.375893
1.443125
1.424909
1.451809
1.371674
1.509058
1.557825
1.491100
1.717770
1.271448
1.508773
1.683695
1.702495
1.702495
1.702752
1.702752
1.509058
1.473763
1.438747
1.438747
1.467100
1.457437
1.405657
1.438747
1.247359
1.277803
1.467100
1.268328
1.234922
1.281469
1.242707
1.179075
1.179075
1.202221
1.236898
1.335582
1.270491
1.140922
1.304736
1.132828
1.140922
1.078989
1.132828
1.078989
1.168818
1.185448
1.168818
1.220917
1.220917
1.008081
1.033013
1.185448
1.181498
1.158357
1.104922
1.066088
1.220917
1.108126
0.956066
1.058656
0.942593
0.956066
1.089003
0.942593
0.844203
0.869322
0.775552
0.852860
0.925942
0.867746
0.796638
0.796912
0.824656
0.758716
0.755850
0.796638
0.772732
0.717801
0.362320
0.565093
0.435548
0.479634
0.395335
0.395335
0.652922
0.647090
0.647090
0.550175
0.743392
0.550175
0.717349
0.605997
0.840738
0.956029
0.840738
0.956029
0.717349
0.956029
0.717349
0.684298
0.684298
0.810848
0.838892
0.810848
0.772062
1.007427
0.956029
0.810848
0.838892
0.810848
0.772062
0.772062
0.711553
0.772062
1.106306
1.106306
1.106306
0.810848
0.772062
1.074094
1.074094
1.129944
0.933341
0.772062
1.007427
1.117314
1.152568
1.206455
1.000232
0.838892
0.810848
0.887314
0.831893
1.000232
1.261988
1.253537
1.008786
1.000232
1.244661
1.219224
1.110963
0.831893
1.106681
1.033682
0.931555
1.033682
1.195269
1.208015
1.425006
1.253823
1.208015
1.293547
1.428332
1.253823
1.512429
1.327230
1.575377
1.388392
1.273086
1.328493
1.367883
1.370937
1.273086
1.370937
1.370937
1.370937
1.622302
1.622302
1.622302
1.388392
1.417655
1.388392
1.451700
1.322172
1.466866
1.413396
1.443125
1.429169
1.429169
1.591126
1.438747
1.357399
1.607735
1.320455
1.358751
1.198906
1.495496
1.335582
1.168818
1.335582
1.140922
1.220917
1.247359
1.140922
1.220917
1.108126
1.140922
1.104922
1.185448
1.158357
1.158357
1.034308
1.104922
1.104922
1.220917
1.220917
1.220917
1.220917
1.058656
1.054838
1.033013
1.066088
0.973231
0.973231
0.967611
0.844203
0.775552
0.758385
0.887755
0.810557
0.878574
0.706140
0.824656
0.772732
0.733962
0.797735
0.824656
0.824656
0.717801
0.733962
0.733962
0.362320
0.362320
0.336119
0.336119
0.362320
0.558921
0.565093
0.565093
0.634261
0.647090
0.634261
0.550175
0.784519
0.550175
0.717349
0.717349
0.956029
0.717349
0.717349
0.956029
1.074094
0.772062
0.623072
0.904850
0.711553
1.007427
1.007427
1.074094
1.007427
0.711553
1.074094
0.810848
0.933341
0.772062
0.772062
0.711553
0.772062
1.206455
1.129944
1.129944
0.831893
0.831893
1.007427
1.206455
1.106306
1.129944
0.968982
0.968982
0.838892
0.933341
0.838892
0.933341
0.831893
1.117314
1.253537
1.261988
1.353442
1.326170
1.326170
1.033682
1.425006
1.512429
1.253823
1.428332
1.428332
1.428332
1.293547
1.451700
1.273086
1.370937
1.575377
1.622302
1.470932
1.429169
1.663848
1.683695
1.591126
1.683695
1.491100
1.491100
1.683695
1.683695
1.509058
1.702752
1.702752
1.378970
1.416151
1.416151
1.509058
1.438747
1.702752
1.453067
1.607735
1.616099
1.616099
1.453067
1.495496
1.616099
1.364172
1.297875
1.364172
1.364172
1.495496
1.335582
1.358627
1.335582
1.123262
1.270491
1.165269
1.165269
1.104922
1.158357
1.140922
1.104922
1.220917
1.008081
1.066088
1.185448
1.103273
1.036940
1.036940
1.008081
0.852860
0.852860
0.852860
0.871515
0.775552
0.871515
0.807878
0.775552
0.775552
0.826148
0.706140
0.706140
0.765395
0.765395
0.765395
0.824656
0.772732
0.772732
0.772732
0.765395
0.765395
0.824656
0.677393
0.709446
0.717801
0.733962
0.336119
0.529010
0.529010
0.529010
0.362320
0.435548
0.647090
0.479634
0.425357
0.647090
0.647090
0.751563
0.550175
0.550175
0.463440
0.638212
0.717349
0.956029
0.717349
0.993396
0.711553
0.721725
1.074094
1.206455
1.074094
1.104255
1.228065
1.253537
0.826052
0.772062
0.831893
0.887314
1.152568
1.228065
0.933341
0.831893
1.152568
1.206455
1.228065
1.228065
1.000232
0.968982
0.933341
1.075608
1.152568
1.152568
1.228065
1.253537
1.253537
1.008786
1.228065
1.261988
1.261988
1.425006
1.326170
1.293547
1.425006
1.293547
1.428332
1.293547
1.370937
1.622302
1.575377
1.512429
1.343041
1.512429
1.388392
1.309966
1.622302
1.575377
1.575377
1.288990
1.591126
1.491100
1.591126
1.372907
1.438747
1.607735
1.453067
1.453067
1.438747
1.271448
1.438747
1.438747
1.438747
1.364172
1.364172
1.277803
1.234922
1.364172
1.270491
1.270491
1.358627
1.220917
1.165269
1.230167
1.123262
1.136216
1.165269
1.066088
1.158357
1.140922
1.140922
1.103273
1.036940
1.008081
1.008081
1.066088
1.103273
1.103273
1.220917
1.036940
0.967611
0.977886
0.991003
0.991003
0.893355
0.869449
0.882428
0.882428
0.887755
0.765395
0.706140
0.739783
0.739783
0.765395
0.702479
0.677393
0.677393
0.717801
0.336119
0.362320
0.362320
0.529010
0.393644
0.395335
0.529010
0.604118
0.604118
0.638204
0.425357
0.638204
0.395335
0.549914
0.638204
0.783930
0.736148
0.738014
0.735601
0.840738
0.840738
0.826052
0.810848
1.019483
0.945410
1.007427
1.143156
1.206455
1.152568
0.971035
0.933341
1.152568
1.143156
1.000232
1.152568
1.143156
1.228065
0.971035
0.843535
1.143156
1.239433
0.936206
1.364717
1.110963
0.931555
1.353442
1.342539
1.409714
1.293547
1.282410
1.428332
1.428332
1.293547
1.253823
1.282410
1.512429
1.309966
1.192728
1.293547
1.531431
1.512429
1.363603
1.388392
1.363603
1.370937
1.363603
1.370937
1.429169
1.288990
1.248472
1.362768
1.362768
1.558334
1.372907
1.434897
1.455425
1.389434
1.616099
1.453067
1.453067
1.590086
1.607735
1.598552
1.598552
1.558334
1.558334
1.434897
1.340454
1.468866
1.495496
1.598552
1.358491
1.297875
1.493283
1.372947
1.371455
1.493283
1.453067
1.270491
1.198906
1.358627
1.348992
1.371455
1.348992
1.171816
1.165269
1.271125
1.371455
1.371455
1.230167
1.136216
1.230167
1.158357
1.158360
1.117172
1.158360
1.036940
1.073569
1.105952
0.991607
1.073087
1.054838
0.979525
0.955545
1.036940
1.036940
1.036940
1.066088
0.967611
0.897949
0.967471
0.973231
1.094495
0.967471
0.897949
0.973231
0.963904
0.988804
0.871515
0.917121
0.822893
0.942593
0.845826
0.844203
0.870139
0.771533
0.771533
0.775552
0.893355
0.765395
0.878574
0.771533
0.761131
0.845826
0.796912
0.810557
0.810557
0.733962
0.720543
0.702479
0.678225
0.733962
0.425357
0.604118
0.604118
0.425357
0.393644
0.568899
0.655545
0.549914
0.638212
0.655568
0.893977
0.738014
0.849313
0.882347
0.655545
0.655545
0.655545
0.735601
1.074094
1.104255
1.019483
1.007427
1.104255
1.104255
1.143156
0.843535
0.843535
1.143156
0.971035
1.143156
1.143156
1.143156
1.143156
1.143156
1.221095
0.971035
0.971035
0.968982
0.843535
1.221095
1.239433
1.221095
1.239433
1.092217
0.997074
0.971035
1.101570
1.102717
1.101570
1.342539
1.190748
1.342539
1.181663
1.181663
1.409714
1.282410
1.485094
1.363603
1.531431
1.485094
1.485094
1.550654
1.485094
1.249950
1.249950
1.363603
1.363603
1.276778
1.286582
1.434897
1.434897
1.389434
1.389434
1.389434
1.389434
1.590086
1.389434
1.556487
1.556487
1.386635
1.590086
1.590086
1.605878
1.605878
1.441094
1.372947
1.441094
1.493283
1.284434
1.277803
1.234968
1.271125
1.271125
1.189626
1.158360
1.165920
1.230167
1.165920
1.136216
1.158360
1.050786
1.165920
1.047499
1.105952
1.047499
1.050786
1.020769
1.066204
1.066204
0.979525
1.050786
0.991607
0.987039
0.955545
0.987039
0.991003
0.967471
0.893355
0.822893
0.870139
0.897480
0.845826
0.870139
0.822893
0.809598
0.870139
0.703798
0.746684
0.739783
0.765395
0.824656
0.808408
0.782616
0.425357
0.425357
0.425357
0.425357
0.425357
0.638204
0.604118
0.393644
0.568899
0.751563
0.604118
0.638204
0.549914
0.471927
0.393644
0.393644
0.751563
0.471927
0.549914
0.549914
0.866490
0.655545
0.866490
0.562276
0.964763
0.826052
0.617476
1.221095
1.143156
0.843535
1.239433
1.251906
1.251906
1.143156
1.351416
1.342539
1.409714
1.409714
1.434794
1.208015
1.409714
1.282410
1.282410
1.241215
1.282410
1.282410
1.409714
1.282410
1.410728
1.379839
1.531431
1.599325
1.249950
1.249950
1.348280
1.249950
1.348280
1.359074
1.348280
1.280437
1.275050
1.441094
1.598552
1.358491
1.284434
1.275050
1.275050
1.605878
1.441094
1.434897
1.372947
1.441094
1.493283
1.208121
1.474832
1.493283
1.284434
1.279594
1.372947
1.348992
1.189626
1.208887
1.279594
1.279594
1.279594
1.348992
1.136216
1.226829
1.158360
1.158360
1.020769
1.112066
1.226829
1.020769
1.050786
1.105952
1.105952
1.066204
1.066204
1.073569
0.955545
0.991607
0.988804
0.955545
0.955545
0.822893
0.822893
0.869449
0.893355
0.897740
0.897740
0.897480
0.782616
0.810557
0.746684
0.791622
0.761131
0.770571
0.694924
0.782616
0.709446
0.709446
0.720543
0.425357
0.604118
0.604118
0.604118
0.549914
0.549914
0.526570
0.655568
0.751563
0.549914
0.475290
0.471927
0.471927
0.866490
0.655545
0.655545
0.655545
0.826052
1.075230
0.735601
1.075230
0.964763
1.104255
1.104255
0.945410
0.826052
0.826052
1.221095
1.221095
0.971035
0.843535
1.181474
1.244923
1.221095
1.221095
1.320281
1.067840
0.936206
0.936206
1.244923
1.092217
1.092217
1.344420
1.351416
1.351416
1.262986
1.342539
1.280003
1.314778
1.342539
1.434794
1.409519
1.434794
1.181663
1.181663
1.036000

1.181663
1.282410
1.485094
1.485094
1.410728
1.309966
1.209040
1.362768
1.371733
1.280437
1.276778
1.280437
1.598552
1.605878
1.441094
1.418873
1.441094
1.598552
1.605878
1.364495
1.426761
1.234968
1.275050
1.290611
1.204487
1.271125
1.348992
1.348992
1.173512
1.208887
1.158360
1.226829
1.088120
1.116107
1.116107
1.226829
1.105952
1.066204
1.066204
1.059022
0.965962
0.917121
0.951964
0.987039
0.917121
0.893355
0.822893
0.822893
0.822893
0.870139
0.822893
0.870139
0.809598
0.806614
0.791622
0.746684
0.822893
0.822893
0.782616
0.791622
0.782616
0.770571
0.791622
0.709446
0.709446
0.604118
0.521128
0.587446
0.655568
0.695547
0.554694
0.526570
0.751563
0.471927
0.724366
0.724366
0.730702
0.735601
0.735601
0.964763
0.951138
0.815044
0.935781
0.945410
0.961438
1.067849
1.087827
0.924364
1.221095
1.052424
1.239433
1.344420
1.327376
1.320281
1.327376
1.170254
1.080801
1.101570
1.409519
1.181663
1.192535
1.253520
1.282410
1.434794
1.244579
1.244579
1.531431
1.410728
1.282410
1.348280
1.348280
1.301315
1.297249
1.359074
1.371733
1.187791
1.193115
1.231673
1.223284
1.598552
1.441094
1.418873
1.570475
1.573323
1.358491
1.441094
1.570475
1.468866
1.598552
1.493283
1.162258
1.208121
1.353978
1.493283
1.374735
1.271125
1.281905
1.446590
1.371455
1.366162
1.284434
1.208887
1.366162
1.208887
1.204487
1.158360
1.226829
1.224504
1.136216
1.073569
0.912219
0.967471
0.951964
1.044582
0.979525
0.917121
0.870139
0.888382
0.809598
0.800550
0.779119
0.779119
0.870139
0.809598
0.758060
0.780740
0.786798
0.808408
0.808408
0.694924
0.808408
0.800576
0.695547
0.521128
0.640467
0.475290
0.695547
0.695547
0.695547
0.607695
0.521128
0.852293
0.695547
0.737230
0.607695
0.607695
0.559813
0.559813
0.607695
0.690909
0.866490
0.690909
0.882869
0.815044
0.815044
1.056978
1.164846
0.961438
1.212146
1.212146
0.961438
1.074839
1.074839
1.074839
1.449306
1.485094
1.214399
1.494968
1.375187
1.214399
1.282410
1.244579
1.494968
1.494968
1.410728
1.287187
1.207653
1.159837
1.201996
1.297249
1.201996
1.223284
1.193115
1.193115
1.657428
1.640806
1.573323
1.573323
1.418315
1.162258
1.193115
1.418873
1.124325
1.162258
1.284434
1.357901
1.353978
1.262694
1.446590
1.281905
1.281905
1.204487
1.208887
1.124361
1.124361
1.088120
1.088120
1.113371
1.136216
1.124361
1.226829
0.983108
1.097905
1.224504
0.983108
1.020769
0.979542
1.105952
0.932483
0.965962
0.979525
0.965962
0.932483
0.979525
0.979525
0.961661
0.988804
0.822528
0.856157
0.852434
0.791622
0.786798
0.786798
0.790040
0.786798
0.790040
0.758060
0.758060
0.695547
0.559813
0.797328
0.559813
0.607695
0.607695
0.724366
0.607695
0.830692
0.852293
0.617476
0.559813
0.849313
1.056978
0.935781
1.056978
0.935781
0.935781
1.212146
0.935781
1.308405
1.052424
1.320281
1.170254
1.170254
1.170254
1.170254
1.244579
1.244579
1.409519
1.379839
1.379839
1.241215
1.214399
1.241215
1.241215
1.379839
1.165978
1.287187
1.379839
1.243361
1.287187
1.297401
1.174270
1.187791
1.174270
1.640806
1.640806
1.640806
1.484185
1.418315
1.418873
1.573323
1.550672
1.162258
1.434897
1.554028
1.570475
1.353978
1.357901
1.234968
1.208121
1.345865
1.345865
1.345865
1.281905
1.173512
1.168688
1.281905
1.168688
1.224504
1.224504
1.224504
1.028225
1.028225
1.047499
1.097905
1.004283
1.097905
1.097905
0.912219
1.004283
1.004283
0.912219
0.932483
0.965962
0.822528
0.876615
0.962165
0.880804
0.860680
0.880804
0.880804
0.880804
0.743340
0.822528
0.897740
0.780740
0.743340
0.852434
0.787790
0.790040
0.806614
0.786798
0.797328
0.797328
0.797328
0.607695
0.559813
0.797328
0.690909
0.617476
0.617476
0.617476
0.951138
1.180854
0.768952
0.935781
1.052424
1.308405
1.022965
1.052424
1.320281
1.327376
1.327376
1.170254
1.170254
1.170254
1.262986
1.449306
1.262986
1.208477
1.449306
1.379839
1.216666
1.379839
1.284747
1.379839
1.379839
1.419838
1.318464
1.297401
1.252299
1.211308
1.297401
1.159837
1.159837
1.223284
1.604511
1.231673
1.171641
1.550672
1.418873
1.550672
1.418873
1.505107
1.418315
1.550672
1.111307
1.208121
1.208121
1.446590
1.357901
1.357901
1.446590
1.405471
1.124325
1.262694
1.173512
1.173512
1.204487
1.182728
1.173512
1.366162
1.366162
1.046530
1.124361
1.028225
1.044582
1.059022
0.979542
0.979542
1.044582
0.965962
0.934733
0.912219
1.031757
0.879995
0.966096
0.876615
0.930539
0.856157
0.880804
0.822528
0.856157
0.856157
0.880804
0.876615
0.786798
0.876615
0.897740
0.889950
0.876615
0.787790
0.855240
0.888382
0.822528
0.790040
0.780740
0.786798
0.780740
0.758060
0.780740
0.797328
0.797328
0.862125
0.889752
0.605764
0.862125
0.675418
0.830692
0.900546
0.605764
0.700827
0.830692
1.027124
1.056978
0.951138
0.761410
0.700827
0.713098
0.690909
1.180854
0.869319
0.869319
1.180854
0.761410
1.140259
1.052424
0.998544
0.832803
1.074839
1.022965
0.974987
1.269577
1.269577
1.308405
1.285965
1.055605
1.262986
1.146798
1.207653
1.148407
1.148407
1.441144
1.640806
1.604511
1.457326
1.484185
1.457326
1.657428
1.657428
1.622304
1.418873
1.418873
1.386588
1.158223
1.386588
1.418873
1.446590
1.446590
1.060748
1.281905
1.317774
1.357901
1.257389
1.257389
1.121447
1.224504
1.338739
1.121447
1.097200
1.113371
1.113371
0.983108
1.097905
1.097200
1.062959
0.932483
0.851920
0.987039
0.880804
0.798346
0.870485
0.870485
0.888382
0.869193
0.861791
0.855240
0.827255
0.766966
0.761410
0.862125
0.700827
0.982397
0.862125
0.761410
0.900546
0.982397
0.982397
0.816069
0.700827
0.982397
1.103038
0.869319
1.067849
1.026119
0.948228
0.890048
1.140259
1.140259
0.869319
0.816069
0.998544
0.890048
1.269577
1.269577
1.022965
1.055605
1.022965
0.890048
1.285965
1.269577
1.140476
1.288887
1.386336
1.409519
1.409519
1.323285
1.262986
1.323285
1.138639
1.138639
1.373634
1.373634
1.216666
1.284747
1.165978
1.214399
1.284747
1.284747
1.284747
1.193332
1.096715
1.211308
1.211308
1.128243
1.207338
1.100661
1.115086
1.115086
1.100661
1.187791
1.604511
1.546542
1.604511
1.115086
1.128396
1.171641
1.457326
1.457326
1.484185
1.457583
1.640806
1.457326
1.457326
1.418315
1.391415
1.570475
1.386588
1.519083
1.111307
1.418873
1.505107
1.183755
1.183755
1.125762
1.405471
1.182728
1.405471
1.281905
1.121447
1.121447
1.097200
1.032372
1.097200
1.031757
1.168688
1.203796
1.203796
1.059022
0.934733
1.062959
1.044582
0.962165
0.967216
0.962165
0.869193
0.967216
0.930539
0.917924
0.870485
0.870485
0.855240
0.827255
0.869193
0.855240
0.869193
0.764706
0.764706
0.861791
0.764706
0.732672
0.827255
1.103038
1.103038
0.948228
0.948228
1.103038
1.103038
1.243313
0.998544
1.022965
0.998544
1.243313
0.890048
1.190820
1.190820
1.146798
1.119387
0.890048
1.269577
1.146798
1.370394
1.386336
1.424682
1.370394
1.370394
1.370394
1.225345
1.300959
1.214399
1.068226
1.146973
1.146973
1.146973
1.193332
1.221355
1.671878
1.457326
1.457326
1.622304
1.171641
1.457326
1.457326
1.604511
1.622304
1.542428
1.519083
1.610268
1.171641
1.158223
1.111307
1.128396
1.386588
1.391415
1.139425
1.246989
1.505107
1.386588
1.317774
1.325396
1.246989
1.257389
1.183755
1.182728
1.257389
1.328997
1.338739
1.182728
1.257389
1.203796
1.109523
1.133362
1.133362
1.133362
1.008501
1.032372
1.077949
1.032372
1.032372
0.967216
1.008501
1.041639
0.962165
0.917924
0.957082
0.957082
0.962165
0.967216
0.930539
0.869193
0.855240
0.972092
0.869193
1.243313
1.190820
1.269577
0.998544
0.948228
0.948228
1.190820
1.293012
0.998544
0.890048
0.904298
1.383113
1.333603
1.383113
1.386336
1.099786
1.077942
1.323782
1.300959
1.386336
1.383113
1.383113
1.138639
1.225345
1.181117
1.181117
1.318464
1.100661
1.221355
1.128396
1.635873
1.482787
1.387585
1.457326
1.622304
1.457326
1.457326
1.457326
1.391415
1.386588
1.457583
1.604511
1.347090
1.209762
1.158223
1.347090
1.386588
1.246989
1.183755
1.391415
1.405471
1.317774
1.200439
1.325396
1.182728
1.328997
1.328997
1.257389
1.183252
1.182728
1.257389
1.133362
1.133362
1.234089
1.154370
1.154370
1.154370
1.205467
1.205467
1.205467
1.088956
1.011501
1.205467
1.032372
1.011501
1.031757
0.917924
0.971905
1.041639
1.059246
0.957082
0.962165
1.031757
0.930539
0.972092
1.031757
0.827255
0.917924
0.861791
0.861791
0.861791
0.827255
1.130285
1.119387
1.041755
0.912858
0.989883
1.190820
1.222316
1.191622
1.284503
1.269577
1.365800
1.140476
1.140476
1.119387
1.041755
0.974987
1.319273
1.319273
1.300959
1.300959
0.904298
0.904298
1.293012
1.333603
0.974987
1.208477
1.200745
1.068226
1.487181
1.196665
1.562011
1.562011
1.487181
1.102300
1.146973
1.231140
1.294675
1.231140
1.529272
1.625068
1.211308
1.294675
1.621287
1.300078
1.515651
1.294675
1.625068
1.625068
1.621287
1.211308
1.112815
1.112815
1.401500
1.538713
1.130297
1.538522
1.538522
1.130297
1.207338
1.130297
1.148407
1.401083
1.359989
1.526370
1.526370
1.148407
1.148066
1.482787
1.047128
1.343744
1.387585
1.457326
1.099057
1.099057
1.457583
1.399638
1.465110
1.488316
1.060581
1.246989
1.173722
1.163826
1.329764
1.347090
1.510303
1.351125
1.351125
1.328997
1.405471
1.298265
1.328997
1.214002
1.163826
1.183252
1.276855
1.298265
1.146775
1.214002
1.239279
1.257389
1.158021
1.267337
1.267337
1.060259
1.099202
1.088956
1.239279
1.239279
1.120336
1.120336
1.257389
1.122522
1.270701
0.971905
1.109523
1.014403
1.014403
1.011501
1.059246
1.077949
1.077949
1.010275
1.011501
0.984074
0.972092
0.967216
0.967216
0.827255
0.861791
0.812950
0.827255
0.989883
1.300959
1.101986
1.099786
1.099786
1.041755
0.989883
1.222316
1.101986
1.077942
1.041755
1.113253
1.222316
1.284503
1.319273
1.319273
1.150418
1.089655
0.904298
0.991889
1.319273
1.319273
1.319273
1.165978
0.991889
1.222316
1.082056
0.991889
1.321209
1.284503
1.403766
1.275556
1.082056
1.374018
1.374018
1.457414
1.457414
1.211926
1.211926
1.318464
1.231140
1.487181
1.231140
1.171296
1.487181
1.294675
1.529272
1.529272
1.300078
1.294675
1.231140
1.457414
1.112815
1.294675
1.529272
1.515651
1.135576
1.193332
1.529272
1.529272
1.538713
1.193332
1.464619
1.344634
1.538522
1.359989
1.359989
1.538522
1.538522
1.538522
1.193332
1.137778
1.387585
1.387585
1.359989
1.359989
1.135576
1.401083
1.526370
1.526370
1.526370
1.387585
1.387585
1.526370
1.538713
1.482787
1.482787
1.099057
1.099057
1.389695
1.488316
1.399638
1.488316
1.389695
1.399638
1.542428
1.399638
1.145061
1.139425
1.145061
1.145061
1.457326
1.351125
1.351125
1.519083
1.465110
1.318008
1.505107
1.173722
1.465110
1.345592
1.200439
1.228436
1.276855
1.297612
1.297612
1.297612
1.297612
1.200439
1.183252
1.228436
1.228436
1.200439
1.233402
1.146775
1.265291
1.233402
1.233402
1.209948
1.209948
1.209948
1.233402
1.221824
1.146775
1.122522
1.135994
1.099202
1.139630
1.221824
1.122522
1.011501
1.023407
1.139630
1.146775
1.136577
1.010275
0.984074
0.984074
0.971905
1.023407
0.910553
0.910553
0.984074
1.008964
0.902316
1.010275
1.010275
0.901461
0.876397
0.901461
0.812950
0.901461
0.901461
0.876397
1.077942
1.217910
1.201722
1.089655
1.009382
1.077942
1.225345
1.041755
0.989883
0.991889
1.374018
1.222316
1.222316
1.374018
1.403766
1.100424
1.135988
1.082056
0.991889
1.321209
0.991889
1.374018
1.321209
1.082056
1.082056
1.321209
1.374018
1.403766
0.996922
1.100424
1.135988
1.457414
1.374018
1.082056
1.231140
1.231140
1.505482
1.211926
1.108081
1.112815
1.211926
1.171296
1.505482
1.294675
1.231140
1.294675
1.171296
1.487181
1.294675
1.294675
1.529272
1.505482
1.529272
1.294675
1.344634
1.246526
1.529272
1.538713
1.344634
1.344634
1.538713
1.538713
1.130297
1.130297
1.130297
1.148066
1.538713
1.538713
1.344634
1.359989
1.541848
1.359989
1.526370
1.526370
1.422985
1.422985
1.482787
1.148066
1.482787
1.387585
1.389695
1.387585
1.399638
1.542428
1.541848
1.137778
1.401083
1.488316
1.145061
1.145061
1.173722
1.389695
1.168009
1.366543
1.399638
1.488316
1.405629
1.139425
1.139425
1.345592
1.386588
1.347090
1.345592
1.329764
1.421574
1.298193
1.298193
1.371249
1.276855
1.310565
1.304116
1.350583
1.329764
1.406981
1.406981
1.304116
1.458639
1.265291
1.310565
1.276855
1.217477
1.200439
1.228436
1.228436
1.253988
1.270701
1.136577
1.253988
1.010275
1.136577
1.010275
1.010275
1.010275
1.010275
1.217910
1.212939
1.101986
1.099786
1.077942
1.099786
1.077942
0.988813
0.947068
1.319273
1.089655
1.025044
1.082056
1.261001
1.082056
1.075705
0.991889
1.409563
0.991889
1.409563
1.374018
1.033020
1.113913
1.457414
1.181117
1.072039
1.457414
1.231140
1.294675
1.234013
0.976310
1.121256
1.171296
1.457414
1.246526
1.529272
1.112815
1.344634
1.344634
1.276230
1.529272
1.359989
1.276230
1.505482
1.538713
1.516900
1.276230
1.276230
1.538713
1.538713
1.538713
1.538713
1.538713
1.541848
1.469915
1.343744
1.387585
1.387585
1.343744
1.393614
1.344634
1.541848
1.422985
1.401083
1.305954
1.130297
1.387585
1.387585
1.393614
1.305954
1.217433
1.390228
1.542428
1.450961
1.488316
1.168009
1.224158
1.137778
1.145061
1.347090
1.531292
1.219182
1.542428
1.173722
1.185217
1.310565
1.366543
1.122898
1.173722
1.249025
1.249025
1.249025
1.310565
1.458639
1.458639
1.465110
1.371249
1.371249
1.329764
1.465110
1.217477
1.249025
1.217477
1.217477
0.988813
1.027076
0.988964
1.025044
1.261001
1.181117
1.135988
1.264178
1.108081
0.983633
1.260870
1.457414
1.108400
1.260870
1.260870
1.102300
1.294675
1.312076
1.529272
1.017972
1.131223
1.344634
1.312076
1.234013
1.312076
1.538713
1.538713
1.135576
1.301868
1.331017
1.331017
1.538522
1.331017
1.411318
1.135576
1.401083
1.305954
1.305954
1.148066
1.231398
1.145061
1.086527
1.224158
1.405629
1.194781
1.143965
1.183298
1.009382
1.009382
1.009531
1.212939
1.171099
0.988964
0.947068
1.171099
1.225345
1.225345
1.094211
1.136126
1.261001
1.136126
1.136126
1.275556
1.070037
1.108081
1.108081
1.264178
1.108081
1.108081
1.017972
1.108400
1.131223
1.260870
1.040802
1.217433
1.169404
1.331017
1.469915
1.301868
1.074357
1.074357
1.047101
1.043399
1.125387
1.123297
1.074357
1.086527
1.086527
1.137778
1.045808
1.194830
1.043399
1.185217
1.208770
1.224158
1.182635
1.125387
1.143965
1.143965
1.143965
1.122898
1.009531
1.009382
1.009382
0.947068
1.094211
1.094211
1.171099
1.025044
1.017803
1.261001
1.135988
1.226153
1.017803
1.226153
0.983633
0.983633
1.017803
0.983633
1.226153
1.033020
1.108400
1.260870
1.114358
1.114358
1.306739
1.047101
1.312076
1.359989
1.331017
1.312076
1.331017
1.047101
1.169404
1.183095
1.169404
1.331017
1.331017
1.217433
1.074357
1.305954
1.262459
1.123297
1.086527
1.194830
1.086527
1.074357
1.224158
1.086527
1.185217
1.182635
1.125387
1.182635
1.125387
1.146440
1.146440
1.146440
1.182635
1.125387
1.009531
1.039918
0.880651
1.009382
1.045042
1.201722
1.005353
1.171099
1.025044
1.017803
1.136126
1.017803
1.136126
0.999146
1.136126
1.025044
0.996922
1.033020
0.983633
1.264178
1.264178
1.179389
1.108400
1.033020
1.074151
1.306739
1.260870
1.260870
1.112117
1.121256
1.017972
1.074151
1.108400
1.047101
0.973536
1.312076
1.047101
1.012578
1.131223
1.114358
1.114358
1.217433
1.139370
1.305954
1.305954
1.114358
1.100783
1.217433
1.262459
1.262459
1.123297
1.047101
1.058863
1.146440
1.182635
1.123297
1.123297
1.146440
1.182635
1.123297
1.146440
1.045042
1.217910
0.862412
1.005353
1.171099
0.988813
0.911490
1.197463
1.009382
1.060518
0.911490
1.017803
0.917825
0.891335
1.072039
0.917825
0.952051
1.001828
0.891335
1.312076
1.121256
1.114358
1.139370
1.009633
0.983685
0.983685
1.217433
1.305954
1.104167
1.217433
1.064745
1.105069
1.009633
1.010237
0.983685
1.120177
1.026623
1.185217
1.009633
1.182635
0.881025
0.881025
0.862412
0.862412
0.881025
1.039918
1.039918
0.881025
1.005353
0.837524
1.060518
1.043486
0.911490
1.043486
0.999146
0.860178
0.955945
1.261001
1.089404
1.089404
1.060518
1.053283
1.023773
1.112117
1.053283
1.053283
0.941505
1.108400
0.991357
1.012578
1.051209
1.053283
1.139370
1.155733
1.129732
1.012578
1.012578
1.139370
1.105069
1.105069
1.051209
0.998727
1.051209
1.058863
0.983685
1.058863
1.058863
1.058863
1.058812
1.058812
1.010237
1.037044
1.026623
1.010237
1.037044
1.066569
1.045042
0.881025
1.045042
0.881025
1.039918
1.201722
1.027076
1.027076
1.027076
1.005353
1.043486
0.880651
0.880651
0.860178
1.060518
1.060518
1.043486
0.860178
0.860178
1.043486
1.043486
0.911490
0.955945
0.891335
0.891335
0.941505
1.089404
1.023773
1.053283
1.023773
0.952051
0.980051
1.112117
1.155733
1.089788
1.035878
1.051209
1.051209
1.139370
1.105069
1.105069
0.952051
1.034582
1.034582
1.035878
1.035878
1.037044
1.037044
0.983685
0.754114
0.862412
0.862412
1.045042
1.045042
1.039918
1.045042
1.027076
0.819396
0.860178
0.927399
0.927399
0.911490
1.060518
0.911490
0.891335
1.089404
1.060518
0.958267
1.068249
0.955945
1.089404
1.089404
1.129732
1.089788
1.013273
0.998237
0.941505
1.068249
1.127228
1.127228
1.089788
1.000399
1.035878
1.129732
0.972569
1.034582
0.991357
1.129732
0.980051
1.013273
1.034582
1.000399
1.035878
1.013273
0.862412
0.754114
0.862412
0.888891
1.045042
0.819396
0.796803
0.927497
0.888891
0.887319
0.819396
1.060518
0.881882
0.741624
0.881882
0.881882
0.926098
0.926098
0.966030
0.891335
0.891335
0.958267
0.926857
0.855426
0.855426
0.855426
0.819396
0.835317
0.848611
0.848611
0.835317
1.068249
0.948373
1.000399
1.129732
0.958267
0.998237
0.991357
0.754114
0.796803
0.819396
0.819396
0.796803
0.796803
0.926098
0.926098
0.926098
0.958267
0.927497
0.848611
0.796803
0.835317
0.927497
0.948373
0.926098
0.835317
0.958267
1.359989
1.359989
1.359989
1.359989
0.740202
0.740202
0.740202
0.772062
0.711553
0.711553
0.772062
0.772062
1.538522
1.526370
1.538713
1.469915
1.301868
1.469915
1.469915
1.305954
1.454325
1.695727
1.538522
1.538522
1.454325
1.454325
1.454325
1.538522
1.695727
