2466 1 3
0.720921
0.722659
0.722659
0.722659
0.722659
0.720921
0.720921
0.722659
0.721243
0.720921
0.722659
0.722659
0.722659
0.722659
0.722659
0.722659
0.722659
0.722659
0.722659
0.722659
0.722659
0.722659
0.722659
0.722659
0.722659
0.722659
0.722659
0.720921
0.721243
0.721243
0.722659
0.722659
0.722659
0.722659
0.722659
0.722659
0.722659
0.722659
0.722659
0.722659
0.722659
0.722659
0.722659
0.722659
0.722659
0.722659
0.720632
0.722659
0.720632
0.716695
0.720136
0.722659
0.719753
0.720136
0.722659
0.716695
0.722659
0.722659
0.722659
0.722659
0.722659
0.722659
0.722659
0.722659
0.722659
0.722659
0.722659
0.722659
0.722659
0.722659
0.722659
0.722659
0.722659
0.722659
0.722659
0.722659
0.722659
0.720632
0.720632
0.720632
0.720632
0.720632
0.720632
0.712790
0.712790
0.716695
0.716695
0.719753
0.719753
0.716695
0.716695
0.716695
0.719654
0.709368
0.722659
0.720136
0.722659
0.722659
0.722659
0.722659
0.722659
0.722659
0.722659
0.722659
0.722659
0.722659
0.722659
0.722659
0.722659
0.712790
0.722659
0.712790
0.719912
0.712790
0.712790
0.708635
0.712790
0.702303
0.712790
0.702303
0.702303
0.683599
0.702303
0.702303
0.651023
0.688145
0.688145
0.719753
0.696001
0.696001
0.719654
0.697340
0.720136
0.720136
0.719654
0.709368
0.722659
0.719654
0.709368
0.722659
0.722659
0.722659
0.722659
0.722659
0.722659
0.722659
0.722659
0.722659
0.722659
0.722659
0.719239
0.722659
0.717606
0.712790
0.720632
0.720632
0.719239
0.708635
0.702303
0.712790
0.702303
0.708635
0.699660
0.702303
0.683599
0.683599
0.683599
0.668127
0.675705
0.668127
0.712475
0.688145
0.697340
0.712635
0.693453
0.719961
0.722659
0.722659
0.722659
0.722659
0.722659
0.722659
0.722659
0.722659
0.722659
0.722659
0.720632
0.720632
0.708635
0.719912
0.708635
0.715073
0.699660
0.703050
0.703050
0.684879
0.702303
0.693447
0.693447
0.629571
0.638031
0.629571
0.668127
0.629571
0.641853
0.638031
0.675705
0.668127
0.679069
0.679069
0.712635
0.712635
0.693453
0.655197
0.721553
0.719961
0.722134
0.722659
0.722659
0.721553
0.722659
0.722659
0.722659
0.722659
0.722659
0.722659
0.722659
0.722659
0.722659
0.722659
0.722659
0.722659
0.722659
0.720632
0.722659
0.720632
0.722659
0.722659
0.722659
0.712790
0.712790
0.703050
0.712790
0.712790
0.705493
0.715073
0.703050
0.705493
0.705493
0.692700
0.702303
0.691054
0.692700
0.691054
0.693447
0.665406
0.693447
0.693447
0.693447
0.590629
0.590629
0.599551
0.606794
0.606794
0.638031
0.590629
0.641853
0.642707
0.629571
0.642707
0.679438
0.712635
0.655197
0.721553
0.693453
0.722659
0.721553
0.722659
0.722659
0.722659
0.722659
0.722659
0.722659
0.722659
0.722659
0.722659
0.722659
0.719912
0.719912
0.719912
0.707198
0.703050
0.707671
0.703050
0.691054
0.669610
0.665406
0.665406
0.692700
0.665406
0.599551
0.599551
0.590629
0.590629
0.613861
0.569872
0.613861
0.655197
0.655197
0.679702
0.679438
0.679438
0.693453
0.693453
0.710453
0.720673
0.720673
0.722659
0.722659
0.722659
0.722659
0.722659
0.722659
0.722659
0.722659
0.722659
0.722659
0.722659
0.722659
0.722659
0.722659
0.722659
0.707198
0.713488
0.722659
0.713488
0.698046
0.712790
0.705493
0.703050
0.689761
0.692700
0.692700
0.695368
0.691054
0.671965
0.665406
0.669610
0.665406
0.669610
0.665406
0.669610
0.621406
0.556333
0.606794
0.590629
0.600126
0.556333
0.606794
0.569872
0.588836
0.642707
0.613861
0.716749
0.722134
0.719961
0.722659
0.722659
0.722659
0.722659
0.722659
0.722659
0.722659
0.722659
0.722659
0.722659
0.722659
0.722659
0.722659
0.722659
0.722659
0.722659
0.722659
0.722659
0.722659
0.722659
0.722659
0.722659
0.718378
0.715752
0.722659
0.718378
0.712790
0.701978
0.715073
0.716196
0.693447
0.671965
0.671965
0.641693
0.621406
0.639702
0.639702
0.639702
0.568805
0.556333
0.556333
0.614367
0.588836
0.588836
0.653834
0.642707
0.588836
0.688689
0.710895
0.710895
0.710895
0.722659
0.722659
0.722659
0.722659
0.722659
0.722659
0.722659
0.722659
0.722659
0.722659
0.722659
0.722659
0.722659
0.722659
0.718378
0.715752
0.722659
0.715986
0.705622
0.701978
0.705493
0.701978
0.687398
0.666841
0.670673
0.671965
0.671420
0.634233
0.639702
0.639702
0.568805
0.568805
0.568805
0.573504
0.573504
0.556333
0.616710
0.618089
0.654709
0.621045
0.654709
0.629013
0.654709
0.707073
0.721070
0.722659
0.722659
0.722659
0.722659
0.722659
0.722659
0.722659
0.722659
0.722659
0.722659
0.722659
0.722659
0.722659
0.722659
0.718378
0.716196
0.707671
0.701978
0.701978
0.707671
0.701978
0.663290
0.670673
0.671965
0.671420
0.634233
0.641693
0.641693
0.641693
0.639702
0.639702
0.588311
0.588311
0.556333
0.556333
0.565443
0.565443
0.588836
0.540965
0.616710
0.629013
0.682517
0.682517
0.722659
0.722659
0.722659
0.722659
0.722659
0.722659
0.722659
0.722659
0.722659
0.722659
0.722659
0.722659
0.722659
0.722659
0.722659
0.722659
0.722659
0.715284
0.722659
0.705622
0.722659
0.705622
0.707671
0.663290
0.670673
0.670673
0.639367
0.634233
0.639367
0.639367
0.595018
0.573530
0.588311
0.588311
0.531608
0.520798
0.520798
0.573504
0.573504
0.616710
0.616710
0.597172
0.588836
0.654709
0.661022
0.658042
0.688571
0.688571
0.717306
0.710895
0.710895
0.721070
0.722659
0.722659
0.722659
0.722659
0.722659
0.722659
0.722659
0.722659
0.722659
0.722659
0.722659
0.722659
0.722659
0.722659
0.722659
0.722659
0.722659
0.722659
0.715284
0.716196
0.705622
0.716196
0.681657
0.699636
0.695368
0.687398
0.673850
0.648548
0.648548
0.639367
0.634233
0.648548
0.601223
0.601223
0.609500
0.581154
0.581154
0.553418
0.581154
0.621045
0.629013
0.721652
0.715280
0.722659
0.721652
0.722659
0.722659
0.722659
0.722659
0.722659
0.722659
0.722659
0.720632
0.722659
0.716665
0.716665
0.722659
0.709375
0.709375
0.716196
0.707671
0.707671
0.707671
0.707671
0.648548
0.646919
0.609500
0.610625
0.609801
0.609801
0.609801
0.609801
0.609801
0.454512
0.417725
0.469810
0.469810
0.469810
0.531608
0.576389
0.531608
0.520798
0.531608
0.565443
0.520798
0.565443
0.581154
0.581154
0.553418
0.553418
0.638765
0.645027
0.638765
0.688571
0.717306
0.722659
0.722659
0.722659
0.722659
0.722659
0.722659
0.722659
0.722659
0.722659
0.722659
0.722659
0.722659
0.722659
0.722659
0.720632
0.722659
0.720632
0.716665
0.722659
0.699636
0.709375
0.707671
0.695646
0.695646
0.666873
0.673850
0.672274
0.610625
0.601223
0.609801
0.610625
0.400510
0.531608
0.469810
0.520798
0.520798
0.581154
0.570455
0.531608
0.584265
0.553418
0.565443
0.621670
0.621670
0.621670
0.621045
0.621045
0.638765
0.715280
0.714766
0.711089
0.715280
0.721652
0.711089
0.722134
0.722659
0.722659
0.722659
0.722659
0.722659
0.722659
0.722659
0.722659
0.720632
0.722659
0.705493
0.681657
0.681657
0.681657
0.673850
0.646532
0.648548
0.601223
0.609500
0.609500
0.558206
0.609801
0.539255
0.430055
0.454512
0.411258
0.430055
0.487543
0.481207
0.487543
0.536144
0.462118
0.454512
0.508228
0.536144
0.527746
0.520798
0.498963
0.527746
0.527746
0.536144
0.531608
0.581154
0.536144
0.570455
0.589996
0.597172
0.621045
0.658042
0.658042
0.645027
0.663032
0.658042
0.685239
0.658042
0.718403
0.718403
0.722134
0.722659
0.722659
0.722659
0.722659
0.722659
0.722659
0.722659
0.722659
0.722659
0.722659
0.722659
0.720632
0.722659
0.722659
0.722659
0.705493
0.715284
0.716196
0.705493
0.705493
0.707671
0.695646
0.662318
0.681657
0.662318
0.658417
0.673850
0.673850
0.646532
0.609500
0.574348
0.554334
0.557746
0.571369
0.574348
0.411258
0.400510
0.430055
0.411258
0.487543
0.508228
0.536144
0.536144
0.508228
0.527746
0.508228
0.580097
0.583703
0.583703
0.583703
0.583703
0.570455
0.570455
0.601520
0.559385
0.628716
0.628716
0.628854
0.645027
0.661022
0.665303
0.695429
0.688571
0.685239
0.645027
0.688571
0.695429
0.718403
0.714766
0.722134
0.722134
0.722659
0.722659
0.722659
0.722659
0.722659
0.722659
0.722659
0.722659
0.722659
0.722659
0.722659
0.722659
0.715284
0.716196
0.716196
0.716196
0.707671
0.707671
0.707671
0.707671
0.674440
0.695646
0.645732
0.645732
0.616927
0.616927
0.616927
0.574348
0.574348
0.571369
0.411258
0.411258
0.559385
0.527746
0.570455
0.580097
0.580097
0.580097
0.570455
0.628716
0.628716
0.628716
0.665827
0.665303
0.665303
0.663032
0.685239
0.645027
0.695429
0.695429
0.718403
0.722659
0.722659
0.722659
0.722659
0.722659
0.722659
0.722659
0.722659
0.722659
0.722659
0.722659
0.722659
0.722659
0.722659
0.722659
0.716196
0.716196
0.707671
0.707671
0.707671
0.695646
0.662318
0.684042
0.673850
0.673850
0.695646
0.673850
0.647665
0.649295
0.620583
0.619293
0.557746
0.557746
0.575952
0.574348
0.571369
0.571369
0.571369
0.372416
0.416104
0.487543
0.462118
0.487543
0.538282
0.536144
0.487543
0.491038
0.462118
0.558949
0.536144
0.559385
0.559385
0.570455
0.570455
0.570455
0.580097
0.580097
0.583703
0.579295
0.570455
0.580097
0.601520
0.601520
0.665827
0.663032
0.685239
0.695429
0.722134
0.714766
0.722134
0.722659
0.722659
0.722659
0.722659
0.722659
0.722659
0.722659
0.722659
0.722659
0.722659
0.722659
0.722659
0.722659
0.722659
0.722659
0.722659
0.722659
0.715284
0.715284
0.716196
0.722659
0.705493
0.707671
0.707671
0.695646
0.662726
0.647925
0.649295
0.616927
0.621593
0.574348
0.557746
0.571369
0.583943
0.574348
0.430055
0.444658
0.442214
0.444658
0.411258
0.416104
0.411258
0.491038
0.624311
0.629712
0.615469
0.573903
0.602342
0.558949
0.602342
0.665303
0.685239
0.697053
0.689093
0.646355
0.695611
0.695429
0.718403
0.719908
0.716011
0.722659
0.722659
0.722659
0.722659
0.722659
0.722659
0.722659
0.722659
0.722659
0.722659
0.722659
0.722659
0.722659
0.713149
0.722659
0.722659
0.722659
0.722659
0.722659
0.722659
0.707671
0.716196
0.707671
0.693778
0.693778
0.707671
0.707671
0.695646
0.695646
0.695646
0.695646
0.695646
0.695646
0.673850
0.695646
0.674440
0.614452
0.619079
0.647925
0.619293
0.586879
0.574348
0.586479
0.376720
0.435206
0.444658
0.416104
0.416104
0.491038
0.491038
0.579295
0.536144
0.579295
0.579295
0.573903
0.573903
0.623813
0.629712
0.623813
0.615469
0.623813
0.629712
0.623813
0.615469
0.615469
0.602342
0.615469
0.623813
0.615469
0.664001
0.615469
0.665827
0.629712
0.623813
0.657724
0.646355
0.665827
0.665827
0.665827
0.697053
0.646355
0.695611
0.719942
0.689093
0.719942
0.720145
0.719908
0.722659
0.719908
0.722659
0.722659
0.722659
0.722659
0.722659
0.722659
0.722659
0.722659
0.722659
0.722659
0.722659
0.722659
0.722659
0.722659
0.722659
0.716196
0.716196
0.693264
0.695646
0.695646
0.674440
0.695646
0.695646
0.654832
0.695646
0.695646
0.662726
0.640016
0.619079
0.616927
0.620583
0.568850
0.586479
0.376720
0.376720
0.360987
0.360987
0.376720
0.491038
0.491038
0.579295
0.579295
0.579295
0.579295
0.615469
0.558949
0.602342
0.602342
0.623813
0.664001
0.615469
0.615469
0.602342
0.615469
0.646355
0.646355
0.665827
0.665827
0.629712
0.664001
0.629712
0.664001
0.646355
0.719942
0.722659
0.722659
0.722659
0.722659
0.722659
0.722659
0.722659
0.722659
0.722659
0.722659
0.722659
0.722659
0.722659
0.716196
0.716196
0.716196
0.672774
0.707671
0.695646
0.695646
0.695646
0.695646
0.695646
0.673850
0.673850
0.673850
0.673850
0.647925
0.647925
0.647925
0.619079
0.583536
0.619079
0.619079
0.568850
0.568850
0.586479
0.586479
0.586479
0.529137
0.360987
0.376720
0.435206
0.444658
0.431632
0.491038
0.491038
0.461756
0.538282
0.579295
0.579295
0.602342
0.598260
0.623164
0.615469
0.646355
0.657724
0.664001
0.646355
0.665827
0.665827
0.664001
0.665827
0.722659
0.722659
0.722659
0.722659
0.722659
0.722659
0.722659
0.722659
0.722659
0.722659
0.722659
0.713149
0.722659
0.722659
0.722659
0.716196
0.716196
0.707671
0.707671
0.716196
0.707671
0.707671
0.695646
0.672774
0.670929
0.695646
0.695646
0.695646
0.673850
0.673850
0.673850
0.673850
0.640016
0.643931
0.640665
0.640665
0.613656
0.616879
0.616879
0.568850
0.583943
0.583943
0.538435
0.529137
0.529137
0.360987
0.376720
0.376720
0.418819
0.416104
0.431632
0.416104
0.487199
0.574313
0.623164
0.623813
0.665390
0.665827
0.664001
0.665827
0.665827
0.645487
0.689504
0.697053
0.689093
0.722659
0.722659
0.722659
0.722659
0.722659
0.721235
0.722659
0.722659
0.722659
0.722659
0.722659
0.722659
0.722659
0.722659
0.722659
0.722659
0.722659
0.722659
0.722659
0.722659
0.716196
0.716196
0.722659
0.707671
0.693264
0.695646
0.695646
0.707671
0.670929
0.695646
0.695646
0.673850
0.661394
0.662726
0.638435
0.647748
0.673850
0.673850
0.673850
0.640016
0.649295
0.649295
0.647177
0.618872
0.613152
0.613152
0.619079
0.613656
0.620583
0.613152
0.586879
0.538435
0.524761
0.431632
0.431632
0.418819
0.531672
0.487199
0.538282
0.531672
0.531672
0.531672
0.574313
0.645487
0.645487
0.665827
0.665827
0.665827
0.665827
0.645487
0.697053
0.665459
0.665827
0.696882
0.692845
0.696882
0.718506
0.718506
0.722659
0.722659
0.722659
0.722659
0.722659
0.722659
0.722659
0.718058
0.722659
0.722659
0.722659
0.722659
0.722659
0.722659
0.722659
0.722659
0.716196
0.722659
0.707671
0.701227
0.707671
0.707671
0.695646
0.670929
0.695646
0.672171
0.652340
0.652340
0.672171
0.673850
0.638435
0.672171
0.640005
0.647748
0.640005
0.640665
0.613656
0.618872
0.618394
0.618872
0.588984
0.572894
0.581528
0.583943
0.431632
0.431632
0.431632
0.431632
0.431632
0.418819
0.487199
0.461861
0.418819
0.418819
0.461861
0.487199
0.487199
0.531672
0.507703
0.623164
0.550199
0.645487
0.719908
0.722659
0.722659
0.722659
0.722659
0.722659
0.722659
0.722659
0.722659
0.722659
0.718058
0.713020
0.722659
0.713020
0.713020
0.722659
0.722659
0.716196
0.722659
0.696761
0.707671
0.716196
0.692400
0.707671
0.707671
0.707671
0.670929
0.695646
0.695646
0.673850
0.695646
0.673850
0.672171
0.661394
0.647748
0.647748
0.647748
0.618872
0.618872
0.613656
0.618394
0.581528
0.591547
0.589992
0.534255
0.431632
0.487199
0.487199
0.477649
0.487199
0.458608
0.461861
0.461861
0.531672
0.531672
0.531672
0.623164
0.574313
0.665390
0.623164
0.623164
0.665827
0.645487
0.697053
0.689504
0.689504
0.697053
0.697053
0.718506
0.718506
0.720325
0.718506
0.722659
0.722659
0.718058
0.722659
0.718058
0.722659
0.722659
0.722659
0.716196
0.722659
0.701227
0.713020
0.706382
0.686363
0.707671
0.692400
0.695646
0.655121
0.632423
0.647177
0.640005
0.647177
0.613656
0.618872
0.618872
0.618872
0.618872
0.588984
0.591547
0.581528
0.618872
0.618872
0.591547
0.589992
0.591547
0.474246
0.486181
0.477649
0.461861
0.571589
0.574313
0.574313
0.616885
0.662485
0.665390
0.664451
0.685767
0.696882
0.719908
0.694291
0.696882
0.718506
0.720325
0.722659
0.722659
0.722659
0.722659
0.722659
0.722659
0.711445
0.722659
0.722659
0.722659
0.722659
0.696761
0.716196
0.716196
0.707671
0.707671
0.692400
0.692400
0.686363
0.695646
0.670929
0.661394
0.639046
0.638435
0.647177
0.613952
0.588984
0.584613
0.588984
0.585561
0.584861
0.534255
0.474246
0.458608
0.519247
0.474246
0.519247
0.519247
0.501722
0.501722
0.519247
0.567259
0.567259
0.653396
0.616885
0.616885
0.664451
0.664451
0.695928
0.695928
0.695928
0.722177
0.722177
0.722659
0.722659
0.722659
0.722659
0.722659
0.722659
0.722659
0.722659
0.722659
0.716196
0.716196
0.707671
0.707671
0.686363
0.692400
0.666662
0.666662
0.695646
0.670929
0.666662
0.673850
0.632423
0.638435
0.632423
0.638435
0.638435
0.612250
0.591547
0.585561
0.585561
0.501722
0.501722
0.519247
0.519247
0.519247
0.550199
0.501722
0.662485
0.662485
0.662485
0.662485
0.696882
0.719908
0.719908
0.719908
0.719908
0.722659
0.722659
0.722659
0.722177
0.722659
0.722659
0.721235
0.722659
0.722659
0.722659
0.722659
0.716196
0.716196
0.701227
0.696761
0.707671
0.693542
0.707671
0.693542
0.646427
0.646427
0.652340
0.667550
0.639046
0.667550
0.667550
0.639046
0.632423
0.612250
0.634704
0.612296
0.607965
0.612296
0.612296
0.612296
0.583458
0.612250
0.584861
0.583458
0.519247
0.501722
0.567259
0.550199
0.550199
0.550199
0.609641
0.662485
0.696882
0.694291
0.696882
0.719908
0.719908
0.719908
0.722659
0.722659
0.722659
0.722659
0.722659
0.711445
0.714759
0.722659
0.722659
0.722659
0.696761
0.696761
0.716196
0.716196
0.686363
0.681768
0.666662
0.646427
0.655121
0.632423
0.627024
0.639046
0.665244
0.612296
0.612250
0.612296
0.613952
0.612250
0.584861
0.584861
0.585561
0.584861
0.542618
0.554597
0.542618
0.590466
0.599880
0.590466
0.596351
0.567259
0.645478
0.645478
0.599880
0.696882
0.692654
0.640605
0.695928
0.694291
0.717813
0.692706
0.717834
0.722659
0.722339
0.722339
0.722659
0.722659
0.722659
0.722659
0.722659
0.722659
0.722339
0.708178
0.722339
0.722659
0.707671
0.714759
0.716196
0.706382
0.706382
0.660793
0.695646
0.695646
0.660793
0.640005
0.612296
0.606415
0.610945
0.610945
0.613952
0.608983
0.608983
0.599880
0.590466
0.599880
0.634515
0.590466
0.645478
0.687453
0.680783
0.645478
0.634515
0.692654
0.680783
0.694291
0.692706
0.694291
0.680783
0.719545
0.714906
0.714906
0.722659
0.721235
0.722177
0.722659
0.722659
0.714759
0.722659
0.722659
0.722659
0.722659
0.722659
0.722659
0.722659
0.722339
0.722339
0.722659
0.691638
0.681768
0.707671
0.660793
0.645533
0.660793
0.665244
0.693542
0.655121
0.627024
0.634704
0.634704
0.638019
0.610945
0.610945
0.608983
0.577556
0.577556
0.608983
0.577556
0.575345
0.608983
0.687453
0.687453
0.692654
0.694291
0.692654
0.680783
0.717834
0.719908
0.680783
0.717834
0.722177
0.722242
0.722659
0.722659
0.722659
0.722659
0.722659
0.722659
0.722659
0.714759
0.722659
0.722659
0.714759
0.708178
0.722339
0.722339
0.701301
0.722339
0.714759
0.714631
0.701301
0.706382
0.681768
0.706382
0.681768
0.706382
0.668071
0.668071
0.668071
0.645533
0.645533
0.645533
0.634704
0.638019
0.634704
0.637343
0.692654
0.687453
0.687453
0.692654
0.680783
0.711137
0.716337
0.717834
0.714906
0.722659
0.722659
0.722659
0.722659
0.722659
0.722659
0.722339
0.722339
0.722659
0.720805
0.708178
0.720805
0.722339
0.701301
0.722339
0.714759
0.714631
0.681768
0.706382
0.682314
0.681768
0.706382
0.668071
0.668071
0.689472
0.689266
0.689266
0.689266
0.662200
0.645926
0.645533
0.645926
0.665244
0.638019
0.656562
0.634704
0.665244
0.637343
0.665244
0.608983
0.638019
0.608983
0.608983
0.608983
0.608983
0.719908
0.718858
0.679041
0.715891
0.719545
0.719545
0.719908
0.718858
0.717813
0.711137
0.711137
0.717813
0.722242
0.722659
0.722659
0.722659
0.722659
0.722659
0.722659
0.722659
0.722659
0.722659
0.722339
0.722659
0.722659
0.722339
0.722339
0.722659
0.722659
0.722659
0.714631
0.714631
0.722659
0.722659
0.701301
0.711069
0.694869
0.722339
0.720805
0.720337
0.720337
0.713055
0.694869
0.682314
0.708178
0.713055
0.698939
0.706382
0.704477
0.704477
0.662200
0.698939
0.698939
0.679112
0.679112
0.706382
0.668403
0.645926
0.656562
0.645926
0.655460
0.637343
0.608983
0.608983
0.596441
0.608983
0.715891
0.711577
0.716337
0.716337
0.718858
0.715891
0.711577
0.717834
0.718858
0.721760
0.708003
0.711137
0.722659
0.721235
0.722659
0.722659
0.722659
0.722659
0.722659
0.722659
0.722659
0.722659
0.722659
0.722659
0.722659
0.722659
0.722659
0.722659
0.722659
0.722659
0.722659
0.722659
0.722659
0.722659
0.722659
0.722659
0.722659
0.722659
0.722659
0.722659
0.722659
0.722659
0.714631
0.714631
0.722659
0.722659
0.722659
0.722659
0.722659
0.722659
0.720337
0.720337
0.711069
0.719617
0.701301
0.708178
0.713055
0.713055
0.713055
0.713055
0.682314
0.701301
0.701301
0.697689
0.697689
0.697689
0.697689
0.689753
0.668403
0.675236
0.677367
0.689753
0.668403
0.645926
0.652567
0.677367
0.655460
0.655460
0.652567
0.627890
0.627890
0.655460
0.655918
0.627415
0.625192
0.627415
0.596441
0.627415
0.627415
0.625192
0.717834
0.708003
0.704579
0.717834
0.718858
0.715891
0.722659
0.718555
0.722659
0.722659
0.722659
0.722659
0.722659
0.722659
0.712492
0.718555
0.722659
0.722659
0.722659
0.722659
0.722659
0.722659
0.722659
0.722659
0.722659
0.722659
0.722659
0.722659
0.722659
0.722659
0.722659
0.722659
0.722339
0.722659
0.722659
0.722659
0.722339
0.722659
0.722659
0.722659
0.722659
0.722659
0.711069
0.722659
0.716152
0.722659
0.722659
0.719617
0.722339
0.720805
0.719617
0.722339
0.708178
0.714759
0.722339
0.722659
0.722339
0.722339
0.714759
0.708178
0.701301
0.701301
0.711577
0.716337
0.717834
0.716337
0.717834
0.710054
0.710148
0.708003
0.718246
0.722659
0.722659
0.722659
0.722659
0.722659
0.722242
0.722659
0.722659
0.722659
0.722659
0.719826
0.722659
0.722659
0.722659
0.722659
0.722659
0.722659
0.722659
0.722659
0.722659
0.722659
0.722659
0.722659
0.722659
0.722659
0.722659
0.722659
0.722659
0.722659
0.722659
0.722659
0.722659
0.716152
0.720805
0.721871
0.711069
0.720805
0.714759
0.722659
0.711069
0.714631
0.714631
0.714631
0.714759
0.722339
0.714631
0.710054
0.698284
0.718246
0.722659
0.722659
0.722659
0.722659
0.722659
0.722659
0.722659
0.722659
0.722659
0.722659
0.722659
0.722339
0.722339
0.714631
0.714631
0.711766
0.704579
0.704579
0.707815
0.698284
0.710148
0.722659
0.722659
0.722659
0.722659
0.722659
0.720805
0.720805
0.722659
0.720805
0.714631
0.714631
0.722659
0.720805
0.722339
0.711766
0.711766
0.711766
0.707815
0.704579
0.704579
0.710148
0.718246
0.722659
0.722659
0.722659
0.722659
0.722659
0.722659
0.722659
0.722242
0.722659
0.722659
0.722659
0.722659
0.722659
0.722659
0.722659
0.722659
0.720805
0.714631
0.722659
0.714631
0.720805
0.714631
0.720805
0.718180
0.718180
0.718180
0.707815
0.685030
0.704579
0.718246
0.722659
0.722659
0.718246
0.712492
0.722242
0.722659
0.722659
0.722242
0.722659
0.722659
0.722659
0.722659
0.722659
0.722659
0.722659
0.722659
0.722659
0.722659
0.722659
0.722659
0.722659
0.722659
0.718180
0.718180
0.718180
0.691618
0.710054
0.708565
0.704579
0.708565
0.722659
0.718503
0.722659
0.722659
0.718503
0.722659
0.722659
0.722659
0.722659
0.722659
0.722659
0.722659
0.720805
0.722659
0.722339
0.714631
0.720805
0.687331
0.687331
0.691618
0.691618
0.687331
0.687331
0.687516
0.708565
0.718853
0.722072
0.722659
0.722659
0.722659
0.722659
0.722659
0.722659
0.722659
0.722659
0.722659
0.722659
0.722659
0.720805
0.722339
0.714631
0.720805
0.722339
0.718180
0.687331
0.687331
0.685030
0.685030
0.718853
0.718853
0.718853
0.708565
0.722072
0.722659
0.722659
0.722659
0.722659
0.722659
0.722659
0.722659
0.722659
0.722659
0.722659
0.722659
0.722339
0.722339
0.722659
0.661997
0.691618
0.691618
0.698020
0.718853
0.714650
0.714650
0.708565
0.708565
0.722659
0.722072
0.722659
0.722659
0.722659
0.722659
0.722659
0.722659
0.722659
0.722659
0.722659
0.722659
0.722659
0.722659
0.722659
0.691618
0.661997
0.691618
0.698020
0.702789
0.698020
0.700752
0.722659
0.722659
0.722659
0.719231
0.719231
0.719231
0.698020
0.721400
0.720078
0.720078
0.721400
0.722659
0.722659
0.722659
0.661997
0.702789
0.698020
0.698020
0.702789
0.702789
0.720078
0.702789
0.721400
0.721400
0.722659
0.722659
0.722659
0.722659
0.611464
0.611464
0.611464
0.615469
0.602342
0.602342
0.615469
0.615469
