2466 1 3
0.432564
0.549369
0.549369
0.563723
0.469225
0.432564
0.432564
0.532106
0.536109
0.432564
0.532106
0.436934
0.436934
0.315797
0.436934
0.549369
0.451031
0.651004
0.334779
0.334779
0.563723
0.469225
0.563723
0.499407
0.581783
0.581783
0.612270
0.432564
0.536109
0.536109
0.436676
0.767941
0.651004
0.766085
0.315797
0.304791
0.298641
0.334779
0.795121
0.385320
0.334779
0.420960
0.469225
0.581783
0.563723
0.560499
0.753570
0.703757
0.753570
0.458270
0.754440
0.767941
0.604157
0.754440
0.767941
0.458270
0.304791
0.870718
0.766085
0.315797
0.304791
0.315797
0.313128
0.313128
0.795121
0.795121
0.795121
0.843334
0.846106
0.846106
0.843334
0.385320
0.385320
0.420960
0.499407
0.846106
0.560499
0.606016
0.606016
0.606016
0.606016
0.753570
0.753570
0.673283
0.818541
0.458270
0.458270
0.604157
0.604157
0.458270
0.458270
0.458270
0.897679
0.320055
0.894750
0.754440
0.304791
0.870718
0.870718
0.890013
0.890013
0.890013
0.890013
0.843334
0.843334
0.843334
0.846106
0.420960
0.420960
0.906295
0.846106
0.906295
0.867624
0.906295
0.673283
0.942032
0.906295
0.712823
0.818541
0.819222
0.819222
0.827616
0.894415
0.819222
0.508708
0.490430
0.490430
0.604157
0.602403
0.602403
0.897679
0.729117
0.754440
0.754440
0.897679
0.320055
0.894750
0.897679
0.320055
0.890013
0.890013
0.883916
0.890013
0.385320
0.385320
0.385320
0.868910
0.843334
0.846106
0.420960
0.471996
0.846106
0.910125
0.906295
0.606016
0.606016
0.471996
0.942032
0.712823
0.673283
0.712823
0.942032
0.918921
0.894415
0.827616
0.827616
0.827616
0.718144
0.861004
0.718144
0.993046
0.490430
0.729117
1.134130
0.404112
0.320055
0.304791
0.894750
0.304791
0.870718
0.932516
0.932516
0.883916
1.053609
1.078343
1.078343
1.137560
1.137560
0.942032
1.103351
0.942032
0.820097
0.918921
1.217164
1.217164
0.885230
0.894415
1.164526
1.031848
0.752591
0.876020
0.752591
0.718144
0.752591
0.962043
0.876020
0.861004
0.718144
0.971434
0.971434
1.134130
1.134130
0.404112
0.557952
1.116689
0.320055
1.094045
1.101027
1.101027
1.116689
1.101027
1.076329
1.078988
1.078988
1.078988
1.053609
1.053609
1.045465
1.039322
1.039322
0.511903
1.078343
0.450753
1.137560
1.078343
1.137560
0.511903
0.588235
0.588235
1.122308
1.122308
1.131180
1.122308
1.122308
0.915552
0.820097
1.217164
0.915552
0.915552
0.916740
0.712823
1.162117
0.916740
1.162117
1.031848
0.998432
1.164526
1.031848
1.031848
0.730274
0.730274
0.829655
0.918391
0.918391
0.876020
0.730274
0.962043
0.964320
0.752591
0.964320
1.065793
1.134130
0.557952
1.116689
0.404112
1.076329
1.116689
1.070162
0.304791
1.070162
1.053609
1.045465
1.062248
0.590186
1.078343
1.062248
0.996768
1.103351
1.103351
1.103351
0.924886
1.131180
1.104625
1.217164
1.162117
1.104884
0.998432
0.998432
0.916740
0.998432
0.829655
0.829655
0.730274
0.730274
0.617279
0.603799
0.617279
0.557952
0.557952
1.009348
1.065793
1.065793
0.404112
0.404112
1.136615
1.080973
1.080973
1.070162
1.076329
1.076329
1.076329
1.070162
1.070162
0.352847
1.053609
1.045465
1.045465
1.009231
1.143974
1.062248
0.588235
0.511903
0.924886
0.671771
0.588235
0.671771
0.882590
1.122308
0.915552
1.131180
1.085431
0.916740
0.916740
1.149151
1.162117
1.092986
0.998432
1.104884
0.998432
1.104884
0.998432
1.104884
0.916767
0.827300
0.918391
0.730274
0.870532
0.827300
0.918391
0.603799
0.737597
0.964320
0.617279
1.328412
1.257790
0.320055
0.308531
0.319536
1.239131
0.343842
0.308531
1.222953
1.070162
0.319536
1.158451
1.158451
1.027415
0.352847
0.398175
1.027415
0.518446
0.398175
0.450753
1.143974
0.511903
0.996768
1.062248
1.128244
1.148605
0.966043
0.681612
1.148605
1.116153
1.073755
0.820097
0.982025
1.409154
1.092986
1.092986
1.246771
0.916767
1.129726
1.129726
1.129726
0.891252
0.827300
0.827300
1.065069
0.737597
0.737597
1.198445
0.964320
0.737597
1.257687
1.218962
1.218962
1.218962
0.308531
1.171938
1.184049
0.343842
1.222953
0.398175
0.343842
0.518446
1.158451
1.158451
1.143974
0.681612
0.590186
1.128244
1.148605
0.966043
0.681612
0.776212
0.985073
1.073755
0.915552
1.073755
1.024389
1.096471
1.277403
1.092986
1.388491
1.017997
1.129726
1.129726
0.891252
0.891252
0.891252
0.957493
0.957493
0.827300
1.077722
0.965007
1.113403
1.120854
1.113403
0.719423
1.113403
0.515481
1.145008
0.308531
1.222953
0.343842
1.143974
0.398175
1.166050
0.518446
0.518446
0.518446
0.590186
1.104106
1.128244
1.104106
1.104106
1.148605
0.982025
1.104625
1.073755
1.073755
1.104625
1.073755
0.992826
1.277403
1.092986
1.388491
1.017997
1.246771
1.246771
1.246771
1.129726
1.129726
0.962718
0.962718
0.827300
0.827300
0.917137
0.917137
0.737597
0.706278
1.077722
0.719423
1.099977
1.099977
1.249145
0.236554
1.184049
1.260688
1.171938
0.343842
1.222953
1.171938
0.343842
1.273143
1.273143
1.158451
1.158451
1.158451
1.158451
1.123344
1.104106
1.066134
0.590186
0.985073
0.681612
0.985073
1.104625
0.992826
1.277403
1.277403
1.262860
1.017997
1.262860
1.262860
1.031245
0.852068
0.962718
0.962718
0.877215
0.812736
0.812736
0.957493
0.957493
1.077722
1.077722
0.832646
0.737597
1.113403
1.273483
1.019123
1.217991
1.217991
1.286034
1.218962
1.218962
1.145008
1.184049
1.184049
1.249145
0.343842
0.236554
1.260688
1.296227
1.222953
1.166050
1.123344
1.273143
1.218192
1.273143
1.158451
1.273143
1.123344
1.152692
1.123344
1.066134
1.086068
0.985073
1.086068
0.986570
1.037364
1.149151
1.024389
1.239711
1.122343
1.122343
1.262860
1.017997
1.122343
0.964104
0.964104
1.228709
1.063668
1.063668
0.816920
1.063668
1.120854
0.719423
1.209462
0.588595
0.346820
1.209462
1.249145
1.236451
1.260688
1.218192
1.273143
1.104748
1.152692
1.068493
1.182874
1.127770
1.127770
0.716615
1.050766
1.050766
0.982025
1.208282
1.208282
1.208282
1.208282
1.122343
1.414807
1.228709
1.169421
1.077007
1.077007
1.077007
1.077007
1.077007
0.624895
0.544163
0.682548
0.682548
0.682548
0.877215
0.991178
0.877215
0.812736
0.877215
0.917137
0.812736
0.917137
1.063668
1.063668
0.816920
0.816920
0.814737
0.849855
0.814737
1.217991
1.286034
1.249145
1.260688
1.260688
1.296227
1.296227
1.296227
1.280970
1.296227
1.118968
1.118968
1.218192
1.260688
1.296227
1.236451
1.068493
1.104748
1.068493
1.127770
0.716615
1.037364
1.050766
1.208282
1.300003
1.300003
1.182174
1.239711
1.543814
1.169421
0.964104
1.077007
1.169421
0.501749
0.877215
0.682548
0.812736
0.812736
1.063668
0.941545
0.877215
1.037308
0.816920
0.917137
1.158883
1.158883
1.158883
1.120854
1.120854
0.814737
0.588595
1.171832
1.134342
0.588595
1.209462
1.134342
1.214433
1.296227
1.296227
1.273143
1.273143
1.236451
1.306264
1.118968
1.104748
1.068493
0.716615
0.907323
0.986570
0.986570
0.986570
1.239711
1.380921
1.122343
0.964104
1.228709
1.228709
0.974613
1.077007
0.779834
0.537433
0.624895
0.507612
0.537433
0.725250
0.743044
0.725250
0.877807
0.604311
0.624895
0.740504
0.877807
0.804534
0.812736
0.726447
0.804534
0.804534
0.877807
0.877215
1.063668
0.877807
0.941545
1.114533
0.832646
1.120854
1.019123
1.019123
0.849855
1.068638
1.019123
0.791741
1.019123
0.585284
0.585284
1.214433
1.263030
1.249145
1.368130
1.262420
1.262420
1.236451
1.361962
1.199876
1.104748
1.199876
1.141098
1.068493
0.680207
0.680207
0.716615
0.907323
1.049739
1.086068
0.987162
0.987162
1.208282
1.332443
1.078504
0.986570
1.078504
0.910715
1.239711
1.366705
1.380921
1.228709
1.070042
0.902485
0.845159
0.979065
1.070042
0.507612
0.501749
0.537433
0.507612
0.725250
0.740504
0.877807
0.877807
0.740504
0.804534
0.740504
1.024855
1.099266
1.099266
1.099266
1.099266
0.941545
0.941545
0.892918
0.823520
1.231560
1.231560
1.155404
0.849855
1.273483
1.305452
1.218666
1.217991
0.791741
0.849855
1.217991
1.218666
0.585284
1.171832
1.214433
1.214433
1.335415
1.368130
1.296227
1.306264
1.335415
1.361962
1.335415
1.361962
1.306264
1.306264
1.176457
1.176457
1.049739
1.086068
1.113544
1.086068
1.471421
1.471421
1.471421
1.471421
0.915213
1.332443
1.241209
1.241209
1.039666
1.039666
1.039666
1.070042
1.070042
0.979065
0.507612
0.507612
0.823520
0.804534
0.941545
1.024855
1.024855
1.024855
0.941545
1.231560
1.231560
1.231560
1.393739
1.305452
1.305452
1.068638
0.791741
0.849855
1.218666
1.218666
0.585284
1.368130
1.263030
1.263030
1.368130
1.335415
1.262420
1.335415
1.306264
1.306264
1.335415
1.306264
1.195956
1.199876
1.176457
0.933019
1.113544
1.086068
1.248425
1.471421
1.471421
1.332443
1.078504
1.165019
1.359480
1.366705
1.332443
1.366705
1.606112
1.218066
1.404541
1.362034
0.845159
0.845159
1.110852
1.070042
0.979065
0.979065
0.979065
0.415646
0.502324
0.725250
0.604311
0.725250
0.844773
0.877807
0.725250
0.713670
0.604311
0.804259
0.877807
0.823520
0.823520
0.941545
0.941545
0.941545
1.024855
1.024855
1.099266
1.015825
0.941545
1.024855
0.892918
0.892918
1.299572
1.068638
0.791741
1.218666
1.214433
1.171832
1.214433
1.325452
1.340470
1.172821
1.335415
1.195956
1.306264
1.306264
1.306264
1.199876
0.485246
0.728363
0.350738
0.933019
0.933019
0.485246
0.728363
0.680207
1.049739
1.049739
1.113544
0.933019
0.987162
1.359898
1.471421
1.562313
1.186402
1.218184
1.218066
1.039666
1.368946
1.070042
0.845159
0.979065
1.009162
1.070042
0.537433
0.568464
0.575690
0.568464
0.507612
0.502324
0.507612
0.713670
1.253668
1.230341
1.002257
0.923052
0.865448
0.804259
0.865448
1.305452
0.791741
1.370344
0.775143
0.844112
1.223691
1.218666
0.585284
1.297516
1.169208
1.286144
1.368130
1.340470
1.328189
1.306264
1.376672
1.340470
1.145931
1.104048
1.199876
1.141098
0.760298
0.552212
0.968979
0.728363
0.760298
0.843578
0.843578
0.933019
0.843578
1.111176
1.113544
1.359898
0.935312
0.935312
1.471421
1.732860
1.968981
1.794815
1.968981
1.562313
1.794815
1.562313
1.619354
1.608217
0.915213
1.048679
1.046324
1.218184
1.362034
1.125065
1.070042
1.099746
0.385793
0.543357
0.568464
0.502324
0.502324
0.713670
0.713670
1.015825
0.877807
1.015825
1.015825
0.923052
0.923052
1.165514
1.230341
1.165514
1.002257
1.165514
1.230341
1.165514
1.002257
1.002257
0.865448
1.002257
1.165514
1.002257
1.240439
1.002257
1.447501
1.230341
1.165514
1.029405
0.844112
1.447501
1.299572
1.447501
1.370344
0.844112
1.223691
0.569617
0.775143
0.569617
1.280382
1.297516
1.240301
1.297516
1.325452
1.240301
1.286144
1.145931
1.263030
1.368130
1.340470
1.145931
1.340470
1.340470
1.340470
1.371543
1.195956
1.306264
0.843578
1.163679
0.969853
1.068871
1.968981
1.968981
0.915213
1.968981
1.608217
0.882844
1.608217
1.608217
1.186402
1.024282
1.046324
1.039666
1.404541
0.865400
1.099746
0.385793
0.385793
0.355050
0.355050
0.385793
0.713670
0.713670
1.015825
1.015825
1.015825
1.015825
1.002257
0.804259
0.865448
0.865448
1.165514
1.240439
1.002257
1.002257
0.865448
1.002257
0.844112
0.844112
1.386494
1.386494
1.230341
1.240439
1.230341
1.240439
0.844112
0.569617
1.240301
1.325452
1.371543
1.145931
1.340470
1.379442
0.552212
0.552212
0.760298
0.760298
0.843578
0.963274
0.963274
1.102766
1.102766
1.102766
0.963716
1.732860
2.171523
2.171523
1.608217
1.968981
1.608217
1.619354
1.872419
1.872419
1.619354
1.218184
1.218184
1.218184
1.046324
1.104244
1.046324
1.046324
0.865400
0.865400
1.099746
1.099746
1.099746
0.782971
0.355050
0.385793
0.543357
0.568464
0.504263
0.713670
0.713670
0.601854
0.844773
1.015825
1.015825
0.865448
0.784471
1.023519
1.002257
0.844112
1.029405
1.240439
0.844112
1.447501
1.386494
1.240439
1.299572
1.325452
1.325452
1.325452
1.340470
1.113787
0.552212
0.701208
0.843578
0.963274
0.963274
0.843578
0.968979
0.843578
0.843578
0.843578
1.102766
1.102766
1.111176
1.359898
1.102766
1.732860
1.732860
2.171523
0.963716
1.022028
2.171523
1.968981
1.968981
1.872419
1.619354
1.619354
1.872419
1.024282
1.401459
1.410686
1.410686
1.179814
1.165637
1.165637
0.865400
1.009162
1.009162
0.845601
0.782971
0.782971
0.355050
0.385793
0.385793
0.465908
0.502324
0.504263
0.502324
0.694429
0.903346
1.023519
1.165514
1.063991
1.243393
1.240439
1.447501
1.243393
0.774409
0.675058
1.370344
0.775143
1.325452
1.271896
1.325452
1.240301
1.271896
1.115085
1.325452
1.404026
1.404026
1.340470
1.404026
1.340470
1.113787
1.159594
0.701208
1.008945
0.785124
0.963274
0.963274
1.008945
0.991923
1.224548
0.963274
1.732860
1.068871
2.104214
2.171523
1.548838
1.022028
1.893171
1.893171
1.872419
1.300016
1.186402
1.103119
1.537635
1.872419
1.872419
1.872419
1.024282
1.432042
1.432042
1.364472
1.216426
1.018894
1.018894
1.046324
1.179814
1.404541
1.018894
1.125065
0.845601
0.740490
0.504263
0.504263
0.465908
0.835623
0.694429
0.844773
0.835623
0.835623
0.835623
0.903346
0.774409
0.774409
1.243393
1.243393
1.243393
1.386494
0.774409
1.379511
1.351445
1.243393
1.304830
1.166872
1.304830
1.235689
1.235689
1.271896
1.404026
1.172989
1.172989
1.404026
1.404026
1.155759
1.048578
1.008945
1.008945
0.785124
0.785124
0.785124
0.785124
0.785124
1.103377
1.224548
1.103377
1.111176
0.932117
1.548838
1.548838
1.893171
1.022028
1.893171
1.795295
0.912921
0.912921
1.795295
1.601614
1.103119
1.795295
1.340912
1.537635
1.340912
1.410686
1.179814
1.216426
1.359769
1.216426
1.062006
0.868225
1.032586
1.009162
0.504263
0.504263
0.504263
0.504263
0.504263
0.465908
0.694429
0.594910
0.465908
0.465908
0.594910
0.694429
0.694429
0.835623
0.671403
1.023519
0.681446
0.774409
1.297516
1.271896
1.271896
1.234063
1.271896
1.271896
1.271896
1.172989
1.172989
1.172989
1.064482
1.016296
1.103377
1.016296
1.016296
1.103377
1.008945
1.224548
1.103377
0.981598
1.908234
1.224548
1.119963
1.908234
1.908234
1.908234
1.022028
1.893171
1.893171
1.601614
1.627311
1.601614
1.795295
1.300016
1.537635
1.537635
1.537635
1.216426
1.216426
1.179814
1.359769
1.032586
1.126365
1.097214
0.821961
0.504263
0.694429
0.694429
0.657199
0.694429
0.542249
0.594910
0.594910
0.835623
0.835623
0.835623
1.023519
0.903346
1.063991
1.023519
1.023519
1.243393
0.774409
1.296817
0.675058
0.675058
1.379511
1.379511
1.235689
1.235689
0.597449
1.235689
1.271896
1.072656
1.064482
1.155759
1.064482
1.103377
1.219587
1.103377
1.088124
0.926738
0.932117
1.016296
1.233600
1.119523
1.548838
1.119963
1.893171
1.242823
1.062411
1.364472
1.340912
1.364472
1.179814
1.216426
1.216426
1.216426
1.216426
1.062006
1.126365
1.032586
1.216426
1.216426
1.126365
1.097214
1.126365
0.593975
0.629396
0.657199
0.594910
0.860215
0.903346
0.903346
0.946542
1.006986
1.063991
1.143827
0.681989
1.229842
1.371950
1.272074
1.304830
1.235689
1.325629
1.541166
1.271896
1.385518
1.385518
1.271896
1.234565
1.015686
1.116543
1.103377
1.219587
1.103377
0.981598
1.512833
1.668208
1.548838
1.460961
1.119963
1.119963
1.119523
1.893171
1.022028
1.300016
1.223951
1.103119
1.364472
1.219553
1.062006
0.984156
1.062006
1.015897
1.019351
0.821961
0.593975
0.542249
0.687874
0.593975
0.687874
0.687874
0.609410
0.609410
0.687874
0.776543
0.776543
0.881124
0.946542
0.946542
1.143827
1.143827
1.286585
1.286585
1.286585
1.233830
1.233830
1.271896
1.385518
1.182161
1.047384
1.132812
1.132812
1.116543
1.388235
1.219587
1.308533
1.512833
1.460961
1.460961
1.119523
1.119963
1.001298
1.001298
1.436913
1.022028
1.001298
1.601614
1.062411
1.103119
1.062411
1.103119
1.103119
1.082801
1.126365
1.015897
1.015897
0.609410
0.609410
0.687874
0.687874
0.687874
0.681446
0.609410
1.006986
1.006986
1.006986
1.006986
1.229842
1.371950
1.371950
1.371950
1.371950
1.385518
1.385518
1.234063
1.233830
1.234063
1.234063
1.170118
1.396398
1.388235
1.219587
1.008945
1.512833
1.308533
0.932117
0.981598
1.460961
1.689008
1.460961
1.689008
0.911497
0.911497
0.912921
1.489003
1.223951
1.489003
1.489003
1.223951
1.062411
1.082801
1.132396
1.117607
0.951356
1.117607
1.117607
1.117607
0.908046
1.082801
1.019351
0.908046
0.687874
0.609410
0.776543
0.681446
0.681446
0.681446
0.844225
1.006986
1.229842
1.166739
1.229842
1.371950
1.371950
1.371950
1.437356
1.318138
1.047384
1.047384
1.116543
1.015686
0.981591
1.219587
1.219587
1.388235
0.981598
0.981598
1.308533
1.308533
1.119523
1.003282
1.001298
0.911497
1.242823
1.062411
0.928356
1.223951
1.386784
1.117607
1.082801
1.117607
1.219553
1.082801
1.019351
1.019351
1.015897
1.019351
0.579574
0.674338
0.579574
0.654409
0.755253
0.654409
0.736198
0.776543
0.828131
0.828131
0.755253
1.229842
1.009726
0.732750
1.286585
1.166739
0.637631
1.223955
1.399171
1.182161
1.003983
1.003983
1.600053
1.348533
1.396398
1.348533
1.219587
1.219587
1.241850
0.928258
1.241850
1.219587
1.460961
1.299655
1.308533
1.396731
1.396731
0.917860
1.436913
1.436913
0.917860
1.340912
1.117607
0.891772
1.042206
1.042206
1.219553
1.041525
1.006735
0.755253
0.654409
0.755253
0.689108
0.654409
0.828131
0.819131
0.675158
0.828131
0.689108
1.009726
0.675158
1.166739
1.223955
1.166739
0.675158
1.384897
1.187135
1.187135
1.437356
1.170118
1.233830
1.255447
1.011647
0.981591
1.348533
1.348533
1.396398
1.196030
1.348533
1.348533
1.388235
1.402771
1.241850
1.219587
0.885885
1.003282
1.460961
0.917860
1.093488
0.917860
1.386784
1.689008
1.242823
0.928356
1.132396
1.132396
1.179874
1.042206
1.042206
1.006735
0.861514
0.861514
1.041525
0.861514
0.833733
1.006735
0.819131
0.819131
1.009726
1.166739
1.009726
0.675158
1.399171
1.282877
0.675158
1.399171
1.233830
1.048631
1.141451
1.141451
1.141451
1.255447
1.313516
1.348533
1.348533
0.981591
1.348533
1.348533
0.981591
0.928258
1.241850
1.402771
1.094780
1.241850
1.299655
1.478784
1.094780
1.396731
1.003282
1.396731
1.003282
1.396731
1.221457
1.221457
1.221457
1.093488
1.093488
1.093488
1.132396
1.179874
1.132396
1.222746
1.009726
0.819131
0.819131
1.009726
0.675158
0.618587
1.293807
1.173663
1.187135
1.313516
1.391354
1.348533
1.348533
1.348533
1.348533
1.402771
1.241850
1.196030
1.215267
0.928258
1.215267
1.241850
1.094780
1.402771
1.299655
1.478784
1.003282
1.396731
1.200027
1.003282
1.396731
1.221457
1.221457
1.357075
1.452411
1.452411
1.452411
1.013874
1.055315
1.093488
1.055315
1.386784
1.179874
1.289398
1.132396
1.386784
1.222746
1.386784
1.006735
1.179874
1.041525
1.041525
1.041525
1.006735
1.282877
0.994649
0.800269
0.825939
1.384897
1.384897
1.282877
0.994649
0.637631
0.618587
0.618587
0.637631
1.048631
1.142819
1.141451
1.079483
1.164624
1.079483
1.164624
1.396332
1.164624
1.522731
1.003983
1.174906
1.337666
1.003983
1.175844
1.537380
1.391354
1.348533
0.893280
0.893280
1.196030
1.166401
1.094780
1.081837
0.995403
1.084216
1.215267
1.349738
1.349738
1.384606
0.995403
1.200027
1.421238
1.384606
1.399531
1.396731
1.536565
1.536565
1.013874
1.399531
1.399531
1.220874
1.220874
1.396731
1.224374
1.055315
1.289398
1.055315
1.112793
1.222746
1.006735
1.041525
0.823032
1.006735
0.825939
1.311922
1.293807
1.293807
0.994649
0.825939
1.311922
1.173663
0.994649
1.391523
1.168361
0.618587
0.614695
1.170118
0.614695
0.818103
0.614695
0.818103
1.079483
1.079483
0.858552
1.164624
1.396332
1.164624
1.079483
1.164624
1.174182
1.255447
1.255447
1.349514
1.073679
1.337666
1.337666
1.255447
1.391354
1.391354
1.337666
1.337666
1.174182
1.174906
1.391354
1.391354
0.893280
0.893280
1.285997
1.166401
1.285997
1.166401
1.166401
1.348533
1.349738
1.349738
1.081837
1.451633
1.277600
1.421238
1.445879
1.445879
1.445879
1.445879
1.200027
1.277600
1.277600
1.432034
1.432034
1.432034
1.432034
1.373254
1.224374
1.309994
1.339703
1.373254
1.224374
1.055315
1.173039
1.339703
1.112793
1.112793
1.173039
1.002611
1.002611
1.112793
1.164564
0.972975
0.928878
0.972975
0.823032
0.972975
0.972975
0.928878
1.173663
1.168361
1.126972
1.173663
0.994649
0.825939
0.614695
1.126282
1.018403
0.818103
0.614695
0.614695
0.818103
0.818103
0.966604
1.126282
1.018403
0.818103
1.079483
1.079483
0.858552
1.164624
1.079483
1.164624
0.858552
1.164624
1.164624
1.164624
1.073679
0.912180
1.073679
1.073679
1.175844
1.073679
1.337666
1.337666
1.175844
1.391354
1.285997
1.391354
1.166401
1.174906
1.081837
1.285997
1.109563
1.423135
1.166401
1.451633
1.241850
1.215267
1.451633
1.084216
1.421238
1.433037
0.940490
0.986571
1.084216
0.940490
1.433037
1.421238
1.277600
1.277600
1.311922
1.293807
1.173663
1.293807
1.173663
1.003458
0.892090
1.168361
1.217269
0.818103
0.818103
0.607383
0.614695
0.614695
1.156247
0.604179
1.015043
1.079483
1.164624
0.939588
0.858552
0.912180
1.073679
1.073679
0.880808
1.337666
0.880808
0.880808
0.880808
1.537380
1.391354
1.391354
1.537380
1.020560
1.073679
1.174906
1.391354
1.391354
1.020560
1.318443
1.042579
1.109563
1.215267
0.746723
1.081837
1.274681
1.433037
1.423135
1.081837
1.311288
1.311288
1.311288
1.433037
1.084216
1.311288
1.003458
0.979013
1.217269
1.018403
0.801924
1.069678
1.142819
1.164624
0.989754
1.009961
1.073679
1.174182
1.174182
1.174906
1.175844
1.238099
0.970823
1.241969
1.130233
1.126972
1.126972
1.121039
0.979013
0.892090
0.989754
1.069678
1.009961
1.318443
1.229778
1.017572
1.017572
1.011267
1.017572
0.970823
0.970823
1.413943
1.274681
1.313962
1.130233
1.130233
1.130233
1.121039
1.126972
1.126972
0.892090
1.217269
0.951010
1.018403
0.951010
0.801924
0.801924
0.951010
0.801924
1.156247
1.069678
1.011267
1.337666
1.011267
1.229778
1.489123
1.229778
1.318443
1.017572
0.970823
1.413943
0.970823
1.017572
0.970823
1.274681
1.183635
1.183635
1.183635
1.121039
0.935318
1.126972
1.217269
0.951010
0.951010
1.217269
0.966604
1.156247
0.801924
1.069678
1.156247
1.223731
0.989754
1.223731
1.069678
1.011267
0.947018
1.011267
1.148659
1.009961
1.318443
1.242049
1.318443
1.011267
1.227772
1.183635
1.183635
1.183635
0.903139
1.003458
1.048967
1.126972
1.048967
0.951010
0.979702
0.896025
1.015043
0.979702
1.034544
0.896025
1.055996
1.055996
1.318443
1.318443
1.208226
1.038277
1.055996
1.229792
0.976901
1.274681
0.955519
0.955519
0.903139
0.903139
0.955519
0.955519
0.793043
1.048967
0.859255
1.164758
0.943843
1.069678
1.107830
1.148659
1.148659
1.148659
1.227772
1.055996
1.227772
1.227772
1.227772
1.038277
1.202951
0.976901
1.038277
1.202951
1.100435
0.955519
0.955519
0.935318
0.935318
0.859255
0.859255
0.859255
1.048967
1.164758
0.896025
0.896025
0.943843
1.034544
1.267033
1.310470
1.034544
1.360024
1.360024
1.310470
1.310470
1.202951
1.202951
1.055996
0.729586
0.903139
0.903139
0.901382
0.859255
1.147853
1.147853
1.048967
1.048967
0.896025
1.164758
1.249564
1.255470
0.943843
1.323942
1.310470
1.360024
1.107830
1.267033
1.249564
1.360024
1.323942
1.310470
1.249564
0.903139
0.729586
0.903139
0.901382
0.846458
0.901382
0.738393
1.226698
0.896025
0.896025
1.010756
1.010756
1.010756
0.901382
0.902781
0.994295
0.994295
0.902781
1.323942
1.255470
1.107830
0.729586
0.846458
0.901382
0.901382
0.846458
0.846458
0.994295
0.846458
0.902781
0.902781
1.337666
1.337666
1.337666
1.337666
1.056524
1.056524
1.056524
1.002257
0.865448
0.865448
1.002257
1.002257
