2466 1 3
0.753403
0.873489
0.873489
0.865514
0.792026
0.753403
0.753403
0.856926
0.790532
0.753403
0.856926
0.803360
0.803360
0.735981
0.803360
0.873489
0.817946
0.901611
0.717950
0.717950
0.865514
0.792026
0.865514
0.768810
0.829780
0.829780
0.965986
0.753403
0.790532
0.790532
0.913183
0.999032
0.901611
1.055404
0.898702
0.855269
0.740888
0.717950
1.098814
0.912023
0.717950
0.854093
0.792026
0.829780
0.865514
0.945264
1.004337
1.034216
1.004337
0.837221
0.920338
0.999032
0.880607
0.920338
0.999032
0.837221
0.855269
1.079035
1.055404
0.898702
0.855269
0.898702
0.941876
0.941876
1.098814
1.098814
1.098814
1.107068
1.091498
1.091498
1.107068
0.912023
0.912023
0.854093
0.768810
1.091498
0.945264
0.904751
0.904751
0.904751
0.904751
1.004337
1.004337
0.890977
0.978924
0.837221
0.837221
0.880607
0.880607
0.837221
0.837221
0.837221
0.937712
0.788015
1.017164
0.920338
0.855269
1.079035
1.079035
1.135003
1.135003
1.135003
1.135003
1.107068
1.107068
1.107068
1.091498
0.854093
0.854093
1.040496
1.091498
1.040496
1.074291
1.040496
0.890977
1.068426
1.040496
0.844520
0.978924
0.913436
0.913436
0.856126
0.977153
0.913436
0.681677
0.753496
0.753496
0.880607
0.794811
0.794811
0.937712
0.829443
0.920338
0.920338
0.937712
0.788015
1.017164
0.937712
0.788015
1.135003
1.135003
1.134528
1.135003
0.912023
0.912023
0.912023
1.136100
1.107068
1.091498
0.854093
0.807554
1.091498
1.114675
1.040496
0.904751
0.904751
0.807554
1.068426
0.844520
0.890977
0.844520
1.068426
1.005327
0.977153
0.856126
0.856126
0.856126
0.750615
0.784331
0.750615
0.939372
0.753496
0.829443
0.961506
0.797224
0.892416
0.855269
1.017164
0.855269
1.079035
1.132621
1.132621
1.134528
1.296446
1.292043
1.292043
1.234346
1.234346
1.068426
1.237382
1.068426
1.007501
1.005327
1.080645
1.080645
0.910142
0.977153
0.958415
0.926961
0.665474
0.694193
0.665474
0.750615
0.665474
0.717172
0.694193
0.784331
0.750615
0.824371
0.824371
0.961506
0.961506
0.797224
0.710840
1.063657
0.892416
1.070115
1.164771
1.164771
1.063657
1.164771
1.150055
1.244846
1.244846
1.244846
1.296446
1.296446
1.310757
1.329641
1.329641
1.005254
1.292043
1.072667
1.234346
1.292043
1.234346
1.005254
0.930081
0.930081
1.163563
1.163563
1.095578
1.163563
1.163563
0.938789
1.007501
1.080645
0.938789
0.938789
0.873501
0.844520
0.988512
0.873501
0.988512
0.926961
0.852190
0.958415
0.926961
0.926961
0.597673
0.597673
0.629380
0.649252
0.649252
0.694193
0.597673
0.717172
0.728615
0.665474
0.728615
0.838133
0.961506
0.710840
1.063657
0.797224
1.150055
1.063657
1.224623
0.959413
1.224623
1.296446
1.310757
1.278580
1.172672
1.292043
1.278580
1.249351
1.237382
1.237382
1.237382
1.155676
1.095578
1.008028
1.080645
0.988512
0.877134
0.852190
0.852190
0.873501
0.852190
0.629380
0.629380
0.597673
0.597673
0.622354
0.562269
0.622354
0.710840
0.710840
0.837164
0.838133
0.838133
0.797224
0.797224
0.952311
1.044303
1.044303
1.224623
1.150055
1.150055
1.150055
1.224623
1.224623
1.050264
1.296446
1.310757
1.310757
1.252856
1.418061
1.278580
0.930081
1.005254
1.155676
0.892359
0.930081
0.892359
1.085094
1.163563
0.938789
1.095578
1.014273
0.873501
0.873501
0.938670
0.988512
0.850022
0.852190
0.877134
0.852190
0.877134
0.852190
0.877134
0.775794
0.584199
0.649252
0.597673
0.648679
0.584199
0.649252
0.562269
0.608144
0.728615
0.622354
1.086475
1.209840
0.892416
1.059238
1.008027
1.305161
1.113980
1.059238
1.361681
1.224623
1.008027
1.400672
1.400672
1.259214
1.050264
1.152813
1.259214
1.189059
1.152813
1.072667
1.418061
1.005254
1.249351
1.278580
1.387049
1.315940
1.217091
1.084276
1.315940
1.219949
1.137881
1.007501
1.088391
1.060558
0.850022
0.850022
0.867094
0.775794
0.822520
0.822520
0.822520
0.612876
0.584199
0.584199
0.708466
0.608144
0.608144
0.814365
0.728615
0.608144
0.948277
1.065113
1.065113
1.065113
1.059238
1.301814
1.243289
1.113980
1.361681
1.152813
1.113980
1.189059
1.400672
1.400672
1.418061
1.084276
1.172672
1.387049
1.315940
1.217091
1.084276
1.000520
1.201139
1.137881
0.938789
1.137881
1.056101
0.909218
0.975933
0.850022
0.963406
0.770008
0.822520
0.822520
0.612876
0.612876
0.612876
0.637506
0.637506
0.584199
0.720219
0.720712
0.808500
0.775168
0.808500
0.678671
0.808500
0.883946
1.145866
1.059238
1.361681
1.113980
1.418061
1.152813
1.328918
1.189059
1.189059
1.189059
1.172672
1.326809
1.387049
1.326809
1.326809
1.315940
1.088391
1.008028
1.137881
1.137881
1.008028
1.137881
0.976257
0.975933
0.850022
0.963406
0.770008
0.867094
0.867094
0.867094
0.822520
0.822520
0.758553
0.758553
0.584199
0.584199
0.617653
0.617653
0.608144
0.542215
0.720219
0.678671
0.924044
0.924044
1.306399
1.222369
1.243289
1.363494
1.301814
1.113980
1.361681
1.301814
1.113980
1.470253
1.470253
1.400672
1.400672
1.400672
1.400672
1.329567
1.326809
1.278657
1.172672
1.201139
1.084276
1.201139
1.008028
0.976257
0.975933
0.975933
0.884902
0.770008
0.884902
0.884902
0.785634
0.711780
0.758553
0.758553
0.587844
0.551205
0.551205
0.637506
0.637506
0.720219
0.720219
0.646650
0.608144
0.808500
0.904517
0.882774
1.035300
1.035300
1.169414
1.065113
1.065113
1.145866
1.243289
1.243289
1.306399
1.113980
1.222369
1.363494
1.410235
1.361681
1.328918
1.329567
1.470253
1.404076
1.470253
1.400672
1.470253
1.329567
1.398131
1.329567
1.278657
1.186404
1.201139
1.186404
1.092240
1.169726
0.938670
1.056101
0.887563
0.806354
0.806354
0.884902
0.770008
0.806354
0.740181
0.740181
0.825375
0.673180
0.673180
0.579959
0.673180
0.775168
0.678671
1.230663
0.962038
0.977221
1.230663
1.306399
1.498939
1.363494
1.404076
1.470253
1.314061
1.398131
1.328608
1.421589
1.333184
1.333184
1.215406
1.259098
1.259098
1.088391
1.064847
1.064847
1.064847
1.064847
0.806354
0.916376
0.825375
0.803061
0.774959
0.774959
0.774959
0.774959
0.774959
0.424895
0.397467
0.473862
0.473862
0.473862
0.587844
0.645025
0.587844
0.551205
0.587844
0.617653
0.551205
0.617653
0.673180
0.673180
0.579959
0.579959
0.733669
0.796229
0.733669
1.035300
1.169414
1.306399
1.363494
1.363494
1.410235
1.410235
1.410235
1.436970
1.410235
1.317314
1.317314
1.404076
1.363494
1.410235
1.498939
1.328608
1.314061
1.328608
1.333184
1.215406
1.169726
1.259098
1.064847
0.970131
0.970131
1.010023
0.887563
1.016105
0.803061
0.740181
0.774959
0.803061
0.369244
0.587844
0.473862
0.551205
0.551205
0.673180
0.656897
0.587844
0.685867
0.579959
0.617653
0.774475
0.774475
0.774475
0.775168
0.775168
0.733669
0.962038
1.156658
1.125844
0.962038
1.230663
1.125844
1.257418
1.410235
1.410235
1.470253
1.470253
1.498939
1.466866
1.317314
1.314061
1.328608
1.215406
1.218361
1.092240
1.092240
1.092240
0.887563
0.933325
0.806354
0.740181
0.825375
0.825375
0.737930
0.774959
0.686633
0.414295
0.424895
0.385692
0.414295
0.536339
0.516945
0.536339
0.605997
0.451436
0.424895
0.531521
0.605997
0.576232
0.551205
0.507485
0.576232
0.576232
0.605997
0.587844
0.673180
0.605997
0.656897
0.741074
0.646650
0.775168
0.882774
0.882774
0.796229
0.960826
0.882774
0.912251
0.882774
1.009690
1.009690
1.257418
1.328493
1.306399
1.367883
1.391545
1.391545
1.498939
1.521590
1.375893
1.314061
1.375893
1.371674
1.328608
1.304988
1.304988
1.215406
1.218361
1.329058
1.186404
1.252555
1.252555
1.064847
1.009924
1.040480
1.092240
1.040480
1.006341
0.887563
0.911899
0.933325
0.825375
0.758716
0.711830
0.700900
0.732379
0.758716
0.385692
0.369244
0.414295
0.385692
0.536339
0.531521
0.605997
0.605997
0.531521
0.576232
0.531521
0.684770
0.718462
0.718462
0.718462
0.718462
0.656897
0.656897
0.678462
0.613643
0.847807
0.847807
0.852295
0.796229
0.904517
0.969118
1.075507
1.035300
0.912251
0.796229
1.035300
1.075507
1.009690
1.156658
1.257418
1.257418
1.439588
1.367883
1.410235
1.466866
1.439588
1.521590
1.439588
1.521590
1.466866
1.466866
1.379474
1.379474
1.329058
1.186404
1.268328
1.186404
1.202221
1.202221
1.202221
1.202221
1.108126
1.009924
0.960312
0.960312
0.758385
0.758385
0.758385
0.758716
0.758716
0.732379
0.385692
0.385692
0.613643
0.576232
0.656897
0.684770
0.684770
0.684770
0.656897
0.847807
0.847807
0.847807
0.962844
0.969118
0.969118
0.960826
0.912251
0.796229
1.075507
1.075507
1.009690
1.367883
1.328493
1.328493
1.367883
1.439588
1.391545
1.439588
1.466866
1.466866
1.439588
1.466866
1.322172
1.375893
1.379474
1.405657
1.268328
1.186404
1.125437
1.202221
1.202221
1.009924
1.040480
1.129197
0.940193
0.911899
1.009924
0.911899
0.963331
0.836773
0.878574
0.867746
0.700900
0.700900
0.777393
0.758716
0.732379
0.732379
0.732379
0.352241
0.395335
0.536339
0.451436
0.536339
0.638212
0.605997
0.536339
0.550175
0.451436
0.623072
0.605997
0.613643
0.613643
0.656897
0.656897
0.656897
0.684770
0.684770
0.718462
0.717349
0.656897
0.684770
0.678462
0.678462
1.008786
0.960826
0.912251
1.075507
1.257418
1.156658
1.257418
1.293547
1.370937
1.321572
1.439588
1.322172
1.466866
1.466866
1.466866
1.375893
1.441077
1.508773
1.476058
1.405657
1.405657
1.441077
1.508773
1.304988
1.329058
1.329058
1.268328
1.405657
1.252555
1.234922
1.202221
1.078989
1.054838
0.852860
0.836773
0.758385
0.856944
0.758716
0.700900
0.732379
0.739783
0.758716
0.414295
0.479634
0.460139
0.479634
0.385692
0.395335
0.385692
0.550175
0.821069
0.838892
0.772062
0.684298
0.711553
0.623072
0.711553
0.969118
0.912251
1.110963
0.931555
0.831893
1.106681
1.075507
1.009690
1.208015
1.161469
1.327230
1.367883
1.370937
1.398238
1.466866
1.388368
1.370937
1.273086
1.267890
1.375893
1.371674
1.509058
1.491100
1.271448
1.508773
1.509058
1.438747
1.438747
1.405657
1.438747
1.277803
1.268328
1.234922
1.179075
1.179075
1.202221
1.270491
1.140922
1.132828
1.140922
1.078989
1.132828
1.078989
1.008081
1.104922
1.108126
0.869322
0.775552
0.852860
0.867746
0.796912
0.758716
0.772732
0.362320
0.435548
0.479634
0.395335
0.395335
0.550175
0.550175
0.717349
0.605997
0.717349
0.717349
0.684298
0.684298
0.810848
0.838892
0.810848
0.772062
0.810848
0.838892
0.810848
0.772062
0.772062
0.711553
0.772062
0.810848
0.772062
0.933341
0.772062
1.000232
0.838892
0.810848
0.887314
0.831893
1.000232
1.008786
1.000232
1.110963
0.831893
1.106681
1.033682
0.931555
1.033682
1.195269
1.208015
1.253823
1.208015
1.293547
1.253823
1.327230
1.273086
1.328493
1.367883
1.370937
1.273086
1.370937
1.370937
1.370937
1.451700
1.322172
1.466866
1.438747
1.357399
1.320455
1.198906
1.140922
1.140922
1.108126
1.140922
1.104922
1.034308
1.104922
1.104922
1.054838
0.967611
0.775552
0.758385
0.878574
0.706140
0.772732
0.362320
0.362320
0.336119
0.336119
0.362320
0.550175
0.550175
0.717349
0.717349
0.717349
0.717349
0.772062
0.623072
0.711553
0.711553
0.810848
0.933341
0.772062
0.772062
0.711553
0.772062
0.831893
0.831893
0.968982
0.968982
0.838892
0.933341
0.838892
0.933341
0.831893
1.033682
1.253823
1.293547
1.451700
1.273086
1.370937
1.470932
1.491100
1.491100
1.509058
1.509058
1.438747
1.453067
1.453067
1.364172
1.364172
1.364172
1.123262
1.270491
1.165269
1.165269
1.104922
1.140922
1.104922
1.008081
1.036940
1.036940
1.008081
0.852860
0.852860
0.852860
0.775552
0.807878
0.775552
0.775552
0.706140
0.706140
0.772732
0.772732
0.772732
0.677393
0.336119
0.362320
0.435548
0.479634
0.425357
0.550175
0.550175
0.463440
0.638212
0.717349
0.717349
0.711553
0.721725
0.826052
0.772062
0.831893
0.887314
0.933341
0.831893
1.000232
0.968982
0.933341
1.008786
1.293547
1.293547
1.293547
1.370937
1.288990
1.491100
1.372907
1.438747
1.453067
1.453067
1.438747
1.271448
1.438747
1.438747
1.438747
1.364172
1.364172
1.277803
1.234922
1.364172
1.270491
1.270491
1.165269
1.123262
1.136216
1.165269
1.140922
1.140922
1.036940
1.008081
1.008081
1.036940
0.967611
0.977886
0.991003
0.991003
0.893355
0.882428
0.882428
0.706140
0.739783
0.739783
0.702479
0.677393
0.677393
0.336119
0.362320
0.362320
0.393644
0.395335
0.425357
0.395335
0.549914
0.735601
0.826052
0.810848
0.945410
0.971035
0.933341
1.000232
0.971035
0.843535
0.936206
1.110963
0.931555
1.293547
1.282410
1.293547
1.253823
1.282410
1.192728
1.293547
1.363603
1.363603
1.370937
1.363603
1.370937
1.288990
1.248472
1.372907
1.434897
1.389434
1.453067
1.453067
1.434897
1.340454
1.372947
1.453067
1.270491
1.198906
1.171816
1.165269
1.271125
1.136216
1.158360
1.158360
1.036940
1.073569
1.054838
0.979525
0.955545
1.036940
1.036940
1.036940
0.967611
0.897949
0.897949
0.917121
0.822893
0.771533
0.771533
0.775552
0.893355
0.878574
0.771533
0.796912
0.702479
0.678225
0.425357
0.425357
0.393644
0.655545
0.549914
0.638212
0.655545
0.655545
0.655545
0.735601
0.843535
0.843535
0.971035
0.971035
0.971035
0.968982
0.843535
1.092217
0.997074
0.971035
1.101570
1.102717
1.101570
1.181663
1.181663
1.282410
1.363603
1.249950
1.249950
1.363603
1.363603
1.276778
1.286582
1.434897
1.434897
1.389434
1.389434
1.389434
1.389434
1.389434
1.441094
1.372947
1.441094
1.277803
1.234968
1.271125
1.271125
1.158360
1.136216
1.158360
1.050786
1.047499
1.047499
1.050786
1.020769
0.979525
1.050786
0.987039
0.955545
0.987039
0.991003
0.893355
0.822893
0.897480
0.822893
0.809598
0.703798
0.746684
0.739783
0.425357
0.425357
0.425357
0.425357
0.425357
0.393644
0.549914
0.471927
0.393644
0.393644
0.471927
0.549914
0.549914
0.655545
0.562276
0.826052
0.617476
0.843535
1.208015
1.282410
1.282410
1.241215
1.282410
1.282410
1.282410
1.249950
1.249950
1.249950
1.280437
1.275050
1.441094
1.275050
1.275050
1.441094
1.434897
1.372947
1.441094
1.208121
1.279594
1.372947
1.208887
1.279594
1.279594
1.279594
1.136216
1.158360
1.158360
1.020769
1.112066
1.020769
1.050786
1.073569
0.955545
0.955545
0.955545
0.822893
0.822893
0.893355
0.897480
0.746684
0.791622
0.770571
0.694924
0.425357
0.549914
0.549914
0.526570
0.549914
0.475290
0.471927
0.471927
0.655545
0.655545
0.655545
0.826052
0.735601
0.945410
0.826052
0.826052
0.971035
0.843535
1.067840
0.936206
0.936206
1.092217
1.092217
1.181663
1.181663
1.036000
1.181663
1.282410
1.209040
1.280437
1.276778
1.280437
1.441094
1.418873
1.441094
1.364495
1.426761
1.234968
1.275050
1.290611
1.204487
1.271125
1.208887
1.158360
1.059022
0.965962
0.917121
0.987039
0.917121
0.893355
0.822893
0.822893
0.822893
0.822893
0.809598
0.791622
0.746684
0.822893
0.822893
0.791622
0.770571
0.791622
0.521128
0.554694
0.526570
0.471927
0.730702
0.735601
0.735601
0.815044
0.935781
0.945410
0.961438
0.924364
1.052424
1.170254
1.080801
1.101570
1.181663
1.192535
1.253520
1.282410
1.244579
1.244579
1.282410
1.301315
1.231673
1.223284
1.441094
1.418873
1.441094
1.208121
1.353978
1.374735
1.271125
1.281905
1.208887
1.208887
1.204487
1.158360
1.136216
1.073569
0.912219
0.979525
0.917121
0.888382
0.809598
0.800550
0.809598
0.758060
0.780740
0.694924
0.521128
0.475290
0.607695
0.521128
0.607695
0.607695
0.559813
0.559813
0.607695
0.690909
0.690909
0.882869
0.815044
0.815044
0.961438
0.961438
1.074839
1.074839
1.074839
1.214399
1.214399
1.282410
1.244579
1.207653
1.159837
1.201996
1.201996
1.223284
1.418315
1.418873
1.357901
1.353978
1.281905
1.281905
1.204487
1.208887
1.124361
1.124361
1.113371
1.136216
1.124361
1.020769
0.965962
0.979525
0.965962
0.979525
0.979525
0.822528
0.791622
0.758060
0.758060
0.559813
0.559813
0.607695
0.607695
0.607695
0.617476
0.559813
0.935781
0.935781
0.935781
0.935781
1.052424
1.170254
1.170254
1.170254
1.170254
1.244579
1.244579
1.241215
1.214399
1.241215
1.241215
1.165978
1.484185
1.418315
1.418873
1.434897
1.353978
1.357901
1.234968
1.208121
1.281905
1.168688
1.281905
1.168688
1.028225
1.028225
1.047499
1.004283
0.912219
1.004283
1.004283
0.912219
0.965962
0.822528
0.962165
0.880804
0.860680
0.880804
0.880804
0.880804
0.743340
0.822528
0.780740
0.743340
0.607695
0.559813
0.690909
0.617476
0.617476
0.617476
0.768952
0.935781
1.052424
1.022965
1.052424
1.170254
1.170254
1.170254
1.216666
1.252299
1.159837
1.159837
1.223284
1.231673
1.171641
1.418873
1.418873
1.418315
1.208121
1.208121
1.357901
1.357901
1.204487
1.182728
1.124361
1.028225
1.059022
0.965962
0.934733
0.912219
1.031757
0.880804
0.822528
0.880804
0.888382
0.822528
0.780740
0.780740
0.758060
0.780740
0.605764
0.675418
0.605764
0.700827
0.761410
0.700827
0.713098
0.690909
0.869319
0.869319
0.761410
1.052424
0.998544
0.832803
1.074839
1.022965
0.974987
1.055605
1.146798
1.207653
1.148407
1.148407
1.441144
1.457326
1.484185
1.457326
1.418873
1.418873
1.386588
1.158223
1.386588
1.418873
1.281905
1.317774
1.357901
1.257389
1.257389
1.097200
1.113371
1.113371
1.097200
0.987039
0.880804
0.798346
0.870485
0.870485
0.888382
0.861791
0.827255
0.761410
0.700827
0.761410
0.816069
0.700827
0.869319
0.948228
0.890048
0.869319
0.816069
0.998544
0.890048
1.022965
1.055605
1.022965
0.890048
1.140476
1.138639
1.138639
1.216666
1.165978
1.214399
1.193332
1.128243
1.171641
1.457326
1.457326
1.484185
1.457583
1.457326
1.457326
1.418315
1.391415
1.386588
1.418873
1.125762
1.182728
1.281905
1.097200
1.032372
1.097200
1.031757
1.168688
1.059022
0.934733
0.962165
0.962165
0.917924
0.870485
0.870485
0.827255
0.764706
0.764706
0.861791
0.764706
0.732672
0.827255
0.948228
0.948228
0.998544
1.022965
0.998544
0.890048
1.146798
1.119387
0.890048
1.146798
1.214399
1.068226
1.146973
1.146973
1.146973
1.193332
1.221355
1.457326
1.457326
1.171641
1.457326
1.457326
1.171641
1.158223
1.386588
1.391415
1.246989
1.386588
1.317774
1.325396
1.246989
1.257389
1.182728
1.257389
1.182728
1.257389
1.133362
1.133362
1.133362
1.032372
1.032372
1.032372
0.962165
0.917924
0.962165
0.972092
0.998544
0.948228
0.948228
0.998544
0.890048
0.904298
1.099786
1.077942
1.138639
1.221355
1.387585
1.457326
1.457326
1.457326
1.457326
1.391415
1.386588
1.457583
1.347090
1.158223
1.347090
1.386588
1.246989
1.391415
1.317774
1.325396
1.182728
1.257389
1.183252
1.182728
1.257389
1.133362
1.133362
1.234089
1.154370
1.154370
1.154370
1.088956
1.011501
1.032372
1.011501
1.031757
0.917924
1.059246
0.962165
1.031757
0.972092
1.031757
0.827255
0.917924
0.861791
0.861791
0.861791
0.827255
1.119387
1.041755
0.912858
0.989883
1.140476
1.140476
1.119387
1.041755
0.974987
0.904298
0.904298
0.974987
1.068226
1.102300
1.146973
1.231140
1.294675
1.231140
1.294675
1.300078
1.294675
1.401500
1.148407
1.401083
1.359989
1.148407
1.148066
1.343744
1.387585
1.457326
1.099057
1.099057
1.457583
1.399638
1.246989
1.173722
1.163826
1.329764
1.347090
1.351125
1.351125
1.298265
1.163826
1.183252
1.276855
1.298265
1.239279
1.257389
1.267337
1.267337
1.088956
1.239279
1.239279
1.120336
1.120336
1.257389
1.122522
1.011501
1.059246
1.011501
0.984074
0.972092
0.827255
0.861791
0.812950
0.827255
0.989883
1.101986
1.099786
1.099786
1.041755
0.989883
1.101986
1.077942
1.041755
1.150418
1.089655
0.904298
0.991889
1.165978
0.991889
1.082056
0.991889
1.082056
1.231140
1.231140
1.171296
1.294675
1.300078
1.294675
1.231140
1.294675
1.135576
1.193332
1.193332
1.464619
1.344634
1.359989
1.359989
1.193332
1.387585
1.387585
1.359989
1.359989
1.135576
1.401083
1.387585
1.387585
1.099057
1.099057
1.389695
1.399638
1.389695
1.399638
1.399638
1.457326
1.351125
1.351125
1.173722
1.345592
1.228436
1.276855
1.297612
1.297612
1.297612
1.297612
1.183252
1.228436
1.228436
1.233402
1.233402
1.233402
1.233402
1.221824
1.122522
1.135994
1.139630
1.221824
1.122522
1.011501
1.023407
1.139630
0.984074
0.984074
1.023407
0.910553
0.910553
0.984074
1.008964
0.901461
0.876397
0.901461
0.812950
0.901461
0.901461
0.876397
1.077942
1.089655
1.009382
1.077942
1.041755
0.989883
0.991889
1.100424
1.135988
1.082056
0.991889
0.991889
1.082056
1.082056
0.996922
1.100424
1.135988
1.082056
1.231140
1.231140
1.171296
1.294675
1.231140
1.294675
1.171296
1.294675
1.294675
1.294675
1.344634
1.246526
1.344634
1.344634
1.148066
1.344634
1.359989
1.359989
1.148066
1.387585
1.389695
1.387585
1.399638
1.401083
1.173722
1.389695
1.168009
1.366543
1.399638
1.345592
1.386588
1.347090
1.345592
1.329764
1.276855
1.310565
1.304116
1.350583
1.329764
1.304116
1.310565
1.276855
1.228436
1.228436
1.101986
1.099786
1.077942
1.099786
1.077942
0.988813
0.947068
1.089655
1.025044
1.082056
1.082056
1.075705
0.991889
0.991889
1.033020
1.113913
1.072039
1.231140
1.294675
0.976310
1.171296
1.246526
1.344634
1.344634
1.276230
1.359989
1.276230
1.276230
1.276230
1.343744
1.387585
1.387585
1.343744
1.393614
1.344634
1.401083
1.387585
1.387585
1.393614
1.217433
1.390228
1.168009
1.347090
1.219182
1.173722
1.185217
1.310565
1.366543
1.173722
1.249025
1.249025
1.249025
1.310565
1.329764
1.249025
0.988813
0.988964
1.025044
1.135988
0.983633
1.108400
1.102300
1.294675
1.017972
1.131223
1.344634
1.135576
1.135576
1.401083
1.148066
1.231398
1.086527
1.194781
1.143965
1.009382
1.009382
1.009531
0.988964
0.947068
1.017972
1.108400
1.131223
1.217433
1.169404
1.074357
1.074357
1.047101
1.074357
1.086527
1.086527
1.194830
1.185217
1.208770
1.143965
1.143965
1.143965
1.009531
1.009382
1.009382
0.947068
1.025044
1.017803
1.135988
1.017803
0.983633
0.983633
1.017803
0.983633
1.033020
1.108400
1.047101
1.359989
1.047101
1.169404
1.183095
1.169404
1.217433
1.074357
1.086527
1.194830
1.086527
1.074357
1.086527
1.185217
1.146440
1.146440
1.146440
1.009531
0.880651
1.009382
1.025044
1.017803
1.017803
1.025044
0.996922
1.033020
0.983633
1.108400
1.033020
1.074151
1.017972
1.074151
1.108400
1.047101
0.973536
1.047101
1.012578
1.131223
1.217433
1.100783
1.217433
1.047101
1.058863
1.146440
1.146440
1.146440
0.862412
0.988813
0.911490
1.009382
0.911490
1.017803
0.917825
0.891335
1.072039
0.917825
0.952051
0.891335
0.983685
0.983685
1.217433
1.217433
1.064745
1.010237
0.983685
1.120177
1.026623
1.185217
0.881025
0.881025
0.862412
0.862412
0.881025
0.881025
0.837524
0.911490
0.860178
0.955945
0.941505
1.108400
0.991357
1.012578
1.012578
1.012578
1.058863
0.983685
1.058863
1.058863
1.058863
1.010237
1.037044
1.026623
1.010237
1.037044
1.066569
0.881025
0.881025
0.880651
0.880651
0.860178
0.860178
0.860178
0.911490
0.955945
0.891335
0.891335
0.941505
0.952051
0.980051
1.035878
0.952051
1.034582
1.034582
1.035878
1.035878
1.037044
1.037044
0.983685
0.754114
0.862412
0.862412
0.819396
0.860178
0.927399
0.927399
0.911490
0.911490
0.891335
0.955945
1.013273
0.998237
0.941505
1.000399
1.035878
1.034582
0.991357
0.980051
1.013273
1.034582
1.000399
1.035878
1.013273
0.862412
0.754114
0.862412
0.819396
0.796803
0.819396
0.741624
0.966030
0.891335
0.891335
0.855426
0.855426
0.855426
0.819396
0.835317
0.848611
0.848611
0.835317
1.000399
0.998237
0.991357
0.754114
0.796803
0.819396
0.819396
0.796803
0.796803
0.848611
0.796803
0.835317
0.835317
1.359989
1.359989
1.359989
1.359989
0.740202
0.740202
0.740202
0.772062
0.711553
0.711553
0.772062
0.772062
