2535 1 3
0.836161
0.836161
0.836161
0.836161
0.836161
0.836047
0.835961
0.836161
0.836161
0.836161
0.836161
0.836161
0.836161
0.836161
0.836161
0.836161
0.836161
0.836161
0.836161
0.836161
0.836161
0.836161
0.836161
0.836047
0.836047
0.836161
0.826944
0.807821
0.826944
0.836161
0.836161
0.836161
0.835961
0.836161
0.836161
0.836161
0.836161
0.836161
0.836161
0.836161
0.836161
0.836161
0.836161
0.836161
0.836161
0.836047
0.826609
0.836047
0.830704
0.832008
0.807821
0.815761
0.832008
0.816636
0.816636
0.816636
0.832899
0.820487
0.836161
0.836161
0.832899
0.833925
0.836161
0.836161
0.836161
0.836161
0.836161
0.836161
0.836161
0.836161
0.836161
0.836161
0.836161
0.836161
0.836161
0.830552
0.832008
0.836161
0.832008
0.818674
0.818674
0.800460
0.816636
0.799546
0.800460
0.798973
0.800460
0.791806
0.804947
0.810047
0.829371
0.829371
0.829371
0.820487
0.836161
0.836161
0.836161
0.836161
0.836161
0.836161
0.836161
0.836161
0.836161
0.836161
0.836161
0.836161
0.836161
0.836047
0.836161
0.815761
0.836161
0.836161
0.832008
0.832008
0.818674
0.799546
0.815761
0.799546
0.798973
0.800460
0.768323
0.770050
0.800460
0.769948
0.810047
0.769948
0.804947
0.791806
0.811247
0.833925
0.833925
0.832773
0.836161
0.833925
0.836161
0.836161
0.836161
0.836161
0.836161
0.836161
0.836161
0.836161
0.836161
0.836161
0.836161
0.836161
0.836161
0.836161
0.836047
0.836047
0.830758
0.815761
0.827614
0.815761
0.817993
0.812638
0.797811
0.770050
0.770050
0.799546
0.768323
0.800460
0.770050
0.768323
0.768323
0.772008
0.756301
0.756301
0.790434
0.783251
0.790434
0.810047
0.790434
0.811247
0.792734
0.791806
0.772008
0.811247
0.823527
0.823527
0.806528
0.820487
0.834851
0.836161
0.832899
0.836161
0.836161
0.836161
0.836161
0.836161
0.836161
0.836161
0.836161
0.836161
0.820556
0.816832
0.830704
0.836161
0.822589
0.801429
0.798973
0.822589
0.806622
0.783607
0.783607
0.779229
0.745510
0.782566
0.745510
0.748213
0.782783
0.745510
0.748036
0.709895
0.748036
0.756301
0.737789
0.772008
0.823527
0.806528
0.806528
0.823527
0.836161
0.836161
0.836161
0.836161
0.836161
0.836161
0.836161
0.836161
0.836161
0.836161
0.836161
0.836161
0.836161
0.836161
0.816832
0.816832
0.836161
0.820556
0.806622
0.806622
0.801429
0.779229
0.749488
0.748213
0.749488
0.745510
0.745510
0.748213
0.748213
0.748213
0.709895
0.720524
0.695908
0.723794
0.720524
0.772008
0.792734
0.793611
0.823527
0.834125
0.820969
0.834851
0.836161
0.836161
0.834125
0.836161
0.836161
0.836161
0.836161
0.836161
0.836161
0.836161
0.830378
0.836161
0.836161
0.820556
0.801429
0.814628
0.779229
0.799094
0.783607
0.779229
0.737551
0.749488
0.745510
0.745510
0.749488
0.748213
0.748213
0.695908
0.709895
0.709895
0.723794
0.695908
0.695908
0.737789
0.737789
0.760947
0.799664
0.793611
0.820969
0.832899
0.820969
0.820969
0.834125
0.836161
0.836161
0.836161
0.836161
0.836161
0.836161
0.836161
0.836161
0.836161
0.835172
0.830378
0.830378
0.814628
0.814628
0.783607
0.777375
0.814628
0.789005
0.783607
0.749488
0.749488
0.745510
0.749488
0.681394
0.689931
0.689931
0.689034
0.705275
0.708280
0.678774
0.669921
0.695908
0.735229
0.731784
0.695908
0.770684
0.799664
0.799664
0.820969
0.820969
0.834125
0.827444
0.836161
0.836161
0.836161
0.836161
0.836161
0.836161
0.836161
0.836161
0.836161
0.836161
0.836161
0.836161
0.836161
0.836161
0.836161
0.836161
0.835172
0.836161
0.836161
0.834902
0.836161
0.831676
0.814628
0.824787
0.803473
0.814823
0.820556
0.777375
0.753898
0.754398
0.754398
0.705275
0.689931
0.708779
0.669921
0.669921
0.687130
0.710478
0.720524
0.693153
0.735229
0.735229
0.735229
0.770684
0.769725
0.827444
0.799664
0.794250
0.836161
0.820769
0.836161
0.836161
0.836161
0.836161
0.836161
0.836161
0.836161
0.836161
0.836161
0.836161
0.836161
0.836161
0.836161
0.836161
0.836161
0.828610
0.828610
0.814823
0.828610
0.814823
0.820556
0.817963
0.803473
0.782323
0.753898
0.753898
0.782323
0.755129
0.705275
0.708280
0.681394
0.708779
0.708779
0.678774
0.678774
0.669921
0.687130
0.731784
0.735229
0.733686
0.769725
0.769725
0.769725
0.820769
0.820769
0.834851
0.817421
0.836161
0.834851
0.836161
0.836161
0.836161
0.836161
0.836161
0.836161
0.836161
0.836161
0.836161
0.836161
0.836161
0.836161
0.833868
0.836161
0.828610
0.836161
0.814823
0.828610
0.836161
0.836161
0.824451
0.797937
0.810267
0.824787
0.754398
0.789005
0.737551
0.754398
0.705275
0.705275
0.703196
0.708280
0.708280
0.708779
0.634121
0.678774
0.687130
0.652102
0.693552
0.687130
0.693153
0.701073
0.735229
0.738852
0.794250
0.836161
0.834851
0.836161
0.836161
0.836161
0.836161
0.836161
0.836161
0.836161
0.836161
0.836161
0.836161
0.836161
0.836161
0.836161
0.836161
0.836161
0.833868
0.819576
0.812013
0.814823
0.814823
0.797937
0.810267
0.783607
0.789005
0.789005
0.775667
0.789005
0.754398
0.708315
0.703196
0.715103
0.634121
0.634121
0.649380
0.649380
0.708280
0.652102
0.669921
0.693153
0.700195
0.738852
0.735229
0.738852
0.738852
0.771284
0.710478
0.794250
0.794250
0.827700
0.827700
0.820769
0.836161
0.836161
0.836161
0.836161
0.836161
0.836161
0.836161
0.836161
0.836161
0.836161
0.836161
0.836161
0.836161
0.836161
0.836161
0.836161
0.836161
0.835285
0.825584
0.824787
0.836161
0.810267
0.810267
0.810267
0.797937
0.789005
0.754398
0.753898
0.695982
0.695982
0.716929
0.716929
0.716929
0.669761
0.649380
0.669570
0.664823
0.664823
0.649380
0.669761
0.642983
0.633808
0.624529
0.680347
0.658642
0.700195
0.700195
0.700195
0.739586
0.739586
0.777025
0.769725
0.833699
0.826423
0.836161
0.836161
0.836161
0.836161
0.836161
0.836161
0.836161
0.836161
0.836161
0.836161
0.836161
0.836161
0.836161
0.836161
0.835285
0.836161
0.824451
0.803473
0.810267
0.810267
0.790008
0.781087
0.790008
0.781087
0.759192
0.790008
0.750043
0.781087
0.716929
0.716929
0.664823
0.669570
0.586576
0.590482
0.590482
0.642983
0.652102
0.642983
0.652102
0.680347
0.700195
0.701073
0.739586
0.739586
0.739586
0.771284
0.771284
0.771284
0.826423
0.815143
0.836161
0.836161
0.836161
0.836161
0.836161
0.836161
0.836161
0.836161
0.836161
0.836161
0.836161
0.836161
0.836161
0.836161
0.836161
0.825584
0.794477
0.824787
0.824787
0.810267
0.810267
0.810267
0.810267
0.750043
0.759192
0.790008
0.759192
0.715103
0.750043
0.665374
0.715103
0.664823
0.669761
0.669761
0.547717
0.590482
0.600049
0.590482
0.590482
0.590482
0.573183
0.590482
0.633615
0.600049
0.642983
0.600049
0.642983
0.652102
0.652102
0.658642
0.680347
0.633615
0.700195
0.680347
0.700195
0.701608
0.700195
0.701073
0.700195
0.738852
0.738852
0.739586
0.744057
0.773884
0.801469
0.828984
0.801469
0.815143
0.834851
0.836161
0.836161
0.836161
0.836161
0.836161
0.836161
0.836161
0.836161
0.836161
0.836161
0.836161
0.836161
0.812013
0.824787
0.812013
0.812013
0.812013
0.794477
0.810267
0.771983
0.790008
0.739639
0.750043
0.716929
0.708315
0.664823
0.664823
0.665374
0.598352
0.669570
0.598352
0.539744
0.600049
0.652002
0.608094
0.573183
0.638658
0.633615
0.638658
0.652002
0.642983
0.692784
0.680347
0.701608
0.680347
0.680347
0.738852
0.745309
0.745309
0.777564
0.796640
0.720573
0.771284
0.801469
0.836161
0.834851
0.836161
0.836161
0.836161
0.836161
0.836161
0.836161
0.836161
0.836161
0.836161
0.836161
0.836161
0.836161
0.836161
0.836161
0.833695
0.831676
0.818067
0.824787
0.824787
0.810267
0.797427
0.810267
0.769435
0.708315
0.669385
0.708315
0.665374
0.614217
0.600108
0.664823
0.586576
0.616230
0.616230
0.559374
0.608094
0.608094
0.652002
0.638658
0.622627
0.652002
0.652002
0.658642
0.699060
0.692784
0.684842
0.699060
0.684842
0.684842
0.740579
0.745309
0.740579
0.761644
0.777564
0.773884
0.773884
0.804865
0.804865
0.804865
0.836161
0.836161
0.836161
0.836161
0.836161
0.836161
0.836161
0.836161
0.836161
0.836161
0.836161
0.836161
0.836161
0.836161
0.818067
0.805349
0.824787
0.824787
0.813302
0.771983
0.797427
0.810267
0.810267
0.790008
0.790008
0.712258
0.739639
0.759192
0.758858
0.717867
0.642668
0.712258
0.739639
0.712258
0.669385
0.679851
0.669385
0.669385
0.678367
0.679851
0.618568
0.608028
0.618568
0.543808
0.559374
0.559374
0.559374
0.608094
0.612224
0.622627
0.577033
0.577610
0.652002
0.652002
0.622627
0.622627
0.638658
0.692784
0.652002
0.638658
0.684842
0.692784
0.692784
0.699060
0.699060
0.684842
0.692784
0.701608
0.699060
0.692784
0.684842
0.699060
0.725912
0.778065
0.745309
0.725912
0.773884
0.788665
0.788665
0.830556
0.824347
0.836161
0.836161
0.836161
0.836161
0.836161
0.836161
0.836161
0.836161
0.836161
0.836161
0.833695
0.836161
0.836161
0.836161
0.836161
0.836161
0.818067
0.836161
0.836161
0.836161
0.836161
0.824787
0.824787
0.810267
0.810267
0.790008
0.759192
0.739639
0.771983
0.790008
0.608028
0.614217
0.616230
0.616230
0.496635
0.489523
0.543808
0.543808
0.543808
0.529381
0.543808
0.577033
0.659326
0.638658
0.684842
0.684842
0.692784
0.699060
0.699060
0.699060
0.740579
0.740579
0.735561
0.725912
0.725912
0.740579
0.740579
0.778065
0.778065
0.777564
0.788994
0.834851
0.834851
0.836161
0.836161
0.836161
0.836161
0.836161
0.836161
0.836161
0.836161
0.836161
0.836161
0.836161
0.836161
0.836161
0.836161
0.836161
0.836161
0.836161
0.836161
0.836161
0.836161
0.824388
0.836161
0.836161
0.836161
0.836161
0.836161
0.818067
0.836161
0.824787
0.824787
0.836161
0.824787
0.824787
0.824787
0.824787
0.824787
0.810267
0.810267
0.810267
0.790008
0.790008
0.759192
0.790008
0.759192
0.759192
0.722492
0.722492
0.705851
0.678367
0.669385
0.669385
0.669385
0.669385
0.607858
0.614217
0.608028
0.608028
0.608028
0.608028
0.616230
0.616230
0.618568
0.616230
0.496635
0.496635
0.559374
0.606856
0.612224
0.659326
0.616038
0.658642
0.684508
0.684842
0.652002
0.692784
0.684508
0.732140
0.734545
0.734545
0.725912
0.703044
0.741372
0.778065
0.740579
0.806218
0.777564
0.803539
0.803539
0.804865
0.804865
0.804865
0.826060
0.804865
0.836161
0.836161
0.836161
0.836161
0.836161
0.836161
0.836161
0.836161
0.836161
0.836161
0.833808
0.836161
0.836161
0.836161
0.836161
0.836161
0.836161
0.836161
0.819582
0.824787
0.818067
0.785224
0.824787
0.810267
0.810267
0.788710
0.810267
0.810267
0.790008
0.790008
0.790008
0.790008
0.790008
0.759192
0.790008
0.771983
0.758601
0.759192
0.790008
0.705851
0.729176
0.720946
0.705851
0.740496
0.720946
0.681327
0.722492
0.614217
0.625197
0.608028
0.614217
0.565275
0.533579
0.577610
0.560844
0.560844
0.608094
0.669417
0.695841
0.669417
0.695841
0.695841
0.725497
0.695841
0.741372
0.741372
0.741372
0.734545
0.734545
0.745357
0.725497
0.761644
0.764366
0.773252
0.778065
0.778065
0.775466
0.777564
0.830498
0.836161
0.836161
0.836161
0.836161
0.836161
0.836161
0.836161
0.836161
0.836161
0.836161
0.836161
0.836161
0.833808
0.833808
0.836161
0.836161
0.807022
0.824787
0.810267
0.790008
0.810267
0.790008
0.785224
0.790008
0.790008
0.758601
0.758601
0.790008
0.790008
0.790008
0.790008
0.729176
0.759192
0.759192
0.705321
0.705321
0.681327
0.672662
0.614904
0.625197
0.569694
0.618568
0.625197
0.625197
0.565275
0.569694
0.569694
0.506660
0.533579
0.533579
0.559374
0.560844
0.559374
0.616038
0.695841
0.695841
0.734545
0.684508
0.725497
0.725497
0.734545
0.725497
0.734545
0.773252
0.745357
0.745357
0.725497
0.773252
0.741372
0.745357
0.761644
0.778065
0.778065
0.806218
0.803539
0.803539
0.830498
0.836161
0.836161
0.836161
0.836161
0.836161
0.836161
0.833808
0.836161
0.836161
0.836161
0.836161
0.836161
0.836161
0.836161
0.836161
0.812395
0.824388
0.824388
0.836161
0.836161
0.836161
0.836161
0.824787
0.836161
0.797398
0.824787
0.810267
0.810267
0.810267
0.758601
0.790008
0.759192
0.790008
0.759192
0.664833
0.664833
0.678367
0.616746
0.616746
0.616746
0.625197
0.616746
0.616746
0.625197
0.559926
0.565275
0.569694
0.496635
0.496635
0.496635
0.560844
0.560844
0.560844
0.598935
0.695841
0.698382
0.734545
0.773252
0.734545
0.743243
0.776715
0.778065
0.764366
0.776715
0.764366
0.773252
0.776715
0.776715
0.750284
0.764366
0.764366
0.776715
0.778065
0.778065
0.776715
0.778065
0.778065
0.830498
0.803539
0.830498
0.836161
0.836161
0.836161
0.836161
0.833699
0.836161
0.836161
0.833202
0.836161
0.836161
0.836161
0.836161
0.836161
0.836161
0.810267
0.790008
0.787530
0.759192
0.758601
0.759192
0.759192
0.759192
0.759192
0.790008
0.660227
0.672662
0.616746
0.616746
0.565275
0.496635
0.496635
0.549979
0.549979
0.555663
0.555663
0.555663
0.609346
0.626172
0.624729
0.669417
0.669417
0.722208
0.725497
0.763128
0.773252
0.764366
0.764366
0.763128
0.764366
0.763128
0.776715
0.763128
0.777495
0.806818
0.806218
0.805464
0.828783
0.836161
0.836161
0.836161
0.833202
0.836161
0.836161
0.836161
0.833808
0.824013
0.824013
0.836161
0.836161
0.836161
0.836161
0.836161
0.836161
0.836161
0.836161
0.836161
0.824787
0.824787
0.836161
0.811421
0.797398
0.824787
0.810267
0.824787
0.810267
0.808576
0.810267
0.808576
0.810267
0.810267
0.787530
0.787530
0.758601
0.756941
0.755525
0.720189
0.757233
0.759192
0.720146
0.705321
0.739781
0.720146
0.705321
0.722492
0.700186
0.664833
0.720946
0.672914
0.681327
0.676030
0.616746
0.618790
0.672914
0.614904
0.614904
0.569694
0.569430
0.569694
0.549979
0.549979
0.534608
0.578196
0.654904
0.624729
0.667434
0.659326
0.734545
0.743243
0.722208
0.725497
0.743243
0.743243
0.763128
0.763128
0.763128
0.763128
0.763128
0.763128
0.763128
0.777526
0.777526
0.777495
0.777526
0.777495
0.805464
0.788994
0.805464
0.828783
0.836161
0.836161
0.836161
0.836161
0.836161
0.836161
0.836161
0.836161
0.836161
0.824787
0.836161
0.836161
0.836161
0.836161
0.824787
0.795955
0.772998
0.754378
0.787530
0.754378
0.754378
0.755525
0.728359
0.728359
0.720189
0.720146
0.676030
0.672914
0.676030
0.676030
0.616746
0.625197
0.631590
0.625743
0.555663
0.549979
0.534608
0.598935
0.549979
0.555663
0.598935
0.647673
0.647673
0.691288
0.777526
0.763128
0.777495
0.776212
0.776212
0.763128
0.806818
0.805464
0.828783
0.828783
0.830995
0.828783
0.828783
0.836161
0.835009
0.836161
0.836161
0.836161
0.836161
0.836161
0.836161
0.836161
0.811421
0.795955
0.836161
0.824787
0.823654
0.824787
0.795955
0.808576
0.772998
0.808576
0.790008
0.790008
0.755525
0.755525
0.728359
0.728359
0.720189
0.700186
0.660227
0.666549
0.666549
0.625743
0.614904
0.618790
0.625743
0.559926
0.559926
0.569430
0.549979
0.549979
0.549979
0.578196
0.598935
0.647673
0.733689
0.733689
0.691288
0.743243
0.743243
0.777526
0.777526
0.790379
0.799175
0.777526
0.777526
0.806064
0.799175
0.806818
0.806818
0.806818
0.823509
0.805464
0.825892
0.802595
0.805464
0.830995
0.830498
0.830995
0.836161
0.836161
0.836161
0.833202
0.824013
0.833808
0.836161
0.836161
0.836161
0.836161
0.808576
0.808576
0.764292
0.790008
0.735415
0.738317
0.738317
0.790008
0.755525
0.728359
0.728359
0.691580
0.676030
0.676030
0.621169
0.625743
0.625743
0.559926
0.559926
0.549979
0.545190
0.578196
0.588050
0.598935
0.620098
0.620098
0.691288
0.686272
0.746308
0.747592
0.777526
0.777495
0.806818
0.804521
0.806064
0.804521
0.830498
0.830995
0.836161
0.836161
0.836161
0.836161
0.836161
0.836161
0.833808
0.826002
0.813817
0.836161
0.836161
0.836161
0.811421
0.836161
0.824787
0.836161
0.824787
0.798791
0.824787
0.819674
0.810267
0.809478
0.795955
0.809478
0.790008
0.785890
0.720146
0.691580
0.716266
0.676030
0.626846
0.626846
0.676030
0.627035
0.631590
0.631590
0.631590
0.632442
0.588050
0.574458
0.588050
0.588050
0.588050
0.645062
0.588050
0.599445
0.647673
0.725782
0.787725
0.775204
0.775204
0.836161
0.836161
0.836161
0.826219
0.836161
0.836161
0.836161
0.836161
0.836161
0.813817
0.813817
0.836161
0.836161
0.836161
0.836161
0.798791
0.813817
0.771914
0.798791
0.795955
0.790906
0.819674
0.735415
0.735415
0.790008
0.699242
0.749199
0.785890
0.699242
0.715312
0.755525
0.681381
0.681381
0.712939
0.700186
0.655391
0.669112
0.627035
0.627035
0.623245
0.627035
0.623245
0.588050
0.637396
0.620098
0.663555
0.645062
0.667434
0.725782
0.725782
0.775204
0.806818
0.806064
0.830498
0.835009
0.835009
0.835009
0.836161
0.835009
0.829509
0.836161
0.836161
0.834684
0.826002
0.834684
0.836161
0.836161
0.836161
0.836161
0.834369
0.798791
0.836161
0.836161
0.806421
0.806421
0.806421
0.764292
0.785890
0.785890
0.785890
0.749199
0.749199
0.749199
0.681381
0.669153
0.666549
0.669112
0.617364
0.623245
0.621169
0.627035
0.637396
0.637396
0.637396
0.637396
0.686272
0.767175
0.806818
0.806064
0.804521
0.804521
0.823509
0.836161
0.823509
0.818199
0.836161
0.835009
0.835009
0.833202
0.835009
0.835009
0.836161
0.836161
0.836161
0.836161
0.836161
0.836161
0.834369
0.834369
0.831350
0.834369
0.791040
0.819674
0.819674
0.817239
0.771914
0.790906
0.764292
0.764292
0.764292
0.809478
0.809478
0.723053
0.716266
0.715312
0.715312
0.716266
0.671313
0.696680
0.669153
0.687574
0.655391
0.655391
0.655391
0.669153
0.627035
0.669153
0.666549
0.662727
0.669153
0.617364
0.654133
0.623245
0.627035
0.637396
0.637396
0.668582
0.679593
0.668582
0.663555
0.697597
0.663555
0.721730
0.725782
0.686272
0.767175
0.767175
0.761066
0.803425
0.803425
0.806818
0.802595
0.823509
0.836161
0.836161
0.836161
0.836161
0.836161
0.819674
0.819674
0.764293
0.756003
0.785890
0.806017
0.756003
0.699242
0.749199
0.742062
0.681381
0.662135
0.657666
0.654133
0.616791
0.668582
0.711241
0.668582
0.697597
0.711241
0.711241
0.711241
0.754437
0.746308
0.737827
0.761066
0.761066
0.803425
0.803425
0.802595
0.803425
0.800651
0.830003
0.830498
0.830498
0.822192
0.823509
0.822192
0.836161
0.836161
0.833202
0.833202
0.833202
0.833202
0.835664
0.836161
0.836161
0.836161
0.833262
0.822644
0.822644
0.833262
0.826002
0.836161
0.836161
0.836161
0.822644
0.811176
0.836161
0.836161
0.835847
0.791040
0.831350
0.784143
0.784143
0.817239
0.817239
0.756003
0.756003
0.779416
0.779416
0.742062
0.716266
0.704641
0.657666
0.704641
0.687574
0.654133
0.657666
0.654133
0.657666
0.754437
0.754437
0.754437
0.754437
0.798493
0.798493
0.792778
0.792778
0.803425
0.827850
0.830003
0.830995
0.827850
0.827850
0.827850
0.814951
0.820105
0.836161
0.836161
0.836161
0.836161
0.836161
0.835847
0.836161
0.791040
0.811176
0.798393
0.831350
0.784143
0.801176
0.806017
0.779416
0.742231
0.706290
0.740737
0.704641
0.706290
0.722570
0.696580
0.696580
0.704641
0.687574
0.657666
0.654133
0.657666
0.798493
0.792778
0.803425
0.792778
0.826184
0.830498
0.827487
0.830498
0.830003
0.825298
0.820105
0.830003
0.830498
0.830498
0.814951
0.827661
0.827661
0.836161
0.833262
0.811176
0.836161
0.836161
0.836161
0.836161
0.808274
0.784143
0.817239
0.790064
0.801176
0.801176
0.772013
0.772013
0.772013
0.772013
0.709261
0.722570
0.696580
0.687574
0.781933
0.792778
0.819138
0.789263
0.824891
0.803425
0.830995
0.827484
0.827484
0.820105
0.820105
0.826184
0.827487
0.818199
0.833820
0.836161
0.836161
0.836161
0.836161
0.836161
0.836161
0.836161
0.836161
0.836161
0.836161
0.836161
0.836161
0.836161
0.836161
0.836161
0.836161
0.836161
0.835987
0.836161
0.836161
0.835987
0.836161
0.835987
0.836161
0.836161
0.836161
0.818766
0.833530
0.836161
0.802901
0.836161
0.801176
0.817239
0.801176
0.768284
0.757588
0.768284
0.759904
0.729576
0.742165
0.792461
0.709261
0.742231
0.731591
0.731591
0.740737
0.740737
0.720206
0.704641
0.704641
0.820105
0.819138
0.808168
0.819138
0.824891
0.827484
0.827484
0.827484
0.827484
0.827484
0.819138
0.836161
0.824891
0.836161
0.834512
0.836161
0.836161
0.836161
0.836161
0.836161
0.836161
0.836161
0.836161
0.836161
0.836161
0.836161
0.836161
0.836161
0.836161
0.836161
0.836161
0.836161
0.836161
0.836161
0.836161
0.836161
0.836161
0.830217
0.836161
0.836161
0.836161
0.836161
0.836161
0.836161
0.836161
0.836161
0.836161
0.836161
0.815396
0.798393
0.815396
0.815396
0.835847
0.833530
0.810445
0.831350
0.833530
0.790064
0.790064
0.790064
0.757588
0.800470
0.769167
0.769167
0.769167
0.757588
0.742165
0.757588
0.751336
0.720206
0.709261
0.683133
0.720206
0.720206
0.815295
0.815818
0.814951
0.836161
0.819138
0.819138
0.836161
0.836161
0.836161
0.836161
0.836161
0.836161
0.836161
0.836161
0.836161
0.836161
0.836161
0.836161
0.835664
0.836161
0.836161
0.836161
0.836161
0.836161
0.836161
0.836161
0.836161
0.836161
0.836161
0.836161
0.835987
0.835987
0.835987
0.836161
0.836161
0.836161
0.836161
0.836161
0.836161
0.836161
0.836161
0.836161
0.836161
0.836161
0.830217
0.836161
0.815396
0.815396
0.836161
0.835673
0.798393
0.798393
0.829084
0.816842
0.816842
0.823279
0.835471
0.835471
0.835298
0.800470
0.812992
0.790064
0.785507
0.792461
0.751336
0.785507
0.720206
0.751336
0.720206
0.720206
0.720206
0.720206
0.815295
0.814381
0.827484
0.836161
0.836161
0.836161
0.836161
0.836161
0.827661
0.836161
0.836161
0.836161
0.836161
0.836161
0.836161
0.836161
0.836161
0.836161
0.836161
0.836161
0.836161
0.836161
0.836161
0.836161
0.836161
0.836161
0.836161
0.836161
0.836161
0.835987
0.836161
0.836161
0.836161
0.836161
0.831994
0.830217
0.815396
0.836161
0.836161
0.802244
0.835298
0.835298
0.833530
0.823279
0.823279
0.833530
0.812992
0.812992
0.812992
0.795948
0.836161
0.827661
0.836161
0.835664
0.836161
0.836161
0.836161
0.836161
0.836161
0.836161
0.836161
0.836161
0.836161
0.836161
0.836161
0.836161
0.836161
0.836161
0.836161
0.836161
0.836161
0.836161
0.836161
0.815396
0.831994
0.835673
0.812992
0.814381
0.811406
0.811406
0.814951
0.814951
0.798629
0.826653
0.836161
0.826653
0.826653
0.834512
0.817247
0.835664
0.835664
0.836161
0.835664
0.835664
0.836161
0.834138
0.836161
0.836161
0.836161
0.823806
0.819449
0.831994
0.830217
0.807517
0.823806
0.831994
0.826661
0.819449
0.802244
0.798629
0.798629
0.811406
0.836161
0.834183
0.834183
0.834183
0.836161
0.836161
0.836161
0.836161
0.836161
0.836161
0.836161
0.836161
0.836161
0.836161
0.836161
0.836161
0.831994
0.831994
0.826661
0.819449
0.826661
0.819449
0.826661
0.819449
0.791207
0.795948
0.815818
0.782202
0.811406
0.826653
0.826653
0.810445
0.826653
0.836161
0.836161
0.836161
0.836161
0.836161
0.836161
0.836161
0.836161
0.836161
0.836161
0.836161
0.836161
0.836161
0.836161
0.836161
0.836161
0.836161
0.831994
0.826661
0.831994
0.831994
0.826661
0.831994
0.795948
0.815295
0.782202
0.811406
0.832039
0.829541
0.836161
0.836161
0.836161
0.836161
0.836161
0.826265
0.836161
0.835673
0.836161
0.826265
0.826265
0.826661
0.791207
0.791207
0.782202
0.829541
0.820875
0.820875
0.810445
0.836161
0.836161
0.836161
0.829541
0.836161
0.834339
0.836161
0.836161
0.836161
0.836161
0.836161
0.836161
0.836161
0.836161
0.836161
0.836161
0.836161
0.836161
0.835441
0.836161
0.831994
0.831994
0.795948
0.795948
0.791207
0.815818
0.795948
0.795948
0.795948
0.782202
0.820875
0.829541
0.829541
0.820875
0.820875
0.820875
0.836161
0.834339
0.836161
0.834339
0.836161
0.836161
0.836161
0.836161
0.836161
0.836161
0.836161
0.836161
0.795948
0.795948
0.791207
0.795948
0.795948
0.829541
0.836161
0.829541
0.833406
0.836161
0.836161
0.836161
0.836161
0.836161
0.836161
0.836161
0.836161
0.836161
0.836161
0.836161
0.836161
0.767903
0.795948
0.805233
0.767903
0.767755
0.829541
0.807203
0.807203
0.807203
0.800639
0.800639
0.833406
0.828401
0.836161
0.831681
0.836161
0.833406
0.800639
0.800639
0.800639
0.833406
0.805233
0.805233
0.831681
0.800639
0.833406
0.836161
0.836161
0.836161
0.836161
0.836161
0.836161
0.836161
0.836161
0.836161
0.836161
0.836161
0.836161
0.836161
0.836161
0.836161
0.836161
0.836161
